2.51479e+06
1.8506e+06
1.8506e+06
1.80533e+06
1.71045e+06
706406
706406
706406
269915
269915
269915
269915
269915
253590
60113
60113
25967.4
25967.4
25967.4
25967.4
25967.4
25967.4
16939.1
8457.64
8457.64
8457.64
8457.64
2833.67
2089.21
2089.21
2089.21
2089.21
2089.21
2089.21
1866.41
1866.41
1866.41
1638.25
896.754
803.603
803.603
393.776
393.776
393.776
346.764
176.743
176.743
176.743
176.743
84.3336
84.3336
84.3336
84.3336
84.3336
84.3336
84.3336
77.7478
77.7478
75.2842
61.1803
48.3907
48.3907
42.3615
28.6333
28.6333
28.6333
28.6333
28.6333
28.6333
28.6333
28.6333
28.3851
28.1657
20.6554
20.6554
20.6554
20.6554
19.9041
16.9557
16.9557
16.9557
15.0123
15.0123
15.0123
15.0123
13.2961
13.2961
13.2961
13.2961
12.5453
11.8087
11.6152
11.5898
11.234
11.234
10.8313
10.8313
10.8313
10.8063
10.7451
10.7451
10.7182
10.6971
10.3737
10.3737
10.3737
10.3737
10.3488
10.3006
10.1668
10.1668
10.1668
10.0935
10.0182
9.97311
9.94358
9.88305
9.86744
9.83444
9.81435
9.7736
9.74756
9.71324
9.69443
9.66617
9.62471
9.60499
9.56916
9.54341
9.52758
9.49924
9.48944
9.45793
9.43826
9.41973
9.39393
9.37438
9.3486
9.32741
9.30249
9.28306
9.2613
9.23799
9.21817
9.1827
9.16969
9.14295
9.11468
9.08746
9.05151
9.03103
9.00681
8.97526
8.94654
8.91466
8.88995
8.85718
8.83102
8.80434
8.77818
8.75223
8.72638
8.69894
8.6713
8.65319
8.62211
8.59582
8.57268
8.54648
8.518
8.49523
8.46441
8.44195
8.41546
8.38907
8.36881
8.34631
8.32304
8.30157
8.2833
8.26384
8.24463
8.22562
8.20232
8.18132
8.15902
8.13314
8.11485
8.0924
8.07328
8.0516
8.02993
8.00697
7.98221
7.96175
7.94024
7.91568
7.8969
7.87229
7.84795
7.83164
7.80412
7.78695
7.76712
7.74942
7.72744
7.70986
7.6934
7.67623
7.64755
7.63559
7.61559
7.5927
7.56712
7.54178
7.51985
7.49798
7.4775
7.45583
7.43391
7.41314
7.39069
7.37611
7.35856
7.33675
7.31657
7.29848
7.27755
7.25177
7.23503
7.20093
7.18688
7.16582
7.14534
7.11927
7.10035
7.08016
7.06022
7.03519
7.01268
6.99192
6.97046
6.94556
6.92172
6.89984
6.87527
6.85228
6.82582
6.80573
6.78114
6.75559
6.73613
6.70483
6.67903
6.65403
6.62423
6.59786
6.56788
6.54317
6.51482
6.49385
6.46758
6.44471
6.42598
6.40627
6.38376
6.35864
6.33731
6.32172
6.30033
6.27962
6.25667
6.23309
6.21345
6.19088
6.16674
6.14818
6.12804
6.11458
6.09769
6.08268
6.06605
6.0464
6.03702
6.02004
6.0103
5.99537
5.98076
5.96861
5.95323
5.94007
5.92456
5.90847
5.89473
5.87786
5.86294
5.8468
5.8339
5.81664
5.80351
5.78814
5.77668
5.75877
5.74142
5.72327
5.71213
5.69562
5.6765
5.65977
5.64377
5.62822
5.60994
5.59679
5.57743
5.5639
5.54344
5.52553
5.50519
5.48462
5.4623
5.44426
5.42357
5.40192
5.38489
5.36546
5.34833
5.33321
5.31295
5.29787
5.27846
5.25982
5.24009
5.21398
5.19857
5.17566
5.15429
5.12933
5.10169
5.08735
5.06527
5.04227
5.01757
4.99339
4.97636
4.95853
4.93909
4.91693
4.89861
4.8716
4.8552
4.83511
4.81893
4.79621
4.77654
4.75231
4.73284
4.70866
4.69206
4.6658
4.64732
4.62276
4.59975
4.58067
4.5575
4.53351
4.49983
4.4843
4.45014
4.42976
4.40276
4.37544
4.33905
4.31877
4.2883
4.26219
4.23844
4.20808
4.17649
4.15717
4.13055
4.10481
4.07525
4.0438
4.01594
3.98216
3.94593
3.91749
3.89344
3.86131
3.83505
3.80788
3.77685
3.74568
3.72089
3.69114
3.66283
3.63249
3.60225
3.57711
3.5525
3.52532
3.49884
3.46564
3.44064
3.41385
3.3913
3.3639
3.33572
3.31133
3.27911
3.24691
3.22186
3.19005
3.16635
3.13344
3.10879
3.07958
3.05569
3.02346
2.99621
2.97007
2.94552
2.91689
2.8961
2.86704
2.84467
2.81627
2.79264
2.76282
2.74427
2.71914
2.69758
2.66764
2.64255
2.61728
2.59056
2.56976
2.53657
2.51667
2.48369
2.44986
2.42673
2.40382
2.37751
2.34929
2.32619
2.29734
2.27043
2.24788
2.21847
2.19197
2.16822
2.14727
2.11884
2.08924
2.06782
2.04133
2.01418
1.98431
1.96318
1.92972
1.9094
1.89015
1.8561
1.84212
1.81898
1.79731
1.77675
1.74796
1.72668
1.6973
1.67312
1.64851
1.61829
1.59005
1.56384
1.53732
1.51057
1.4783
1.46495
1.43832
1.4133
1.38834
1.36822
1.34397
1.31831
1.29961
1.27589
1.25756
1.23786
1.21377
1.19215
1.17002
1.15118
1.13171
1.11222
1.09328
1.07317
1.05492
1.04152
1.01887
1.01433
0.997761
0.983466
0.967521
0.95581
0.941508
0.930598
0.917683
0.902055
0.889614
0.879034
0.86722
0.856599
0.847491
0.831729
0.822298
0.808664
0.801111
0.791013
0.779776
0.769828
0.761582
0.753184
0.744375
0.736514
0.725601
0.716023
0.710097
0.701516
0.692805
0.681504
0.674347
0.665331
0.65745
0.649652
0.643135
0.633573
0.627103
0.618165
0.611239
0.601508
0.593757
0.586477
0.579468
0.572307
0.566215
0.558707
0.552931
0.545533
0.540317
0.534664
0.528874
0.523022
0.515736
0.51022
0.503944
0.496231
0.490849
0.482156
0.476392
0.468761
0.462463
0.456673
0.449669
0.443217
0.437365
0.431044
0.426146
0.420449
0.415319
0.410246
0.404867
0.400354
0.395742
0.392256
0.387204
0.38312
0.37909
0.375782
0.371366
0.367145
0.362869
0.359743
0.354988
0.351409
0.348103
0.344967
0.341009
0.338152
0.334032
0.330312
0.326977
0.322321
0.319176
0.31535
0.312067
0.308928
0.305537
0.302077
0.299824
0.297513
0.295522
0.293297
0.29098
0.288968
0.286562
0.284522
0.282711
0.281011
0.279366
0.276997
0.275106
0.27283
0.271069
0.269061
0.266896
0.264611
0.262935
0.260111
0.258146
0.256323
0.254064
0.252062
0.249958
0.248215
0.246138
0.243956
0.241792
0.239885
0.237842
0.236347
0.23449
0.232645
0.231042
0.229378
0.227798
0.225801
0.224171
0.222837
0.221387
0.219686
0.217904
0.216944
0.215746
0.21378
0.211839
0.20998
0.208265
0.206426
0.204822
0.202486
0.200727
0.199066
0.197346
0.19561
0.193716
0.19187
0.190187
0.188651
0.186605
0.185192
0.182541
0.181778
0.179653
0.177979
0.175796
0.173822
0.171621
0.169749
0.167632
0.165671
0.163486
0.160351
0.158268
0.156216
0.154133
0.151863
0.149882
0.147599
0.145587
0.143518
0.141149
0.139645
0.13832
0.137078
0.134989
0.133721
0.132306
0.131196
0.129853
0.128638
0.127487
0.126452
0.125354
0.124339
0.123319
0.121925
0.121238
0.120324
0.11942
0.11814
0.116915
0.11622
0.115057
0.114185
0.113279
0.112433
0.111452
0.110534
0.109639
0.108603
0.107447
0.106932
0.106062
0.105015
0.104227
0.103102
0.102449
0.101402
0.100601
0.10002
0.0992791
0.0985453
0.0977801
0.0971515
0.0964876
0.0958354
0.0947503
0.0944767
0.0937736
0.0933941
0.0927337
0.092225
0.0916269
0.0910356
0.0904522
0.0898744
0.0891496
0.0884976
0.0877929
0.0870145
0.0862003
0.0856353
0.0849226
0.0841861
0.0836668
0.0828427
0.0822728
0.0815939
0.0809025
0.0800064
0.0792411
0.0785787
0.0777613
0.0769926
0.0761823
0.0755611
0.0749517
0.0741175
0.0735183
0.0728969
0.0716308
0.0712393
0.0704882
0.0699724
0.0693245
0.068582
0.0678277
0.0672387
0.066402
0.0658184
0.065107
0.0642396
0.0636192
0.0629657
0.0622304
0.0614408
0.0607152
0.0601242
0.0593086
0.0587116
0.0580045
0.0573915
0.0567504
0.0559353
0.0552474
0.0547242
0.0538999
0.0534951
0.0529868
0.0524697
0.0518099
0.0513155
0.050901
0.0504266
0.0499555
0.0494978
0.0490447
0.0484739
0.0481341
0.0475316
0.0471679
0.0467401
0.0463917
0.0458793
0.0454787
0.0451118
0.0446003
0.0442225
0.0436619
0.0433371
0.0430523
0.0426722
0.0423292
0.0420263
0.0416601
0.0414691
0.0411933
0.0409255
0.0407012
0.0404398
0.0402847
0.0400741
0.039841
0.0396676
0.0394489
0.0391769
0.0389937
0.0386998
0.0383067
0.0381402
0.0379208
0.0376551
0.0374174
0.0371778
0.0369046
0.0367053
0.0364669
0.0362537
0.0360687
0.0358711
0.0356717
0.0353766
0.035254
0.035011
0.0348644
0.0346621
0.0344857
0.0341935
0.0340428
0.0337426
0.0335738
0.0333603
0.0331015
0.0328425
0.0325172
0.0323836
0.0321148
0.0318771
0.0316519
0.0314332
0.031207
0.031037
0.0307818
0.0306108
0.0304283
0.0302296
0.0300502
0.029832
0.0296555
0.0294606
0.0293066
0.0291031
0.0289391
0.0287541
0.0287541
0.0287541
0.0287541
0.0287541
0.0287541
0.0287541
0.0287541
0.0287541
0.0287541
0.0287541
0.0287541
0.0287541
0.0287541
0.0287541
0.0287541
0.0287541
0.0287541
0.0287541
0.0287541
0.0287541
0.0287541
0.0287541
0.0287541
0.0287541
0.0287541
0.0287541
0.0287541
0.0287541
0.0287541
0.0287541
0.0287541
0.0287541
0.0287541
0.0287541
0.0287541
0.0287541
0.0287541
0.0287541
0.0287541
0.0287541
0.0287541
0.0287541
0.0287541
0.0287541
0.0287541
0.0287541
0.0287541
0.0287541
0.0287541
0.0287541
0.0287541
0.0287541
0.0287541
0.0287541
0.0287541
0.0287541
0.0287541
0.0287541
0.0287541
0.0287541
0.0287541
0.0287541
0.0287541
0.0287541
0.0287541
0.0287541
0.0287541
0.0287541
0.0287541
0.0287541
0.0287541
0.0287541
0.0287541
0.0287541
0.0287541
0.0287541
0.0287541
0.0287541
0.0287541
0.0287541
0.0287541
0.0287541
0.0287541
0.0287541
0.0287541
0.0287541
0.0287541
0.0287541
0.0287541
0.0287541
0.0287541
0.0287541
0.0287541
0.0287541
0.0287541
0.0287541
0.0287541
0.0287541
0.0287541
0.0287541
0.0287541
0.0287541
0.0287541
0.0287541
0.0287541
0.0287541
0.0287541
0.0287541
0.0287541
0.0287541
0.0287541
0.0287541
0.0287541
0.0287541
0.0287541
0.0287541
0.0287541
0.0287541
0.0287541
0.0287541
0.0287541
0.0287541
0.0287541
0.0287541
0.0287541
0.0287541
0.0287541
0.0287541
0.0287541
0.0287541
0.0287541
0.0287541
0.0287541
0.0287541
0.0287541
0.0287541
0.0287541
0.0287541
0.0287541
0.0287541
0.0287541
0.0287541
0.0287541
0.0287541
0.0287541
0.0287541
0.0287541
0.0287541
0.0287541
0.0287541
0.0287541
0.0287541
0.0287541
0.0287541
0.0287541
0.0287541
0.0287541
0.0287541
0.0287541
0.0287541
0.0287541
0.0287541
0.0287541
0.0287541
0.0287541
0.0287541
0.0287541
0.0287541
0.0287541
0.0287541
0.0287541
0.0287541
0.0287541
0.0287541
0.0287541
0.0287541
0.0287541
0.0287541
0.0287541
0.0287541
0.0287541
0.0287541
0.0287541
0.0287541
0.0287541
0.0287541
0.0287541
0.0287541
0.0287541
0.0287541
0.0287541
0.0287541
0.0287541
0.0287541
0.0287541
0.0287541
0.0287541
0.0287541
0.0287541
0.0287541
0.0287541
0.0287541
0.0287541
0.0287541
0.0287541
0.0287541
0.0287541
0.0287541
0.0287541
0.0287541
0.0287541
0.0287541
0.0287541
0.0287541
0.0287541
0.0287541
0.0287541
0.0287541
0.0287541
0.0287541
0.0287541
0.0287541
0.0287541
0.0287541
0.0287541
0.0287541
0.0287541
0.0287541
0.0287541
0.0287541
0.0287541
0.0287541
0.0287541
0.0287541
0.0287541
0.0287541
0.0287541
0.0287541
0.0287541
0.0287541
0.0287541
0.0287541
0.0287541
0.0287541
0.0287541
0.0287541
0.0287541
0.0287541
0.0287541
0.0287541
0.0287541
0.0287541
0.0287541
0.0287541
0.0287541
0.0287541
0.0287541
0.0287541
0.0287541
0.0287541
0.0287541
0.0287541
0.0287541
0.0287541
0.0287541
0.0287541
0.0287541
0.0287541
0.0287541
0.0287541
0.0287541
0.0287541
0.0287541
0.0287541
0.0287541
0.0287541
0.0287541
0.0287541
0.0287541
0.0287541
0.0287541
0.0287541
0.0287541
0.0287541
0.0287541
0.0287541
0.0287541
0.0287541
0.0287541
0.0287541
0.0287541
0.0287541
0.0287541
0.0287541
0.0287541
0.0287541
0.0287541
0.0287541
0.0287541
0.0287541
0.0287541
0.0287541
0.0287541
0.0287541
0.0287541
0.0287541
0.0287541
0.0287541
0.0287541
0.0287541
0.0287541
0.0287541
0.0287541
0.0287541
0.0287541
0.0287541
0.0287541
0.0287541
0.0287541
0.0287541
0.0287541
0.0287541
0.0287541
0.0287541
0.0287541
0.0287541
0.0287541
0.0287541
0.0287541
0.0287541
0.0287541
0.0287541
0.0287541
0.0287541
0.0287541
0.0287541
0.0287541
0.0287541
0.0287541
0.0287541
0.0287541
0.0287541
0.0287541
0.0287541
0.0287541
0.0287541
0.0287541
0.0287541
0.0287541
0.0287541
0.0287541
0.0287541
0.0287541
0.0287541
0.0287541
0.0287541
0.0287541
0.0287541
0.0287541
0.0287541
0.0287541
0.0287541
0.0287541
0.0287541
0.0287541
0.0287541
0.0287541
0.0287541
0.0287541
0.0287541
0.0287541
0.0287541
0.0287541
0.0287541
0.0287541
0.0287541
0.0287541
0.0287541
0.0287541
0.0287541
0.0287541
0.0287541
0.0287541
0.0287541
0.0287541
0.0287541
0.0287541
0.0287541
0.0287541
0.0287541
0.0287541
0.0287541
0.0287541
0.0287541
0.0287541
0.0287541
0.0287541
0.0287541
0.0287541
0.0287541
0.0287541
0.0287541
0.0287541
0.0287541
0.0287541
0.0287541
0.0287541
0.0287541
0.0287541
0.0287541
0.0287541
0.0287541
0.0287541
0.0287541
0.0287541
0.0287541
0.0287541
0.0287541
0.0287541
0.0287541
0.0287541
0.0287541
0.0287541
0.0287541
0.0287541
0.0287541
0.0287541
0.0287541
0.0287541
0.0287541
0.0287541
0.0287541
0.0287541
0.0287541
0.0287541
0.0287541
0.0287541
0.0287541
0.0287541
0.0287541
0.0287541
0.0287541
0.0287541
0.0287541
0.0287541
0.0287541
0.0287541
0.0287541
0.0287541
0.0287541
0.0287541
0.0287541
0.0287541
0.0287541
0.0287541
0.0287541
0.0287541
0.0287541
0.0287541
0.0287541
0.0287541
0.0287541
0.0287541
0.0287541
0.0287541
0.0287541
0.0287541
0.0287541
0.0287541
0.0287541
0.0287541
0.0287541
0.0287541
0.0287541
0.0287541
0.0287541
0.0287541
0.0287541
0.0287541
0.0287541
0.0287541
0.0287541
0.0287541
0.0287541
0.0287541
0.0287541
0.0287541
0.0287541
0.0287541
0.0287541
0.0287541
0.0287541
0.0287541
0.0287541
0.0287541
0.0287541
0.0287541
0.0287541
0.0287541
0.0287541
0.0287541
0.0287541
0.0287541
0.0287541
0.0287541
0.0287541
0.0287541
0.0287541
0.0287541
0.0287541
0.0287541
0.0287541
0.0287541
0.0287541
0.0287541
0.0287541
0.0287541
0.0287541
0.0287541
0.0287541
0.0287541
0.0287541
0.0287541
0.0287541
0.0287541
0.0287541
0.0287541
0.0287541
0.0287541
0.0287541
0.0287541
0.0287541
0.0287541
0.0287541
0.0287541
0.0287541
0.0287541
0.0287541
0.0287541
0.0287541
0.0287541
0.0287541
0.0287541
0.0287541
0.0287541
0.0287541
0.0287541
0.0287541
0.0287541
0.0287541
0.0287541
0.0287541
0.0287541
0.0287541
0.0287541
0.0287541
0.0287541
0.0287541
0.0287541
0.0287541
0.0287541
0.0287541
0.0287541
0.0287541
0.0287541
0.0287541
0.0287541
0.0287541
0.0287541
0.0287541
0.0287541
0.0287541
0.0287541
0.0287541
0.0287541
0.0287541
0.0287541
0.0287541
0.0287541
0.0287541
0.0287541
0.0287541
0.0287541
0.0287541
0.0287541
0.0287541
0.0287541
0.0287541
0.0287541
0.0287541
0.0287541
0.0287541
0.0287541
0.0287541
0.0287541
0.0287541
0.0287541
0.0287541
0.0287541
0.0287541
0.0287541
0.0287541
0.0287541
0.0287541
0.0287541
0.0287541
0.0287541
0.0287541
0.0287541
0.0287541
0.0287541
0.0287541
0.0287541
0.0287541
0.0287541
0.0287541
0.0287541
0.0287541
0.0287541
0.0287541
0.0287541
0.0287541
0.0287541
0.0287541
0.0287541
0.0287541
0.0287541
0.0287541
0.0287541
0.0287541
0.0287541
0.0287541
0.0287541
0.0287541
0.0287541
0.0287541
0.0287541
0.0287541
0.0287541
0.0287541
0.0287541
0.0287541
0.0287541
0.0287541
0.0287541
0.0287541
0.0287541
0.0287541
0.0287541
0.0287541
0.0287541
0.0287541
0.0287541
0.0287541
0.0287541
0.0287541
0.0287541
0.0287541
0.0287541
0.0287541
0.0287541
0.0287541
0.0287541
0.0287541
0.0287541
0.0287541
0.0287541
0.0287541
0.0287541
0.0287541
0.0287541
0.0287541
0.0287541
0.0287541
0.0287541
0.0287541
0.0287541
0.0287541
0.0287541
0.0287541
0.0287541
0.0287541
0.0287541
0.0287541
0.0287541
0.0287541
0.0287541
0.0287541
0.0287541
0.0287541
0.0287541
0.0287541
0.0287541
0.0287541
0.0287541
0.0287541
0.0287541
0.0287541
0.0287541
0.0287541
0.0287541
0.0287541
0.0287541
0.0287541
0.0287541
0.0287541
0.0287541
0.0287541
0.0287541
0.0287541
0.0287541
0.0287541
0.0287541
0.0287541
0.0287541
0.0287541
0.0287541
0.0287541
0.0287541
0.0287541
0.0287541
0.0287541
0.0287541
0.0287541
0.0287541
0.0287541
0.0287541
0.0287541
0.0287541
0.0287541
0.0287541
0.0287541
0.0287541
0.0287541
0.0287541
0.0287541
0.0287541
0.0287541
0.0287541
0.0287541
0.0287541
0.0287541
0.0287541
0.0287541
0.0287541
0.0287541
0.0287541
0.0287541
0.0287541
0.0287541
0.0287541
0.0287541
0.0287541
0.0287541
0.0287541
0.0287541
0.0287541
0.0287541
0.0287541
0.0287541
0.0287541
0.0287541
0.0287541
0.0287541
0.0287541
0.0287541
0.0287541
0.0287541
0.0287541
0.0287541
0.0287541
0.0287541
0.0287541
0.0287541
0.0287541
0.0287541
0.0287541
0.0287541
0.0287541
0.0287541
0.0287541
0.0287541
0.0287541
0.0287541
0.0287541
0.0287541
0.0287541
0.0287541
0.0287541
0.0287541
0.0287541
0.0287541
0.0287541
0.0287541
0.0287541
0.0287541
0.0287541
0.0287541
0.0287541
0.0287541
0.0287541
0.0287541
0.0287541
0.0287541
0.0287541
0.0287541
0.0287541
0.0287541
0.0287541
0.0287541
0.0287541
0.0287541
0.0287541
0.0287541
0.0287541
0.0287541
0.0287541
0.0287541
0.0287541
0.0287541
0.0287541
0.0287541
0.0287541
0.0287541
0.0287541
0.0287541
0.0287541
0.0287541
0.0287541
0.0287541
0.0287541
0.0287541
0.0287541
0.0287541
0.0287541
0.0287541
0.0287541
0.0287541
0.0287541
0.0287541
0.0287541
0.0287541
0.0287541
0.0287541
0.0287541
0.0287541
0.0287541
0.0287541
0.0287541
0.0287541
0.0287541
0.0287541
0.0287541
0.0287541
0.0287541
0.0287541
0.0287541
0.0287541
0.0287541
0.0287541
0.0287541
0.0287541
0.0287541
0.0287541
0.0287541
0.0287541
0.0287541
0.0287541
0.0287541
0.0287541
0.0287541
0.0287541
0.0287541
0.0287541
0.0287541
0.0287541
0.0287541
0.0287541
0.0287541
0.0287541
0.0287541
0.0287541
0.0287541
0.0287541
0.0287541
0.0287541
0.0287541
0.0287541
0.0287541
0.0287541
0.0287541
0.0287541
0.0287541
0.0287541
0.0287541
0.0287541
0.0287541
0.0287541
0.0287541
0.0287541
0.0287541
0.0287541
0.0287541
0.0287541
0.0287541
0.0287541
0.0287541
0.0287541
0.0287541
0.0287541
0.0287541
0.0287541
0.0287541
0.0287541
0.0287541
0.0287541
0.0287541
0.0287541
0.0287541
0.0287541
0.0287541
0.0287541
0.0287541
0.0287541
0.0287541
0.0287541
0.0287541
0.0287541
0.0287541
0.0287541
0.0287541
0.0287541
0.0287541
0.0287541
0.0287541
0.0287541
0.0287541
0.0287541
0.0287541
0.0287541
0.0287541
0.0287541
0.0287541
0.0287541
0.0287541
0.0287541
0.0287541
0.0287541
0.0287541
0.0287541
0.0287541
0.0287541
0.0287541
0.0287541
0.0287541
0.0287541
0.0287541
0.0287541
0.0287541
0.0287541
0.0287541
0.0287541
0.0287541
0.0287541
0.0287541
0.0287541
0.0287541
0.0287541
0.0287541
0.0287541
0.0287541
0.0287541
0.0287541
0.0287541
0.0287541
0.0287541
0.0287541
0.0287541
0.0287541
0.0287541
0.0287541
0.0287541
0.0287541
0.0287541
0.0287541
0.0287541
0.0287541
0.0287541
0.0287541
0.0287541
0.0287541
0.0287541
0.0287541
0.0287541
0.0287541
0.0287541
0.0287541
0.0287541
0.0287541
0.0287541
0.0287541
0.0287541
0.0287541
0.0287541
0.0287541
0.0287541
0.0287541
0.0287541
