1.42143e+06
1.42143e+06
1.02641e+06
715261
621389
621389
468359
436063
436063
412607
182899
182899
160794
67212.6
56849.1
56849.1
55269.4
33948.7
11121.6
10580.7
5361.55
5219.03
3351.95
2336.07
2336.07
2336.07
2336.07
2336.07
2336.07
2336.07
2336.07
2149.02
969.738
529.1
529.1
529.1
289.791
289.791
280.283
270.727
214.09
214.09
214.09
214.09
204.323
139.126
139.126
139.126
130.537
130.537
107.357
73.5352
73.5352
59.9384
57.4812
48.004
40.1209
40.1209
30.9808
30.9808
30.9808
30.9808
30.9808
27.6848
25.8508
21.2659
21.2659
19.968
18.5401
18.5401
16.6543
16.6543
16.6543
15.8886
15.8886
15.4222
15.4166
13.881
13.881
13.881
13.881
13.881
13.4646
12.7197
12.7197
12.7197
12.3561
12.3561
12.3561
12.3095
12.0095
11.8956
11.8956
11.8814
11.6678
11.5844
11.5466
11.3475
11.202
11.1407
11.1407
11.025
10.9859
10.9334
10.893
10.893
10.8782
10.7957
10.7957
10.7411
10.6819
10.6548
10.6046
10.561
10.507
10.4716
10.4399
10.3972
10.3084
10.299
10.2574
10.1938
10.1487
10.0955
10.0693
10.0372
9.98317
9.95263
9.91671
9.87678
9.83138
9.8088
9.76479
9.72628
9.70415
9.66712
9.63562
9.60634
9.57141
9.53806
9.51012
9.48331
9.44991
9.43011
9.40455
9.38481
9.35932
9.33298
9.31442
9.29463
9.27093
9.25082
9.23275
9.20967
9.18395
9.16582
9.14249
9.12046
9.09137
9.07276
9.0517
9.02984
9.00684
8.98258
8.95287
8.92815
8.90431
8.87961
8.85748
8.83692
8.81137
8.78921
8.76864
8.74629
8.72788
8.70984
8.69404
8.67638
8.65526
8.6409
8.61582
8.60317
8.57784
8.5583
8.53844
8.51649
8.49082
8.47041
8.44619
8.42753
8.40271
8.38115
8.36389
8.34411
8.32317
8.30428
8.28391
8.26797
8.2435
8.23152
8.21298
8.19126
8.16557
8.1465
8.12575
8.10444
8.08997
8.06773
8.04905
8.03097
8.01498
7.99795
7.9772
7.9546
7.9368
7.91882
7.89199
7.87185
7.84753
7.82448
7.79953
7.77152
7.7469
7.71895
7.68873
7.65905
7.63314
7.60017
7.56084
7.54347
7.5147
7.48601
7.45979
7.43271
7.40626
7.38282
7.35652
7.32582
7.30031
7.27227
7.24555
7.22026
7.18769
7.1682
7.1463
7.10856
7.08395
7.05793
7.03102
7.00317
6.97814
6.95338
6.92849
6.90081
6.8673
6.84288
6.81921
6.79531
6.77366
6.74777
6.72177
6.69724
6.67559
6.64804
6.62818
6.6079
6.58819
6.56267
6.54534
6.52235
6.49885
6.47601
6.45997
6.43456
6.41055
6.38902
6.37254
6.35243
6.3313
6.29571
6.27695
6.25375
6.22436
6.20441
6.18229
6.16261
6.13153
6.11223
6.08854
6.06979
6.04674
6.02881
6.00738
5.98799
5.97254
5.95571
5.93913
5.92205
5.90355
5.88646
5.86761
5.85316
5.83962
5.81975
5.80602
5.79002
5.77315
5.75979
5.73985
5.72616
5.71049
5.68748
5.66208
5.64858
5.62741
5.60861
5.58923
5.56424
5.53943
5.51952
5.50261
5.47966
5.45721
5.43581
5.4168
5.39791
5.38074
5.36129
5.339
5.30899
5.28801
5.26316
5.24429
5.22347
5.207
5.18891
5.16572
5.14302
5.12905
5.11287
5.09697
5.08024
5.06538
5.04881
5.03006
5.01435
4.99767
4.97906
4.95724
4.94488
4.93094
4.91191
4.89452
4.87919
4.85953
4.8424
4.82148
4.7999
4.78336
4.76359
4.74515
4.73065
4.7068
4.68664
4.66316
4.64537
4.62431
4.60361
4.58668
4.56838
4.54624
4.52929
4.50886
4.4875
4.466
4.45055
4.43171
4.4142
4.39944
4.38119
4.36009
4.34481
4.31994
4.30867
4.29132
4.27429
4.26084
4.2423
4.22453
4.2097
4.19319
4.17958
4.16464
4.14277
4.13162
4.1183
4.1024
4.0881
4.06936
4.05182
4.03094
4.01117
3.99327
3.97125
3.955
3.93105
3.90552
3.88674
3.8607
3.83345
3.81515
3.79215
3.7732
3.74331
3.72658
3.70295
3.68132
3.66015
3.63232
3.61059
3.58762
3.56078
3.53347
3.5057
3.4822
3.45122
3.41623
3.4008
3.36783
3.33857
3.31714
3.28785
3.26
3.22851
3.20644
3.18145
3.14778
3.12893
3.10299
3.08031
3.05069
3.02822
2.99873
2.97665
2.95651
2.92819
2.90826
2.88449
2.85354
2.82923
2.807
2.77342
2.75462
2.72755
2.70164
2.68292
2.65598
2.63478
2.61428
2.58125
2.55636
2.53358
2.5011
2.47317
2.4447
2.41937
2.3911
2.36786
2.33573
2.31339
2.28441
2.26067
2.23186
2.2066
2.18264
2.1561
2.12488
2.10367
2.08067
2.04849
2.01692
1.99408
1.96964
1.9378
1.91565
1.88711
1.87003
1.84317
1.81758
1.79388
1.76357
1.74028
1.70737
1.68101
1.6602
1.63567
1.61204
1.58916
1.56
1.53976
1.51587
1.49344
1.46797
1.43675
1.41799
1.38782
1.37113
1.34289
1.31555
1.29264
1.26423
1.23933
1.21055
1.18806
1.16423
1.124
1.11047
1.08684
1.06267
1.03819
1.02106
0.999539
0.976732
0.965537
0.946386
0.934409
0.919065
0.905233
0.889109
0.876691
0.863004
0.845951
0.831121
0.821828
0.806981
0.795144
0.78249
0.770457
0.754684
0.745228
0.729527
0.718803
0.706868
0.693377
0.681459
0.669369
0.658089
0.64683
0.633026
0.625966
0.613603
0.603185
0.599119
0.590809
0.582512
0.575476
0.568545
0.5621
0.555272
0.548082
0.541248
0.534416
0.52702
0.519513
0.513035
0.507281
0.500397
0.494828
0.488982
0.48245
0.477278
0.470338
0.464572
0.459662
0.453087
0.445974
0.442525
0.4365
0.429846
0.422723
0.418052
0.410698
0.404903
0.397909
0.391774
0.385495
0.379407
0.37252
0.366624
0.360297
0.355105
0.347738
0.341791
0.33635
0.330933
0.324882
0.320279
0.316247
0.310824
0.306971
0.302717
0.297649
0.294169
0.290075
0.28611
0.280505
0.276239
0.273407
0.270067
0.265149
0.262151
0.258239
0.254917
0.251126
0.247947
0.244409
0.241164
0.238999
0.236375
0.23337
0.231136
0.228311
0.224808
0.222878
0.219932
0.217158
0.215021
0.212047
0.209516
0.207007
0.204351
0.201746
0.199433
0.197177
0.195438
0.192915
0.190175
0.18826
0.186124
0.184131
0.18198
0.17972
0.177635
0.175627
0.173798
0.172448
0.170799
0.169199
0.167825
0.166614
0.16462
0.163084
0.161334
0.15928
0.156884
0.155755
0.153351
0.151793
0.150102
0.148011
0.146501
0.144925
0.143413
0.142036
0.140388
0.13904
0.136915
0.1359
0.134534
0.133355
0.132327
0.130817
0.129657
0.128591
0.127359
0.126285
0.125318
0.124219
0.122947
0.122034
0.121147
0.120113
0.118869
0.118227
0.117409
0.11664
0.11578
0.114917
0.114105
0.113316
0.112427
0.111626
0.110885
0.110077
0.109146
0.108528
0.107845
0.106998
0.106297
0.105376
0.104566
0.103853
0.103212
0.102451
0.10152
0.100976
0.100214
0.0995342
0.0987727
0.098048
0.0974174
0.0967389
0.0959917
0.09529
0.0945538
0.0936786
0.0927482
0.0920543
0.0911286
0.0901178
0.0895202
0.0887964
0.0880035
0.0870725
0.0866543
0.085983
0.0850286
0.0843953
0.0839319
0.0832956
0.0827012
0.0820944
0.0814925
0.0809075
0.0803368
0.0797443
0.0791066
0.0786494
0.0781467
0.0776227
0.0771252
0.0767559
0.0761805
0.0756091
0.0751504
0.0746426
0.0738211
0.073446
0.0727699
0.0722876
0.0716187
0.0709933
0.0704656
0.0698221
0.0691873
0.0685877
0.0677284
0.067208
0.0666418
0.0660105
0.0652986
0.0648576
0.0642005
0.0634995
0.0629006
0.0621947
0.061459
0.060831
0.0603543
0.0597368
0.0591653
0.0587201
0.0582803
0.0577714
0.0573636
0.0568978
0.0563932
0.0559442
0.0555805
0.0551668
0.0547064
0.054186
0.0537537
0.0533477
0.0529965
0.0525918
0.0521417
0.0518285
0.0514999
0.0510861
0.0507264
0.0502908
0.0500348
0.0496963
0.0493309
0.0490261
0.0486898
0.0483223
0.047966
0.0477217
0.0474026
0.047063
0.0468618
0.0465997
0.0463652
0.0461024
0.0459249
0.0457069
0.0454674
0.0452121
0.0450276
0.0448039
0.0445449
0.0443837
0.0441275
0.0438942
0.043701
0.0434734
0.0431585
0.0429914
0.0427721
0.0424629
0.0422774
0.0420001
0.0416789
0.0414409
0.0409889
0.0407954
0.0405167
0.0402595
0.0399541
0.0396365
0.0394027
0.0391141
0.0388326
0.0385064
0.0382569
0.0379826
0.0377231
0.0374304
0.0371638
0.0368887
0.0366104
0.0363052
0.0360119
0.0357153
0.0354417
0.0352351
0.0349406
0.0346703
0.0343741
0.0341786
0.0338356
0.0336754
0.033325
0.0330278
0.032676
0.0324265
0.0322276
0.03195
0.0317019
0.0314473
0.0311974
0.0308698
0.0306093
0.0303664
0.0300325
0.0297553
0.0294477
0.0291173
0.0288369
0.0285949
0.0282842
0.0279953
0.0277451
0.0274517
0.0272442
0.0269588
0.0267301
0.0265049
0.0262331
0.0260176
0.0258139
0.0255745
0.0253677
0.0251563
0.0249121
0.0246909
0.0244047
0.0241577
0.0239426
0.0236021
0.0233856
0.0231305
0.0228529
0.0226346
0.0224371
0.0222378
0.0220696
0.0218308
0.0216785
0.0214914
0.021341
0.0211796
0.0210168
0.0210168
0.0210168
0.0210168
0.0210168
0.0210168
0.0210168
0.0210168
0.0210168
0.0210168
0.0210168
0.0210168
0.0210168
0.0210168
0.0210168
0.0210168
0.0210168
0.0210168
0.0210168
0.0210168
0.0210168
0.0210168
0.0210168
0.0210168
0.0210168
0.0210168
0.0210168
0.0210168
0.0210168
0.0210168
0.0210168
0.0210168
0.0210168
0.0210168
0.0210168
0.0210168
0.0210168
0.0210168
0.0210168
0.0210168
0.0210168
0.0210168
0.0210168
0.0210168
0.0210168
0.0210168
0.0210168
0.0210168
0.0210168
0.0210168
0.0210168
0.0210168
0.0210168
0.0210168
0.0210168
0.0210168
0.0210168
0.0210168
0.0210168
0.0210168
0.0210168
0.0210168
0.0210168
0.0210168
0.0210168
0.0210168
0.0210168
0.0210168
0.0210168
0.0210168
0.0210168
0.0210168
0.0210168
0.0210168
0.0210168
0.0210168
0.0210168
0.0210168
0.0210168
0.0210168
0.0210168
0.0210168
0.0210168
0.0210168
0.0210168
0.0210168
0.0210168
0.0210168
0.0210168
0.0210168
0.0210168
0.0210168
0.0210168
0.0210168
0.0210168
0.0210168
0.0210168
0.0210168
0.0210168
0.0210168
0.0210168
0.0210168
0.0210168
0.0210168
0.0210168
0.0210168
0.0210168
0.0210168
0.0210168
0.0210168
0.0210168
0.0210168
0.0210168
0.0210168
0.0210168
0.0210168
0.0210168
0.0210168
0.0210168
0.0210168
0.0210168
0.0210168
0.0210168
0.0210168
0.0210168
0.0210168
0.0210168
0.0210168
0.0210168
0.0210168
0.0210168
0.0210168
0.0210168
0.0210168
0.0210168
0.0210168
0.0210168
0.0210168
0.0210168
0.0210168
0.0210168
0.0210168
0.0210168
0.0210168
0.0210168
0.0210168
0.0210168
0.0210168
0.0210168
0.0210168
0.0210168
0.0210168
0.0210168
0.0210168
0.0210168
0.0210168
0.0210168
0.0210168
0.0210168
0.0210168
0.0210168
0.0210168
0.0210168
0.0210168
0.0210168
0.0210168
0.0210168
0.0210168
0.0210168
0.0210168
0.0210168
0.0210168
0.0210168
0.0210168
0.0210168
0.0210168
0.0210168
0.0210168
0.0210168
0.0210168
0.0210168
0.0210168
0.0210168
0.0210168
0.0210168
0.0210168
0.0210168
0.0210168
0.0210168
0.0210168
0.0210168
0.0210168
0.0210168
0.0210168
0.0210168
0.0210168
0.0210168
0.0210168
0.0210168
0.0210168
0.0210168
0.0210168
0.0210168
0.0210168
0.0210168
0.0210168
0.0210168
0.0210168
0.0210168
0.0210168
0.0210168
0.0210168
0.0210168
0.0210168
0.0210168
0.0210168
0.0210168
0.0210168
0.0210168
0.0210168
0.0210168
0.0210168
0.0210168
0.0210168
0.0210168
0.0210168
0.0210168
0.0210168
0.0210168
0.0210168
0.0210168
0.0210168
0.0210168
0.0210168
0.0210168
0.0210168
0.0210168
0.0210168
0.0210168
0.0210168
0.0210168
0.0210168
0.0210168
0.0210168
0.0210168
0.0210168
0.0210168
0.0210168
0.0210168
0.0210168
0.0210168
0.0210168
0.0210168
0.0210168
0.0210168
0.0210168
0.0210168
0.0210168
0.0210168
0.0210168
0.0210168
0.0210168
0.0210168
0.0210168
0.0210168
0.0210168
0.0210168
0.0210168
0.0210168
0.0210168
0.0210168
0.0210168
0.0210168
0.0210168
0.0210168
0.0210168
0.0210168
0.0210168
0.0210168
0.0210168
0.0210168
0.0210168
0.0210168
0.0210168
0.0210168
0.0210168
0.0210168
0.0210168
0.0210168
0.0210168
0.0210168
0.0210168
0.0210168
0.0210168
0.0210168
0.0210168
0.0210168
0.0210168
0.0210168
0.0210168
0.0210168
0.0210168
0.0210168
0.0210168
0.0210168
0.0210168
0.0210168
0.0210168
0.0210168
0.0210168
0.0210168
0.0210168
0.0210168
0.0210168
0.0210168
0.0210168
0.0210168
0.0210168
0.0210168
0.0210168
0.0210168
0.0210168
0.0210168
0.0210168
0.0210168
0.0210168
0.0210168
0.0210168
0.0210168
0.0210168
0.0210168
0.0210168
0.0210168
0.0210168
0.0210168
0.0210168
0.0210168
0.0210168
0.0210168
0.0210168
0.0210168
0.0210168
0.0210168
0.0210168
0.0210168
0.0210168
0.0210168
0.0210168
0.0210168
0.0210168
0.0210168
0.0210168
0.0210168
0.0210168
0.0210168
0.0210168
0.0210168
0.0210168
0.0210168
0.0210168
0.0210168
0.0210168
0.0210168
0.0210168
0.0210168
0.0210168
0.0210168
0.0210168
0.0210168
0.0210168
0.0210168
0.0210168
0.0210168
0.0210168
0.0210168
0.0210168
0.0210168
0.0210168
0.0210168
0.0210168
0.0210168
0.0210168
0.0210168
0.0210168
0.0210168
0.0210168
0.0210168
0.0210168
0.0210168
0.0210168
0.0210168
0.0210168
0.0210168
0.0210168
0.0210168
0.0210168
0.0210168
0.0210168
0.0210168
0.0210168
0.0210168
0.0210168
0.0210168
0.0210168
0.0210168
0.0210168
0.0210168
0.0210168
0.0210168
0.0210168
0.0210168
0.0210168
0.0210168
0.0210168
0.0210168
0.0210168
0.0210168
0.0210168
0.0210168
0.0210168
0.0210168
0.0210168
0.0210168
0.0210168
0.0210168
0.0210168
0.0210168
0.0210168
0.0210168
0.0210168
0.0210168
0.0210168
0.0210168
0.0210168
0.0210168
0.0210168
0.0210168
0.0210168
0.0210168
0.0210168
0.0210168
0.0210168
0.0210168
0.0210168
0.0210168
0.0210168
0.0210168
0.0210168
0.0210168
0.0210168
0.0210168
0.0210168
0.0210168
0.0210168
0.0210168
0.0210168
0.0210168
0.0210168
0.0210168
0.0210168
0.0210168
0.0210168
0.0210168
0.0210168
0.0210168
0.0210168
0.0210168
0.0210168
0.0210168
0.0210168
0.0210168
0.0210168
0.0210168
0.0210168
0.0210168
0.0210168
0.0210168
0.0210168
0.0210168
0.0210168
0.0210168
0.0210168
0.0210168
0.0210168
0.0210168
0.0210168
0.0210168
0.0210168
0.0210168
0.0210168
0.0210168
0.0210168
0.0210168
0.0210168
0.0210168
0.0210168
0.0210168
0.0210168
0.0210168
0.0210168
0.0210168
0.0210168
0.0210168
0.0210168
0.0210168
0.0210168
0.0210168
0.0210168
0.0210168
0.0210168
0.0210168
0.0210168
0.0210168
0.0210168
0.0210168
0.0210168
0.0210168
0.0210168
0.0210168
0.0210168
0.0210168
0.0210168
0.0210168
0.0210168
0.0210168
0.0210168
0.0210168
0.0210168
0.0210168
0.0210168
0.0210168
0.0210168
0.0210168
0.0210168
0.0210168
0.0210168
0.0210168
0.0210168
0.0210168
0.0210168
0.0210168
0.0210168
0.0210168
0.0210168
0.0210168
0.0210168
0.0210168
0.0210168
0.0210168
0.0210168
0.0210168
0.0210168
0.0210168
0.0210168
0.0210168
0.0210168
0.0210168
0.0210168
0.0210168
0.0210168
0.0210168
0.0210168
0.0210168
0.0210168
0.0210168
0.0210168
0.0210168
0.0210168
0.0210168
0.0210168
0.0210168
0.0210168
0.0210168
0.0210168
0.0210168
0.0210168
0.0210168
0.0210168
0.0210168
0.0210168
0.0210168
0.0210168
0.0210168
0.0210168
0.0210168
0.0210168
0.0210168
0.0210168
0.0210168
0.0210168
0.0210168
0.0210168
0.0210168
0.0210168
0.0210168
0.0210168
0.0210168
0.0210168
0.0210168
0.0210168
0.0210168
0.0210168
0.0210168
0.0210168
0.0210168
0.0210168
0.0210168
0.0210168
0.0210168
0.0210168
0.0210168
0.0210168
0.0210168
0.0210168
0.0210168
0.0210168
0.0210168
0.0210168
0.0210168
0.0210168
0.0210168
0.0210168
0.0210168
0.0210168
0.0210168
0.0210168
0.0210168
0.0210168
0.0210168
0.0210168
0.0210168
0.0210168
0.0210168
0.0210168
0.0210168
0.0210168
0.0210168
0.0210168
0.0210168
0.0210168
0.0210168
0.0210168
0.0210168
0.0210168
0.0210168
0.0210168
0.0210168
0.0210168
0.0210168
0.0210168
0.0210168
0.0210168
0.0210168
0.0210168
0.0210168
0.0210168
0.0210168
0.0210168
0.0210168
0.0210168
0.0210168
0.0210168
0.0210168
0.0210168
0.0210168
0.0210168
0.0210168
0.0210168
0.0210168
0.0210168
0.0210168
0.0210168
0.0210168
0.0210168
0.0210168
0.0210168
0.0210168
0.0210168
0.0210168
0.0210168
0.0210168
0.0210168
0.0210168
0.0210168
0.0210168
0.0210168
0.0210168
0.0210168
0.0210168
0.0210168
0.0210168
0.0210168
0.0210168
0.0210168
0.0210168
0.0210168
0.0210168
0.0210168
0.0210168
0.0210168
0.0210168
0.0210168
0.0210168
0.0210168
0.0210168
0.0210168
0.0210168
0.0210168
0.0210168
0.0210168
0.0210168
0.0210168
0.0210168
0.0210168
0.0210168
0.0210168
0.0210168
0.0210168
0.0210168
0.0210168
0.0210168
0.0210168
0.0210168
0.0210168
0.0210168
0.0210168
0.0210168
0.0210168
0.0210168
0.0210168
0.0210168
0.0210168
0.0210168
0.0210168
0.0210168
0.0210168
0.0210168
0.0210168
0.0210168
0.0210168
0.0210168
0.0210168
0.0210168
0.0210168
0.0210168
0.0210168
0.0210168
0.0210168
0.0210168
0.0210168
0.0210168
0.0210168
0.0210168
0.0210168
0.0210168
0.0210168
0.0210168
0.0210168
0.0210168
0.0210168
0.0210168
0.0210168
0.0210168
0.0210168
0.0210168
0.0210168
0.0210168
0.0210168
0.0210168
0.0210168
0.0210168
0.0210168
0.0210168
0.0210168
0.0210168
0.0210168
0.0210168
0.0210168
0.0210168
0.0210168
0.0210168
0.0210168
0.0210168
0.0210168
0.0210168
0.0210168
0.0210168
0.0210168
0.0210168
0.0210168
0.0210168
0.0210168
0.0210168
0.0210168
0.0210168
0.0210168
0.0210168
0.0210168
0.0210168
0.0210168
0.0210168
0.0210168
0.0210168
0.0210168
0.0210168
0.0210168
0.0210168
0.0210168
0.0210168
0.0210168
0.0210168
0.0210168
0.0210168
0.0210168
0.0210168
0.0210168
0.0210168
0.0210168
0.0210168
0.0210168
0.0210168
0.0210168
0.0210168
0.0210168
0.0210168
0.0210168
0.0210168
0.0210168
0.0210168
0.0210168
0.0210168
0.0210168
0.0210168
0.0210168
0.0210168
0.0210168
0.0210168
0.0210168
0.0210168
0.0210168
0.0210168
0.0210168
0.0210168
0.0209453
0.020757
0.0205597
0.0203347
0.0201783
0.0199875
0.019832
0.0196326
0.019449
0.0192478
0.0192478
0.0192478
0.0192478
0.0192478
0.0192478
0.0192478
0.0192478
0.0192478
0.0192478
0.0192478
0.0192478
0.0192478
0.0192478
0.0192478
0.0192478
0.0192478
0.0192478
0.0192478
0.0192478
0.0192478
0.0192478
0.0192478
0.0192478
0.0192478
0.0192478
0.0192478
0.0192478
0.0192478
0.0192478
0.0192478
0.0192478
0.0192478
0.0192478
0.0192478
0.0192478
0.0192478
0.0192478
0.0192478
0.0192478
0.0192478
0.0192478
0.0192478
0.0192478
0.0192478
0.0192478
0.0192478
0.0192478
0.0192478
0.0192478
0.0192478
0.0192478
0.0192478
0.0192478
0.0192478
0.0192478
0.0192478
0.0192478
0.0192478
0.0192478
0.0192478
0.0192478
0.0192478
0.0192478
0.0192478
0.0192478
0.0192478
0.0192478
0.0192478
0.0192478
0.0192478
0.0192478
0.0192478
0.0192478
0.0192478
0.0192478
0.0192478
0.0192478
0.0192478
0.0192478
0.0192478
0.0192478
0.0192478
0.0192478
0.0192478
0.0192478
0.0192478
0.0192478
0.0192478
0.0192478
0.0192478
0.0192478
0.0192478
0.0192478
0.0192478
0.0192478
0.0192478
0.0192478
0.0192478
0.0192478
0.0192478
0.0192478
0.0192478
0.0192478
0.0192478
0.0192478
0.0192478
0.0192478
0.0192478
0.0192478
0.0192478
0.0192478
0.0192478
0.0192478
0.0192478
0.0192478
0.0192478
0.0192478
0.0192478
0.0192478
0.0192478
0.0192478
0.0192478
0.0192478
0.0192478
0.0192478
0.0192478
0.0192478
0.0192478
0.0192478
0.0192478
0.0192478
0.0192478
0.0192478
0.0192478
0.0192478
0.0192478
0.0192478
0.0192478
0.0192478
