2.41043e+10
2.04171e+10
8.30523e+09
4.49987e+09
1.22062e+09
5.68644e+08
2.50632e+08
1.01213e+08
6.91177e+07
4.08463e+07
2.83938e+07
2.83938e+07
2.83938e+07
2.16601e+07
1.30952e+07
1.21962e+07
8.66593e+06
5.74307e+06
3.93472e+06
3.59222e+06
3.59222e+06
3.31486e+06
3.31486e+06
3.11371e+06
921970
743643
345364
345364
337677
161596
161596
161596
79062.9
77716.3
77716.3
59155.3
54526.5
15644.6
15644.6
15644.6
15644.6
11373.3
11373.3
11373.3
11373.3
11373.3
9988.47
5520.72
5520.72
5520.72
4896.02
4839.56
4839.56
2433.11
2433.11
1871.95
1871.95
1374.73
1374.73
1173.95
1067.78
1067.78
1067.78
903.385
490.456
490.456
490.456
490.456
429.445
404.519
329.264
255.216
174.334
174.334
170.377
125.144
125.144
125.144
120.262
120.262
89.4592
76.0687
58.956
58.956
58.956
51.2385
48.1442
35.9959
25.4609
20.9527
19.4116
19.4116
19.4116
18.9952
18.9952
15.9138
15.9138
15.9138
15.9138
15.9138
15.3275
15.3275
15.3275
15.3275
15.3275
15.0826
14.6092
14.4843
14.3876
14.3876
14.3031
14.3031
14.1986
13.9322
13.9322
13.9322
13.8577
13.8577
13.8577
13.7794
13.7153
13.6068
13.5415
13.3707
13.3707
13.3346
13.2518
13.2054
13.1719
13.0937
13.0588
12.9648
12.9243
12.895
12.7946
12.7946
12.735
12.7062
12.6565
12.634
12.5843
12.5603
12.5102
12.4669
12.4271
12.3876
12.339
12.2964
12.2678
12.2472
12.2054
12.1723
12.1456
12.1273
12.1104
12.0783
12.0403
12.0394
12.016
11.9883
11.9826
11.9605
11.9359
11.9251
11.9065
11.8872
11.88
11.8642
11.8464
11.8185
11.8094
11.7786
11.7376
11.7142
11.6938
11.6643
11.635
11.6215
11.6058
11.5826
11.5628
11.5452
11.5251
11.5127
11.5009
11.4762
11.4668
11.4557
11.4371
11.4193
11.4025
11.3817
11.3572
11.3405
11.3279
11.3035
11.2865
11.273
11.2577
11.2354
11.2236
11.2006
11.1876
11.172
11.1498
11.1308
11.1104
11.0893
11.0724
11.0474
11.0345
11.0131
10.9817
10.9628
10.9451
10.9262
10.9039
10.8761
10.8554
10.8348
10.8086
10.789
10.7665
10.7414
10.7278
10.7082
10.6912
10.67
10.6536
10.6371
10.6213
10.6106
10.5931
10.5711
10.5578
10.5371
10.5099
10.488
10.4722
10.4452
10.4232
10.4044
10.3813
10.3561
10.3245
10.3074
10.2844
10.259
10.238
10.2045
10.1812
10.1616
10.1406
10.1178
10.0936
10.0732
10.0575
10.0379
10.0135
9.99736
9.9801
9.96363
9.94727
9.92875
9.91698
9.90515
9.89301
9.8809
9.86475
9.8538
9.84035
9.82794
9.80733
9.79541
9.78808
9.77282
9.76123
9.74718
9.73307
9.71553
9.68657
9.68657
9.66707
9.65737
9.63814
9.62902
9.60991
9.59785
9.57863
9.56868
9.55924
9.54127
9.52518
9.51101
9.49748
9.47889
9.4661
9.45391
9.44743
9.4308
9.42374
9.41183
9.40369
9.39057
9.37678
9.36353
9.34509
9.343
9.33599
9.32504
9.31662
9.3098
9.30378
9.29488
9.28506
9.27776
9.26964
9.26434
9.25644
9.24805
9.24076
9.22935
9.22306
9.21691
9.20957
9.19959
9.19333
9.18555
9.17852
9.16889
9.16054
9.14993
9.14094
9.12606
9.11838
9.10405
9.09316
9.08012
9.06566
9.05012
9.03396
9.02567
9.01434
8.99989
8.98334
8.96738
8.95614
8.93883
8.93078
8.91634
8.90057
8.88697
8.87514
8.86255
8.85012
8.8343
8.82287
8.806
8.79435
8.77628
8.76489
8.75313
8.7385
8.72529
8.71315
8.69844
8.68137
8.66915
8.65436
8.64165
8.62349
8.61012
8.58941
8.58033
8.56483
8.54958
8.539
8.52129
8.51162
8.49775
8.48397
8.47281
8.45991
8.44777
8.43706
8.42714
8.41904
8.40746
8.39648
8.38632
8.37457
8.36875
8.35924
8.34663
8.33975
8.32519
8.31729
8.30827
8.29724
8.28446
8.27991
8.26813
8.25917
8.24648
8.23901
8.23201
8.21726
8.20918
8.19568
8.18969
8.17166
8.16373
8.15216
8.14055
8.12474
8.11071
8.10185
8.09061
8.07971
8.06741
8.05629
8.03953
8.0218
8.00749
8.00068
7.98469
7.97295
7.95666
7.94592
7.93211
7.91944
7.90785
7.89501
7.88488
7.87045
7.85985
7.84733
7.83473
7.82635
7.8153
7.80449
7.7889
7.77762
7.77037
7.75913
7.73708
7.73254
7.71901
7.70791
7.69765
7.68764
7.67265
7.66385
7.65114
7.64316
7.63064
7.62237
7.61247
7.60646
7.59928
7.59006
7.57737
7.56542
7.55498
7.54789
7.534
7.52715
7.51883
7.50854
7.49381
7.486
7.47856
7.46768
7.45831
7.45172
7.44093
7.42805
7.41796
7.40707
7.39261
7.38217
7.36324
7.35585
7.3441
7.32995
7.31291
7.30118
7.28453
7.26983
7.26018
7.24563
7.22699
7.22232
7.21079
7.20027
7.19086
7.1761
7.16571
7.15528
7.1424
7.1269
7.11684
7.09877
7.0903
7.07299
7.06192
7.04645
7.03743
7.02292
7.00764
6.99765
6.97851
6.9698
6.95852
6.94145
6.93043
6.91883
6.90318
6.88603
6.87758
6.86573
6.85637
6.8437
6.8317
6.82204
6.81128
6.80197
6.79151
6.7843
6.77818
6.76838
6.76046
6.74903
6.74013
6.73233
6.72032
6.70698
6.6955
6.68521
6.67318
6.66666
6.65628
6.64676
6.6388
6.62728
6.61861
6.60829
6.59638
6.58758
6.57984
6.57194
6.5674
6.55673
6.55141
6.5368
6.53102
6.52452
6.51686
6.50866
6.49563
6.48463
6.47461
6.45342
6.4477
6.43681
6.42509
6.40892
6.39663
6.38518
6.37422
6.36363
6.35125
6.33802
6.32413
6.30938
6.29815
6.28745
6.27153
6.25829
6.24584
6.23218
6.21891
6.20423
6.18796
6.16962
6.15259
6.14143
6.1136
6.09899
6.07837
6.06338
6.0419
6.02985
6.01441
5.98866
5.97201
5.95674
5.94061
5.92823
5.91482
5.89464
5.88016
5.86023
5.84717
5.81804
5.80542
5.7856
5.7685
5.75288
5.73743
5.71891
5.7049
5.69255
5.67379
5.66403
5.64918
5.63098
5.62257
5.6058
5.59331
5.58038
5.56862
5.55359
5.54333
5.52912
5.51521
5.50291
5.491
5.47886
5.471
5.45654
5.44651
5.43585
5.42731
5.41175
5.40831
5.39932
5.39153
5.38524
5.37891
5.37238
5.36478
5.35852
5.34761
5.33876
5.33233
5.32397
5.31628
5.30962
5.30095
5.29224
5.28215
5.27068
5.26282
5.25335
5.24157
5.22664
5.21424
5.19801
5.18586
5.17371
5.1585
5.14091
5.12011
5.10396
5.0802
5.06912
5.05379
5.03427
5.02286
4.99886
4.98544
4.96482
4.95302
4.93251
4.91597
4.89243
4.87987
4.86151
4.84583
4.82688
4.80939
4.79092
4.77417
4.75953
4.73972
4.73193
4.71285
4.6961
4.68373
4.66675
4.64526
4.63211
4.61798
4.58995
4.57585
4.55789
4.53107
4.50537
4.48972
4.47971
4.46067
4.43484
4.42254
4.40132
4.38908
4.37062
4.35964
4.34456
4.33103
4.31783
4.3043
4.28953
4.28166
4.26362
4.25148
4.24917
4.23595
4.22314
4.21243
4.20311
4.18482
4.17258
4.16025
4.15075
4.13601
4.12107
4.10775
4.10209
4.09375
4.08712
4.07112
4.06118
4.04849
4.03774
4.02372
4.01088
3.99641
3.98567
3.96874
3.95656
3.94264
3.92923
3.91
3.90024
3.88399
3.86619
3.85369
3.83948
3.82421
3.81387
3.7967
3.78157
3.77387
3.76119
3.74675
3.73079
3.7201
3.71025
3.69646
3.67539
3.66146
3.6459
3.63892
3.61652
3.60701
3.59467
3.58277
3.57046
3.55588
3.5425
3.53272
3.52432
3.51472
3.50502
3.49714
3.48509
3.47271
3.46913
3.45846
3.44776
3.43568
3.4297
3.42037
3.41059
3.40207
3.39431
3.38404
3.37735
3.36507
3.3551
3.34568
3.33627
3.32588
3.31502
3.3043
3.2946
3.28257
3.27563
3.26796
3.26106
3.25328
3.24675
3.23558
3.22907
3.22215
3.21595
3.20913
3.20213
3.19548
3.18937
3.18227
3.17355
3.16713
3.15956
3.15068
3.14162
3.13156
3.12246
3.11218
3.10396
3.09227
3.08252
3.07148
3.05977
3.04529
3.03098
3.01941
3.00633
2.99323
2.97414
2.95941
2.93825
2.93099
2.91341
2.90021
2.88599
2.86569
2.84972
2.8273
2.81081
2.79295
2.77887
2.76399
2.7502
2.73053
2.71732
2.70079
2.67967
2.65526
2.64139
2.62696
2.60727
2.59202
2.57699
2.5536
2.54299
2.52486
2.50722
2.48999
2.46785
2.45713
2.43836
2.42456
2.40945
2.38962
2.36351
2.34666
2.3334
2.31058
2.29206
2.27668
2.26224
2.24224
2.23231
2.20605
2.197
2.18324
2.16668
2.14943
2.13715
2.12048
2.1014
2.08966
2.07537
2.05697
2.03808
2.02174
2.01008
1.99746
1.97812
1.96416
1.9373
1.92026
1.91263
1.89677
1.87985
1.86448
1.84764
1.83221
1.80765
1.79875
1.79096
1.77355
1.76337
1.74745
1.73101
1.71738
1.69813
1.68862
1.67355
1.65668
1.641
1.63222
1.61964
1.60998
1.59646
1.58751
1.57819
1.56978
1.5572
1.55094
1.53887
1.52739
1.5149
1.50567
1.49706
1.48595
1.4788
1.46976
1.46357
1.4533
1.44738
1.43753
1.42675
1.41849
1.40922
1.39953
1.39035
1.38129
1.37292
1.36755
1.35534
1.34825
1.34357
1.33352
1.32537
1.31465
1.30383
1.29816
1.28737
1.27856
1.27218
1.26266
1.2548
1.245
1.2382
1.22835
1.21909
1.20838
1.1967
1.1935
1.18615
1.1777
1.16541
1.16012
1.15437
1.14422
1.13723
1.12723
1.12271
1.11402
1.10706
1.10033
1.09436
1.09076
1.08529
1.07775
1.07123
1.06498
1.06014
1.05483
1.04809
1.04276
1.0355
1.03209
1.02732
1.02118
1.016
1.01227
1.00708
1.00216
0.996589
0.990823
0.983445
0.976557
0.9731
0.964094
0.958895
0.954828
0.951076
0.945069
0.941262
0.935737
0.930838
0.928093
0.92333
0.919789
0.914829
0.910532
0.906955
0.905091
0.901574
0.898128
0.894568
0.889058
0.887931
0.883725
0.879556
0.876578
0.872733
0.867907
0.865006
0.862686
0.859381
0.857014
0.853893
0.850791
0.847787
0.84453
0.843628
0.840775
0.838397
0.836687
0.834129
0.832073
0.830258
0.826908
0.826176
0.823147
0.819866
0.816019
0.812856
0.810505
0.808275
0.805067
0.80285
0.799028
0.796617
0.794262
0.791111
0.789557
0.785186
0.784116
0.780297
0.776928
0.774119
0.769619
0.76585
0.762293
0.758347
0.753551
0.750185
0.746735
0.7407
0.736591
0.729709
0.72797
0.722214
0.717361
0.713587
0.708986
0.705135
0.701133
0.695999
0.69269
0.688642
0.685592
0.680974
0.678001
0.674915
0.671911
0.669172
0.665713
0.661902
0.65797
0.654282
0.650348
0.646172
0.643681
0.640246
0.636256
0.631923
0.628151
0.625549
0.621817
0.618679
0.613449
0.610436
0.605217
0.601682
0.597911
0.593008
0.588449
0.584115
0.580968
0.577287
0.57228
0.569161
0.565353
0.561257
0.557537
0.554674
0.550343
0.544941
0.541246
0.537314
0.533642
0.529303
0.526287
0.522985
0.51949
0.516015
0.513093
0.51025
0.505946
0.501558
0.498617
0.496639
0.492493
0.489192
0.486855
0.484992
0.483017
0.478835
0.475508
0.473196
0.469894
0.468621
0.465362
0.463556
0.458688
0.457673
0.453903
0.451806
0.448665
0.446869
0.444367
0.44227
0.439709
0.437436
0.433632
0.432787
0.430447
0.42736
0.424879
0.421838
0.419613
0.417507
0.415178
0.412428
0.409681
0.40764
0.405381
0.40262
0.400754
0.396937
0.39527
0.392638
0.390771
0.388174
0.385417
0.383515
0.381448
0.378815
0.377556
0.374968
0.372793
0.371078
0.368404
0.366465
0.364034
0.361396
0.35973
0.357105
0.355065
0.351854
0.348966
0.347286
0.345104
0.342535
0.340941
0.337817
0.335101
0.333076
0.330278
0.328377
0.325554
0.323433
0.320804
0.318789
0.315676
0.313454
0.312106
0.310734
0.308673
0.306438
0.304585
0.302948
0.301254
0.299277
0.297324
0.295867
0.294781
0.293789
0.292569
0.290986
0.289874
0.288574
0.287255
0.286305
0.284774
0.283522
0.282473
0.281356
0.280472
0.279155
0.27778
0.276821
0.275836
0.274668
0.273409
0.272319
0.271039
0.269935
0.268987
0.267793
0.266432
0.265478
0.264319
0.261623
0.261099
0.259209
0.257918
0.256653
0.255631
0.254302
0.252642
0.251772
0.25044
0.249442
0.247882
0.246778
0.245885
0.245019
0.243692
0.242363
0.240748
0.239863
0.238135
0.236853
0.235148
0.23373
0.232861
0.23102
0.229372
0.227542
0.226632
0.225064
0.223843
0.221527
0.220785
0.219571
0.217178
0.215996
0.214604
0.213588
0.211978
0.210575
0.209015
0.207239
0.205871
0.204207
0.203229
0.20146
0.199808
0.199061
0.198034
0.196213
0.195209
0.194246
0.193141
0.191876
0.190521
0.189434
0.187934
0.186227
0.185588
0.183988
0.182642
0.180658
0.18005
0.178912
0.177672
0.176026
0.175092
0.173793
0.172633
0.171497
0.170414
0.168972
0.167885
0.167135
0.164991
0.164144
0.162134
0.161335
0.160092
0.159362
0.158573
0.157503
0.156751
0.155854
0.155088
0.154288
0.15351
0.152716
0.151787
0.151046
0.150338
0.149773
0.148898
0.148259
0.147528
0.146808
0.145962
0.145567
0.144841
0.144053
0.14348
0.142849
0.141818
0.141208
0.140482
0.139667
0.138663
0.137935
0.137273
0.136524
0.135812
0.135107
0.134365
0.133855
0.133083
0.132562
0.131661
0.131025
0.130225
0.129656
0.128799
0.128299
0.127443
0.126959
0.126197
0.125785
0.125263
0.124757
0.124219
0.123661
0.123185
0.122606
0.121934
0.121588
0.121009
0.120548
0.119708
0.119342
0.118903
0.118359
0.11793
0.117564
0.117216
0.116826
0.116444
0.116065
0.11574
0.115068
0.114835
0.114438
0.113966
0.11341
0.113185
0.112891
0.112464
0.11217
0.111762
0.11136
0.111
0.110625
0.110246
0.10994
0.109338
0.108939
0.108557
0.108202
0.107762
0.107515
0.107143
0.106755
0.106353
0.105989
0.105635
0.105285
0.105001
0.104681
0.104319
0.104068
0.103678
0.103435
0.10305
0.102743
0.102316
0.101961
0.10175
0.101255
0.100904
0.100482
0.100115
0.0997941
0.0993401
0.0990817
0.0987876
0.0983438
0.0979324
0.0976434
0.0972598
0.0967927
0.09652
0.0960157
0.095353
0.0951955
0.0949246
0.0944559
0.0940572
0.0935732
0.0932493
0.0928484
0.0924501
0.0921267
0.0915527
0.0911561
0.0905942
0.0902921
0.0897334
0.0893156
0.0887155
0.088497
0.0878463
0.0876311
0.0871873
0.0869175
0.0866901
0.0862069
0.0858451
0.0856124
0.0852086
0.084677
0.0844126
0.0840998
0.0837307
0.0834446
0.0832508
0.0829495
0.0826062
0.0822412
0.0819146
0.081613
0.0812212
0.0809498
0.0805413
0.0801247
0.0797545
0.0794447
0.0790427
0.0785441
0.0782725
0.077811
0.0772733
0.0769493
0.0764756
0.0762499
0.0759192
0.0755931
0.0752725
0.0750047
0.0746154
0.0743849
0.0741361
0.0737904
0.0735865
0.0733084
0.0731249
0.0729157
0.0726271
0.0724584
0.0721172
0.0718837
0.0716973
0.0714562
0.071265
0.0709897
0.0708267
0.0706877
0.0704775
0.0702227
0.0699768
0.0697959
0.0696335
0.0694303
0.0692775
0.0691278
0.0689871
0.0688575
0.0686855
0.0685752
0.0684156
0.0682677
0.0680485
0.0678354
0.067797
0.0676889
0.0676889
0.0676889
0.0676889
0.0676889
0.0676889
0.0676889
0.0676889
0.0676889
0.0676889
0.0676889
0.0676889
0.0676889
0.0676889
0.0676889
0.0676889
0.0676889
0.0676889
0.0676889
0.0676889
0.0676889
0.0676889
0.0676889
0.0676889
0.0676889
0.0676889
0.0676889
0.0676889
0.0676889
0.0676889
0.0676889
0.0676889
0.0676889
0.0676889
0.0676889
0.0676889
0.0676889
0.0676889
0.0676889
0.0676889
0.0676889
0.0676889
0.0676889
0.0676889
0.0676889
0.0676889
0.0676889
0.0676889
0.0676889
0.0676889
0.0676889
0.0676889
0.0676889
0.0676889
0.0676889
0.0676889
0.0676889
0.0676889
0.0676889
0.0676889
0.0676889
0.0676889
0.0676889
0.0676889
0.0676889
0.0676889
0.0676889
0.0676889
0.0676889
0.0676889
0.0676889
0.0676889
0.0676889
0.0676889
0.0676889
0.0676889
0.0676889
0.0676889
0.0676889
0.0676889
0.0676889
0.0676889
0.0676889
0.0676889
0.0676889
0.0676889
0.0676889
0.0676889
0.0676889
0.0676889
0.0676889
0.0676889
0.0676889
0.0676889
0.0676889
0.0676889
0.0676889
0.0676889
0.0676889
0.0676889
0.0676889
0.0676889
0.0676889
0.0676889
0.0676889
0.0676889
0.0676889
0.0676889
0.0676889
0.0676889
0.0676889
0.0676889
0.0676889
0.0676889
0.0676889
0.0676889
0.0676889
0.0676889
0.0676889
0.0676889
0.0676889
0.0676889
0.0676889
0.0676889
0.0676889
0.0676889
0.0676889
0.0676889
0.0676889
0.0676889
0.0676889
0.0676889
0.0676889
0.0676889
0.0676889
0.0676889
0.0676889
0.0676889
0.0676889
0.0676889
0.0676889
0.0676889
0.0676889
0.0676889
0.0676889
0.0676889
0.0676889
0.0676889
0.0676889
0.0676889
0.0676889
0.0676889
0.0676889
0.0676889
0.0676889
0.0676889
0.0676889
0.0676889
0.0676889
0.0676889
0.0676889
0.0676889
0.0676889
0.0676889
0.0676889
0.0676889
0.0676889
0.0676889
0.0676889
0.0676889
0.0676889
0.0676889
0.0676889
0.0676889
0.0676889
0.0676889
0.0676889
0.0676889
0.0676889
0.0676889
0.0676889
0.0676889
0.0676889
0.0676889
0.0676889
0.0676889
0.0676889
0.0676889
0.0676889
0.0676889
0.0676889
0.0676889
0.0676889
0.0676889
0.0676889
0.0676889
0.0676889
0.0676889
0.0676889
0.0676889
0.0676889
0.0676889
0.0676889
0.0676889
0.0676889
0.0676889
0.0676889
0.0676889
0.0676889
0.0676889
0.0676889
0.0676889
0.0676889
0.0676889
0.0676889
0.0676889
0.0676889
0.0676889
0.0676889
0.0676889
0.0676889
0.0676889
0.0676889
0.0676889
0.0676889
0.0676889
0.0676889
0.0676889
0.0676889
0.0676889
0.0676889
0.0676889
0.0676889
0.0676889
0.0676889
0.0676889
0.0676889
0.0676889
0.0676889
0.0676889
0.0676889
0.0676889
0.0676889
0.0676889
0.0676889
0.0676889
0.0676889
0.0676889
0.0676889
0.0676889
0.0676889
0.0676889
0.0676889
0.0676889
0.0676889
0.0676889
0.0676889
0.0676889
0.0676889
0.0676889
0.0676889
0.0676889
0.0676889
0.0676889
0.0676889
0.0676889
0.0676889
0.0676889
0.0676889
0.0676889
0.0676889
0.0676889
0.0676889
0.0676889
0.0676889
0.0676889
0.0676889
0.0676889
0.0676889
0.0676889
0.0676889
0.0676889
0.0676889
0.0676889
0.0676889
0.0676889
0.0676889
0.0676889
0.0676889
0.0676889
0.0676889
0.0676889
0.0676889
0.0676889
0.0676889
0.0676889
0.0676889
0.0676889
0.0676889
0.0676889
0.0676889
0.0676889
0.0676889
0.0676889
0.0676889
0.0676889
0.0676889
0.0676889
0.0676889
0.0676889
0.0676889
0.0676889
0.0676889
0.0676889
0.0676889
0.0676889
0.0676889
0.0676889
0.0676889
0.0676889
0.0676889
0.0676889
0.0676889
0.0676889
0.0676889
0.0676889
0.0676889
0.0676889
0.0676889
0.0676889
0.0676889
0.0676889
0.0676889
0.0676889
0.0676889
0.0676889
0.0676889
0.0676889
0.0676889
0.0676889
0.0676889
0.0676889
0.0676889
0.0676889
0.0676889
0.0676889
0.0676889
0.0676889
0.0676889
0.0676889
0.0676889
0.0676889
0.0676889
0.0676889
0.0676889
0.0676889
0.0676889
0.0676889
0.0676889
0.0676889
0.0676889
0.0676889
0.0676889
0.0676889
0.0676889
0.0676889
0.0676889
0.0676889
0.0676889
0.0676889
0.0676889
0.0676889
0.0676889
0.0676889
0.0676889
0.0676889
0.0676889
0.0676889
0.0676889
0.0676889
0.0676889
0.0676889
0.0676889
0.0676889
0.0676889
0.0676889
0.0676889
0.0676889
0.0676889
0.0676889
0.0676889
0.0676889
0.0676889
0.0676889
0.0676889
0.0676889
0.0676889
0.0676889
0.0676889
0.0676889
0.0676889
0.0676889
0.0676889
0.0676889
0.0676889
0.0676889
0.0676889
0.0676889
0.0676889
0.0676889
0.0676889
0.0676889
0.0676889
0.0676889
0.0676889
0.0676889
0.0676889
0.0676889
0.0676889
0.0676889
0.0676889
0.0676889
0.0676889
0.0676889
0.0676889
0.0676889
0.0676889
0.0676889
0.0676889
0.0676889
0.0676889
0.0676889
0.0676889
0.0676889
0.0676889
0.0676889
0.0676889
0.0676889
0.0676889
0.0676889
0.0676889
0.0676889
0.0676889
0.0676889
0.0676889
0.0676889
0.0676889
0.0676889
0.0676889
0.0676889
0.0676889
0.0676889
0.0676889
0.0676889
0.0676889
0.0676889
0.0676889
0.0676889
0.0676889
0.0676889
0.0676889
0.0676889
0.0676889
0.0676889
0.0676889
0.0676889
0.0676889
0.0676889
0.0676889
0.0676889
0.0676889
0.0676889
0.0676889
0.0676889
0.0676889
0.0676889
0.0676889
0.0676889
0.0676889
0.0676889
0.0676889
0.0676889
0.0676889
0.0676889
0.0676889
0.0676889
0.0676889
0.0676889
0.0676889
0.0676889
0.0676889
0.0676889
0.0676889
0.0676889
0.0676889
0.0676889
0.0676889
0.0676889
0.0676889
0.0676889
0.0676889
0.0676889
0.0676889
0.0676889
0.0676889
0.0676889
0.0676889
0.0676889
0.0676889
0.0676889
0.0676889
0.0676889
0.0676889
0.0676889
0.0676889
0.0676889
0.0676889
0.0676889
0.0676889
0.0676889
0.0676889
0.0676889
0.0676889
0.0676889
0.0676889
0.0676889
0.0676889
0.0676889
0.0676889
0.0676889
0.0676889
0.0676889
0.0676889
0.0676889
0.0676889
0.0676889
0.0676889
0.0676889
0.0676889
0.0676889
0.0676889
0.0676889
0.0676889
0.0676889
0.0676889
0.0676889
0.0676889
0.0676889
0.0676889
0.0676889
0.0676889
0.0676889
0.0676889
0.0676889
0.0676889
0.0676889
0.0676889
0.0676889
0.0676889
0.0676889
0.0676889
0.0676889
0.0676889
0.0676889
0.0676889
0.0676889
0.0676889
0.0676889
0.0676889
0.0676889
0.0676889
0.0676889
0.0676889
0.0676889
0.0676889
0.0676889
0.0676889
0.0676889
0.0676889
0.0676889
0.0676889
0.0676889
0.0676889
0.0676889
0.0676889
0.0676889
0.0676889
0.0676889
0.0676889
0.0676889
0.0676889
0.0676889
0.0676889
0.0676889
0.0676889
0.0676889
0.0676889
0.0676889
0.0676889
0.0676889
0.0676889
0.0676889
0.0676889
0.0676889
0.0676889
0.0676889
0.0676889
0.0676889
0.0676889
0.0676889
0.0676889
0.0676889
0.0676889
0.0676889
0.0676889
0.0676889
0.0676889
0.0676889
0.0676889
0.0676889
0.0676889
0.0676889
0.0676889
0.0676889
0.0676889
0.0676889
0.0676889
0.0676889
0.0676889
0.0676889
0.0676889
0.0676889
0.0676889
0.0676889
0.0676889
0.0676889
0.0676889
0.0676889
0.0676889
0.0676889
0.0676889
0.0676889
0.0676889
0.0676889
0.0676889
0.0676889
0.0676889
0.0676889
0.0676889
0.0676889
0.0676889
0.0676889
0.0676889
0.0676889
0.0676889
0.0676889
0.0676889
0.0676889
0.0676889
0.0676889
0.0676889
0.0676889
0.0676889
0.0676889
0.0676889
0.0676889
0.0676889
0.0676889
0.0676889
0.0676889
0.0676889
0.0676889
0.0676889
0.0676889
0.0676889
0.0676889
0.0676889
0.0676889
0.0676889
0.0676889
0.0676889
0.0676889
0.0676889
0.0676889
0.0676889
0.0676889
0.0676889
0.0676889
0.0676889
0.0676889
0.0676889
0.0676889
0.0676889
0.0676889
0.0676889
0.0676889
0.0676889
0.0676889
0.0676889
0.0676889
0.0676889
0.0676889
0.0676889
0.0676889
0.0676889
0.0676889
0.0676889
0.0676889
0.0676889
0.0676889
0.0676889
0.0676889
0.0676889
0.0676889
0.0676889
0.0676889
0.0676889
0.0676889
0.0676889
0.0676889
0.0676889
0.0676889
0.0676889
0.0676889
0.0676889
0.0676889
0.0676889
0.0676889
0.0676889
0.0676889
0.0676889
0.0676889
0.0676889
0.0676889
0.0676889
0.0676889
0.0676889
0.0676889
0.0676889
0.0676889
0.0676889
0.0676889
0.0676889
0.0676889
0.0676889
0.0676889
0.0676889
0.0676889
0.0676889
0.0676889
0.0676889
0.0676889
0.0676889
0.0676889
0.0676889
0.0676889
0.0676889
0.0676889
0.0676889
0.0676889
0.0676889
0.0676889
0.0676889
0.0676889
0.0676889
0.0676889
0.0676889
0.0676889
0.0676889
0.0676889
0.0676889
0.0676889
0.0676889
0.0676889
0.0676889
0.0676889
0.0676889
0.0676889
0.0676889
0.0676889
0.0676889
0.0676889
0.0676889
0.0676889
0.0676889
0.0676889
0.0676889
0.0676889
0.0676889
0.0676889
0.0676889
0.0676889
0.0676889
0.0676889
0.0676889
0.0676889
0.0676889
0.0676889
0.0676889
0.0676889
0.0676889
0.0676889
0.0676889
0.0676889
0.0676889
0.0676889
0.0676889
0.0676889
0.0676889
0.0676889
0.0676889
0.0676889
0.0676889
0.0676889
0.0676889
0.0676889
0.0676889
0.0676889
0.0676889
0.0676889
0.0676889
0.0676889
0.0676889
0.0676889
0.0676889
0.0676889
0.0676889
0.0676889
0.0676889
0.0676889
0.0676889
0.0676889
0.0676889
0.0676889
0.0676889
0.0676889
0.0676889
0.0676889
0.0676889
0.0676889
0.0676889
0.0676889
0.0676889
0.0676889
0.0676889
0.0676889
0.0676889
0.0676889
0.0676889
0.0676889
0.0676889
0.0676889
0.0676889
0.0676889
0.0676889
0.0676889
0.0676889
0.0676889
0.0676889
0.0676889
0.0676889
0.0676889
0.0676889
0.0676889
0.0676889
0.0676889
0.0676889
0.0676889
0.0676889
0.0676889
0.0676889
0.0676889
0.0676889
0.0676889
0.0676889
0.0676889
0.0676889
0.0676889
0.0676889
0.0676889
0.0676889
0.0676889
0.0676889
0.0676889
0.0676889
0.0676889
0.0676889
0.0676889
0.0676889
0.0676889
0.0676889
0.0676889
0.0676889
0.0676889
0.0676889
0.0676889
0.0676889
0.0676889
0.0676889
0.0676889
0.0676889
0.0676889
0.0676889
0.0676889
0.0676889
0.0676889
0.0676889
0.0676889
0.0676889
0.0676889
0.0676889
0.0676889
0.0676889
0.0676889
0.0676889
0.0676889
0.0676889
0.0676889
0.0676889
0.0676889
0.0676889
0.0676889
0.0676889
0.0676889
0.0676889
0.0676889
0.0676889
0.0676889
0.0676889
0.0676889
0.0676889
0.0676889
0.0676889
0.0676889
0.0676889
0.0676889
0.0676889
0.0676889
0.0676889
0.0676889
0.0676889
0.0676889
0.0676889
0.0676889
0.0676889
0.0676889
0.0676889
0.0676889
0.0676889
0.0676889
0.0676889
0.0676889
0.0676889
0.0676889
0.0676889
0.0676889
0.0676889
0.0676889
0.0676889
0.0676889
0.0676889
0.0676889
0.0676889
0.0676889
0.0676889
0.0676889
0.0676889
0.0676889
0.0676889
0.0676889
0.0676889
0.0676889
0.0676889
0.0676889
0.0676889
0.0676889
0.0676889
0.0676889
0.0676889
0.0676889
0.0676889
0.0676889
0.0676889
0.0676889
0.0676889
0.0676889
0.0676889
0.0676889
0.0676889
0.0676889
0.0676889
0.0676889
0.0676889
0.0676889
0.0676889
0.0676889
0.0676889
0.0676889
0.0676889
0.0676889
0.0676889
0.0676889
0.0676889
0.0676889
0.0676889
0.0676889
0.0676889
0.0676889
0.0676889
0.0676889
0.0676889
0.0676889
0.0676889
0.0676889
0.0676889
0.0676889
0.0676889
0.0676889
0.0676889
0.0676889
0.0676889
0.0676889
0.0676889
0.0676889
0.0676889
0.0676889
0.0676889
0.0676889
0.0676889
0.0676889
0.0676889
0.0676889
0.0676889
0.0676889
0.0676889
0.0676889
0.0676889
0.0676889
0.0676889
0.0676889
0.0676889
0.0676889
0.0676889
0.0676889
0.0676889
0.0676889
0.0676889
0.0676889
0.0676889
0.0676889
0.0676889
0.0676889
0.0676889
0.0676889
0.0676889
0.0676889
0.0676889
0.0676889
0.0676889
0.0676889
0.0676889
0.0676889
0.0676889
0.0676889
0.0676889
0.0676889
0.0676889
0.0676889
0.0676889
0.0676889
0.0676889
0.0676889
0.0676889
0.0676889
0.0676889
0.0676889
0.0676889
0.0676889
0.0676889
0.0676889
0.0676889
0.0676889
0.0676889
0.0676889
0.0676889
0.0676889
0.0676889
0.0676889
0.0676889
0.0676889
0.0676889
0.0676889
0.0676889
0.0676889
0.0676889
0.0676889
0.0676889
0.0676889
0.0676889
0.0676889
0.0676889
0.0676889
0.0676889
0.0676889
0.0676889
0.0676889
0.0676889
0.0676889
0.0676889
0.0676889
0.0676889
0.0676889
0.0676889
0.0676889
0.0676889
0.0676889
0.0676889
0.0676889
0.0676889
0.0676889
0.0676889
0.0676889
0.0676889
0.0676889
0.0676889
0.0676889
0.0676889
0.0676889
0.0676889
0.0676889
0.0676889
0.0676889
0.0676889
0.0676889
0.0676889
0.0676889
0.0676889
0.0676889
0.0676889
0.0676889
0.0676889
0.0676889
0.0676889
0.0676889
0.0676889
0.0676889
0.0676889
0.0676889
0.0676889
0.0676889
0.0676889
0.0676889
0.0676889
0.0676889
0.0676889
0.0676889
0.0676889
0.0676889
0.0676889
0.0676889
0.0676889
0.0676889
0.0676889
0.0676889
0.0676889
0.0676889
0.0676889
0.0676889
0.0676889
0.0676889
0.0676889
0.0676889
0.0676889
0.0676889
0.0676889
0.0676889
0.0676889
0.0676889
0.0676889
0.0676889
0.0676889
0.0676889
0.0676889
0.0676889
0.0676889
0.0676889
0.0676889
0.0676889
0.0676889
0.0676889
0.0676889
0.0676889
0.0676889
0.0676889
0.0676889
0.0676889
0.0676889
0.0676889
0.0676889
0.0676889
0.0676889
0.0676889
0.0676889
0.0676889
0.0676889
0.0676889
0.0676889
0.0676889
0.0676889
0.0676889
0.0676889
0.0676889
0.0676889
0.0676889
0.0676889
0.0676889
0.0676889
0.0676889
0.0676889
0.0676889
0.0676889
0.0676889
0.0676889
0.0676889
0.0676889
0.0676889
0.0676889
0.0676889
0.0676889
0.0676889
0.0676889
0.0676889
0.0676889
0.0676889
0.0676889
0.0676889
0.0676889
0.0676889
0.0676889
0.0676889
0.0676889
0.0676889
0.0676889
0.0676889
0.0676889
0.0676889
0.0676889
0.0676889
0.0676889
0.0676889
0.0676889
0.0675364
0.0671287
0.0668342
0.0665809
0.0661782
0.0659246
0.0655451
0.0652797
0.0649693
0.0647517
0.0644824
0.0641123
0.0639057
0.0636338
0.0633601
0.0630275
0.0628658
0.062552
0.0623603
0.0620837
0.0619041
0.06166
0.0614505
0.0611643
0.0610004
0.0607493
0.0604569
0.0601314
0.0599666
0.0597415
0.0594794
0.059219
0.0589119
0.0586224
0.058326
0.0581244
0.0577102
0.0574781
0.0570744
0.056804
0.0565414
0.0562277
0.0559416
0.0556536
0.0554462
0.0551577
0.0549264
0.0545875
0.0543023
0.0541045
0.0538163
0.0535143
0.0532531
0.0528171
0.0526509
0.0524181
0.0520327
0.0518829
0.0515474
0.0513412
0.0510279
0.0508617
0.0505912
0.0504318
0.0502637
0.0500309
0.0498358
0.0495597
0.0493249
0.0492547
0.049018
0.0488609
0.0486335
0.0484194
0.0482208
0.0479492
0.0478893
0.0476086
0.0474934
0.0472845
0.04714
0.0468995
0.0466976
0.0464555
0.0462716
0.0460014
0.0457706
0.0455903
0.0453263
0.0451616
0.0450103
0.0447585
0.0446452
0.0443509
0.0442052
0.0440331
0.0437979
0.0436614
0.0434516
0.0432438
0.0431495
0.0429567
0.0427983
0.0426135
0.0424146
0.0421518
0.0420393
0.0417825
0.0415674
0.0413252
0.0410024
0.0408847
0.0406749
0.0403799
0.0402281
0.0398135
0.0396859
0.0393611
0.0391775
0.0389842
0.0388164
0.0386086
0.0384357
0.0381573
0.0380356
0.0378735
0.0376647
0.0375272
0.0373554
0.0371705
0.0370056
0.0368152
0.0366475
0.0365037
0.0363294
0.0361528
0.0359189
0.0357673
0.0355198
0.0354201
0.0352392
0.0350795
0.0348609
0.0346975
0.034552
0.0343461
0.0341493
0.0339289
0.0338412
0.0336791
0.033453
0.0333516
0.033191
0.0330462
0.0328836
0.0327183
0.0325486
0.0324613
0.032265
0.032265
0.032265
0.032265
0.032265
0.032265
0.032265
0.032265
0.032265
0.032265
0.032265
0.032265
0.032265
0.032265
0.032265
0.032265
0.032265
0.032265
0.032265
0.032265
0.032265
0.032265
0.032265
0.032265
0.032265
0.032265
0.032265
0.032265
0.032265
0.032265
0.032265
0.032265
0.032265
0.032265
0.032265
0.032265
0.032265
0.032265
0.032265
0.032265
0.032265
0.032265
0.032265
0.032265
0.032265
0.032265
