2.59753e+06
1.62335e+06
1.32086e+06
1.32086e+06
1.32086e+06
1.00847e+06
1.00847e+06
1.00847e+06
747384
356276
295911
295911
141355
76264.5
76264.5
48862.7
48862.7
48862.7
31609.9
31609.9
21714
21714
15471.2
13061.3
11963.4
4341.75
4341.75
4013
2820
2377.36
1713.89
756.862
756.862
756.862
756.862
468.694
373.243
373.243
373.243
326.924
267.606
267.606
218.729
202.059
202.059
154.106
154.106
125.25
90.7689
49.2125
49.2125
49.2125
42.2667
42.2667
37.3522
37.3522
37.3522
37.2235
26.4379
26.4379
26.4379
26.4379
23.3738
23.3738
23.3738
23.3738
23.3738
22.9062
19.2862
17.2004
15.1058
15.0526
15.0526
14.2191
14.2191
14.2191
14.2191
13.7569
13.7052
13.7052
13.416
13.3007
13.3007
13.3007
13.0694
13.006
13.006
13.006
12.9587
12.8793
12.787
12.728
12.6858
12.6225
12.6225
12.5658
12.4803
12.4401
12.3808
12.3374
12.3256
12.2733
12.2461
12.1926
12.1712
12.1418
12.1021
12.0802
12.0522
12.0342
12.0018
11.9609
11.9365
11.9011
11.8781
11.861
11.8357
11.8121
11.7806
11.7546
11.7232
11.6876
11.6708
11.6484
11.6163
11.5863
11.5498
11.528
11.5015
11.4767
11.4519
11.4263
11.4008
11.3796
11.3577
11.338
11.3124
11.2982
11.2819
11.2634
11.2444
11.2258
11.205
11.1874
11.1701
11.1485
11.1268
11.1038
11.0808
11.0582
11.0397
11.0174
10.9878
10.9662
10.9424
10.9187
10.8935
10.8645
10.8378
10.8098
10.7787
10.7526
10.726
10.6908
10.6693
10.6383
10.6153
10.5857
10.556
10.5311
10.5032
10.475
10.4545
10.428
10.3994
10.3783
10.3433
10.3278
10.3006
10.2694
10.2467
10.2228
10.1955
10.1721
10.1476
10.1133
10.0983
10.0738
10.0488
10.0291
10.0109
9.99028
9.96643
9.94945
9.92502
9.89724
9.87841
9.85548
9.83427
9.80903
9.78769
9.75976
9.73817
9.71362
9.69342
9.6757
9.65747
9.63406
9.61705
9.59695
9.579
9.55846
9.54014
9.51592
9.49832
9.47592
9.448
9.43662
9.41928
9.40101
9.3811
9.36404
9.34399
9.32277
9.3083
9.28991
9.27461
9.25868
9.2411
9.22358
9.20819
9.18886
9.17076
9.15474
9.13721
9.12058
9.10432
9.0878
9.07338
9.05746
9.0422
9.02725
9.01357
8.99925
8.98211
8.96894
8.94687
8.93383
8.92123
8.90879
8.88606
8.87353
8.85448
8.84076
8.82123
8.80114
8.78358
8.76762
8.74997
8.72917
8.71368
8.69278
8.67601
8.65973
8.64075
8.62306
8.6069
8.59179
8.5735
8.55679
8.54346
8.52337
8.51506
8.49673
8.47699
8.46309
8.44863
8.43044
8.4155
8.40084
8.3862
8.36707
8.35283
8.34151
8.32211
8.3021
8.2877
8.27046
8.2554
8.23742
8.21991
8.203
8.18188
8.15743
8.13871
8.11512
8.08471
8.06413
8.03093
8.01056
7.9857
7.96204
7.93437
7.9115
7.88192
7.85839
7.83335
7.81195
7.78073
7.75639
7.72878
7.7031
7.67771
7.65169
7.61712
7.59146
7.57036
7.54647
7.51103
7.49149
7.469
7.44697
7.41482
7.39962
7.37604
7.34617
7.30771
7.28549
7.25918
7.22228
7.1995
7.16515
7.13663
7.11012
7.08371
7.05676
7.03194
7.01226
6.98347
6.96084
6.93709
6.90052
6.8656
6.85149
6.82217
6.79511
6.76983
6.74754
6.71975
6.69385
6.66493
6.63757
6.60611
6.56766
6.53912
6.51637
6.48482
6.45744
6.4323
6.40791
6.38101
6.3536
6.33359
6.3068
6.28843
6.26577
6.24239
6.21913
6.20056
6.17403
6.15778
6.14197
6.11991
6.09956
6.07764
6.05769
6.04092
6.01466
5.99284
5.97745
5.95717
5.93553
5.91469
5.89597
5.87101
5.85248
5.82336
5.8066
5.77958
5.76393
5.74376
5.72491
5.69133
5.67333
5.6435
5.62305
5.59678
5.57794
5.55737
5.53592
5.51173
5.49483
5.46837
5.4472
5.42213
5.39651
5.36838
5.34945
5.31583
5.29271
5.2695
5.2454
5.22448
5.20414
5.17958
5.15785
5.137
5.10396
5.09108
5.06817
5.03828
5.02584
5.00951
4.98965
4.96394
4.94339
4.91515
4.89122
4.86731
4.83322
4.81082
4.78721
4.76167
4.73988
4.71524
4.69287
4.66375
4.64123
4.61438
4.58491
4.55253
4.5288
4.4996
4.46939
4.44093
4.41611
4.38804
4.35956
4.33528
4.30963
4.28248
4.26129
4.23345
4.20386
4.18222
4.1534
4.12969
4.10559
4.08239
4.05939
4.0396
4.01479
3.99411
3.96387
3.94301
3.91509
3.89763
3.8692
3.84838
3.82474
3.80455
3.77831
3.76041
3.73172
3.70025
3.68023
3.64903
3.63213
3.60672
3.58049
3.55269
3.52895
3.50286
3.47121
3.44267
3.42464
3.40048
3.37358
3.3475
3.32723
3.30033
3.2762
3.23947
3.22201
3.20281
3.17463
3.15151
3.13176
3.10873
3.08236
3.06195
3.0429
3.01789
2.99848
2.98067
2.95854
2.93435
2.91579
2.89289
2.87608
2.85947
2.83989
2.8225
2.80664
2.78904
2.77073
2.75711
2.73829
2.72587
2.70948
2.69639
2.6816
2.66577
2.64965
2.63373
2.61178
2.60195
2.58311
2.56783
2.54901
2.53445
2.50774
2.49325
2.47577
2.46063
2.43696
2.42456
2.40569
2.38878
2.37199
2.34902
2.33392
2.31197
2.30061
2.28368
2.26085
2.24948
2.23386
2.21743
2.19837
2.18379
2.16584
2.14717
2.12449
2.1084
2.09349
2.06837
2.04132
2.02135
1.99774
1.97196
1.94926
1.9259
1.90456
1.88207
1.85592
1.83666
1.80598
1.77725
1.76137
1.74176
1.70485
1.68411
1.65424
1.63005
1.60667
1.57204
1.55169
1.52908
1.49755
1.47179
1.44131
1.41103
1.38935
1.36679
1.33987
1.31464
1.29297
1.27252
1.24504
1.22806
1.20808
1.18943
1.17111
1.15317
1.13739
1.11955
1.10078
1.08059
1.06337
1.04843
1.02746
1.00968
0.995475
0.976688
0.962159
0.943817
0.927639
0.915893
0.898781
0.888954
0.874676
0.860958
0.849608
0.83813
0.828037
0.817685
0.807556
0.7973
0.786537
0.774946
0.765909
0.756392
0.748356
0.738654
0.729665
0.720299
0.709622
0.702428
0.692074
0.683065
0.67459
0.665363
0.656052
0.648969
0.640348
0.626856
0.621621
0.605951
0.597797
0.588352
0.577213
0.568703
0.559589
0.547431
0.538347
0.527535
0.520389
0.511682
0.505436
0.495905
0.48904
0.478817
0.469797
0.461398
0.452224
0.445639
0.436163
0.429711
0.420659
0.414106
0.407024
0.400894
0.393161
0.388036
0.380902
0.374616
0.3685
0.362653
0.357432
0.350959
0.346779
0.341093
0.336535
0.331497
0.327842
0.323498
0.318917
0.314429
0.310427
0.306032
0.300978
0.297493
0.293321
0.28983
0.28576
0.282397
0.278579
0.275009
0.271709
0.268707
0.263213
0.260504
0.258185
0.254736
0.251811
0.249191
0.245738
0.242656
0.240681
0.238294
0.235122
0.232873
0.231141
0.228291
0.2264
0.223419
0.22161
0.218581
0.216346
0.21425
0.211546
0.209441
0.20688
0.204783
0.202247
0.200098
0.197699
0.19574
0.193647
0.191629
0.189828
0.187756
0.186014
0.184218
0.182858
0.181589
0.179865
0.178653
0.177573
0.17621
0.175561
0.174475
0.173561
0.172509
0.171625
0.170852
0.169959
0.169107
0.168517
0.167794
0.166829
0.166091
0.165352
0.164353
0.163606
0.162658
0.161897
0.16101
0.159961
0.15897
0.158241
0.157136
0.156255
0.155247
0.154061
0.153133
0.151945
0.150919
0.149925
0.148862
0.147732
0.146655
0.145648
0.1446
0.143457
0.142062
0.141113
0.140069
0.139004
0.137798
0.136715
0.13565
0.134365
0.13297
0.132032
0.130711
0.129534
0.128439
0.127084
0.125777
0.124521
0.123236
0.1223
0.121113
0.120085
0.118705
0.117827
0.116796
0.115778
0.114876
0.113958
0.112599
0.111721
0.110845
0.109754
0.108944
0.108053
0.107095
0.106366
0.105556
0.104691
0.103869
0.102885
0.102278
0.10142
0.100557
0.0996002
0.0987788
0.0979659
0.0971719
0.096434
0.0955843
0.0950073
0.0942824
0.0935373
0.0926747
0.0919911
0.0911242
0.090431
0.0898114
0.0890642
0.0883637
0.0879177
0.0872072
0.0866143
0.0860315
0.0853298
0.084753
0.0839463
0.0834128
0.0826577
0.082016
0.0812496
0.0804928
0.0796503
0.0789495
0.0782093
0.0775794
0.0768081
0.0759768
0.0751338
0.0743776
0.07378
0.0728138
0.0724398
0.0716385
0.0709981
0.0703486
0.069629
0.0690411
0.0682537
0.0674359
0.0666514
0.0662428
0.0656637
0.0650411
0.064488
0.0640179
0.0634867
0.0630117
0.0624653
0.0619375
0.0614562
0.0610316
0.0605515
0.0602255
0.0596837
0.0593628
0.0589286
0.0584978
0.0580536
0.0575145
0.0571548
0.0567929
0.0563904
0.0559392
0.0556174
0.0551524
0.0548063
0.0544291
0.0539859
0.0535819
0.053063
0.0527378
0.0523648
0.0519301
0.0515062
0.0512196
0.0508365
0.0505315
0.0502085
0.0498884
0.0496256
0.0492464
0.0490943
0.048794
0.0485746
0.0482749
0.047965
0.047677
0.0474076
0.0470294
0.0467252
0.0465139
0.0462663
0.0459704
0.0456345
0.045371
0.0450948
0.0447715
0.0445002
0.0441381
0.043843
0.0435264
0.0432101
0.0427185
0.0425399
0.0422715
0.042
0.0416129
0.0413186
0.0410184
0.0407905
0.0404351
0.0401641
0.0398326
0.0395033
0.039133
0.038802
0.0384794
0.0380525
0.0377536
0.0373628
0.0370149
0.0366861
0.0362646
0.0358472
0.0354269
0.0351918
0.0347351
0.034339
0.0340539
0.0336465
0.0332977
0.0330258
0.0327211
0.0323671
0.0320762
0.0318218
0.0315808
0.0313433
0.0310564
0.0307802
0.030593
0.0302944
0.0300508
0.0297768
0.0294636
0.0292195
0.0290159
0.0288399
0.0286142
0.0283832
0.0281856
0.0279293
0.027776
0.0276025
0.0273857
0.0271746
0.0269931
0.0268037
0.0268037
0.0268037
0.0268037
0.0268037
0.0268037
0.0268037
0.0268037
0.0268037
0.0268037
0.0268037
0.0268037
0.0268037
0.0268037
0.0268037
0.0268037
0.0268037
0.0268037
0.0268037
0.0268037
0.0268037
0.0268037
0.0268037
0.0268037
0.0268037
0.0268037
0.0268037
0.0268037
0.0268037
0.0268037
0.0268037
0.0268037
0.0268037
0.0268037
0.0268037
0.0268037
0.0268037
0.0268037
0.0268037
0.0268037
0.0268037
0.0268037
0.0268037
0.0268037
0.0268037
0.0268037
0.0268037
0.0268037
0.0268037
0.0268037
0.0268037
0.0268037
0.0268037
0.0268037
0.0268037
0.0268037
0.0268037
0.0268037
0.0268037
0.0268037
0.0268037
0.0268037
0.0268037
0.0268037
0.0268037
0.0268037
0.0268037
0.0268037
0.0268037
0.0268037
0.0268037
0.0268037
0.0268037
0.0268037
0.0268037
0.0268037
0.0268037
0.0268037
0.0268037
0.0268037
0.0268037
0.0268037
0.0268037
0.0268037
0.0268037
0.0268037
0.0268037
0.0268037
0.0268037
0.0268037
0.0268037
0.0268037
0.0268037
0.0268037
0.0268037
0.0268037
0.0268037
0.0268037
0.0268037
0.0268037
0.0268037
0.0268037
0.0268037
0.0268037
0.0268037
0.0268037
0.0268037
0.0268037
0.0268037
0.0268037
0.0268037
0.0268037
0.0268037
0.0268037
0.0268037
0.0268037
0.0268037
0.0268037
0.0268037
0.0268037
0.0268037
0.0268037
0.0268037
0.0268037
0.0268037
0.0268037
0.0268037
0.0268037
0.0268037
0.0268037
0.0268037
0.0268037
0.0268037
0.0268037
0.0268037
0.0268037
0.0268037
0.0268037
0.0268037
0.0268037
0.0268037
0.0268037
0.0268037
0.0268037
0.0268037
0.0268037
0.0268037
0.0268037
0.0268037
0.0268037
0.0268037
0.0268037
0.0268037
0.0268037
0.0268037
0.0268037
0.0268037
0.0268037
0.0268037
0.0268037
0.0268037
0.0268037
0.0268037
0.0268037
0.0268037
0.0268037
0.0268037
0.0268037
0.0268037
0.0268037
0.0268037
0.0268037
0.0268037
0.0268037
0.0268037
0.0268037
0.0268037
0.0268037
0.0268037
0.0268037
0.0268037
0.0268037
0.0268037
0.0268037
0.0268037
0.0268037
0.0268037
0.0268037
0.0268037
0.0268037
0.0268037
0.0268037
0.0268037
0.0268037
0.0268037
0.0268037
0.0268037
0.0268037
0.0268037
0.0268037
0.0268037
0.0268037
0.0268037
0.0268037
0.0268037
0.0268037
0.0268037
0.0268037
0.0268037
0.0268037
0.0268037
0.0268037
0.0268037
0.0268037
0.0268037
0.0268037
0.0268037
0.0268037
0.0268037
0.0268037
0.0268037
0.0268037
0.0268037
0.0268037
0.0268037
0.0268037
0.0268037
0.0268037
0.0268037
0.0268037
0.0268037
0.0268037
0.0268037
0.0268037
0.0268037
0.0268037
0.0268037
0.0268037
0.0268037
0.0268037
0.0268037
0.0268037
0.0268037
0.0268037
0.0268037
0.0268037
0.0268037
0.0268037
0.0268037
0.0268037
0.0268037
0.0268037
0.0268037
0.0268037
0.0268037
0.0268037
0.0268037
0.0268037
0.0268037
0.0268037
0.0268037
0.0268037
0.0268037
0.0268037
0.0268037
0.0268037
0.0268037
0.0268037
0.0268037
0.0268037
0.0268037
0.0268037
0.0268037
0.0268037
0.0268037
0.0268037
0.0268037
0.0268037
0.0268037
0.0268037
0.0268037
0.0268037
0.0268037
0.0268037
0.0268037
0.0268037
0.0268037
0.0268037
0.0268037
0.0268037
0.0268037
0.0268037
0.0268037
0.0268037
0.0268037
0.0268037
0.0268037
0.0268037
0.0268037
0.0268037
0.0268037
0.0268037
0.0268037
0.0268037
0.0268037
0.0268037
0.0268037
0.0268037
0.0268037
0.0268037
0.0268037
0.0268037
0.0268037
0.0268037
0.0268037
0.0268037
0.0268037
0.0268037
0.0268037
0.0268037
0.0268037
0.0268037
0.0268037
0.0268037
0.0268037
0.0268037
0.0268037
0.0268037
0.0268037
0.0268037
0.0268037
0.0268037
0.0268037
0.0268037
0.0268037
0.0268037
0.0268037
0.0268037
0.0268037
0.0268037
0.0268037
0.0268037
0.0268037
0.0268037
0.0268037
0.0268037
0.0268037
0.0268037
0.0268037
0.0268037
0.0268037
0.0268037
0.0268037
0.0268037
0.0268037
0.0268037
0.0268037
0.0268037
0.0268037
0.0268037
0.0268037
0.0268037
0.0268037
0.0268037
0.0268037
0.0268037
0.0268037
0.0268037
0.0268037
0.0268037
0.0268037
0.0268037
0.0268037
0.0268037
0.0268037
0.0268037
0.0268037
0.0268037
0.0268037
0.0268037
0.0268037
0.0268037
0.0268037
0.0268037
0.0268037
0.0268037
0.0268037
0.0268037
0.0268037
0.0268037
0.0268037
0.0268037
0.0268037
0.0268037
0.0268037
0.0268037
0.0268037
0.0268037
0.0268037
0.0268037
0.0268037
0.0268037
0.0268037
0.0268037
0.0268037
0.0268037
0.0268037
0.0268037
0.0268037
0.0268037
0.0268037
0.0268037
0.0268037
0.0268037
0.0268037
0.0268037
0.0268037
0.0268037
0.0268037
0.0268037
0.0268037
0.0268037
0.0268037
0.0268037
0.0268037
0.0268037
0.0268037
0.0268037
0.0268037
0.0268037
0.0268037
0.0268037
0.0268037
0.0268037
0.0268037
0.0268037
0.0268037
0.0268037
0.0268037
0.0268037
0.0268037
0.0268037
0.0268037
0.0268037
0.0268037
0.0268037
0.0268037
0.0268037
0.0268037
0.0268037
0.0268037
0.0268037
0.0268037
0.0268037
0.0268037
0.0268037
0.0268037
0.0268037
0.0268037
0.0268037
0.0268037
0.0268037
0.0268037
0.0268037
0.0268037
0.0268037
0.0268037
0.0268037
0.0268037
0.0268037
0.0268037
0.0268037
0.0268037
0.0268037
0.0268037
0.0268037
0.0268037
0.0268037
0.0268037
0.0268037
0.0268037
0.0268037
0.0268037
0.0268037
0.0268037
0.0268037
0.0268037
0.0268037
0.0268037
0.0268037
0.0268037
0.0268037
0.0268037
0.0268037
0.0268037
0.0268037
0.0268037
0.0268037
0.0268037
0.0268037
0.0268037
0.0268037
0.0268037
0.0268037
0.0268037
0.0268037
0.0268037
0.0268037
0.0268037
0.0268037
0.0268037
0.0268037
0.0268037
0.0268037
0.0268037
0.0268037
0.0268037
0.0268037
0.0268037
0.0268037
0.0268037
0.0268037
0.0268037
0.0268037
0.0268037
0.0268037
0.0268037
0.0268037
0.0268037
0.0268037
0.0268037
0.0268037
0.0268037
0.0268037
0.0268037
0.0268037
0.0268037
0.0268037
0.0268037
0.0268037
0.0268037
0.0268037
0.0268037
0.0268037
0.0268037
0.0268037
0.0268037
0.0268037
0.0268037
0.0268037
0.0268037
0.0268037
0.0268037
0.0268037
0.0268037
0.0268037
0.0268037
0.0268037
0.0268037
0.0268037
0.0268037
0.0268037
0.0268037
0.0268037
0.0268037
0.0268037
0.0268037
0.0268037
0.0268037
0.0268037
0.0268037
0.0268037
0.0268037
0.0268037
0.0268037
0.0268037
0.0268037
0.0268037
0.0268037
0.0268037
0.0268037
0.0268037
0.0268037
0.0268037
0.0268037
0.0268037
0.0268037
0.0268037
0.0268037
0.0268037
0.0268037
0.0268037
0.0268037
0.0268037
0.0268037
0.0268037
0.0268037
0.0268037
0.0268037
0.0268037
0.0268037
0.0268037
0.0268037
0.0268037
0.0268037
0.0268037
0.0268037
0.0268037
0.0268037
0.0268037
0.0268037
0.0268037
0.0268037
0.0268037
0.0268037
0.0268037
0.0268037
0.0268037
0.0268037
0.0268037
0.0268037
0.0268037
0.0268037
0.0268037
0.0268037
0.0268037
0.0268037
0.0268037
0.0268037
0.0268037
0.0268037
0.0268037
0.0268037
0.0268037
0.0268037
0.0268037
0.0268037
0.0268037
0.0268037
0.0268037
0.0268037
0.0268037
0.0268037
0.0268037
0.0268037
0.0268037
0.0268037
0.0268037
0.0268037
0.0268037
0.0268037
0.0268037
0.0268037
0.0268037
0.0268037
0.0268037
0.0268037
0.0268037
0.0268037
0.0268037
0.0268037
0.0268037
0.0268037
0.0268037
0.0268037
0.0268037
0.0268037
0.0268037
0.0268037
0.0268037
0.0268037
0.0268037
0.0268037
0.0268037
0.0268037
0.0268037
0.0268037
0.0268037
0.0268037
0.0268037
0.0268037
0.0268037
0.0268037
0.0268037
0.0268037
0.0268037
0.0268037
0.0268037
0.0268037
0.0268037
0.0268037
0.0268037
0.0268037
0.0268037
0.0268037
0.0268037
0.0268037
0.0268037
0.0268037
0.0268037
0.0268037
0.0268037
0.0268037
0.0268037
0.0268037
0.0268037
0.0268037
0.0268037
0.0268037
0.0268037
0.0268037
0.0268037
0.0268037
0.0268037
0.0268037
0.0268037
0.0268037
0.0268037
0.0268037
0.0268037
0.0268037
0.0268037
0.0268037
0.0268037
0.0268037
0.0268037
0.0268037
0.0268037
0.0268037
0.0268037
0.0268037
0.0268037
0.0268037
0.0268037
0.0268037
0.0268037
0.0268037
0.0268037
0.0268037
0.0268037
0.0268037
0.0268037
0.0268037
0.0268037
0.0268037
0.0268037
0.0268037
0.0268037
0.0268037
0.0268037
0.0268037
0.0268037
0.0268037
0.0268037
0.0268037
0.0268037
0.0268037
0.0268037
0.0268037
0.0268037
0.0268037
0.0268037
0.0268037
0.0268037
0.0268037
0.0268037
0.0268037
0.0268037
0.0268037
0.0268037
0.0268037
0.0268037
0.0268037
0.0268037
0.0268037
0.0268037
0.0268037
0.0268037
0.0268037
0.0268037
0.0268037
0.0268037
0.0268037
0.0268037
0.0268037
0.0268037
0.0268037
0.0268037
0.0268037
0.0268037
0.0268037
0.0268037
0.0268037
0.0268037
0.0268037
0.0268037
0.0268037
0.0268037
0.0268037
0.0268037
0.0268037
0.0268037
0.0268037
0.0268037
0.0268037
0.0268037
0.0268037
0.0268037
0.0268037
0.0268037
0.0268037
0.0268037
0.0268037
0.0268037
0.0268037
0.0268037
0.0268037
0.0268037
0.0268037
0.0268037
0.0268037
0.0268037
0.0268037
0.0268037
0.0268037
0.0268037
0.0268037
0.0268037
0.0268037
0.0268037
0.0268037
0.0268037
0.0268037
0.0268037
0.0268037
0.0268037
0.0268037
0.0268037
0.0268037
0.0268037
0.0268037
0.0266024
0.0263861
0.0261407
0.0259683
0.0257412
0.0257412
0.0257412
0.0257412
0.0257412
0.0257412
0.0257412
0.0257412
0.0257412
0.0257412
0.0257412
0.0257412
0.0257412
0.0257412
0.0257412
0.0257412
0.0257412
0.0257412
0.0257412
0.0257412
0.0257412
0.0257412
0.0257412
0.0257412
0.0257412
0.0257412
0.0257412
0.0257412
0.0257412
0.0257412
0.0257412
0.0257412
0.0257412
0.0257412
0.0257412
0.0257412
0.0257412
0.0257412
0.0257412
0.0257412
0.0257412
0.0257412
0.0257412
0.0257412
0.0257412
0.0257412
0.0257412
0.0257412
0.0257412
0.0257412
0.0257412
0.0257412
0.0257412
0.0257412
0.0257412
0.0257412
0.0257412
0.0257412
0.0257412
0.0257412
0.0257412
0.0257412
0.0257412
0.0257412
0.0257412
0.0257412
0.0257412
0.0257412
0.0257412
0.0257412
0.0257412
0.0257412
0.0257412
0.0257412
0.0257412
0.0257412
0.0257412
0.0257412
0.0257412
0.0257412
0.0257412
0.0257412
0.0257412
0.0257412
0.0257412
0.0257412
0.0257412
0.0257412
0.0257412
0.0257412
0.0257412
0.0257412
0.0257412
0.0257412
0.0257412
0.0257412
0.0257412
0.0257412
0.0257412
0.0257412
0.0257412
0.0257412
0.0257412
0.0257412
0.0257412
0.0257412
0.0257412
0.0257412
0.0257412
0.0257412
0.0257412
0.0257412
0.0257412
0.0257412
0.0257412
