5.09836e+06
2.06934e+06
2.01557e+06
1.28596e+06
938790
432704
432704
183604
183604
183604
113681
113681
96486.7
96486.7
24437.8
24437.8
24437.8
18305.8
18305.8
18305.8
11484.6
9498.18
5515.13
3254.86
3254.86
3240.5
2544.2
1423.51
866.448
866.448
683.66
683.66
683.66
683.66
567.529
286.536
223.106
223.106
186.755
186.755
132.735
132.735
132.735
132.735
118.485
100.322
100.322
45.2569
45.2569
45.2569
45.2569
44.6377
36.3962
36.3962
23.74
23.74
23.74
23.74
22.3525
21.4439
17.1999
17.1999
17.1999
17.1999
17.1999
16.0875
16.0875
14.6394
14.6394
14.6394
14.6394
14.6394
14.6056
14.6056
14.4517
14.3683
14.0583
14.0583
14.0583
13.8461
13.7016
13.6283
13.6283
13.5468
13.5468
13.4798
13.4798
13.4158
13.391
13.3636
13.1778
13.0539
12.9552
12.8476
12.7756
12.6528
12.629
12.4975
12.4567
12.3696
12.3127
12.2658
12.1871
12.1414
12.0987
12.0589
11.9997
11.9561
11.9243
11.8879
11.8392
11.7868
11.7493
11.6983
11.6583
11.6187
11.5609
11.5218
11.4716
11.4282
11.3933
11.346
11.3221
11.2963
11.2624
11.2316
11.1926
11.1488
11.1248
11.096
11.0473
11.0167
10.9887
10.9514
10.9183
10.8748
10.8421
10.809
10.7926
10.7653
10.7381
10.7119
10.6879
10.6605
10.636
10.6073
10.5842
10.5691
10.5323
10.5118
10.4856
10.4607
10.439
10.408
10.3889
10.3671
10.3402
10.324
10.3028
10.2796
10.2551
10.2352
10.2132
10.1914
10.1727
10.1498
10.1314
10.1105
10.0899
10.0667
10.0519
10.0325
10.0118
9.98773
9.97063
9.94345
9.93029
9.90962
9.89347
9.87351
9.85285
9.82935
9.80598
9.78543
9.75718
9.73417
9.70287
9.68456
9.66022
9.6329
9.61208
9.58261
9.5531
9.52369
9.50006
9.48005
9.45117
9.41819
9.39503
9.35816
9.33158
9.31176
9.28562
9.26085
9.23059
9.19881
9.1681
9.14088
9.11489
9.08721
9.05637
9.02921
8.99974
8.97307
8.9399
8.90522
8.8774
8.84649
8.8155
8.78841
8.75145
8.72609
8.70094
8.6759
8.64826
8.61991
8.5941
8.56245
8.53919
8.51227
8.48357
8.4551
8.4282
8.39791
8.38192
8.35542
8.32869
8.30581
8.28011
8.25895
8.22732
8.20007
8.1682
8.14078
8.10923
8.08645
8.05217
8.02442
7.98824
7.96376
7.93504
7.89682
7.87619
7.8444
7.81813
7.7799
7.75128
7.73255
7.7037
7.67416
7.65029
7.62436
7.59477
7.57267
7.54216
7.52203
7.48932
7.46616
7.43864
7.42226
7.39456
7.3692
7.34872
7.32477
7.30818
7.28384
7.25971
7.24373
7.21401
7.20149
7.17904
7.15839
7.13897
7.11635
7.09531
7.07543
7.05404
7.02319
6.99372
6.97813
6.94889
6.92373
6.89879
6.87878
6.85208
6.83672
6.80615
6.78752
6.75949
6.74201
6.71519
6.69238
6.67182
6.64816
6.62303
6.60703
6.58705
6.56709
6.55443
6.53188
6.51846
6.49694
6.48392
6.46435
6.44833
6.426
6.40767
6.39259
6.37361
6.35886
6.3409
6.32443
6.30796
6.2895
6.27655
6.25539
6.23701
6.22066
6.20544
6.18883
6.16782
6.15103
6.12999
6.11425
6.09491
6.08093
6.06428
6.04849
6.03337
6.01895
6.00296
5.98834
5.97303
5.95613
5.944
5.92866
5.91542
5.901
5.88612
5.87181
5.85911
5.84323
5.82866
5.8109
5.79545
5.78115
5.76896
5.75344
5.73938
5.72585
5.70839
5.69398
5.67939
5.65946
5.6382
5.61941
5.59517
5.57281
5.55309
5.53208
5.51031
5.49027
5.46753
5.4467
5.42397
5.40395
5.38615
5.36368
5.34418
5.32171
5.29846
5.27794
5.25548
5.2385
5.21197
5.19091
5.17262
5.15014
5.13097
5.10924
5.08503
5.06077
5.03458
5.01452
4.9912
4.96604
4.94009
4.90839
4.88946
4.86524
4.84176
4.80924
4.78584
4.75505
4.72701
4.69729
4.6735
4.64121
4.60944
4.58076
4.54666
4.51366
4.48444
4.45184
4.42371
4.38121
4.35409
4.32354
4.28974
4.27441
4.24496
4.21303
4.18253
4.16314
4.13217
4.08964
4.06637
4.04382
4.02156
3.99293
3.97258
3.94527
3.91564
3.88964
3.85851
3.83555
3.80772
3.78045
3.74646
3.71185
3.69228
3.65857
3.62644
3.5985
3.57051
3.54021
3.51066
3.48002
3.44937
3.42746
3.4013
3.36884
3.3454
3.3264
3.30347
3.28117
3.26169
3.24768
3.22865
3.2114
3.19389
3.17597
3.15679
3.14162
3.12327
3.1046
3.08738
3.06865
3.04868
3.03501
3.01488
2.99287
2.97801
2.96001
2.94109
2.91678
2.89824
2.87872
2.85086
2.82877
2.80647
2.78157
2.76195
2.74736
2.72242
2.70236
2.67896
2.65103
2.62719
2.60033
2.57898
2.5613
2.54209
2.51882
2.49589
2.47362
2.44985
2.42672
2.40698
2.38624
2.36308
2.33986
2.31475
2.29251
2.27187
2.25084
2.23043
2.2074
2.18834
2.16956
2.14477
2.12354
2.10416
2.08737
2.06806
2.04936
2.03186
2.00983
1.99052
1.97077
1.9518
1.92925
1.91597
1.89751
1.88366
1.8649
1.84618
1.82013
1.81517
1.7981
1.78327
1.77073
1.75655
1.73973
1.72619
1.71511
1.70402
1.69063
1.67804
1.66727
1.65678
1.64267
1.63153
1.61898
1.60446
1.59276
1.57945
1.56657
1.55181
1.54048
1.5303
1.51682
1.50572
1.49504
1.48611
1.47455
1.46387
1.44963
1.43768
1.43087
1.41951
1.40757
1.39234
1.38144
1.37055
1.35951
1.3469
1.33823
1.32943
1.31933
1.30925
1.29946
1.28859
1.27748
1.26798
1.25737
1.2471
1.23756
1.22548
1.21615
1.20317
1.19281
1.17871
1.16874
1.15792
1.14419
1.13173
1.11756
1.10475
1.09563
1.07898
1.06889
1.05479
1.04096
1.02981
1.01783
1.00676
0.995558
0.986348
0.972983
0.962982
0.952763
0.941363
0.930856
0.92099
0.909949
0.899277
0.889328
0.879462
0.868105
0.861006
0.852682
0.842362
0.833764
0.825193
0.812763
0.804406
0.794989
0.7847
0.775339
0.766537
0.75336
0.743641
0.732462
0.720351
0.70932
0.702605
0.692145
0.683206
0.674029
0.664666
0.653724
0.645931
0.637809
0.629375
0.620697
0.611253
0.606482
0.599192
0.593223
0.586175
0.580668
0.573604
0.567115
0.561429
0.555457
0.550431
0.543561
0.536663
0.531365
0.522966
0.515652
0.510775
0.503502
0.497999
0.491508
0.483056
0.477707
0.471168
0.465467
0.457653
0.454121
0.446803
0.440751
0.434158
0.425502
0.422921
0.415413
0.410264
0.404813
0.398382
0.393007
0.38685
0.382015
0.378129
0.372311
0.36877
0.363961
0.358237
0.354064
0.350552
0.345613
0.340679
0.336977
0.333219
0.329482
0.325445
0.322424
0.319187
0.315696
0.312645
0.309229
0.305544
0.30192
0.300038
0.297154
0.2947
0.292654
0.290077
0.287813
0.28547
0.282874
0.28097
0.278717
0.27649
0.274212
0.272484
0.270174
0.268413
0.266244
0.264868
0.26284
0.260757
0.258669
0.256712
0.255348
0.253069
0.250649
0.248861
0.246679
0.24452
0.242239
0.240394
0.23828
0.236458
0.234693
0.232207
0.230146
0.228325
0.226245
0.224307
0.222247
0.220611
0.218833
0.217095
0.214821
0.213326
0.211264
0.209284
0.207813
0.206445
0.204533
0.202898
0.20133
0.199431
0.197828
0.195985
0.193897
0.191954
0.19032
0.188292
0.187236
0.18572
0.183857
0.182587
0.181633
0.180535
0.179559
0.178303
0.177348
0.176237
0.174843
0.173882
0.172606
0.171571
0.170274
0.169403
0.16837
0.167221
0.166214
0.165145
0.163841
0.162621
0.161386
0.160381
0.159006
0.158104
0.157017
0.15573
0.154612
0.153559
0.152694
0.151341
0.149842
0.148561
0.147385
0.146155
0.144523
0.143663
0.14224
0.141373
0.140209
0.139077
0.137958
0.136481
0.135301
0.134098
0.13284
0.131787
0.130382
0.129387
0.128046
0.126743
0.125609
0.12398
0.122724
0.121123
0.119896
0.118733
0.117447
0.116394
0.115256
0.114093
0.113122
0.111938
0.110694
0.109669
0.108783
0.107746
0.106593
0.105618
0.104453
0.103615
0.102747
0.101731
0.100718
0.0999523
0.098981
0.0981577
0.0973586
0.0964471
0.0956565
0.0946923
0.0939888
0.0931921
0.0925319
0.0916194
0.0906278
0.0896642
0.0887289
0.0880822
0.0872593
0.0863437
0.0853236
0.084378
0.0837999
0.0830453
0.082375
0.0816385
0.080824
0.0801861
0.0794865
0.0787209
0.0781928
0.0774124
0.076879
0.076207
0.0755039
0.0749095
0.0743202
0.0737002
0.0731499
0.0725408
0.072006
0.0715049
0.0708232
0.0703702
0.0698354
0.0694127
0.0689857
0.0683646
0.0679067
0.0673306
0.066752
0.0663271
0.0657906
0.0652106
0.0645854
0.0640341
0.0635888
0.0630532
0.0624774
0.0620924
0.0613899
0.0610637
0.0604533
0.0598048
0.0592651
0.0588138
0.0580677
0.057416
0.0569293
0.0563077
0.0557087
0.0549142
0.0543928
0.0538004
0.0532422
0.052616
0.0521511
0.0515939
0.0510534
0.0505551
0.0499466
0.0496058
0.0492072
0.048814
0.0483993
0.0480568
0.0476803
0.0473851
0.0470426
0.046583
0.0463423
0.046014
0.0456524
0.0453206
0.0449735
0.0447229
0.0443133
0.0439357
0.0435985
0.0432028
0.0429661
0.0425609
0.0421835
0.0418043
0.0415013
0.041091
0.0408335
0.0405107
0.040157
0.0398203
0.0395854
0.0392701
0.0390264
0.038722
0.0384754
0.0382152
0.0379559
0.0376889
0.0374473
0.0372362
0.0369772
0.0368358
0.0365859
0.0363519
0.0361086
0.0359309
0.0357199
0.0353762
0.0352387
0.0349762
0.0347581
0.0344925
0.0342301
0.0340052
0.0338202
0.0335613
0.0333824
0.0332045
0.0330301
0.0328211
0.0326624
0.0324948
0.0321627
0.0320755
0.0318901
0.0316744
0.0315097
0.0312854
0.0311327
0.0309273
0.0307729
0.030539
0.0303846
0.0301818
0.0300177
0.0298063
0.0296775
0.0295226
0.0293117
0.0291744
0.0289614
0.028842
0.0286508
0.0286508
0.0286508
0.0286508
0.0286508
0.0286508
0.0286508
0.0286508
0.0286508
0.0286508
0.0286508
0.0286508
0.0286508
0.0286508
0.0286508
0.0286508
0.0286508
0.0286508
0.0286508
0.0286508
0.0286508
0.0286508
0.0286508
0.0286508
0.0286508
0.0286508
0.0286508
0.0286508
0.0286508
0.0286508
0.0286508
0.0286508
0.0286508
0.0286508
0.0286508
0.0286508
0.0286508
0.0286508
0.0286508
0.0286508
0.0286508
0.0286508
0.0286508
0.0286508
0.0286508
0.0286508
0.0286508
0.0286508
0.0286508
0.0286508
0.0286508
0.0286508
0.0286508
0.0286508
0.0286508
0.0286508
0.0286508
0.0286508
0.0286508
0.0286508
0.0286508
0.0286508
0.0286508
0.0286508
0.0286508
0.0286508
0.0286508
0.0286508
0.0286508
0.0286508
0.0286508
0.0286508
0.0286508
0.0286508
0.0286508
0.0286508
0.0286508
0.0286508
0.0286508
0.0286508
0.0286508
0.0286508
0.0286508
0.0286508
0.0286508
0.0286508
0.0286508
0.0286508
0.0286508
0.0286508
0.0286508
0.0286508
0.0286508
0.0286508
0.0286508
0.0286508
0.0286508
0.0286508
0.0286508
0.0286508
0.0286508
0.0286508
0.0286508
0.0286508
0.0286508
0.0286508
0.0286508
0.0286508
0.0286508
0.0286508
0.0286508
0.0286508
0.0286508
0.0286508
0.0286508
0.0286508
0.0286508
0.0286508
0.0286508
0.0286508
0.0286508
0.0286508
0.0286508
0.0286508
0.0286508
0.0286508
0.0286508
0.0286508
0.0286508
0.0286508
0.0286508
0.0286508
0.0286508
0.0286508
0.0286508
0.0286508
0.0286508
0.0286508
0.0286508
0.0286508
0.0286508
0.0286508
0.0286508
0.0286508
0.0286508
0.0286508
0.0286508
0.0286508
0.0286508
0.0286508
0.0286508
0.0286508
0.0286508
0.0286508
0.0286508
0.0286508
0.0286508
0.0286508
0.0286508
0.0286508
0.0286508
0.0286508
0.0286508
0.0286508
0.0286508
0.0286508
0.0286508
0.0286508
0.0286508
0.0286508
0.0286508
0.0286508
0.0286508
0.0286508
0.0286508
0.0286508
0.0286508
0.0286508
0.0286508
0.0286508
0.0286508
0.0286508
0.0286508
0.0286508
0.0286508
0.0286508
0.0286508
0.0286508
0.0286508
0.0286508
0.0286508
0.0286508
0.0286508
0.0286508
0.0286508
0.0286508
0.0286508
0.0286508
0.0286508
0.0286508
0.0286508
0.0286508
0.0286508
0.0286508
0.0286508
0.0286508
0.0286508
0.0286508
0.0286508
0.0286508
0.0286508
0.0286508
0.0286508
0.0286508
0.0286508
0.0286508
0.0286508
0.0286508
0.0286508
0.0286508
0.0286508
0.0286508
0.0286508
0.0286508
0.0286508
0.0286508
0.0286508
0.0286508
0.0286508
0.0286508
0.0286508
0.0286508
0.0286508
0.0286508
0.0286508
0.0286508
0.0286508
0.0286508
0.0286508
0.0286508
0.0286508
0.0286508
0.0286508
0.0286508
0.0286508
0.0286508
0.0286508
0.0286508
0.0286508
0.0286508
0.0286508
0.0286508
0.0286508
0.0286508
0.0286508
0.0286508
0.0286508
0.0286508
0.0286508
0.0286508
0.0286508
0.0286508
0.0286508
0.0286508
0.0286508
0.0286508
0.0286508
0.0286508
0.0286508
0.0286508
0.0286508
0.0286508
0.0286508
0.0286508
0.0286508
0.0286508
0.0286508
0.0286508
0.0286508
0.0286508
0.0286508
0.0286508
0.0286508
0.0286508
0.0286508
0.0286508
0.0286508
0.0286508
0.0286508
0.0286508
0.0286508
0.0286508
0.0286508
0.0286508
0.0286508
0.0286508
0.0286508
0.0286508
0.0286508
0.0286508
0.0286508
0.0286508
0.0286508
0.0286508
0.0286508
0.0286508
0.0286508
0.0286508
0.0286508
0.0286508
0.0286508
0.0286508
0.0286508
0.0286508
0.0286508
0.0286508
0.0286508
0.0286508
0.0286508
0.0286508
0.0286508
0.0286508
0.0286508
0.0286508
0.0286508
0.0286508
0.0286508
0.0286508
0.0286508
0.0286508
0.0286508
0.0286508
0.0286508
0.0286508
0.0286508
0.0286508
0.0286508
0.0286508
0.0286508
0.0286508
0.0286508
0.0286508
0.0286508
0.0286508
0.0286508
0.0286508
0.0286508
0.0286508
0.0286508
0.0286508
0.0286508
0.0286508
0.0286508
0.0286508
0.0286508
0.0286508
0.0286508
0.0286508
0.0286508
0.0286508
0.0286508
0.0286508
0.0286508
0.0286508
0.0286508
0.0286508
0.0286508
0.0286508
0.0286508
0.0286508
0.0286508
0.0286508
0.0286508
0.0286508
0.0286508
0.0286508
0.0286508
0.0286508
0.0286508
0.0286508
0.0286508
0.0286508
0.0286508
0.0286508
0.0286508
0.0286508
0.0286508
0.0286508
0.0286508
0.0286508
0.0286508
0.0286508
0.0286508
0.0286508
0.0286508
0.0286508
0.0286508
0.0286508
0.0286508
0.0286508
0.0286508
0.0286508
0.0286508
0.0286508
0.0286508
0.0286508
0.0286508
0.0286508
0.0286508
0.0286508
0.0286508
0.0286508
0.0286508
0.0286508
0.0286508
0.0286508
0.0286508
0.0286508
0.0286508
0.0286508
0.0286508
0.0286508
0.0286508
0.0286508
0.0286508
0.0286508
0.0286508
0.0286508
0.0286508
0.0286508
0.0286508
0.0286508
0.0286508
0.0286508
0.0286508
0.0286508
0.0286508
0.0286508
0.0286508
0.0286508
0.0286508
0.0286508
0.0286508
0.0286508
0.0286508
0.0286508
0.0286508
0.0286508
0.0286508
0.0286508
0.0286508
0.0286508
0.0286508
0.0286508
0.0286508
0.0286508
0.0286508
0.0286508
0.0286508
0.0286508
0.0286508
0.0286508
0.0286508
0.0286508
0.0286508
0.0286508
0.0286508
0.0286508
0.0286508
0.0286508
0.0286508
0.0286508
0.0286508
0.0286508
0.0286508
0.0286508
0.0286508
0.0286508
0.0286508
0.0286508
0.0286508
0.0286508
0.0286508
0.0286508
0.0286508
0.0286508
0.0286508
0.0286508
0.0286508
0.0286508
0.0286508
0.0286508
0.0286508
0.0286508
0.0286508
0.0286508
0.0286508
0.0286508
0.0286508
0.0286508
0.0286508
0.0286508
0.0286508
0.0286508
0.0286508
0.0286508
0.0286508
0.0286508
0.0286508
0.0286508
0.0286508
0.0286508
0.0286508
0.0286508
0.0286508
0.0286508
0.0286508
0.0286508
0.0286508
0.0286508
0.0286508
0.0286508
0.0286508
0.0286508
0.0286508
0.0286508
0.0286508
0.0286508
0.0286508
0.0286508
0.0286508
0.0286508
0.0286508
0.0286508
0.0286508
0.0286508
0.0286508
0.0286508
0.0286508
0.0286508
0.0286508
0.0286508
0.0286508
0.0286508
0.0286508
0.0286508
0.0286508
0.0286508
0.0286508
0.0286508
0.0286508
0.0286508
0.0286508
0.0286508
0.0286508
0.0286508
0.0286508
0.0286508
0.0286508
0.0286508
0.0286508
0.0286508
0.0286508
0.0286508
0.0286508
0.0286508
0.0286508
0.0286508
0.0286508
0.0286508
0.0286508
0.0286508
0.0286508
0.0286508
0.0286508
0.0286508
0.0286508
0.0286508
0.0286508
0.0286508
0.0286508
0.0286508
0.0286508
0.0286508
0.0286508
0.0286508
0.0286508
0.0286508
0.0286508
0.0286508
0.0286508
0.0286508
0.0286508
0.0286508
0.0286508
0.0286508
0.0286508
0.0286508
0.0286508
0.0286508
0.0286508
0.0286508
0.0286508
0.0286508
0.0286508
0.0286508
0.0286508
0.0286508
0.0286508
0.0286508
0.0286508
0.0286508
0.0286508
0.0286508
0.0286508
0.0286508
0.0286508
0.0286508
0.0286508
0.0286508
0.0286508
0.0286508
0.0286508
0.0286508
0.0286508
0.0286508
0.0286508
0.0286508
0.0286508
0.0286508
0.0286508
0.0286508
0.0286508
0.0286508
0.0286508
0.0286508
0.0286508
0.0286508
0.0286508
0.0286508
0.0286508
0.0286508
0.0286508
0.0286508
0.0286508
0.0286508
0.0286508
0.0286508
0.0286508
0.0286508
0.0286508
0.0286508
0.0286508
0.0286508
0.0286508
0.0286508
0.0286508
0.0286508
0.0286508
0.0286508
0.0286508
0.0286508
0.0286508
0.0286508
0.0286508
0.0286508
0.0286508
0.0286508
0.0286508
0.0286508
0.0286508
0.0286508
0.0286508
0.0286508
0.0286508
0.0286508
0.0286508
0.0286508
0.0286508
0.0286508
0.0286508
0.0286508
0.0286508
0.0286508
0.0286508
0.0286508
0.0286508
0.0286508
0.0286508
0.0286508
0.0286508
0.0286508
0.0286508
0.0286508
0.0286508
0.0286508
0.0286508
0.0286508
0.0286508
0.0286508
0.0286508
0.0286508
0.0286508
0.0286508
0.0286508
0.0286508
0.0286508
0.0286508
0.0286508
0.0286508
0.0286508
0.0286508
0.0286508
0.0286508
0.0286508
0.0286508
0.0286508
0.0286508
0.0286508
0.0286508
0.0286508
0.0286508
0.0286508
0.0286508
0.0286508
0.0286508
0.0286508
0.0286508
0.0286508
0.0286508
0.0286508
0.0286508
0.0286508
0.0286508
0.0286508
0.0286508
0.0286508
0.0286508
0.0286508
0.0286508
0.0286508
0.0286508
0.0286508
0.0286508
0.0286508
0.0286508
0.0286508
0.0286508
0.0286508
0.0286508
0.0286508
0.0286508
0.0286508
0.0286508
0.0286508
0.0286508
0.0286508
0.0286508
0.0286508
0.0286508
0.0286508
0.0286508
0.0286508
0.0286508
0.0286508
0.0286508
0.0286508
0.0286508
0.0286508
0.0286508
0.0286508
0.0286508
0.0286508
0.0286508
0.0286508
0.0286508
0.0286508
0.0286508
0.0286508
0.0286508
0.0286508
0.0286508
0.0286508
0.0286508
0.0286508
0.0286508
0.0286508
0.0286508
0.0286508
0.0286508
0.0286508
0.0286508
0.0286508
0.0286508
0.0286508
0.0286508
0.0286508
0.0286508
0.0286508
0.0286508
0.0286508
0.0286508
0.0286508
0.0286508
0.0286508
0.0286508
0.0286508
0.0286508
0.0286508
0.0286508
0.0286508
0.0286508
0.0286508
0.0286508
0.0286508
0.0286508
0.0286508
0.0286508
0.0286508
0.0286508
0.0286508
0.0286508
0.0286508
0.0286508
0.0286508
0.0286508
0.0286508
0.0286508
0.0286508
0.0286508
0.0286508
0.0286508
0.0286508
0.0286508
0.0286508
0.0286508
0.0286508
0.0286508
0.0286508
0.0286508
0.0286508
0.0286508
0.0286508
0.0286508
0.0286508
0.0286508
0.0286508
0.0286508
0.0286508
0.0286508
0.0286508
0.0286508
0.0286508
0.0286508
0.0286508
0.0286508
0.0286508
0.0286508
0.0286508
0.0286508
0.0286508
0.0286508
0.0286508
0.0286508
0.0286508
0.0286508
0.0286508
0.0286508
0.0286508
0.0286508
0.0286508
0.0286508
0.0286508
0.0286508
0.0286508
0.0286508
0.0286508
0.0286508
0.0286508
0.0286508
0.0286508
0.0286508
0.0286508
0.0286508
0.0286508
0.0286508
0.0286508
0.0286508
0.0286508
0.0286508
0.0286508
0.0286508
0.0286508
0.0286508
0.0286508
0.0286508
0.0286508
0.0286508
0.0286508
0.0286508
0.0286508
0.0286508
0.0286508
0.0286508
0.0286508
0.0286508
0.0286508
0.0286508
0.0286508
0.0286508
0.0286508
0.0286508
0.0286508
0.0286508
0.0286508
0.0286508
0.0286508
0.0286508
0.0286508
0.0286508
0.0286508
0.0286508
0.0286508
0.0286508
0.0286508
0.0286508
0.0286508
0.0286508
0.0286508
0.0286508
0.0286508
0.0286508
0.0286508
