3.46521e+10
2.44773e+10
1.24557e+10
4.85364e+09
1.40243e+09
5.26889e+08
2.88594e+08
1.43671e+08
1.43671e+08
1.43671e+08
1.43671e+08
1.12702e+08
6.52356e+07
2.34397e+07
1.86256e+07
1.2146e+07
1.2146e+07
3.33793e+06
3.33793e+06
3.33793e+06
1.89672e+06
1.89672e+06
1.89672e+06
1.89672e+06
779264
600219
496960
496960
298793
209799
209799
209799
97121.3
97121.3
47369.3
47369.3
47369.3
47369.3
47369.3
47369.3
47369.3
27091
25749.8
23498.4
11685.2
11685.2
7230.82
7230.82
7224.48
4652.37
4652.37
1943.76
1943.76
1943.76
1943.76
1488.26
1488.26
1488.26
1235.56
1235.56
659.801
503.424
503.424
503.424
279.236
279.236
233.836
233.836
233.836
233.836
230.608
194.402
190.638
190.638
175.614
168.973
112.338
112.338
111.449
99.1121
81.0133
81.0133
81.0133
81.0133
69.159
54.2386
54.2386
54.2386
52.6395
51.6243
38.5728
35.1488
31.7716
24.0359
23.4323
23.4323
23.4323
18.7844
18.7844
18.7844
18.7844
17.1393
17.1393
15.9987
15.8046
14.0013
14.0013
14.0013
13.7846
13.7846
13.7749
13.1737
13.1737
13.1737
12.872
12.7635
12.6801
12.6801
12.6056
12.6026
12.6026
12.6026
12.5414
12.5397
12.439
12.3703
12.3071
12.3071
12.2608
12.2362
12.215
12.171
12.1284
12.063
12.0393
12.0276
12.0058
11.9764
11.9706
11.9207
11.9005
11.8651
11.8417
11.8371
11.8113
11.7919
11.7855
11.7715
11.748
11.7257
11.7204
11.7051
11.6832
11.6711
11.6627
11.6506
11.6323
11.6169
11.6004
11.5901
11.5727
11.561
11.5466
11.5274
11.5056
11.5002
11.484
11.4701
11.4583
11.4411
11.4284
11.4132
11.3919
11.3855
11.3638
11.3451
11.3188
11.3015
11.282
11.2648
11.244
11.2236
11.1918
11.1877
11.1632
11.1368
11.1205
11.0993
11.068
11.0356
11.0158
10.9855
10.9513
10.9433
10.9121
10.8798
10.8574
10.8378
10.8137
10.7931
10.7611
10.7392
10.7254
10.7021
10.685
10.659
10.6396
10.6194
10.5977
10.57
10.5341
10.5074
10.494
10.4643
10.4368
10.4192
10.3871
10.3746
10.3522
10.3267
10.2958
10.2687
10.2532
10.2251
10.2079
10.1895
10.1693
10.1513
10.1279
10.1132
10.0974
10.0662
10.058
10.0349
10.0136
10.0008
9.97903
9.9527
9.93445
9.9153
9.89429
9.87594
9.85579
9.82932
9.81605
9.79536
9.77886
9.76396
9.73905
9.72813
9.70592
9.68621
9.66888
9.64614
9.63189
9.61643
9.60361
9.5891
9.57334
9.55611
9.53871
9.51545
9.49947
9.47728
9.45433
9.44459
9.42327
9.41614
9.40342
9.3768
9.36424
9.35522
9.34017
9.3088
9.29734
9.2806
9.26502
9.24764
9.22436
9.1983
9.18593
9.16544
9.15015
9.12965
9.11124
9.09866
9.08906
9.06568
9.04602
9.03801
9.0233
9.00543
8.99273
8.9797
8.96695
8.95836
8.94164
8.93345
8.91899
8.9074
8.89718
8.88041
8.87156
8.8566
8.83958
8.82043
8.80842
8.78939
8.78356
8.76717
8.75654
8.75288
8.74242
8.7348
8.72646
8.71431
8.70847
8.69458
8.68495
8.67317
8.65342
8.64297
8.62262
8.60735
8.58751
8.5719
8.55663
8.53937
8.5234
8.49971
8.48184
8.47176
8.4519
8.44343
8.43177
8.40987
8.4009
8.38804
8.37069
8.35909
8.34316
8.32899
8.31901
8.30933
8.29389
8.28612
8.2773
8.26514
8.25025
8.2376
8.23083
8.22403
8.21232
8.20161
8.18682
8.18031
8.17273
8.15989
8.14994
8.13836
8.12991
8.11661
8.1052
8.09477
8.0824
8.0764
8.06452
8.05304
8.0407
8.02706
8.01949
8.00337
7.99188
7.98261
7.96718
7.95256
7.94315
7.93097
7.91611
7.90477
7.89274
7.87524
7.85888
7.84304
7.83327
7.82128
7.80731
7.79242
7.78204
7.77211
7.75948
7.75094
7.74275
7.73563
7.7234
7.71595
7.70785
7.69961
7.6897
7.67942
7.65764
7.64904
7.63874
7.62067
7.6026
7.59712
7.5816
7.56737
7.55566
7.54582
7.52211
7.51039
7.50298
7.49194
7.4751
7.45836
7.44646
7.43783
7.41466
7.40545
7.39169
7.38134
7.3662
7.35415
7.34165
7.32489
7.31759
7.30195
7.29208
7.28255
7.26711
7.25339
7.24258
7.22791
7.21248
7.20359
7.19363
7.18109
7.16531
7.15382
7.13637
7.12141
7.1122
7.09422
7.08052
7.07158
7.05808
7.04454
7.03196
7.01324
6.99877
6.98454
6.95413
6.94178
6.92095
6.90433
6.88034
6.86409
6.84037
6.82067
6.79667
6.78709
6.77692
6.76176
6.74888
6.73578
6.71466
6.70274
6.686
6.67446
6.65784
6.64855
6.63445
6.61935
6.60868
6.59754
6.58629
6.56794
6.56584
6.55673
6.54448
6.5353
6.52676
6.52263
6.50804
6.50507
6.50023
6.49058
6.48747
6.47759
6.47529
6.46613
6.4555
6.45035
6.43495
6.43279
6.42486
6.41828
6.40231
6.3942
6.38581
6.37405
6.36529
6.35526
6.3465
6.33032
6.31731
6.29954
6.29113
6.27022
6.26137
6.24265
6.23325
6.21554
6.20222
6.19026
6.17528
6.165
6.15409
6.13713
6.12634
6.11263
6.10108
6.08935
6.0764
6.05916
6.04627
6.03433
6.0174
6.00727
5.98668
5.97512
5.96298
5.95306
5.93702
5.92249
5.91033
5.88705
5.87084
5.86211
5.8526
5.83813
5.82665
5.81219
5.80071
5.78586
5.77783
5.76544
5.75455
5.74165
5.72141
5.71025
5.69959
5.68221
5.67173
5.65326
5.63762
5.62695
5.6124
5.60286
5.58547
5.57095
5.55761
5.54416
5.52623
5.51722
5.50447
5.49399
5.47851
5.46854
5.4558
5.44382
5.42385
5.41178
5.39899
5.38261
5.36749
5.3568
5.33434
5.31753
5.30439
5.28904
5.26728
5.25395
5.23711
5.22049
5.20274
5.18369
5.16412
5.14591
5.12435
5.10635
5.08094
5.06345
5.04527
5.02607
5.01235
4.99355
4.97242
4.95708
4.93952
4.92456
4.9074
4.88788
4.87439
4.85662
4.83929
4.82825
4.8137
4.79707
4.78269
4.7653
4.75372
4.74243
4.73175
4.7192
4.70825
4.69353
4.67774
4.67108
4.65646
4.64412
4.63007
4.61101
4.59858
4.58523
4.56966
4.55791
4.54574
4.53229
4.52499
4.51412
4.50326
4.48688
4.48023
4.47055
4.45649
4.4479
4.43748
4.42679
4.4174
4.40694
4.39224
4.38126
4.37363
4.36117
4.35253
4.34337
4.33351
4.31394
4.30353
4.29068
4.27767
4.26381
4.2512
4.23548
4.22205
4.20631
4.19115
4.17555
4.16402
4.14871
4.13282
4.12204
4.11067
4.09682
4.08598
4.07483
4.06479
4.05221
4.03949
4.02864
4.01129
3.9945
3.98292
3.96019
3.94875
3.93454
3.91511
3.90287
3.87258
3.86397
3.84172
3.82539
3.80761
3.78875
3.77795
3.75554
3.75258
3.73329
3.7208
3.71413
3.69621
3.68715
3.66815
3.66815
3.65736
3.64766
3.63863
3.62333
3.61293
3.60065
3.59087
3.57324
3.56026
3.55222
3.53799
3.52086
3.51279
3.50047
3.48931
3.47582
3.46161
3.45192
3.44369
3.42896
3.41543
3.40383
3.39479
3.37994
3.36439
3.35437
3.33917
3.33121
3.32104
3.30855
3.30252
3.28932
3.28124
3.27412
3.26303
3.25792
3.24996
3.23984
3.23331
3.22726
3.21687
3.20843
3.20025
3.19326
3.18181
3.17541
3.16932
3.15993
3.15407
3.14415
3.13926
3.13192
3.12396
3.11537
3.11048
3.10347
3.09629
3.08913
3.08211
3.0739
3.06825
3.06224
3.05505
3.04638
3.04001
3.0323
3.02164
3.0138
3.00478
2.99437
2.98918
2.98011
2.97242
2.95846
2.94973
2.93399
2.92977
2.921
2.91223
2.9028
2.89664
2.88648
2.87747
2.86685
2.86072
2.8508
2.84058
2.83431
2.82556
2.80935
2.8063
2.79747
2.78696
2.77505
2.76537
2.74731
2.74244
2.72072
2.71007
2.70098
2.68903
2.67836
2.66508
2.65835
2.64539
2.63565
2.62484
2.61162
2.59333
2.57906
2.57248
2.55808
2.54993
2.53603
2.52478
2.51399
2.49457
2.48342
2.46336
2.45497
2.44307
2.42676
2.41162
2.39398
2.38037
2.36028
2.35267
2.33549
2.32188
2.30577
2.29594
2.27668
2.26775
2.25157
2.23509
2.22506
2.21195
2.20076
2.18941
2.17629
2.16415
2.15323
2.14351
2.12522
2.11593
2.10513
2.09297
2.0797
2.06243
2.05653
2.04314
2.03078
2.02107
2.00604
1.99841
1.98385
1.97421
1.96265
1.95072
1.9406
1.93069
1.9208
1.91523
1.90782
1.89856
1.89038
1.88256
1.87539
1.86558
1.86042
1.85299
1.84466
1.83808
1.82982
1.82503
1.81713
1.81088
1.80215
1.79614
1.79016
1.78165
1.77772
1.76785
1.7633
1.75532
1.74868
1.74154
1.73563
1.73207
1.72625
1.72149
1.71475
1.71171
1.70727
1.70257
1.69927
1.69467
1.68962
1.68646
1.67946
1.67397
1.66959
1.66488
1.66068
1.65641
1.65128
1.64832
1.64
1.63776
1.63159
1.62564
1.61856
1.615
1.60816
1.60311
1.59833
1.59013
1.58499
1.57934
1.57227
1.56534
1.56062
1.55456
1.54865
1.54009
1.53259
1.52318
1.51166
1.50525
1.49282
1.48015
1.46663
1.45652
1.44296
1.43519
1.41852
1.41253
1.40069
1.39067
1.37838
1.37161
1.36162
1.34892
1.34369
1.3358
1.32748
1.3203
1.31304
1.3026
1.29373
1.28909
1.28075
1.27157
1.26694
1.259
1.25308
1.24623
1.24037
1.23453
1.22811
1.21899
1.2137
1.20836
1.20024
1.19435
1.18967
1.18215
1.17698
1.16944
1.15989
1.15439
1.14515
1.14256
1.13754
1.12695
1.11641
1.11296
1.1036
1.09734
1.09253
1.08326
1.07578
1.06949
1.06283
1.05467
1.05176
1.04191
1.03467
1.02701
1.02114
1.01268
1.00535
0.9997
0.992815
0.988919
0.980914
0.972975
0.965723
0.957917
0.949866
0.943434
0.938733
0.931908
0.924447
0.916407
0.908883
0.902555
0.894863
0.889013
0.882804
0.875689
0.871747
0.866865
0.860035
0.856009
0.848408
0.844022
0.838926
0.833049
0.824846
0.8216
0.815319
0.80943
0.80478
0.79644
0.788648
0.785449
0.780926
0.773914
0.767671
0.760339
0.753263
0.746969
0.738956
0.73231
0.728651
0.720717
0.715019
0.709862
0.704174
0.699382
0.693672
0.688632
0.682974
0.677937
0.672467
0.667244
0.661496
0.655739
0.649977
0.644936
0.640319
0.635878
0.63303
0.627158
0.623867
0.619088
0.614178
0.609586
0.606014
0.6017
0.597786
0.591638
0.587057
0.582348
0.577637
0.57386
0.571509
0.565842
0.56194
0.559325
0.556163
0.5517
0.549922
0.545027
0.542779
0.539724
0.53652
0.533572
0.52958
0.526214
0.521401
0.517872
0.514857
0.510493
0.508149
0.504191
0.499519
0.495187
0.491286
0.488452
0.48442
0.479721
0.479253
0.476768
0.471278
0.470329
0.468807
0.464338
0.461521
0.458407
0.456636
0.453262
0.449951
0.446493
0.443683
0.441162
0.437046
0.435161
0.43177
0.429745
0.427162
0.425089
0.421942
0.419188
0.415969
0.414683
0.411725
0.408553
0.406585
0.404326
0.402566
0.400425
0.398865
0.397714
0.396319
0.393962
0.39168
0.390576
0.38926
0.387614
0.386708
0.38494
0.383157
0.38186
0.380163
0.378661
0.376306
0.374934
0.373236
0.370998
0.368876
0.366825
0.364784
0.36238
0.361064
0.359543
0.358336
0.35631
0.355214
0.353677
0.351841
0.350276
0.348376
0.346172
0.345143
0.343502
0.341262
0.339893
0.337905
0.335496
0.333911
0.331638
0.329552
0.327756
0.325987
0.324522
0.323194
0.321634
0.320042
0.317904
0.316814
0.315318
0.313069
0.311498
0.30932
0.306743
0.304831
0.302992
0.300467
0.29872
0.297046
0.295438
0.293158
0.292209
0.290695
0.28888
0.286909
0.284783
0.283691
0.281917
0.280141
0.27842
0.276803
0.275449
0.273917
0.272648
0.270534
0.269523
0.268115
0.266008
0.264868
0.263886
0.26241
0.260596
0.259321
0.256413
0.255812
0.2536
0.251707
0.25001
0.247735
0.246308
0.244865
0.24278
0.241232
0.239122
0.237957
0.236253
0.235012
0.233055
0.230813
0.229871
0.228079
0.226598
0.224733
0.222893
0.221243
0.218923
0.2175
0.215625
0.214795
0.213167
0.21122
0.209955
0.208977
0.207246
0.205996
0.204677
0.203397
0.201962
0.200448
0.199516
0.198148
0.19647
0.195261
0.193523
0.19302
0.191628
0.190406
0.189232
0.18807
0.187088
0.185853
0.185086
0.183682
0.182217
0.181375
0.179769
0.178412
0.177384
0.176411
0.175441
0.174557
0.172843
0.171424
0.170274
0.16901
0.16771
0.166621
0.164753
0.162982
0.162547
0.1613
0.15955
0.158522
0.157517
0.155656
0.153741
0.152704
0.151327
0.149862
0.148354
0.147355
0.146362
0.144944
0.144153
0.143127
0.142084
0.141274
0.140418
0.139376
0.138516
0.13757
0.137
0.135988
0.135243
0.134558
0.133827
0.133129
0.132603
0.13136
0.13065
0.130132
0.12934
0.128588
0.128121
0.127716
0.127021
0.126264
0.125549
0.124732
0.124162
0.123121
0.122341
0.122181
0.121485
0.120825
0.120203
0.119569
0.118915
0.118208
0.117659
0.116947
0.116398
0.115589
0.114829
0.114489
0.113654
0.113331
0.112753
0.112311
0.111513
0.110939
0.110425
0.109888
0.108992
0.108439
0.107921
0.107166
0.106611
0.105772
0.105191
0.104323
0.10375
0.103364
0.102633
0.102014
0.101521
0.100882
0.100131
0.0994835
0.0986625
0.0982833
0.097456
0.0968365
0.0962178
0.0956262
0.0950702
0.0945551
0.0937462
0.0931603
0.0925855
0.0920478
0.0915485
0.0910076
0.0905473
0.0901162
0.0896465
0.089008
0.0886043
0.0881742
0.0876905
0.0871753
0.0869175
0.0863965
0.0860515
0.0855622
0.0851827
0.0848311
0.0843496
0.0837623
0.0835384
0.0829987
0.0825837
0.0820934
0.0818172
0.081479
0.0811218
0.0807525
0.0805007
0.0801166
0.0797257
0.079402
0.0790752
0.0788352
0.0784552
0.0782607
0.0780168
0.0777524
0.0775331
0.0771564
0.0768965
0.0766549
0.0764242
0.0760694
0.0759301
0.0756164
0.0753486
0.0750484
0.0748484
0.0745647
0.0741288
0.0739331
0.0738499
0.0735207
0.0732117
0.0730478
0.0726256
0.0724614
0.0722801
0.0719841
0.0716838
0.0713766
0.071122
0.0708714
0.0706709
0.0704403
0.0701589
0.0699578
0.0697282
0.0694901
0.0692731
0.0691016
0.0688421
0.0687163
0.0684702
0.0683141
0.0680823
0.0678313
0.0675919
0.0673666
0.0670472
0.0667077
0.0665658
0.0663032
0.0661253
0.0657526
0.0654893
0.0652918
0.0649439
0.0647941
0.0644948
0.0642402
0.0640652
0.0637291
0.0635855
0.0633508
0.0631234
0.0627812
0.0625943
0.0623569
0.0621626
0.0618872
0.0616287
0.0613405
0.061082
0.0607032
0.0605156
0.0602103
0.0600232
0.0597984
0.0593359
0.0591053
0.0587949
0.0585945
0.0583095
0.0579413
0.0576659
0.057433
0.0571207
0.0568428
0.0565844
0.0564416
0.0562278
0.0560718
0.0558189
0.0556186
0.0554338
0.0552741
0.0550594
0.0548903
0.0546533
0.0544267
0.0542321
0.0540089
0.0537116
0.0535164
0.0532701
0.052981
0.0528057
0.0525301
0.0522676
0.0519941
0.0517847
0.0516412
0.0513798
0.0510741
0.0508741
0.0508038
0.0505304
0.0503153
0.0501459
0.0500032
0.0498533
0.049623
0.0494962
0.0492988
0.0491328
0.0489706
0.0488128
0.0486008
0.048495
0.0483089
0.0481451
0.0480401
0.0478744
0.0477938
0.0476357
0.0474679
0.0473377
0.0471924
0.04698
0.0468714
0.0467476
0.0465878
0.0464583
0.0463021
0.0461501
0.0459175
0.0458493
0.0456253
0.0454198
0.0452492
0.0451163
0.0449234
0.0446867
0.0444604
0.0442175
0.0439716
0.0437387
0.0434541
0.0432167
0.0429882
0.0427403
0.0425511
0.0423627
0.0422287
0.0420294
0.0418126
0.0416175
0.0413828
0.0412474
0.0411156
0.0409373
0.0408114
0.0406742
0.0405302
0.0403823
0.0402097
0.0401298
0.0399555
0.0398334
0.039697
0.0395587
0.0394698
0.0394698
0.0394698
0.0394698
0.0394698
0.0394698
0.0394698
0.0394698
0.0394698
0.0394698
0.0394698
0.0394698
0.0394698
0.0394698
0.0394698
0.0394698
0.0394698
0.0394698
0.0394698
0.0394698
0.0394698
0.0394698
0.0394698
0.0394698
0.0394698
0.0394698
0.0394698
0.0394698
0.0394698
0.0394698
0.0394698
0.0394698
0.0394698
0.0394698
0.0394698
0.0394698
0.0394698
0.0394698
0.0394698
0.0394698
0.0394698
0.0394698
0.0394698
0.0394698
0.0394698
0.0394698
0.0394698
0.0394698
0.0394698
0.0394698
0.0394698
0.0394698
0.0394698
0.0394698
0.0394698
0.0394698
0.0394698
0.0394698
0.0394698
0.0394698
0.0394698
0.0394698
0.0394698
0.0394698
0.0394698
0.0394698
0.0394698
0.0394698
0.0394698
0.0394698
0.0394698
0.0394698
0.0394698
0.0394698
0.0394698
0.0394698
0.0394698
0.0394698
0.0394698
0.0394698
0.0394698
0.0394698
0.0394698
0.0394698
0.0394698
0.0394698
0.0394698
0.0394698
0.0394698
0.0394698
0.0394698
0.0394698
0.0394698
0.0394698
0.0394698
0.0394698
0.0394698
0.0394698
0.0394698
0.0394698
0.0394698
0.0394698
0.0394698
0.0394698
0.0394698
0.0394698
0.0394698
0.0394698
0.0394698
0.0394698
0.0394698
0.0394698
0.0394698
0.0394698
0.0394698
0.0394698
0.0394698
0.0394698
0.0394698
0.0394698
0.0394698
0.0394698
0.0394698
0.0394698
0.0394698
0.0394698
0.0394698
0.0394698
0.0394698
0.0394698
0.0394698
0.0394698
0.0394698
0.0394698
0.0394698
0.0394698
0.0394698
0.0394698
0.0394698
0.0394698
0.0394698
0.0394698
0.0394698
0.0394698
0.0394698
0.0394698
0.0394698
0.0394698
0.0394698
0.0394698
0.0394698
0.0394698
0.0394698
0.0394698
0.0394698
0.0394698
0.0394698
0.0394698
0.0394698
0.0394698
0.0394698
0.0394698
0.0394698
0.0394698
0.0394698
0.0394698
0.0394698
0.0394698
0.0394698
0.0394698
0.0394698
0.0394698
0.0394698
0.0394698
0.0394698
0.0394698
0.0394698
0.0394698
0.0394698
0.0394698
0.0394698
0.0394698
0.0394698
0.0394698
0.0394698
0.0394698
0.0394698
0.0394698
0.0394698
0.0394698
0.0394698
0.0394698
0.0394698
0.0394698
0.0394698
0.0394698
0.0394698
0.0394698
0.0394698
0.0394698
0.0394698
0.0394698
0.0394698
0.0394698
0.0394698
0.0394698
0.0394698
0.0394698
0.0394698
0.0394698
0.0394698
0.0394698
0.0394698
0.0394698
0.0394698
0.0394698
0.0394698
0.0394698
0.0394698
0.0394698
0.0394698
0.0394698
0.0394698
0.0394698
0.0394698
0.0394698
0.0394698
0.0394698
0.0394698
0.0394698
0.0394698
0.0394698
0.0394698
0.0394698
0.0394698
0.0394698
0.0394698
0.0394698
0.0394698
0.0394698
0.0394698
0.0394698
0.0394698
0.0394698
0.0394698
0.0394698
0.0394698
0.0394698
0.0394698
0.0394698
0.0394698
0.0394698
0.0394698
0.0394698
0.0394698
0.0394698
0.0394698
0.0394698
0.0394698
0.0394698
0.0394698
0.0394698
0.0394698
0.0394698
0.0394698
0.0394698
0.0394698
0.0394698
0.0394698
0.0394698
0.0394698
0.0394698
0.0394698
0.0394698
0.0394698
0.0394698
0.0394698
0.0394698
0.0394698
0.0394698
0.0394698
0.0394698
0.0394698
0.0394698
0.0394698
0.0394698
0.0394698
0.0394698
0.0394698
0.0394698
0.0394698
0.0394698
0.0394698
0.0394698
0.0394698
0.0394698
0.0394698
0.0394698
0.0394698
0.0394698
0.0394698
0.0394698
0.0394698
0.0394698
0.0394698
0.0394698
0.0394698
0.0394698
0.0394698
0.0394698
0.0394698
0.0394698
0.0394698
0.0394698
0.0394698
0.0394698
0.0394698
0.0394698
0.0394698
0.0394698
0.0394698
0.0394698
0.0394698
0.0394698
0.0394698
0.0394698
0.0394698
0.0394698
0.0394698
0.0394698
0.0394698
0.0394698
0.0394698
0.0394698
0.0394698
0.0394698
0.0394698
0.0394698
0.0394698
0.0394698
0.0394698
0.0394698
0.0394698
0.0394698
0.0394698
0.0394698
0.0394698
0.0394698
0.0394698
0.0394698
0.0394698
0.0394698
0.0394698
0.0394698
0.0394698
0.0394698
0.0394698
0.0394698
0.0394698
0.0394698
0.0394698
0.0394698
0.0394698
0.0394698
0.0394698
0.0394698
0.0394698
0.0394698
0.0394698
0.0394698
0.0394698
0.0394698
0.0394698
0.0394698
0.0394698
0.0394698
0.0394698
0.0394698
0.0394698
0.0394698
0.0394698
0.0394698
0.0394698
0.0394698
0.0394698
0.0394698
0.0394698
0.0394698
0.0394698
0.0394698
0.0394698
0.0394698
0.0394698
0.0394698
0.0394698
0.0394698
0.0394698
0.0394698
0.0394698
0.0394698
0.0394698
0.0394698
0.0394698
0.0394698
0.0394698
0.0394698
0.0394698
0.0394698
0.0394698
0.0394698
0.0394698
0.0394698
0.0394698
0.0394698
0.0394698
0.0394698
0.0394698
0.0394698
0.0394698
0.0394698
0.0394698
0.0394698
0.0394698
0.0394698
0.0394698
0.0394698
0.0394698
0.0394698
0.0394698
0.0394698
0.0394698
0.0394698
0.0394698
0.0394698
0.0394698
0.0394698
0.0394698
0.0394698
0.0394698
0.0394698
0.0394698
0.0394698
0.0394698
0.0394698
0.0394698
0.0394698
0.0394698
0.0394698
0.0394698
0.0394698
0.0394698
0.0394698
0.0394698
0.0394698
0.0394698
0.0394698
0.0394698
0.0394698
0.0394698
0.0394698
0.0394698
0.0394698
0.0394698
0.0394698
0.0394698
0.0394698
0.0394698
0.0394698
0.0394698
0.0394698
0.0394698
0.0394698
0.0394698
0.0394698
0.0394698
0.0394698
0.0394698
0.0394698
0.0394698
0.0394698
0.0394698
0.0394698
0.0394698
0.0394698
0.0394698
0.0394698
0.0394698
0.0394698
0.0394698
0.0394698
0.0394698
0.0394698
0.0394698
0.0394698
0.0394698
0.0394698
0.0394698
0.0394698
0.0394698
0.0394698
0.0394698
0.0394698
0.0394698
0.0394698
0.0394698
0.0394698
0.0394698
0.0394698
0.0394698
0.0394698
0.0394698
0.0394698
0.0394698
0.0394698
0.0394698
0.0394698
0.0394698
0.0394698
0.0394698
0.0394698
0.0394698
0.0394698
0.0394698
0.0394698
0.0394698
0.0394698
0.0394698
0.0394698
0.0394698
0.0394698
0.0394698
0.0394698
0.0394698
0.0394698
0.0394698
0.0394698
0.0394698
0.0394698
0.0394698
0.0394698
0.0394698
0.0394698
0.0394698
0.0394698
0.0394698
0.0394698
0.0394698
0.0394698
0.0394698
0.0394698
0.0394698
0.0394698
0.0394698
0.0394698
0.0394698
0.0394698
0.0394698
0.0394698
0.0394698
0.0394698
0.0394698
0.0394698
0.0394698
0.0394698
0.0394698
0.0394698
0.0394698
0.0394698
0.0394698
0.0394698
0.0394698
0.0394698
0.0394698
0.0394698
0.0394698
0.0394698
0.0394698
0.0394698
0.0394698
0.0394698
0.0394698
0.0394698
0.0394698
0.0394698
0.0394698
0.0394698
0.0394698
0.0394698
0.0394698
0.0394698
0.0394698
0.0394698
0.0394698
0.0394698
0.0394698
0.0394698
0.0394698
0.0394698
0.0394698
0.0394698
0.0394698
0.0394698
0.0394698
0.0394698
0.0394698
0.0394698
0.0394698
0.0394698
0.0394698
0.0394698
0.0394698
0.0394698
0.0394698
0.0394698
0.0394698
0.0394698
0.0394698
0.0394698
0.0394698
0.0394698
0.0394698
0.0394698
0.0394698
0.0394698
0.0394698
0.0394698
0.0394698
0.0394698
0.0394698
0.0394698
0.0394698
0.0394698
0.0394698
0.0394698
0.0394698
0.0394698
0.0394698
0.0394698
0.0394698
0.0394698
0.0394698
0.0394698
0.0394698
0.0394698
0.0394698
0.0394698
0.0394698
0.0394698
0.0394698
0.0394698
0.0394698
0.0394698
0.0394698
0.0394698
0.0394698
0.0394698
0.0394698
0.0394698
0.0394698
0.0394698
0.0394698
0.0394698
0.0394698
0.0394698
0.0394698
0.0394698
0.0394698
0.0394698
0.0394698
0.0394698
0.0394698
0.0394698
0.0394698
0.0394698
0.0394698
0.0394698
0.0394698
0.0394698
0.0394698
0.0394698
0.0394698
0.0394698
0.0394698
0.0394698
0.0394698
0.0394698
0.0394698
0.0394698
0.0394698
0.0394698
0.0394698
0.0394698
0.0394698
0.0394698
0.0394698
0.0394698
0.0394698
0.0394698
0.0394698
0.0394698
0.0394698
0.0394698
0.0394698
0.0394698
0.0394698
0.0394698
0.0394698
0.0394698
0.0394698
0.0394698
0.0394698
0.0394698
0.0394698
0.0394698
0.0394698
0.0394698
0.0394698
0.0394698
0.0394698
0.0394698
0.0394698
0.0394698
0.0394698
0.0394698
0.0394698
0.0394698
0.0394698
0.0394698
0.0394698
0.0394698
0.0394698
0.0394698
0.0394698
0.0394698
0.0394698
0.0394698
0.0394698
0.0394698
0.0394698
0.0394698
0.0394698
0.0394698
0.0394698
0.0394698
0.0394698
0.0394698
0.0394698
0.0394698
0.0394698
0.0394698
0.0394698
0.0394698
0.0394698
0.0394698
0.0394698
0.0394698
0.0394698
0.0394698
0.0394698
0.0394698
0.0394698
0.0394698
0.0394698
0.0394698
0.0394698
0.0394698
0.0394698
0.0394698
0.0394698
0.0394698
0.0394698
0.0394698
0.0394698
0.0394698
0.0394698
0.0394698
0.0394698
0.0394698
0.0394698
0.0394698
0.0394698
0.0394698
0.0394698
0.0394698
0.0394698
0.0394698
0.0394698
0.0394698
0.0394698
0.0394698
0.0394698
0.0394698
0.0394698
0.0394698
0.0394698
0.0394698
0.0394698
0.0394698
0.0394698
0.0394698
0.0394698
0.0394698
0.0394698
0.0394698
0.0394698
0.0394698
0.0394698
0.0394698
0.0394698
0.0394698
0.0394698
0.0394698
0.0394698
0.0394698
0.0394698
0.0394698
0.0394698
0.0394698
0.0394698
0.0394698
0.0394698
0.0394698
0.0394698
0.0394698
0.0394698
0.0394698
0.0394698
0.0394698
0.0394698
0.0394698
0.0394698
0.0394698
0.0394698
0.0394698
0.0394698
0.0394698
0.0394698
0.0394698
0.0394698
0.0394698
0.0394698
0.0394698
0.0394698
0.0394698
0.0394698
0.0394698
0.0394698
0.0394698
0.0394698
0.0394698
0.0394698
0.0394698
0.0394698
0.0394698
0.0394698
0.0394698
0.0394698
0.0394698
0.0394698
0.0394698
0.0394698
0.0394698
0.0394698
0.0394698
0.0394698
0.0394698
0.0394698
0.0394698
0.0394698
0.0394698
0.0394698
0.0394698
0.0394698
0.0394698
0.0394698
0.0394698
0.0394698
0.0394698
0.0394698
0.0394698
0.0394698
0.0394698
0.0394698
0.0394698
0.0394698
0.0394698
0.0394698
0.0394698
0.0394698
0.0394698
0.0394698
0.0394698
0.0394698
0.0394698
0.0394698
0.0394698
0.0394698
0.0394698
0.0394698
0.0394698
0.0394698
0.0394698
0.0394698
0.0394698
0.0394698
0.0394698
0.0394698
0.0394698
0.0394698
0.0394698
0.0394698
0.0394698
0.0394698
0.0394698
0.0394698
0.0394698
0.0394698
0.0394698
0.0394698
0.0394698
0.0394698
0.0394698
0.0394698
0.0394698
0.0394698
0.0394698
0.0394698
0.0394698
0.0394698
0.0394698
0.0394698
0.0394698
0.0394698
0.0394698
0.0394698
0.0394698
0.0394698
0.0394698
0.0394698
0.0394698
0.0394698
0.0394698
0.0394698
0.0394698
0.0394698
0.0394698
0.0394698
0.0394698
0.0394698
0.0394698
0.0394698
0.0394698
0.0394698
0.0394698
0.0394698
0.0394698
0.0394698
0.0394698
0.0394698
0.0394698
0.0394698
0.0394698
0.0394698
0.0394698
0.0394698
0.0394698
0.0394698
0.0394698
0.0394698
0.0394698
0.0394698
0.0394698
0.0394698
0.0394698
0.0394698
0.0394698
0.0394698
0.0394698
0.0394698
0.0394698
0.0394698
0.0394698
0.0394698
0.0394698
0.0394698
0.0394698
0.0394698
0.0394698
0.0394698
0.0394698
0.0394698
0.0394698
0.0394698
0.0394698
0.0394698
0.0394698
0.0394698
0.0394698
0.0394698
0.0394698
0.0394698
0.0394698
0.0394698
0.0394698
0.0394698
0.0394698
0.0394698
0.0394698
0.0394698
0.0394698
0.0394698
0.0394698
0.0394698
0.0394698
0.0394698
0.0394698
0.0394698
0.0394698
0.0394698
0.0394698
0.0394698
0.0394698
0.0394698
0.0394698
0.0394698
0.0394698
0.0394698
0.0394698
0.0394698
0.0394698
0.0394698
0.0394698
0.0394698
0.0394698
0.0394698
0.0394698
0.0394698
0.0394698
0.0394698
0.0394698
0.0394698
0.0394698
0.0394698
0.0394698
0.0394698
0.0394698
0.0394698
0.0394698
0.0394698
0.0394698
0.0394698
0.0394698
0.0394698
0.0394698
0.0394698
0.0394698
0.0394698
0.0394698
0.0394698
0.0394698
0.0394698
0.0394698
0.0394698
0.0394698
0.0394698
0.0394698
0.0394698
0.0394698
0.0394698
0.0394698
0.0394698
0.0394698
0.0394698
0.0394698
0.0394698
0.0394698
0.0394698
0.0394698
0.0394698
0.0394698
0.0394698
0.0394698
0.0394698
0.0394698
0.0394698
0.0394698
0.0394698
0.0394698
0.0394698
0.0394698
0.0394698
0.0394698
0.0394698
0.0394698
0.0394698
0.0394698
0.0394698
0.0394698
0.0394698
0.0394698
0.0394698
0.0394698
0.0394698
0.0394698
0.0394698
0.0394698
0.0394698
0.0394698
0.0394698
0.0394698
0.0394698
0.0394698
0.0394698
0.0394698
0.0394698
0.0394698
0.0394698
0.0394698
0.0394698
0.0394698
0.0394698
0.0394698
0.0394698
0.0394698
0.0394698
0.0394698
0.0394698
0.0394698
0.0394698
0.0394698
0.0394698
0.0394698
0.0394698
0.0394698
0.0394698
0.0394698
0.0394698
0.0394698
0.0394698
0.0394698
0.0394698
0.0394698
0.0394698
0.0394698
0.0394698
0.0394698
0.0394698
0.0394698
0.0394698
0.0394698
0.0394698
0.0394698
0.0394698
0.0394698
0.0394698
0.0394698
0.0394698
0.0394698
0.0394698
0.0394698
0.0394698
0.0394698
0.0394698
0.0394698
0.0394698
0.0394698
0.0394698
0.0394698
0.0394698
0.0394698
0.0394698
0.0394698
0.0394698
0.0394698
0.0394698
0.0394698
0.0394698
0.0394698
0.0394698
0.0394698
0.0394698
0.0394698
0.0394698
0.0394698
0.0394698
0.0394698
0.0394698
0.0394698
0.0394698
0.0394698
0.0394698
0.0394698
0.0394698
0.0394698
0.0394698
0.0394698
0.0394698
0.0394698
0.0394698
0.0394698
0.0394698
0.0394698
0.0394698
0.0394698
0.0394698
0.0394698
0.0394698
0.0394698
0.0394698
0.0394698
0.0394698
0.0394698
0.0394698
0.0394698
0.0394698
0.0394698
0.0394698
0.0394698
0.0394698
0.0394698
0.0394698
0.0394698
0.0394698
0.0394698
0.0394698
0.0394698
0.0394698
0.0394698
0.0394698
0.0394698
0.0394698
0.0394698
0.0394698
0.0394698
0.0394698
0.0394698
0.0394698
0.0394698
0.0394698
0.0394698
0.0394698
0.0394698
0.0394698
0.0394698
0.0394698
0.0394698
0.0394698
0.0394698
0.0394698
0.0394698
0.0394698
0.0394698
0.0394698
0.0394698
0.0394698
0.0394698
0.0394698
0.0394698
0.0394698
0.0394698
0.0394698
0.0394698
0.0394698
0.0394698
0.0394698
0.0394698
0.0394698
0.0394698
0.0394698
0.0394698
0.0394698
0.0394698
0.0394698
0.0394698
0.0394698
0.0394698
0.0394698
0.0394698
0.0394698
0.0394698
0.0394698
0.0394698
0.0394698
0.0394698
0.0394698
0.0394698
0.0394698
0.0394698
0.0394698
0.0394698
0.0394698
0.0394698
0.0394698
0.0394698
0.0394698
0.0394698
0.0394698
0.0394698
0.0394698
0.0394698
0.0394698
0.0394698
0.0394698
0.0394698
0.0394698
0.0394698
0.0394698
0.0394698
0.0394698
0.0394698
0.0394698
0.0394698
0.0394698
0.0394698
0.0394698
0.0394698
0.0394698
0.0394698
0.0394698
0.0394698
0.0394698
0.0394698
0.0394698
0.0394698
0.0394698
0.0394698
0.0394698
0.0394698
0.0394698
0.0394698
0.0394698
0.0394698
0.0394698
0.0394698
0.0394698
0.0394698
0.0394698
0.0394698
0.0394698
0.0394698
0.0394698
0.0394698
0.0394698
0.0394698
0.0394698
0.0394698
0.0394698
0.0394698
0.0394698
0.0394698
0.0394698
0.0394698
0.0394698
0.0394698
0.0394698
0.0394698
0.0394698
0.0394698
0.0394698
0.0394698
0.0394698
0.0394698
0.0394698
0.0394698
0.0394698
0.0394698
0.0394698
0.0394698
0.0394698
0.0394698
0.0394698
0.0394698
0.0394698
0.0394698
0.0394698
0.0394698
0.0394698
0.0394698
0.0394698
0.0394698
0.0394698
0.0394698
0.0394698
0.0394698
0.0394698
0.0394698
0.0394698
0.0394698
0.0394698
0.0394698
0.0394698
0.0394698
0.0394698
0.0394698
0.0394698
0.0394698
0.0394698
0.0394698
0.0394698
0.0394698
0.0394698
0.0394698
0.0394698
0.0394698
0.0394698
0.0394698
0.0394698
0.0394698
0.0394698
0.0394698
0.0394698
0.0394698
0.0394698
0.0394698
0.0394698
0.0394698
0.0394698
0.0394698
0.0394698
0.0394698
0.0394698
0.0394698
0.0394698
0.0394698
0.0394698
0.0394698
0.0394698
0.0394698
0.0394698
0.0394698
0.0394698
0.0394698
0.0394698
0.0394698
0.0394698
0.0394698
0.0394698
0.0394698
0.0394698
0.0394698
0.0394698
0.0394698
0.0394698
0.0394698
0.0394698
0.0394698
0.0394698
0.0394698
0.0394698
0.0394698
0.0394698
0.0394698
