5.22685e+10
2.76972e+10
7.93779e+09
4.53714e+09
1.47689e+09
2.80971e+08
5.34846e+07
3.43825e+07
3.43825e+07
3.43825e+07
3.43825e+07
3.43825e+07
3.43825e+07
3.43825e+07
3.43825e+07
3.43825e+07
3.43825e+07
2.14869e+07
1.60322e+07
1.10293e+07
1.84446e+06
1.84446e+06
1.4401e+06
1.4401e+06
1.4401e+06
1.4401e+06
1.4401e+06
1.4401e+06
1.4401e+06
1.4401e+06
1.4052e+06
1.38711e+06
880250
402574
159287
159287
159287
159287
159287
159287
159287
159287
159287
97932.7
79444.1
79444.1
58671.8
58671.8
58671.8
58671.8
58671.8
58671.8
41896.6
41896.6
35495.5
21612.6
21612.6
18200.7
17885.3
14551.2
14551.2
12162.4
11635.9
11150.5
11150.5
9099
9099
9099
8155.05
8155.05
8155.05
8155.05
8155.05
8155.05
8155.05
7876.73
7259.84
7182.22
6988.37
6652.43
6643.73
6542.25
6238.67
6238.67
6238.67
5954.99
5954.99
5876.95
5876.95
5821.57
5731.79
5724.85
5666.73
5641.86
5572.55
5523.38
5503.19
5441.21
5352.36
5300.78
5214.07
5167.98
5092.89
5029.78
4955
4920.39
4857.3
4770.05
4707.33
4649.02
4579.58
4478.79
4407.92
4302.6
4233.93
4128.38
4063.62
3973.52
3927.66
3845.61
3761.56
3703.65
3642.7
3534.5
3490.52
3430.02
3355.29
3295.1
3236.17
3156.11
3064.94
3017.38
2957.49
2823.28
2820.15
2729.72
2657.99
2589.72
2465.57
2412.98
2348.34
2288.71
2217.54
2164.74
2094.92
2042.46
1994.55
1935.5
1883.6
1838.83
1803.41
1747.14
1703.89
1660.63
1618.47
1559.91
1513.86
1454.37
1391.18
1357.99
1282.67
1251.62
1206.12
1160.68
1111.88
1062.24
1022.76
921.9
893.299
868.897
816.36
758.66
698.07
665.918
550.737
531.247
501.852
447.551
412.951
362.532
324.993
285.05
252.802
226.536
199.602
168.489
147.165
123.317
106.417
87.9965
77.691
64.7316
50.8827
33.8322
33.8322
28.5235
24.3493
21.125
21.125
19.7787
16.1045
16.1045
16.1045
16.1045
16.1045
15.6202
15.5623
15.2785
15.0933
15.0933
14.5248
14.3246
14.1623
14.1623
14.0154
13.9786
13.7912
13.7822
13.6854
13.5861
13.5284
13.4795
13.42
13.2897
13.2897
13.2695
13.22
13.1827
13.1221
13.0822
13.0329
13.0131
12.9731
12.9449
12.9141
12.8888
12.853
12.8267
12.7934
12.7741
12.743
12.7104
12.6783
12.655
12.6161
12.5794
12.5386
12.4958
12.4499
12.4016
12.3531
12.2947
12.2583
12.2071
12.1711
12.1322
12.0662
12.0647
12.01
11.9863
11.9724
11.9225
11.8868
11.8671
11.8477
11.7981
11.7981
11.7462
11.7313
11.6774
11.6463
11.6052
11.5875
11.5611
11.5035
11.4497
11.4203
11.3944
11.3546
11.3276
11.2897
11.2586
11.2282
11.2063
11.1534
11.1295
11.0918
11.0587
11.0096
10.9879
10.9611
10.9268
10.8985
10.8572
10.843
10.8288
10.7933
10.7745
10.7517
10.7337
10.702
10.6829
10.6536
10.6344
10.6122
10.5986
10.5816
10.5635
10.5331
10.52
10.5036
10.4848
10.4635
10.4519
10.4303
10.409
10.3922
10.3771
10.3652
10.3424
10.3291
10.313
10.2987
10.2835
10.2682
10.2558
10.239
10.2235
10.209
10.1969
10.1718
10.1658
10.15
10.1324
10.1203
10.1077
10.0929
10.0807
10.0685
10.0523
10.041
10.0235
10.0081
9.99312
9.97972
9.96822
9.9577
9.93705
9.92742
9.90996
9.90024
9.88595
9.8705
9.85916
9.83634
9.81659
9.81232
9.80046
9.78016
9.77017
9.75757
9.73477
9.72838
9.70655
9.69818
9.6827
9.66594
9.65084
9.63882
9.6186
9.59315
9.57539
9.56433
9.54037
9.52426
9.50546
9.47719
9.45413
9.43548
9.42607
9.40095
9.39093
9.34747
9.33006
9.31031
9.27154
9.25666
9.23763
9.19481
9.16076
9.12714
9.11408
9.07179
9.06121
9.03804
9.00519
8.98064
8.95813
8.92109
8.8961
8.8851
8.8495
8.82251
8.79887
8.78376
8.75911
8.74063
8.71969
8.69437
8.67943
8.65296
8.63513
8.62042
8.59774
8.58127
8.55921
8.53853
8.51432
8.50391
8.48629
8.46446
8.44974
8.42892
8.4122
8.39427
8.38231
8.36788
8.35015
8.33571
8.32261
8.30929
8.29281
8.28418
8.26422
8.25576
8.24042
8.23135
8.2183
8.20503
8.19546
8.18134
8.16794
8.15519
8.14002
8.12148
8.11238
8.09282
8.08135
8.07006
8.05533
8.04021
8.02583
8.0072
7.99021
7.97578
7.96202
7.9499
7.94171
7.93029
7.91376
7.90035
7.89324
7.87421
7.86377
7.85083
7.83479
7.81991
7.81101
7.78595
7.77391
7.75231
7.73687
7.72199
7.70646
7.68967
7.67217
7.65571
7.63358
7.62492
7.60439
7.58499
7.56531
7.5559
7.53222
7.51969
7.50105
7.47163
7.45621
7.44106
7.41631
7.39662
7.37815
7.35289
7.33465
7.3144
7.28531
7.24609
7.24419
7.22991
7.20759
7.18661
7.17418
7.15257
7.13167
7.11635
7.10384
7.08891
7.07421
7.05672
7.04079
7.02105
7.00793
6.98885
6.97943
6.96236
6.94972
6.92441
6.90916
6.89567
6.87985
6.8618
6.83731
6.82623
6.80645
6.79351
6.77251
6.76421
6.75043
6.73357
6.71016
6.7059
6.68835
6.67456
6.65865
6.63572
6.62177
6.6005
6.58516
6.56437
6.54705
6.52268
6.50808
6.49479
6.47402
6.45316
6.43569
6.42239
6.40629
6.38814
6.37541
6.35989
6.34916
6.33864
6.32585
6.30943
6.29878
6.28371
6.2717
6.25827
6.2414
6.22225
6.21552
6.20062
6.18466
6.16594
6.15334
6.13763
6.11915
6.10982
6.0964
6.08606
6.06914
6.06219
6.04673
6.04079
6.03149
6.01788
6.01084
5.98886
5.98332
5.97425
5.96362
5.95327
5.94327
5.9326
5.92182
5.90726
5.89691
5.88415
5.87201
5.86641
5.85163
5.84212
5.8229
5.81648
5.80613
5.78781
5.77534
5.75957
5.73818
5.73127
5.70744
5.69859
5.68995
5.67754
5.66451
5.65158
5.63764
5.62592
5.6057
5.59926
5.59014
5.57935
5.56626
5.55597
5.54725
5.54057
5.5224
5.5161
5.50567
5.4934
5.4814
5.4723
5.45732
5.44586
5.43399
5.42081
5.41021
5.39569
5.38232
5.37151
5.36048
5.33924
5.33587
5.32213
5.3152
5.30474
5.29377
5.28258
5.27333
5.26306
5.24901
5.2402
5.22902
5.22067
5.21427
5.20642
5.19447
5.18347
5.17687
5.16826
5.15916
5.15089
5.13696
5.12866
5.11788
5.10609
5.09312
5.08079
5.07193
5.06161
5.04746
5.03359
5.01989
5.01033
4.99457
4.98289
4.97025
4.95366
4.94261
4.93382
4.92317
4.91114
4.89674
4.88216
4.87437
4.86419
4.8554
4.84558
4.83717
4.82886
4.81839
4.81289
4.80272
4.79385
4.7847
4.77922
4.77055
4.76329
4.75288
4.74399
4.73393
4.71978
4.71059
4.69985
4.686
4.67687
4.66098
4.65506
4.64563
4.63294
4.6209
4.61261
4.60235
4.5913
4.58377
4.57459
4.56558
4.55537
4.54315
4.53575
4.52546
4.51689
4.50638
4.49672
4.48709
4.47619
4.46691
4.45553
4.44719
4.43615
4.42415
4.4125
4.4036
4.39507
4.38774
4.37665
4.36489
4.35599
4.34546
4.33773
4.32636
4.31655
4.30516
4.29559
4.27948
4.2675
4.25328
4.24563
4.23055
4.21999
4.20963
4.19486
4.18096
4.17144
4.15871
4.14045
4.1327
4.11797
4.10513
4.08766
4.08188
4.0704
4.0543
4.0396
4.02222
4.01238
3.99937
3.9801
3.97051
3.96504
3.94802
3.93155
3.92441
3.91151
3.89693
3.8847
3.87634
3.86773
3.85467
3.84696
3.83296
3.82236
3.81449
3.79245
3.78151
3.76604
3.75242
3.73999
3.72586
3.71344
3.6962
3.67668
3.67068
3.64592
3.63256
3.61861
3.60133
3.58321
3.57382
3.56175
3.54371
3.52462
3.51008
3.4958
3.47959
3.46148
3.44449
3.43345
3.41079
3.39566
3.37129
3.36179
3.34563
3.32544
3.31268
3.29521
3.27414
3.25782
3.24615
3.23339
3.21532
3.20068
3.1877
3.16956
3.15459
3.14139
3.12694
3.10874
3.09856
3.08467
3.07286
3.06063
3.04885
3.03842
3.02945
3.01765
3.00613
2.99622
2.98911
2.97397
2.97082
2.95975
2.9505
2.94053
2.92823
2.908
2.90269
2.88506
2.87842
2.86487
2.85169
2.83638
2.82439
2.81063
2.79943
2.78822
2.778
2.75797
2.74926
2.73809
2.72279
2.70596
2.69712
2.68573
2.67223
2.66215
2.64998
2.63812
2.62805
2.61258
2.60017
2.58607
2.57284
2.56321
2.5475
2.53442
2.52463
2.51348
2.50009
2.48835
2.47577
2.4676
2.45593
2.44525
2.43331
2.42045
2.40652
2.39889
2.3871
2.37526
2.36554
2.35294
2.34444
2.33586
2.32745
2.31721
2.30865
2.30008
2.28948
2.27614
2.26584
2.25798
2.25249
2.24558
2.23646
2.22648
2.21684
2.20907
2.20153
2.19499
2.18073
2.17386
2.16883
2.15771
2.15131
2.13928
2.13192
2.12107
2.10924
2.10377
2.09322
2.08301
2.06675
2.06123
2.04224
2.03031
2.02187
2.00859
1.9996
1.98947
1.97913
1.96299
1.95101
1.94287
1.93065
1.91751
1.90674
1.88846
1.87818
1.8665
1.85169
1.84135
1.82217
1.80516
1.79288
1.77493
1.75745
1.75042
1.73988
1.72694
1.71155
1.7047
1.68663
1.67438
1.66191
1.64562
1.63317
1.62476
1.61337
1.59854
1.59222
1.57775
1.56796
1.55958
1.54944
1.54165
1.53421
1.52851
1.52096
1.51329
1.50452
1.49691
1.48768
1.48204
1.47547
1.47182
1.46467
1.46005
1.45257
1.44811
1.44439
1.43954
1.43465
1.42977
1.42317
1.41847
1.41304
1.40691
1.40333
1.39735
1.39134
1.38721
1.38321
1.37951
1.37483
1.37015
1.36454
1.36143
1.35795
1.35491
1.35043
1.34646
1.34147
1.33861
1.33308
1.32716
1.32345
1.31841
1.31231
1.30865
1.29914
1.2965
1.28807
1.28255
1.27866
1.2719
1.26636
1.2613
1.25647
1.24935
1.24592
1.23924
1.23523
1.2292
1.22476
1.2189
1.21334
1.20769
1.201
1.19594
1.19132
1.1869
1.18139
1.17776
1.17529
1.16901
1.16591
1.15723
1.15178
1.14782
1.1427
1.13939
1.1358
1.13239
1.12731
1.123
1.12039
1.1155
1.11185
1.10795
1.10346
1.10024
1.09618
1.09024
1.08608
1.07847
1.07534
1.0708
1.06336
1.05777
1.05049
1.04497
1.03839
1.02911
1.02415
1.01923
1.01232
1.00207
0.995836
0.989677
0.977831
0.972659
0.964001
0.958763
0.949457
0.94431
0.937924
0.927696
0.919075
0.910557
0.901509
0.894039
0.886553
0.87971
0.872293
0.863635
0.858062
0.851927
0.845437
0.840597
0.835452
0.826084
0.8216
0.816544
0.809957
0.802193
0.7978
0.791974
0.787148
0.780621
0.772552
0.769568
0.761552
0.753316
0.750759
0.744843
0.739672
0.734425
0.729218
0.724072
0.720493
0.716434
0.712576
0.707717
0.704011
0.699615
0.695999
0.690732
0.683758
0.680953
0.676126
0.672008
0.667636
0.662776
0.658256
0.653767
0.64754
0.643647
0.640709
0.637762
0.633546
0.628882
0.625573
0.621518
0.616817
0.614074
0.609883
0.60439
0.599572
0.596544
0.59234
0.588857
0.584911
0.582044
0.578095
0.57638
0.571999
0.569037
0.565127
0.561884
0.559136
0.557325
0.554326
0.550906
0.54772
0.544798
0.542764
0.539629
0.536502
0.532431
0.531008
0.527715
0.523877
0.521741
0.519153
0.515905
0.513247
0.5109
0.507145
0.504149
0.502222
0.500086
0.496967
0.494411
0.492023
0.489229
0.487311
0.485055
0.481915
0.480065
0.477063
0.474055
0.472411
0.469467
0.467393
0.465226
0.462681
0.460428
0.458056
0.456341
0.454251
0.451063
0.449349
0.448094
0.445428
0.443292
0.440913
0.438485
0.437149
0.434217
0.432487
0.430845
0.428564
0.426777
0.424664
0.422991
0.421124
0.419147
0.417338
0.415389
0.413876
0.411985
0.409598
0.407289
0.40586
0.403963
0.40147
0.39921
0.395261
0.394131
0.391486
0.3882
0.38608
0.384104
0.381397
0.378923
0.376125
0.373548
0.371577
0.369072
0.367351
0.363905
0.363202
0.361121
0.358469
0.354488
0.353091
0.351029
0.348257
0.344592
0.34277
0.340891
0.338026
0.336469
0.334048
0.332286
0.329617
0.327872
0.325755
0.323987
0.321477
0.319085
0.317665
0.31528
0.312499
0.310159
0.307503
0.306668
0.304799
0.302028
0.300631
0.298748
0.297012
0.294821
0.292768
0.291087
0.289025
0.287149
0.285856
0.284122
0.282626
0.280981
0.279532
0.277285
0.276179
0.274269
0.27315
0.271859
0.269994
0.268257
0.267339
0.265254
0.263766
0.262099
0.260818
0.259055
0.257538
0.256111
0.25436
0.253318
0.251871
0.250935
0.249685
0.248385
0.246504
0.245919
0.244148
0.243341
0.241819
0.240967
0.239462
0.237946
0.23517
0.23406
0.232751
0.231626
0.230396
0.229468
0.227162
0.226273
0.224659
0.222819
0.221174
0.220057
0.218535
0.216801
0.216031
0.214877
0.213557
0.212074
0.211061
0.209557
0.20864
0.206968
0.206112
0.204875
0.203543
0.202206
0.201153
0.199516
0.19853
0.197569
0.196526
0.195043
0.192399
0.191859
0.189844
0.188449
0.186699
0.184846
0.183284
0.18166
0.180025
0.178945
0.177401
0.176131
0.175046
0.173487
0.172189
0.170404
0.169245
0.168377
0.166759
0.165921
0.164903
0.163568
0.162746
0.161988
0.161087
0.15999
0.159178
0.158503
0.157701
0.156997
0.15605
0.155343
0.154657
0.153668
0.152833
0.15204
0.150894
0.150573
0.149825
0.149315
0.148616
0.147219
0.14685
0.146287
0.14569
0.144979
0.144342
0.143858
0.143485
0.143086
0.142526
0.142137
0.141614
0.141107
0.140764
0.14018
0.139751
0.13931
0.138707
0.13822
0.137767
0.13697
0.136322
0.135839
0.135318
0.134721
0.134097
0.133525
0.133012
0.132347
0.13172
0.131377
0.130838
0.130288
0.129702
0.129063
0.128651
0.12785
0.127504
0.127094
0.126546
0.126039
0.125501
0.125061
0.124652
0.124099
0.123786
0.123279
0.122864
0.122482
0.121997
0.121522
0.120967
0.120423
0.120089
0.119348
0.118794
0.118195
0.117682
0.116969
0.116331
0.115648
0.115101
0.114056
0.113463
0.11274
0.112055
0.111239
0.110868
0.109976
0.109419
0.10897
0.108258
0.107888
0.107221
0.106477
0.106011
0.105517
0.105077
0.104444
0.103961
0.103487
0.102917
0.102182
0.101613
0.101221
0.100745
0.100056
0.0994681
0.0989981
0.0985045
0.0977938
0.0972792
0.0967406
0.0961844
0.0958024
0.0951942
0.0945256
0.0940361
0.0936927
0.0932237
0.0925118
0.0919393
0.0918144
0.0911978
0.0907523
0.0901392
0.0896219
0.0890466
0.0885394
0.0879517
0.0871407
0.0869478
0.0864945
0.0857758
0.0854803
0.0850317
0.0846149
0.0843338
0.0839028
0.0833962
0.0828311
0.0822691
0.0820181
0.0815584
0.0810952
0.08058
0.0802419
0.0798569
0.0794185
0.0790592
0.0785633
0.0781535
0.0777335
0.077387
0.0767386
0.0764663
0.0762167
0.0756866
0.0753217
0.0748897
0.074502
0.0738179
0.0735457
0.0729722
0.0724368
0.0719954
0.0716079
0.0712743
0.0708948
0.070636
0.0702048
0.0698828
0.0694193
0.0691538
0.0687997
0.0683635
0.0679004
0.0674866
0.0670424
0.0666373
0.0663904
0.0660352
0.0655727
0.0652444
0.0648081
0.0643058
0.0639856
0.0636252
0.0633098
0.0628244
0.0624
0.061978
0.0615232
0.0610943
0.0606381
0.0603089
0.0600135
0.0595938
0.0593482
0.0590225
0.0586584
0.0582504
0.0579696
0.0576831
0.0573047
0.0570319
0.0567011
0.0564066
0.0561519
0.0560026
0.0557745
0.0555553
0.0554415
0.0552344
0.0550949
0.0548735
0.0546935
0.0544763
0.0542626
0.0541766
0.0539893
0.0537237
0.0535552
0.0531813
0.0530628
0.0527924
0.0525853
0.0523806
0.0521176
0.0519238
0.0517253
0.051501
0.0512931
0.0511106
0.0508535
0.0506645
0.0504746
0.0502802
0.0500155
0.0498416
0.0495496
0.0493838
0.0492934
0.0489923
0.0488959
0.0486301
0.0484062
0.0482471
0.0480695
0.0478652
0.0476719
0.0473739
0.0472225
0.0470377
0.0467978
0.0465593
0.0463762
0.0461418
0.0459123
0.0458136
0.0456232
0.0453888
0.0452337
0.0450234
0.0450234
0.0450234
0.0450234
0.0450234
0.0450234
0.0450234
0.0450234
0.0450234
0.0450234
0.0450234
0.0450234
0.0450234
0.0450234
0.0450234
0.0450234
0.0450234
0.0450234
0.0450234
0.0450234
0.0450234
0.0450234
0.0450234
0.0450234
0.0450234
0.0450234
0.0450234
0.0450234
0.0450234
0.0450234
0.0450234
0.0450234
0.0450234
0.0450234
0.0450234
0.0450234
0.0450234
0.0450234
0.0450234
0.0450234
0.0450234
0.0450234
0.0450234
0.0450234
0.0450234
0.0450234
0.0450234
0.0450234
0.0450234
0.0450234
0.0450234
0.0450234
0.0450234
0.0450234
0.0450234
0.0450234
0.0450234
0.0450234
0.0450234
0.0450234
0.0450234
0.0450234
0.0450234
0.0450234
0.0450234
0.0450234
0.0450234
0.0450234
0.0450234
0.0450234
0.0450234
0.0450234
0.0450234
0.0450234
0.0450234
0.0450234
0.0450234
0.0450234
0.0450234
0.0450234
0.0450234
0.0450234
0.0450234
0.0450234
0.0450234
0.0450234
0.0450234
0.0450234
0.0450234
0.0450234
0.0450234
0.0450234
0.0450234
0.0450234
0.0450234
0.0450234
0.0450234
0.0450234
0.0450234
0.0450234
0.0450234
0.0450234
0.0450234
0.0450234
0.0450234
0.0450234
0.0450234
0.0450234
0.0450234
0.0450234
0.0450234
0.0450234
0.0450234
0.0450234
0.0450234
0.0450234
0.0450234
0.0450234
0.0450234
0.0450234
0.0450234
0.0450234
0.0450234
0.0450234
0.0450234
0.0450234
0.0450234
0.0450234
0.0450234
0.0450234
0.0450234
0.0450234
0.0450234
0.0450234
0.0450234
0.0450234
0.0450234
0.0450234
0.0450234
0.0450234
0.0450234
0.0450234
0.0450234
0.0450234
0.0450234
0.0450234
0.0450234
0.0450234
0.0450234
0.0450234
0.0450234
0.0450234
0.0450234
0.0450234
0.0450234
0.0450234
0.0450234
0.0450234
0.0450234
0.0450234
0.0450234
0.0450234
0.0450234
0.0450234
0.0450234
0.0450234
0.0450234
0.0450234
0.0450234
0.0450234
0.0450234
0.0450234
0.0450234
0.0450234
0.0450234
0.0450234
0.0450234
0.0450234
0.0450234
0.0450234
0.0450234
0.0450234
0.0450234
0.0450234
0.0450234
0.0450234
0.0450234
0.0450234
0.0450234
0.0450234
0.0450234
0.0450234
0.0450234
0.0450234
0.0450234
0.0450234
0.0450234
0.0450234
0.0450234
0.0450234
0.0450234
0.0450234
0.0450234
0.0450234
0.0450234
0.0450234
0.0450234
0.0450234
0.0450234
0.0450234
0.0450234
0.0450234
0.0450234
0.0450234
0.0450234
0.0450234
0.0450234
0.0450234
0.0450234
0.0450234
0.0450234
0.0450234
0.0450234
0.0450234
0.0450234
0.0450234
0.0450234
0.0450234
0.0450234
0.0450234
0.0450234
0.0450234
0.0450234
0.0450234
0.0450234
0.0450234
0.0450234
0.0450234
0.0450234
0.0450234
0.0450234
0.0450234
0.0450234
0.0450234
0.0450234
0.0450234
0.0450234
0.0450234
0.0450234
0.0450234
0.0450234
0.0450234
0.0450234
0.0450234
0.0450234
0.0450234
0.0450234
0.0450234
0.0450234
0.0450234
0.0450234
0.0450234
0.0450234
0.0450234
0.0450234
0.0450234
0.0450234
0.0450234
0.0450234
0.0450234
0.0450234
0.0450234
0.0450234
0.0450234
0.0450234
0.0450234
0.0450234
0.0450234
0.0450234
0.0450234
0.0450234
0.0450234
0.0450234
0.0450234
0.0450234
0.0450234
0.0450234
0.0450234
0.0450234
0.0450234
0.0450234
0.0450234
0.0450234
0.0450234
0.0450234
0.0450234
0.0450234
0.0450234
0.0450234
0.0450234
0.0450234
0.0450234
0.0450234
0.0450234
0.0450234
0.0450234
0.0450234
0.0450234
0.0450234
0.0450234
0.0450234
0.0450234
0.0450234
0.0450234
0.0450234
0.0450234
0.0450234
0.0450234
0.0450234
0.0450234
0.0450234
0.0450234
0.0450234
0.0450234
0.0450234
0.0450234
0.0450234
0.0450234
0.0450234
0.0450234
0.0450234
0.0450234
0.0450234
0.0450234
0.0450234
0.0450234
0.0450234
0.0450234
0.0450234
0.0450234
0.0450234
0.0450234
0.0450234
0.0450234
0.0450234
0.0450234
0.0450234
0.0450234
0.0450234
0.0450234
0.0450234
0.0450234
0.0450234
0.0450234
0.0450234
0.0450234
0.0450234
0.0450234
0.0450234
0.0450234
0.0450234
0.0450234
0.0450234
0.0450234
0.0450234
0.0450234
0.0450234
0.0450234
0.0450234
0.0450234
0.0450234
0.0450234
0.0450234
0.0450234
0.0450234
0.0450234
0.0450234
0.0450234
0.0450234
0.0450234
0.0450234
0.0450234
0.0450234
0.0450234
0.0450234
0.0450234
0.0450234
0.0450234
0.0450234
0.0450234
0.0450234
0.0450234
0.0450234
0.0450234
0.0450234
0.0450234
0.0450234
0.0450234
0.0450234
0.0450234
0.0450234
0.0450234
0.0450234
0.0450234
0.0450234
0.0450234
0.0450234
0.0450234
0.0450234
0.0450234
0.0450234
0.0450234
0.0450234
0.0450234
0.0450234
0.0450234
0.0450234
0.0450234
0.0450234
0.0450234
0.0450234
0.0450234
0.0450234
0.0450234
0.0450234
0.0450234
0.0450234
0.0450234
0.0450234
0.0450234
0.0450234
0.0450234
0.0450234
0.0450234
0.0450234
0.0450234
0.0450234
0.0450234
0.0450234
0.0450234
0.0450234
0.0450234
0.0450234
0.0450234
0.0450234
0.0450234
0.0450234
0.0450234
0.0450234
0.0450234
0.0450234
0.0450234
0.0450234
0.0450234
0.0450234
0.0450234
0.0450234
0.0450234
0.0450234
0.0450234
0.0450234
0.0450234
0.0450234
0.0450234
0.0450234
0.0450234
0.0450234
0.0450234
0.0450234
0.0450234
0.0450234
0.0450234
0.0450234
0.0450234
0.0450234
0.0450234
0.0450234
0.0450234
0.0450234
0.0450234
0.0450234
0.0450234
0.0450234
0.0450234
0.0450234
0.0450234
0.0450234
0.0450234
0.0450234
0.0450234
0.0450234
0.0450234
0.0450234
0.0450234
0.0450234
0.0450234
0.0450234
0.0450234
0.0450234
0.0450234
0.0450234
0.0450234
0.0450234
0.0450234
0.0450234
0.0450234
0.0450234
0.0450234
0.0450234
0.0450234
0.0450234
0.0450234
0.0450234
0.0450234
0.0450234
0.0450234
0.0450234
0.0450234
0.0450234
0.0450234
0.0450234
0.0450234
0.0450234
0.0450234
0.0450234
0.0450234
0.0450234
0.0450234
0.0450234
0.0450234
0.0450234
0.0450234
0.0450234
0.0450234
0.0450234
0.0450234
0.0450234
0.0450234
0.0450234
0.0450234
0.0450234
0.0450234
0.0450234
0.0450234
0.0450234
0.0450234
0.0450234
0.0450234
0.0450234
0.0450234
0.0450234
0.0450234
0.0450234
0.0450234
0.0450234
0.0450234
0.0450234
0.0450234
0.0450234
0.0450234
0.0450234
0.0450234
0.0450234
0.0450234
0.0450234
0.0450234
0.0450234
0.0450234
0.0450234
0.0450234
0.0450234
0.0450234
0.0450234
0.0450234
0.0450234
0.0450234
0.0450234
0.0450234
0.0450234
0.0450234
0.0450234
0.0450234
0.0450234
0.0450234
0.0450234
0.0450234
0.0450234
0.0450234
0.0450234
0.0450234
0.0450234
0.0450234
0.0450234
0.0450234
0.0450234
0.0450234
0.0450234
0.0450234
0.0450234
0.0450234
0.0450234
0.0450234
0.0450234
0.0450234
0.0450234
0.0450234
0.0450234
0.0450234
0.0450234
0.0450234
0.0450234
0.0450234
0.0450234
0.0450234
0.0450234
0.0450234
0.0450234
0.0450234
0.0450234
0.0450234
0.0450234
0.0450234
0.0450234
0.0450234
0.0450234
0.0450234
0.0450234
0.0450234
0.0450234
0.0450234
0.0450234
0.0450234
0.0450234
0.0450234
0.0450234
0.0450234
0.0450234
0.0450234
0.0450234
0.0450234
0.0450234
0.0450234
0.0450234
0.0450234
0.0450234
0.0450234
0.0450234
0.0450234
0.0450234
0.0450234
0.0450234
0.0450234
0.0450234
0.0450234
0.0450234
0.0450234
0.0450234
0.0450234
0.0450234
0.0450234
0.0450234
0.0450234
0.0450234
0.0450234
0.0450234
0.0450234
0.0450234
0.0450234
0.0450234
0.0450234
0.0450234
0.0450234
0.0450234
0.0450234
0.0450234
0.0450234
0.0450234
0.0450234
0.0450234
0.0450234
0.0450234
0.0450234
0.0450234
0.0450234
0.0450234
0.0450234
0.0450234
0.0450234
0.0450234
0.0450234
0.0450234
0.0450234
0.0450234
0.0450234
0.0450234
0.0450234
0.0450234
0.0450234
0.0450234
0.0450234
0.0450234
0.0450234
0.0450234
0.0450234
0.0450234
0.0450234
0.0450234
0.0450234
0.0450234
0.0450234
0.0450234
0.0450234
0.0450234
0.0450234
0.0450234
0.0450234
0.0450234
0.0450234
0.0450234
0.0450234
0.0450234
0.0450234
0.0450234
0.0450234
0.0450234
0.0450234
0.0450234
0.0450234
0.0450234
0.0450234
0.0450234
0.0450234
0.0450234
0.0450234
0.0450234
0.0450234
0.0450234
0.0450234
0.0450234
0.0450234
0.0450234
0.0450234
0.0450234
0.0450234
0.0450234
0.0450234
0.0450234
0.0450234
0.0450234
0.0450234
0.0450234
0.0450234
0.0450234
0.0450234
0.0450234
0.0450234
0.0450234
0.0450234
0.0450234
0.0450234
0.0450234
0.0450234
0.0450234
0.0450234
0.0450234
0.0450234
0.0450234
0.0450234
0.0450234
0.0450234
0.0450234
0.0450234
0.0450234
0.0450234
0.0450234
0.0450234
0.0450234
0.0450234
0.0450234
0.0450234
0.0450234
0.0450234
0.0450234
0.0450234
0.0450234
0.0450234
0.0450234
0.0450234
0.0450234
0.0450234
0.0450234
0.0450234
0.0450234
0.0450234
0.0450234
0.0450234
0.0450234
0.0450234
0.0450234
0.0450234
0.0450234
0.0450234
0.0450234
0.0450234
0.0450234
0.0450234
0.0450234
0.0450234
0.0450234
0.0450234
0.0450234
0.0450234
0.0450234
0.0450234
0.0450234
0.0450234
0.0450234
0.0450234
0.0450234
0.0450234
0.0450234
0.0450234
0.0450234
0.0450234
0.0450234
0.0450234
0.0450234
0.0450234
0.0450234
0.0450234
0.0450234
0.0450234
0.0450234
0.0450234
0.0450234
0.0450234
0.0450234
0.0450234
0.0450234
0.0450234
0.0450234
0.0450234
0.0450234
0.0450234
0.0450234
0.0450234
0.0450234
0.0450234
0.0450234
0.0450234
0.0450234
0.0450234
0.0450234
0.0450234
0.0450234
0.0450234
0.0450234
0.0450234
0.0450234
0.0450234
0.0450234
0.0450234
0.0450234
0.0450234
0.0450234
0.0450234
0.0450234
0.0450234
0.0450234
0.0450234
0.0450234
0.0450234
0.0450234
0.0450234
0.0450234
0.0450234
0.0450234
0.0450234
0.0450234
0.0450234
0.0450234
0.0450234
0.0450234
0.0450234
0.0450234
0.0450234
0.0450234
0.0450234
0.0450234
0.0450234
0.0450234
0.0450234
0.0450234
0.0450234
0.0450234
0.0450234
0.0450234
0.0450234
0.0450234
0.0450234
0.0450234
0.0450234
0.0450234
0.0450234
0.0450234
0.0450234
0.0450234
0.0450234
0.0450234
0.0450234
0.0450234
0.0450234
0.0450234
0.0450234
0.0450234
0.0450234
0.0450234
0.0450234
0.0450234
0.0450234
0.0450234
0.0450234
0.0450234
0.0450234
0.0450234
0.0450234
0.0450234
0.0450234
0.0450234
0.0450234
0.0450234
0.0450234
0.0450234
0.0450234
0.0450234
0.0450234
0.0450234
0.0450234
0.0450234
0.0450234
0.0450234
0.0450234
0.0450234
0.0450234
0.0450234
0.0450234
0.0450234
0.0450234
0.0450234
0.0450234
0.0450234
0.0450234
0.0450234
0.0450234
0.0450234
0.0450234
0.0450234
0.0450234
0.0450234
0.0450234
0.0450234
0.0450234
0.0450234
0.0450234
0.0450234
0.0450234
0.0450234
0.0450234
0.0450234
0.0450234
0.0450234
0.0450234
0.0450234
0.0450234
0.0450234
0.0450234
0.0450234
0.0450234
0.0450234
0.0450234
0.0450234
0.0450234
0.0450234
0.0450234
0.0450234
0.0450234
0.0450234
0.0450234
0.0450234
0.0450234
0.0450234
0.0450234
0.0450234
0.0450234
0.0450234
0.0450234
0.0450234
0.0450234
0.0450234
0.0450234
0.0450234
0.0450234
0.0450234
0.0450234
0.0450234
0.0450234
0.0450234
0.0450234
0.0450234
0.0450234
0.0450234
0.0450234
0.0450234
0.0450234
0.0450234
0.0450234
0.0450234
0.0450234
0.0450234
0.0450234
0.0450234
0.0450234
0.0450234
0.0450234
0.0450234
0.0450234
0.0450234
0.0450234
0.0450234
0.0450234
0.0450234
0.0450234
0.0450234
0.0450234
0.0450234
0.0450234
0.0450234
0.0450234
0.0450234
0.0450234
0.0450234
0.0450234
0.0450234
0.0450234
0.0450234
0.0450234
0.0450234
0.0450234
0.0450234
0.0450234
0.0450234
0.0450234
0.0450234
0.0450234
0.0450234
0.0450234
0.0450234
0.0450234
0.0450234
0.0450234
0.0450234
0.0450234
0.0450234
0.0450234
0.0450234
0.0450234
0.0450234
0.0450234
0.0450234
0.0450234
0.0450234
0.0450234
0.0450234
0.0450234
0.0450234
0.0450234
0.0450234
0.0450234
0.0450234
0.0450234
0.0450234
0.0450234
0.0450234
0.0450234
0.0450234
0.0450234
0.0450234
0.0450234
0.0450234
0.0450234
0.0450234
0.0450234
0.0450234
0.0450234
0.0450234
0.0450234
0.0450234
0.0450234
0.0450234
0.0450234
0.0450234
0.0450234
0.0450234
0.0450234
0.0450234
0.0450234
0.0450234
0.0450234
0.0450234
0.0450234
0.0450234
0.0450234
0.0450234
0.0450234
0.0450234
0.0450234
0.0450234
0.0450234
0.0450234
0.0450234
0.0450234
0.0450234
0.0450234
0.0450234
0.0450234
0.0450234
0.0450234
0.0450234
0.0450234
0.0450234
0.0450234
0.0450234
0.0450234
0.0450234
0.0450234
0.0450234
0.0450234
0.0450234
0.0450234
0.0450234
0.0450234
0.0450234
0.0450234
0.0450234
0.0450234
0.0450234
0.0450234
0.0450234
0.0450234
0.0450234
0.0450234
0.0450234
0.0450234
0.0450234
0.0450234
0.0450234
0.0450234
0.0450234
0.0450234
0.0450234
0.0450234
0.0450234
0.0450234
0.0450234
0.0450234
0.0450234
0.0450234
0.0450234
0.0450234
0.0450234
0.0450234
0.0450234
0.0450234
0.0450234
0.0450234
0.0450234
0.0450234
0.0450234
0.0450234
0.0450234
0.0450234
0.0450234
0.0450234
0.0450234
0.0450234
0.0450234
0.0450234
0.0450234
0.0450234
0.0450234
0.0450234
0.0450234
0.0450234
0.0450234
0.0450234
0.0450234
0.0450234
0.0450234
0.0450234
0.0450234
0.0450234
0.0450234
0.0450234
0.0450234
0.0450234
0.0450234
0.0450234
0.0450234
0.0450234
0.0450234
0.0450234
0.0450234
0.0450234
0.0450234
0.0450234
0.0450234
0.0450234
0.0450234
0.0450234
0.0450234
0.0450234
0.0450234
0.0450234
0.0450234
0.0450234
0.0450234
0.0450234
0.0450234
0.0450234
0.0450234
0.0450234
0.0450234
0.0450234
0.0450234
0.0450234
0.0450234
0.0450234
0.0450234
0.0450234
0.0450234
0.0450234
0.0450234
0.0450234
0.0450234
0.0450234
0.0450234
0.0450234
0.0450234
0.0450234
0.0450234
0.0450234
0.0450234
0.0450234
0.0450234
0.0450234
0.0450234
0.0450234
0.0450234
0.0450234
0.0450234
0.0450234
0.0450234
0.0450234
0.0450234
0.0450234
0.0450234
0.0450234
0.0450234
0.0450234
0.0450234
0.0450234
0.0450234
0.0450234
0.0450234
0.0450234
0.0450234
0.0450234
0.0450234
0.0450234
0.0450234
0.0450234
0.0450234
0.0450234
0.0450234
0.0450234
0.0450234
0.0450234
0.0450234
0.0450234
0.0450234
0.0450234
0.0450234
0.0450234
0.0450234
0.0450234
0.0450234
0.0450234
0.0450234
0.0450234
0.0450234
0.0450234
0.0450234
0.0450234
0.0450234
0.0450234
0.0450234
0.0450234
0.0450234
0.0450234
0.0450234
0.0450234
0.0450234
0.0450234
0.0450234
0.0450234
0.0450234
0.0450234
0.0450234
0.0450234
0.0450234
0.0450234
0.0450234
0.0450234
0.0450234
0.0450234
0.0450234
0.0450234
0.0450234
0.0450234
0.0450234
0.0450234
0.0450234
0.0450234
0.0450234
0.0450234
0.0450234
0.0450234
0.0450234
0.0450234
0.0450234
0.0450234
0.0450234
0.0450234
0.0450234
0.0450234
0.0450234
0.0450234
0.0450234
0.0450234
0.0450234
0.0450234
0.0450234
0.0450234
0.0450234
0.0450234
0.0450234
