2.63652e+10
1.80111e+10
6.61896e+09
1.85355e+09
5.77692e+08
2.46899e+08
1.22083e+08
3.17169e+07
3.17169e+07
3.17169e+07
3.17169e+07
3.17169e+07
3.17169e+07
3.17169e+07
3.17169e+07
3.17169e+07
2.62659e+07
1.61346e+07
1.61346e+07
1.24301e+07
7.04182e+06
7.04182e+06
7.04182e+06
7.04182e+06
7.04182e+06
7.04182e+06
7.04182e+06
7.04182e+06
7.04182e+06
4.18075e+06
3.08111e+06
1.77876e+06
1.77876e+06
411488
411488
411488
411488
398342
263539
54535.6
54535.6
41201
41201
15280
15280
15280
15280
15280
15280
15280
15280
14367.5
5331.8
5331.8
5331.8
4217.95
2755
2639.41
2639.41
1763.76
791.851
791.851
504.549
464.511
464.511
464.511
464.511
464.511
300.975
300.975
300.975
284.76
175.912
175.912
175.912
175.912
133.794
106.48
101.748
81.2779
54.4571
54.4571
54.4571
54.4571
44.9182
44.9182
38.3172
32.1418
32.1418
32.1418
28.1683
24.0231
24.0231
24.0231
24.0231
24.0231
24.0231
24.0231
24.0231
23.8553
19.532
18.2921
17.8585
17.8585
17.4386
16.4331
16.1023
15.9647
15.8907
15.3856
15.3856
15.3856
15.3806
15.0799
14.8349
14.8349
14.8349
14.8349
14.8349
14.8349
14.7076
14.7076
14.6308
14.6095
14.6095
14.6095
14.5665
14.5634
14.5537
14.5057
14.5057
14.4773
14.4708
14.4532
14.4449
14.4328
14.4154
14.4154
14.4146
14.4146
14.3953
14.3953
14.3876
14.3646
14.3604
14.3529
14.3529
14.3491
14.3392
14.3182
14.3182
14.3034
14.3021
14.2901
14.2833
14.2753
14.2689
14.2616
14.2543
14.2438
14.2339
14.2255
14.2165
14.1952
14.1862
14.1703
14.1519
14.1428
14.1155
14.1077
14.0808
14.0538
14.019
13.9784
13.9163
13.8537
13.778
13.686
13.5737
13.5178
13.4754
13.395
13.3542
13.2759
13.2005
13.1108
13.0584
12.972
12.8794
12.8345
12.7869
12.6941
12.6479
12.5792
12.5407
12.4899
12.422
12.3916
12.3516
12.3051
12.266
12.2073
12.167
12.1369
12.104
12.0568
12.0264
11.992
11.9431
11.9259
11.8971
11.8633
11.826
11.7853
11.7462
11.7114
11.6849
11.6617
11.6241
11.6033
11.5705
11.553
11.5229
11.501
11.4764
11.4554
11.4289
11.4087
11.3799
11.3608
11.3413
11.3202
11.2987
11.2772
11.2627
11.244
11.2275
11.2084
11.1906
11.1772
11.1592
11.1411
11.1185
11.1057
11.0929
11.0698
11.0583
11.042
11.0286
11.0079
10.9941
10.977
10.9595
10.9475
10.9311
10.9173
10.9008
10.8823
10.8602
10.8294
10.8204
10.8021
10.7762
10.7613
10.7385
10.7151
10.7008
10.666
10.6434
10.6259
10.6077
10.5825
10.5598
10.5269
10.5064
10.4766
10.4538
10.4336
10.4108
10.3916
10.3559
10.3247
10.3142
10.2854
10.2643
10.2467
10.2137
10.2003
10.1723
10.1525
10.1391
10.1054
10.0861
10.0644
10.0371
10.0242
10.0098
9.98776
9.96814
9.9529
9.93345
9.92177
9.90452
9.88486
9.86625
9.84825
9.83992
9.82479
9.81254
9.79878
9.78374
9.77283
9.75926
9.74765
9.73276
9.72208
9.71302
9.7017
9.69185
9.68033
9.66703
9.65972
9.64564
9.63684
9.6297
9.6197
9.60846
9.6013
9.58641
9.58049
9.56605
9.55424
9.54655
9.53162
9.52514
9.51444
9.5036
9.4947
9.48788
9.47748
9.46622
9.45167
9.43508
9.42084
9.4114
9.3984
9.38708
9.37068
9.35739
9.34723
9.33435
9.31987
9.30767
9.29535
9.28341
9.27391
9.26247
9.25221
9.24188
9.23065
9.21797
9.2029
9.1969
9.18627
9.17541
9.16109
9.15061
9.13534
9.12722
9.11047
9.10037
9.08717
9.07705
9.06629
9.04874
9.03787
9.02377
9.00997
8.99699
8.98669
8.97392
8.96252
8.94662
8.9368
8.92361
8.9141
8.89989
8.89182
8.88288
8.87123
8.85609
8.84359
8.83497
8.81975
8.80698
8.79073
8.78427
8.77045
8.7535
8.73869
8.72217
8.71109
8.69815
8.68209
8.66329
8.64576
8.63398
8.61828
8.59688
8.58759
8.57163
8.55958
8.54579
8.5321
8.51723
8.50441
8.49287
8.47375
8.46099
8.44996
8.43304
8.42047
8.40938
8.39844
8.38493
8.3741
8.36185
8.35181
8.34383
8.33358
8.32075
8.31392
8.30472
8.29462
8.28188
8.2734
8.26333
8.2537
8.24419
8.23717
8.22818
8.22116
8.212
8.20164
8.1916
8.18191
8.1726
8.15988
8.14965
8.14212
8.13109
8.12222
8.11201
8.09855
8.08916
8.07659
8.0669
8.05435
8.04224
8.0333
8.02044
8.01063
8.00024
7.98991
7.97957
7.96567
7.96023
7.94529
7.93492
7.92583
7.91092
7.90028
7.89112
7.87434
7.85017
7.8422
7.83093
7.80874
7.79342
7.7704
7.7598
7.74783
7.72668
7.71594
7.69101
7.67883
7.66029
7.63837
7.61862
7.60371
7.58306
7.56851
7.54792
7.53121
7.51961
7.50082
7.48549
7.46743
7.45286
7.43287
7.42024
7.40695
7.38802
7.37379
7.36018
7.3428
7.33591
7.32188
7.29606
7.28796
7.27493
7.25772
7.24426
7.23334
7.22252
7.20963
7.19464
7.1824
7.16964
7.15737
7.13946
7.12609
7.11482
7.1075
7.10182
7.09321
7.0841
7.07355
7.06602
7.05932
7.04987
7.04172
7.03249
7.0211
7.01227
7.00233
6.99431
6.98922
6.9799
6.97207
6.96519
6.95612
6.95157
6.94499
6.93483
6.93132
6.91808
6.91206
6.90129
6.89676
6.88511
6.87306
6.86567
6.85599
6.84233
6.83373
6.82327
6.81239
6.79503
6.78619
6.77312
6.7552
6.74451
6.72619
6.71196
6.69987
6.68276
6.66891
6.65477
6.64124
6.62744
6.61077
6.59207
6.58003
6.5641
6.54517
6.53685
6.52473
6.50705
6.49172
6.48037
6.47048
6.45939
6.4485
6.43779
6.42734
6.41543
6.40716
6.39642
6.37995
6.3758
6.36042
6.35263
6.34355
6.3332
6.31879
6.3065
6.29066
6.28222
6.26816
6.25503
6.23968
6.22329
6.21598
6.19619
6.17634
6.16353
6.1425
6.13404
6.12359
6.11165
6.09612
6.08487
6.07553
6.05938
6.05035
6.0379
6.0155
6.00847
5.99642
5.97785
5.96457
5.93928
5.92466
5.90598
5.88761
5.87557
5.85767
5.84154
5.82527
5.80921
5.79918
5.77717
5.76027
5.74289
5.72551
5.71464
5.6983
5.6791
5.66645
5.65206
5.63878
5.62423
5.61012
5.59694
5.58902
5.57378
5.55428
5.54393
5.52856
5.51415
5.49784
5.47949
5.458
5.44894
5.42831
5.40904
5.39266
5.37656
5.3626
5.34621
5.33368
5.3183
5.30015
5.28447
5.27097
5.25429
5.24234
5.21938
5.19565
5.18683
5.1708
5.15512
5.12934
5.12293
5.10384
5.08986
5.07363
5.05857
5.0451
5.03076
5.01897
5.00146
4.98842
4.98283
4.96572
4.94789
4.92475
4.91287
4.89463
4.87538
4.86096
4.84725
4.82605
4.81238
4.79913
4.78337
4.76522
4.74998
4.73208
4.72286
4.71063
4.69534
4.68294
4.66566
4.65021
4.63605
4.62066
4.6122
4.602
4.59053
4.57704
4.57075
4.55823
4.54954
4.53103
4.52171
4.50623
4.4977
4.48666
4.476
4.45973
4.44328
4.43151
4.42022
4.40399
4.39118
4.37713
4.35368
4.34188
4.33011
4.31392
4.29635
4.28478
4.26595
4.2541
4.24132
4.22519
4.21181
4.19134
4.18208
4.17231
4.1597
4.14561
4.13573
4.11951
4.11204
4.10094
4.08963
4.0755
4.06876
4.05995
4.04516
4.03732
4.02976
4.01745
4.00928
4.00204
3.99267
3.98346
3.97375
3.96359
3.95592
3.94232
3.93667
3.92984
3.91799
3.9094
3.89855
3.88919
3.87109
3.86254
3.85046
3.83727
3.82547
3.81136
3.80122
3.78723
3.77872
3.76728
3.7579
3.74304
3.73477
3.72573
3.71171
3.70402
3.69269
3.68391
3.66856
3.66144
3.6472
3.63547
3.62494
3.61255
3.60538
3.59588
3.58532
3.57773
3.5668
3.55993
3.55156
3.53978
3.53088
3.52363
3.51157
3.50409
3.48932
3.48046
3.46496
3.45104
3.43929
3.42867
3.41725
3.4029
3.39207
3.38608
3.3754
3.36467
3.35369
3.34505
3.33591
3.32674
3.31452
3.30571
3.29454
3.28282
3.27451
3.26169
3.25521
3.24536
3.23065
3.21799
3.2093
3.19951
3.1889
3.18086
3.16641
3.15794
3.14623
3.13785
3.12416
3.11717
3.10841
3.09848
3.08741
3.07309
3.0634
3.04859
3.03917
3.02902
3.01112
2.99942
2.98916
2.97652
2.96289
2.95266
2.93681
2.92784
2.91597
2.90394
2.89109
2.88159
2.86389
2.8565
2.84703
2.83787
2.82601
2.81513
2.80431
2.79566
2.78451
2.77418
2.76605
2.75575
2.74555
2.7316
2.71729
2.70375
2.69072
2.68258
2.66632
2.65477
2.64327
2.62745
2.61521
2.59577
2.58496
2.56979
2.55185
2.54201
2.52725
2.51412
2.49886
2.48023
2.4669
2.4542
2.44087
2.42617
2.41363
2.39868
2.38492
2.37569
2.36021
2.34989
2.33668
2.32074
2.31028
2.29497
2.28151
2.26845
2.25237
2.23771
2.22608
2.21505
2.2036
2.19019
2.17672
2.16734
2.15498
2.14271
2.13196
2.12276
2.11086
2.09884
2.08601
2.07172
2.06093
2.05502
2.0437
2.03248
2.02212
2.01412
2.00372
1.99328
1.98891
1.97364
1.97106
1.9605
1.9516
1.94694
1.9429
1.93439
1.92851
1.92353
1.91901
1.91346
1.90679
1.90201
1.89537
1.8889
1.88175
1.8723
1.86389
1.85805
1.84733
1.84141
1.8314
1.82601
1.81631
1.80715
1.79199
1.78175
1.77142
1.75996
1.7508
1.74346
1.72794
1.72061
1.71256
1.70301
1.69229
1.68025
1.66579
1.65268
1.63798
1.63284
1.62085
1.6093
1.59921
1.58716
1.57823
1.56658
1.55202
1.54556
1.53493
1.52387
1.51239
1.50053
1.49062
1.47663
1.46867
1.45663
1.44928
1.43947
1.42095
1.41228
1.40478
1.39415
1.38803
1.37724
1.36793
1.3593
1.35203
1.34322
1.33277
1.32695
1.31861
1.30858
1.29918
1.29083
1.28315
1.27604
1.26963
1.25874
1.2548
1.24696
1.24168
1.23495
1.22844
1.22262
1.21551
1.21103
1.20209
1.19785
1.19225
1.18521
1.18011
1.17579
1.16717
1.16277
1.15556
1.14962
1.14063
1.13579
1.12748
1.1184
1.11301
1.09911
1.09603
1.08331
1.07772
1.0635
1.05401
1.04815
1.03667
1.02885
1.02072
1.01182
1.00573
0.998648
0.990337
0.980245
0.976387
0.967446
0.958068
0.952693
0.946771
0.936685
0.928214
0.925333
0.910989
0.904398
0.88887
0.888028
0.878659
0.86794
0.857198
0.852232
0.846321
0.830144
0.825722
0.818521
0.80864
0.797555
0.792437
0.782576
0.776942
0.762951
0.758069
0.747473
0.742068
0.734693
0.727824
0.716226
0.711454
0.703787
0.697941
0.686788
0.680901
0.672148
0.667442
0.661207
0.654216
0.649421
0.644071
0.638913
0.633969
0.627626
0.621749
0.614924
0.606929
0.603423
0.596069
0.58973
0.583619
0.577239
0.572453
0.568209
0.56146
0.557797
0.55289
0.549226
0.544778
0.54171
0.538306
0.53491
0.533206
0.529565
0.52647
0.522082
0.5202
0.516852
0.513699
0.511633
0.50914
0.50594
0.502327
0.499739
0.49623
0.494261
0.491251
0.487802
0.485767
0.482454
0.479971
0.477326
0.474343
0.470624
0.469049
0.466574
0.46375
0.460822
0.459091
0.457059
0.454289
0.45169
0.44804
0.447063
0.444083
0.44212
0.439624
0.437879
0.434082
0.431603
0.428529
0.425654
0.423167
0.420383
0.417604
0.413692
0.412744
0.408871
0.406779
0.403136
0.400971
0.397478
0.393441
0.391606
0.388792
0.386148
0.383056
0.379095
0.377816
0.375024
0.373111
0.369633
0.367667
0.365597
0.362452
0.359929
0.356913
0.355456
0.352937
0.350109
0.346657
0.344149
0.34025
0.338645
0.335926
0.33353
0.330936
0.32822
0.326105
0.324416
0.321528
0.318996
0.317229
0.315317
0.313409
0.311956
0.309038
0.30725
0.306224
0.305042
0.303568
0.301529
0.300213
0.297677
0.294632
0.292901
0.290622
0.288148
0.286395
0.283332
0.281825
0.279277
0.277625
0.275373
0.273574
0.271445
0.269589
0.268021
0.266508
0.263985
0.263079
0.261874
0.260022
0.258486
0.257121
0.255194
0.253094
0.252129
0.250914
0.248728
0.247665
0.24624
0.244657
0.243176
0.24178
0.240484
0.239049
0.23823
0.236892
0.235129
0.233739
0.232939
0.231352
0.229895
0.228934
0.227531
0.226678
0.225618
0.223754
0.222767
0.221517
0.219942
0.21933
0.217704
0.216545
0.21541
0.214434
0.213232
0.212416
0.211131
0.210308
0.209307
0.208845
0.207638
0.206931
0.206194
0.205275
0.204242
0.203792
0.202809
0.202126
0.201648
0.200466
0.199829
0.199082
0.198025
0.19744
0.197029
0.196203
0.195521
0.194071
0.193361
0.192704
0.191746
0.190727
0.189853
0.188383
0.187249
0.186628
0.185876
0.184593
0.183906
0.183237
0.182383
0.181823
0.181134
0.180523
0.179984
0.179595
0.179144
0.17833
0.177818
0.177094
0.17657
0.176008
0.175061
0.174754
0.17402
0.173418
0.172683
0.171884
0.171395
0.170773
0.170094
0.16942
0.168705
0.167948
0.167191
0.166311
0.165641
0.164785
0.16399
0.162822
0.161905
0.160544
0.159546
0.158808
0.157624
0.156972
0.155748
0.154802
0.153568
0.152771
0.151243
0.150463
0.14915
0.147912
0.14639
0.14548
0.144397
0.142834
0.14246
0.141333
0.140622
0.139506
0.138604
0.137713
0.137062
0.136537
0.135399
0.134556
0.133905
0.132808
0.132286
0.131672
0.130983
0.130427
0.130079
0.12956
0.129201
0.128961
0.128559
0.128054
0.128007
0.127584
0.127355
0.127053
0.12664
0.126258
0.125859
0.125444
0.125227
0.124957
0.124655
0.124178
0.124063
0.123714
0.123467
0.123096
0.122902
0.122467
0.122131
0.121732
0.12156
0.12126
0.120962
0.120587
0.120299
0.120001
0.119714
0.11954
0.11917
0.11875
0.118569
0.118165
0.11763
0.117478
0.116948
0.11651
0.116109
0.115647
0.115236
0.114655
0.114369
0.113925
0.113243
0.113144
0.112684
0.112176
0.111637
0.11102
0.110639
0.110342
0.109912
0.109532
0.10918
0.108775
0.108531
0.107755
0.107716
0.1074
0.10704
0.106649
0.106344
0.106054
0.105573
0.105321
0.104938
0.104598
0.104175
0.103797
0.103334
0.103019
0.10261
0.102223
0.101894
0.101515
0.101197
0.100819
0.100522
0.100148
0.0998326
0.0995244
0.0991637
0.0986979
0.098253
0.097737
0.0975113
0.0971629
0.0966863
0.0963203
0.0959111
0.0955697
0.0952154
0.0949492
0.09452
0.0942335
0.0939524
0.0936281
0.0932769
0.0929993
0.0926793
0.0925657
0.0922955
0.0921052
0.091791
0.0915848
0.0914215
0.0912488
0.0909601
0.0907316
0.0905946
0.0902697
0.0901051
0.0899271
0.0896587
0.0894482
0.089085
0.0887772
0.0885848
0.0882809
0.0880108
0.0877524
0.08742
0.0871829
0.0863961
0.0863961
0.086306
0.0859765
0.0856479
0.0854768
0.0852282
0.0848549
0.0846486
0.08445
0.0841914
0.083844
0.083624
0.0833329
0.0830108
0.0827728
0.0825841
0.0822487
0.0819858
0.0816479
0.0811652
0.0809756
0.0805323
0.0801039
0.0798845
0.0795984
0.079199
0.0788469
0.0785781
0.0782453
0.0780083
0.077661
0.0773266
0.077078
0.076683
0.0764799
0.0761806
0.0760048
0.07569
0.075372
0.0750201
0.0746996
0.0743658
0.074168
0.0738448
0.0737404
0.07345
0.073181
0.0728692
0.0726759
0.072396
0.072142
0.0719611
0.0715683
0.0711708
0.0710261
0.0707322
0.0704888
0.0702837
0.0699881
0.0697897
0.0694861
0.0690919
0.0689045
0.0685344
0.0683094
0.0679992
0.0678902
0.0676223
0.0672992
0.0670618
0.0667288
0.06639
0.0659586
0.0656925
0.0654858
0.0652144
0.0648775
0.0645288
0.0642264
0.0638922
0.06356
0.0633368
0.0627681
0.0626841
0.0623458
0.0620062
0.0616781
0.0613241
0.0608482
0.0606821
0.0603814
0.0601386
0.059802
0.0596199
0.0592829
0.0590528
0.0588624
0.0586873
0.0584373
0.058267
0.0581123
0.0578701
0.0576686
0.0574927
0.0573539
0.0571315
0.0569404
0.0567812
0.0566063
0.0563756
0.0561566
0.0559147
0.0557752
0.0554942
0.0553382
0.0551614
0.0548719
0.0546738
0.0544318
0.0542135
0.053931
0.0535966
0.0532781
0.0530219
0.0527012
0.0525266
0.0522601
0.0518823
0.0514256
0.0513263
0.0510687
0.0507483
0.0504091
0.0501432
0.0499098
0.0497254
0.0493654
0.0491233
0.0489044
0.0485096
0.0482676
0.0481349
0.0479453
0.0476454
0.0473118
0.0470589
0.0469479
0.0467072
0.0463595
0.0461577
0.0458744
0.0456763
0.0453786
0.0452024
0.0450513
0.0448091
0.0446147
0.044415
0.0442207
0.0440323
0.0439353
0.0437359
0.0436105
0.0433858
0.0432467
0.0430509
0.0427957
0.0426478
0.0424274
0.0422942
0.0421234
0.0418545
0.0416965
0.0415477
0.0413942
0.0411953
0.0410739
0.0408987
0.0406498
0.0406498
0.0406498
0.0406498
0.0406498
0.0406498
0.0406498
0.0406498
0.0406498
0.0406498
0.0406498
0.0406498
0.0406498
0.0406498
0.0406498
0.0406498
0.0406498
0.0406498
0.0406498
0.0406498
0.0406498
0.0406498
0.0406498
0.0406498
0.0406498
0.0406498
0.0406498
0.0406498
0.0406498
0.0406498
0.0406498
0.0406498
0.0406498
0.0406498
0.0406498
0.0406498
0.0406498
0.0406498
0.0406498
0.0406498
0.0406498
0.0406498
0.0406498
0.0406498
0.0406498
0.0406498
0.0406498
0.0406498
0.0406498
0.0406498
0.0406498
0.0406498
0.0406498
0.0406498
0.0406498
0.0406498
0.0406498
0.0406498
0.0406498
0.0406498
0.0406498
0.0406498
0.0406498
0.0406498
0.0406498
0.0406498
0.0406498
0.0406498
0.0406498
0.0406498
0.0406498
0.0406498
0.0406498
0.0406498
0.0406498
0.0406498
0.0406498
0.0406498
0.0406498
0.0406498
0.0406498
0.0406498
0.0406498
0.0406498
0.0406498
0.0406498
0.0406498
0.0406498
0.0406498
0.0406498
0.0406498
0.0406498
0.0406498
0.0406498
0.0406498
0.0406498
0.0406498
0.0406498
0.0406498
0.0406498
0.0406498
0.0406498
0.0406498
0.0406498
0.0406498
0.0406498
0.0406498
0.0406498
0.0406498
0.0406498
0.0406498
0.0406498
0.0406498
0.0406498
0.0406498
0.0406498
0.0406498
0.0406498
0.0406498
0.0406498
0.0406498
0.0406498
0.0406498
0.0406498
0.0406498
0.0406498
0.0406498
0.0406498
0.0406498
0.0406498
0.0406498
0.0406498
0.0406498
0.0406498
0.0406498
0.0406498
0.0406498
0.0406498
0.0406498
0.0406498
0.0406498
0.0406498
0.0406498
0.0406498
0.0406498
0.0406498
0.0406498
0.0406498
0.0406498
0.0406498
0.0406498
0.0406498
0.0406498
0.0406498
0.0406498
0.0406498
0.0406498
0.0406498
0.0406498
0.0406498
0.0406498
0.0406498
0.0406498
0.0406498
0.0406498
0.0406498
0.0406498
0.0406498
0.0406498
0.0406498
0.0406498
0.0406498
0.0406498
0.0406498
0.0406498
0.0406498
0.0406498
0.0406498
0.0406498
0.0406498
0.0406498
0.0406498
0.0406498
0.0406498
0.0406498
0.0406498
0.0406498
0.0406498
0.0406498
0.0406498
0.0406498
0.0406498
0.0406498
0.0406498
0.0406498
0.0406498
0.0406498
0.0406498
0.0406498
0.0406498
0.0406498
0.0406498
0.0406498
0.0406498
0.0406498
0.0406498
0.0406498
0.0406498
0.0406498
0.0406498
0.0406498
0.0406498
0.0406498
0.0406498
0.0406498
0.0406498
0.0406498
0.0406498
0.0406498
0.0406498
0.0406498
0.0406498
0.0406498
0.0406498
0.0406498
0.0406498
0.0406498
0.0406498
0.0406498
0.0406498
0.0406498
0.0406498
0.0406498
0.0406498
0.0406498
0.0406498
0.0406498
0.0406498
0.0406498
0.0406498
0.0406498
0.0406498
0.0406498
0.0406498
0.0406498
0.0406498
0.0406498
0.0406498
0.0406498
0.0406498
0.0406498
0.0406498
0.0406498
0.0406498
0.0406498
0.0406498
0.0406498
0.0406498
0.0406498
0.0406498
0.0406498
0.0406498
0.0406498
0.0406498
0.0406498
0.0406498
0.0406498
0.0406498
0.0406498
0.0406498
0.0406498
0.0406498
0.0406498
0.0406498
0.0406498
0.0406498
0.0406498
0.0406498
0.0406498
0.0406498
0.0406498
0.0406498
0.0406498
0.0406498
0.0406498
0.0406498
0.0406498
0.0406498
0.0406498
0.0406498
0.0406498
0.0406498
0.0406498
0.0406498
0.0406498
0.0406498
0.0406498
0.0406498
0.0406498
0.0406498
0.0406498
0.0406498
0.0406498
0.0406498
0.0406498
0.0406498
0.0406498
0.0406498
0.0406498
0.0406498
0.0406498
0.0406498
0.0406498
0.0406498
0.0406498
0.0406498
0.0406498
0.0406498
0.0406498
0.0406498
0.0406498
0.0406498
0.0406498
0.0406498
0.0406498
0.0406498
0.0406498
0.0406498
0.0406498
0.0406498
0.0406498
0.0406498
0.0406498
0.0406498
0.0406498
0.0406498
0.0406498
0.0406498
0.0406498
0.0406498
0.0406498
0.0406498
0.0406498
0.0406498
0.0406498
0.0406498
0.0406498
0.0406498
0.0406498
0.0406498
0.0406498
0.0406498
0.0406498
0.0406498
0.0406498
0.0406498
0.0406498
0.0406498
0.0406498
0.0406498
0.0406498
0.0406498
0.0406498
0.0406498
0.0406498
0.0406498
0.0406498
0.0406498
0.0406498
0.0406498
0.0406498
0.0406498
0.0406498
0.0406498
0.0406498
0.0406498
0.0406498
0.0406498
0.0406498
0.0406498
0.0406498
0.0406498
0.0406498
0.0406498
0.0406498
0.0406498
0.0406498
0.0406498
0.0406498
0.0406498
0.0406498
0.0406498
0.0406498
0.0406498
0.0406498
0.0406498
0.0406498
0.0406498
0.0406498
0.0406498
0.0406498
0.0406498
0.0406498
0.0406498
0.0406498
0.0406498
0.0406498
0.0406498
0.0406498
0.0406498
0.0406498
0.0406498
0.0406498
0.0406498
0.0406498
0.0406498
0.0406498
0.0406498
0.0406498
0.0406498
0.0406498
0.0406498
0.0406498
0.0406498
0.0406498
0.0406498
0.0406498
0.0406498
0.0406498
0.0406498
0.0406498
0.0406498
0.0406498
0.0406498
0.0406498
0.0406498
0.0406498
0.0406498
0.0406498
0.0406498
0.0406498
0.0406498
0.0406498
0.0406498
0.0406498
0.0406498
0.0406498
0.0406498
0.0406498
0.0406498
0.0406498
0.0406498
0.0406498
0.0406498
0.0406498
0.0406498
0.0406498
0.0406498
0.0406498
0.0406498
0.0406498
0.0406498
0.0406498
0.0406498
0.0406498
0.0406498
0.0406498
0.0406498
0.0406498
0.0406498
0.0406498
0.0406498
0.0406498
0.0406498
0.0406498
0.0406498
0.0406498
0.0406498
0.0406498
0.0406498
0.0406498
0.0406498
0.0406498
0.0406498
0.0406498
0.0406498
0.0406498
0.0406498
0.0406498
0.0406498
0.0406498
0.0406498
0.0406498
0.0406498
0.0406498
0.0406498
0.0406498
0.0406498
0.0406498
0.0406498
0.0406498
0.0406498
0.0406498
0.0406498
0.0406498
0.0406498
0.0406498
0.0406498
0.0406498
0.0406498
0.0406498
0.0406498
0.0406498
0.0406498
0.0406498
0.0406498
0.0406498
0.0406498
0.0406498
0.0406498
0.0406498
0.0406498
0.0406498
0.0406498
0.0406498
0.0406498
0.0406498
0.0406498
0.0406498
0.0406498
0.0406498
0.0406498
0.0406498
0.0406498
0.0406498
0.0406498
0.0406498
0.0406498
0.0406498
0.0406498
0.0406498
0.0406498
0.0406498
0.0406498
0.0406498
0.0406498
0.0406498
0.0406498
0.0406498
0.0406498
0.0406498
0.0406498
0.0406498
0.0406498
0.0406498
0.0406498
0.0406498
0.0406498
0.0406498
0.0406498
0.0406498
0.0406498
0.0406498
0.0406498
0.0406498
0.0406498
0.0406498
0.0406498
0.0406498
0.0406498
0.0406498
0.0406498
0.0406498
0.0406498
0.0406498
0.0406498
0.0406498
0.0406498
0.0406498
0.0406498
0.0406498
0.0406498
0.0406498
0.0406498
0.0406498
0.0406498
0.0406498
0.0406498
0.0406498
0.0406498
0.0406498
0.0406498
0.0406498
0.0406498
0.0406498
0.0406498
0.0406498
0.0406498
0.0406498
0.0406498
0.0406498
0.0406498
0.0406498
0.0406498
0.0406498
0.0406498
0.0406498
0.0406498
0.0406498
0.0406498
0.0406498
0.0406498
0.0406498
0.0406498
0.0406498
0.0406498
0.0406498
0.0406498
0.0406498
0.0406498
0.0406498
0.0406498
0.0406498
0.0406498
0.0406498
0.0406498
0.0406498
0.0406498
0.0406498
0.0406498
0.0406498
0.0406498
0.0406498
0.0406498
0.0406498
0.0406498
0.0406498
0.0406498
0.0406498
0.0406498
0.0406498
0.0406498
0.0406498
0.0406498
0.0406498
0.0406498
0.0406498
0.0406498
0.0406498
0.0406498
0.0406498
0.0406498
0.0406498
0.0406498
0.0406498
0.0406498
0.0406498
0.0406498
0.0406498
0.0406498
0.0406498
0.0406498
0.0406498
0.0406498
0.0406498
0.0406498
0.0406498
0.0406498
0.0406498
0.0406498
0.0406498
0.0406498
0.0406498
0.0406498
0.0406498
0.0406498
0.0406498
0.0406498
0.0406498
0.0406498
0.0406498
0.0406498
0.0406498
0.0406498
0.0406498
0.0406498
0.0406498
0.0406498
0.0406498
0.0406498
0.0406498
0.0406498
0.0406498
0.0406498
0.0406498
0.0406498
0.0406498
0.0406498
0.0406498
0.0406498
0.0406498
0.0406498
0.0406498
0.0406498
0.0406498
0.0406498
0.0406498
0.0406498
0.0406498
0.0406498
0.0406498
0.0406498
0.0406498
0.0406498
0.0406498
0.0406498
0.0406498
0.0406498
0.0406498
0.0406498
0.0406498
0.0406498
0.0406498
0.0406498
0.0406498
0.0406498
0.0406498
0.0406498
0.0406498
0.0406498
0.0406498
0.0406498
0.0406498
0.0406498
0.0406498
0.0406498
0.0406498
0.0406498
0.0406498
0.0406498
0.0406498
0.0406498
0.0406498
0.0406498
0.0406498
0.0406498
0.0406498
0.0406498
0.0406498
0.0406498
0.0406498
0.0406498
0.0406498
0.0406498
0.0406498
0.0406498
0.0406498
0.0406498
0.0406498
0.0406498
0.0406498
0.0406498
0.0406498
0.0406498
0.0406498
0.0406498
0.0406498
0.0406498
0.0406498
0.0406498
0.0406498
0.0406498
0.0406498
0.0406498
0.0406498
0.0406498
0.0406498
0.0406498
0.0406498
0.0406498
0.0406498
0.0406498
0.0406498
0.0406498
0.0406498
0.0406498
0.0406498
0.0406498
0.0406498
0.0406498
0.0406498
0.0406498
0.0406498
0.0406498
0.0406498
0.0406498
0.0406498
0.0406498
0.0406498
0.0406498
0.0406498
0.0406498
0.0406498
0.0406498
0.0406498
0.0406498
0.0406498
0.0406498
0.0406498
0.0406498
0.0406498
0.0406498
0.0406498
0.0406498
0.0406498
0.0406498
0.0406498
0.0406498
0.0406498
0.0406498
0.0406498
0.0406498
0.0406498
0.0406498
0.0406498
0.0406498
0.0406498
0.0406498
0.0406498
0.0406498
0.0406498
0.0406498
0.0406498
0.0406498
0.0406498
0.0406498
0.0406498
0.0406498
0.0406498
0.0406498
0.0406498
0.0406498
0.0406498
0.0406498
0.0406498
0.0406498
0.0406498
0.0406498
0.0406498
0.0406498
0.0406498
0.0406498
0.0406498
0.0406498
0.0406498
0.0406498
0.0406498
0.0406498
0.0406498
0.0406498
0.0406498
0.0406498
0.0406498
0.0406498
0.0406498
0.0406498
0.0406498
0.0406498
0.0406498
0.0406498
0.0406498
0.0406498
0.0406498
0.0406498
0.0406498
0.0406498
0.0406498
0.0406498
0.0406498
0.0406498
0.0406498
0.0406498
0.0406498
0.0406498
0.0406498
0.0406498
0.0406498
0.0406498
0.0406498
0.0406498
0.0406498
0.0406498
0.0406498
0.0406498
0.0406498
0.0406498
0.0406498
0.0406498
0.0406498
0.0406498
0.0406498
0.0406498
0.0406498
0.0406498
0.0406498
0.0406498
0.0406498
0.0406498
0.0406498
0.0406498
0.0406498
0.0406498
0.0406498
0.0406498
0.0406498
0.0406498
0.0406498
0.0406498
0.0406498
0.0406498
0.0406498
0.0406498
0.0406498
0.0406498
0.0406498
0.0406498
0.0406498
0.0406498
0.0406498
0.0406498
0.0406498
0.0406498
0.0406498
0.0406498
0.0406498
0.0406498
0.0406498
0.0406498
0.0406498
0.0406498
0.0406498
0.0406498
0.0406498
0.0406498
0.0406498
0.0406498
0.0406498
0.0406498
0.0406498
0.0406498
0.0406498
0.0406498
0.0406498
0.0406498
0.0406498
0.0406498
0.0406498
0.0406498
0.0406498
0.0406498
0.0406498
0.0406498
0.0406498
0.0406498
0.0406498
0.0406498
0.0406498
0.0406498
0.0406498
0.0406498
0.0406498
0.0406498
0.0406498
0.0406498
0.0406498
0.0406498
0.0406498
0.0406498
0.0406498
0.0406498
0.0406498
0.0406498
0.0406498
0.0406498
0.0406498
0.0406498
0.0406498
0.0406498
0.0406498
0.0406498
0.0406498
0.0406498
0.0406498
0.0406498
0.0406498
0.0406498
0.0406498
0.0406498
0.0406498
0.0406498
0.0406498
0.0406498
0.0406498
0.0406498
0.0406498
0.0406498
0.0406498
0.0406498
0.0406498
0.0406498
0.0406498
0.0406498
0.0406498
0.0406498
0.0406498
0.0406498
0.0406498
0.0406498
0.0406498
0.0406498
0.0406498
0.0406498
0.0406498
0.0406498
0.0406498
0.0406498
0.0406498
0.0406498
0.0406498
0.0406498
0.0406498
0.0406498
0.0406498
0.0406498
0.0406498
0.0406498
0.0406498
0.0406498
0.0406498
0.0406498
0.0406498
0.0406498
0.0406498
0.0406498
0.0406498
0.0406498
0.0406498
0.0406498
0.0406498
0.0406498
0.0406498
0.0406498
0.0406498
0.0406498
0.0406498
0.0406498
0.0406498
0.0406498
0.0406498
0.0406498
0.0406498
0.0406498
0.0406498
0.0406498
0.0406498
0.0406498
0.0406498
0.0406498
0.0406498
0.0406498
0.0406498
0.0406498
0.0406498
0.0406498
0.0406498
0.0406498
0.0406498
0.0406498
0.0406498
0.0406498
0.0406498
0.0406498
0.0406498
0.0406498
0.0406498
0.0406498
0.0406498
0.0406498
0.0406498
0.0406498
0.0406498
0.0406498
0.0406498
0.0406498
0.0406498
0.0406498
0.0406498
0.0406498
0.0406498
0.0406498
0.0406498
0.0406498
0.0406498
0.0406498
0.0406498
0.0406498
0.0406498
0.0406498
0.0406498
0.0406498
0.0406498
0.0406498
0.0406498
0.0406498
0.0406498
0.0406498
0.0406498
0.0406498
0.0406498
0.0406498
0.0406498
0.0406498
0.0406498
0.0406498
0.0406498
0.0406498
0.0406498
0.0406498
0.0406498
0.0406498
0.0406498
0.0406498
0.0406498
0.0406498
0.0406498
0.0406498
0.0406498
0.0406498
0.0406498
0.0406498
0.0406498
0.0406498
0.0406498
0.0406498
0.0406498
0.0406498
0.0406498
0.0406498
0.0406498
0.0406498
0.0406498
0.0406498
0.0406498
0.0406498
0.0406498
0.0406498
0.0406498
0.0406498
0.0406498
0.0406498
0.0406498
0.0406498
0.0406498
0.0406498
0.0406498
0.0406498
0.0406498
0.0406498
0.0406498
0.0406498
0.0406498
0.0406498
0.0406498
0.0406498
0.0406498
0.0406498
0.0406498
0.0406498
0.0406498
0.0406498
0.0406498
0.0406498
0.0406498
0.0406498
0.0406498
0.0406498
0.0406498
0.0406498
0.0406498
0.0406498
0.0406498
0.0406498
0.0406498
0.0406498
0.0406498
0.0406498
0.0406498
0.0406498
0.0406498
0.0406498
0.0406498
0.0406498
0.0406498
0.0406498
0.0406498
0.0406498
0.0406498
0.0406498
0.0406498
0.0406498
0.0406498
0.0406498
0.0406498
0.0406498
0.0406498
0.0406498
0.0406498
0.0406498
0.0406498
0.0406498
0.0406498
0.0406498
0.0406498
0.0406498
0.0406498
0.0406498
0.0406498
0.0406498
0.0406498
0.0406498
0.0406498
0.0406498
0.0406498
0.0406498
0.0406498
0.0406498
0.0406498
0.0406498
0.0406498
0.0406498
0.0406498
0.0406498
0.0406498
0.0406498
0.0406498
0.0406498
0.0406498
0.0406498
0.0406498
0.0406498
0.0406498
0.0406498
0.0406498
0.0406498
0.0406498
0.0406498
0.0406498
0.0406498
0.0406498
0.0406498
0.0406498
0.0406498
0.0406498
0.0406498
0.0406498
0.0406498
0.0406498
0.0406498
0.0406498
0.0406498
0.0406498
0.0406498
0.0406498
0.0406498
0.0406498
0.0406498
0.0406498
0.0406498
0.0406498
0.0406498
0.0406498
0.0406498
0.0406498
0.0406498
0.0406498
0.0406498
0.0406498
0.0406498
0.0406498
0.0406498
0.0406498
0.0406498
0.0406498
0.0406498
0.0406498
0.0406498
0.0406498
0.0406498
0.0406498
0.0406498
0.0406498
0.0406498
0.0406498
0.0406498
0.0406498
0.0406498
0.0406498
0.0406498
0.0406498
0.0406498
0.0406498
0.0406498
0.0406498
0.0406498
0.0406498
0.0406498
0.0406498
0.0406498
0.0406498
0.0406498
0.0406498
0.0406498
0.0406498
0.0406498
0.0406498
0.0406498
0.0406498
0.0406498
0.0406498
0.0406498
0.0406498
0.0406498
0.0406498
0.0406498
0.0406498
0.0406498
0.0406498
0.0406498
0.0406498
0.0406498
0.0406498
0.0406498
0.0406498
0.0406498
0.0406498
0.0406498
0.0406498
0.0406498
0.0406498
0.0406498
0.0406498
0.0406498
0.0406498
0.0406498
0.0406498
0.0406498
0.0406498
0.0406498
0.0406498
0.0406498
0.0406498
0.0406498
0.0406498
0.0406498
0.0406498
0.0406498
0.0406498
0.0406498
0.0406498
0.0406498
0.0406498
0.0406498
0.0406498
0.0406498
0.0406498
0.0406498
0.0406498
0.0406498
0.0406498
0.0406498
0.0406498
0.0406498
0.0406498
0.0406498
0.0406498
0.0406498
0.0406498
