3.9299e+06
575071
575071
575071
575071
575071
482018
482018
482018
103122
103122
103122
103122
103122
60729.2
60729.2
37960.1
28863.6
19662.8
11676.2
7052.28
7052.28
7052.28
5468.36
5468.36
5468.36
5468.36
4259.74
3131.46
3131.46
1939.37
1939.37
1153.28
894.079
894.079
649.846
649.846
542.836
304.382
304.382
304.382
304.382
304.382
304.382
304.382
299.527
299.527
299.527
299.527
299.527
299.527
299.527
299.527
299.527
272.21
272.21
272.21
234.95
234.95
196.352
196.352
173.503
166.822
166.822
135.272
130.38
109.648
109.648
109.648
109.648
109.648
109.648
109.648
109.648
109.648
109.648
109.648
106.397
105.235
100.589
97.5872
94.4997
92.2274
90.2411
87.1427
86.5046
82.3103
82.3103
79.9413
79.7983
79.3034
79.3034
79.2956
79.2956
78.9326
78.8596
76.9822
76.321
75.6907
75.6896
75.6896
75.1792
74.2258
74.2258
74.2258
73.7539
73.4069
73.4069
73.1827
73.1139
72.8184
72.6106
72.3348
71.9819
71.7433
71.1547
71.1172
71.0199
70.9249
70.8164
70.6004
70.1733
69.8518
69.632
69.3936
69.246
69.1277
68.9479
68.9479
68.7723
68.7723
68.6729
68.5598
68.4832
68.3781
68.2666
68.0301
67.8132
67.7661
67.6017
67.3961
67.0437
66.8097
66.3719
66.0171
65.572
64.6386
63.4003
61.4694
60.0251
57.5294
53.8379
49.088
44.0848
37.2948
31.0005
23.3841
17.6389
10.7057
8.34118
4.65856
3.97706
3.20802
2.63496
2.53072
2.14918
1.94869
1.77925
1.64878
1.4583
1.32055
1.29734
1.10751
0.939914
0.783471
0.783471
0.783471
0.684083
0.682758
0.643788
0.643788
0.629704
0.619498
0.619498
0.592769
0.592769
0.574312
0.574312
0.54627
0.54627
0.54627
0.54627
0.541442
0.532262
0.532262
0.532262
0.523281
0.516446
0.51502
0.505722
0.497019
0.491622
0.485891
0.48414
0.483021
0.482137
0.475837
0.475837
0.475837
0.473964
0.470052
0.468353
0.465775
0.464116
0.463101
0.461453
0.460509
0.459624
0.459428
0.458733
0.457909
0.456871
0.456348
0.454977
0.454676
0.453969
0.45286
0.452148
0.451374
0.450626
0.449971
0.449219
0.44829
0.447146
0.446521
0.445723
0.44496
0.443962
0.44299
0.441755
0.440781
0.439702
0.4387
0.437495
0.436242
0.435233
0.434059
0.432899
0.431472
0.430172
0.429174
0.428002
0.426507
0.42547
0.424098
0.42278
0.421488
0.420277
0.419054
0.41718
0.416089
0.414966
0.41373
0.412285
0.410921
0.409672
0.408619
0.407397
0.4064
0.404689
0.403708
0.402085
0.400822
0.399469
0.397662
0.396292
0.394639
0.392929
0.391548
0.390182
0.388865
0.387283
0.385653
0.383768
0.382441
0.380841
0.379137
0.376411
0.375649
0.373796
0.372065
0.369946
0.368537
0.366138
0.364994
0.363184
0.361544
0.359808
0.358299
0.3569
0.3553
0.353626
0.351993
0.350463
0.348771
0.347438
0.345944
0.344135
0.342196
0.341352
0.339253
0.337813
0.336427
0.334516
0.33304
0.331587
0.330704
0.329422
0.327719
0.326448
0.3249
0.323744
0.322351
0.320813
0.319587
0.318498
0.31725
0.315898
0.314771
0.313455
0.31231
0.311165
0.310271
0.309035
0.308001
0.306919
0.30595
0.305089
0.30404
0.303189
0.302318
0.30158
0.300656
0.299776
0.29897
0.298078
0.297291
0.296214
0.29538
0.294274
0.293504
0.292746
0.291759
0.29113
0.290413
0.289585
0.288935
0.287869
0.287136
0.286344
0.285372
0.284238
0.283335
0.282086
0.281275
0.280231
0.278759
0.277153
0.27609
0.275101
0.274022
0.272616
0.271556
0.270104
0.268896
0.267565
0.266279
0.264742
0.263177
0.261897
0.260859
0.258951
0.258244
0.257141
0.255959
0.254669
0.253345
0.251683
0.250681
0.249252
0.247964
0.24654
0.244775
0.243662
0.24262
0.241227
0.239935
0.238873
0.237125
0.23587
0.234174
0.233215
0.231972
0.230803
0.229558
0.228478
0.22731
0.225909
0.224623
0.22273
0.221861
0.220764
0.219355
0.218198
0.217053
0.215495
0.21409
0.213358
0.212088
0.210827
0.209815
0.208531
0.207535
0.206297
0.20514
0.203977
0.202702
0.201883
0.200629
0.199768
0.198574
0.197475
0.196259
0.194722
0.193691
0.192156
0.190926
0.189521
0.188198
0.186893
0.185808
0.184844
0.183388
0.182745
0.181606
0.180639
0.179733
0.178649
0.177925
0.176955
0.175902
0.175075
0.174051
0.173143
0.172333
0.171457
0.170488
0.169478
0.168565
0.167731
0.166868
0.166109
0.165404
0.164735
0.164009
0.163526
0.162736
0.162253
0.161592
0.160955
0.160227
0.159669
0.159095
0.15856
0.157953
0.157173
0.156756
0.155903
0.155309
0.154641
0.154022
0.153429
0.152899
0.152189
0.151554
0.150971
0.150306
0.149724
0.149261
0.148804
0.148475
0.147949
0.147455
0.147013
0.146553
0.14599
0.145397
0.144787
0.144339
0.143702
0.143225
0.142649
0.141958
0.141335
0.140738
0.140177
0.139438
0.138939
0.138058
0.13749
0.136856
0.13616
0.135444
0.134736
0.134001
0.13337
0.132661
0.13179
0.13128
0.130516
0.129828
0.129071
0.128396
0.127637
0.126986
0.126335
0.125579
0.124998
0.124263
0.12373
0.123244
0.122554
0.122052
0.121465
0.121004
0.120398
0.119762
0.119398
0.118812
0.118121
0.11758
0.117063
0.1165
0.116008
0.115433
0.114956
0.114505
0.113971
0.113474
0.112996
0.112601
0.112109
0.111615
0.111151
0.110679
0.110202
0.109794
0.109258
0.108713
0.108331
0.107833
0.107083
0.106831
0.106315
0.105885
0.10541
0.104865
0.104489
0.103981
0.103551
0.102984
0.102735
0.102288
0.101935
0.101569
0.101259
0.100902
0.100527
0.100119
0.0997561
0.0994445
0.0991246
0.0987455
0.0984249
0.0981052
0.0977375
0.0973434
0.096959
0.0966815
0.096359
0.0957888
0.095525
0.095186
0.094841
0.0945403
0.094044
0.0937632
0.0934331
0.0929284
0.0926752
0.0923416
0.0919024
0.0915628
0.0912085
0.0908628
0.0904871
0.0902002
0.0898418
0.0895053
0.0891991
0.0887452
0.0884335
0.0880171
0.0876326
0.0872564
0.0869074
0.0865341
0.0860512
0.0856848
0.0851148
0.0847849
0.084341
0.0838649
0.0834983
0.0830355
0.0826836
0.0822951
0.0818748
0.0814557
0.0810966
0.0806958
0.0804009
0.0800882
0.0796823
0.0793828
0.079059
0.0787941
0.0784188
0.0782287
0.0778527
0.0776274
0.0773439
0.0769768
0.0766419
0.07638
0.0759564
0.0756955
0.0752764
0.0749559
0.0746739
0.074339
0.073991
0.0736421
0.0733821
0.0730634
0.0727062
0.0724619
0.0721538
0.0718291
0.0715569
0.0713057
0.0710291
0.0707995
0.0705378
0.0703118
0.0701186
0.0698382
0.0696181
0.0693608
0.0691609
0.0689103
0.0686858
0.0684836
0.0682634
0.0680256
0.0677838
0.0675872
0.0673634
0.0671411
0.0669327
0.066685
0.0664749
0.0661892
0.0659302
0.0656317
0.0653882
0.0650919
0.0647031
0.0644853
0.064131
0.0639317
0.0636577
0.0633325
0.0630026
0.0627627
0.0624112
0.0622012
0.0618464
0.061516
0.0611696
0.0608573
0.0605493
0.0601686
0.0599155
0.0596184
0.0593203
0.0589646
0.0585699
0.058264
0.0580756
0.0577252
0.0573543
0.0569282
0.0567482
0.0564355
0.0561597
0.0557616
0.0553825
0.0551094
0.0547905
0.0544891
0.0540928
0.053813
0.053544
0.0532545
0.0529722
0.0526494
0.0523028
0.0519218
0.0516762
0.051303
0.0509893
0.0507306
0.0504967
0.0502122
0.0499211
0.0496075
0.0493513
0.0490127
0.0487502
0.0484558
0.0481183
0.0477305
0.0475614
0.0472424
0.0469128
0.0465253
0.0460937
0.0458981
0.0455259
0.0452311
0.0449248
0.0445944
0.0442772
0.0439483
0.0436915
0.0434325
0.0431207
0.0429216
0.0426328
0.0424238
0.0422622
0.0419735
0.041748
0.0416265
0.0414129
0.0411718
0.0410298
0.0408884
0.0407148
0.0405267
0.0402838
0.0402151
0.0400003
0.0398464
0.0396316
0.0394801
0.0393279
0.0391466
0.0390029
0.0387528
0.038659
0.038659
0.038659
0.038659
0.038659
0.038659
0.038659
0.038659
0.038659
0.038659
0.038659
0.038659
0.038659
0.038659
0.038659
0.038659
0.038659
0.038659
0.038659
0.038659
0.038659
0.038659
0.038659
0.038659
0.038659
0.038659
0.038659
0.038659
0.038659
0.038659
0.038659
0.038659
0.038659
0.038659
0.038659
0.038659
0.038659
0.038659
0.038659
0.038659
0.038659
0.038659
0.038659
0.038659
0.038659
0.038659
0.038659
0.038659
0.038659
0.038659
0.038659
0.038659
0.038659
0.038659
0.038659
0.038659
0.038659
0.038659
0.038659
0.038659
0.038659
0.038659
0.038659
0.038659
0.038659
0.038659
0.038659
0.038659
0.038659
0.038659
0.038659
0.038659
0.038659
0.038659
0.038659
0.038659
0.038659
0.038659
0.038659
0.038659
0.038659
0.038659
0.038659
0.038659
0.038659
0.038659
0.038659
0.038659
0.038659
0.038659
0.038659
0.038659
0.038659
0.038659
0.038659
0.038659
0.038659
0.038659
0.038659
0.038659
0.038659
0.038659
0.038659
0.038659
0.038659
0.038659
0.038659
0.038659
0.038659
0.038659
0.038659
0.038659
0.038659
0.038659
0.038659
0.038659
0.038659
0.038659
0.038659
0.038659
0.038659
0.038659
0.038659
0.038659
0.038659
0.038659
0.038659
0.038659
0.038659
0.038659
0.038659
0.038659
0.038659
0.038659
0.038659
0.038659
0.038659
0.038659
0.038659
0.038659
0.038659
0.038659
0.038659
0.038659
0.038659
0.038659
0.038659
0.038659
0.038659
0.038659
0.038659
0.038659
0.038659
0.038659
0.038659
0.038659
0.038659
0.038659
0.038659
0.038659
0.038659
0.038659
0.038659
0.038659
0.038659
0.038659
0.038659
0.038659
0.038659
0.038659
0.038659
0.038659
0.038659
0.038659
0.038659
0.038659
0.038659
0.038659
0.038659
0.038659
0.038659
0.038659
0.038659
0.038659
0.038659
0.038659
0.038659
0.038659
0.038659
0.038659
0.038659
0.038659
0.038659
0.038659
0.038659
0.038659
0.038659
0.038659
0.038659
0.038659
0.038659
0.038659
0.038659
0.038659
0.038659
0.038659
0.038659
0.038659
0.038659
0.038659
0.038659
0.038659
0.038659
0.038659
0.038659
0.038659
0.038659
0.038659
0.038659
0.038659
0.038659
0.038659
0.038659
0.038659
0.038659
0.038659
0.038659
0.038659
0.038659
0.038659
0.038659
0.038659
0.038659
0.038659
0.038659
0.038659
0.038659
0.038659
0.038659
0.038659
0.038659
0.038659
0.038659
0.038659
0.038659
0.038659
0.038659
0.038659
0.038659
0.038659
0.038659
0.038659
0.038659
0.038659
0.038659
0.038659
0.038659
0.038659
0.038659
0.038659
0.038659
0.038659
0.038659
0.038659
0.038659
0.038659
0.038659
0.038659
0.038659
0.038659
0.038659
0.038659
0.038659
0.038659
0.038659
0.038659
0.038659
0.038659
0.038659
0.038659
0.038659
0.038659
0.038659
0.038659
0.038659
0.038659
0.038659
0.038659
0.038659
0.038659
0.038659
0.038659
0.038659
0.038659
0.038659
0.038659
0.038659
0.038659
0.038659
0.038659
0.038659
0.038659
0.038659
0.038659
0.038659
0.038659
0.038659
0.038659
0.038659
0.038659
0.038659
0.038659
0.038659
0.038659
0.038659
0.038659
0.038659
0.038659
0.038659
0.038659
0.038659
0.038659
0.038659
0.038659
0.038659
0.038659
0.038659
0.038659
0.038659
0.038659
0.038659
0.038659
0.038659
0.038659
0.038659
0.038659
0.038659
0.038659
0.038659
0.038659
0.038659
0.038659
0.038659
0.038659
0.038659
0.038659
0.038659
0.038659
0.038659
0.038659
0.038659
0.038659
0.038659
0.038659
0.038659
0.038659
0.038659
0.038659
0.038659
0.038659
0.038659
0.038659
0.038659
0.038659
0.038659
0.038659
0.038659
0.038659
0.038659
0.038659
0.038659
0.038659
0.038659
0.038659
0.038659
0.038659
0.038659
0.038659
0.038659
0.038659
0.038659
0.038659
0.038659
0.038659
0.038659
0.038659
0.038659
0.038659
0.038659
0.038659
0.038659
0.038659
0.038659
0.038659
0.038659
0.038659
0.038659
0.038659
0.038659
0.038659
0.038659
0.038659
0.038659
0.038659
0.038659
0.038659
0.038659
0.038659
0.038659
0.038659
0.038659
0.038659
0.038659
0.038659
0.038659
0.038659
0.038659
0.038659
0.038659
0.038659
0.038659
0.038659
0.038659
0.038659
0.038659
0.038659
0.038659
0.038659
0.038659
0.038659
0.038659
0.038659
0.038659
0.038659
0.038659
0.038659
0.038659
0.038659
0.038659
0.038659
0.038659
0.038659
0.038659
0.038659
0.038659
0.038659
0.038659
0.038659
0.038659
0.038659
0.038659
0.038659
0.038659
0.038659
0.038659
0.038659
0.038659
0.038659
0.038659
0.038659
0.038659
0.038659
0.038659
0.038659
0.038659
0.038659
0.038659
0.038659
0.038659
0.038659
0.038659
0.038659
0.038659
0.038659
0.038659
0.038659
0.038659
0.038659
0.038659
0.038659
0.038659
0.038659
0.038659
0.038659
0.038659
0.038659
0.038659
0.038659
0.038659
0.038659
0.038659
0.038659
0.038659
0.038659
0.038659
0.038659
0.038659
0.038659
0.038659
0.038659
0.038659
0.038659
0.038659
0.038659
0.038659
0.038659
0.038659
0.038659
0.038659
0.038659
0.038659
0.038659
0.038659
0.038659
0.038659
0.038659
0.038659
0.038659
0.038659
0.038659
0.038659
0.038659
0.038659
0.038659
0.038659
0.038659
0.038659
0.038659
0.038659
0.038659
0.038659
0.038659
0.038659
0.038659
0.038659
0.038659
0.038659
0.038659
0.038659
0.038659
0.038659
0.038659
0.038659
0.038659
0.038659
0.038659
0.038659
0.038659
0.038659
0.038659
0.038659
0.038659
0.038659
0.038659
0.038659
0.038659
0.038659
0.038659
0.038659
0.038659
0.038659
0.038659
0.038659
0.038659
0.038659
0.038659
0.038659
0.038659
0.038659
0.038659
0.038659
0.038659
0.038659
0.038659
0.038659
0.038659
0.038659
0.038659
0.038659
0.038659
0.038659
0.038659
0.038659
0.038659
0.038659
0.038659
0.038659
0.038659
0.038659
0.038659
0.038659
0.038659
0.038659
0.038659
0.038659
0.038659
0.038659
0.038659
0.038659
0.038659
0.038659
0.038659
0.038659
0.038659
0.038659
0.038659
0.038659
0.038659
0.038659
0.038659
0.038659
0.038659
0.038659
0.038659
0.038659
0.038659
0.038659
0.038659
0.038659
0.038659
0.038659
0.038659
0.038659
0.038659
0.038659
0.038659
0.038659
0.038659
0.038659
0.038659
0.038659
0.038659
0.038659
0.038659
0.038659
0.038659
0.038659
0.038659
0.038659
0.038659
0.038659
0.038659
0.038659
0.038659
0.038659
0.038659
0.038659
0.038659
0.038659
0.038659
0.038659
0.038659
0.038659
0.038659
0.038659
0.038659
0.038659
0.038659
0.038659
0.038659
0.038659
0.038659
0.038659
0.038659
0.038659
0.038659
0.038659
0.038659
0.038659
0.038659
0.038659
0.038659
0.038659
0.038659
0.038659
0.038659
0.038659
0.038659
0.038659
0.038659
0.038659
0.038659
0.038659
0.038659
0.038659
0.038659
0.038659
0.038659
0.038659
0.038659
0.038659
0.038659
0.038659
0.038659
0.038659
0.038659
0.038659
0.038659
0.038659
0.038659
0.038659
0.038659
0.038659
0.038659
0.038659
0.038659
0.038659
0.038659
0.038659
0.038659
0.038659
0.038659
0.038659
0.038659
0.038659
0.038659
0.038659
0.038659
0.038659
0.038659
0.038659
0.038659
0.038659
0.038659
0.038659
0.038659
0.038659
0.038659
0.038659
0.038659
0.038659
0.038659
0.038659
0.038659
0.038659
0.038659
0.038659
0.038659
0.038659
0.038659
0.038659
0.038659
0.038659
0.038659
0.038659
0.038659
0.038659
0.038659
0.038659
0.038659
0.038659
0.038659
0.038659
0.038659
0.038659
0.038659
0.038659
0.038659
0.038659
0.038659
0.038659
0.038659
0.038659
0.038659
0.038659
0.038659
0.038659
0.038659
0.038659
0.038659
0.038659
0.038659
0.038659
0.038659
0.038659
0.038659
0.038659
0.038659
0.038659
0.0384822
0.0381176
0.0378228
0.0375134
0.0372667
0.036966
0.0366849
0.03639
0.0361013
0.0358433
0.0356158
0.0353835
0.0351249
0.0349394
0.0349394
0.0349394
0.0349394
0.0349394
0.0349394
0.0349394
0.0349394
0.0349394
0.0349394
0.0349394
0.0349394
0.0349394
0.0349394
0.0349394
0.0349394
0.0349394
0.0349394
0.0349394
0.0349394
0.0349394
0.0349394
0.0349394
0.0349394
0.0349394
0.0349394
0.0349394
0.0349394
0.0349394
0.0349394
0.0349394
0.0349394
0.0349394
0.0349394
0.0349394
0.0349394
0.0349394
0.0349394
0.0349394
0.0349394
0.0349394
0.0349394
0.0349394
0.0349394
0.0349394
0.0349394
0.0349394
0.0349394
0.0349394
0.0349394
0.0349394
0.0349394
0.0349394
0.0349394
0.0349394
0.0349394
0.0349394
0.0349394
0.0349394
0.0349394
0.0349394
0.0349394
0.0349394
0.0349394
0.0349394
0.0349394
0.0349394
0.0349394
0.0349394
0.0349394
0.0349394
0.0349394
0.0349394
0.0349394
0.0349394
0.0349394
0.0349394
0.0349394
0.0349394
0.0349394
0.0349394
0.0349394
0.0349394
0.0349394
0.0349394
0.0349394
0.0349394
0.0349394
0.0349394
0.0349394
0.0349394
0.0349394
0.0349394
0.0349394
0.0349394
0.0349394
0.0349394
0.0349394
0.0349394
0.0349394
0.0349394
0.0349394
0.0349394
0.0349394
0.0349394
0.0349394
0.0349394
0.0349394
0.0349394
0.0349394
0.0349394
0.0349394
0.0349394
0.0349394
0.0349394
0.0349394
0.0349394
0.0349394
0.0349394
0.0349394
0.0349394
0.0349394
0.0349394
0.0349394
0.0349394
0.0349394
0.0349394
0.0349394
0.0349394
0.0349394
0.0349394
0.0349394
0.0349394
0.0349394
0.0349394
0.0349394
0.0349394
0.0349394
0.0349394
0.0349394
0.0349394
0.0349394
0.0349394
0.0349394
0.0349394
0.0349394
0.0349394
0.0349394
0.0349394
0.0349394
0.0349394
0.0349394
0.0349394
0.0349394
0.0349394
0.0349394
0.0349394
0.0349394
0.0349394
0.0349394
0.0349394
0.0349394
0.0349394
0.0349394
0.0349394
0.0349394
0.0349394
0.0349394
0.0349394
0.0349394
0.0349394
0.0349394
0.0349394
0.0349394
0.0349394
0.0349394
0.0349394
0.0349394
0.0349394
0.0349394
0.0349394
0.0349394
0.0349394
0.0349394
0.0349394
0.0349394
0.0349394
0.0349394
0.0349394
0.0349394
0.0349394
0.0349394
0.0349394
0.0349394
0.0349394
0.0349394
0.0349394
0.0349394
0.0349394
0.0349394
0.0349394
0.0349394
0.0349394
0.0349394
0.0349394
0.0349394
0.0349394
0.0349394
0.0349394
0.0349394
0.0349394
0.0349394
0.0349394
0.0349394
0.0349394
0.0349394
0.0349394
0.0349394
0.0349394
0.0349394
0.0349394
0.0349394
0.0349394
0.0349394
0.0349394
0.0349394
0.0349394
0.0349394
0.0349394
0.0349394
0.0349394
0.0349394
0.0349394
0.0349394
0.0349394
