3.81517e+10
2.13919e+10
1.20218e+10
4.91431e+09
1.91432e+09
1.29677e+09
2.25128e+08
2.25128e+08
1.42683e+08
9.03564e+07
2.06125e+07
2.06125e+07
2.06125e+07
2.06125e+07
9.38179e+06
7.31456e+06
6.63695e+06
1.47362e+06
1.47362e+06
1.47362e+06
1.32749e+06
1.32749e+06
1.32749e+06
1.32749e+06
1.32749e+06
1.01757e+06
1.01757e+06
792948
607025
467239
220458
206002
171326
106687
89180.4
89180.4
89180.4
83074.2
75721.6
63525.2
16416.1
16416.1
16416.1
16416.1
16416.1
16416.1
16416.1
5174.05
5174.05
5174.05
4005.47
2287.89
2287.89
2287.89
2287.89
793.198
571.346
571.346
571.346
541.067
447.832
304.654
304.654
304.654
304.654
304.654
304.654
286.481
151.22
151.22
151.22
94.824
94.824
94.824
94.824
94.824
74.5553
59.666
49.1944
49.1944
40.9516
35.9811
35.9811
27.8346
27.8346
27.8346
27.682
24.4838
20.5065
20.5065
20.5065
19.2676
19.2676
19.2676
18.9636
18.9458
16.8255
15.9871
15.9871
15.9871
15.9871
15.9871
15.7853
15.0849
14.7123
14.7123
14.2777
14.2777
14.2661
14.1834
14.1834
13.917
13.856
13.7492
13.7139
13.691
13.6421
13.4639
13.4639
13.4639
13.4639
13.4639
13.4639
13.4558
13.4558
13.4356
13.4356
13.4228
13.402
13.388
13.3694
13.359
13.3315
13.3122
13.3012
13.2701
13.2701
13.2614
13.2476
13.2426
13.2351
13.2245
13.2183
13.2091
13.1998
13.1938
13.1827
13.1802
13.1709
13.1591
13.1502
13.1436
13.1379
13.1273
13.1177
13.1083
13.1032
13.0965
13.0866
13.0816
13.0682
13.06
13.0529
13.0438
13.0352
13.0278
13.0187
13.0098
13.003
12.9964
12.988
12.9833
12.9764
12.9694
12.9626
12.9568
12.9482
12.9429
12.9366
12.9284
12.9167
12.9124
12.9007
12.8953
12.8868
12.8779
12.8697
12.8599
12.8488
12.8369
12.8285
12.8157
12.8077
12.7938
12.7791
12.7673
12.7536
12.7376
12.7264
12.7141
12.6991
12.6881
12.6787
12.6661
12.6537
12.6419
12.6305
12.6163
12.6022
12.5924
12.5802
12.5687
12.5562
12.5443
12.5362
12.5243
12.5119
12.502
12.4937
12.4838
12.4732
12.4641
12.4523
12.4359
12.4309
12.4191
12.4076
12.3933
12.383
12.3685
12.36
12.3495
12.3379
12.328
12.3138
12.3006
12.2926
12.2828
12.2728
12.261
12.2502
12.2407
12.2261
12.2147
12.2073
12.1945
12.179
12.1633
12.1489
12.1387
12.1248
12.1124
12.0953
12.0812
12.0677
12.0566
12.0486
12.037
12.0253
12.0136
12.001
11.9921
11.983
11.9734
11.9643
11.9536
11.9452
11.9332
11.9236
11.9127
11.9066
11.8991
11.8912
11.8823
11.8744
11.8627
11.8537
11.842
11.8317
11.8199
11.8122
11.7993
11.7903
11.782
11.7742
11.7646
11.7545
11.7435
11.7342
11.7227
11.7113
11.7023
11.6926
11.684
11.6702
11.6631
11.6521
11.6411
11.6344
11.6234
11.6124
11.6064
11.5966
11.5862
11.5747
11.5652
11.554
11.5426
11.5309
11.5209
11.5101
11.4987
11.4845
11.4768
11.464
11.4521
11.4375
11.4268
11.4108
11.402
11.3815
11.3757
11.3595
11.343
11.3351
11.3218
11.3131
11.3052
11.292
11.2826
11.271
11.2605
11.2516
11.2386
11.2318
11.2205
11.212
11.1995
11.1872
11.1782
11.1638
11.1486
11.1353
11.1182
11.1044
11.0883
11.0748
11.0552
11.042
11.0197
11.0088
10.9859
10.9727
10.9585
10.9439
10.9226
10.9135
10.8962
10.8864
10.8691
10.8518
10.8373
10.8241
10.8143
10.7967
10.7784
10.7707
10.7553
10.7391
10.7317
10.7181
10.7038
10.6915
10.6825
10.6678
10.6563
10.6429
10.6276
10.6183
10.6054
10.5947
10.5816
10.5705
10.5597
10.551
10.5413
10.5325
10.5148
10.5141
10.5056
10.4926
10.4884
10.476
10.4703
10.4578
10.4514
10.4403
10.4322
10.4245
10.4145
10.4078
10.3992
10.3866
10.385
10.3763
10.3639
10.3586
10.3506
10.3375
10.3285
10.3211
10.3092
10.3016
10.2906
10.2793
10.2706
10.2546
10.2427
10.2326
10.2197
10.2055
10.195
10.1872
10.17
10.159
10.1427
10.1231
10.1104
10.0944
10.0758
10.0563
10.0483
10.0298
10.0136
10.001
9.98486
9.97139
9.95368
9.94187
9.93091
9.91878
9.90862
9.89669
9.88629
9.87642
9.8647
9.85262
9.84588
9.83629
9.82444
9.81378
9.80668
9.79558
9.78815
9.77653
9.77154
9.76282
9.75448
9.74284
9.73483
9.72342
9.71759
9.70473
9.69323
9.68259
9.67222
9.66331
9.65431
9.63948
9.63595
9.62552
9.61719
9.60986
9.60324
9.58871
9.58344
9.5757
9.56613
9.55846
9.54845
9.53924
9.53132
9.52229
9.51484
9.50717
9.4964
9.48762
9.48059
9.47354
9.46229
9.45484
9.44642
9.43938
9.43047
9.42195
9.41218
9.40348
9.38857
9.37752
9.36961
9.36183
9.34857
9.33729
9.32712
9.3113
9.29973
9.2833
9.26955
9.25456
9.23964
9.22811
9.2146
9.19435
9.17991
9.16965
9.15159
9.14105
9.12452
9.11106
9.09761
9.08377
9.07194
9.05909
9.05011
9.03574
9.02342
9.01157
8.99844
8.98805
8.97851
8.96676
8.95523
8.94414
8.9324
8.92122
8.9067
8.89755
8.88832
8.87963
8.86934
8.86064
8.85085
8.84106
8.82978
8.82604
8.81783
8.80964
8.80374
8.79707
8.79076
8.78259
8.77366
8.7637
8.75576
8.74958
8.74167
8.73342
8.72311
8.71516
8.70573
8.70105
8.69005
8.68133
8.67236
8.66297
8.65447
8.64312
8.63282
8.62506
8.61239
8.60188
8.5928
8.57876
8.57308
8.56479
8.55344
8.54631
8.53808
8.52878
8.52059
8.51115
8.50196
8.49148
8.48113
8.4722
8.46012
8.45383
8.44388
8.43429
8.42362
8.41657
8.40758
8.39883
8.39158
8.37996
8.36776
8.3621
8.35138
8.34033
8.33427
8.32685
8.31597
8.30923
8.30138
8.29498
8.28557
8.27619
8.27217
8.26377
8.25811
8.24927
8.2411
8.23135
8.22394
8.21376
8.20618
8.19497
8.18852
8.17829
8.17058
8.1617
8.15084
8.1436
8.13469
8.12631
8.11381
8.10695
8.09662
8.08506
8.07564
8.06477
8.0517
8.04054
8.03042
8.0236
8.01015
7.99909
7.98982
7.97786
7.96663
7.96293
7.95336
7.94017
7.93256
7.91991
7.90528
7.89717
7.88991
7.87953
7.86642
7.85767
7.84153
7.83279
7.821
7.80839
7.79361
7.78145
7.76944
7.76142
7.74934
7.73938
7.7301
7.72089
7.70789
7.69544
7.68976
7.67747
7.66932
7.65985
7.65246
7.64378
7.63694
7.62745
7.61987
7.61384
7.60537
7.59933
7.59318
7.58634
7.57982
7.57354
7.56532
7.5568
7.54962
7.54247
7.53331
7.52632
7.51471
7.5088
7.50282
7.49343
7.48255
7.47861
7.46951
7.46022
7.45319
7.44404
7.43804
7.42584
7.41932
7.41044
7.40261
7.38939
7.3866
7.377
7.37107
7.35969
7.35182
7.34521
7.33486
7.32627
7.3164
7.30701
7.29913
7.28953
7.28072
7.27054
7.25932
7.25345
7.2415
7.23226
7.22248
7.20723
7.20003
7.1858
7.17431
7.16774
7.15628
7.14427
7.13257
7.11894
7.11426
7.10025
7.09212
7.08202
7.06917
7.06041
7.0464
7.03955
7.02568
7.01625
7.00805
6.99735
6.98683
6.97844
6.96669
6.95918
6.94764
6.93715
6.9275
6.91805
6.90539
6.89352
6.88438
6.87529
6.86356
6.85357
6.84429
6.82973
6.81991
6.80502
6.79326
6.77978
6.77305
6.76063
6.75081
6.74084
6.72341
6.7179
6.70034
6.6916
6.67647
6.66706
6.64946
6.64048
6.63066
6.61749
6.60307
6.58863
6.56376
6.56376
6.5526
6.54205
6.5274
6.51867
6.50358
6.4888
6.47521
6.46654
6.45813
6.44544
6.4353
6.42516
6.41463
6.4014
6.39383
6.38573
6.37514
6.36702
6.35591
6.34516
6.33505
6.32415
6.31687
6.30499
6.2873
6.27624
6.26232
6.24564
6.23501
6.2206
6.21217
6.19668
6.18365
6.17256
6.15929
6.14805
6.13618
6.12589
6.11563
6.10622
6.09447
6.08097
6.07164
6.06008
6.0476
6.03805
6.02481
6.01659
6.00505
5.99296
5.97984
5.96914
5.9555
5.94407
5.92821
5.91586
5.9044
5.89431
5.88412
5.86863
5.85973
5.84954
5.84077
5.82398
5.81555
5.80849
5.79495
5.77753
5.76745
5.75532
5.73327
5.72211
5.7023
5.69224
5.68114
5.6583
5.64456
5.62935
5.61468
5.60096
5.58154
5.56838
5.54858
5.53974
5.51581
5.50741
5.49489
5.47729
5.45505
5.45278
5.43862
5.41819
5.40625
5.39213
5.38173
5.37312
5.36053
5.35108
5.33628
5.32657
5.31373
5.30529
5.296
5.28582
5.27746
5.2656
5.25679
5.24722
5.23983
5.22747
5.21023
5.20561
5.1928
5.18081
5.16871
5.15829
5.14532
5.13015
5.1145
5.10724
5.09775
5.08209
5.07198
5.05811
5.04993
5.03762
5.0268
5.00953
5.00477
4.99399
4.98585
4.9751
4.9645
4.95704
4.94437
4.93642
4.92747
4.91734
4.90746
4.8969
4.89418
4.88721
4.87911
4.87395
4.86503
4.8603
4.85621
4.8463
4.84041
4.83597
4.82912
4.82264
4.81874
4.80805
4.80708
4.79775
4.79446
4.78628
4.78196
4.7776
4.76884
4.76626
4.76126
4.75433
4.75014
4.74315
4.7373
4.73001
4.72435
4.71782
4.71016
4.70381
4.69573
4.69142
4.68251
4.67939
4.67474
4.66727
4.65383
4.65057
4.64527
4.64153
4.63318
4.62735
4.62035
4.61778
4.61144
4.60715
4.60124
4.59424
4.59138
4.58281
4.57857
4.5712
4.56672
4.56089
4.55388
4.54909
4.54232
4.53741
4.5332
4.52756
4.52293
4.5184
4.51332
4.50891
4.50436
4.49696
4.49534
4.49039
4.48464
4.48142
4.47606
4.47194
4.46602
4.46162
4.45908
4.45692
4.4523
4.44756
4.44527
4.44136
4.43763
4.43491
4.43076
4.42835
4.42477
4.42162
4.41894
4.41596
4.41247
4.40959
4.40681
4.40382
4.40109
4.3991
4.39691
4.39391
4.39194
4.38892
4.38628
4.38403
4.38274
4.38061
4.37827
4.37628
4.37423
4.37192
4.36999
4.36789
4.36578
4.36377
4.36272
4.36018
4.35802
4.35652
4.35484
4.35347
4.35179
4.3503
4.34837
4.3467
4.34569
4.34382
4.34219
4.34058
4.33858
4.33681
4.33469
4.33334
4.33035
4.32899
4.32714
4.3249
4.32271
4.32118
4.31904
4.31766
4.31569
4.31425
4.31243
4.30988
4.30824
4.30659
4.3042
4.3028
4.30111
4.29928
4.29727
4.29567
4.29419
4.29259
4.29075
4.28927
4.28777
4.28639
4.28482
4.28303
4.2817
4.28046
4.27883
4.27779
4.27589
4.27475
4.27364
4.27252
4.27075
4.26958
4.2674
4.26697
4.26462
4.26377
4.26267
4.26102
4.26017
4.25788
4.2569
4.25478
4.25412
4.25266
4.25097
4.2488
4.24746
4.24605
4.2447
4.24321
4.24153
4.23965
4.23859
4.23722
4.23579
4.23453
4.23318
4.23129
4.23018
4.22881
4.22699
4.22586
4.22416
4.22317
4.2214
4.22041
4.21925
4.21737
4.21569
4.21469
4.21302
4.21111
4.20924
4.20851
4.20642
4.2047
4.20367
4.20157
4.19967
4.19873
4.19685
4.19575
4.19429
4.19212
4.19064
4.18957
4.18838
4.18716
4.18576
4.18411
4.18278
4.18105
4.17968
4.17808
4.17702
4.17571
4.17508
4.17412
4.17301
4.17212
4.1713
4.16985
4.16878
4.16778
4.1668
4.1654
4.16461
4.16368
4.1625
4.16213
4.1605
4.16036
4.15917
4.1582
4.15754
4.15669
4.15599
4.15516
4.15429
4.15316
4.15246
4.15131
4.15063
4.14971
4.14886
4.14814
4.14724
4.14588
4.14541
4.14442
4.14389
4.14281
4.14207
4.14156
4.14061
4.13974
4.13895
4.13816
4.13707
4.1366
4.13594
4.1352
4.13447
4.13377
4.1332
4.13267
4.13196
4.1313
4.13075
4.12982
4.12944
4.12876
4.12816
4.12763
4.12696
4.12639
4.12585
4.12504
4.1248
4.12397
4.12346
4.1229
4.12227
4.12167
4.12114
4.12065
4.12008
4.11951
4.11916
4.11875
4.11816
4.11778
4.11726
4.11661
4.11614
4.11563
4.11529
4.11485
4.11443
4.11392
4.11352
4.11308
4.11262
4.1122
4.11189
4.11156
4.11126
4.11095
4.11065
4.11035
4.11008
4.10977
4.10933
4.10909
4.10876
4.10839
4.10799
4.10771
4.10728
4.10675
4.10629
4.10591
4.10547
4.10488
4.10448
4.10382
4.1033
4.10253
4.10167
4.10147
4.10073
4.10024
4.09947
4.09892
4.09804
4.09758
4.09703
4.09634
4.09581
4.09533
4.09465
4.09419
4.09363
4.0929
4.09256
4.09189
4.09142
4.09082
4.09025
4.08949
4.08888
4.08831
4.08785
4.08743
4.08684
4.08602
4.08579
4.08524
4.08459
4.08434
4.08377
4.08336
4.08272
4.08227
4.08189
4.08147
4.08095
4.08056
4.07977
4.07957
4.07906
4.07864
4.0781
4.07742
4.07705
4.07662
4.0761
4.07526
4.07496
4.0744
4.07404
4.07357
4.07331
4.07276
4.07245
4.07211
4.07171
4.07134
4.07113
4.0707
4.07041
4.07005
4.06976
4.06952
4.06917
4.06887
4.06851
4.06831
4.06779
4.06772
4.06713
4.06695
4.06676
4.0665
4.06619
4.06571
4.06566
4.06538
4.06513
4.06477
4.06441
4.06434
4.06394
4.06375
4.06344
4.06305
4.06279
4.06244
4.06201
4.0616
4.06124
4.06104
4.06069
4.0603
4.05978
4.05954
4.05918
4.05874
4.05826
4.0578
4.05702
4.05665
4.0563
4.05579
4.05531
4.05457
4.05419
4.05389
4.05339
4.05306
4.05244
4.05214
4.05177
4.0515
4.05123
4.05086
4.05034
4.05013
4.0499
4.04958
4.04933
4.04904
4.04875
4.04869
4.04844
4.04819
4.04803
4.0478
4.04765
4.04748
4.04712
4.0471
4.04697
4.04682
4.04666
4.04654
4.04643
4.04627
4.04618
4.04604
4.04593
4.04593
4.04593
4.04593
4.04593
4.04593
4.04593
4.04593
4.04593
4.04593
4.04593
4.04593
4.04593
4.04593
4.04593
4.04593
4.04593
4.04593
4.04593
4.04593
4.04593
4.04593
4.04593
4.04593
4.04593
4.04593
4.04593
4.04593
4.04593
4.04593
4.04593
4.04593
4.04593
4.04593
4.04593
4.04593
4.04593
4.04593
4.04593
4.04593
4.04593
4.04593
4.04593
4.04593
4.04593
4.04593
4.04593
4.04593
4.04593
4.04593
4.04593
4.04593
4.04593
4.04593
4.04593
4.04593
4.04593
4.04593
4.04593
4.04593
4.04593
4.04593
4.04593
4.04593
4.04593
4.04593
4.04593
4.04593
4.04593
4.04593
4.04593
4.04593
4.04593
4.04593
4.04593
4.04593
4.04593
4.04593
4.04593
4.04593
4.04593
4.04593
4.04593
4.04593
4.04593
4.04593
4.04593
4.04593
4.04593
4.04593
4.04593
4.04593
4.04593
4.04593
4.04593
4.04593
4.04593
4.04593
4.04593
4.04593
4.04593
4.04593
4.04593
4.04593
4.04593
4.04593
4.04593
4.04593
4.04593
4.04593
4.04593
4.04593
4.04593
4.04593
4.04593
4.04593
4.04593
4.04593
4.04593
4.04593
4.04593
4.04593
4.04593
4.04593
4.04593
4.04593
4.04593
4.04593
4.04593
4.04593
4.04593
4.04593
4.04593
4.04593
4.04593
4.04593
4.04593
4.04593
4.04593
4.04593
4.04593
4.04593
4.04593
4.04593
4.04593
4.04593
4.04593
4.04593
4.04593
4.04593
4.04593
4.04593
4.04593
4.04593
4.04593
4.04593
4.04593
4.04593
4.04593
4.04593
4.04593
4.04593
4.04593
4.04593
4.04593
4.04593
4.04593
4.04593
4.04593
4.04593
4.04593
4.04593
4.04593
4.04593
4.04593
4.04593
4.04593
4.04593
4.04593
4.04593
4.04593
4.04593
4.04593
4.04593
4.04593
4.04593
4.04593
4.04593
4.04593
4.04593
4.04593
4.04593
4.04593
4.04593
4.04593
4.04593
4.04593
4.04593
4.04593
4.04593
4.04593
4.04593
4.04593
4.04593
4.04593
4.04593
4.04593
4.04593
4.04593
4.04593
4.04593
4.04593
4.04593
4.04593
4.04593
4.04593
4.04593
4.04593
4.04593
4.04593
4.04593
4.04593
4.04593
4.04593
4.04593
4.04593
4.04593
4.04593
4.04593
4.04593
4.04593
4.04593
4.04593
4.04593
4.04593
4.04593
4.04593
4.04593
4.04593
4.04593
4.04593
4.04593
4.04593
4.04593
4.04593
4.04593
4.04593
4.04593
4.04593
4.04593
4.04593
4.04593
4.04593
4.04593
4.04593
4.04593
4.04593
4.04593
4.04593
4.04593
4.04593
4.04593
4.04593
4.04593
4.04593
4.04593
4.04593
4.04593
4.04593
4.04593
4.04593
4.04593
4.04593
4.04593
4.04593
4.04593
4.04593
4.04593
4.04593
4.04593
4.04593
4.04593
4.04593
4.04593
4.04593
4.04593
4.04593
4.04593
4.04593
4.04593
4.04593
4.04593
4.04593
4.04593
4.04593
4.04593
4.04593
4.04593
4.04593
4.04593
4.04593
4.04593
4.04593
4.04593
4.04593
4.04593
4.04593
4.04593
4.04593
4.04593
4.04593
4.04593
4.04593
4.04593
4.04593
4.04593
4.04593
4.04593
4.04593
4.04593
4.04593
4.04593
4.04593
4.04593
4.04593
4.04593
4.04593
4.04593
4.04593
4.04593
4.04593
4.04593
4.04593
4.04593
4.04593
4.04593
4.04593
4.04593
4.04593
4.04593
4.04593
4.04593
4.04593
4.04593
4.04593
4.04593
4.04593
4.04593
4.04593
4.04593
4.04593
4.04593
4.04593
4.04593
4.04593
4.04593
4.04593
4.04593
4.04593
4.04593
4.04593
4.04593
4.04593
4.04593
4.04593
4.04593
4.04593
4.04593
4.04593
4.04593
4.04593
4.04593
4.04593
4.04593
4.04593
4.04593
4.04593
4.04593
4.04593
4.04593
4.04593
4.04593
4.04593
4.04593
4.04593
4.04593
4.04593
4.04593
4.04593
4.04593
4.04593
4.04593
4.04593
4.04593
4.04593
4.04593
4.04593
4.04593
4.04593
4.04593
4.04593
4.04593
4.04593
4.04593
4.04593
4.04593
4.04593
4.04593
4.04593
4.04593
4.04593
4.04593
4.04593
4.04593
4.04593
4.04593
4.04593
4.04593
4.04593
4.04593
4.04593
4.04593
4.04593
4.04593
4.04593
4.04593
4.04593
4.04593
4.04593
4.04593
4.04593
4.04593
4.04593
4.04593
4.04593
4.04593
4.04593
4.04593
4.04593
4.04593
4.04593
4.04593
4.04593
4.04593
4.04593
4.04593
4.04593
4.04593
4.04593
4.04593
4.04593
4.04593
4.04593
4.04593
4.04593
4.04593
4.04593
4.04593
4.04593
4.04593
4.04593
4.04593
4.04593
4.04593
4.04593
4.04593
4.04593
4.04593
4.04593
4.04593
4.04593
4.04593
4.04593
4.04593
4.04593
4.04593
4.04593
4.04593
4.04593
4.04593
4.04593
4.04593
4.04593
4.04593
4.04593
4.04593
4.04593
4.04593
4.04593
4.04593
4.04593
4.04593
4.04593
4.04593
4.04593
4.04593
4.04593
4.04593
4.04593
4.04593
4.04593
4.04593
4.04593
4.04593
4.04593
4.04593
4.04593
4.04593
4.04593
4.04593
4.04593
4.04593
4.04593
4.04593
4.04593
4.04593
4.04593
4.04593
4.04593
4.04593
4.04593
4.04593
4.04593
4.04593
4.04593
4.04593
4.04593
4.04593
4.04593
4.04593
4.04593
4.04593
4.04593
4.04593
4.04593
4.04593
4.04593
4.04593
4.04593
4.04593
4.04593
4.04593
4.04593
4.04593
4.04593
4.04593
4.04593
4.04593
4.04593
4.04593
4.04593
4.04593
4.04593
4.02557
4.00239
3.98494
3.97046
3.95251
3.93381
3.91782
3.89459
3.87967
3.85907
3.84061
3.82579
3.80844
3.79185
3.77442
3.76052
3.7425
3.72371
3.70842
3.69446
3.67795
3.663
3.64336
3.62468
3.60356
3.58217
3.56595
3.54869
3.52307
3.50616
3.48419
3.45778
3.43904
3.41944
3.3954
3.38069
3.35384
3.33594
3.3153
3.29937
3.28047
3.26076
3.23734
3.22228
3.19354
3.17228
3.1561
3.13868
3.11941
3.09912
3.07979
3.05958
3.04333
3.02215
3.00834
2.9899
2.97126
2.95701
2.94002
2.92368
2.90788
2.88838
2.87421
2.85802
2.83757
2.82035
2.80092
2.7839
2.77053
2.75054
2.72633
2.71523
2.69508
2.67549
2.6567
2.63103
2.61599
2.60175
2.58711
2.57269
2.55725
2.5434
2.52632
2.50974
2.49256
2.48085
2.46282
2.44603
2.42834
2.41366
2.39715
2.37663
2.36126
2.33494
2.32264
2.30465
2.29106
2.27274
2.25075
2.22937
2.21296
2.19813
2.17329
2.16437
2.14606
2.1289
2.11737
2.09628
2.08534
2.07318
2.05157
2.03576
2.01569
1.99921
1.98185
1.95952
1.93812
1.92077
1.90314
1.88249
1.86334
1.84888
1.83122
1.81134
1.79089
1.76992
1.75056
1.73714
1.71876
1.70039
1.68007
1.66575
1.64948
1.6354
1.62146
1.60071
1.58798
1.57286
1.56109
1.54806
1.53065
1.52041
1.5066
1.49711
1.48733
1.47622
1.4639
1.45383
1.44596
1.43552
1.42614
1.41562
1.40621
1.3975
1.38789
1.37948
1.36942
1.36412
1.35402
1.34397
1.33698
1.33122
1.32529
1.31522
1.30726
1.29901
1.28984
1.28066
1.27521
1.26236
1.2547
1.24377
1.2389
1.22815
1.22204
1.21447
1.20553
1.19705
1.19034
1.18287
1.17444
1.16597
1.15863
1.15208
1.14111
1.13367
1.12785
1.12002
1.11225
1.10567
1.0978
1.09184
1.08205
1.07373
1.06599
1.05797
1.05309
1.0453
1.03581
1.02971
1.0202
1.01312
1.00611
0.999465
0.994281
0.985095
0.977707
0.970061
0.957964
0.953081
0.944913
0.937776
0.928599
0.920459
0.912701
0.903046
0.895362
0.8864
0.876884
0.870852
0.861926
0.856688
0.847922
0.841204
0.836325
0.826444
0.819102
0.811988
0.806696
0.796332
0.791679
0.783363
0.778388
0.770405
0.762882
0.756066
0.74872
0.743329
0.738633
0.732291
0.723999
0.718528
0.712896
0.706774
0.70029
0.69549
0.690242
0.684719
0.679495
0.674816
0.66889
0.664802
0.658438
0.654404
0.649866
0.642336
0.635962
0.627839
0.623954
0.618094
0.6121
0.609438
0.603958
0.597944
0.590961
0.586187
0.579922
0.575665
0.569678
0.565551
0.562493
0.556532
0.551199
0.545711
0.540685
0.537131
0.532361
0.525879
0.521234
0.516303
0.510901
0.504671
0.500329
0.493992
0.490746
0.485573
0.481836
0.475915
0.472743
0.469761
0.465245
0.461466
0.457041
0.453394
0.448629
0.445319
0.441831
0.437654
0.432944
0.430794
0.426906
0.424468
0.420648
0.416582
0.412601
0.408961
0.406806
0.402752
0.399367
0.396086
0.393033
0.389865
0.387457
0.383947
0.38195
0.379389
0.376476
0.374406
0.372389
0.370386
0.367337
0.366814
0.364625
0.362211
0.360029
0.35828
0.355786
0.35286
0.35042
0.348624
0.346292
0.344197
0.341683
0.339693
0.337684
0.335714
0.333451
0.331168
0.329041
0.326727
0.324853
0.322621
0.320494
0.318482
0.315172
0.313973
0.311845
0.309908
0.308076
0.30588
0.304216
0.302404
0.299741
0.29802
0.295781
0.293566
0.291612
0.290173
0.288437
0.286831
0.285394
0.283283
0.281986
0.280816
0.279115
0.276735
0.275544
0.273148
0.271248
0.269172
0.266421
0.264696
0.262594
0.26016
0.2585
0.255936
0.254642
0.251751
0.250028
0.247399
0.246434
0.243617
0.242581
0.240222
0.238653
0.23682
0.235619
0.233851
0.232366
0.230912
0.229593
0.227946
0.226157
0.22473
0.222857
0.221585
0.220266
0.218179
0.217045
0.215687
0.214035
0.212452
0.210234
0.209883
0.207645
0.206307
0.204649
0.20306
0.202115
0.200554
0.199255
0.197993
0.197346
0.196075
0.194796
0.193506
0.192396
0.190738
0.189744
0.188868
0.187502
0.186129
0.184796
0.183708
0.182604
0.181338
0.179939
0.178644
0.177436
0.176731
0.175579
0.174802
0.1738
0.172843
0.171706
0.170968
0.170057
0.169078
0.168136
0.166851
0.165944
0.165017
0.164068
0.162829
0.161497
0.160565
0.159521
0.15842
0.157547
0.156366
0.155357
0.154379
0.153496
0.152718
0.151471
0.150941
0.150124
0.148966
0.148236
0.147309
0.146237
0.144891
0.143987
0.143124
0.142243
0.141202
0.139742
0.138831
0.138125
0.137342
0.136333
0.135484
0.134476
0.13401
0.133148
0.132207
0.131826
0.130972
0.130396
0.129528
0.128847
0.128153
0.127297
0.126808
0.125882
0.125318
0.124315
0.123487
0.122802
0.122192
0.121407
0.120463
0.119603
0.118809
0.118041
0.117491
0.116575
0.115858
0.1152
0.114378
0.11373
0.112805
0.112333
0.111545
0.111038
0.110369
0.10986
0.108986
0.108337
0.107918
0.107119
0.106674
0.10612
0.105611
0.10521
0.104673
0.104027
0.103653
0.103057
0.102589
0.102074
0.101419
0.100758
0.100365
0.099731
0.0993961
0.0988988
0.0982942
0.0980129
0.0974894
0.0971189
0.0967909
0.0962356
0.0958732
0.0954333
0.0948316
0.0942325
0.0939751
0.0935387
0.0931573
0.0926225
0.0922956
0.0918067
0.0915135
0.0911867
0.0905407
0.0901844
0.0898943
0.0894331
0.0890213
0.0886849
0.088249
0.0878318
0.0875056
0.0871009
0.0866994
0.0862703
0.0859861
0.0856436
0.0854075
0.0850252
0.0846856
0.0843257
0.0839798
0.0835109
0.0832378
0.0827338
0.0824186
0.0821444
0.0817345
0.0813007
0.0808833
0.080536
0.0801708
0.0797112
0.0792844
0.0787722
0.0783763
0.0779721
0.0775894
0.0770204
0.0766711
0.0762291
0.0757223
0.0752775
0.0748405
0.074173
0.0739351
0.0734626
0.0729383
0.0723177
0.07188
0.0714361
0.0710494
0.0705254
0.0702104
0.0697699
0.0694157
0.0689305
0.0684581
0.0681226
0.0674787
0.067201
0.0667281
0.0663277
0.0656864
0.0653499
0.0645555
0.0643329
0.0640231
0.063478
0.0631965
0.0627405
0.0622746
0.0620052
0.0616148
0.0611602
0.0608809
0.0603206
0.0599673
0.059578
0.0591552
0.0587085
0.0585027
0.0581478
0.0578261
0.0574963
0.0571597
0.0567829
0.0564977
0.0560083
0.0558586
0.0552741
0.0550418
0.0547158
0.0543179
0.0537973
0.0536645
0.0531369
0.0529179
0.0526498
0.0522758
0.051992
0.0516422
0.0511554
0.0509209
0.0506636
0.0504415
0.0500872
0.0497062
0.0494638
0.0490682
0.0487863
0.0484102
0.0482174
0.0479922
0.0477383
0.0475059
0.0471563
0.0469871
0.046756
0.0465481
0.0463664
0.0461605
0.0459159
0.0457172
0.0454999
0.0452552
0.0450759
0.0447951
0.0446159
0.0443971
0.0441268
0.0438956
0.0436253
0.0434454
0.0432053
0.042978
0.0427827
0.0426627
0.0423564
0.0422158
0.0420135
0.0418025
0.041642
0.0413921
0.0412236
0.0410102
0.0408287
0.0406804
0.040502
0.0403201
0.0401627
0.0399123
0.0397626
0.0394761
0.0393593
0.0391078
0.0390033
0.0387868
0.0385566
0.0383233
0.0380908
0.0380013
0.0377666
0.0375436
0.0372269
0.0370559
0.0368539
0.0365356
0.0364226
0.0362148
0.0359288
0.0357735
0.0355477
0.0352605
0.0350892
0.0346895
0.0346225
0.0344246
0.0342168
0.0340147
0.0337582
0.0335573
0.0334029
0.0331397
0.0329804
0.0327281
0.0325106
0.0323612
0.0320913
0.0319992
0.0317778
0.0316242
0.0314585
0.0312604
0.0310929
0.0308758
0.0307067
0.030499
0.0303305
0.0301437
0.0299497
0.0297564
0.029612
0.0294247
0.0292464
0.0290762
0.0288743
0.0286792
0.0285667
0.0283459
0.028146
0.0280047
0.0278239
0.027647
0.0273971
0.0273374
0.0270758
0.0269513
0.0267744
0.0265883
0.0263856
0.0262632
0.0260772
0.0259238
0.0256925
0.0254636
0.0253597
0.0251586
0.0249257
0.0247659
0.0245825
0.0243895
0.0242246
0.024052
0.0239449
0.0237543
0.0236075
0.0234647
0.0233243
0.0232099
0.0230818
0.0229648
0.0228425
0.0228425
0.0228425
0.0228425
0.0228425
0.0228425
0.0228425
0.0228425
0.0228425
0.0228425
0.0228425
0.0228425
0.0228425
0.0228425
0.0228425
0.0228425
0.0228425
0.0228425
0.0228425
0.0228425
0.0228425
0.0228425
0.0228425
0.0228425
0.0228425
0.0228425
0.0228425
0.0228425
0.0228425
0.0228425
0.0228425
0.0228425
0.0228425
0.0228425
0.0228425
0.0228425
0.0228425
0.0228425
0.0228425
0.0228425
0.0228425
0.0228425
0.0228425
0.0228425
0.0228425
0.0228425
0.0228425
0.0228425
0.0228425
0.0228425
0.0228425
0.0228425
0.0228425
0.0228425
0.0228425
0.0228425
0.0228425
0.0228425
0.0228425
0.0228425
0.0228425
0.0228425
0.0228425
0.0228425
0.0228425
0.0228425
0.0228425
0.0228425
0.0228425
0.0228425
0.0228425
0.0228425
0.0228425
0.0228425
0.0228425
0.0228425
0.0228425
0.0228425
0.0228425
0.0228425
0.0228425
0.0228425
0.0228425
0.0228425
0.0228425
0.0228425
0.0228425
0.0228425
0.0228425
0.0228425
0.0228425
0.0228425
0.0228425
0.0228425
0.0228425
0.0228425
0.0228425
0.0228425
0.0228425
0.0228425
0.0228425
0.0228425
0.0228425
0.0228425
0.0228425
0.0228425
0.0228425
0.0228425
0.0228425
0.0228425
0.0228425
0.0228425
0.0228425
0.0228425
0.0228425
0.0228425
0.0228425
0.0228425
0.0228425
0.0228425
0.0228425
0.0228425
0.0228425
0.0228425
0.0228425
0.0228425
0.0228425
0.0228425
0.0228425
0.0228425
0.0228425
0.0228425
0.0228425
0.0228425
0.0228425
0.0228425
0.0228425
0.0228425
0.0228425
0.0228425
0.0228425
0.0228425
0.0228425
0.0228425
0.0228425
0.0228425
0.0228425
0.0228425
0.0228425
