1.60322e+06
1.60322e+06
666935
666935
666935
666935
666935
205069
165734
75451.3
75451.3
75451.3
75451.3
75451.3
75451.3
75451.3
75451.3
75451.3
49507
49507
45914.5
45914.5
14349.4
11926.8
5710.54
3735.33
3735.33
2480.53
2480.53
2480.53
1371.33
1371.33
1371.33
1281.58
1281.58
1207.75
833.474
833.474
617.73
534.059
210.417
210.417
210.417
210.417
210.417
148.947
114.767
87.6551
87.6551
68.2611
63.9084
46.7992
46.7992
43.6852
36.449
33.8098
33.8098
29.0952
24.0888
24.0888
24.0888
19.6254
19.6254
19.6254
19.1257
18.4075
17.5711
17.5711
17.5711
17.5711
17.0339
16.5688
15.8916
15.0759
14.9682
14.0133
13.926
13.4216
13.2094
13.2094
13.0745
13.0745
13.0574
12.8423
12.8396
12.6724
12.6724
12.5688
12.5389
12.3734
12.361
12.2579
12.1632
12.1156
12.0397
12.0137
11.9858
11.9507
11.9072
11.846
11.789
11.7607
11.6572
11.6426
11.594
11.564
11.5251
11.4967
11.4461
11.4173
11.3869
11.3461
11.3
11.2642
11.2282
11.1817
11.1359
11.1204
11.0788
11.053
11.0234
10.9766
10.951
10.9152
10.8884
10.8524
10.8202
10.7808
10.7295
10.7055
10.6667
10.6446
10.6037
10.5747
10.5462
10.5171
10.4818
10.4505
10.4284
10.391
10.3583
10.3366
10.3021
10.2715
10.2451
10.2165
10.1842
10.1569
10.1323
10.1047
10.0732
10.04
10.008
9.98592
9.95816
9.9378
9.90727
9.88125
9.85423
9.82745
9.80538
9.77395
9.75412
9.73005
9.70606
9.68078
9.65817
9.63004
9.60747
9.58427
9.5622
9.54063
9.51756
9.49349
9.4711
9.44936
9.42836
9.40679
9.38107
9.36191
9.34103
9.31835
9.30011
9.27585
9.26211
9.23766
9.21811
9.19934
9.17225
9.15344
9.13322
9.11191
9.09359
9.07202
9.05792
9.03388
9.01671
8.99336
8.96592
8.94591
8.92001
8.89035
8.86019
8.83771
8.81155
8.78711
8.7525
8.73027
8.70307
8.68008
8.65463
8.63264
8.60828
8.586
8.55898
8.53181
8.51033
8.48417
8.46499
8.44078
8.41441
8.39787
8.37329
8.35079
8.32788
8.30457
8.2814
8.25701
8.2275
8.20291
8.17356
8.14937
8.12357
8.09222
8.06852
8.03986
8.01578
7.99331
7.96785
7.94327
7.91647
7.88761
7.85879
7.83744
7.80803
7.7765
7.75378
7.72034
7.69056
7.65391
7.628
7.5967
7.55356
7.52176
7.47813
7.44655
7.41373
7.3766
7.33217
7.29807
7.2698
7.24112
7.20055
7.16497
7.13048
7.09415
7.06446
7.03404
7.00105
6.96739
6.92676
6.88586
6.8564
6.82042
6.7805
6.74047
6.70143
6.66591
6.63075
6.59301
6.54838
6.51001
6.46982
6.433
6.3893
6.35939
6.33082
6.29078
6.25958
6.23759
6.20336
6.15313
6.1347
6.0945
6.06656
6.02911
5.99286
5.96044
5.92698
5.89588
5.87037
5.83776
5.8025
5.77838
5.75711
5.72452
5.70156
5.67889
5.65238
5.62989
5.60958
5.58235
5.56217
5.53973
5.51531
5.49249
5.46415
5.44528
5.42681
5.40601
5.38344
5.36622
5.34144
5.32548
5.3013
5.28063
5.26309
5.24023
5.21938
5.19844
5.17516
5.15731
5.13741
5.1187
5.09883
5.08095
5.06163
5.04434
5.03074
5.01573
4.99936
4.98096
4.96516
4.94807
4.93038
4.91572
4.89943
4.87637
4.85687
4.8394
4.81914
4.79346
4.77281
4.75276
4.73012
4.70163
4.68375
4.65778
4.63482
4.61564
4.58687
4.56962
4.54168
4.51936
4.49677
4.47499
4.45575
4.43468
4.4093
4.38428
4.36793
4.34325
4.32184
4.29916
4.28179
4.26177
4.24341
4.22049
4.18861
4.1819
4.15627
4.13273
4.11369
4.09228
4.06723
4.04733
4.02662
4.00565
3.98277
3.96269
3.9428
3.92185
3.90162
3.8801
3.85721
3.8386
3.82101
3.80547
3.78226
3.75954
3.74244
3.72254
3.70713
3.68979
3.6759
3.66124
3.64424
3.62622
3.6148
3.59779
3.58318
3.57214
3.55794
3.54422
3.53072
3.51048
3.5016
3.48819
3.47165
3.45443
3.43541
3.42126
3.3992
3.38411
3.36895
3.34877
3.33254
3.3133
3.29554
3.27989
3.2612
3.24209
3.22251
3.20045
3.18064
3.159
3.13563
3.11333
3.08662
3.07081
3.04526
3.02356
2.99737
2.9748
2.95237
2.92558
2.90611
2.88416
2.86336
2.8371
2.81503
2.79639
2.77238
2.75401
2.7326
2.71138
2.69411
2.67511
2.65365
2.62868
2.61037
2.58792
2.56696
2.54661
2.52699
2.50809
2.48716
2.46477
2.44599
2.4264
2.40978
2.38574
2.36826
2.35422
2.33691
2.31919
2.30322
2.28713
2.27089
2.24743
2.22954
2.21652
2.19878
2.18153
2.16382
2.14378
2.12677
2.10486
2.084
2.06894
2.04776
2.03256
2.01228
1.99647
1.97323
1.95356
1.92389
1.90756
1.88149
1.86211
1.84008
1.81951
1.79622
1.7759
1.75163
1.73502
1.71886
1.6988
1.67992
1.65642
1.63883
1.61394
1.59983
1.57522
1.55776
1.53032
1.51029
1.48468
1.4659
1.44443
1.4216
1.39716
1.37793
1.35358
1.33891
1.32077
1.30201
1.2838
1.26418
1.2471
1.22361
1.20618
1.18478
1.16591
1.15111
1.12705
1.1084
1.08667
1.06824
1.05401
1.02945
1.01807
1.00041
0.98474
0.966617
0.950848
0.933097
0.918381
0.906757
0.887032
0.872855
0.857672
0.84643
0.831614
0.818346
0.80852
0.794717
0.783436
0.775274
0.762365
0.754282
0.736182
0.728761
0.7139
0.706744
0.695965
0.684805
0.672303
0.659547
0.648621
0.638771
0.629615
0.617972
0.60847
0.597412
0.588935
0.578798
0.569749
0.560713
0.550193
0.541615
0.534988
0.526989
0.517374
0.511212
0.504891
0.496215
0.488538
0.481963
0.476967
0.469928
0.4666
0.459771
0.455506
0.450661
0.445272
0.441487
0.435387
0.432702
0.426412
0.422902
0.416849
0.413109
0.409377
0.404855
0.401334
0.39689
0.393436
0.388558
0.385293
0.38162
0.377487
0.373463
0.369583
0.365915
0.361786
0.357247
0.353923
0.350244
0.34722
0.344202
0.341239
0.337095
0.334885
0.332008
0.328602
0.325868
0.323141
0.321123
0.318049
0.315155
0.311739
0.310278
0.30727
0.304536
0.301656
0.29816
0.295917
0.292859
0.28915
0.287184
0.283178
0.28005
0.277715
0.274799
0.27198
0.268794
0.265191
0.262265
0.259588
0.256508
0.253007
0.250561
0.247178
0.245077
0.242195
0.23953
0.237661
0.23473
0.232581
0.229801
0.22755
0.224814
0.222317
0.220003
0.218215
0.215815
0.213139
0.211483
0.209453
0.207558
0.205602
0.20378
0.202187
0.199947
0.198225
0.19598
0.193868
0.191075
0.189423
0.187396
0.185897
0.1835
0.181597
0.179363
0.178253
0.176664
0.17467
0.172384
0.170323
0.168018
0.166188
0.163865
0.161875
0.159395
0.157298
0.155566
0.153264
0.15154
0.150097
0.147917
0.146651
0.14473
0.142872
0.141295
0.139278
0.137709
0.13603
0.134137
0.131867
0.13009
0.128889
0.126823
0.12575
0.124413
0.122489
0.121423
0.120155
0.119155
0.118217
0.117147
0.116274
0.115197
0.114174
0.113377
0.112097
0.111241
0.110155
0.109253
0.108416
0.107611
0.106902
0.105924
0.105053
0.104379
0.103101
0.102486
0.101654
0.100747
0.0990044
0.0986358
0.0976805
0.0965604
0.0954873
0.0945757
0.093834
0.0928815
0.0921696
0.0913784
0.0906046
0.0896341
0.0890039
0.0881375
0.0874863
0.0863952
0.0858098
0.0849334
0.0840169
0.083271
0.0825227
0.0816498
0.0809762
0.0800995
0.0794643
0.07869
0.0780709
0.0774501
0.0766802
0.0758784
0.0753299
0.0745806
0.0738369
0.0730424
0.0725551
0.0719698
0.0712733
0.0704654
0.0698724
0.0692285
0.0686496
0.0681437
0.0675305
0.0669786
0.0665819
0.0658953
0.0654627
0.0650794
0.0646318
0.0640502
0.0635962
0.062987
0.062695
0.0622001
0.0617587
0.0613235
0.0609417
0.0604402
0.0600266
0.0597266
0.0593905
0.0590047
0.0586603
0.0582963
0.0580634
0.0577596
0.0573966
0.0569558
0.0566646
0.0562984
0.0559396
0.0556543
0.0552187
0.0548935
0.0545013
0.0541456
0.0537944
0.0534172
0.0529028
0.0525913
0.0522159
0.0518773
0.0515047
0.0511561
0.0507777
0.0504095
0.0501694
0.0497542
0.0494338
0.0491598
0.0487881
0.0484054
0.048228
0.0479117
0.0475831
0.0473118
0.0469802
0.0466425
0.0463782
0.046057
0.0457516
0.0455471
0.0452686
0.0450369
0.044808
0.0445794
0.0443872
0.0441375
0.0439191
0.0436361
0.0434636
0.0432671
0.0430314
0.0428902
0.0426847
0.0425014
0.0423205
0.0421149
0.0421149
0.0421149
0.0421149
0.0421149
0.0421149
0.0421149
0.0421149
0.0421149
0.0421149
0.0421149
0.0421149
0.0421149
0.0421149
0.0421149
0.0421149
0.0421149
0.0421149
0.0421149
0.0421149
0.0421149
0.0421149
0.0421149
0.0421149
0.0421149
0.0421149
0.0421149
0.0421149
0.0421149
0.0421149
0.0421149
0.0421149
0.0421149
0.0421149
0.0421149
0.0421149
0.0421149
0.0421149
0.0421149
0.0421149
0.0421149
0.0421149
0.0421149
0.0421149
0.0421149
0.0421149
0.0421149
0.0421149
0.0421149
0.0421149
0.0421149
0.0421149
0.0421149
0.0421149
0.0421149
0.0421149
0.0421149
0.0421149
0.0421149
0.0421149
0.0421149
0.0421149
0.0421149
0.0421149
0.0421149
0.0421149
0.0421149
0.0421149
0.0421149
0.0421149
0.0421149
0.0421149
0.0421149
0.0421149
0.0421149
0.0421149
0.0421149
0.0421149
0.0421149
0.0421149
0.0421149
0.0421149
0.0421149
0.0421149
0.0421149
0.0421149
0.0421149
0.0421149
0.0421149
0.0421149
0.0421149
0.0421149
0.0421149
0.0421149
0.0421149
0.0421149
0.0421149
0.0421149
0.0421149
0.0421149
0.0421149
0.0421149
0.0421149
0.0421149
0.0421149
0.0421149
0.0421149
0.0421149
0.0421149
0.0421149
0.0421149
0.0421149
0.0421149
0.0421149
0.0421149
0.0421149
0.0421149
0.0421149
0.0421149
0.0421149
0.0421149
0.0421149
0.0421149
0.0421149
0.0421149
0.0421149
0.0421149
0.0421149
0.0421149
0.0421149
0.0421149
0.0421149
0.0421149
0.0421149
0.0421149
0.0421149
0.0421149
0.0421149
0.0421149
0.0421149
0.0421149
0.0421149
0.0421149
0.0421149
0.0421149
0.0421149
0.0421149
0.0421149
0.0421149
0.0421149
0.0421149
0.0421149
0.0421149
0.0421149
0.0421149
0.0421149
0.0421149
0.0421149
0.0421149
0.0421149
0.0421149
0.0421149
0.0421149
0.0421149
0.0421149
0.0421149
0.0421149
0.0421149
0.0421149
0.0421149
0.0421149
0.0421149
0.0421149
0.0421149
0.0421149
0.0421149
0.0421149
0.0421149
0.0421149
0.0421149
0.0421149
0.0421149
0.0421149
0.0421149
0.0421149
0.0421149
0.0421149
0.0421149
0.0421149
0.0421149
0.0421149
0.0421149
0.0421149
0.0421149
0.0421149
0.0421149
0.0421149
0.0421149
0.0421149
0.0421149
0.0421149
0.0421149
0.0421149
0.0421149
0.0421149
0.0421149
0.0421149
0.0421149
0.0421149
0.0421149
0.0421149
0.0421149
0.0421149
0.0421149
0.0421149
0.0421149
0.0421149
0.0421149
0.0421149
0.0421149
0.0421149
0.0421149
0.0421149
0.0421149
0.0421149
0.0421149
0.0421149
0.0421149
0.0421149
0.0421149
0.0421149
0.0421149
0.0421149
0.0421149
0.0421149
0.0421149
0.0421149
0.0421149
0.0421149
0.0421149
0.0421149
0.0421149
0.0421149
0.0421149
0.0421149
0.0421149
0.0421149
0.0421149
0.0421149
0.0421149
0.0421149
0.0421149
0.0421149
0.0421149
0.0421149
0.0421149
0.0421149
0.0421149
0.0421149
0.0421149
0.0421149
0.0421149
0.0421149
0.0421149
0.0421149
0.0421149
0.0421149
0.0421149
0.0421149
0.0421149
0.0421149
0.0421149
0.0421149
0.0421149
0.0421149
0.0421149
0.0421149
0.0421149
0.0421149
0.0421149
0.0421149
0.0421149
0.0421149
0.0421149
0.0421149
0.0421149
0.0421149
0.0421149
0.0421149
0.0421149
0.0421149
0.0421149
0.0421149
0.0421149
0.0421149
0.0421149
0.0421149
0.0421149
0.0421149
0.0421149
0.0421149
0.0421149
0.0421149
0.0421149
0.0421149
0.0421149
0.0421149
0.0421149
0.0421149
0.0421149
0.0421149
0.0421149
0.0421149
0.0421149
0.0421149
0.0421149
0.0421149
0.0421149
0.0421149
0.0421149
0.0421149
0.0421149
0.0421149
0.0421149
0.0421149
0.0421149
0.0421149
0.0421149
0.0421149
0.0421149
0.0421149
0.0421149
0.0421149
0.0421149
0.0421149
0.0421149
0.0421149
0.0421149
0.0421149
0.0421149
0.0421149
0.0421149
0.0421149
0.0421149
0.0421149
0.0421149
0.0421149
0.0421149
0.0421149
0.0421149
0.0421149
0.0421149
0.0421149
0.0421149
0.0421149
0.0421149
0.0421149
0.0421149
0.0421149
0.0421149
0.0421149
0.0421149
0.0421149
0.0421149
0.0421149
0.0421149
0.0421149
0.0421149
0.0421149
0.0421149
0.0421149
0.0421149
0.0421149
0.0421149
0.0421149
0.0421149
0.0421149
0.0421149
0.0421149
0.0421149
0.0421149
0.0421149
0.0421149
0.0421149
0.0421149
0.0421149
0.0421149
0.0421149
0.0421149
0.0421149
0.0421149
0.0421149
0.0421149
0.0421149
0.0421149
0.0421149
0.0421149
0.0421149
0.0421149
0.0421149
0.0421149
0.0421149
0.0421149
0.0421149
0.0421149
0.0421149
0.0421149
0.0421149
0.0421149
0.0421149
0.0421149
0.0421149
0.0421149
0.0421149
0.0421149
0.0421149
0.0421149
0.0421149
0.0421149
0.0421149
0.0421149
0.0421149
0.0421149
0.0421149
0.0421149
0.0421149
0.0421149
0.0421149
0.0421149
0.0421149
0.0421149
0.0421149
0.0421149
0.0421149
0.0421149
0.0421149
0.0421149
0.0421149
0.0421149
0.0421149
0.0421149
0.0421149
0.0421149
0.0421149
0.0421149
0.0421149
0.0421149
0.0421149
0.0421149
0.0421149
0.0421149
0.0421149
0.0421149
0.0421149
0.0421149
0.0421149
0.0421149
0.0421149
0.0421149
0.0421149
0.0421149
0.0421149
0.0421149
0.0421149
0.0421149
0.0421149
0.0421149
0.0421149
0.0421149
0.0421149
0.0421149
0.0421149
0.0421149
0.0421149
0.0421149
0.0421149
0.0421149
0.0421149
0.0421149
0.0421149
0.0421149
0.0421149
0.0421149
0.0421149
0.0421149
0.0421149
0.0421149
0.0421149
0.0421149
0.0421149
0.0421149
0.0421149
0.0421149
0.0421149
0.0421149
0.0421149
0.0421149
0.0421149
0.0421149
0.0421149
0.0421149
0.0421149
0.0421149
0.0421149
0.0421149
0.0421149
0.0421149
0.0421149
0.0421149
0.0421149
0.0421149
0.0421149
0.0421149
0.0421149
0.0421149
0.0421149
0.0421149
0.0421149
0.0421149
0.0421149
0.0421149
0.0421149
0.0421149
0.0421149
0.0421149
0.0421149
0.0421149
0.0421149
0.0421149
0.0421149
0.0421149
0.0421149
0.0421149
0.0421149
0.0421149
0.0421149
0.0421149
0.0421149
0.0421149
0.0421149
0.0421149
0.0421149
0.0421149
0.0421149
0.0421149
0.0421149
0.0421149
0.0421149
0.0421149
0.0421149
0.0421149
0.0421149
0.0421149
0.0421149
0.0421149
0.0421149
0.0421149
0.0421149
0.0421149
0.0421149
0.0421149
0.0421149
0.0421149
0.0421149
0.0421149
0.0421149
0.0421149
0.0421149
0.0421149
0.0421149
0.0421149
0.0421149
0.0421149
0.0421149
0.0421149
0.0421149
0.0421149
0.0421149
0.0421149
0.0421149
0.0421149
0.0421149
0.0421149
0.0421149
0.0421149
0.0421149
0.0421149
0.0421149
0.0421149
0.0421149
0.0421149
0.0421149
0.0421149
0.0421149
0.0421149
0.0421149
0.0421149
0.0421149
0.0421149
0.0421149
0.0421149
0.0421149
0.0421149
0.0421149
0.0421149
0.0421149
0.0421149
0.0421149
0.0421149
0.0421149
0.0421149
0.0421149
0.0421149
0.0421149
0.0421149
0.0421149
0.0421149
0.0421149
0.0421149
0.0421149
0.0421149
0.0421149
0.0421149
0.0421149
0.0421149
0.0421149
0.0421149
0.0421149
0.0421149
0.0421149
0.0421149
0.0421149
0.0421149
0.0421149
0.0421149
0.0421149
0.0421149
0.0421149
0.0421149
0.0421149
0.0421149
0.0421149
0.0421149
0.0421149
0.0421149
0.0421149
0.0421149
0.0421149
0.0421149
0.0421149
0.0421149
0.0421149
0.0421149
0.0421149
0.0421149
0.0421149
0.0421149
0.0421149
0.0421149
0.0421149
0.0421149
0.0421149
0.0421149
0.0421149
0.0421149
0.0421149
0.0421149
0.0421149
0.0421149
0.0421149
0.0421149
0.0421149
0.0421149
0.0421149
0.0421149
0.0421149
0.0421149
0.0421149
0.0421149
0.0421149
0.0421149
0.0421149
0.0421149
0.0421149
0.0421149
0.0421149
0.0421149
0.0421149
0.0421149
0.0421149
0.0421149
0.0421149
0.0421149
0.0421149
0.0421149
0.0421149
0.0421149
0.0421149
0.0421149
0.0421149
0.0421149
0.0421149
0.0421149
0.0421149
0.0421149
0.0421149
0.0421149
0.0421149
0.0421149
0.0421149
0.0421149
0.0421149
0.0421149
0.0421149
0.0421149
0.0421149
0.0421149
0.0421149
0.0421149
0.0421149
0.0421149
0.0421149
0.0421149
0.0421149
0.0421149
0.0421149
0.0421149
0.0421149
0.0421149
0.0421149
0.0421149
0.0421149
0.0421149
0.0421149
0.0421149
0.0421149
0.0421149
0.0421149
0.0421149
0.0421149
0.0421149
0.0421149
0.0421149
0.0421149
0.0421149
0.0421149
0.0421149
0.0421149
0.0421149
0.0421149
0.0421149
0.0421149
0.0421149
0.0421149
0.0421149
0.0421149
0.0421149
0.0421149
0.0421149
0.0421149
0.0421149
0.0421149
0.0421149
0.0421149
0.0421149
0.0421149
0.0421149
0.0421149
0.0421149
0.0421149
0.0421149
0.0421149
0.0421149
0.0421149
0.0421149
0.0421149
0.0421149
0.0421149
0.0421149
0.0421149
0.0421149
0.0421149
0.0421149
0.0421149
0.0421149
0.0421149
0.0421149
0.0421149
0.0421149
0.0421149
0.0421149
0.0421149
0.0421149
0.0421149
0.0421149
0.0421149
0.0421149
0.0421149
0.0421149
0.0421149
0.0421149
0.0421149
0.0421149
0.0421149
0.0421149
0.0421149
0.0421149
0.0421149
0.0421149
0.0421149
0.0421149
0.0421149
0.0421149
0.0421149
0.0421149
0.0421149
0.0421149
0.0421149
0.0421149
0.0421149
0.0421149
0.0421149
0.0421149
0.0421149
0.0420906
0.0417589
0.0414416
0.0409814
0.0406985
0.04034
0.0399924
0.0395981
0.0393458
0.0390197
0.0386659
0.038308
0.038094
0.0377481
0.0374517
0.0372171
0.0369275
0.0366492
0.0363703
0.0360741
0.035803
0.0355396
0.0352666
0.0350125
0.0347206
0.0344832
0.0341511
0.0339026
0.0336353
0.033365
0.0330362
0.0328447
0.0326031
0.0323691
0.0320937
0.031857
0.0316817
0.0314605
0.0312155
0.0310018
0.0307838
0.0305507
0.0303494
0.0301698
0.0299648
0.0298145
0.0295813
0.029322
0.0291704
0.0289387
0.0287045
0.0284995
0.0283228
0.0281658
0.0279489
0.0277293
0.0275595
0.0273617
0.0271954
0.0269759
0.0268089
0.0266293
0.0264479
0.0263331
0.0262112
0.0260625
0.0259501
0.0259501
0.0259501
0.0259501
0.0259501
0.0259501
0.0259501
0.0259501
0.0259501
0.0259501
0.0259501
0.0259501
0.0259501
0.0259501
0.0259501
0.0259501
0.0259501
0.0259501
0.0259501
0.0259501
0.0259501
0.0259501
0.0259501
0.0259501
0.0259501
0.0259501
0.0259501
0.0259501
0.0259501
0.0259501
0.0259501
0.0259501
0.0259501
0.0259501
0.0259501
0.0259501
0.0259501
0.0259501
0.0259501
0.0259501
0.0259501
0.0259501
0.0259501
0.0259501
0.0259501
0.0259501
0.0259501
0.0259501
0.0259501
0.0259501
0.0259501
0.0259501
0.0259501
0.0259501
0.0259501
0.0259501
0.0259501
0.0259501
0.0259501
0.0259501
0.0259501
0.0259501
0.0259501
0.0259501
0.0259501
0.0259501
0.0259501
0.0259501
0.0259501
0.0259501
0.0259501
0.0259501
0.0259501
0.0259501
0.0259501
0.0259501
0.0259501
0.0259501
0.0259501
0.0259501
0.0259501
0.0259501
0.0259501
0.0259501
0.0259501
0.0259501
0.0259501
0.0259501
0.0259501
0.0259501
0.0259501
0.0259501
0.0259501
0.0259501
0.0259501
0.0259501
0.0259501
0.0259501
0.0259501
0.0259501
0.0259501
0.0259501
0.0259501
0.0259501
0.0259501
0.0259501
0.0259501
0.0259501
0.0259501
0.0259501
0.0259501
0.0259501
0.0259501
0.0259501
0.0259501
0.0259501
0.0259501
0.0259501
0.0259501
0.0259501
0.0259501
0.0259501
0.0259501
0.0259501
0.0259501
0.0259501
0.0259501
0.0259501
0.0259501
0.0259501
0.0259501
0.0259501
0.0259501
0.0259501
0.0259501
0.0259501
