4.48204e+10
2.43478e+10
1.24941e+10
6.0025e+09
3.17594e+09
1.11337e+09
3.78443e+08
3.07568e+08
2.18763e+08
1.84678e+08
1.84678e+08
1.71186e+08
1.71186e+08
7.48492e+07
4.2294e+07
4.09207e+07
3.16178e+07
2.22846e+07
2.22846e+07
1.15331e+07
5.92667e+06
5.92667e+06
5.92667e+06
5.92667e+06
5.92667e+06
5.79978e+06
5.79978e+06
5.79978e+06
2.91169e+06
2.91169e+06
1.31352e+06
1.31352e+06
1.31352e+06
1.31352e+06
1.146e+06
1.0704e+06
464480
464480
464480
464480
385438
346994
220966
220966
159773
115648
85536.3
85536.3
52687.9
40696.8
19851.9
19851.9
12618.4
9809.75
8819.77
8819.77
6087.48
6087.48
3328.37
1670.34
939.864
939.864
939.864
939.864
939.864
333.57
333.57
333.57
333.57
333.57
333.57
333.57
333.57
333.57
333.57
175.475
175.475
175.475
175.475
175.475
175.475
175.475
175.475
175.475
175.475
175.475
175.475
175.475
159.694
141.057
141.057
132.83
132.83
132.83
114.933
106.489
106.489
105.092
104.085
89.9866
85.1753
81.9211
72.7491
57.8722
54.0224
44.083
44.083
34.4168
34.4168
33.9684
29.6769
26.2659
25.5434
22.5478
21.5707
21.5707
19.6295
19.6011
18.2082
18.2082
17.2202
16.4007
16.2732
15.3396
15.1948
15.0889
15.0889
14.6725
14.3597
14.3597
14.3597
14.238
14.2348
13.9094
13.9007
13.9007
13.8618
13.836
13.7264
13.5942
13.5942
13.4908
13.335
13.1875
13.0083
13.0083
12.9923
12.8771
12.8495
12.7726
12.734
12.6977
12.6372
12.5917
12.5913
12.5471
12.5206
12.497
12.4565
12.4386
12.3977
12.3534
12.3292
12.2808
12.276
12.2306
12.1945
12.174
12.1387
12.11
12.0422
12.0389
12.0068
11.9581
11.9443
11.8901
11.8707
11.8438
11.7813
11.7809
11.7421
11.7268
11.6868
11.661
11.6024
11.5807
11.5352
11.4957
11.4536
11.4208
11.3774
11.3292
11.3043
11.2422
11.2226
11.2002
11.1674
11.1332
11.1036
11.0656
11.0306
10.999
10.9764
10.9627
10.9378
10.9126
10.8905
10.8709
10.8389
10.8233
10.8088
10.7765
10.7639
10.7374
10.7374
10.71
10.7003
10.6776
10.6645
10.6419
10.6255
10.6101
10.5912
10.5726
10.5612
10.5463
10.5274
10.5203
10.5083
10.4933
10.4846
10.4678
10.456
10.4478
10.437
10.4213
10.4096
10.3998
10.3912
10.3828
10.3722
10.3608
10.3553
10.3433
10.3373
10.3271
10.3142
10.3075
10.2992
10.288
10.2806
10.2738
10.2628
10.251
10.2412
10.2324
10.2201
10.2063
10.1972
10.1848
10.1729
10.16
10.1445
10.1313
10.1223
10.1082
10.096
10.0765
10.0633
10.0491
10.0326
10.0197
10.0058
9.99021
9.98146
9.9651
9.95086
9.93805
9.92454
9.91343
9.90045
9.88039
9.86767
9.85543
9.84038
9.82592
9.81034
9.79033
9.78364
9.76563
9.75682
9.7404
9.72786
9.71187
9.69597
9.6851
9.66744
9.64626
9.63413
9.61693
9.60293
9.58092
9.56921
9.5533
9.53065
9.51325
9.49628
9.47278
9.45409
9.43636
9.41876
9.3962
9.37217
9.36645
9.35605
9.34093
9.32828
9.31673
9.30383
9.29156
9.28098
9.27029
9.25789
9.24709
9.23451
9.22207
9.21115
9.20362
9.18709
9.17162
9.16478
9.14988
9.13172
9.1165
9.1
9.0892
9.07027
9.06006
9.04308
9.03305
9.02493
9.00857
8.98462
8.97832
8.96243
8.94893
8.93372
8.9185
8.89877
8.885
8.8692
8.85642
8.84218
8.82886
8.81543
8.80979
8.79384
8.78527
8.7718
8.76404
8.75029
8.73772
8.72521
8.71525
8.70394
8.69494
8.67749
8.6671
8.65271
8.63969
8.63218
8.61341
8.60079
8.59239
8.57632
8.56448
8.55664
8.53468
8.52285
8.50798
8.48791
8.47727
8.46309
8.44746
8.43489
8.416
8.40853
8.39701
8.3859
8.37388
8.36385
8.35038
8.34
8.32625
8.3183
8.30658
8.29197
8.27541
8.27023
8.25923
8.24654
8.23459
8.22559
8.21057
8.19899
8.18703
8.16945
8.16193
8.14667
8.1379
8.12321
8.1146
8.10232
8.08405
8.08039
8.06602
8.05395
8.04723
8.03307
8.0208
8.00962
8.00204
7.98921
7.98065
7.96737
7.9619
7.95123
7.93665
7.925
7.91261
7.90197
7.88623
7.87465
7.86377
7.85293
7.83869
7.82839
7.81445
7.80412
7.79423
7.78449
7.77338
7.753
7.73676
7.72544
7.72239
7.70658
7.69617
7.68206
7.66804
7.64547
7.63838
7.61745
7.60998
7.59349
7.58218
7.57364
7.56233
7.54558
7.53808
7.53014
7.5158
7.50683
7.49471
7.48671
7.47418
7.46485
7.44901
7.44125
7.42999
7.41308
7.39973
7.38743
7.37332
7.3638
7.35312
7.33965
7.3281
7.31973
7.30497
7.28656
7.27138
7.26491
7.24791
7.23537
7.22164
7.20897
7.19907
7.19291
7.17647
7.16648
7.15841
7.14636
7.13317
7.11682
7.10523
7.09308
7.07985
7.06996
7.05515
7.03704
7.02463
7.00899
6.99796
6.97896
6.96765
6.94607
6.93996
6.91935
6.90036
6.88316
6.86688
6.84596
6.82307
6.80549
6.78339
6.76922
6.74807
6.72777
6.70342
6.68366
6.6654
6.64623
6.6249
6.61516
6.58785
6.57134
6.5592
6.54038
6.51231
6.50247
6.48634
6.46796
6.45168
6.43847
6.42492
6.41566
6.40021
6.39056
6.37844
6.36716
6.35089
6.3315
6.3217
6.30924
6.29865
6.28651
6.27327
6.26268
6.25228
6.23676
6.22698
6.21536
6.20347
6.19546
6.18249
6.17123
6.1593
6.14459
6.13049
6.12288
6.10513
6.09029
6.07608
6.06067
6.04607
6.02991
6.01458
6.00054
5.9836
5.97369
5.96118
5.94542
5.92919
5.91601
5.89836
5.88733
5.86752
5.85193
5.83701
5.82271
5.80814
5.78917
5.77371
5.75485
5.73987
5.72584
5.70594
5.69168
5.67395
5.66034
5.64625
5.63873
5.62591
5.61063
5.60207
5.59008
5.58035
5.57072
5.55868
5.55033
5.54005
5.53243
5.5223
5.51478
5.50362
5.4959
5.4893
5.47889
5.47416
5.4667
5.45854
5.45276
5.4436
5.43551
5.42225
5.41758
5.40497
5.39484
5.38581
5.37324
5.36126
5.34727
5.34037
5.32457
5.31478
5.31135
5.29747
5.29064
5.27719
5.26755
5.2587
5.25032
5.24357
5.23292
5.22526
5.21595
5.21083
5.20383
5.19683
5.18818
5.17901
5.1762
5.16835
5.15794
5.15219
5.14285
5.13606
5.1302
5.12042
5.11359
5.10268
5.09679
5.08546
5.07783
5.06707
5.06078
5.05326
5.04648
5.03638
5.02568
5.01997
5.00668
5.00451
4.99724
4.9893
4.98286
4.96258
4.96033
4.94729
4.93971
4.92939
4.91831
4.90861
4.8992
4.88909
4.87907
4.86858
4.86073
4.84582
4.8385
4.82557
4.81926
4.80656
4.79828
4.78685
4.77598
4.76529
4.74957
4.74151
4.73187
4.72048
4.71157
4.69801
4.68968
4.67529
4.66633
4.65654
4.64923
4.63921
4.63102
4.62102
4.60881
4.60165
4.58684
4.57676
4.56661
4.55371
4.54096
4.53229
4.51848
4.50094
4.49288
4.48553
4.47563
4.46364
4.45134
4.44202
4.4283
4.41749
4.40767
4.39505
4.38551
4.37218
4.35653
4.35382
4.34202
4.33287
4.32177
4.30778
4.29794
4.28677
4.27508
4.26436
4.25292
4.24266
4.23257
4.22123
4.21212
4.20112
4.19167
4.18291
4.17394
4.16407
4.15824
4.15107
4.14027
4.13309
4.11814
4.11219
4.10391
4.09484
4.08202
4.07122
4.05944
4.05129
4.04279
4.03061
4.02434
4.01843
4.0063
3.99633
3.98971
3.97813
3.97246
3.96093
3.95591
3.9463
3.93892
3.93014
3.9234
3.91904
3.91404
3.90449
3.90257
3.89744
3.89079
3.87717
3.87121
3.86315
3.85616
3.84907
3.84128
3.83598
3.82602
3.8202
3.81559
3.80795
3.7991
3.79367
3.78861
3.78174
3.77384
3.76516
3.75813
3.74925
3.74382
3.73337
3.72399
3.715
3.7062
3.69724
3.6835
3.67338
3.66686
3.65679
3.64472
3.63408
3.61934
3.60866
3.59639
3.57937
3.56764
3.55138
3.53721
3.52499
3.51197
3.50243
3.49008
3.47892
3.46853
3.46206
3.45078
3.43995
3.43187
3.42346
3.41375
3.40642
3.39354
3.39007
3.38119
3.37293
3.36648
3.35671
3.35332
3.34594
3.33999
3.32541
3.31874
3.31389
3.30737
3.2951
3.28827
3.28225
3.27105
3.2637
3.25476
3.24662
3.23905
3.23136
3.22248
3.21413
3.20645
3.19713
3.19476
3.18636
3.17915
3.17455
3.16685
3.15976
3.15651
3.15066
3.14144
3.13905
3.13379
3.12518
3.11677
3.1105
3.10379
3.09518
3.08557
3.07909
3.07063
3.06061
3.04961
3.03796
3.02775
3.01517
3.00785
2.99535
2.97967
2.97314
2.95939
2.94414
2.93156
2.919
2.90315
2.88747
2.86791
2.84704
2.82441
2.81546
2.7997
2.7804
2.75616
2.74017
2.72752
2.70888
2.68925
2.67605
2.65794
2.64021
2.62628
2.6133
2.59069
2.57904
2.55883
2.53997
2.52171
2.50217
2.48998
2.47111
2.45466
2.43923
2.42024
2.41014
2.39088
2.36987
2.35506
2.339
2.31182
2.29624
2.27877
2.25528
2.24514
2.23155
2.21753
2.19369
2.16345
2.16345
2.14721
2.12859
2.11185
2.09754
2.07752
2.06667
2.04888
2.02974
2.0165
1.9982
1.98357
1.96419
1.9495
1.93487
1.92052
1.9065
1.89348
1.88287
1.86858
1.85305
1.84392
1.83352
1.82242
1.8129
1.80283
1.79218
1.77779
1.7663
1.74983
1.73978
1.72218
1.71303
1.69693
1.68027
1.66519
1.64982
1.63432
1.61404
1.6013
1.58112
1.56605
1.54708
1.53474
1.51992
1.50833
1.49256
1.47696
1.46161
1.44774
1.4313
1.42001
1.40696
1.39273
1.38234
1.36188
1.35218
1.33824
1.32006
1.30628
1.29048
1.27593
1.26047
1.24918
1.23589
1.22193
1.19827
1.19003
1.1737
1.15733
1.1476
1.13492
1.12324
1.11229
1.09896
1.09062
1.07983
1.07246
1.06165
1.05426
1.04655
1.0372
1.02695
1.01784
1.00848
1.00097
0.991302
0.985095
0.976288
0.970138
0.962845
0.955819
0.950176
0.943799
0.939954
0.932962
0.928475
0.9214
0.915799
0.910174
0.906271
0.902317
0.897246
0.89207
0.888068
0.883784
0.880313
0.874491
0.871124
0.863545
0.860519
0.85707
0.851089
0.84591
0.842271
0.837149
0.833559
0.826153
0.821527
0.817235
0.81316
0.808302
0.802596
0.799444
0.795303
0.790353
0.785402
0.782389
0.779492
0.775712
0.772759
0.769249
0.765468
0.762079
0.757541
0.754914
0.751143
0.748072
0.742839
0.739209
0.73497
0.730539
0.727901
0.72438
0.72113
0.71616
0.712931
0.709426
0.704981
0.701064
0.696986
0.693484
0.688995
0.684795
0.680446
0.67461
0.670841
0.665114
0.663158
0.657476
0.650871
0.647756
0.642957
0.638444
0.632892
0.629048
0.623512
0.619171
0.614448
0.610638
0.607378
0.603766
0.599853
0.595989
0.592853
0.587642
0.585369
0.581775
0.577945
0.574738
0.571833
0.567753
0.564625
0.561145
0.558815
0.555752
0.552448
0.549779
0.546714
0.544068
0.54175
0.53848
0.536165
0.531706
0.52786
0.525599
0.521374
0.517363
0.513495
0.509879
0.505583
0.502716
0.499758
0.495253
0.492419
0.487485
0.484937
0.479852
0.478362
0.474185
0.471337
0.467831
0.463578
0.459539
0.456524
0.453425
0.449454
0.446024
0.442061
0.439206
0.435274
0.431234
0.427152
0.422597
0.4198
0.415354
0.411024
0.407013
0.404002
0.398221
0.394575
0.390784
0.3854
0.380936
0.377996
0.372568
0.371159
0.367705
0.364846
0.360322
0.3588
0.355636
0.351744
0.350775
0.348468
0.34635
0.344454
0.34189
0.339723
0.337223
0.334549
0.332868
0.329353
0.328857
0.325929
0.324421
0.322127
0.320321
0.318417
0.316023
0.313997
0.311859
0.309929
0.307864
0.305771
0.302493
0.30146
0.298502
0.296497
0.29385
0.291999
0.290435
0.288778
0.287029
0.284834
0.283282
0.281632
0.280275
0.278869
0.277818
0.276355
0.275182
0.274
0.273152
0.272243
0.271135
0.27016
0.268739
0.267737
0.266361
0.265787
0.264077
0.262942
0.262061
0.260667
0.259403
0.258122
0.256953
0.25563
0.253387
0.252579
0.251719
0.250078
0.248512
0.247606
0.246072
0.244726
0.243271
0.242619
0.240362
0.238811
0.237748
0.236361
0.234618
0.233732
0.232199
0.230797
0.229421
0.227685
0.226306
0.225351
0.223637
0.222545
0.221204
0.219667
0.218503
0.217037
0.216204
0.214777
0.213911
0.213064
0.211514
0.209977
0.209286
0.207531
0.206484
0.205252
0.204245
0.202758
0.202053
0.200053
0.199275
0.198153
0.196931
0.195835
0.194229
0.193399
0.192518
0.191316
0.190199
0.189413
0.187737
0.187068
0.185901
0.184412
0.183387
0.182022
0.180207
0.179899
0.178579
0.177692
0.176827
0.175744
0.174689
0.17365
0.172671
0.171779
0.170953
0.170043
0.169256
0.168259
0.167619
0.166865
0.166182
0.165629
0.164812
0.163821
0.163067
0.162101
0.161734
0.161159
0.160513
0.159529
0.159195
0.158672
0.158048
0.157412
0.156731
0.155991
0.155301
0.154796
0.154422
0.153399
0.152908
0.152307
0.151634
0.151178
0.15038
0.149878
0.149331
0.148665
0.147956
0.14713
0.146329
0.145431
0.144604
0.144126
0.143014
0.142176
0.141726
0.140931
0.139818
0.13919
0.138659
0.1379
0.137154
0.136055
0.135767
0.13479
0.133992
0.133409
0.132395
0.131609
0.130882
0.13016
0.1292
0.128637
0.127905
0.127069
0.126497
0.125812
0.124896
0.124067
0.123342
0.12253
0.12144
0.120711
0.120077
0.119294
0.118588
0.117672
0.116489
0.115843
0.115136
0.113977
0.113003
0.112161
0.111382
0.110556
0.10988
0.108712
0.107927
0.107257
0.10631
0.105469
0.104836
0.104164
0.103326
0.103018
0.102214
0.101735
0.101268
0.100789
0.100254
0.0997391
0.0992346
0.0989344
0.0984997
0.0981047
0.0975734
0.0971837
0.0967038
0.0963349
0.0959548
0.0952262
0.0949831
0.0946076
0.0941628
0.0938754
0.0934109
0.0931185
0.0927303
0.0924136
0.0920375
0.0917167
0.0913826
0.0909085
0.0905945
0.0902912
0.0899684
0.0897298
0.0893227
0.0889688
0.0885851
0.0882933
0.0879549
0.0877546
0.0874015
0.0869988
0.0867799
0.0865218
0.086243
0.0860052
0.0856545
0.0854108
0.0850783
0.0846759
0.0843566
0.0839227
0.0836225
0.0832353
0.0829128
0.0825005
0.0820806
0.0817626
0.0813877
0.0809933
0.0805023
0.0802414
0.0797488
0.0792876
0.0790066
0.0784273
0.0781081
0.077778
0.0773604
0.0770306
0.0765987
0.076299
0.0757412
0.0753708
0.0749771
0.0745673
0.0742156
0.0737288
0.0733137
0.0728661
0.0723184
0.0720193
0.0717004
0.0713225
0.0709584
0.0704257
0.0702619
0.0697793
0.0693415
0.0687417
0.0685138
0.0679584
0.0673917
0.0670976
0.0666832
0.0663912
0.0660528
0.0656923
0.065275
0.0649849
0.06466
0.0644614
0.0641745
0.0638327
0.0636181
0.0632377
0.0629776
0.062681
0.0623137
0.0620726
0.0618326
0.0616561
0.0614292
0.0611589
0.0610025
0.0608137
0.0606616
0.0605286
0.060338
0.0602052
0.0600331
0.0600331
0.0600331
0.0600331
0.0600331
0.0600331
0.0600331
0.0600331
0.0600331
0.0600331
0.0600331
0.0600331
0.0600331
0.0600331
0.0600331
0.0600331
0.0600331
0.0600331
0.0600331
0.0600331
0.0600331
0.0600331
0.0600331
0.0600331
0.0600331
0.0600331
0.0600331
0.0600331
0.0600331
0.0600331
0.0600331
0.0600331
0.0600331
0.0600331
0.0600331
0.0600331
0.0600331
0.0600331
0.0600331
0.0600331
0.0600331
0.0600331
0.0600331
0.0600331
0.0600331
0.0600331
0.0600331
0.0600331
0.0600331
0.0600331
0.0600331
0.0600331
0.0600331
0.0600331
0.0600331
0.0600331
0.0600331
0.0600331
0.0600331
0.0600331
0.0600331
0.0600331
0.0600331
0.0600331
0.0600331
0.0600331
0.0600331
0.0600331
0.0600331
0.0600331
0.0600331
0.0600331
0.0600331
0.0600331
0.0600331
0.0600331
0.0600331
0.0600331
0.0600331
0.0600331
0.0600331
0.0600331
0.0600331
0.0600331
0.0600331
0.0600331
0.0600331
0.0600331
0.0600331
0.0600331
0.0600331
0.0600331
0.0600331
0.0600331
0.0600331
0.0600331
0.0600331
0.0600331
0.0600331
0.0600331
0.0600331
0.0600331
0.0600331
0.0600331
0.0600331
0.0600331
0.0600331
0.0600331
0.0600331
0.0600331
0.0600331
0.0600331
0.0600331
0.0600331
0.0600331
0.0600331
0.0600331
0.0600331
0.0600331
0.0600331
0.0600331
0.0600331
0.0600331
0.0600331
0.0600331
0.0600331
0.0600331
0.0600331
0.0600331
0.0600331
0.0600331
0.0600331
0.0600331
0.0600331
0.0600331
0.0600331
0.0600331
0.0600331
0.0600331
0.0600331
0.0600331
0.0600331
0.0600331
0.0600331
0.0600331
0.0600331
0.0600331
0.0600331
0.0600331
0.0600331
0.0600331
0.0600331
0.0600331
0.0600331
0.0600331
0.0600331
0.0600331
0.0600331
0.0600331
0.0600331
0.0600331
0.0600331
0.0600331
0.0600331
0.0600331
0.0600331
0.0600331
0.0600331
0.0600331
0.0600331
0.0600331
0.0600331
0.0600331
0.0600331
0.0600331
0.0600331
0.0600331
0.0600331
0.0600331
0.0600331
0.0600331
0.0600331
0.0600331
0.0600331
0.0600331
0.0600331
0.0600331
0.0600331
0.0600331
0.0600331
0.0600331
0.0600331
0.0600331
0.0600331
0.0600331
0.0600331
0.0600331
0.0600331
0.0600331
0.0600331
0.0600331
0.0600331
0.0600331
0.0600331
0.0600331
0.0600331
0.0600331
0.0600331
0.0600331
0.0600331
0.0600331
0.0600331
0.0600331
0.0600331
0.0600331
0.0600331
0.0600331
0.0600331
0.0600331
0.0600331
0.0600331
0.0600331
0.0600331
0.0600331
0.0600331
0.0600331
0.0600331
0.0600331
0.0600331
0.0600331
0.0600331
0.0600331
0.0600331
0.0600331
0.0600331
0.0600331
0.0600331
0.0600331
0.0600331
0.0600331
0.0600331
0.0600331
0.0600331
0.0600331
0.0600331
0.0600331
0.0600331
0.0600331
0.0600331
0.0600331
0.0600331
0.0600331
0.0600331
0.0600331
0.0600331
0.0600331
0.0600331
0.0600331
0.0600331
0.0600331
0.0600331
0.0600331
0.0600331
0.0600331
0.0600331
0.0600331
0.0600331
0.0600331
0.0600331
0.0600331
0.0600331
0.0600331
0.0600331
0.0600331
0.0600331
0.0600331
0.0600331
0.0600331
0.0600331
0.0600331
0.0600331
0.0600331
0.0600331
0.0600331
0.0600331
0.0600331
0.0600331
0.0600331
0.0600331
0.0600331
0.0600331
0.0600331
0.0600331
0.0600331
0.0600331
0.0600331
0.0600331
0.0600331
0.0600331
0.0600331
0.0600331
0.0600331
0.0600331
0.0600331
0.0600331
0.0600331
0.0600331
0.0600331
0.0600331
0.0600331
0.0600331
0.0600331
0.0600331
0.0600331
0.0600331
0.0600331
0.0600331
0.0600331
0.0600331
0.0600331
0.0600331
0.0600331
0.0600331
0.0600331
0.0600331
0.0600331
0.0600331
0.0600331
0.0600331
0.0600331
0.0600331
0.0600331
0.0600331
0.0600331
0.0600331
0.0600331
0.0600331
0.0600331
0.0600331
0.0600331
0.0600331
0.0600331
0.0600331
0.0600331
0.0600331
0.0600331
0.0600331
0.0600331
0.0600331
0.0600331
0.0600331
0.0600331
0.0600331
0.0600331
0.0600331
0.0600331
0.0600331
0.0600331
0.0600331
0.0600331
0.0600331
0.0600331
0.0600331
0.0600331
0.0600331
0.0600331
0.0600331
0.0600331
0.0600331
0.0600331
0.0600331
0.0600331
0.0600331
0.0600331
0.0600331
0.0600331
0.0600331
0.0600331
0.0600331
0.0600331
0.0600331
0.0600331
0.0600331
0.0600331
0.0600331
0.0600331
0.0600331
0.0600331
0.0600331
0.0600331
0.0600331
0.0600331
0.0600331
0.0600331
0.0600331
0.0600331
0.0600331
0.0600331
0.0600331
0.0600331
0.0600331
0.0600331
0.0600331
0.0600331
0.0600331
0.0600331
0.0600331
0.0600331
0.0600331
0.0600331
0.0600331
0.0600331
0.0600331
0.0600331
0.0600331
0.0600331
0.0600331
0.0600331
0.0600331
0.0600331
0.0600331
0.0600331
0.0600331
0.0600331
0.0600331
0.0600331
0.0600331
0.0600331
0.0600331
0.0600331
0.0600331
0.0600331
0.0600331
0.0600331
0.0600331
0.0600331
0.0600331
0.0600331
0.0600331
0.0600331
0.0600331
0.0600331
0.0600331
0.0600331
0.0600331
0.0600331
0.0600331
0.0600331
0.0600331
0.0600331
0.0600331
0.0600331
0.0600331
0.0600331
0.0600331
0.0600331
0.0600331
0.0600331
0.0600331
0.0600331
0.0600331
0.0600331
0.0600331
0.0600331
0.0600331
0.0600331
0.0600331
0.0600331
0.0600331
0.0600331
0.0600331
0.0600331
0.0600331
0.0600331
0.0600331
0.0600331
0.0600331
0.0600331
0.0600331
0.0600331
0.0600331
0.0600331
0.0600331
0.0600331
0.0600331
0.0600331
0.0600331
0.0600331
0.0600331
0.0600331
0.0600331
0.0600331
0.0600331
0.0600331
0.0600331
0.0600331
0.0600331
0.0600331
0.0600331
0.0600331
0.0600331
0.0600331
0.0600331
0.0600331
0.0600331
0.0600331
0.0600331
0.0600331
0.0600331
0.0600331
0.0600331
0.0600331
0.0600331
0.0600331
0.0600331
0.0600331
0.0600331
0.0600331
0.0600331
0.0600331
0.0600331
0.0600331
0.0600331
0.0600331
0.0600331
0.0600331
0.0600331
0.0600331
0.0600331
0.0600331
0.0600331
0.0600331
0.0600331
0.0600331
0.0600331
0.0600331
0.0600331
0.0600331
0.0600331
0.0600331
0.0600331
0.0600331
0.0600331
0.0600331
0.0600331
0.0600331
0.0600331
0.0600331
0.0600331
0.0600331
0.0600331
0.0600331
0.0600331
0.0600331
0.0600331
0.0600331
0.0600331
0.0600331
0.0600331
0.0600331
0.0600331
0.0600331
0.0600331
0.0600331
0.0600331
0.0600331
0.0600331
0.0600331
0.0600331
0.0600331
0.0600331
0.0600331
0.0600331
0.0600331
0.0600331
0.0600331
0.0600331
0.0600331
0.0600331
0.0600331
0.0600331
0.0600331
0.0600331
0.0600331
0.0600331
0.0600331
0.0600331
0.0600331
0.0600331
0.0600331
0.0600331
0.0600331
0.0600331
0.0600331
0.0600331
0.0600331
0.0600331
0.0600331
0.0600331
0.0600331
0.0600331
0.0600331
0.0600331
0.0600331
0.0600331
0.0600331
0.0600331
0.0600331
0.0600331
0.0600331
0.0600331
0.0600331
0.0600331
0.0600331
0.0600331
0.0600331
0.0600331
0.0600331
0.0600331
0.0600331
0.0600331
0.0600331
0.0600331
0.0600331
0.0600331
0.0600331
0.0600331
0.0600331
0.0600331
0.0600331
0.0600331
0.0600331
0.0600331
0.0600331
0.0600331
0.0600331
0.0600331
0.0600331
0.0600331
0.0600331
0.0600331
0.0600331
0.0600331
0.0600331
0.0600331
0.0600331
0.0600331
0.0600331
0.0600331
0.0600331
0.0600331
0.0600331
0.0600331
0.0600331
0.0600331
0.0600331
0.0600331
0.0600331
0.0600331
0.0600331
0.0600331
0.0600331
0.0600331
0.0600331
0.0600331
0.0600331
0.0600331
0.0600331
0.0600331
0.0600331
0.0600331
0.0600331
0.0600331
0.0600331
0.0600331
0.0600331
0.0600331
0.0600331
0.0600331
0.0600331
0.0600331
0.0600331
0.0600331
0.0600331
0.0600331
0.0600331
0.0600331
0.0600331
0.0600331
0.0600331
0.0600331
0.0600331
0.0600331
0.0600331
0.0600331
0.0600331
0.0600331
0.0600331
0.0600331
0.0600331
0.0600331
0.0600331
0.0600331
0.0600331
0.0600331
0.0600331
0.0600331
0.0600331
0.0600331
0.0600331
0.0600331
0.0600331
0.0600331
0.0600331
0.0600331
0.0600331
0.0600331
0.0600331
0.0600331
0.0600331
0.0600331
0.0600331
0.0600331
0.0600331
0.0600331
0.0600331
0.0600331
0.0600331
0.0600331
0.0600331
0.0600331
0.0600331
0.0600331
0.0600331
0.0600331
0.0600331
0.0600331
0.0600331
0.0600331
0.0600331
0.0600331
0.0600331
0.0600331
0.0600331
0.0600331
0.0600331
0.0600331
0.0600331
0.0600331
0.0600331
0.0600331
0.0600331
0.0600331
0.0600331
0.0600331
0.0600331
0.0600331
0.0600331
0.0600331
0.0600331
0.0600331
0.0600331
0.0600331
0.0600331
0.0600331
0.0600331
0.0600331
0.0600331
0.0600331
0.0600331
0.0600331
0.0600331
0.0600331
0.0600331
0.0600331
0.0600331
0.0600331
0.0600331
0.0600331
0.0600331
0.0600331
0.0600331
0.0600331
0.0600331
0.0600331
0.0600331
0.0600331
0.0600331
0.0600331
0.0600331
0.0600331
0.0600331
0.0600331
0.0600331
0.0600331
0.0600331
0.0600331
0.0600331
0.0600331
0.0600331
0.0600331
0.0600331
0.0600331
0.0600331
0.0600331
0.0600331
0.0600331
0.0600331
0.0600331
0.0600331
0.0600331
0.0600331
0.0600331
0.0600331
0.0600331
0.0600331
0.0600331
0.0600331
0.0600331
0.0600331
0.0600331
0.0600331
0.0600331
0.0600331
0.0600331
0.0600331
0.0600331
0.0600331
0.0600331
0.0600331
0.0600331
0.0600331
0.0600331
0.0600331
0.0600331
0.0600331
0.0600331
0.0600331
0.0600331
0.0600331
0.0600331
0.0600331
0.0600331
0.0600331
0.0600331
0.0600331
0.0600331
0.0600331
0.0600331
0.0600331
0.0600331
0.0600331
0.0600331
0.0600331
0.0600331
0.0600331
0.0600331
0.0600331
0.0600331
0.0600331
0.0600331
0.0600331
0.0600331
0.0600331
0.0600331
0.0600331
0.0600331
0.0600331
0.0600331
0.0600331
0.0600331
0.0600331
0.0600331
0.0600331
0.0600331
0.0600331
0.0600331
0.0600331
0.0600331
0.0600331
0.0600331
0.0600331
0.0600331
0.0600331
0.0600331
0.0600331
0.0600331
0.0600331
0.0600331
0.0600331
0.0600331
0.0600331
0.0600331
0.0600331
0.0600331
0.0600331
0.0600331
0.0600331
0.0600331
0.0600331
0.0600331
0.0600331
0.0600331
0.0600331
0.0600331
0.0600331
0.0600331
0.0600331
0.0600331
0.0600331
0.0600331
0.0600331
0.0600331
0.0600331
0.0600331
0.0600331
0.0600331
0.0600331
0.0600331
0.0600331
0.0600331
0.0600331
0.0600331
0.0600331
0.0600331
0.0600331
0.0600331
0.0600331
0.0600331
0.0600331
0.0600331
0.0600331
0.0600331
0.0600331
0.0600331
0.0600331
0.0600331
0.0600331
0.0600331
0.0600331
0.0600331
0.0600331
0.0600331
0.0600331
0.0600331
0.0600331
0.0600331
0.0600331
0.0600331
0.0600331
0.0600331
0.0600331
0.0600331
0.0600331
0.0600331
0.0600331
0.0600331
0.0600331
0.0600331
0.0600331
0.0600331
0.0600331
0.0600331
0.0600331
0.0600331
0.0600331
0.0600331
0.0600331
0.0600331
0.0600331
0.0600331
0.0600331
0.0600331
0.0600331
0.0600331
0.0600331
0.0600331
0.0600331
0.0600331
0.0600331
0.0600331
0.0600331
0.0600331
0.0600331
0.0600331
0.0600331
0.0600331
0.0600331
0.0600331
0.0600331
0.0600331
0.0600331
0.0600331
0.0600331
0.0600331
0.0600331
0.0600331
0.0600331
0.0600331
0.0600331
0.0600331
0.0600331
0.0600331
0.0600331
0.0600331
0.0600331
0.0600331
0.0600331
0.0600331
0.0600331
0.0600331
0.0600331
0.0600331
0.0600331
0.0600331
0.0600331
0.0600331
0.0600331
0.0600331
0.0600331
0.0600331
0.0600331
0.0600331
0.0600331
0.0600331
0.0600331
0.0600331
0.0600331
0.0600331
0.0600331
0.0600331
0.0600331
0.0600331
0.0600331
0.0600331
0.0600331
0.0600331
0.0600331
0.0600331
0.0600331
0.0600331
0.0600331
0.0600331
0.0600331
0.0600331
0.0600331
0.0600331
0.0600331
0.0600331
0.0600331
0.0600331
0.0600331
0.0600331
0.0600331
0.0600331
0.0600331
0.0600331
0.0600331
0.0600331
0.0600331
0.0600331
0.0600331
0.0600331
0.0600331
0.0600331
0.0600331
0.0600331
0.0600331
0.0600331
0.0600331
0.0600331
0.0600331
0.0600331
0.0600331
0.0600331
0.0600331
0.0600331
0.0600331
0.0600331
0.0600331
0.0600331
0.0600331
0.0600331
0.0600331
0.0600331
0.0600331
0.0600331
0.0600331
0.0600331
0.0600331
0.0600331
0.0600331
0.0600331
0.0600331
0.0600331
0.0600331
0.0600331
0.0600331
0.0600331
0.0600331
0.0600331
0.0600331
0.0600331
0.0600331
0.0600331
0.0600331
0.0600331
0.0600331
0.0600331
0.0600331
0.0600331
0.0600331
0.0600331
0.0600331
0.0600331
0.0600331
0.0600331
0.0600331
0.0600331
0.0600331
0.0600331
0.0600331
0.0600331
0.0600331
0.0600331
0.0600331
0.0600331
0.0600331
0.0600331
0.0600331
0.0600331
0.0600331
0.0600331
0.0600331
0.0600331
0.0600331
0.0600331
0.0600331
0.0600331
0.0600331
0.0600331
0.0600331
0.0600331
0.0600331
0.0597137
0.059424
0.0590338
0.058762
0.0585091
0.0580346
0.0579156
0.0574623
0.057254
0.0568663
0.05659
0.0562494
0.0559383
0.0556251
0.0553605
0.0550813
0.0548082
0.0546407
0.0543443
0.0539652
0.0539033
0.0536026
0.0534444
0.0532499
0.0530022
0.0527644
0.0525882
0.052426
0.0522469
0.0520492
0.0518302
0.0516802
0.0514946
0.0513244
0.051119
0.0510043
0.050841
0.0506896
0.0505807
0.0504296
0.0503041
0.0501682
0.0501682
0.0501682
0.0501682
0.0501682
0.0501682
0.0501682
0.0501682
0.0501682
0.0501682
0.0501682
0.0501682
0.0501682
0.0501682
0.0501682
0.0501682
0.0501682
0.0501682
0.0501682
0.0501682
0.0501682
0.0501682
0.0501682
0.0501682
0.0501682
0.0501682
0.0501682
0.0501682
0.0501682
0.0501682
0.0501682
0.0501682
0.0501682
0.0501682
0.0501682
0.0501682
0.0501682
0.0501682
0.0501682
0.0501682
0.0501682
0.0501682
0.0501682
0.0501682
0.0501682
0.0501682
0.0501682
0.0501682
0.0501682
0.0501682
0.0501682
0.0501682
0.0501682
0.0501682
0.0501682
0.0501682
0.0501682
0.0501682
0.0501682
0.0501682
0.0501682
0.0501682
0.0501682
0.0501682
0.0501682
0.0501682
0.0501682
0.0501682
0.0501682
0.0501682
0.0501682
0.0501682
0.0501682
0.0501682
0.0501682
0.0501682
0.0501682
0.0501682
0.0501682
0.0501682
0.0501682
0.0501682
0.0501682
0.0501682
0.0501682
0.0501682
0.0501682
0.0501682
0.0501682
0.0501682
0.0501682
0.0501682
0.0501682
0.0501682
0.0501682
0.0501682
0.0501682
0.0501682
0.0501682
0.0501682
0.0501682
0.0501682
0.0501682
0.0501682
0.0501682
0.0501682
0.0501682
0.0501682
0.0501682
0.0501682
0.0501682
0.0501682
0.0501682
0.0501682
0.0501682
0.0501682
0.0501682
0.0501682
0.0501682
0.0501682
0.0501682
0.0501682
0.0501682
0.0501682
0.0501682
0.0501682
0.0501682
0.0501682
0.0501682
0.0501682
0.0501682
0.0501682
0.0501682
0.0501682
0.0501682
0.0501682
0.0501682
0.0501682
0.0501682
0.0501682
0.0501682
0.0501682
0.0501682
0.0501682
0.0501682
0.0501682
0.0501682
0.0501682
0.0501682
0.0501682
0.0501682
0.0501682
0.0501682
0.0501682
0.0501682
0.0501682
0.0501682
0.0501682
0.0501682
0.0501682
0.0501682
0.0501682
0.0501682
0.0501682
0.0501682
0.0501682
0.0501682
0.0501682
0.0501682
0.0501682
0.0501682
0.0501682
0.0501682
0.0501682
0.0501682
0.0501682
0.0501682
0.0501682
0.0501682
0.0501682
0.0501682
0.0501682
0.0501682
0.0501682
0.0501682
0.0501682
0.0501682
0.0501682
0.0501682
0.0501682
0.0501682
0.0501682
0.0501682
0.0501682
0.0501682
0.0501682
0.0501682
0.0501682
0.0501682
0.0501682
0.0501682
0.0501682
0.0501682
0.0501682
0.0501682
0.0501682
