3.88297e+10
2.12785e+10
1.12364e+10
3.14472e+09
6.49688e+08
2.88688e+08
1.25052e+08
2.39933e+07
2.39933e+07
2.39933e+07
2.39933e+07
2.39933e+07
2.39933e+07
2.39933e+07
2.39933e+07
2.39933e+07
2.39933e+07
2.30459e+07
2.30459e+07
1.81542e+07
1.68413e+07
1.41981e+07
8.60151e+06
7.35324e+06
6.42067e+06
6.42067e+06
6.42067e+06
6.42067e+06
3.5122e+06
3.5122e+06
3.5122e+06
1.27501e+06
1.27501e+06
1.14165e+06
862277
638011
597832
597832
505228
484114
442409
352544
251521
178364
167958
91617.9
91617.9
80555.5
42684.6
27240.8
20180
10094.5
10094.5
10094.5
7003.58
6203.94
6203.94
3859.19
2062.13
2062.13
2062.13
2062.13
2062.13
2062.13
2062.13
2062.13
1582.57
1012.92
1012.92
1012.92
943.384
426.361
426.361
426.361
426.361
358.536
358.536
220.812
220.812
182.201
182.201
182.201
182.201
182.201
182.201
182.201
182.201
182.201
155.806
155.806
155.806
155.806
149.389
137.97
120.111
120.111
113.63
106.019
87.5313
64.7857
59.1564
57.01
48.956
48.956
45.1116
45.1116
35.2325
35.2325
28.1647
24.4775
22.7508
17.2034
17.2034
14.6889
14.6889
14.6889
14.6889
14.6889
14.6889
14.6889
14.6889
14.6889
14.6889
14.6889
14.6889
14.6889
14.6787
14.6787
14.2816
14.1228
14.1228
13.8896
13.5984
13.5586
13.3826
13.3826
13.2013
13.1289
13.1289
12.9694
12.882
12.8542
12.8239
12.8025
12.7278
12.6805
12.6401
12.5806
12.5659
12.5039
12.5039
12.5039
12.5015
12.466
12.4592
12.453
12.4156
12.4053
12.3727
12.3442
12.3175
12.3059
12.2805
12.2489
12.242
12.2168
12.2096
12.1819
12.1608
12.155
12.1345
12.1031
12.0982
12.0794
12.0593
12.0465
12.0265
12.0085
11.9891
11.9474
11.9438
11.9245
11.9074
11.8764
11.8634
11.8406
11.8263
11.8082
11.793
11.7782
11.7589
11.741
11.7281
11.7062
11.6939
11.678
11.6671
11.6549
11.6387
11.6288
11.6065
11.6039
11.5879
11.5807
11.5616
11.5519
11.5381
11.5282
11.5164
11.5033
11.491
11.4811
11.4681
11.4568
11.4434
11.431
11.4204
11.4096
11.3927
11.3795
11.3689
11.3542
11.3412
11.3313
11.3183
11.3067
11.2899
11.2774
11.2535
11.253
11.2374
11.2258
11.2149
11.2008
11.1857
11.1754
11.1601
11.1486
11.1359
11.1254
11.1143
11.1021
11.0915
11.0824
11.0689
11.0631
11.0532
11.0362
11.0275
11.01
11.0012
10.9878
10.9669
10.9581
10.9355
10.9268
10.91
10.8909
10.877
10.8677
10.8514
10.8297
10.816
10.8002
10.7854
10.7714
10.759
10.7511
10.74
10.7266
10.7182
10.7028
10.6889
10.677
10.6667
10.6565
10.6414
10.6322
10.6246
10.6181
10.6113
10.6021
10.5929
10.5835
10.5778
10.5699
10.5634
10.5575
10.5487
10.543
10.535
10.5268
10.5182
10.5131
10.4978
10.492
10.4808
10.4674
10.4586
10.4415
10.4354
10.4222
10.4141
10.4047
10.3916
10.3821
10.3719
10.357
10.3516
10.3371
10.3282
10.3156
10.3059
10.2941
10.2823
10.2655
10.2517
10.2383
10.2276
10.2096
10.1922
10.1825
10.1693
10.1573
10.1422
10.132
10.114
10.093
10.0842
10.0672
10.058
10.044
10.0348
10.0139
10.003
9.99272
9.97477
9.95688
9.94156
9.93134
9.91901
9.90244
9.88328
9.86903
9.85178
9.84017
9.8213
9.80042
9.78459
9.75787
9.74653
9.72759
9.71425
9.70193
9.68895
9.67595
9.65675
9.65017
9.63335
9.61982
9.60903
9.59559
9.58285
9.5693
9.54572
9.53589
9.51728
9.49981
9.491
9.47028
9.44994
9.43301
9.42484
9.4048
9.38313
9.36414
9.34876
9.32837
9.31202
9.29372
9.28273
9.25867
9.24118
9.21159
9.20601
9.19054
9.17374
9.15875
9.13364
9.1204
9.10138
9.07796
9.0617
9.04613
9.03088
9.01033
8.98935
8.96931
8.95673
8.93856
8.91095
8.90208
8.88737
8.86807
8.84936
8.82649
8.80326
8.7905
8.76332
8.75162
8.72287
8.70461
8.69074
8.67794
8.66207
8.63971
8.61627
8.61627
8.60038
8.57814
8.56112
8.54591
8.53447
8.51802
8.50397
8.49277
8.47748
8.46052
8.44636
8.43003
8.42035
8.40345
8.39482
8.37762
8.3684
8.35187
8.34154
8.32531
8.31195
8.30042
8.28666
8.27329
8.25946
8.24811
8.2321
8.21669
8.20258
8.18935
8.17728
8.16679
8.15046
8.13565
8.12049
8.10543
8.08895
8.07742
8.05862
8.04875
8.03396
8.01972
8.00214
7.98832
7.97937
7.96657
7.94886
7.93328
7.92067
7.90026
7.88784
7.88189
7.86777
7.85557
7.83956
7.83178
7.81773
7.79923
7.79484
7.78145
7.77142
7.75658
7.73492
7.73333
7.71654
7.70625
7.6911
7.67339
7.66141
7.65237
7.63775
7.62706
7.61024
7.60226
7.58351
7.5707
7.55517
7.54025
7.52428
7.50723
7.49279
7.47196
7.4471
7.42731
7.40895
7.38854
7.36746
7.34436
7.32684
7.30516
7.28587
7.26699
7.24523
7.21616
7.2117
7.19367
7.17741
7.16304
7.14937
7.13495
7.11981
7.10249
7.08844
7.0729
7.03573
7.03573
7.02756
7.0128
6.99353
6.97878
6.9635
6.9481
6.92985
6.91347
6.89591
6.87329
6.85718
6.83132
6.81503
6.78626
6.76672
6.74369
6.72881
6.70605
6.68183
6.67361
6.65556
6.63923
6.61948
6.61127
6.58945
6.5711
6.56109
6.5506
6.53476
6.52023
6.50449
6.48579
6.46455
6.45202
6.43714
6.41963
6.40199
6.38799
6.36495
6.35078
6.33709
6.31944
6.30551
6.28672
6.27181
6.25993
6.23936
6.22535
6.20669
6.19119
6.17388
6.16338
6.15027
6.14166
6.12171
6.11477
6.10207
6.08726
6.07071
6.05638
6.04301
6.03193
6.01664
6.00074
5.9839
5.97246
5.95516
5.93572
5.92095
5.90763
5.89353
5.87532
5.85872
5.83877
5.8253
5.80039
5.78922
5.77437
5.7601
5.74436
5.73097
5.71169
5.69658
5.66965
5.65149
5.63155
5.62131
5.59864
5.58432
5.56876
5.55007
5.53693
5.52607
5.51524
5.48918
5.47521
5.46079
5.44726
5.42969
5.41601
5.39667
5.38599
5.36385
5.35242
5.33968
5.32516
5.31065
5.29326
5.27685
5.25945
5.24526
5.23494
5.2146
5.19815
5.18046
5.1662
5.14649
5.12766
5.11124
5.10057
5.07764
5.05552
5.04236
5.03101
5.00892
4.98597
4.96371
4.94251
4.92783
4.9092
4.88542
4.8672
4.84898
4.82999
4.8141
4.78628
4.77297
4.74476
4.73105
4.71999
4.69742
4.67611
4.65846
4.64121
4.62743
4.60527
4.59279
4.56881
4.54827
4.53133
4.5124
4.50595
4.48919
4.47331
4.45227
4.44348
4.42421
4.40697
4.39623
4.38611
4.36941
4.35694
4.34408
4.33295
4.32373
4.3133
4.30264
4.29297
4.28212
4.27326
4.26491
4.25544
4.24596
4.2372
4.22979
4.2197
4.2115
4.2028
4.19383
4.18309
4.17723
4.16459
4.15489
4.14582
4.13401
4.12928
4.1178
4.11067
4.09645
4.09024
4.08335
4.0712
4.06391
4.05656
4.04714
4.03816
4.02977
4.01764
4.006
3.99092
3.97791
3.96651
3.95431
3.94602
3.93159
3.92306
3.91321
3.90564
3.89641
3.88766
3.87866
3.87027
3.86011
3.84995
3.83423
3.82345
3.8107
3.80415
3.79177
3.78017
3.77201
3.75629
3.74736
3.73765
3.72647
3.71727
3.70663
3.69468
3.68198
3.66892
3.65295
3.64094
3.62653
3.61212
3.60367
3.59364
3.57128
3.56633
3.55041
3.54054
3.53014
3.51673
3.50499
3.49421
3.48415
3.47312
3.4678
3.45701
3.44364
3.43933
3.42737
3.41414
3.40689
3.39606
3.38005
3.37154
3.36422
3.3519
3.3467
3.33824
3.32676
3.31765
3.30119
3.29061
3.27313
3.26025
3.24146
3.22496
3.21156
3.20573
3.18976
3.17857
3.16622
3.15762
3.14337
3.12633
3.11887
3.10581
3.09464
3.08231
3.07473
3.06381
3.05696
3.04643
3.0336
3.0256
3.01662
3.0035
2.99387
2.98579
2.97434
2.96208
2.94817
2.93276
2.91781
2.90192
2.89198
2.87996
2.86586
2.85029
2.83923
2.82528
2.81634
2.8002
2.78902
2.77452
2.76022
2.74453
2.73078
2.71076
2.69895
2.68598
2.67111
2.65879
2.64328
2.63111
2.6169
2.60064
2.58952
2.57893
2.56638
2.55283
2.53705
2.52158
2.50824
2.49415
2.47999
2.46484
2.44839
2.43554
2.42491
2.40697
2.39383
2.38509
2.37235
2.36207
2.34963
2.33901
2.32504
2.31443
2.29635
2.28413
2.2731
2.26469
2.25123
2.24196
2.22969
2.21621
2.21192
2.20039
2.19211
2.18129
2.1676
2.15635
2.14547
2.13416
2.12402
2.11535
2.10426
2.093
2.07722
2.06739
2.05535
2.03549
2.03351
2.01654
1.99167
1.98746
1.96929
1.95446
1.93288
1.92717
1.90754
1.8976
1.88556
1.87171
1.86313
1.85045
1.83583
1.82726
1.81017
1.80177
1.78629
1.77405
1.76418
1.74968
1.73733
1.72418
1.71377
1.69862
1.68626
1.67271
1.66226
1.64993
1.63889
1.62548
1.61438
1.60396
1.58339
1.57731
1.56881
1.55961
1.5524
1.53891
1.5262
1.51767
1.50612
1.49
1.47893
1.47006
1.45864
1.44754
1.43304
1.42497
1.41066
1.40043
1.38788
1.37877
1.35948
1.34658
1.32807
1.32345
1.30207
1.28876
1.27678
1.26366
1.24571
1.23517
1.20966
1.2053
1.18877
1.17186
1.16168
1.1381
1.11528
1.09899
1.08098
1.06521
1.05102
1.03906
1.02188
1.01185
0.997763
0.984498
0.973986
0.961208
0.951143
0.937388
0.925595
0.91664
0.906135
0.895399
0.883724
0.877206
0.86694
0.858438
0.849408
0.841861
0.831789
0.822571
0.816273
0.808594
0.802023
0.791788
0.782063
0.775442
0.766263
0.760349
0.752798
0.746307
0.737197
0.730536
0.722034
0.718304
0.709852
0.702575
0.694376
0.687396
0.678754
0.669424
0.665331
0.656865
0.650928
0.643357
0.635444
0.627681
0.621029
0.614742
0.606858
0.600041
0.591875
0.581156
0.577987
0.569191
0.562359
0.556754
0.55062
0.546403
0.541249
0.535152
0.528776
0.52253
0.516682
0.513145
0.509293
0.503421
0.498526
0.495338
0.490624
0.487825
0.484238
0.478538
0.47554
0.471537
0.467462
0.463263
0.460527
0.457337
0.454267
0.450398
0.446175
0.443525
0.440889
0.436623
0.432803
0.429837
0.427182
0.423869
0.418587
0.418543
0.414059
0.411799
0.408627
0.405717
0.402163
0.400062
0.393754
0.391965
0.386939
0.384334
0.381155
0.378125
0.373578
0.370755
0.368575
0.363556
0.360259
0.358354
0.354481
0.351508
0.347926
0.344548
0.34134
0.338868
0.335649
0.331954
0.328685
0.325867
0.322086
0.319652
0.31727
0.314613
0.311471
0.310418
0.30778
0.305876
0.303244
0.30184
0.300013
0.296864
0.295598
0.293907
0.292149
0.290434
0.288013
0.285895
0.284821
0.281809
0.280116
0.27867
0.276651
0.274603
0.273104
0.271147
0.269858
0.267057
0.265148
0.263696
0.261781
0.260152
0.257678
0.256202
0.254979
0.25253
0.251421
0.249771
0.246959
0.245886
0.244249
0.242934
0.240848
0.240005
0.238543
0.237109
0.236251
0.23498
0.233996
0.23326
0.23153
0.230783
0.230089
0.229234
0.228322
0.227564
0.226623
0.225286
0.224178
0.223119
0.221961
0.220551
0.21943
0.218453
0.217115
0.215949
0.214911
0.213862
0.21274
0.211664
0.210701
0.209631
0.208495
0.207518
0.206576
0.205579
0.204336
0.203568
0.202088
0.200256
0.199416
0.198188
0.196488
0.194813
0.191716
0.191226
0.189821
0.18867
0.187048
0.185678
0.183877
0.183613
0.182084
0.180736
0.179496
0.178695
0.177313
0.176584
0.175577
0.174731
0.173745
0.172525
0.172349
0.171908
0.170794
0.170222
0.169202
0.168311
0.167775
0.16714
0.166064
0.164487
0.163864
0.162464
0.161706
0.160744
0.1596
0.15843
0.157529
0.156152
0.155383
0.1536
0.15257
0.151626
0.149934
0.148538
0.148157
0.146762
0.14489
0.144037
0.142945
0.141901
0.140649
0.140501
0.139052
0.138204
0.136616
0.136168
0.135025
0.133605
0.133443
0.13248
0.131094
0.130423
0.129392
0.128831
0.127493
0.126758
0.125926
0.124999
0.124086
0.122879
0.121731
0.120396
0.1195
0.118524
0.117977
0.117122
0.116241
0.115585
0.114853
0.114067
0.113591
0.112809
0.112451
0.111916
0.111089
0.110819
0.110006
0.109411
0.108846
0.108182
0.107411
0.106724
0.105931
0.10518
0.104457
0.103885
0.102978
0.101943
0.101532
0.101012
0.100141
0.0994502
0.0987726
0.0980115
0.0973897
0.0967394
0.0962048
0.0956082
0.095055
0.094493
0.0941834
0.0936331
0.0932077
0.0927202
0.0924447
0.0918731
0.0915547
0.091057
0.0906398
0.090137
0.0897404
0.0893322
0.0887979
0.0885755
0.088137
0.0875335
0.0872721
0.0866642
0.086343
0.0860592
0.08566
0.0851708
0.0849196
0.0844814
0.0842851
0.0840277
0.083712
0.083345
0.0832677
0.0829728
0.0826725
0.0823028
0.0821089
0.0818039
0.0815259
0.081162
0.0809509
0.0805808
0.0803282
0.0800304
0.0797183
0.0792567
0.0791203
0.078656
0.0784337
0.0780672
0.0777795
0.0775618
0.0771488
0.0767281
0.0763905
0.0759504
0.0755975
0.074968
0.074614
0.07436
0.0738579
0.0734875
0.0732171
0.0728504
0.0725369
0.0720417
0.0717626
0.0714267
0.0711663
0.0708741
0.0705629
0.0703108
0.0699812
0.0697636
0.0695819
0.0691504
0.0688724
0.0682971
0.0679433
0.0676942
0.0669709
0.066773
0.0662852
0.0658671
0.0656003
0.0652699
0.0650504
0.0647171
0.0642153
0.064097
0.0638926
0.0635436
0.0630753
0.0630325
0.0627618
0.0625144
0.0621639
0.0618228
0.0616782
0.0612731
0.0610732
0.0607851
0.0606083
0.0603153
0.059982
0.0597726
0.0594406
0.0591718
0.0589226
0.0586747
0.0583596
0.057985
0.0578027
0.0576118
0.0572685
0.0571359
0.0568079
0.0566017
0.0563911
0.056156
0.0560124
0.0557208
0.0555248
0.0553084
0.0551347
0.054923
0.0547544
0.0545311
0.054347
0.0541271
0.0539001
0.0535822
0.0534027
0.0531847
0.0529239
0.0526847
0.0523449
0.0521778
0.0519183
0.0516688
0.0514492
0.051285
0.0511461
0.0509577
0.050754
0.0505893
0.050465
0.050288
0.0500055
0.0498907
0.0497652
0.049583
0.0494106
0.0492035
0.0490498
0.0489009
0.0487332
0.0485827
0.0484649
0.0483408
0.0482097
0.0480687
0.0480687
0.0480687
0.0480687
0.0480687
0.0480687
0.0480687
0.0480687
0.0480687
0.0480687
0.0480687
0.0480687
0.0480687
0.0480687
0.0480687
0.0480687
0.0480687
0.0480687
0.0480687
0.0480687
0.0480687
0.0480687
0.0480687
0.0480687
0.0480687
0.0480687
0.0480687
0.0480687
0.0480687
0.0480687
0.0480687
0.0480687
0.0480687
0.0480687
0.0480687
0.0480687
0.0480687
0.0480687
0.0480687
0.0480687
0.0480687
0.0480687
0.0480687
0.0480687
0.0480687
0.0480687
0.0480687
0.0480687
0.0480687
0.0480687
0.0480687
0.0480687
0.0480687
0.0480687
0.0480687
0.0480687
0.0480687
0.0480687
0.0480687
0.0480687
0.0480687
0.0480687
0.0480687
0.0480687
0.0480687
0.0480687
0.0480687
0.0480687
0.0480687
0.0480687
0.0480687
0.0480687
0.0480687
0.0480687
0.0480687
0.0480687
0.0480687
0.0480687
0.0480687
0.0480687
0.0480687
0.0480687
0.0480687
0.0480687
0.0480687
0.0480687
0.0480687
0.0480687
0.0480687
0.0480687
0.0480687
0.0480687
0.0480687
0.0480687
0.0480687
0.0480687
0.0480687
0.0480687
0.0480687
0.0480687
0.0480687
0.0480687
0.0480687
0.0480687
0.0480687
0.0480687
0.0480687
0.0480687
0.0480687
0.0480687
0.0480687
0.0480687
0.0480687
0.0480687
0.0480687
0.0480687
0.0480687
0.0480687
0.0480687
0.0480687
0.0480687
0.0480687
0.0480687
0.0480687
0.0480687
0.0480687
0.0480687
0.0480687
0.0480687
0.0480687
0.0480687
0.0480687
0.0480687
0.0480687
0.0480687
0.0480687
0.0480687
0.0480687
0.0480687
0.0480687
0.0480687
0.0480687
0.0480687
0.0480687
0.0480687
0.0480687
0.0480687
0.0480687
0.0480687
0.0480687
0.0480687
0.0480687
0.0480687
0.0480687
0.0480687
0.0480687
0.0480687
0.0480687
0.0480687
0.0480687
0.0480687
0.0480687
0.0480687
0.0480687
0.0480687
0.0480687
0.0480687
0.0480687
0.0480687
0.0480687
0.0480687
0.0480687
0.0480687
0.0480687
0.0480687
0.0480687
0.0480687
0.0480687
0.0480687
0.0480687
0.0480687
0.0480687
0.0480687
0.0480687
0.0480687
0.0480687
0.0480687
0.0480687
0.0480687
0.0480687
0.0480687
0.0480687
0.0480687
0.0480687
0.0480687
0.0480687
0.0480687
0.0480687
0.0480687
0.0480687
0.0480687
0.0480687
0.0480687
0.0480687
0.0480687
0.0480687
0.0480687
0.0480687
0.0480687
0.0480687
0.0480687
0.0480687
0.0480687
0.0480687
0.0480687
0.0480687
0.0480687
0.0480687
0.0480687
0.0480687
0.0480687
0.0480687
0.0480687
0.0480687
0.0480687
0.0480687
0.0480687
0.0480687
0.0480687
0.0480687
0.0480687
0.0480687
0.0480687
0.0480687
0.0480687
0.0480687
0.0480687
0.0480687
0.0480687
0.0480687
0.0480687
0.0480687
0.0480687
0.0480687
0.0480687
0.0480687
0.0480687
0.0480687
0.0480687
0.0480687
0.0480687
0.0480687
0.0480687
0.0480687
0.0480687
0.0480687
0.0480687
0.0480687
0.0480687
0.0480687
0.0480687
0.0480687
0.0480687
0.0480687
0.0480687
0.0480687
0.0480687
0.0480687
0.0480687
0.0480687
0.0480687
0.0480687
0.0480687
0.0480687
0.0480687
0.0480687
0.0480687
0.0480687
0.0480687
0.0480687
0.0480687
0.0480687
0.0480687
0.0480687
0.0480687
0.0480687
0.0480687
0.0480687
0.0480687
0.0480687
0.0480687
0.0480687
0.0480687
0.0480687
0.0480687
0.0480687
0.0480687
0.0480687
0.0480687
0.0480687
0.0480687
0.0480687
0.0480687
0.0480687
0.0480687
0.0480687
0.0480687
0.0480687
0.0480687
0.0480687
0.0480687
0.0480687
0.0480687
0.0480687
0.0480687
0.0480687
0.0480687
0.0480687
0.0480687
0.0480687
0.0480687
0.0480687
0.0480687
0.0480687
0.0480687
0.0480687
0.0480687
0.0480687
0.0480687
0.0480687
0.0480687
0.0480687
0.0480687
0.0480687
0.0480687
0.0480687
0.0480687
0.0480687
0.0480687
0.0480687
0.0480687
0.0480687
0.0480687
0.0480687
0.0480687
0.0480687
0.0480687
0.0480687
0.0480687
0.0480687
0.0480687
0.0480687
0.0480687
0.0480687
0.0480687
0.0480687
0.0480687
0.0480687
0.0480687
0.0480687
0.0480687
0.0480687
0.0480687
0.0480687
0.0480687
0.0480687
0.0480687
0.0480687
0.0480687
0.0480687
0.0480687
0.0480687
0.0480687
0.0480687
0.0480687
0.0480687
0.0480687
0.0480687
0.0480687
0.0480687
0.0480687
0.0480687
0.0480687
0.0480687
0.0480687
0.0480687
0.0480687
0.0480687
0.0480687
0.0480687
0.0480687
0.0480687
0.0480687
0.0480687
0.0480687
0.0480687
0.0480687
0.0480687
0.0480687
0.0480687
0.0480687
0.0480687
0.0480687
0.0480687
0.0480687
0.0480687
0.0480687
0.0480687
0.0480687
0.0480687
0.0480687
0.0480687
0.0480687
0.0480687
0.0480687
0.0480687
0.0480687
0.0480687
0.0480687
0.0480687
0.0480687
0.0480687
0.0480687
0.0480687
0.0480687
0.0480687
0.0480687
0.0480687
0.0480687
0.0480687
0.0480687
0.0480687
0.0480687
0.0480687
0.0480687
0.0480687
0.0480687
0.0480687
0.0480687
0.0480687
0.0480687
0.0480687
0.0480687
0.0480687
0.0480687
0.0480687
0.0480687
0.0480687
0.0480687
0.0480687
0.0480687
0.0480687
0.0480687
0.0480687
0.0480687
0.0480687
0.0480687
0.0480687
0.0480687
0.0480687
0.0480687
0.0480687
0.0480687
0.0480687
0.0480687
0.0480687
0.0480687
0.0480687
0.0480687
0.0480687
0.0480687
0.0480687
0.0480687
0.0480687
0.0480687
0.0480687
0.0480687
0.0480687
0.0480687
0.0480687
0.0480687
0.0480687
0.0480687
0.0480687
0.0480687
0.0480687
0.0480687
0.0480687
0.0480687
0.0480687
0.0480687
0.0480687
0.0480687
0.0480687
0.0480687
0.0480687
0.0480687
0.0480687
0.0480687
0.0480687
0.0480687
0.0480687
0.0480687
0.0480687
0.0480687
0.0480687
0.0480687
0.0480687
0.0480687
0.0480687
0.0480687
0.0480687
0.0480687
0.0480687
0.0480687
0.0480687
0.0480687
0.0480687
0.0480687
0.0480687
0.0480687
0.0480687
0.0480687
0.0480687
0.0480687
0.0480687
0.0480687
0.0480687
0.0480687
0.0480687
0.0480687
0.0480687
0.0480687
0.0480687
0.0480687
0.0480687
0.0480687
0.0480687
0.0480687
0.0480687
0.0480687
0.0480687
0.0480687
0.0480687
0.0480687
0.0480687
0.0480687
0.0480687
0.0480687
0.0480687
0.0480687
0.0480687
0.0480687
0.0480687
0.0480687
0.0480687
0.0480687
0.0480687
0.0480687
0.0480687
0.0480687
0.0480687
0.0480687
0.0480687
0.0480687
0.0480687
0.0480687
0.0480687
0.0480687
0.0480687
0.0480687
0.0480687
0.0480687
0.0480687
0.0480687
0.0480687
0.0480687
0.0480687
0.0480687
0.0480687
0.0480687
0.0480687
0.0480687
0.0480687
0.0480687
0.0480687
0.0480687
0.0480687
0.0480687
0.0480687
0.0480687
0.0480687
0.0480687
0.0480687
0.0480687
0.0480687
0.0480687
0.0480687
0.0480687
0.0480687
0.0480687
0.0480687
0.0480687
0.0480687
0.0480687
0.0480687
0.0480687
0.0480687
0.0480687
0.0480687
0.0480687
0.0480687
0.0480687
0.0480687
0.0480687
0.0480687
0.0480687
0.0480687
0.0480687
0.0480687
0.0480687
0.0480687
0.0480687
0.0480687
0.0480687
0.0480687
0.0480687
0.0480687
0.0480687
0.0480687
0.0480687
0.0480687
0.0480687
0.0480687
0.0480687
0.0480687
0.0480687
0.0480687
0.0480687
0.0480687
0.0480687
0.0480687
0.0480687
0.0480687
0.0480687
0.0480687
0.0480687
0.0480687
0.0480687
0.0480687
0.0480687
0.0480687
0.0480687
0.0480687
0.0480687
0.0480687
0.0480687
0.0480687
0.0480687
0.0480687
0.0480687
0.0480687
0.0480687
0.0480687
0.0480687
0.0480687
0.0480687
0.0480687
0.0480687
0.0480687
0.0480687
0.0480687
0.0480687
0.0480687
0.0480687
0.0480687
0.0480687
0.0480687
0.0480687
0.0480687
0.0480687
0.0480687
0.0480687
0.0480687
0.0480687
0.0480687
0.0480687
0.0480687
0.0480687
0.0480687
0.0480687
0.0480687
0.0480687
0.0480687
0.0480687
0.0480687
0.0480687
0.0480687
0.0480687
0.0480687
0.0480687
0.0480687
0.0480687
0.0480687
0.0480687
0.0480687
0.0480687
0.0480687
0.0480687
0.0480687
0.0480687
0.0480687
0.0480687
0.0480687
0.0480687
0.0480687
0.0480687
0.0480687
0.0480687
0.0480687
0.0480687
0.0480687
0.0480687
0.0480687
0.0480687
0.0480687
0.0480687
0.0480687
0.0480687
0.0480687
0.0480687
0.0480687
0.0480687
0.0480687
0.0480687
0.0480687
0.0480687
0.0480687
0.0480687
0.0480687
0.0480687
0.0480687
0.0480687
0.0480687
0.0480687
0.0480687
0.0480687
0.0480687
0.0480687
0.0480687
0.0480687
0.0480687
0.0480687
0.0480687
0.0480687
0.0480687
0.0480687
0.0480687
0.0480687
0.0480687
0.0480687
0.0480687
0.0480687
0.0480687
0.0480687
0.0480687
0.0480687
0.0480687
0.0480687
0.0480687
0.0480687
0.0480687
0.0480687
0.0480687
0.0480687
0.0480687
0.0480687
0.0480687
0.0480687
0.0480687
0.0480687
0.0480687
0.0480687
0.0480687
0.0480687
0.0480687
0.0480687
0.0480687
0.0480687
0.0480687
0.0480687
0.0480687
0.0480687
0.0480687
0.0480687
0.0480687
0.0480687
0.0480687
0.0480687
0.0480687
0.0480687
0.0480687
0.0480687
0.0480687
0.0480687
0.0480687
0.0480687
0.0480687
0.0480687
0.0480687
0.0480687
0.0480687
0.0480687
0.0480687
0.0480687
0.0480687
0.0480687
0.0480687
0.0480687
0.0480687
0.0480687
0.0480687
0.0480687
0.0480687
0.0480687
0.0480687
0.0480687
0.0480687
0.0480687
0.0480687
0.0480687
0.0480687
0.0480687
0.0480687
0.0480687
0.0480687
0.0480687
0.0480687
0.0480687
0.0480687
0.0480687
0.0480687
0.0480687
0.0480687
0.0480687
0.0480687
0.0480687
0.0480687
0.0480687
0.0480687
0.0480687
0.0480687
0.0480687
0.0480687
0.0480687
0.0480687
0.0480687
0.0480687
0.0480687
0.0480687
0.0480687
0.0480687
0.0480687
0.0480687
0.0480687
0.0480687
0.0480687
0.0480687
0.0480687
0.0480687
0.0480687
0.0480687
0.0480687
0.0480687
0.0480687
0.0480687
0.0480687
0.0480687
0.0480687
0.0480687
0.0480687
0.0480687
0.0480687
0.0480687
0.0480687
0.0480687
0.0480687
0.0480687
0.0480687
0.0480687
0.0480687
0.0480687
0.0480687
0.0480687
0.0480687
0.0480687
0.0480687
0.0480687
0.0480687
0.0480687
0.0480687
0.0480687
0.0480687
0.0480687
0.0480687
0.0480687
0.0480687
0.0480687
0.0480687
0.0480687
0.0480687
0.0480687
0.0480687
0.0480687
0.0480687
0.0480687
0.0480687
0.0480687
0.0480687
0.0480687
0.0480687
0.0480687
0.0480687
0.0480687
0.0480687
0.0480687
0.0480687
0.0480687
0.0480687
0.0480687
0.0480687
0.0480687
0.0480687
0.0480687
0.0480687
0.0480687
0.0480687
0.0480687
0.0480687
0.0480687
0.0480687
0.0480687
0.0480687
0.0480687
0.0480687
0.0480687
0.0480687
0.0480687
0.0480687
0.0480687
0.0480687
0.0480687
0.0480687
0.0480687
0.0480687
0.0480687
0.0480687
0.0480687
0.0480687
0.0480687
0.0480687
0.0480687
0.0480687
0.0480687
0.0480687
0.0480687
0.0480687
0.0480687
0.0480687
0.0480687
0.0480687
0.0480687
0.0480687
0.0480687
0.0480687
0.0480687
0.0480687
0.0480687
0.0480687
0.0480687
0.0480687
0.0480687
0.0480687
0.0480687
0.0480687
0.0480687
0.0480687
0.0480687
0.0480687
0.0480687
0.0480687
0.0480687
0.0480687
0.0480687
0.0480687
0.0480687
0.0480687
0.0480687
0.0480687
0.0480687
0.0480687
0.0480687
0.0480687
0.0480687
0.0480687
0.0480687
0.0480687
0.0480687
0.0480687
0.0480687
0.0480687
0.0480687
0.0480687
0.0480687
0.0480687
0.0480687
0.0480687
0.0480687
0.0480687
0.0480687
0.0480687
0.0480687
0.0480687
0.0480687
0.0480687
0.0480687
0.0480687
0.0480687
0.0480687
0.0480687
0.0480687
0.0480687
0.0480687
0.0480687
0.0480687
0.0480687
0.0480687
0.0480687
0.0480687
0.0480687
0.0480687
0.0480687
0.0480687
0.0480687
0.0480687
0.0480687
0.0480687
0.0480687
0.0480687
0.0480687
0.0480687
0.0480687
0.0480687
0.0480687
0.0480687
0.0480687
0.0480687
0.0480687
0.0480687
0.0480687
0.0480687
0.0480687
0.0480687
0.0480687
0.0480687
0.0480687
0.0480687
0.0480687
0.0480687
0.0480687
0.0480687
0.0480687
0.0480687
0.0480687
0.0480687
0.0480687
0.0480687
0.0480687
0.0480687
0.0480687
0.0480687
0.0480687
0.0480687
0.0480687
0.0480687
0.0480687
0.0480687
0.0480687
0.0480687
0.0480687
0.0480687
0.0480687
0.0480687
0.0480687
0.0480687
0.0480687
0.0480687
0.0480687
0.0480687
0.0480687
0.0480687
0.0480687
0.0480687
0.0480687
0.0480687
0.0480687
0.0480687
0.0480687
0.0480687
0.0480687
0.0480687
0.0480687
0.0480687
0.0480687
0.0480687
0.0480687
0.0480687
0.0480687
0.0480687
0.0480687
0.0480687
0.0480687
0.0480687
0.0480687
0.0480687
0.0480687
0.0480687
0.0480687
0.0480687
0.0480687
0.0480687
0.0480687
0.0480687
0.0480687
0.0480687
0.0480687
0.0480687
0.0480687
0.0480687
0.0480687
0.0480687
0.0480687
0.0480687
0.0480687
0.0480687
0.0480687
0.0480687
0.0480687
0.0480687
0.0480687
0.0480687
0.0480687
0.0480687
0.0480687
0.0480687
0.0480687
0.0480687
0.0480687
0.0480687
0.0480687
0.0480687
0.0480687
0.0480687
0.0480687
0.0480687
0.0480687
0.0480687
0.0480687
0.0480687
0.0480687
0.0480687
0.0480687
0.0480687
0.0480687
0.0480687
0.0480687
0.0480687
0.0480687
0.0480687
0.0480687
0.0480687
0.0480687
0.0480687
0.0480687
0.0480687
0.0480687
0.0480687
0.0480687
0.0480687
0.0480687
0.0480687
0.0480687
0.0480687
0.0480687
0.0480687
0.0480687
0.0480687
0.0480687
0.0480687
0.0480687
0.0480687
0.0480687
0.0480687
0.0480687
0.0480687
0.0480687
0.0480687
0.0480687
0.0480687
0.0480687
0.0480687
0.0480687
0.0480687
0.0480687
0.0480687
0.0480687
0.0480687
0.0480687
0.0480687
0.0480687
0.0480687
0.0480687
0.0480687
0.0480687
0.0480687
0.0480687
0.0480687
0.047737
0.0475214
0.0471155
0.0468769
0.0465501
0.0462823
0.045972
0.0457563
0.0454279
0.0451553
0.0448663
0.0447145
0.0443782
0.0441676
0.0439141
0.0437035
0.0434061
0.0431849
0.0429674
0.0427366
0.0424948
0.0422324
0.0420069
0.0418304
0.0415844
0.0413141
0.0410947
0.0408386
0.0405424
0.040336
0.039976
0.0397022
0.039549
0.039296
0.0390941
0.0388287
0.0385155
0.0383254
0.038131
0.0378641
0.0376419
0.0373793
0.0370271
0.0367724
0.0365015
0.0362949
0.0360589
0.0358665
0.0356421
0.0353937
0.0351904
0.0350011
0.0348229
0.0346419
0.0343899
0.0342886
0.034124
0.034124
0.034124
0.034124
0.034124
0.034124
0.034124
0.034124
0.034124
0.034124
0.034124
0.034124
0.034124
0.034124
0.034124
0.034124
0.034124
0.034124
0.034124
0.034124
0.034124
0.034124
0.034124
0.034124
0.034124
0.034124
0.034124
0.034124
0.034124
0.034124
0.034124
0.034124
0.034124
0.034124
0.034124
0.034124
0.034124
0.034124
0.034124
0.034124
0.034124
0.034124
0.034124
0.034124
0.034124
0.034124
0.034124
0.034124
0.034124
0.034124
0.034124
0.034124
0.034124
0.034124
0.034124
0.034124
0.034124
0.034124
0.034124
0.034124
0.034124
0.034124
0.034124
0.034124
0.034124
0.034124
0.034124
0.034124
0.034124
0.034124
0.034124
0.034124
0.034124
0.034124
0.034124
0.034124
0.034124
0.034124
0.034124
0.034124
0.034124
0.034124
0.034124
0.034124
0.034124
0.034124
0.034124
0.034124
0.034124
0.034124
0.034124
0.034124
0.034124
0.034124
0.034124
0.034124
0.034124
0.034124
0.034124
0.034124
0.034124
0.034124
0.034124
0.034124
0.034124
0.034124
0.034124
0.034124
0.034124
0.034124
0.034124
0.034124
0.034124
0.034124
0.034124
0.034124
0.034124
0.034124
0.034124
0.034124
0.034124
0.034124
0.034124
0.034124
0.034124
0.034124
0.034124
0.034124
0.034124
0.034124
0.034124
0.034124
0.034124
0.034124
0.034124
0.034124
0.034124
0.034124
0.034124
0.034124
0.034124
0.034124
0.034124
0.034124
0.034124
0.034124
0.034124
0.034124
0.034124
0.034124
0.034124
0.034124
0.034124
0.034124
0.034124
0.034124
0.034124
0.034124
0.034124
0.034124
0.034124
0.034124
0.034124
0.034124
0.034124
0.034124
0.034124
0.034124
0.034124
0.034124
0.034124
0.034124
0.034124
0.034124
