2.64351e+10
1.83183e+10
4.79038e+09
4.03619e+09
7.26252e+08
3.87493e+08
2.9821e+08
2.9821e+08
2.9821e+08
2.9821e+08
2.9821e+08
2.9821e+08
1.53918e+08
1.53918e+08
1.36598e+08
1.36598e+08
1.23535e+08
5.07043e+07
3.28907e+07
1.01598e+07
7.07476e+06
7.07476e+06
7.07476e+06
6.05193e+06
5.22658e+06
5.22658e+06
2.82521e+06
2.68168e+06
1.47939e+06
827348
547842
547842
547842
454343
454343
454343
229212
229212
140896
63424.3
63424.3
57318.7
50510.8
31947.3
12682.1
12682.1
12682.1
12682.1
9280.62
5616.57
5616.57
5299.66
2151.18
1836.33
1587.38
1359.46
1008.75
881.63
559.331
559.331
478.258
478.258
478.258
478.258
363.104
363.104
363.104
363.104
363.104
363.104
363.104
363.104
363.104
363.104
363.104
363.104
363.104
363.104
344.918
344.918
235.508
235.508
235.508
235.508
235.508
222.813
186.816
174.243
174.243
148.09
138.747
131.691
110.995
94.9729
78.6591
61.0771
49.025
47.4926
39.6839
35.1471
25.1881
23.6178
22.7354
20.341
18.0243
17.6994
16.4275
16.2094
16.2094
15.5808
15.4301
15.4301
15.3099
15.3099
14.79
14.2797
14.0067
14.0067
13.7336
13.5911
13.3558
12.9818
12.8667
12.7512
12.7404
12.7366
12.6384
12.6025
12.5144
12.4669
12.4669
12.3601
12.3601
12.288
12.2669
12.2026
12.1626
12.1441
12.0853
12.0633
12.0401
12.0184
11.9975
11.9779
11.9419
11.934
11.9035
11.8903
11.8742
11.8624
11.8393
11.8258
11.8093
11.7822
11.7555
11.7439
11.7222
11.7048
11.6749
11.6523
11.6369
11.6061
11.5857
11.5536
11.5292
11.5172
11.4851
11.4686
11.4496
11.4261
11.4025
11.3841
11.3616
11.3363
11.3306
11.3009
11.288
11.2694
11.2422
11.2166
11.2092
11.1912
11.1764
11.1543
11.1354
11.1225
11.1011
11.0742
11.0577
11.0263
10.9931
10.9842
10.9604
10.9406
10.9189
10.9023
10.8931
10.8791
10.8694
10.8524
10.8393
10.8296
10.8152
10.8044
10.7883
10.7676
10.7498
10.7428
10.7284
10.7164
10.7024
10.6904
10.6786
10.6648
10.6527
10.6358
10.6164
10.605
10.5844
10.5711
10.5591
10.5422
10.5298
10.5066
10.4901
10.4746
10.4583
10.4353
10.4243
10.4083
10.3898
10.3766
10.3628
10.3447
10.3295
10.3106
10.2908
10.2745
10.2553
10.235
10.2177
10.1961
10.1794
10.1629
10.1357
10.1209
10.0981
10.084
10.0557
10.0358
10.0154
9.99121
9.97385
9.95287
9.93499
9.91387
9.89703
9.87203
9.85942
9.84159
9.82293
9.80428
9.78923
9.7765
9.75979
9.74556
9.72418
9.71458
9.6971
9.6816
9.66443
9.65493
9.6399
9.6262
9.59914
9.59097
9.57408
9.56749
9.55144
9.53434
9.51981
9.50597
9.48302
9.46411
9.44022
9.4185
9.39724
9.37987
9.36033
9.33667
9.31147
9.29114
9.27517
9.25866
9.24258
9.21643
9.20252
9.18529
9.17077
9.14918
9.12385
9.10354
9.08659
9.06389
9.04503
9.02446
9.01176
8.98951
8.97179
8.94784
8.93494
8.90983
8.89551
8.87886
8.85888
8.84371
8.83226
8.81736
8.80414
8.79018
8.77342
8.76441
8.7501
8.73374
8.72184
8.70685
8.6945
8.67669
8.66332
8.6528
8.64175
8.62844
8.61677
8.60519
8.59203
8.58009
8.56638
8.55491
8.5414
8.53144
8.51588
8.50523
8.4943
8.48044
8.47213
8.45905
8.44414
8.43927
8.42662
8.41706
8.4001
8.39146
8.38115
8.36895
8.3526
8.34168
8.33016
8.31311
8.30043
8.28545
8.2735
8.26065
8.25321
8.23766
8.21808
8.21102
8.1888
8.18149
8.16531
8.15641
8.14232
8.13068
8.10366
8.102
8.08027
8.06198
8.04707
8.03665
8.01919
8.00914
7.9951
7.98152
7.96383
7.95251
7.94332
7.92995
7.91922
7.90925
7.89237
7.88477
7.87468
7.86278
7.85383
7.84147
7.8292
7.82016
7.81227
7.80166
7.79284
7.78112
7.7747
7.76272
7.75371
7.74817
7.74096
7.73264
7.72312
7.71485
7.70848
7.69808
7.69209
7.68296
7.67562
7.66604
7.66016
7.64545
7.63789
7.63054
7.61454
7.60407
7.59438
7.58284
7.56767
7.55852
7.54541
7.53295
7.52205
7.51112
7.49769
7.48699
7.47749
7.466
7.45692
7.44636
7.43596
7.42582
7.41118
7.40559
7.39479
7.38504
7.37265
7.36259
7.35431
7.34299
7.33477
7.32781
7.31531
7.30231
7.29459
7.28387
7.26826
7.26299
7.2492
7.24236
7.22549
7.22191
7.21206
7.20349
7.19115
7.1817
7.16762
7.16048
7.15114
7.13684
7.12403
7.11639
7.10241
7.0912
7.0738
7.06565
7.05499
7.03967
7.03609
7.02575
7.0157
7.00378
6.98837
6.98325
6.97383
6.96527
6.94963
6.9446
6.93096
6.92282
6.91439
6.90369
6.89434
6.88346
6.87086
6.8589
6.84982
6.84104
6.8307
6.81803
6.81155
6.79981
6.78445
6.77225
6.75623
6.74484
6.73359
6.72032
6.70602
6.69276
6.68165
6.66902
6.65658
6.64574
6.63314
6.6205
6.59158
6.58628
6.55932
6.54767
6.53015
6.50852
6.49722
6.48475
6.46875
6.45389
6.44352
6.43069
6.42022
6.40383
6.39679
6.38009
6.37169
6.35757
6.34887
6.33391
6.32272
6.31352
6.30398
6.29063
6.27753
6.26291
6.25199
6.23773
6.22443
6.20837
6.18764
6.17508
6.15799
6.13992
6.12538
6.10819
6.09296
6.07318
6.06373
6.0496
6.03036
6.01724
6.00118
5.99192
5.97729
5.96735
5.95681
5.94581
5.93403
5.9273
5.91638
5.906
5.89588
5.88298
5.8734
5.86479
5.85441
5.84721
5.83858
5.82865
5.81694
5.80946
5.79721
5.78665
5.77959
5.7672
5.75557
5.74179
5.73444
5.7217
5.71217
5.70123
5.69416
5.68063
5.67219
5.65949
5.6551
5.64606
5.63125
5.62211
5.61071
5.60288
5.59333
5.57619
5.57437
5.56414
5.55627
5.55068
5.54352
5.53303
5.52712
5.51873
5.50556
5.49328
5.48543
5.47734
5.46383
5.45266
5.4388
5.42857
5.42004
5.41063
5.40059
5.39025
5.37751
5.36401
5.35764
5.34157
5.33219
5.31687
5.30644
5.29653
5.28304
5.2694
5.25541
5.24201
5.23357
5.22326
5.21233
5.20222
5.18724
5.17915
5.16003
5.15213
5.1388
5.12696
5.11413
5.09614
5.08369
5.07377
5.05922
5.03695
5.03084
5.01713
5.00618
4.99344
4.97642
4.96307
4.9494
4.93188
4.92289
4.91058
4.89474
4.88518
4.87331
4.85686
4.84144
4.82765
4.81391
4.80294
4.78877
4.77672
4.76779
4.75543
4.7433
4.73094
4.71513
4.70279
4.68892
4.67199
4.65829
4.64567
4.63161
4.61664
4.60018
4.58049
4.56278
4.55413
4.52962
4.5176
4.49658
4.47936
4.45811
4.44383
4.41968
4.39921
4.38051
4.35576
4.32721
4.31029
4.29697
4.28047
4.25357
4.2427
4.21442
4.1943
4.17016
4.1471
4.13563
4.11705
4.10086
4.08091
4.06646
4.04611
4.03178
4.01967
4.00595
3.98301
3.97115
3.95521
3.93928
3.92099
3.8951
3.88109
3.87265
3.85502
3.83086
3.82463
3.80778
3.79008
3.767
3.73948
3.72794
3.70644
3.68163
3.67126
3.65551
3.63756
3.61575
3.60199
3.58414
3.56403
3.55174
3.53992
3.5263
3.51129
3.48993
3.48312
3.4714
3.45918
3.4454
3.43201
3.41855
3.40957
3.3944
3.38248
3.36984
3.3577
3.34001
3.32345
3.31049
3.29765
3.2721
3.26475
3.24786
3.23506
3.22057
3.20925
3.19798
3.18261
3.17249
3.15255
3.1432
3.12841
3.11859
3.10074
3.08769
3.07308
3.05852
3.04407
3.02432
3.00784
2.9919
2.96677
2.95554
2.93839
2.91651
2.90528
2.88535
2.86988
2.84063
2.82605
2.81459
2.80115
2.78685
2.76629
2.74326
2.7339
2.71708
2.69991
2.68864
2.66751
2.66056
2.64446
2.63044
2.61318
2.59893
2.58653
2.57585
2.5597
2.5483
2.53452
2.51827
2.50685
2.48955
2.47658
2.46788
2.45551
2.43861
2.42899
2.41328
2.39792
2.38286
2.37045
2.35805
2.34729
2.33687
2.32738
2.31802
2.31126
2.3035
2.29723
2.29111
2.28383
2.27629
2.27014
2.26603
2.25823
2.25325
2.24561
2.2378
2.23519
2.22874
2.22167
2.21484
2.20745
2.2029
2.19521
2.18814
2.17978
2.17153
2.16085
2.15405
2.14407
2.13885
2.12743
2.1174
2.10741
2.09817
2.09094
2.08001
2.07127
2.06266
2.0523
2.0455
2.03431
2.03019
2.02069
2.01325
2.00482
1.996
1.9879
1.98069
1.97372
1.96394
1.95817
1.9527
1.94273
1.93361
1.92309
1.91377
1.90339
1.89814
1.89142
1.88098
1.87015
1.86712
1.85919
1.853
1.84349
1.83689
1.83204
1.82718
1.81744
1.81345
1.80604
1.80038
1.79354
1.78703
1.78148
1.77528
1.77024
1.76396
1.75901
1.75436
1.74856
1.74111
1.73383
1.73002
1.72282
1.7179
1.71107
1.70585
1.70336
1.69624
1.69247
1.68772
1.68091
1.67407
1.67032
1.66568
1.66113
1.6547
1.6511
1.64707
1.64168
1.63694
1.63071
1.62718
1.62142
1.61762
1.61185
1.60883
1.6046
1.59913
1.59605
1.59136
1.58423
1.58169
1.57735
1.56968
1.56373
1.56188
1.55746
1.55234
1.54378
1.53891
1.53184
1.52476
1.51939
1.51511
1.50925
1.50148
1.49164
1.48638
1.47973
1.47356
1.46814
1.46244
1.45097
1.44727
1.43802
1.42972
1.41787
1.40825
1.39919
1.38933
1.37641
1.36974
1.35745
1.34344
1.33391
1.31952
1.31494
1.30595
1.2976
1.2865
1.27605
1.26437
1.25681
1.24678
1.23437
1.22495
1.21469
1.20406
1.19334
1.18624
1.1775
1.168
1.15624
1.15145
1.14363
1.13742
1.12744
1.11371
1.11121
1.09764
1.08863
1.08276
1.06959
1.0648
1.05525
1.04931
1.04339
1.03521
1.0292
1.02073
1.01819
1.01026
1.00563
1.00097
0.994781
0.989271
0.98318
0.973909
0.97262
0.965648
0.960863
0.953842
0.94909
0.943223
0.936666
0.930815
0.923219
0.915483
0.90813
0.901647
0.897129
0.888629
0.883604
0.877602
0.870982
0.864191
0.857048
0.851055
0.844402
0.840314
0.832152
0.825298
0.821877
0.815633
0.809563
0.804197
0.79683
0.788158
0.776437
0.769114
0.762126
0.756241
0.745635
0.738833
0.732532
0.723457
0.717273
0.711948
0.702779
0.696737
0.691211
0.683819
0.676119
0.670549
0.664661
0.655676
0.652144
0.646152
0.641029
0.637311
0.633324
0.630369
0.626712
0.622264
0.617312
0.61503
0.611113
0.60668
0.604816
0.601302
0.598063
0.595713
0.593589
0.591408
0.588609
0.587304
0.585002
0.582879
0.580151
0.576847
0.574952
0.572261
0.5694
0.566076
0.565003
0.561664
0.557744
0.554132
0.550344
0.545915
0.541665
0.538073
0.534087
0.529558
0.526439
0.522998
0.51905
0.516473
0.513361
0.510756
0.507369
0.50516
0.502523
0.500046
0.497282
0.494114
0.49232
0.489814
0.487013
0.484037
0.481058
0.479459
0.477306
0.475003
0.471561
0.469624
0.466669
0.464572
0.462047
0.460188
0.458306
0.45646
0.454064
0.452036
0.450045
0.448095
0.446474
0.444849
0.442827
0.441033
0.438849
0.436892
0.435239
0.433262
0.43134
0.429035
0.427476
0.42543
0.42468
0.423354
0.421548
0.419019
0.418013
0.416241
0.414809
0.413306
0.410688
0.408815
0.407109
0.40648
0.403806
0.402459
0.399075
0.399075
0.397517
0.395285
0.393563
0.391725
0.389873
0.387919
0.386681
0.384314
0.381924
0.380102
0.377393
0.374902
0.373135
0.371259
0.368569
0.366501
0.363768
0.361848
0.35863
0.357685
0.355358
0.352368
0.350474
0.34954
0.346457
0.346076
0.343298
0.341677
0.339472
0.337572
0.335798
0.333631
0.331177
0.327976
0.327045
0.323355
0.322145
0.320716
0.318039
0.315129
0.312884
0.310572
0.307315
0.305303
0.303755
0.301763
0.29961
0.297052
0.295547
0.29461
0.292948
0.291169
0.289741
0.288503
0.287302
0.285115
0.283615
0.281146
0.279847
0.277956
0.276749
0.275296
0.273437
0.272382
0.271077
0.269772
0.268337
0.266364
0.265409
0.263773
0.262815
0.261747
0.260484
0.259573
0.258752
0.257703
0.25678
0.256003
0.254654
0.253752
0.252737
0.251543
0.250883
0.249215
0.248431
0.246922
0.245603
0.244286
0.24383
0.242379
0.241098
0.239883
0.238199
0.237431
0.23613
0.235065
0.23371
0.232385
0.231441
0.23017
0.229099
0.227626
0.226968
0.225671
0.22495
0.223699
0.222657
0.221283
0.21957
0.218681
0.21791
0.216732
0.215238
0.21398
0.212817
0.211442
0.210004
0.208855
0.208034
0.206652
0.205858
0.205151
0.204112
0.203572
0.202808
0.20213
0.201492
0.200995
0.199806
0.199355
0.198779
0.197919
0.1977
0.197195
0.196544
0.195984
0.195093
0.194549
0.193988
0.19341
0.192962
0.192491
0.191914
0.191431
0.190809
0.190414
0.190074
0.189493
0.189184
0.188771
0.187922
0.18767
0.186826
0.186143
0.185767
0.18539
0.184398
0.183776
0.183309
0.18271
0.182064
0.181441
0.180824
0.180084
0.179385
0.178749
0.177947
0.177129
0.17643
0.175737
0.174983
0.174158
0.173222
0.172782
0.171851
0.171
0.170369
0.169557
0.168809
0.168121
0.167458
0.166936
0.166326
0.165634
0.165038
0.164676
0.164135
0.163639
0.162957
0.162309
0.161801
0.161416
0.160693
0.160293
0.159496
0.159242
0.158598
0.157958
0.157544
0.156847
0.15616
0.155752
0.155097
0.154421
0.153778
0.15298
0.152526
0.151661
0.150746
0.149313
0.148961
0.148205
0.147415
0.146575
0.145846
0.145109
0.144102
0.143444
0.142837
0.142046
0.14124
0.140724
0.140024
0.139345
0.138835
0.138142
0.137447
0.136967
0.136346
0.13572
0.135096
0.134307
0.133877
0.133128
0.132809
0.132201
0.131475
0.130865
0.130181
0.129788
0.129234
0.128686
0.128184
0.127578
0.127058
0.12667
0.126173
0.125669
0.125174
0.124678
0.124202
0.123814
0.123282
0.122673
0.122014
0.121564
0.120818
0.120139
0.119756
0.119217
0.118617
0.117698
0.11735
0.116505
0.115886
0.115318
0.114624
0.11417
0.113557
0.112722
0.111792
0.111404
0.111049
0.110605
0.110033
0.109497
0.10887
0.108484
0.107895
0.107218
0.106724
0.106267
0.105913
0.105577
0.105014
0.104611
0.104164
0.10378
0.103287
0.1029
0.10258
0.102304
0.101916
0.10146
0.10118
0.100668
0.100255
0.0999542
0.099503
0.0991887
0.0987828
0.0983629
0.0980275
0.0976542
0.0972341
0.096993
0.0965734
0.096234
0.0959057
0.0955274
0.0952211
0.0948892
0.094691
0.0943672
0.0941574
0.0938371
0.0936184
0.0933047
0.0931437
0.0929167
0.0927354
0.0924824
0.0922216
0.092055
0.0918798
0.0917106
0.091558
0.0912717
0.0911046
0.090931
0.0906194
0.0904414
0.0901799
0.0898713
0.0897336
0.0895074
0.0892197
0.0889638
0.0887792
0.0885572
0.0882749
0.0880978
0.0878575
0.0877169
0.0875014
0.0872743
0.0871002
0.0869098
0.0867041
0.0865294
0.0865294
0.0865294
0.0865294
0.0865294
0.0865294
0.0865294
0.0865294
0.0865294
0.0865294
0.0865294
0.0865294
0.0865294
0.0865294
0.0865294
0.0865294
0.0865294
0.0865294
0.0865294
0.0865294
0.0865294
0.0865294
0.0865294
0.0865294
0.0865294
0.0865294
0.0865294
0.0865294
0.0865294
0.0865294
0.0865294
0.0865294
0.0865294
0.0865294
0.0865294
0.0865294
0.0865294
0.0865294
0.0865294
0.0865294
0.0865294
0.0865294
0.0865294
0.0865294
0.0865294
0.0865294
0.0865294
0.0865294
0.0865294
0.0865294
0.0865294
0.0865294
0.0865294
0.0865294
0.0865294
0.0865294
0.0865294
0.0865294
0.0865294
0.0865294
0.0865294
0.0865294
0.0865294
0.0865294
0.0865294
0.0865294
0.0865294
0.0865294
0.0865294
0.0865294
0.0865294
0.0865294
0.0865294
0.0865294
0.0865294
0.0865294
0.0865294
0.0865294
0.0865294
0.0865294
0.0865294
0.0865294
0.0865294
0.0865294
0.0865294
0.0865294
0.0865294
0.0865294
0.0865294
0.0865294
0.0865294
0.0865294
0.0865294
0.0865294
0.0865294
0.0865294
0.0865294
0.0865294
0.0865294
0.0865294
0.0865294
0.0865294
0.0865294
0.0865294
0.0865294
0.0865294
0.0865294
0.0865294
0.0865294
0.0865294
0.0865294
0.0865294
0.0865294
0.0865294
0.0865294
0.0865294
0.0865294
0.0865294
0.0865294
0.0865294
0.0865294
0.0865294
0.0865294
0.0865294
0.0865294
0.0865294
0.0865294
0.0865294
0.0865294
0.0865294
0.0865294
0.0865294
0.0865294
0.0865294
0.0865294
0.0865294
0.0865294
0.0865294
0.0865294
0.0865294
0.0865294
0.0865294
0.0865294
0.0865294
0.0865294
0.0865294
0.0865294
0.0865294
0.0865294
0.0865294
0.0865294
0.0865294
0.0865294
0.0865294
0.0865294
0.0865294
0.0865294
0.0865294
0.0865294
0.0865294
0.0865294
0.0865294
0.0865294
0.0865294
0.0865294
0.0865294
0.0865294
0.0865294
0.0865294
0.0865294
0.0865294
0.0865294
0.0865294
0.0865294
0.0865294
0.0865294
0.0865294
0.0865294
0.0865294
0.0865294
0.0865294
0.0865294
0.0865294
0.0865294
0.0865294
0.0865294
0.0865294
0.0865294
0.0865294
0.0865294
0.0865294
0.0865294
0.0865294
0.0865294
0.0865294
0.0865294
0.0865294
0.0865294
0.0865294
0.0865294
0.0865294
0.0865294
0.0865294
0.0865294
0.0865294
0.0865294
0.0865294
0.0865294
0.0865294
0.0865294
0.0865294
0.0865294
0.0865294
0.0865294
0.0865294
0.0865294
0.0865294
0.0865294
0.0865294
0.0865294
0.0865294
0.0865294
0.0865294
0.0865294
0.0865294
0.0865294
0.0865294
0.0865294
0.0865294
0.0865294
0.0865294
0.0865294
0.0865294
0.0865294
0.0865294
0.0865294
0.0865294
0.0865294
0.0865294
0.0865294
0.0865294
0.0865294
0.0865294
0.0865294
0.0865294
0.0865294
0.0865294
0.0865294
0.0865294
0.0865294
0.0865294
0.0865294
0.0865294
0.0865294
0.0865294
0.0865294
0.0865294
0.0865294
0.0865294
0.0865294
0.0865294
0.0865294
0.0865294
0.0865294
0.0865294
0.0865294
0.0865294
0.0865294
0.0865294
0.0865294
0.0865294
0.0865294
0.0865294
0.0865294
0.0865294
0.0865294
0.0865294
0.0865294
0.0865294
0.0865294
0.0865294
0.0865294
0.0865294
0.0865294
0.0865294
0.0865294
0.0865294
0.0865294
0.0865294
0.0865294
0.0865294
0.0865294
0.0865294
0.0865294
0.0865294
0.0865294
0.0865294
0.0865294
0.0865294
0.0865294
0.0865294
0.0865294
0.0865294
0.0865294
0.0865294
0.0865294
0.0865294
0.0865294
0.0865294
0.0865294
0.0865294
0.0865294
0.0865294
0.0865294
0.0865294
0.0865294
0.0865294
0.0865294
0.0865294
0.0865294
0.0865294
0.0865294
0.0865294
0.0865294
0.0865294
0.0865294
0.0865294
0.0865294
0.0865294
0.0865294
0.0865294
0.0865294
0.0865294
0.0865294
0.0865294
0.0865294
0.0865294
0.0865294
0.0865294
0.0865294
0.0865294
0.0865294
0.0865294
0.0865294
0.0865294
0.0865294
0.0865294
0.0865294
0.0865294
0.0865294
0.0865294
0.0865294
0.0865294
0.0865294
0.0865294
0.0865294
0.0865294
0.0865294
0.0865294
0.0865294
0.0865294
0.0865294
0.0865294
0.0865294
0.0865294
0.0865294
0.0865294
0.0865294
0.0865294
0.0865294
0.0865294
0.0865294
0.0865294
0.0865294
0.0865294
0.0865294
0.0865294
0.0865294
0.0865294
0.0865294
0.0865294
0.0865294
0.0865294
0.0865294
0.0865294
0.0865294
0.0865294
0.0865294
0.0865294
0.0865294
0.0865294
0.0865294
0.0865294
0.0865294
0.0865294
0.0865294
0.0865294
0.0865294
0.0865294
0.0865294
0.0865294
0.0865294
0.0865294
0.0865294
0.0865294
0.0865294
0.0865294
0.0865294
0.0865294
0.0865294
0.0865294
0.0865294
0.0865294
0.0865294
0.0865294
0.0865294
0.0865294
0.0865294
0.0865294
0.0865294
0.0865294
0.0865294
0.0865294
0.0865294
0.0865294
0.0865294
0.0865294
0.0865294
0.0865294
0.0865294
0.0865294
0.0865294
0.0865294
0.0865294
0.0865294
0.0865294
0.0865294
0.0865294
0.0865294
0.0865294
0.0865294
0.0865294
0.0865294
0.0865294
0.0865294
0.0865294
0.0865294
0.0865294
0.0865294
0.0865294
0.0865294
0.0865294
0.0865294
0.0865294
0.0865294
0.0865294
0.0865294
0.0865294
0.0865294
0.0865294
0.0865294
0.0865294
0.0865294
0.0865294
0.0865294
0.0865294
0.0865294
0.0865294
0.0865294
0.0865294
0.0865294
0.0865294
0.0865294
0.0865294
0.0865294
0.0865294
0.0865294
0.0865294
0.0865294
0.0865294
0.0865294
0.0865294
0.0865294
0.0865294
0.0865294
0.0865294
0.0865294
0.0865294
0.0865294
0.0865294
0.0865294
0.0865294
0.0865294
0.0865294
0.0865294
0.0865294
0.0865294
0.0865294
0.0865294
0.0865294
0.0865294
0.0865294
0.0865294
0.0865294
0.0865294
0.0865294
0.0865294
0.0865294
0.0865294
0.0865294
0.0865294
0.0865294
0.0865294
0.0865294
0.0865294
0.0865294
0.0865294
0.0865294
0.0865294
0.0865294
0.0865294
0.0865294
0.0865294
0.0865294
0.0865294
0.0865294
0.0865294
0.0865294
0.0865294
0.0865294
0.0865294
0.0865294
0.0865294
0.0865294
0.0865294
0.0865294
0.0865294
0.0865294
0.0865294
0.0865294
0.0865294
0.0865294
0.0865294
0.0865294
0.0865294
0.0865294
0.0865294
0.0865294
0.0865294
0.0865294
0.0865294
0.0865294
0.0865294
0.0865294
0.0865294
0.0865294
0.0865294
0.0865294
0.0865294
0.0865294
0.0865294
0.0865294
0.0865294
0.0865294
0.0865294
0.0865294
0.0865294
0.0865294
0.0865294
0.0865294
0.0865294
0.0865294
0.0865294
0.0865294
0.0865294
0.0865294
0.0865294
0.0865294
0.0865294
0.0865294
0.0865294
0.0865294
0.0865294
0.0865294
0.0865294
0.0865294
0.0865294
0.0865294
0.0865294
0.0865294
0.0865294
0.0865294
0.0865294
0.0865294
0.0865294
0.0865294
0.0865294
0.0865294
0.0865294
0.0865294
0.0865294
0.0865294
0.0865294
0.0865294
0.0865294
0.0865294
0.0865294
0.0865294
0.0865294
0.0865294
0.0865294
0.0865294
0.0865294
0.0865294
0.0865294
0.0865294
0.0865294
0.0865294
0.0865294
0.0865294
0.0865294
0.0865294
0.0865294
0.0865294
0.0865294
0.0865294
0.0865294
0.0865294
0.0865294
0.0865294
0.0865294
0.0865294
0.0865294
0.0865294
0.0865294
0.0865294
0.0865294
0.0865294
0.0865294
0.0865294
0.0865294
0.0865294
0.0865294
0.0865294
0.0865294
0.0865294
0.0865294
0.0865294
0.0865294
0.0865294
0.0865294
0.0865294
0.0865294
0.0865294
0.0865294
0.0865294
0.0865294
0.0865294
0.0865294
0.0865294
0.0865294
0.0865294
0.0865294
0.0865294
0.0865294
0.0865294
0.0865294
0.0865294
0.0865294
0.0865294
0.0865294
0.0865294
0.0865294
0.0865294
0.0865294
0.0865294
0.0865294
0.0865294
0.0865294
0.0865294
0.0865294
0.0865294
0.0865294
0.0865294
0.0865294
0.0865294
0.0865294
0.0865294
0.0865294
0.0865294
0.0865294
0.0865294
0.0865294
0.0865294
0.0865294
0.0865294
0.0865294
0.0865294
0.0865294
0.0865294
0.0865294
0.0865294
0.0865294
0.0865294
0.0865294
0.0865294
0.0865294
0.0865294
0.0865294
0.0865294
0.0865294
0.0865294
0.0865294
0.0865294
0.0865294
0.0865294
0.0865294
0.0865294
0.0865294
0.0865294
0.0865294
0.0865294
0.0865294
0.0865294
0.0865294
0.0865294
0.0865294
0.0865294
0.0865294
0.0865294
0.0865294
0.0865294
0.0865294
0.0865294
0.0865294
0.0865294
0.0865294
0.0865294
0.0865294
0.0865294
0.0865294
0.0865294
0.0865294
0.0865294
0.0865294
0.0865294
0.0865294
0.0865294
0.0865294
0.0865294
0.0865294
0.0865294
0.0865294
0.0865294
0.0865294
0.0865294
0.0865294
0.0865294
0.0865294
0.0865294
0.0865294
0.0865294
0.0865294
0.0865294
0.0865294
0.0865294
0.0865294
0.0865294
0.0865294
0.0865294
0.0865294
0.0865294
0.0865294
0.0865294
0.0865294
0.0865294
0.0865294
0.0865294
0.0865294
0.0865294
0.0865294
0.0865294
0.0865294
0.0865294
0.0865294
0.0865294
0.0865294
0.0865294
0.0865294
0.0865294
0.0865294
0.0865294
0.0865294
0.0865294
0.0865294
0.0865294
0.0865294
0.0865294
0.0865294
0.0865294
0.0865294
0.0865294
0.0865294
0.0865294
0.0865294
0.0865294
0.0865294
0.0865294
0.0865294
0.0865294
0.0865294
0.0865294
0.0865294
0.0865294
0.0865294
0.0865294
0.0865294
0.0865294
0.0865294
0.0865294
0.0865294
0.0865294
0.0865294
0.0865294
0.0865294
0.0865294
0.0865294
0.0865294
0.0865294
0.0865294
0.0865294
0.0865294
0.0865294
0.0865294
0.0865294
0.0865294
0.0865294
0.0865294
0.0865294
0.0865294
0.0865294
0.0865294
0.0865294
0.0865294
0.0865294
0.0865294
0.0865294
0.0865294
0.0865294
0.0865294
0.0865294
0.0865294
0.0865294
0.0865294
0.0865294
0.0865294
0.0865294
0.0865294
0.0865294
0.0865294
0.0865294
0.0865294
0.0865294
0.0865294
0.0865294
0.0865294
0.0865294
0.0865294
0.0865294
0.0865294
0.0865294
0.0865294
0.0865294
0.0865294
0.0865294
0.0865294
0.0865294
0.0865294
0.0865294
0.0865294
0.0865294
0.0865294
0.0865294
0.0865294
0.0865294
0.0865294
0.0865294
0.0865294
0.0865294
0.0865294
0.0865294
0.0865294
0.0865294
0.0865294
0.0865294
0.0865294
0.0865294
0.0865294
0.0865294
0.0865294
0.0865294
0.0865294
0.0865294
0.0865294
0.0865294
0.0865294
0.0865294
0.0865294
0.0865294
0.0865294
0.0865294
0.0865294
0.0865294
0.0865294
0.0865294
0.0865294
0.0865294
0.0865294
0.0865294
0.0865294
0.0865294
0.0865294
0.0865294
0.0865294
0.0865294
0.0865294
0.0865294
0.0865294
0.0865294
0.0865294
0.0865294
0.0865294
0.0865294
0.0865294
0.0865294
0.0865294
0.0865294
0.0865294
0.0865294
0.0865294
0.0865294
0.0865294
0.0865294
0.0865294
0.0865294
0.0865294
0.0865294
0.0865294
0.0865294
0.0865294
0.0865294
0.0865294
0.0865294
0.0865294
0.0865294
0.0865294
0.0865294
0.0865294
0.0865294
0.0865294
0.0865294
0.0865294
0.0865294
0.0865294
0.0865294
0.0865294
0.0865294
0.0865294
0.0865294
0.0865294
0.0865294
0.0865294
0.0865294
0.0865294
0.0865294
0.0865294
0.0865294
0.0865294
0.0865294
0.0865294
0.0865294
0.0865294
0.0865294
0.0865294
0.0865294
0.0865294
0.0865294
0.0865294
0.0865294
0.0865294
0.0865294
0.0865294
0.0865294
0.0865294
0.0865294
0.0865294
0.0865294
0.0865294
0.0865294
0.0865294
0.0865294
0.0865294
0.0865294
0.0865294
0.0865294
0.0865294
0.0865294
0.0865294
0.0865294
0.0865294
0.0865294
0.0865294
0.0865294
0.0865294
0.0865294
0.0865294
0.0865294
0.0865294
0.0865294
0.0865294
0.0865294
0.0865294
0.0865294
0.0865294
0.0865294
0.0865294
0.0865294
0.0865294
0.0865294
0.0865294
0.0865294
0.0865294
0.0865294
0.0865294
0.0865294
0.0865294
0.0865294
0.0865294
0.0865294
0.0865294
0.0865294
0.0865294
0.0865294
0.0865294
0.0865294
0.0865294
0.0865294
0.0865294
0.0865294
0.0865294
0.0865294
0.0865294
0.0865294
0.0865294
0.0865294
0.0865294
0.0865294
0.0865294
0.0865294
0.0865294
0.0865294
0.0865294
0.0865294
0.0865294
0.0865294
0.0865294
0.0865294
0.0865294
0.0865294
0.0865294
0.0865294
0.0865294
0.0865294
0.0865294
0.0865294
0.0865294
0.0865294
0.0865294
0.0865294
0.0865294
0.0865294
0.0865294
0.0865294
0.0865294
0.0865294
0.0865294
0.0865294
0.0865294
0.0865294
0.0865294
0.0865294
0.0865294
0.0865294
0.0865294
0.0865294
0.0865294
0.0865294
0.0865294
0.0865294
0.0865294
0.0865294
0.0865294
0.0865294
0.0865294
0.0865294
0.0865294
0.0865294
0.0865294
0.0865294
0.0865294
0.0865294
0.0865294
0.0865294
0.0865294
0.0865294
0.0865294
0.0865294
0.0865294
0.0865294
0.0865294
0.0865294
0.0865294
0.0865294
0.0865294
0.0865294
0.0865294
0.0865294
0.0865294
0.0865294
0.0865294
0.0865294
0.0865294
0.0865294
0.0865294
0.0865294
0.0865294
0.0865294
0.0865294
0.0865294
0.0865294
0.0865294
0.0865294
0.0865294
0.0865294
0.0865294
0.0865294
0.0865294
0.0865294
0.0865294
0.0865294
0.0865294
0.0865294
0.0865294
0.0865294
0.0865294
0.0865294
0.0865294
0.0865294
0.0865294
0.0865294
0.0865294
0.0865294
0.0865294
0.0865294
0.0865294
0.0865294
0.0865294
0.0865294
0.0865294
0.0865294
0.0865294
0.0865294
0.0865294
0.0865294
0.0865294
0.0865294
0.0865294
0.0865294
0.0865294
0.0865294
0.0865294
0.0865294
0.0865294
0.0865294
0.0865294
0.0865294
0.0865294
0.0865294
0.0865294
0.0865294
0.0865294
0.0865294
0.0865294
0.0864969
0.0861377
0.0857411
0.0853305
0.0849884
0.084407
0.0840601
0.0837428
0.083259
0.0828857
0.082624
0.0822962
0.0818732
0.0815005
0.0809824
0.0806725
0.0803543
0.080015
0.0795833
0.0791894
0.0787804
0.0784341
0.0780945
0.0776697
0.077292
0.0767538
0.0764156
0.0760268
0.0757332
0.0753851
0.0749781
0.0745691
0.0741103
0.0739223
0.0734439
0.0732084
0.0728999
0.0725833
0.0722853
0.071756
0.0714469
0.0712379
0.0709015
0.0705746
0.0702984
0.070052
0.0696652
0.0694139
0.069083
0.0687603
0.0683417
0.068121
0.0678294
0.0675218
0.0670071
0.0665943
0.0662232
0.0658919
0.0655753
0.065221
0.0649139
0.0645774
0.0641727
0.0638465
0.0635778
0.0633034
0.0629522
0.0627262
0.0623188
0.062126
0.061758
0.061519
0.0610984
0.060831
0.0602668
0.0600638
0.0598365
0.0594244
0.0589624
0.0587975
0.0585321
0.0581481
0.0578291
0.0575868
0.0572287
0.0569171
0.0563024
0.0562032
0.0557938
0.0554841
0.0551384
0.054846
0.0544051
0.0541767
0.0538539
0.0535727
0.0531676
0.0530024
0.0526489
0.0524382
0.0521003
0.0517576
0.051508
0.0512667
0.050959
0.0508156
0.0505261
0.0503528
0.0500478
0.049949
0.0497055
0.0494962
0.0492355
0.0491673
0.0489643
0.0487998
0.0485604
0.0483581
0.0481118
0.0479212
0.0477247
0.0475163
0.0473027
0.047172
0.0469185
0.0467177
0.0465609
0.046336
0.0461578
0.0459453
0.0457362
0.0455363
0.0453176
0.0451217
0.0449429
0.0447334
0.0445578
0.0443476
0.0442015
0.0439233
0.0437584
0.0435829
0.0433076
0.0431111
0.0429257
0.0425962
0.0425082
0.0422834
0.0420559
0.041848
0.0416699
0.0414563
0.0412874
0.0410695
0.0408877
0.0406923
0.0403704
0.0403294
0.0401123
0.0399147
0.0397307
0.0395257
0.0394033
0.0392258
0.0389972
0.038863
0.0386926
0.0385224
0.0383701
0.0381875
0.0379945
0.0378428
0.0375172
0.0374765
0.0372672
0.0370943
0.0369456
0.0367713
0.0366044
0.0363741
0.0361926
0.0359816
0.0358232
0.0356915
0.0355237
0.035209
0.0351342
0.0348615
0.0346937
0.0345959
0.0343613
0.0341952
0.0339462
0.0336761
0.0334694
0.0332173
0.0329944
0.0328086
0.0325677
0.0323297
0.0320849
0.0319199
0.0316453
0.0313348
0.0311596
0.03089
0.0306232
0.0304299
0.0301488
0.029804
0.0296612
0.0294417
0.0291729
0.0289656
0.0286565
0.0284509
0.0281362
0.0279055
0.027773
0.0275301
0.0273244
0.0271781
0.0270137
0.0267963
0.0266103
0.0264419
0.0262516
0.0261194
0.0259116
0.0258229
0.0256631
0.0254341
0.0251878
0.0251011
0.0249046
0.0247328
0.0245938
0.0244493
0.0242302
0.0241206
0.023994
0.023884
0.023884
0.023884
0.023884
0.023884
0.023884
0.023884
0.023884
0.023884
0.023884
0.023884
0.023884
0.023884
0.023884
0.023884
0.023884
0.023884
0.023884
0.023884
0.023884
0.023884
0.023884
0.023884
0.023884
0.023884
0.023884
0.023884
0.023884
0.023884
0.023884
0.023884
0.023884
0.023884
0.023884
0.023884
0.023884
0.023884
0.023884
0.023884
0.023884
0.023884
0.023884
0.023884
