195486
140033
4130.43
4130.43
4130.43
4130.43
4067.34
1649.73
1533.61
1533.61
1533.61
1034.56
446.757
156.841
71.5285
65.6521
45.7643
26.283
26.283
23.9024
17.6347
17.6347
7.24534
7.24534
7.24534
7.24534
6.56816
3.86836
3.86836
3.86836
3.40936
2.93702
2.93702
2.93702
2.93702
2.93702
2.93702
2.93702
2.93702
2.93702
2.93702
2.93702
2.93702
2.93702
2.93702
2.93702
2.93702
2.93702
2.93702
2.93702
2.93702
2.93702
2.93702
2.93702
2.93702
2.90641
2.85533
2.84188
2.81953
2.78185
2.76806
2.7253
2.67291
2.64499
2.61849
2.55086
2.53597
2.50426
2.45688
2.43256
2.39432
2.37441
2.34453
2.31277
2.27044
2.23993
2.19705
2.14678
2.09769
2.07475
2.05444
2.02086
1.99565
1.96473
1.93742
1.91359
1.89129
1.8776
1.85295
1.81862
1.79854
1.76708
1.74298
1.70014
1.69445
1.66852
1.64973
1.62696
1.60289
1.57398
1.56486
1.53326
1.50698
1.48538
1.4723
1.41944
1.41944
1.40192
1.35939
1.35061
1.32544
1.30514
1.29
1.27482
1.26281
1.23928
1.23132
1.21527
1.20007
1.18198
1.1718
1.1417
1.13529
1.12382
1.10304
1.0938
1.07989
1.05625
1.04901
1.02763
1.00697
0.989607
0.973016
0.960289
0.952597
0.938604
0.93041
0.9223
0.91642
0.909138
0.897435
0.88937
0.880993
0.872989
0.862222
0.854815
0.847818
0.841799
0.83019
0.820936
0.815503
0.805066
0.791452
0.786398
0.775436
0.770651
0.759075
0.751705
0.743664
0.733151
0.729924
0.71673
0.711853
0.706043
0.697433
0.690607
0.681962
0.67671
0.667025
0.660628
0.650963
0.642978
0.634043
0.626304
0.616422
0.609993
0.604494
0.596958
0.589685
0.583698
0.576533
0.569997
0.563295
0.557887
0.55439
0.549466
0.545262
0.541026
0.538163
0.534639
0.530583
0.526897
0.524346
0.520145
0.516032
0.51085
0.509456
0.504992
0.501193
0.497773
0.493283
0.492074
0.487694
0.485843
0.482884
0.480722
0.477445
0.475891
0.47274
0.468837
0.468021
0.466193
0.462795
0.460002
0.457748
0.454445
0.452101
0.449369
0.447906
0.444182
0.44061
0.439061
0.43579
0.433069
0.428849
0.424291
0.422729
0.419274
0.414598
0.412732
0.408566
0.405514
0.400857
0.39762
0.393172
0.391443
0.38793
0.385818
0.38308
0.38237
0.379006
0.37546
0.373123
0.368426
0.368109
0.366134
0.364039
0.36235
0.3606
0.359221
0.356827
0.355108
0.351262
0.350301
0.347835
0.346928
0.344327
0.342771
0.340621
0.33842
0.336186
0.33395
0.332347
0.329405
0.327963
0.325253
0.322834
0.320495
0.317237
0.31371
0.313133
0.310874
0.306819
0.304599
0.301201
0.298712
0.295453
0.292901
0.290427
0.288625
0.285516
0.28307
0.280577
0.27802
0.272272
0.270339
0.268263
0.265655
0.26331
0.261789
0.260914
0.258575
0.256103
0.254694
0.252875
0.250437
0.248977
0.246214
0.244117
0.243105
0.240586
0.239725
0.235463
0.23505
0.232703
0.231294
0.228761
0.22561
0.222708
0.221167
0.218516
0.216921
0.214816
0.213642
0.211424
0.209811
0.208433
0.207558
0.206331
0.205304
0.20419
0.203545
0.202594
0.201966
0.200834
0.200243
0.198938
0.197596
0.197155
0.19608
0.195602
0.194733
0.193964
0.193432
0.193048
0.192775
0.192223
0.191998
0.191873
0.191761
0.191496
0.191167
0.190675
0.190574
0.190188
0.189665
0.189418
0.18911
0.188866
0.188552
0.188271
0.188018
0.187724
0.18745
0.18702
0.18675
0.186411
0.18592
0.184753
0.18447
0.18336
0.183034
0.18223
0.180425
0.179878
0.177885
0.177885
0.177347
0.175323
0.175294
0.173696
0.173293
0.172236
0.171534
0.170441
0.169503
0.168611
0.16734
0.165926
0.164535
0.163822
0.16286
0.161965
0.160818
0.159967
0.159423
0.158277
0.156985
0.155993
0.155155
0.154105
0.152549
0.152083
0.150566
0.14934
0.14832
0.146421
0.146212
0.145038
0.144169
0.143048
0.142296
0.141682
0.140731
0.140183
0.139104
0.13843
0.13788
0.137038
0.136078
0.135518
0.134721
0.13387
0.132284
0.132284
0.131479
0.130629
0.129967
0.129332
0.128303
0.127747
0.127229
0.126612
0.126145
0.125704
0.125127
0.124562
0.124033
0.123152
0.122603
0.122138
0.121789
0.121104
0.120275
0.119491
0.118769
0.117452
0.117353
0.116531
0.115762
0.114005
0.114005
0.114005
0.113725
0.112884
0.112674
0.112117
0.111614
0.111241
0.11088
0.110511
0.110127
0.109567
0.109319
0.108959
0.108518
0.108087
0.107688
0.107421
0.106181
0.106176
0.105897
0.105375
0.104574
0.10427
0.103587
0.103109
0.102589
0.102251
0.101751
0.101388
0.10113
0.100682
0.100356
0.100045
0.0997493
0.0988727
0.0986449
0.0981083
0.0975387
0.0968273
0.0965263
0.096224
0.0958754
0.0955781
0.0953657
0.0950501
0.0946895
0.094318
0.094029
0.0937083
0.0934191
0.0930634
0.0928216
0.092573
0.0918964
0.0918566
0.0914944
0.0909193
0.0904158
0.0900892
0.0896906
0.0892246
0.0888959
0.0884261
0.0879642
0.0876777
0.0873519
0.0868886
0.0864547
0.0864547
0.0861536
0.0859236
0.0857345
0.0855723
0.0853993
0.0851754
0.084958
0.0847032
0.0844452
0.0842728
0.0840351
0.0836001
0.0831719
0.0827965
0.0823979
0.0820604
0.0813499
0.0809776
0.0806462
0.0799431
0.0797839
0.0793766
0.0788934
0.0785842
0.0782085
0.0774386
0.0772132
0.0767097
0.0759966
0.0755832
0.0747698
0.07427
0.0735625
0.072767
0.0724669
0.0719821
0.0714167
0.0704036
0.0703484
0.069949
0.0695471
0.0692062
0.0689331
0.068587
0.0682768
0.0681585
0.0679292
0.0676855
0.0673183
0.0672473
0.0668873
0.0665647
0.0663319
0.0659737
0.0653277
0.0652169
0.0648778
0.0646674
0.0640479
0.0640193
0.0636016
0.0633574
0.0630301
0.062611
0.062214
0.0616431
0.0613377
0.0606795
0.0602183
0.0597671
0.0589656
0.0587998
0.0583699
0.0573651
0.0573651
0.0568248
0.0565932
0.056339
0.0559123
0.0558102
0.0553938
0.0552206
0.0548728
0.0546839
0.0545185
0.0542778
0.054117
0.0538751
0.0536541
0.0534877
0.0534877
0.053352
0.0532269
0.0529976
0.0527928
0.0526035
0.052437
0.0522781
0.0519848
0.0517227
0.0514999
0.0512848
0.0511017
0.0508176
0.0505406
0.0502648
0.0500715
0.0499674
0.0497979
0.0496329
0.0493246
0.0493246
0.0492276
0.0489194
0.0489194
0.0488156
0.0487207
0.0485243
0.0483292
0.0481641
0.048085
0.0479115
0.0477768
0.047645
0.0475392
0.0474861
0.0474115
0.0473202
0.0472242
0.0471516
0.0470338
0.0469667
0.0468285
0.0467433
0.0465616
0.0464733
0.0463901
0.0462819
0.0461328
0.0460489
0.0458976
0.0457418
0.045509
0.0453449
0.0451823
0.0448853
0.0447158
0.0444397
0.0440897
0.0437642
0.0435839
0.0433877
0.043121
0.0428989
0.0426885
0.0425579
0.0422991
0.0420972
0.0416414
0.0415487
0.0414191
0.0411737
0.0409943
0.0408098
0.0404227
0.0402738
0.0399876
0.0397951
0.0395505
0.0393274
0.0391304
0.0388536
0.0386815
0.038475
0.0382255
0.0379728
0.0377968
0.037577
0.0373295
0.037085
0.036958
0.0367904
0.0365845
0.0363404
0.0362957
0.0361728
0.035997
0.0358405
0.0357519
0.0356154
0.0354617
0.0353615
0.0351489
0.034972
0.0347943
0.0345709
0.0344057
0.0342612
0.0341306
0.0339046
0.0337622
0.0333553
0.0332895
0.0329345
0.032707
0.0325302
0.0322836
0.0320795
0.0318236
0.0316405
0.031468
0.0313107
0.0311084
0.0310043
0.0308627
0.0306971
0.0305432
0.0304094
0.0302545
0.0300537
0.0298332
0.029666
0.0294802
0.029212
0.0289428
0.0288899
0.0287683
0.0285784
0.0283225
0.0282567
0.028174
0.0278411
0.0278202
0.0276439
0.0274553
0.0273292
0.0271304
0.0269662
0.0268118
0.026668
0.0265284
0.0263967
0.0262388
0.0261226
0.0259762
0.0257941
0.0255286
0.0254189
0.0253007
0.0251209
0.0249661
0.0248613
0.0247266
0.0246281
0.0244567
0.0243391
0.0241729
0.0240838
0.0239913
0.0238588
0.0237434
0.0235792
0.023438
0.0232493
0.0232058
0.0230842
0.0229745
0.0228684
0.022726
0.022678
0.0225834
0.0224974
0.0223497
0.0222456
0.0221606
0.0220796
0.0220217
0.021968
0.0219253
0.0218062
0.021778
0.0217306
0.0216174
0.0214429
0.0212147
0.0209966
0.0209966
0.0208127
0.0206004
0.0204283
0.0203399
0.0201978
0.0199751
0.0198435
0.0197645
0.0197415
0.0196181
0.0195665
0.019463
0.0193408
0.019254
0.0191076
0.018932
0.018836
0.0187438
0.0185214
0.0184299
0.0183276
0.0182265
0.0180289
0.017984
0.017913
0.0177892
0.0177124
0.0176061
0.0175511
0.0174727
0.0173423
0.0173239
0.0172526
0.0171888
0.0171289
0.0170335
0.0169624
0.0169357
0.0168687
0.016768
0.0167136
0.0166694
0.0165502
0.0164453
0.0163879
0.0163257
0.0162608
0.0161814
0.016105
0.0160094
0.0159712
0.0159223
0.0158244
0.0157679
0.0157194
0.0156486
0.015592
0.0155522
0.0154807
0.0154335
0.0154114
0.0153314
0.0153201
0.0152829
0.0152489
0.0151367
0.0151345
0.0150489
0.0150116
0.0149106
0.0148977
0.0148492
0.0147254
0.0147096
0.0146742
0.0146287
0.0145792
0.0145036
0.0144419
0.0143372
0.0142516
0.0142027
0.0141257
0.0140396
0.0139854
0.0139291
0.0138681
0.0138249
0.0137304
0.0136254
0.0136008
0.0135351
0.013438
0.0133871
0.0132675
0.0131743
0.0131743
0.0130626
0.0129398
0.0128471
0.0127195
0.0126421
0.0125186
0.0123732
0.0123173
0.0122817
0.0122185
0.0121422
0.0120729
0.0120222
0.0119707
0.0119424
0.0119077
0.0118581
0.0117816
0.0117761
0.0117278
0.011704
0.0116576
0.0116126
0.0115499
0.0115292
0.0114944
0.0114568
0.011424
0.0114018
0.0113766
0.0113383
0.0113135
0.0113135
0.0113135
0.0113135
0.0113135
0.0113135
0.0113135
0.0113135
0.0113135
0.0113135
0.0113135
0.0113135
0.0113135
0.0113135
0.0113135
0.0113135
0.0113135
0.0113135
0.0113135
0.0113135
0.0113135
0.0113135
0.0113135
0.0113135
0.0113135
0.0113135
0.0113135
0.0113135
0.0113135
0.0113135
0.0113135
0.0113135
0.0113135
0.0113135
0.0113135
0.0113135
0.0113135
0.0113135
0.0113135
0.0113135
0.0113135
0.0113135
0.0113135
0.0113135
0.0113135
0.0113135
0.0113135
0.0113135
0.0113135
0.0113135
0.0113135
0.0113135
0.0113135
0.0113135
0.0113135
0.0113135
0.0113135
0.0113135
0.0113135
0.0113135
0.0113135
0.0113135
0.0113135
0.0113135
0.0113135
0.0113135
0.0113135
0.0113135
0.0113135
0.0113135
0.0113135
0.0113135
0.0113135
0.0113135
0.0113135
0.0113135
0.0113135
0.0113135
0.0113135
0.0113135
0.0113135
0.0113135
0.0113135
0.0113135
0.0113135
0.0113135
0.0113135
0.0113135
0.0113135
0.0113135
0.0113135
0.0113135
0.0113135
0.0113135
0.0113135
0.0113135
0.0113135
0.0113135
0.0113135
0.0113135
0.0113135
0.0113135
0.0113135
0.0113135
0.0113135
0.0113135
0.0113135
0.0113135
0.0113135
0.0113135
0.0113135
0.0113135
0.0113135
0.0113135
0.0113135
0.0113135
0.0113135
0.0113135
0.0113135
0.0113135
0.0113135
0.0113135
0.0113135
0.0113135
0.0113135
0.0113135
0.0113135
0.0113135
0.0113135
0.0113135
0.0113135
0.0113135
0.0113135
0.0113135
0.0113135
0.0113135
0.0113135
0.0113135
0.0113135
0.0113135
0.0113135
0.0113135
0.0113135
0.0113135
0.0113135
0.0113135
0.0113135
0.0113135
0.0113135
0.0113135
0.0113135
0.0113135
0.0113135
0.0113135
0.0113135
0.0113135
0.0113135
0.0113135
0.0113135
0.0113135
0.0113135
0.0113135
0.0113135
0.0113135
0.0113135
0.0113135
0.0113135
0.0113135
0.0113135
0.0113135
0.0113135
0.0113135
0.0113135
0.0113135
0.0113135
0.0113135
0.0113135
0.0113135
0.0113135
0.0113135
0.0113135
0.0113135
0.0113135
0.0113135
0.0113135
0.0113135
0.0113135
0.0113135
0.0113135
0.0113135
0.0113135
0.0113135
0.0113135
0.0113135
0.0113135
0.0113135
0.0113135
0.0113135
0.0113135
0.0113135
0.0113135
0.0113135
0.0113135
0.0113135
0.0113135
0.0113135
0.0113135
0.0113135
0.0113135
0.0113135
0.0113135
0.0113135
0.0113135
0.0113135
0.0113135
0.0113135
0.0113135
0.0113135
0.0113135
0.0113135
0.0113135
0.0113135
0.0113135
0.0113135
0.0113135
0.0113135
0.0113135
0.0113135
0.0113135
0.0113135
0.0113135
0.0113135
0.0113135
0.0113135
0.0113135
0.0113135
0.0113135
0.0113135
0.0113135
0.0113135
0.0113135
0.0113135
0.0113135
0.0113135
0.0113135
0.0113135
0.0113135
0.0113135
0.0113135
0.0113135
0.0113135
0.0113135
0.0113135
0.0113135
0.0113135
0.0113135
0.0113135
0.0113135
0.0113135
0.0113135
0.0113135
0.0113135
0.0113135
0.0113135
0.0113135
0.0113135
0.0113135
0.0113135
0.0113135
0.0113135
0.0113135
0.0113135
0.0113135
0.0113135
0.0113135
0.0113135
0.0113135
0.0113135
0.0113135
0.0113135
0.0113135
0.0113135
0.0113135
0.0113135
0.0113135
0.0113135
0.0113135
0.0113135
0.0113135
0.0113135
0.0113135
0.0113135
0.0113135
0.0113135
0.0113135
0.0113135
0.0113135
0.0113135
0.0113135
0.0113135
0.0113135
0.0113135
0.0113135
0.0113135
0.0113135
0.0113135
0.0113135
0.0113135
0.0113135
0.0113135
0.0113135
0.0113135
0.0113135
0.0113135
0.0113135
0.0113135
0.0113135
0.0113135
0.0113135
0.0113135
0.0113135
0.0113135
0.0113135
0.0113135
0.0113135
0.0113135
0.0113135
0.0113135
0.0113135
0.0113135
0.0113135
0.0113135
0.0113135
0.0113135
0.0113135
0.0113135
0.0113135
0.0113135
0.0113135
0.0113135
0.0113135
0.0113135
0.0113135
0.0113135
0.0113135
0.0113135
0.0113135
0.0113135
0.0113135
0.0113135
0.0113135
0.0113135
0.0113135
0.0113135
0.0113135
0.0113135
0.0113135
0.0113135
0.0113135
0.0113135
0.0113135
0.0113135
0.0113135
0.0113135
0.0113135
0.0113135
0.0113135
0.0113135
0.0113135
0.0113135
0.0113135
0.0113135
0.0113135
0.0113135
0.0113135
0.0113135
0.0113135
0.0113135
0.0113135
0.0113135
0.0113135
0.0113135
0.0113135
0.0113135
0.0113135
0.0113135
0.0113135
0.0113135
0.0113135
0.0113135
0.0113135
0.0113135
0.0113135
0.0113135
0.0113135
0.0113135
0.0113135
0.0113135
0.0113135
0.0113135
0.0113135
0.0113135
0.0113135
0.0113135
0.0113135
0.0113135
0.0113135
0.0113135
0.0113135
0.0113135
0.0113135
0.0113135
0.0113135
0.0113135
0.0113135
0.0113135
0.0113135
0.0113135
0.0113135
0.0113135
0.0113135
0.0113135
0.0113135
0.0113135
0.0113135
0.0113135
0.0113135
0.0113135
0.0113135
0.0113135
0.0113135
0.0113135
0.0113135
0.0113135
0.0113135
0.0113135
0.0113135
0.0113135
0.0113135
0.0113135
0.0113135
0.0113135
0.0113135
0.0113135
0.0113135
0.0113135
0.0113135
0.0113135
0.0113135
0.0113135
0.0113135
0.0113135
0.0113135
0.0113135
0.0113135
0.0113135
0.0113135
0.0113135
0.0113135
0.0113135
0.0113135
0.0113135
0.0113135
0.0113135
0.0113135
0.0113135
0.0113135
0.0113135
0.0113135
0.0113135
0.0113135
0.0113135
0.0113135
0.0113135
0.0113135
0.0113135
0.0113135
0.0113135
0.0113135
0.0113135
0.0113135
0.0113135
0.0113135
0.0113135
0.0113135
0.0113135
0.0113135
0.0113135
0.0113135
0.0113135
0.0113135
0.0113135
0.0113135
