7.26704e+09
1.99793e+09
8.73138e+08
1.35173e+08
451151
451151
451151
451151
451151
451151
451151
69415.5
69415.5
69415.5
69415.5
69415.5
17615.2
17615.2
17615.2
17615.2
17615.2
17615.2
17615.2
17615.2
17615.2
17615.2
17615.2
17615.2
17615.2
17615.2
17615.2
17615.2
17615.2
17615.2
17615.2
8015.28
8015.28
8015.28
8015.28
8015.28
4257.91
4257.91
4257.91
4257.91
4257.91
4257.91
4257.91
4257.91
4257.91
4257.91
4257.91
4257.91
4257.91
4257.91
4257.91
4257.91
4257.91
2008.91
991.295
991.295
991.295
272.344
272.344
272.344
272.344
117.673
117.673
117.673
113.639
105.974
105.974
105.974
105.974
105.974
105.974
105.974
105.974
105.974
105.974
105.974
105.974
105.974
105.974
100.731
88.9452
72.8465
72.8465
72.8465
69.8561
69.8561
67.8476
65.2311
58.4671
54.0197
45.9031
41.2466
31.7118
26.0512
20.7086
15.9032
10.2884
5.19181
4.08389
4.08389
4.08389
4.08389
4.08389
4.08389
4.08389
3.91188
3.91188
3.91188
3.74482
3.69896
3.69896
3.38159
3.38159
3.38159
3.38159
3.38159
3.34947
3.3287
3.22062
3.18681
3.08763
3.01945
2.9558
2.90675
2.84256
2.73725
2.6949
2.6394
2.56788
2.53838
2.53838
2.52167
2.49232
2.45158
2.43978
2.40634
2.37733
2.36205
2.32655
2.29701
2.28455
2.26283
2.22099
2.214
2.18724
2.16242
2.13975
2.11094
2.07362
2.07362
2.05028
2.04503
2.02939
2.01818
2.0077
2.00097
1.99012
1.98324
1.96949
1.95909
1.94322
1.93368
1.92282
1.90569
1.88774
1.87694
1.84166
1.8286
1.82325
1.82074
1.8106
1.80133
1.79176
1.78528
1.77056
1.77056
1.75731
1.7377
1.72287
1.71503
1.6954
1.69013
1.65677
1.65603
1.65236
1.63854
1.59847
1.59847
1.56045
1.55409
1.51363
1.48533
1.4605
1.43852
1.4203
1.39696
1.38005
1.36572
1.35177
1.32736
1.32136
1.30679
1.30036
1.29018
1.27744
1.27112
1.26466
1.25274
1.24665
1.23254
1.22436
1.22112
1.2092
1.19923
1.18979
1.17971
1.16516
1.16097
1.14799
1.14413
1.13471
1.12184
1.11247
1.0956
1.09138
1.08636
1.07429
1.06449
1.05631
1.05039
1.04189
1.03549
1.02826
1.02225
1.01095
1.00491
0.99296
0.98384
0.980234
0.974359
0.958607
0.942608
0.931872
0.923366
0.915054
0.907494
0.903329
0.897357
0.893498
0.88222
0.873683
0.871485
0.864263
0.860131
0.852989
0.844728
0.836266
0.830405
0.825605
0.816536
0.811382
0.806147
0.795363
0.794017
0.783662
0.7775
0.769666
0.760658
0.754097
0.746503
0.739764
0.73733
0.727975
0.721995
0.715569
0.712219
0.705437
0.702298
0.700174
0.696089
0.691965
0.685735
0.682896
0.676741
0.675766
0.673325
0.671803
0.670178
0.668125
0.666131
0.662751
0.662164
0.657663
0.656395
0.654281
0.651452
0.647079
0.644232
0.641901
0.636652
0.633127
0.62742
0.622809
0.619058
0.614097
0.612163
0.606659
0.604247
0.599074
0.592219
0.590381
0.586701
0.584323
0.582371
0.581278
0.579795
0.57759
0.575383
0.573962
0.570681
0.5674
0.562243
0.559497
0.554542
0.552691
0.549229
0.545006
0.542636
0.53873
0.536935
0.534341
0.530973
0.526844
0.523203
0.518154
0.513349
0.507399
0.504696
0.501686
0.498093
0.493772
0.488748
0.483331
0.481353
0.479079
0.476617
0.473955
0.471515
0.46746
0.462954
0.459003
0.457666
0.453469
0.451846
0.449457
0.446008
0.444366
0.4427
0.438346
0.437187
0.434853
0.430231
0.426451
0.425969
0.424093
0.423679
0.421469
0.418509
0.417561
0.414958
0.412307
0.410395
0.40815
0.404654
0.402912
0.402912
0.400956
0.400118
0.398863
0.397228
0.397228
0.396274
0.392993
0.392993
0.39294
0.392098
0.39094
0.39036
0.389717
0.389321
0.388995
0.387609
0.387482
0.386028
0.385049
0.382808
0.382017
0.380494
0.377404
0.374976
0.373992
0.371764
0.369699
0.366989
0.365795
0.363557
0.361596
0.359176
0.35704
0.356402
0.355473
0.354317
0.353302
0.352201
0.349007
0.34859
0.347146
0.345116
0.343616
0.342308
0.340707
0.339589
0.337551
0.336648
0.335311
0.334116
0.332948
0.331685
0.330398
0.329349
0.327767
0.326864
0.325008
0.324532
0.323758
0.322245
0.321281
0.320474
0.318809
0.317035
0.316837
0.315548
0.313939
0.312324
0.311072
0.310022
0.308577
0.307876
0.306693
0.305764
0.304552
0.303394
0.302124
0.301078
0.29827
0.297745
0.296072
0.294699
0.292959
0.291314
0.289868
0.288565
0.286997
0.285122
0.285067
0.282791
0.281512
0.280721
0.280024
0.279819
0.277584
0.276753
0.275312
0.273686
0.271024
0.270446
0.268398
0.266507
0.265709
0.263845
0.263144
0.262408
0.261709
0.26053
0.260265
0.25921
0.25852
0.257522
0.256704
0.255526
0.254009
0.253883
0.253145
0.252219
0.250948
0.25021
0.249572
0.248829
0.248476
0.247479
0.246708
0.246209
0.244652
0.243872
0.24262
0.241934
0.241094
0.239823
0.237931
0.237108
0.23628
0.23448
0.233339
0.232226
0.230562
0.229507
0.228864
0.227674
0.226366
0.225343
0.224715
0.223527
0.221419
0.22049
0.218556
0.217514
0.215903
0.214965
0.213439
0.213193
0.212039
0.210782
0.210361
0.208852
0.208219
0.207553
0.206939
0.206743
0.205938
0.204419
0.204072
0.203006
0.202597
0.202051
0.201346
0.200988
0.200274
0.199625
0.1992
0.198783
0.198269
0.198085
0.19751
0.197173
0.19707
0.196637
0.195932
0.19515
0.194557
0.193792
0.193535
0.192842
0.192101
0.191822
0.191281
0.190285
0.189701
0.188
0.187727
0.186281
0.185718
0.183875
0.183
0.182038
0.181275
0.180167
0.179832
0.178813
0.17775
0.176118
0.174909
0.174897
0.173903
0.171533
0.171533
0.169767
0.169558
0.168665
0.167937
0.16688
0.165105
0.164327
0.163167
0.161569
0.160613
0.159146
0.158072
0.156492
0.156198
0.154675
0.153722
0.153034
0.151973
0.150802
0.149677
0.147821
0.147084
0.146138
0.145798
0.145159
0.14386
0.142831
0.141205
0.140878
0.139985
0.139346
0.137821
0.137397
0.136071
0.134926
0.134066
0.133189
0.132739
0.132333
0.132141
0.131719
0.130753
0.13066
0.130043
0.129768
0.129515
0.12907
0.128696
0.128109
0.127623
0.126997
0.126589
0.125798
0.125651
0.125384
0.124698
0.124417
0.123557
0.123233
0.122524
0.122308
0.121514
0.120916
0.120235
0.119867
0.11965
0.119075
0.118629
0.118143
0.116709
0.116401
0.115492
0.115231
0.114391
0.113353
0.112733
0.11209
0.111614
0.110333
0.10982
0.109059
0.10879
0.108393
0.107959
0.107366
0.106541
0.106162
0.10565
0.10526
0.10458
0.104356
0.104041
0.103535
0.103276
0.102953
0.102555
0.10203
0.101809
0.101463
0.10098
0.100369
0.100295
0.0999775
0.0994686
0.0989757
0.0986151
0.0980822
0.0976911
0.0960217
0.0952483
0.0952483
0.0951494
0.0946961
0.0941997
0.0936565
0.0935024
0.0930709
0.0926046
0.0919372
0.0914739
0.0910567
0.0910567
0.0908773
0.0903891
0.0901579
0.0897799
0.0891699
0.0890697
0.0887802
0.088413
0.0878728
0.0870924
0.0870903
0.0866382
0.0861882
0.0854424
0.08526
0.0846657
0.0843972
0.0836842
0.0832378
0.0828576
0.0826276
0.082271
0.0820019
0.081465
0.0811888
0.0808616
0.0803517
0.0799063
0.0797708
0.0794869
0.079175
0.078745
0.078272
0.0778256
0.0775207
0.0773247
0.0772104
0.076923
0.0767664
0.076581
0.0762867
0.0762841
0.0759264
0.0759113
0.0757791
0.0756358
0.0755666
0.0754954
0.0753666
0.0752869
0.0751816
0.0751144
0.0750619
0.0748017
0.0747952
0.0746484
0.0744736
0.0743048
0.0741065
0.0738633
0.0737206
0.0735122
0.0731979
0.0729256
0.0728422
0.0726308
0.07255
0.0723632
0.0722002
0.0717193
0.0716068
0.0712331
0.0710288
0.0708598
0.0705682
0.0702161
0.0698767
0.0695257
0.0690296
0.0688535
0.0685696
0.0680373
0.0676719
0.0675024
0.0672177
0.0669261
0.0667759
0.0660406
0.0660406
0.0660406
0.0657701
0.0654166
0.0651743
0.0650341
0.0645645
0.0642099
0.0639982
0.0638707
0.0637432
0.0634657
0.0631774
0.0630498
0.0627688
0.0626736
0.0624443
0.0620129
0.0618404
0.061322
0.0610536
0.0608234
0.0605459
0.0599323
0.0593927
0.0590191
0.058739
0.0580286
0.0576657
0.05719
0.0568676
0.0564392
0.0561758
0.0558367
0.0555278
0.0551213
0.054876
0.0546927
0.0544385
0.0542301
0.0540344
0.0537167
0.0535525
0.0534724
0.0532922
0.0530836
0.0529852
0.0529032
0.0527679
0.0526654
0.0523302
0.0522411
0.052113
0.0520377
0.0515615
0.0513271
0.0513185
0.0511163
0.0508921
0.0507444
0.0506265
0.0504345
0.0503162
0.0501075
0.0501061
0.0499064
0.0494938
0.0494674
0.049294
0.0487643
0.0487058
0.0483188
0.0482539
0.0476463
0.0476154
0.0474787
0.047447
0.0469748
0.046873
0.0467727
0.0465096
0.046321
0.0460447
0.0457567
0.0456582
0.0454977
0.045033
0.0448881
0.0446221
0.0443874
0.0441096
0.0439096
0.0436762
0.0433441
0.043175
0.0428167
0.0426113
0.0423466
0.0421598
0.0419972
0.0418232
0.0416368
0.0415273
0.0414447
0.0413908
0.0412347
0.041103
0.0410402
0.0408874
0.0407435
0.040604
0.0404325
0.0403113
0.040011
0.0399421
0.0397876
0.0397275
0.039509
0.0393412
0.0392314
0.0390864
0.0389526
0.0388005
0.0385853
0.0385016
0.0383456
0.0380254
0.0379622
0.0377224
0.0376173
0.0375127
0.0372735
0.037074
0.0368193
0.0367242
0.0365288
0.036365
0.0362074
0.0359591
0.035901
0.0357067
0.0355557
0.0354084
0.0352505
0.0350888
0.0349893
0.034679
0.0345489
0.0344403
0.0341426
0.0340753
0.033982
0.0338415
0.0337462
0.033563
0.0335012
0.0332446
0.0332035
0.0330417
0.032935
0.0327228
0.0326015
0.0323492
0.0322951
0.0321384
0.0320471
0.0319131
0.0317537
0.0316917
0.0316291
0.0315406
0.0313357
0.031319
0.0312035
0.031094
0.0310007
0.0308443
0.0307893
0.0305488
0.0304359
0.0303226
0.0301669
0.0300928
0.0298646
0.0298177
0.0295338
0.0294846
0.0293293
0.0291936
0.0290822
0.0289799
0.0287901
0.0286346
0.0285808
0.0284447
0.0283064
0.0282475
0.0279967
0.0279227
0.0277777
0.0277777
0.0277014
0.0276157
0.0275088
0.0274558
0.0273044
0.0271351
0.0271351
0.0271351
0.0268788
0.0267839
0.0266839
0.026499
0.0263538
0.0263346
0.0262117
0.0260855
0.0260062
0.0259003
0.025806
0.0257566
0.0256645
0.0254883
0.0254121
0.0253952
0.025291
0.025151
0.0251015
0.0249861
0.0249346
0.0248128
0.0246765
0.0245275
0.0243869
0.024292
0.0242107
0.0240678
0.0240646
0.0238489
0.0237256
0.0236669
0.0235563
0.0233913
0.0233456
0.0233142
0.0231931
0.0230834
0.0230507
0.0229384
0.0228639
0.0226876
0.0226596
0.0225836
0.0224313
0.0223877
0.0223079
0.022218
0.0221178
0.0220815
0.0220027
0.0219345
0.0218182
0.0216144
0.0215363
0.0215244
0.0214691
0.0214043
0.0213099
0.0212328
0.0211844
0.0211124
0.0210149
0.0209106
0.020817
0.0207514
0.0206516
0.0205865
0.0205602
0.0204725
0.0204168
0.0203524
0.0202872
0.0201489
0.0201075
0.0200064
0.0199377
0.0198514
0.0198172
0.0197157
0.0196954
0.0195821
0.0195054
0.0194408
0.0193959
0.0193294
0.0193259
0.0193259
0.0192599
0.0192503
0.019231
0.019231
0.019231
0.019231
0.019231
0.019231
0.019231
0.019231
0.019231
0.019231
0.019231
0.019231
0.019231
0.019231
0.019231
0.019231
0.019231
0.019231
0.019231
0.019231
0.019231
0.019231
0.019231
0.019231
0.019231
0.019231
0.019231
0.019231
0.019231
0.019231
0.019231
0.019231
0.019231
0.019231
0.019231
0.019231
0.019231
0.019231
0.019231
0.019231
0.019231
0.019231
0.019231
0.019231
0.019231
0.019231
0.019231
0.019231
0.019231
0.019231
0.019231
0.019231
0.019231
0.019231
0.019231
0.019231
0.019231
0.019231
0.019231
0.019231
0.019231
0.019231
0.019231
0.019231
0.019231
0.019231
0.019231
0.019231
0.019231
0.019231
0.019231
0.019231
0.019231
0.019231
0.019231
0.019231
0.019231
0.019231
0.019231
0.019231
0.019231
0.019231
0.019231
0.019231
0.019231
0.019231
0.019231
0.019231
0.019231
0.019231
0.019231
0.019231
0.019231
0.019231
0.019231
0.019231
0.019231
0.019231
0.019231
0.019231
0.019231
0.019231
0.019231
0.019231
0.019231
0.019231
0.019231
0.019231
0.019231
0.019231
0.019231
0.019231
0.019231
0.019231
0.019231
0.019231
0.019231
0.019231
0.019231
0.019231
0.019231
0.019231
0.019231
0.019231
0.019231
0.019231
0.019231
0.019231
0.019231
0.019231
0.019231
0.019231
0.019231
0.019231
0.019231
0.019231
0.019231
0.019231
0.019231
0.019231
0.019231
0.019231
0.019231
0.019231
0.019231
0.019231
0.019231
0.019231
0.019231
0.019231
0.019231
0.019231
0.019231
0.019231
0.019231
0.019231
0.019231
0.019231
0.019231
0.019231
0.019231
0.019231
0.019231
0.019231
0.019231
0.019231
0.019231
0.019231
0.019231
0.019231
0.019231
0.019231
0.019231
0.019231
0.019231
0.019231
0.019231
0.019231
0.019231
0.019231
0.019231
0.019231
0.019231
0.019231
0.019231
0.019231
0.019231
0.019231
0.019231
0.019231
0.019231
0.019231
0.019231
0.019231
0.019231
0.019231
0.019231
0.019231
0.019231
0.019231
0.019231
0.019231
0.019231
0.019231
0.019231
0.019231
0.019231
0.019231
0.019231
0.019231
0.019231
0.019231
0.019231
0.019231
0.019231
0.019231
0.019231
0.019231
0.019231
0.019231
0.019231
0.019231
0.019231
0.019231
0.019231
0.019231
0.019231
0.019231
0.019231
0.019231
0.019231
0.019231
0.019231
0.019231
0.019231
0.019231
0.019231
0.019231
0.019231
0.019231
0.019231
0.019231
0.019231
0.019231
0.019231
0.019231
0.019231
0.019231
0.019231
0.019231
0.019231
0.019231
0.019231
0.019231
0.019231
0.019231
0.019231
0.019231
0.019231
0.019231
0.019231
0.019231
0.019231
0.019231
0.019231
0.019231
0.019231
0.019231
0.019231
0.019231
0.019231
0.019231
0.019231
0.019231
0.019231
0.019231
0.019231
0.019231
0.019231
0.019231
0.019231
0.019231
0.019231
0.019231
0.019231
0.019231
0.019231
0.019231
0.019231
0.019231
0.019231
0.019231
0.019231
0.019231
0.019231
0.019231
0.019231
0.019231
0.019231
0.019231
0.019231
0.019231
0.019231
0.019231
0.019231
0.019231
0.019231
0.019231
0.019231
0.019231
0.019231
0.019231
0.019231
0.019231
0.019231
0.019231
0.019231
0.019231
0.019231
0.019231
0.019231
0.019231
0.019231
0.019231
0.019231
0.019231
0.019231
0.019231
0.019231
0.019231
0.019231
0.019231
0.019231
0.019231
0.019231
0.019231
0.019231
0.019231
0.019231
0.019231
0.019231
0.019231
0.019231
0.019231
0.019231
0.019231
0.019231
0.019231
0.019231
0.019231
0.019231
0.019231
0.019231
0.019231
0.019231
0.019231
0.019231
0.019231
0.019231
0.019231
0.019231
0.019231
0.019231
0.019231
0.019231
0.019231
0.019231
0.019231
0.019231
0.019231
0.019231
0.019231
0.019231
0.019231
0.019231
0.019231
0.019231
0.019231
0.019231
0.019231
0.019231
0.019231
0.019231
0.019231
0.019231
0.019231
0.019231
0.019231
0.019231
0.019231
0.019231
0.019231
0.019231
0.019231
0.019231
0.019231
0.019231
0.019231
0.019231
0.019231
0.019231
0.019231
0.019231
0.019231
0.019231
0.019231
0.019231
0.019231
0.019231
0.019231
0.019231
0.019231
0.019231
0.019231
0.019231
0.019231
0.019231
0.019231
0.019231
0.019231
0.019231
0.019231
0.019231
0.019231
0.019231
0.019231
0.019231
0.019231
0.019231
0.019231
0.019231
0.019231
0.019231
0.019231
0.019231
0.019231
0.019231
0.019231
0.019231
0.019231
0.019231
0.019231
0.019231
0.019231
0.019231
0.019231
0.019231
0.019231
0.019231
0.019231
0.019231
0.019231
0.019231
0.019231
0.019231
0.019231
0.019231
0.019231
0.019231
0.019231
0.019231
0.019231
0.019231
0.019231
0.019231
0.019231
0.019231
0.019231
0.019231
0.019231
0.019231
0.019231
0.019231
0.019231
0.019231
0.019231
0.019231
0.019231
0.019231
0.019231
0.019231
0.019231
0.019231
0.019231
0.019231
0.019231
0.019231
0.019231
0.019231
0.019231
0.019231
0.019231
0.019231
0.019231
0.019231
0.019231
0.019231
0.019231
0.019231
0.019231
0.019231
0.019231
0.019231
0.019231
0.019231
0.019231
0.019231
0.019231
0.019231
0.019231
0.019231
0.019231
0.019231
0.019231
0.019231
0.019231
0.019231
0.019231
0.019231
0.019231
0.019231
0.019231
0.019231
0.019231
0.019231
0.019231
0.019231
0.019231
0.019231
0.019231
0.019231
0.019231
0.019231
0.019231
0.019231
0.019231
0.019231
0.019231
0.019231
0.019231
0.019231
0.019231
0.019231
0.019231
0.019231
0.019231
0.019231
0.019231
0.019231
0.019231
0.019231
0.019231
0.019231
0.019231
0.019231
0.019231
0.019231
0.019231
0.019231
0.019231
0.019231
0.019231
0.019231
0.019231
0.019231
0.019231
0.019231
0.019231
0.019231
0.019231
0.019231
0.019231
0.019231
0.019231
0.019231
0.019231
0.019231
0.019231
0.019231
0.019231
0.019231
0.019231
0.019231
0.019231
0.019231
0.019231
0.019231
0.019231
0.019231
0.019231
0.019231
0.019231
0.019231
0.019231
0.019231
0.019231
0.019231
0.019231
0.019231
0.019231
0.019231
0.019231
0.019231
0.019231
0.019231
0.019231
0.019231
0.019231
0.019231
0.019231
0.019231
0.019231
0.019231
0.019231
0.019231
0.019231
0.019231
0.019231
0.019231
0.019231
0.019231
0.019231
0.019231
0.019231
0.019231
0.019231
0.019231
0.019231
0.019231
0.019231
0.019231
0.019231
0.019231
0.019231
0.019231
0.019231
0.019231
0.019231
0.019231
0.019231
0.019231
0.019231
0.019231
0.019231
0.019231
0.019231
0.019231
0.019231
0.019231
0.019231
0.019231
0.019231
0.019231
0.019231
0.019231
0.019231
0.019231
0.019231
0.019231
0.019231
0.019231
0.019231
0.019231
0.019231
0.019231
0.019231
0.019231
0.019231
0.019231
0.019231
0.019231
0.019231
0.019231
0.019231
0.019231
0.019231
0.019231
0.019231
0.019231
0.019231
0.019231
0.019231
0.019231
0.019231
0.019231
0.019231
0.019231
0.019231
0.019231
0.019231
0.019231
0.019231
0.019231
0.019231
0.019231
0.019231
0.019231
0.019231
0.019231
0.019231
0.019231
0.019231
0.019231
0.019231
0.019231
0.019231
0.019231
0.019231
0.019231
0.019231
0.019231
0.019231
0.019231
0.019231
0.019231
0.019231
0.019231
0.019231
0.019231
0.019231
0.019231
0.019231
0.019231
0.019231
0.019231
0.019231
0.019231
0.019231
0.019231
0.019231
0.019231
0.019231
0.019231
0.019231
0.019231
0.019231
0.019231
0.019231
0.019231
0.019231
0.019231
0.019231
0.019231
0.019231
0.019231
0.019231
0.019231
0.019231
0.019231
0.019231
0.019231
0.019231
0.019231
0.019231
0.019231
0.019231
0.019231
0.019231
0.019231
0.019231
0.019231
0.019231
0.019231
0.019231
0.019231
0.019231
0.019231
0.019231
0.019231
0.019231
0.019231
0.019231
0.019231
0.019231
0.019231
0.019231
0.019231
0.019231
0.019231
0.019231
0.019231
0.019231
0.019231
0.019231
0.019231
0.019231
0.019231
0.019231
0.019231
0.019231
0.019231
0.019231
0.019231
0.019231
0.019231
0.019231
0.019231
0.019231
0.019231
0.019231
0.019231
0.019231
0.019231
0.019231
0.019231
0.019231
0.019231
0.019231
0.019231
0.019231
0.019231
0.019231
0.019231
0.019231
0.019231
0.019231
0.019231
0.019231
0.019231
0.019231
0.019231
0.019231
0.019231
0.019231
0.019231
0.019231
0.019231
0.019231
0.019231
0.019231
0.019231
0.019231
0.019231
0.019231
0.019231
0.019231
0.019231
0.019231
0.019231
0.019231
0.019231
0.019231
0.019231
0.019231
0.019231
0.019231
0.019231
0.019231
0.019231
0.019231
0.019231
0.019231
0.019231
0.019231
0.019231
0.019231
0.019231
0.019231
0.019231
0.019231
0.019231
0.019231
0.019231
0.019231
0.019231
0.019231
0.019231
0.019231
0.019231
0.019231
0.019231
0.019231
0.019231
0.019231
0.019231
0.019231
0.019231
0.019231
0.019231
0.019231
0.019231
0.019231
0.019231
0.019231
0.019231
0.019231
0.019231
0.019231
0.019231
0.019231
0.019231
0.019231
0.019231
0.019231
0.019231
0.019231
0.019231
0.019231
0.019231
0.019231
0.019231
0.019231
0.019231
0.019231
0.019231
0.019231
0.019231
0.019231
0.019231
0.019231
0.019231
0.019231
0.019231
0.019231
0.019231
0.019231
0.019231
0.019231
0.019231
0.019231
0.019231
0.019231
0.019231
0.019231
0.019231
0.019231
0.019231
0.019231
0.019231
0.019231
0.019231
0.019231
0.019231
0.019231
