7.63387e+09
4.24197e+09
8.88208e+08
2.10526e+08
2.73836e+07
5.98405e+06
2.72499e+06
2.72499e+06
955299
955299
955299
955299
955299
955299
955299
716022
554503
554503
436611
436611
308731
308731
240242
218332
161620
123728
49979.1
5790.11
1299.84
1299.84
1299.84
1299.84
1299.84
1299.84
1299.84
687.334
687.334
687.334
687.334
687.334
687.334
376.755
376.755
214.64
148.239
148.239
148.239
104.056
104.056
76.0556
76.0556
76.0556
76.0556
74.3023
74.3023
51.3072
22.7729
22.7729
22.7729
10.5468
10.3906
10.3906
10.3906
10.3906
10.3906
4.63103
4.63103
4.63103
4.63103
4.63103
4.63103
4.63103
4.63103
4.63103
4.63103
4.63103
4.63103
4.63103
4.63103
4.63103
4.63103
4.63103
4.25628
4.07694
3.51577
3.51577
3.51577
3.51577
3.42006
3.42006
3.05887
3.05887
3.05887
3.05887
2.97559
2.97559
2.97559
2.97559
2.97559
2.97559
2.97559
2.97559
2.97559
2.97559
2.97559
2.97559
2.93197
2.9266
2.85941
2.75135
2.75135
2.74195
2.61671
2.54929
2.52669
2.39831
2.36092
2.22582
2.19026
2.11353
2.06417
2.0349
1.98821
1.96914
1.92423
1.86623
1.82143
1.78494
1.75532
1.71382
1.68757
1.65077
1.61797
1.6007
1.56276
1.56276
1.53301
1.50825
1.49289
1.44573
1.4428
1.41974
1.40942
1.39093
1.3708
1.35528
1.33937
1.32792
1.31509
1.30777
1.2909
1.28338
1.27234
1.2625
1.24569
1.23583
1.22082
1.2078
1.19697
1.16967
1.16417
1.14207
1.12467
1.1074
1.0957
1.0957
1.05549
1.05314
1.02136
1.0179
0.980033
0.976556
0.961202
0.935883
0.920539
0.899711
0.89083
0.879341
0.87062
0.858028
0.854313
0.846517
0.841348
0.837462
0.832602
0.824488
0.816481
0.802911
0.797294
0.787371
0.783435
0.776733
0.768145
0.760468
0.755717
0.749855
0.743783
0.734429
0.729841
0.725561
0.720188
0.71699
0.712391
0.707494
0.703865
0.699818
0.697095
0.694046
0.691523
0.689075
0.686206
0.682192
0.680037
0.677087
0.673876
0.671466
0.667544
0.663931
0.658964
0.654135
0.652867
0.649895
0.645573
0.642568
0.640067
0.637161
0.633424
0.630132
0.624606
0.622399
0.617518
0.616063
0.611878
0.609055
0.607544
0.602454
0.600939
0.597309
0.59402
0.591728
0.588949
0.58327
0.580472
0.577716
0.572798
0.56933
0.564281
0.555731
0.552224
0.54625
0.542077
0.53973
0.535341
0.533324
0.529617
0.523371
0.5188
0.516238
0.514594
0.511622
0.509192
0.505636
0.503463
0.50025
0.495349
0.494737
0.491424
0.486164
0.484057
0.476637
0.474672
0.469988
0.466167
0.463786
0.460277
0.457695
0.452585
0.448668
0.444215
0.440718
0.43791
0.433753
0.429794
0.423546
0.421073
0.419022
0.416108
0.413286
0.411496
0.409042
0.40699
0.404713
0.402916
0.401829
0.401195
0.400181
0.399939
0.399332
0.398542
0.397971
0.396344
0.395021
0.393728
0.389074
0.388028
0.385421
0.384054
0.381273
0.378342
0.373248
0.370445
0.367702
0.364567
0.362145
0.359306
0.356847
0.35418
0.350303
0.34747
0.346047
0.34133
0.339582
0.337718
0.334561
0.332231
0.330164
0.32686
0.326672
0.323438
0.321791
0.320305
0.316622
0.314271
0.312294
0.309645
0.306911
0.305756
0.303439
0.300875
0.299397
0.297808
0.296369
0.294283
0.292069
0.289935
0.288157
0.285391
0.283733
0.281326
0.278932
0.277147
0.275624
0.273873
0.272324
0.270121
0.269087
0.26733
0.266217
0.26523
0.263933
0.262399
0.26057
0.259142
0.257202
0.256423
0.255681
0.253323
0.252317
0.250536
0.248347
0.247857
0.245345
0.243534
0.242404
0.240155
0.23919
0.236853
0.235192
0.234506
0.231524
0.230333
0.229315
0.228069
0.226656
0.225478
0.223955
0.223022
0.221586
0.220399
0.219029
0.217805
0.21676
0.215361
0.214017
0.212766
0.211258
0.210331
0.209346
0.208669
0.207294
0.20618
0.205406
0.204927
0.204057
0.203391
0.202176
0.201623
0.200342
0.199926
0.199432
0.198261
0.197991
0.19736
0.196907
0.196617
0.196219
0.195713
0.195557
0.19516
0.194553
0.193857
0.193525
0.192893
0.192324
0.191787
0.190939
0.190607
0.18999
0.189086
0.18871
0.188647
0.187694
0.187373
0.186764
0.186317
0.186018
0.185693
0.184958
0.184569
0.184189
0.183071
0.182705
0.181543
0.18097
0.180211
0.179456
0.178712
0.177673
0.176428
0.176391
0.17552
0.175114
0.174332
0.173286
0.172861
0.171763
0.170107
0.168795
0.16783
0.167278
0.166248
0.165097
0.16396
0.161944
0.161356
0.160984
0.160115
0.158947
0.157331
0.157219
0.156526
0.155185
0.155185
0.155185
0.15457
0.154007
0.15313
0.152825
0.152414
0.151712
0.151101
0.150796
0.15066
0.150508
0.1501
0.150025
0.149813
0.149461
0.149059
0.148813
0.148153
0.147466
0.147246
0.146492
0.14591
0.145493
0.144865
0.144572
0.144116
0.143377
0.142636
0.142444
0.141902
0.140455
0.139437
0.138329
0.137436
0.136675
0.134818
0.134088
0.133537
0.132625
0.131483
0.130786
0.129534
0.129222
0.12868
0.128115
0.127301
0.125796
0.125057
0.124764
0.123851
0.123036
0.122277
0.121777
0.120799
0.120024
0.119413
0.118756
0.118222
0.117812
0.117281
0.116839
0.116287
0.115998
0.115649
0.115253
0.114928
0.114554
0.114238
0.113846
0.11339
0.113104
0.112676
0.112533
0.112119
0.11188
0.111558
0.11124
0.111032
0.110782
0.110485
0.110224
0.109823
0.10953
0.10912
0.108881
0.108605
0.108146
0.107805
0.107553
0.107171
0.107049
0.106464
0.106071
0.105649
0.105147
0.104812
0.104708
0.103565
0.10283
0.102329
0.101639
0.101055
0.100643
0.100021
0.0996285
0.0990801
0.0986092
0.098335
0.0979543
0.0976802
0.097079
0.0968266
0.0963631
0.0959316
0.0956977
0.0951802
0.0944176
0.0944176
0.093789
0.0933311
0.0929151
0.0924433
0.0917416
0.0909304
0.0908941
0.0904398
0.0899312
0.0894356
0.0883966
0.0879513
0.0872282
0.0865421
0.0859472
0.0852573
0.0849203
0.0837904
0.0835802
0.0832488
0.0823066
0.0817708
0.0813794
0.08096
0.0806465
0.0803487
0.0800529
0.0797811
0.0795052
0.0791644
0.0788646
0.0786414
0.0783984
0.0779818
0.0776105
0.0773484
0.0770128
0.076808
0.0765331
0.0763186
0.0760522
0.0755725
0.0754457
0.0751477
0.0747014
0.0743876
0.0742794
0.0738942
0.0737092
0.0732761
0.0731918
0.0729126
0.0723434
0.0721281
0.0720307
0.0716293
0.0711895
0.0709905
0.0707443
0.0703862
0.0701251
0.0697721
0.069646
0.0693822
0.0689765
0.0687261
0.0685792
0.0683007
0.0681319
0.0675889
0.067477
0.0672292
0.0671256
0.0670422
0.0668949
0.0667733
0.0666436
0.0665529
0.0664449
0.0663579
0.0662309
0.0661439
0.0660588
0.0659019
0.0658011
0.0656486
0.0655399
0.0652353
0.0650275
0.0648751
0.0646147
0.0646147
0.0643983
0.0642995
0.0640973
0.0640241
0.0640002
0.0638808
0.0637702
0.0636926
0.0635689
0.0634482
0.0632224
0.0629747
0.062786
0.0623533
0.0621213
0.0620099
0.0618046
0.0616088
0.0614692
0.0612526
0.0610602
0.0609092
0.0606947
0.0605073
0.0603642
0.0601935
0.0599993
0.0598553
0.0595532
0.0595079
0.0594079
0.059302
0.0590047
0.0588917
0.0587815
0.0585042
0.0585042
0.0582322
0.0581256
0.0580274
0.057777
0.0574706
0.0573892
0.0572861
0.0570987
0.0570174
0.0568475
0.0566787
0.056556
0.0564491
0.0563447
0.0562277
0.0561068
0.0560476
0.0558833
0.0558428
0.0557656
0.0556601
0.0554628
0.0553551
0.0552362
0.0551114
0.0549141
0.0548371
0.054635
0.0544434
0.0543214
0.0541327
0.0539186
0.0537477
0.0535933
0.0534307
0.0532236
0.0531234
0.053034
0.0529036
0.052795
0.0526827
0.0526177
0.0525367
0.0523931
0.0523122
0.0521609
0.0520961
0.0519231
0.051842
0.0517389
0.0516189
0.0515023
0.0513275
0.0511871
0.0509836
0.0507797
0.0504765
0.0503862
0.050015
0.0498121
0.0492882
0.0490822
0.048679
0.0485314
0.048182
0.0480987
0.0477698
0.0476501
0.0471628
0.0471628
0.0470961
0.0467089
0.0466662
0.0463633
0.0461362
0.0457091
0.0454611
0.0454611
0.0452123
0.0450005
0.0449766
0.0447609
0.044542
0.0443711
0.0440992
0.0439765
0.0437457
0.0436348
0.043562
0.0433603
0.0431864
0.0430048
0.0428221
0.0425748
0.0424365
0.0422964
0.0419809
0.0417154
0.0416181
0.041494
0.0413484
0.041207
0.0407057
0.0405636
0.0402967
0.0401345
0.039912
0.0396072
0.0395224
0.0393883
0.0390621
0.0388409
0.0386121
0.0385159
0.0382263
0.0378008
0.0378008
0.0377267
0.0375496
0.0373405
0.0370404
0.0369079
0.0367086
0.0363812
0.0362354
0.0359529
0.0357621
0.0355628
0.0353731
0.0351784
0.0351081
0.0348424
0.0345985
0.0342922
0.0341392
0.0339253
0.0336395
0.0334075
0.0332026
0.0330908
0.0329596
0.0327281
0.0325794
0.0324103
0.0322078
0.0319578
0.031848
0.0317539
0.0315262
0.0313916
0.0312993
0.0311799
0.0310394
0.0309071
0.0307349
0.0306051
0.0304329
0.0303241
0.0303239
0.0301543
0.0299629
0.0298926
0.0298052
0.0295589
0.0293816
0.0293635
0.0291169
0.0290763
0.028977
0.0288096
0.0286929
0.0285045
0.0281846
0.0278556
0.0276952
0.0274835
0.0273232
0.0270454
0.0268324
0.0267652
0.0266581
0.0260453
0.0260453
0.0259579
0.0257477
0.0255527
0.0253661
0.0252616
0.0251533
0.0250856
0.0250632
0.0250038
0.0249567
0.0249169
0.0248541
0.024839
0.0248081
0.0247731
0.0247311
0.0247038
0.024653
0.0246044
0.0245693
0.024538
0.0244936
0.024456
0.0243605
0.0243015
0.0242692
0.0242027
0.0241233
0.0241145
0.0240262
0.0240033
0.0239519
0.0239005
0.023806
0.0237591
0.023702
0.0236407
0.0235441
0.0234788
0.0234306
0.023357
0.0233263
0.0232386
0.0232211
0.0231477
0.0231338
0.0230604
0.0230107
0.0229867
0.0229314
0.0228912
0.0228301
0.0227915
0.0227267
0.0226319
0.0225933
0.0225217
0.0224061
0.0224015
0.022325
0.0222498
0.0222296
0.0221404
0.0220926
0.0220491
0.0220217
0.0219521
0.0219248
0.0218602
0.0217821
0.0216063
0.0215657
0.0215393
0.0214605
0.0214136
0.0214136
0.0214136
0.0214136
0.0214136
0.0214136
0.0214136
0.0214136
0.0214136
0.0214136
0.0214136
0.0214136
0.0214136
0.0214136
0.0214136
0.0214136
0.0214136
0.0214136
0.0214136
0.0214136
0.0214136
0.0214136
0.0214136
0.0214136
0.0214136
0.0214136
0.0214136
0.0214136
0.0214136
0.0214136
0.0214136
0.0214136
0.0214136
0.0214136
0.0214136
0.0214136
0.0214136
0.0214136
0.0214136
0.0214136
0.0214136
0.0214136
0.0214136
0.0214136
0.0214136
0.0214136
0.0214136
0.0214136
0.0214136
0.0214136
0.0214136
0.0214136
0.0214136
0.0214136
0.0214136
0.0214136
0.0214136
0.0214136
0.0214136
0.0214136
0.0214136
0.0214136
0.0214136
0.0214136
0.0214136
0.0214136
0.0214136
0.0214136
0.0214136
0.0214136
0.0214136
0.0214136
0.0214136
0.0214136
0.0214136
0.0214136
0.0214136
0.0214136
0.0214136
0.0214136
0.0214136
0.0214136
0.0214136
0.0214136
0.0214136
0.0214136
0.0214136
0.0214136
0.0214136
0.0214136
0.0214136
0.0214136
0.0214136
0.0214136
0.0214136
0.0214136
0.0214136
0.0214136
0.0214136
0.0214136
0.0214136
0.0214136
0.0214136
0.0214136
0.0214136
0.0214136
0.0214136
0.0214136
0.0214136
0.0214136
0.0214136
0.0214136
0.0214136
0.0214136
0.0214136
0.0214136
0.0214136
0.0214136
0.0214136
0.0214136
0.0214136
0.0214136
0.0214136
0.0214136
0.0214136
0.0214136
0.0214136
0.0214136
0.0214136
0.0214136
0.0214136
0.0214136
0.0214136
0.0214136
0.0214136
0.0214136
0.0214136
0.0214136
0.0214136
0.0214136
0.0214136
0.0214136
0.0214136
0.0214136
0.0214136
0.0214136
0.0214136
0.0214136
0.0214136
0.0214136
0.0214136
0.0214136
0.0214136
0.0214136
0.0214136
0.0214136
0.0214136
0.0214136
0.0214136
0.0214136
0.0214136
0.0214136
0.0214136
0.0214136
0.0214136
0.0214136
0.0214136
0.0214136
0.0214136
0.0214136
0.0214136
0.0214136
0.0214136
0.0214136
0.0214136
0.0214136
0.0214136
0.0214136
0.0214136
0.0214136
0.0214136
0.0214136
0.0214136
0.0214136
0.0214136
0.0214136
0.0214136
0.0214136
0.0214136
0.0214136
0.0214136
0.0214136
0.0214136
0.0214136
0.0214136
0.0214136
0.0214136
0.0214136
0.0214136
0.0214136
0.0214136
0.0214136
0.0214136
0.0214136
0.0214136
0.0214136
0.0214136
0.0214136
0.0214136
0.0214136
0.0214136
0.0214136
0.0214136
0.0214136
0.0214136
0.0214136
0.0214136
0.0214136
0.0214136
0.0214136
0.0214136
0.0214136
0.0214136
0.0214136
0.0214136
0.0214136
0.0214136
0.0214136
0.0214136
0.0214136
0.0214136
0.0214136
0.0214136
0.0214136
0.0214136
0.0214136
0.0214136
0.0214136
0.0214136
0.0214136
0.0214136
0.0214136
0.0214136
0.0214136
0.0214136
0.0214136
0.0214136
0.0214136
0.0214136
0.0214136
0.0214136
0.0214136
0.0214136
0.0214136
0.0214136
0.0214136
0.0214136
0.0214136
0.0214136
0.0214136
0.0214136
0.0214136
0.0214136
0.0214136
0.0214136
0.0214136
0.0214136
0.0214136
0.0214136
0.0214136
0.0214136
0.0214136
0.0214136
0.0214136
0.0214136
0.0214136
0.0214136
0.0214136
0.0214136
0.0214136
0.0214136
0.0214136
0.0214136
0.0214136
0.0214136
0.0214136
0.0214136
0.0214136
0.0214136
0.0214136
0.0214136
0.0214136
0.0214136
0.0214136
0.0214136
0.0214136
0.0214136
0.0214136
0.0214136
0.0214136
0.0214136
0.0214136
0.0214136
0.0214136
0.0214136
0.0214136
0.0214136
0.0214136
0.0214136
0.0214136
0.0214136
0.0214136
0.0214136
0.0214136
0.0214136
0.0214136
0.0214136
0.0214136
0.0214136
0.0214136
0.0214136
0.0214136
0.0214136
0.0214136
0.0214136
0.0214136
0.0214136
0.0214136
0.0214136
0.0214136
0.0214136
0.0214136
0.0214136
0.0214136
0.0214136
0.0214136
0.0214136
0.0214136
0.0214136
0.0214136
0.0214136
0.0214136
0.0214136
0.0214136
0.0214136
0.0214136
0.0214136
0.0214136
0.0214136
0.0214136
0.0214136
0.0214136
0.0214136
0.0214136
0.0214136
0.0214136
0.0214136
0.0214136
0.0214136
0.0214136
0.0214136
0.0214136
0.0214136
0.0214136
0.0214136
0.0214136
0.0214136
0.0214136
0.0214136
0.0214136
0.0214136
0.0214136
0.0214136
0.0214136
0.0214136
0.0214136
0.0214136
0.0214136
0.0214136
0.0214136
0.0214136
0.0214136
0.0214136
0.0214136
0.0214136
0.0214136
0.0214136
0.0214136
0.0214136
0.0214136
0.0214136
0.0214136
0.0214136
0.0214136
0.0214136
0.0214136
0.0214136
0.0214136
0.0214136
0.0214136
0.0214136
0.0214136
0.0214136
0.0214136
0.0214136
0.0214136
0.0214136
0.0214136
0.0214136
0.0214136
0.0214136
0.0214136
0.0214136
0.0214136
0.0214136
0.0214136
0.0214136
0.0214136
0.0214136
0.0214136
0.0214136
0.0214136
0.0214136
0.0214136
0.0214136
0.0214136
0.0214136
0.0214136
0.0214136
0.0214136
0.0214136
0.0214136
0.0214136
0.0214136
0.0214136
0.0214136
0.0214136
0.0214136
0.0214136
0.0214136
0.0214136
0.0214136
0.0214136
0.0214136
0.0214136
0.0214136
0.0214136
0.0214136
0.0214136
0.0214136
0.0214136
0.0214136
0.0214136
0.0214136
0.0214136
0.0214136
0.0214136
0.0214136
0.0214136
0.0214136
0.0214136
0.0214136
0.0214136
0.0214136
0.0214136
0.0214136
0.0214136
0.0214136
0.0214136
0.0214136
0.0214136
0.0214136
0.0214136
0.0214136
0.0214136
0.0214136
0.0214136
0.0214136
0.0214136
0.0214136
0.0214136
0.0214136
0.0214136
0.0214136
0.0214136
0.0214136
0.0214136
0.0214136
0.0214136
0.0214136
0.0214136
0.0214136
0.0214136
0.0214136
0.0214136
0.0214136
0.0214136
0.0214136
0.0214136
0.0214136
0.0214136
0.0214136
0.0214136
0.0214136
0.0214136
0.0214136
0.0214136
0.0214136
0.0214136
0.0214136
0.0214136
0.0214136
0.0214136
0.0214136
0.0214136
0.0214136
0.0214136
0.0214136
0.0214136
0.0214136
0.0214136
0.0214136
0.0214136
0.0214136
0.0214136
0.0214136
0.0214136
0.0214136
0.0214136
0.0214136
0.0214136
0.0214136
0.0214136
0.0214136
0.0214136
0.0214136
0.0214136
0.0214136
0.0214136
0.0214136
0.0214136
0.0214136
0.0214136
0.0214136
0.0214136
0.0214136
0.0214136
0.0214136
0.0214136
0.0214136
0.0214136
0.0214136
0.0214136
0.0214136
0.0214136
0.0214136
0.0214136
0.0214136
0.0214136
0.0214136
0.0214136
0.0214136
0.0214136
0.0214136
0.0214136
0.0214136
0.0214136
0.0214136
0.0214136
0.0214136
0.0214136
0.0214136
0.0214136
0.0214136
0.0214136
0.0214136
0.0214136
0.0214136
0.0214136
0.0214136
0.0214136
0.0214136
0.0214136
0.0214136
0.0214136
0.0214136
0.0214136
0.0214136
0.0214136
0.0214136
0.0214136
0.0214136
0.0214136
0.0214136
0.0214136
0.0214136
0.0214136
0.0214136
0.0214136
0.0214136
0.0214136
0.0214136
0.0214136
0.0214136
0.0214136
0.0214136
0.0214136
0.0214136
0.0214136
0.0214136
0.0214136
0.0214136
0.0214136
0.0214136
0.0214136
0.0214136
0.0214136
0.0214136
0.0214136
0.0214136
0.0214136
0.0214136
0.0214136
0.0214136
0.0214136
0.0214136
0.0214136
0.0214136
0.0214136
0.0214136
0.0214136
0.0214136
0.0214136
0.0214136
0.0214136
0.0214136
0.0214136
0.0214136
0.0214136
0.0214136
0.0214136
0.0214136
0.0214136
0.0214136
0.0214136
0.0214136
0.0214136
0.0214136
0.0214136
0.0214136
0.0214136
0.0214136
0.0214136
0.0214136
0.0214136
0.0214136
0.0214136
0.0214136
0.0214136
0.0214136
0.0214136
0.0214136
0.0214136
0.0214136
0.0214136
0.0214136
0.0214136
0.0214136
0.0214136
0.0214136
0.0214136
0.0214136
0.0214136
0.0214136
0.0214136
0.0214136
0.0214136
0.0214136
0.0214136
0.0214136
0.0214136
0.0214136
0.0214136
0.0214136
0.0214136
0.0214136
0.0214136
0.0214136
0.0214136
0.0214136
0.0214136
0.0214136
0.0214136
0.0214136
0.0214136
0.0214136
0.0214136
0.0214136
0.0214136
0.0214136
0.0214136
0.0214136
0.0214136
0.0214136
0.0214136
0.0214136
0.0214136
0.0214136
0.0214136
0.0214136
0.0214136
0.0214136
0.0214136
0.0214136
0.0214136
0.0213926
0.021293
0.0212049
0.0211242
0.0210677
0.0210102
0.0209245
0.0208526
0.0208187
0.020755
0.0206872
0.020636
0.0204409
0.0204409
0.0203374
0.0201417
0.0200755
0.0199606
0.0198537
0.0197539
0.0197385
0.0196085
0.0194628
0.0194261
0.0193184
0.019218
0.0190591
0.0189817
0.018907
0.0188155
0.0186728
0.0185956
0.0184384
0.0183008
0.0182391
0.0181094
0.0179887
0.0178722
0.0177552
0.0177216
0.0176637
0.0175767
0.017464
0.0174626
0.0173512
0.0173262
0.0172457
0.0171583
0.0170838
0.0170107
0.0169053
0.0168595
0.0167827
0.0167064
0.0166532
0.0164942
0.0163666
0.0163227
0.0162094
0.0160627
0.0159813
0.0159259
0.0157606
0.0157309
0.015608
0.01553
0.015461
0.0153586
0.0153117
0.0152296
0.0151427
0.015089
0.01501
0.0149323
0.0148767
0.0148392
0.0147825
0.0147351
0.0146808
0.0146292
0.014587
0.0145499
0.014516
0.0144839
0.0144416
0.0143704
0.0143369
0.0142778
0.0142307
0.0142145
0.0141728
0.0141293
0.0140935
0.0140491
0.0139993
0.0139458
0.0138986
0.0138472
0.0137899
0.0137611
0.0136915
0.0136461
0.0135902
0.0135579
0.0135008
0.0134616
0.0134208
0.0133648
0.0133213
0.0132774
0.0132252
0.0131563
0.0130914
0.0130622
0.0129611
0.0129371
0.0128649
0.0128191
0.0127723
0.0127723
0.0127723
0.0127723
0.0127723
0.0127723
0.0127723
0.0127723
0.0127723
0.0127723
0.0127723
0.0127723
0.0127723
0.0127723
0.0127723
0.0127723
0.0127723
0.0127723
0.0127723
0.0127723
0.0127723
0.0127723
0.0127723
0.0127723
0.0127723
0.0127723
0.0127723
0.0127723
0.0127723
0.0127723
0.0127723
0.0127723
0.0127723
0.0127723
0.0127723
0.0127723
0.0127723
0.0127723
0.0127723
0.0127723
0.0127723
0.0127723
0.0127723
0.0127723
0.0127723
0.0127723
0.0127723
0.0127723
0.0127723
0.0127723
0.0127723
0.0127723
0.0127723
0.0127723
0.0127723
0.0127723
0.0127723
0.0127723
0.0127723
0.0127723
0.0127723
0.0127723
0.0127723
0.0127723
0.0127723
0.0127723
0.0127723
0.0127723
0.0127723
0.0127723
0.0127723
0.0127723
0.0127723
0.0127723
0.0127723
0.0127723
0.0127723
0.0127723
0.0127723
0.0127723
0.0127723
0.0127723
0.0127723
0.0127723
0.0127723
0.0127723
0.0127723
0.0127723
0.0127723
0.0127723
0.0127723
0.0127723
0.0127723
0.0127723
0.0127723
0.0127723
0.0127723
0.0127723
0.0127723
0.0127723
0.0127723
0.0127723
0.0127723
0.0127723
0.0127723
0.0127723
0.0127723
0.0127723
0.0127723
0.0127723
0.0127723
0.0127723
0.0127723
0.0127723
0.0127723
0.0127723
0.0127723
0.0127723
0.0127723
0.0127723
0.0127723
