4.85156e+09
1.36511e+09
1.69473e+08
3.23157e+07
1.62017e+07
2.69632e+06
2.69632e+06
2.69632e+06
2.69632e+06
519776
519776
519776
433743
433743
433743
433743
137101
2277.99
2277.99
2277.99
2277.99
2277.99
2277.99
2277.99
2277.99
2277.99
2277.99
2277.99
2277.99
2277.99
2277.99
2277.99
2277.99
2277.99
2277.99
2277.99
2277.99
2277.99
2277.99
2277.99
2277.99
2277.99
2109.33
2109.33
928.203
164.448
164.448
164.448
164.448
164.448
164.448
164.448
164.448
145.64
145.64
145.64
145.64
37.9376
37.9376
24.7965
24.7965
24.7965
24.7965
24.7965
24.7965
24.7965
24.7965
24.7965
21.2969
21.2969
21.2969
21.2969
21.2969
21.2969
21.2969
21.2969
21.2969
21.2969
21.2969
21.2969
21.0827
20.7891
20.4066
20.4066
20.0742
20.0742
20.0742
20.0742
20.0742
20.0742
20.0742
20.0742
20.0432
20.0432
20.0432
20.0432
20.0432
20.0432
20.0432
20.0432
20.0432
20.0432
20.0432
20.0432
20.0432
20.0432
20.0432
20.0432
20.0432
20.0432
20.0432
20.0424
20.0412
20.0346
20.0322
20.0322
20.0261
20.0252
20.0164
20.0038
20.0038
19.9938
19.992
19.9824
19.9757
19.9703
19.9632
19.9505
19.949
19.9397
19.9333
19.9305
19.9167
19.9152
19.9122
19.9056
19.9011
19.8972
19.8933
19.8867
19.8857
19.8806
19.8785
19.8767
19.8736
19.8736
19.8701
19.8677
19.8677
19.8662
19.8616
19.8604
19.859
19.8562
19.8558
19.8529
19.8513
19.8494
19.8464
19.8447
19.8416
19.8395
19.836
19.8332
19.8295
19.8289
19.8239
19.8213
19.8164
19.8102
19.8069
19.8043
19.7992
19.7965
19.7934
19.7895
19.7868
19.7841
19.7815
19.7781
19.774
19.7707
19.7677
19.7623
19.7556
19.7483
19.7482
19.7442
19.7424
19.7385
19.736
19.7331
19.7307
19.7281
19.7252
19.721
19.7191
19.7178
19.716
19.7141
19.7132
19.7121
19.711
19.7096
19.7087
19.708
19.7062
19.7044
19.7029
19.7002
19.6988
19.6982
19.6979
19.6951
19.6951
19.6934
19.6926
19.6922
19.6901
19.6889
19.6868
19.6862
19.6853
19.6839
19.6825
19.6813
19.6791
19.677
19.6738
19.6722
19.6662
19.6647
19.6568
19.6556
19.6469
19.6462
19.6382
19.6353
19.6327
19.629
19.6235
19.6205
19.6178
19.615
19.6109
19.6074
19.6049
19.6002
19.5969
19.5921
19.5872
19.5779
19.5769
19.569
19.5664
19.5593
19.5545
19.5473
19.5437
19.5349
19.5308
19.5282
19.5225
19.5209
19.518
19.5146
19.5116
19.5081
19.5058
19.5031
19.5006
19.4982
19.4958
19.4943
19.4916
19.4904
19.4889
19.4866
19.4848
19.4821
19.4805
19.4786
19.4746
19.4728
19.4704
19.4683
19.4668
19.464
19.4599
19.4572
19.4473
19.4473
19.4434
19.4413
19.4366
19.4256
19.4254
19.4177
19.4131
19.4087
19.4018
19.3968
19.3909
19.3801
19.3782
19.3725
19.3687
19.3583
19.3558
19.3488
19.336
19.3278
19.3173
19.3087
19.3001
19.2949
19.2901
19.2812
19.2765
19.2765
19.2746
19.2704
19.2684
19.2652
19.2616
19.2603
19.2573
19.2537
19.2513
19.2479
19.2467
19.2438
19.2421
19.2403
19.2356
19.2356
19.2293
19.2272
19.2221
19.2187
19.2168
19.2131
19.2099
19.2067
19.2022
19.1971
19.1957
19.1916
19.1863
19.1837
19.1816
19.1721
19.1691
19.1655
19.1602
19.1542
19.1505
19.1468
19.1396
19.1357
19.13
19.1188
19.1153
19.1092
19.0998
19.0971
19.0901
19.0808
19.074
19.0711
19.0606
19.0495
19.0427
19.0371
19.0286
19.0207
19.0059
19.0012
18.9871
18.9792
18.9701
18.9658
18.9658
18.9611
18.9482
18.9395
18.9232
18.916
18.9109
18.9041
18.8953
18.8899
18.8884
18.886
18.884
18.8792
18.8779
18.8751
18.873
18.8716
18.8676
18.8649
18.8631
18.8593
18.8574
18.8524
18.852
18.8447
18.84
18.8371
18.8348
18.8298
18.8225
18.8212
18.8184
18.8155
18.8125
18.8094
18.8063
18.8039
18.8005
18.7981
18.7951
18.7913
18.7878
18.7855
18.7824
18.7798
18.777
18.7742
18.7709
18.7689
18.7655
18.7641
18.7627
18.7607
18.7591
18.7569
18.7528
18.7521
18.7442
18.7442
18.7427
18.7384
18.7306
18.7306
18.7212
18.7212
18.7174
18.7105
18.7056
18.6998
18.698
18.696
18.6925
18.6887
18.6863
18.6811
18.6746
18.6722
18.6596
18.6482
18.646
18.6372
18.6265
18.6183
18.6145
18.6067
18.6016
18.5983
18.594
18.5901
18.5849
18.58
18.5747
18.5658
18.5598
18.5563
18.5511
18.5453
18.541
18.5367
18.532
18.527
18.5226
18.5203
18.5143
18.5105
18.5039
18.4956
18.4955
18.4876
18.482
18.476
18.4728
18.4624
18.4557
18.4495
18.443
18.4382
18.4343
18.4279
18.4239
18.4153
18.4136
18.408
18.4012
18.3988
18.3855
18.3784
18.3684
18.3657
18.3628
18.3567
18.351
18.344
18.3363
18.3335
18.3278
18.3197
18.3121
18.3059
18.2969
18.2915
18.2844
18.278
18.2759
18.2693
18.2633
18.2579
18.2543
18.2524
18.2469
18.2428
18.2413
18.2367
18.2359
18.2345
18.2317
18.2283
18.2264
18.2223
18.2208
18.2167
18.2155
18.212
18.2063
18.2048
18.2024
18.1972
18.1967
18.19
18.1897
18.1866
18.1838
18.1796
18.1796
18.1784
18.1748
18.1741
18.1723
18.1702
18.1683
18.1662
18.1631
18.1601
18.1592
18.1583
18.1563
18.1553
18.1535
18.1498
18.1492
18.1478
18.1441
18.1419
18.1384
18.1335
18.1294
18.1243
18.1193
18.1158
18.1095
18.1033
18.0983
18.0881
18.0881
18.0841
18.079
18.0735
18.0654
18.061
18.0566
18.0508
18.046
18.0405
18.0323
18.0301
18.0301
18.0229
18.0202
18.0181
18.0106
18.01
18.0049
17.9984
17.9975
17.9927
17.9908
17.9884
17.9835
17.9808
17.9791
17.9746
17.9719
17.9684
17.9639
17.959
17.957
17.9551
17.9492
17.9488
17.9448
17.93
17.9185
17.9147
17.8991
17.8879
17.8854
17.8802
17.872
17.8663
17.8662
17.8629
17.8596
17.8533
17.8513
17.8485
17.8458
17.8441
17.8411
17.8376
17.8323
17.8309
17.8261
17.8218
17.8185
17.8165
17.8142
17.8119
17.8092
17.8071
17.8053
17.8038
17.8025
17.7999
17.7976
17.795
17.7939
17.7913
17.79
17.7886
17.7867
17.7859
17.785
17.7837
17.7811
17.7795
17.7781
17.7749
17.7726
17.7726
17.7711
17.7696
17.7677
17.7655
17.7631
17.7623
17.7593
17.7556
17.7531
17.751
17.7474
17.7461
17.7416
17.7397
17.7383
17.7349
17.7326
17.729
17.7265
17.7218
17.718
17.7133
17.7101
17.7042
17.7027
17.698
17.6957
17.6913
17.6889
17.6873
17.6857
17.682
17.6803
17.6775
17.6765
17.6752
17.6735
17.6721
17.67
17.6684
17.6666
17.6646
17.6633
17.6599
17.6578
17.6574
17.6537
17.6516
17.6496
17.6487
17.6471
17.642
17.6398
17.6376
17.6357
17.6333
17.6285
17.6267
17.6234
17.621
17.6171
17.6127
17.6084
17.6054
17.6001
17.5967
17.5923
17.5915
17.5891
17.5843
17.5821
17.5777
17.5746
17.5638
17.5638
17.5613
17.5579
17.5533
17.5479
17.5441
17.5376
17.5313
17.526
17.5234
17.5169
17.5144
17.5078
17.5045
17.497
17.4904
17.4864
17.4818
17.4772
17.4721
17.4692
17.4641
17.46
17.4553
17.4525
17.4493
17.4467
17.4441
17.4417
17.4366
17.4353
17.4307
17.4289
17.4279
17.427
17.4247
17.4234
17.4218
17.4202
17.4194
17.4184
17.4179
17.4169
17.4164
17.4159
17.4152
17.4148
17.4141
17.4137
17.4128
17.4121
17.4106
17.4099
17.4086
17.4081
17.4064
17.4052
17.4023
17.3995
17.398
17.3943
17.3922
17.3898
17.3877
17.3852
17.3804
17.3802
17.3785
17.3759
17.3732
17.3704
17.3681
17.3657
17.3639
17.3617
17.3588
17.3558
17.3522
17.3505
17.3484
17.3431
17.3393
17.3377
17.3307
17.3275
17.3221
17.3188
17.3156
17.3115
17.3067
17.3016
17.2997
17.2956
17.2912
17.2898
17.2852
17.2807
17.2772
17.2757
17.2721
17.2696
17.2647
17.263
17.2595
17.2562
17.2531
17.2511
17.2492
17.2461
17.2436
17.2409
17.2381
17.2358
17.234
17.2323
17.2308
17.2286
17.2242
17.2231
17.2197
17.2171
17.2145
17.2107
17.2088
17.2061
17.1996
17.1958
17.1944
17.1916
17.1876
17.1869
17.1836
17.1796
17.1771
17.1733
17.1707
17.1659
17.1632
17.1616
17.1597
17.1554
17.1536
17.1511
17.149
17.1439
17.1429
17.1398
17.1378
17.1337
17.1315
17.1283
17.1256
17.1224
17.1192
17.1159
17.1124
17.1081
17.1051
17.1009
17.0973
17.0956
17.0907
17.0883
17.0846
17.0813
17.0743
17.0703
17.0687
17.0653
17.0601
17.0575
17.0544
17.0485
17.0449
17.0422
17.0375
17.0313
17.0265
17.0244
17.0199
17.016
17.0113
17.0096
17.0079
17.0046
17.0019
16.9988
16.9966
16.9934
16.9912
16.9891
16.9856
16.9847
16.9785
16.9783
16.9744
16.9711
16.968
16.9651
16.9616
16.9564
16.9553
16.9538
16.9504
16.9434
16.9408
16.9384
16.9343
16.9286
16.9268
16.9249
16.9233
16.9194
16.9181
16.9154
16.9138
16.9121
16.9089
16.9083
16.9071
16.9055
16.9036
16.9031
16.9016
16.9009
16.8988
16.8979
16.896
16.8937
16.8921
16.8898
16.8849
16.8822
16.879
16.8752
16.87
16.8668
16.8552
16.854
16.8498
16.8402
16.8389
16.8389
16.8278
16.8232
16.819
16.8152
16.8062
16.8053
16.7982
16.794
16.7902
16.7861
16.7823
16.779
16.7747
16.7724
16.7692
16.7638
16.7611
16.7586
16.7564
16.7534
16.751
16.7487
16.7459
16.745
16.7426
16.74
16.7377
16.7346
16.7303
16.7275
16.7249
16.7232
16.7216
16.7189
16.715
16.7125
16.7096
16.7084
16.7059
16.7037
16.6978
16.6924
16.6874
16.6844
16.6782
16.6735
16.6677
16.6638
16.6598
16.6501
16.6488
16.6405
16.6378
16.6327
16.6272
16.6193
16.6159
16.6106
16.6042
16.5997
16.5961
16.5896
16.5853
16.5829
16.5752
16.5709
16.568
16.5648
16.5581
16.5527
16.5486
16.5464
16.5378
16.5352
16.5305
16.5237
16.5166
16.5017
16.5017
16.4973
16.4937
16.4856
16.4794
16.478
16.4752
16.4673
16.4619
16.4567
16.4541
16.4502
16.4479
16.4406
16.4345
16.4334
16.4265
16.4242
16.4212
16.4163
16.4125
16.4102
16.4057
16.399
16.3974
16.3931
16.3902
16.3888
16.3842
16.3834
16.3814
16.3789
16.3766
16.3748
16.3731
16.3707
16.3692
16.3668
16.3641
16.3641
16.3613
16.3597
16.3568
16.3539
16.3519
16.3494
16.345
16.3431
16.3386
16.3336
16.3332
16.3306
16.3237
16.3232
16.3199
16.3144
16.3138
16.3094
16.3086
16.3065
16.3033
16.3016
16.2992
16.2972
16.2947
16.2927
16.2867
16.2833
16.2799
16.2772
16.2739
16.2698
16.2676
16.2596
16.2596
16.254
16.2524
16.2491
16.2449
16.2431
16.2406
16.2359
16.2349
16.2315
16.2289
16.2225
16.2224
16.2181
16.2143
16.2106
16.2076
16.2036
16.2027
16.2004
16.198
16.1961
16.194
16.1902
16.1896
16.1874
16.1866
16.1852
16.1844
16.1823
16.1815
16.1796
16.1779
16.1748
16.1725
16.1707
16.1663
16.1655
16.1643
16.1589
16.1541
16.1523
16.1497
16.1459
16.1435
16.1404
16.1382
16.1314
16.1303
16.1213
16.1207
16.1168
16.1099
16.1099
16.1072
16.1045
16.1029
16.0989
16.0926
16.0926
16.0881
16.0848
16.0799
16.0757
16.0727
16.0703
16.0671
16.0636
16.0614
16.0579
16.0557
16.051
16.0465
16.0432
16.0388
16.0366
16.0342
16.0311
16.029
16.0259
16.0241
16.0221
16.0197
16.0166
16.0159
16.0131
16.0126
16.0107
16.0077
16.005
16.0047
16.0004
15.9979
15.9949
15.9824
15.9764
15.9687
15.9656
15.9543
15.9496
15.9493
15.9467
15.937
15.9283
15.9189
15.9114
15.906
15.8981
15.8929
15.8846
15.8727
15.8665
15.8628
15.8524
15.8466
15.8449
15.8356
15.8319
15.8299
15.8245
15.8133
15.8133
15.813
15.8087
15.8031
15.7994
15.7942
15.7906
15.7852
15.7827
15.7746
15.7719
15.7703
15.7617
15.757
15.757
15.7503
15.7486
15.7435
15.7382
15.7299
15.7173
15.7172
15.7099
15.7063
15.7024
15.6961
15.6929
15.6869
15.6839
15.6801
15.675
15.6721
15.6685
15.6548
15.6517
15.648
15.6446
15.6436
15.6391
15.6319
15.6319
15.6278
15.6262
15.6223
15.6161
15.6133
15.6089
15.6048
15.6004
15.5981
15.5913
15.5857
15.5834
15.579
15.57
15.57
15.562
15.55
15.5478
15.5394
15.5353
15.5318
15.5245
15.5181
15.5144
15.5082
15.5046
15.4985
15.494
15.4909
15.4853
15.4824
15.4794
15.4713
15.4708
15.4627
15.457
15.4484
15.4445
15.4411
15.4235
15.4235
15.4171
15.4114
15.4066
15.403
15.3997
15.3948
15.3884
15.3849
15.3811
15.3779
15.3762
15.3676
15.3657
15.3623
15.3598
15.357
15.3486
15.3472
15.3415
15.3348
15.3328
15.3244
15.3189
15.3172
15.3091
15.3053
15.3015
15.2914
15.28
15.2778
15.274
15.2709
15.265
15.2594
15.2521
15.2481
15.2452
15.2414
15.2321
15.2296
15.2258
15.2174
15.2143
15.2093
15.2039
15.2007
15.1955
15.1938
15.192
15.1865
15.1828
15.1815
15.1766
15.1738
15.1687
15.165
15.164
15.1611
15.1597
15.1556
15.1523
15.1503
15.147
15.1445
15.1379
15.1337
15.1271
15.1228
15.1186
15.1092
15.1033
15.0994
15.0909
15.085
15.0817
15.08
15.0762
15.072
15.0611
15.0611
15.0515
15.0483
15.0436
15.0393
15.0367
15.0328
15.0266
15.0228
15.0166
15.0166
15.0106
14.9949
14.9949
14.9945
14.9913
14.9738
14.9738
14.9692
14.9587
14.9492
14.9488
14.942
14.9387
14.9357
14.9336
14.9276
14.925
14.9202
14.9141
14.9102
14.9032
14.9005
14.896
14.8918
14.8868
14.8829
14.8767
14.8719
14.8692
14.863
14.8571
14.854
14.8484
14.8455
14.8405
14.838
14.8326
14.8306
14.8264
14.8225
14.8196
14.8177
14.8143
14.8123
14.8107
14.8068
14.8024
14.8016
14.8001
14.7981
14.7957
14.7943
14.7922
14.7899
14.7886
14.7868
14.7846
14.7822
14.777
14.777
14.7753
14.7717
14.7693
14.7665
14.7646
14.7598
14.7527
14.7523
14.7477
14.7462
14.7419
14.739
14.7349
14.7328
14.729
14.7257
14.7184
14.7174
14.714
14.7101
14.7087
14.7036
14.7007
14.6977
14.695
14.6908
14.6867
14.6818
14.6777
14.6734
14.6712
14.6659
14.6629
14.6598
14.6568
14.6527
14.651
14.6488
14.6451
14.643
14.64
14.6363
14.6323
14.6288
14.6251
14.6224
14.6186
14.6154
14.6094
14.6071
14.605
14.6022
14.5987
14.5945
14.5909
14.5884
14.5866
14.5843
14.5802
14.5757
14.5744
14.5725
14.5703
14.5673
14.565
14.5636
14.5621
14.5601
14.5581
14.5561
14.5542
14.5507
14.5495
14.5487
14.5462
14.5439
14.5418
14.5405
14.5372
14.535
14.5336
14.5309
14.5285
14.5266
14.5234
14.5219
14.5175
14.5168
14.51
14.51
14.5072
14.5049
14.5036
14.4993
14.4988
14.4963
14.4945
14.4923
14.4893
14.4832
14.4815
14.4809
14.4776
14.4761
14.4751
14.4747
14.4747
14.4679
14.4679
14.4666
14.4642
14.4629
14.4564
14.4546
14.4521
14.4485
14.4471
14.4436
14.4396
14.4365
14.4357
14.4331
14.4281
14.4265
14.4244
14.4207
14.418
14.4155
14.4135
14.4094
14.409
14.4061
14.4031
14.4001
14.3978
14.3958
14.3936
14.3916
14.3906
14.388
14.386
14.3842
14.3823
14.3783
14.377
14.375
14.3729
14.3712
14.369
14.367
14.3637
14.3617
14.3579
14.3538
14.3493
14.3467
14.3422
14.3385
14.3354
14.3308
14.3246
14.3083
14.3083
14.3047
14.3002
14.2969
14.2869
14.281
14.2748
14.2672
14.2592
14.2553
14.2418
14.2386
14.231
14.2227
14.211
14.2069
14.206
14.2026
14.199
14.1905
14.1776
14.1776
14.1745
14.1643
14.1637
14.1594
14.1541
14.1507
14.148
14.1444
14.1407
14.1359
14.1343
14.1306
14.1271
14.1233
14.1206
14.1161
14.1133
14.1097
14.1062
14.103
14.0989
14.0981
14.0949
14.0917
14.0877
14.0866
14.0822
14.0778
14.0754
14.0737
14.0706
14.0668
14.0643
14.0596
14.0568
14.0528
14.0463
14.04
14.0359
14.0245
14.0168
14.0113
14.0035
14.0001
13.9943
13.9894
13.9803
13.9746
13.9712
13.9656
13.9623
13.9592
13.9554
13.9524
13.9503
13.9482
13.9455
13.943
13.941
13.9388
13.9383
13.9335
13.9316
13.9272
13.9257
13.924
13.9226
13.9199
13.9198
13.9178
13.9159
13.9145
13.9124
13.9106
13.9076
13.9064
13.9029
13.9006
13.896
13.8938
13.8902
13.8871
13.8837
13.8779
13.8746
13.8698
13.8667
13.8631
13.8581
13.8553
13.8447
13.8441
13.8353
13.833
13.827
13.8245
13.8152
13.8127
13.8095
13.8075
13.8022
13.799
13.7964
13.7929
13.7897
13.7855
13.7813
13.7783
13.7755
13.7726
13.7675
13.7645
13.762
13.7575
13.7516
13.7478
13.7452
13.733
13.7309
13.7189
13.7189
13.7095
13.7095
13.6971
13.6822
13.6433
13.6433
13.6267
13.6093
13.6049
13.6002
13.5879
13.5754
13.5687
13.546
13.546
13.5395
13.5221
13.5198
13.5148
13.5077
13.4925
13.4903
13.4851
13.4676
13.4636
13.4614
13.4598
13.4538
13.4468
13.4453
13.4378
13.434
13.4298
13.4261
13.4224
13.4201
13.4171
13.4132
13.4086
13.4041
13.4009
13.3925
13.3854
13.3809
13.3759
13.3739
13.3688
13.3662
13.3622
13.3608
13.3583
13.3567
13.3537
13.3509
13.3483
13.3456
13.3438
13.3408
13.3393
13.3369
13.3357
13.3333
13.3321
13.3307
13.3294
13.3278
13.3266
13.3249
13.3224
13.3202
13.3186
13.3179
13.3159
13.3139
13.3122
13.3103
13.306
13.3036
13.2989
13.2958
13.2909
13.2874
13.2836
13.2779
13.2737
13.27
13.2663
13.2636
13.2598
13.2563
13.2539
13.2509
13.2457
13.2432
13.2418
13.2368
13.2339
13.2256
13.2241
13.2209
13.2181
13.2138
13.2123
13.2092
13.2046
13.2003
13.1979
13.1956
13.1913
13.1892
13.1869
13.1844
13.1751
13.1751
13.1714
13.1646
13.1634
13.157
13.1531
13.1517
13.1487
13.1452
13.1418
13.1381
13.1347
13.1325
13.1298
13.1276
13.1249
13.1221
13.1196
13.1169
13.1133
13.1099
13.1046
13.1009
13.0968
13.0923
13.089
13.0839
13.0813
13.0755
13.0691
13.0657
13.0595
13.0546
13.0485
13.0434
13.0396
13.0356
13.03
13.026
13.022
13.0197
13.0166
13.0126
13.009
13.0056
13.0026
12.9971
12.997
12.9931
12.9907
12.9894
12.9854
12.9811
12.9775
12.9741
12.9732
12.9703
12.9692
12.9663
12.9645
12.9622
12.9604
12.9591
12.9583
12.9571
12.9552
12.9543
12.9531
12.9522
12.9507
12.9494
12.9487
12.9479
12.9463
12.9449
12.9443
12.9428
12.9417
12.9398
12.9382
12.9368
12.9346
12.932
12.9302
12.9265
12.9224
12.9201
12.9185
12.9149
12.9076
12.9034
12.9034
12.8995
12.8951
12.886
12.886
12.8832
12.8797
12.875
12.8696
12.866
12.8592
12.8544
12.8535
12.8157
12.8157
12.8157
12.8157
12.8074
12.7856
12.7856
12.7856
12.784
12.7671
12.7629
12.7617
12.7589
12.7533
12.7481
12.7466
12.7408
12.7326
12.7322
12.728
12.7236
12.7184
12.7174
12.7111
12.7074
12.7052
12.7019
12.6982
12.6902
12.689
12.6859
12.683
12.6794
12.6777
12.6737
12.6711
12.6683
12.6674
12.6658
12.6637
12.6619
12.6586
12.6579
12.6572
12.6548
12.6533
12.652
12.6504
12.6491
12.6481
12.6471
12.6458
12.6432
12.6432
12.6419
12.6413
12.6392
12.6365
12.6346
12.6333
12.6314
12.6295
12.6275
12.6253
12.6237
12.6195
12.6168
12.6114
12.6105
12.6075
12.6045
12.5998
12.596
12.5935
12.5866
12.5863
12.5821
12.5797
12.5771
12.5743
12.566
12.566
12.5646
12.5626
12.56
12.552
12.5511
12.5479
12.5452
12.5426
12.5364
12.5342
12.529
12.5266
12.5221
12.5168
12.5089
12.4991
12.4952
12.4889
12.481
12.4763
12.4683
12.4591
12.4548
12.4518
12.4411
12.4385
12.4322
12.4261
12.4231
12.4203
12.4158
12.415
12.4135
12.4107
12.4082
12.4055
12.4035
12.4008
12.398
12.3963
12.3942
12.3912
12.3896
12.387
12.3857
12.3775
12.377
12.3752
12.3722
12.3682
12.3621
12.3598
12.3572
12.3524
12.3489
12.3413
12.3389
12.3329
12.3297
12.3266
12.3239
12.3203
12.3183
12.315
12.3119
12.3101
12.3083
12.3051
12.3036
12.3002
12.2954
12.2954
12.2921
12.2896
12.2875
12.2839
12.2828
12.2818
12.2787
12.2768
12.2751
12.2735
12.2719
12.2702
12.2693
12.2684
12.2664
12.2657
12.2653
12.2642
12.263
12.2602
12.2596
12.2575
12.2549
12.2519
12.2499
12.2474
12.2451
12.2409
12.2367
12.2321
12.227
12.2221
12.2148
12.2092
12.2061
12.1994
12.1953
12.1889
12.1857
12.18
12.1774
12.1727
12.1642
12.1629
12.1594
12.1546
12.1501
12.1417
12.1371
12.1314
12.128
12.1174
12.1136
12.1104
12.103
12.1003
12.0967
12.091
12.0788
12.075
12.0708
12.0626
12.0567
12.0513
12.0401
12.0281
12.0281
12.0219
12.014
12.0107
12.0046
12.0022
11.9978
11.994
11.992
11.9886
11.9855
11.9834
11.9803
11.9777
11.9735
11.9718
11.97
11.9659
11.9646
11.9601
11.9591
11.9556
11.9541
11.9511
11.9485
11.9443
11.9402
11.9396
11.9358
11.9331
11.9286
11.9239
11.9214
11.9187
11.9159
11.9093
11.903
11.901
11.8955
11.8929
11.8891
11.8856
11.8815
11.8795
11.8769
11.8728
11.8696
11.8675
11.8642
11.8609
11.8564
11.8528
11.8523
11.8479
11.8469
11.8433
11.8411
11.8391
11.8351
11.831
11.83
11.8282
11.8249
11.8235
11.822
11.8197
11.8187
11.8165
11.8156
11.8133
11.81
11.8076
11.8062
11.8013
11.8013
11.7963
11.7947
11.7909
11.7865
11.7851
11.7795
11.7779
11.7746
11.7726
11.7674
11.7625
11.7602
11.7556
11.7518
11.7476
11.7444
11.7365
11.732
11.7271
11.7224
11.7223
11.7163
11.7122
11.7047
11.7012
11.6978
11.6949
11.6846
11.682
11.6778
11.6718
11.6703
11.6622
11.6508
11.6496
11.6451
11.6386
11.6333
11.6275
11.624
11.6202
11.614
11.6077
11.6035
11.6003
11.5948
11.5912
11.5885
11.5865
11.5811
11.5738
11.5688
11.564
11.5602
11.5541
11.5484
11.5454
11.5418
11.5331
11.5331
11.5314
11.5289
11.5259
11.5227
11.519
11.5153
11.509
11.5079
11.5051
11.5017
11.4992
11.4956
11.4944
11.4909
11.4902
11.4892
11.4852
11.4852
11.4817
11.4807
11.4781
11.4775
11.474
11.4732
11.4713
11.4644
11.462
11.4561
11.4495
11.4434
11.4318
11.4318
11.4187
11.4132
11.4095
11.4013
11.3957
11.3921
11.3883
11.3851
11.3794
11.3766
11.3739
11.3706
11.3679
11.365
11.3629
11.3599
11.3572
11.355
11.3519
11.348
11.3452
11.3418
11.3374
11.3348
11.3315
11.3294
11.3263
11.3231
11.3215
11.3203
11.3191
11.3151
11.3137
11.3119
11.3083
11.3083
11.3057
11.3057
11.3044
11.3026
11.3014
11.3002
11.2985
11.2974
11.2944
11.2916
11.2896
11.2859
11.2841
11.281
11.278
11.2758
11.2736
11.2712
11.2701
11.2674
11.265
11.2626
11.2598
11.2592
11.258
11.2562
11.254
11.2527
11.2512
11.2494
11.2485
11.2468
11.2465
11.2452
11.2438
11.2406
11.2398
11.2371
11.2352
11.2333
11.2268
11.2267
11.2225
11.2179
11.2135
11.2109
11.2064
11.2008
11.1945
11.1929
11.1797
11.1797
11.1797
11.1764
11.1695
11.1673
11.1636
11.1606
11.1536
11.1471
