1.80851e+09
1.30431e+09
9.31439e+07
4.68899e+06
1.91722e+06
151008
151008
151008
151008
151008
138122
31930.1
17155.9
3249.33
3249.33
3249.33
3249.33
3249.33
3249.33
3249.33
1292.18
1292.18
192.466
192.466
192.466
192.466
192.466
192.466
93.7175
29.6327
29.6327
29.6327
29.6327
29.6327
29.6327
29.6327
29.6327
24.4784
16.9938
16.3208
15.491
7.23575
5.16418
5.16418
5.16418
5.16418
5.16418
3.50301
3.50301
3.50301
3.50301
3.22246
3.22246
2.98078
2.88854
2.78002
2.59569
2.59569
2.59569
2.59569
2.57951
2.517
2.45907
2.3796
2.37444
2.33337
2.31335
2.22977
2.19844
2.16504
2.11512
2.09345
2.07389
2.03482
2.01735
1.98046
1.98046
1.92844
1.90031
1.8886
1.87577
1.85279
1.8337
1.80681
1.78253
1.75124
1.71928
1.71043
1.65083
1.62922
1.59642
1.58136
1.56364
1.51144
1.49103
1.48463
1.44489
1.43372
1.37725
1.37725
1.32344
1.30664
1.28525
1.24993
1.21255
1.20076
1.18204
1.15875
1.14346
1.12846
1.10586
1.10586
1.08043
1.06474
1.05321
1.03822
1.03123
1.02281
1.01637
0.997029
0.990153
0.981001
0.975236
0.969272
0.964935
0.956975
0.950151
0.946325
0.939789
0.93494
0.919763
0.916839
0.909313
0.885681
0.872705
0.872705
0.862252
0.848831
0.841827
0.837325
0.826215
0.820896
0.816753
0.811457
0.806969
0.801326
0.792669
0.788406
0.781374
0.778626
0.773709
0.768793
0.764131
0.761282
0.749424
0.744636
0.739746
0.734839
0.727016
0.725911
0.717679
0.712358
0.699982
0.69401
0.683957
0.676873
0.672866
0.666184
0.659638
0.653475
0.65014
0.646623
0.640034
0.637479
0.633947
0.630541
0.625947
0.623402
0.618792
0.615325
0.607601
0.606069
0.599953
0.595487
0.590198
0.586867
0.581975
0.5749
0.569494
0.565436
0.561056
0.556053
0.555893
0.548396
0.547679
0.54448
0.540571
0.536492
0.531663
0.526364
0.525953
0.521809
0.517916
0.513358
0.507904
0.50576
0.502587
0.49405
0.49405
0.491434
0.487395
0.484775
0.483313
0.480494
0.47962
0.478369
0.473963
0.472718
0.470519
0.467559
0.461618
0.454132
0.454132
0.45133
0.44694
0.444251
0.439133
0.437269
0.43571
0.432355
0.427154
0.427154
0.423239
0.421031
0.418466
0.415814
0.411732
0.408258
0.405967
0.40293
0.400627
0.398003
0.396576
0.394218
0.392899
0.391031
0.389347
0.387012
0.38516
0.384031
0.382758
0.381369
0.380324
0.378793
0.377603
0.376764
0.374949
0.370048
0.370048
0.36887
0.366213
0.362529
0.357546
0.35525
0.35281
0.349406
0.347474
0.344402
0.340719
0.338891
0.336425
0.332531
0.330538
0.328552
0.326961
0.324259
0.322079
0.320834
0.319897
0.317586
0.316341
0.315402
0.314739
0.313358
0.31249
0.310903
0.310112
0.30745
0.305585
0.304914
0.303166
0.301619
0.300055
0.298104
0.295272
0.292854
0.290922
0.289196
0.288032
0.285761
0.281764
0.280798
0.278668
0.277248
0.274548
0.273947
0.272981
0.27135
0.268877
0.268097
0.267665
0.266943
0.265693
0.265252
0.264445
0.263595
0.262758
0.262235
0.2613
0.260881
0.260375
0.259181
0.258593
0.257759
0.256961
0.255986
0.254895
0.254118
0.253213
0.252705
0.252184
0.251218
0.250678
0.249138
0.248698
0.247912
0.24679
0.246001
0.244782
0.243992
0.243413
0.242719
0.242014
0.24175
0.241253
0.240335
0.24008
0.239367
0.238799
0.238428
0.237493
0.236916
0.235952
0.235659
0.234597
0.233971
0.233336
0.232115
0.231303
0.230182
0.230037
0.228104
0.227022
0.226431
0.225737
0.224526
0.223932
0.222782
0.222226
0.221154
0.220501
0.219722
0.218909
0.218045
0.217501
0.216444
0.215444
0.214398
0.213482
0.212218
0.211459
0.210907
0.210265
0.209599
0.208918
0.208168
0.206496
0.205254
0.205089
0.204124
0.203087
0.202008
0.200855
0.199489
0.198695
0.197889
0.197143
0.1965
0.195921
0.195338
0.194768
0.194144
0.19387
0.193369
0.192874
0.19221
0.191645
0.191095
0.190617
0.190079
0.189723
0.189355
0.189019
0.188654
0.188138
0.187664
0.187314
0.186906
0.186422
0.186352
0.185826
0.185596
0.185126
0.184376
0.183617
0.183039
0.18238
0.181724
0.18049
0.178557
0.178322
0.177506
0.17662
0.17569
0.174937
0.173896
0.173044
0.170439
0.169545
0.168265
0.168079
0.166465
0.164929
0.164008
0.162383
0.161185
0.159766
0.158739
0.158134
0.156758
0.156267
0.15529
0.154528
0.153957
0.152528
0.152157
0.150719
0.150173
0.149162
0.147294
0.146754
0.146203
0.145151
0.144298
0.143898
0.143502
0.142645
0.142317
0.141597
0.140841
0.140657
0.1398
0.139332
0.138727
0.137906
0.137423
0.137068
0.135979
0.135792
0.135005
0.134092
0.133315
0.132434
0.131631
0.131133
0.130266
0.129531
0.128889
0.128149
0.127229
0.126556
0.125818
0.125132
0.124516
0.124041
0.123034
0.122794
0.122154
0.121617
0.121217
0.120812
0.119949
0.119542
0.119144
0.11835
0.117734
0.117068
0.116454
0.116137
0.115638
0.114819
0.114382
0.113971
0.113106
0.11265
0.112053
0.111639
0.111051
0.110761
0.109912
0.109471
0.109347
0.10862
0.107966
0.107796
0.107578
0.107263
0.106963
0.106391
0.105982
0.105632
0.105296
0.104736
0.104128
0.10383
0.103531
0.103122
0.102959
0.10266
0.102364
0.101977
0.101481
0.101035
0.100569
0.100409
0.100009
0.0997738
0.0995125
0.099277
0.0989515
0.0987454
0.0984493
0.0982092
0.0978079
0.0976179
0.0972651
0.0970322
0.0965737
0.0962709
0.0956713
0.0954072
0.0947886
0.0944337
0.0938562
0.0934007
0.0928031
0.0923374
0.0916881
0.0909848
0.0906744
0.0899018
0.0897573
0.0888609
0.0883701
0.0881063
0.087567
0.0865453
0.0865453
0.0858942
0.0854638
0.084975
0.0845905
0.0842541
0.0837643
0.0828786
0.0826177
0.0821197
0.0817505
0.0813951
0.0810234
0.0804736
0.0799789
0.0799752
0.0796081
0.0792885
0.0791722
0.078966
0.078793
0.0786109
0.0784534
0.078356
0.0782422
0.0780337
0.0778998
0.0777733
0.0776748
0.0774501
0.0772543
0.0770187
0.0768879
0.0766878
0.0764597
0.076278
0.0760884
0.0758822
0.0754238
0.0751193
0.074884
0.0747326
0.0744714
0.0742056
0.0739603
0.073715
0.0734757
0.0731755
0.0729132
0.0726036
0.0723974
0.0722022
0.0720217
0.0716354
0.0714382
0.0710005
0.0704199
0.0704199
0.070142
0.0698091
0.0696583
0.0694506
0.0692483
0.0689526
0.0686534
0.0684607
0.0682443
0.0678957
0.0676709
0.0674426
0.067149
0.0666778
0.0662322
0.0656085
0.0651741
0.0649041
0.0645142
0.0640704
0.0637908
0.063537
0.0632777
0.0629921
0.062648
0.0623255
0.0621321
0.061805
0.0614416
0.0612393
0.060845
0.0606472
0.0603774
0.0603152
0.0601222
0.0598849
0.0597565
0.0595038
0.0593279
0.0591659
0.0589731
0.0587487
0.0581518
0.0579707
0.057639
0.0573709
0.0569594
0.0566836
0.0562868
0.0558457
0.0554565
0.0552765
0.0548373
0.0546061
0.0543042
0.0540128
0.0537652
0.0534343
0.0532979
0.0528285
0.0526823
0.0520941
0.0520941
0.0517814
0.0517814
0.0516587
0.0513742
0.0509867
0.0509867
0.0507375
0.0506409
0.0505498
0.0503456
0.0502183
0.0501861
0.0500049
0.049971
0.0497367
0.0494514
0.0493294
0.0491843
0.0490165
0.0487484
0.0485869
0.048353
0.0481632
0.0480079
0.0477858
0.0475999
0.0474914
0.0473531
0.0471557
0.0470583
0.0468584
0.0466354
0.0464497
0.0463477
0.0461418
0.0459108
0.0458577
0.0456403
0.045474
0.0452871
0.0450905
0.0448202
0.0444912
0.0443058
0.0439619
0.0437705
0.0436418
0.0435476
0.0433652
0.0432762
0.0431807
0.042888
0.042888
0.0427302
0.0426485
0.0423175
0.0422363
0.0420787
0.0418414
0.0418414
0.0416401
0.0414843
0.041241
0.0410417
0.0408145
0.040497
0.0403404
0.0401035
0.0398398
0.0396848
0.0395577
0.03938
0.039252
0.0391535
0.0389968
0.0388048
0.0386012
0.038515
0.0383733
0.0381126
0.0380374
0.0378674
0.0376779
0.0374766
0.0373718
0.0372567
0.0371308
0.036937
0.036819
0.0366773
0.0365692
0.0364209
0.0362579
0.0360809
0.0359475
0.0356913
0.0356433
0.0354597
0.0352401
0.0350614
0.0348396
0.034456
0.0344069
0.0340459
0.033806
0.0335886
0.0333787
0.0331203
0.0330587
0.0329175
0.0326983
0.0325105
0.032406
0.0321601
0.0320549
0.031831
0.0312747
0.0312723
0.0311335
0.0309528
0.0307977
0.0306356
0.0302273
0.0302007
0.0300166
0.0299084
0.0297655
0.0295265
0.0294765
0.0294071
0.0293021
0.0292479
0.0290875
0.0290597
0.0289274
0.0288237
0.0287697
0.0286685
0.0285591
0.0284402
0.0283432
0.028237
0.028036
0.0280034
0.0278883
0.0278086
0.0277492
0.0276176
0.0275366
0.0274941
0.0273734
0.0272097
0.0272097
0.0270413
0.0270413
0.0268967
0.0268271
0.0266471
0.026584
0.0264465
0.0263731
0.0262843
0.0261791
0.0258849
0.0257416
0.0255828
0.0254512
0.0252887
0.0251844
0.0250587
0.0249593
0.0248866
0.0248241
0.0247055
0.0245761
0.0244517
0.0243998
0.024325
0.0242027
0.0241632
0.0241632
0.0241632
0.0241632
0.0241632
0.0241632
0.0241632
0.0241632
0.0241632
0.0241632
0.0241632
0.0241632
0.0241632
0.0241632
0.0241632
0.0241632
0.0241632
0.0241632
0.0241632
0.0241632
0.0241632
0.0241632
0.0241632
0.0241632
0.0241632
0.0241632
0.0241632
0.0241632
0.0241632
0.0241632
0.0241632
0.0241632
0.0241632
0.0241632
0.0241632
0.0241632
0.0241632
0.0241632
0.0241632
0.0241632
0.0241632
0.0241632
0.0241632
0.0241632
0.0241632
0.0241632
0.0241632
0.0241632
0.0241632
0.0241632
0.0241632
0.0241632
0.0241632
0.0241632
0.0241632
0.0241632
0.0241632
0.0241632
0.0241632
0.0241632
0.0241632
0.0241632
0.0241632
0.0241632
0.0241632
0.0241632
0.0241632
0.0241632
0.0241632
0.0241632
0.0241632
0.0241632
0.0241632
0.0241632
0.0241632
0.0241632
0.0241632
0.0241632
0.0241632
0.0241632
0.0241632
0.0241632
0.0241632
0.0241632
0.0241632
0.0241632
0.0241632
0.0241632
0.0241632
0.0241632
0.0241632
0.0241632
0.0241632
0.0241632
0.0241632
0.0241632
0.0241632
0.0241632
0.0241632
0.0241632
0.0241632
0.0241632
0.0241632
0.0241632
0.0241632
0.0241632
0.0241632
0.0241632
0.0241632
0.0241632
0.0241632
0.0241632
0.0241632
0.0241632
0.0241632
0.0241632
0.0241632
0.0241632
0.0241632
0.0241632
0.0241632
0.0241632
0.0241632
0.0241632
0.0241632
0.0241632
0.0241632
0.0241632
0.0241632
0.0241632
0.0241632
0.0241632
0.0241632
0.0241632
0.0241632
0.0241632
0.0241632
0.0241632
0.0241632
0.0241632
0.0241632
0.0241632
0.0241632
0.0241632
0.0241632
0.0241632
0.0241632
0.0241632
0.0241632
0.0241632
0.0241632
0.0241632
0.0241632
0.0241632
0.0241632
0.0241632
0.0241632
0.0241632
0.0241632
0.0241632
0.0241632
0.0241632
0.0241632
0.0241632
0.0241632
0.0241632
0.0241632
0.0241632
0.0241632
0.0241632
0.0241632
0.0241632
0.0241632
0.0241632
0.0241632
0.0241632
0.0241632
0.0241632
0.0241632
0.0241632
0.0241632
0.0241632
0.0241632
0.0241632
0.0241632
0.0241632
0.0241632
0.0241632
0.0241632
0.0241632
0.0241632
0.0241632
0.0241632
0.0241632
0.0241632
0.0241632
0.0241632
0.0241632
0.0241632
0.0241632
0.0241632
0.0241632
0.0241632
0.0241632
0.0241632
0.0241632
0.0241632
0.0241632
0.0241632
0.0241632
0.0241632
0.0241632
0.0241632
0.0241632
0.0241632
0.0241632
0.0241632
0.0241632
0.0241632
0.0241632
0.0241632
0.0241632
0.0241632
0.0241632
0.0241632
0.0241632
0.0241632
0.0241632
0.0241632
0.0241632
0.0241632
0.0241632
0.0241632
0.0241632
0.0241632
0.0241632
0.0241632
0.0241632
0.0241632
0.0241632
0.0241632
0.0241632
0.0241632
0.0241632
0.0241632
0.0241632
0.0241632
0.0241632
0.0241632
0.0241632
0.0241632
0.0241632
0.0241632
0.0241632
0.0241632
0.0241632
0.0241632
0.0241632
0.0241632
0.0241632
0.0241632
0.0241632
0.0241632
0.0241632
0.0241632
0.0241632
0.0241632
0.0241632
0.0241632
0.0241632
0.0241632
0.0241632
0.0241632
0.0241632
0.0241632
0.0241632
0.0241632
0.0241632
0.0241632
0.0241632
0.0241632
0.0241632
0.0241632
0.0241632
0.0241632
0.0241632
0.0241632
0.0241632
0.0241632
0.0241632
0.0241632
0.0241632
0.0241632
0.0241632
0.0241632
0.0241632
0.0241632
0.0241632
0.0241632
0.0241632
0.0241632
0.0241632
0.0241632
0.0241632
0.0241632
0.0241632
0.0241632
0.0241632
0.0241632
0.0241632
0.0241632
0.0241632
0.0241632
0.0241632
0.0241632
0.0241632
0.0241632
0.0241632
0.0241632
0.0241632
0.0241632
0.0241632
0.0241632
0.0241632
0.0241632
0.0241632
0.0241632
0.0241632
0.0241632
0.0241632
0.0241632
0.0241632
0.0241632
0.0241632
0.0241632
0.0241632
0.0241632
0.0241632
0.0241632
0.0241632
0.0241632
0.0241632
0.0241632
0.0241632
0.0241632
0.0241632
0.0241632
0.0241632
0.0241632
0.0241632
0.0241632
0.0241632
0.0241632
0.0241632
0.0241632
0.0241632
0.0241632
0.0241632
0.0241632
0.0241632
0.0241632
0.0241632
0.0241632
0.0241632
0.0241632
0.0241632
0.0241632
0.0241632
0.0241632
0.0241632
0.0241632
0.0241632
0.0241632
0.0241632
0.0241632
0.0241632
0.0241632
0.0241632
0.0241632
0.0241632
0.0241632
0.0241632
0.0241632
0.0241632
0.0241632
0.0241632
0.0241632
0.0241632
0.0241632
0.0241632
0.0241632
0.0241632
0.0241632
0.0241632
0.0241632
0.0241632
0.0241632
0.0241632
0.0241632
0.0241632
0.0241632
0.0241632
0.0241632
0.0241632
0.0241632
0.0241632
0.0241632
0.0241632
0.0241632
0.0241632
0.0241632
0.0241632
0.0241632
0.0241632
0.0241632
0.0241632
0.0241632
0.0241632
0.0241632
0.0241632
0.0241632
0.0241632
0.0241632
0.0241632
0.0241632
0.0241632
0.0241632
0.0241632
0.0241632
0.0241632
0.0241632
0.0241632
0.0241632
0.0241632
0.0241632
0.0241632
0.0241632
0.0241632
0.0241632
0.0241632
0.0241632
0.0241632
0.0241632
0.0241632
0.0241632
0.0241632
0.0241632
0.0241632
0.0241632
0.0241632
0.0241632
0.0241632
0.0241632
0.0241632
0.0241632
0.0241632
0.0241632
0.0241632
0.0241632
0.0241632
0.0241632
0.0241632
0.0241632
0.0241632
0.0241632
0.0241632
0.0241632
0.0241632
0.0241632
0.0241632
0.0241632
0.0241632
0.0241632
0.0241632
0.0241632
0.0241632
0.0241632
0.0241632
0.0241632
0.0241632
0.0241632
0.0241632
0.0241632
0.0241632
0.0241632
0.0241632
0.0241632
0.0241632
0.0241632
0.0241632
0.0241632
0.0241632
0.0241632
0.0241632
0.0241632
0.0241632
0.0241632
0.0241632
0.0241632
0.0241632
0.0241632
0.0241632
0.0241632
0.0241632
0.0241632
0.0241632
0.0241632
0.0241632
0.0241632
0.0241632
0.0241632
0.0241632
0.0241632
0.0241632
0.0241632
0.0241632
0.0241632
0.0241632
0.0241632
0.0241632
0.0241632
0.0241632
0.0241632
0.0241632
0.0241632
0.0241632
0.0241632
0.0241632
0.0241632
0.0241632
0.0241632
0.0241632
0.0241632
0.0241632
0.0241632
0.0241632
0.0241632
0.0241632
0.0241632
0.0241632
0.0241632
0.0241632
0.0241632
0.0241632
0.0241632
0.0241632
0.0241632
0.0241632
0.0241632
0.0241632
0.0241632
0.0241632
0.0241632
0.0241632
0.0241632
0.0241632
0.0241632
0.0241632
0.0241632
0.0241632
0.0241632
0.0241632
0.0241632
0.0241632
0.0241632
0.0241632
0.0241632
0.0241632
0.0241632
0.0241632
0.0241632
0.0241632
0.0241632
0.0241632
0.0241632
0.0241632
0.0241632
0.0241632
0.0241632
0.0241632
0.0241632
0.0241632
0.0241632
0.0241632
0.0241632
0.0241632
0.0241632
0.0241632
0.0241632
0.0241632
0.0241632
0.0241632
0.0241632
0.0241632
0.0241632
0.0241632
0.0241632
0.0241632
0.0241632
0.0241632
0.0241632
0.0241632
0.0241632
0.0241632
0.0241632
0.0241632
0.0241632
0.0241632
0.0241632
0.0241632
0.0241632
0.0241632
0.0241632
0.0241632
0.0241632
0.0241632
0.0241632
0.0241632
0.0241632
0.0241632
0.0241632
0.0241632
0.0241632
0.0241632
0.0241632
0.0241632
0.0241632
0.0241632
0.0241632
0.0241632
0.0241632
0.0241632
0.0241632
0.0241632
0.0241632
0.0241632
0.0241632
0.0241632
0.0241632
0.0241632
0.0241632
0.0241632
0.0241632
0.0241632
0.0241632
0.0241632
0.0241632
0.0241632
0.0241632
0.0241632
0.0241632
0.0241632
0.0241632
0.0241632
0.0241632
0.0241632
0.0241632
0.0241632
0.0241632
0.0241632
0.0241632
0.0241632
0.0241632
0.0241632
0.0241632
0.0241632
0.0241632
0.0241632
0.0241632
0.0241632
0.0241632
0.0241632
0.0241632
0.0241632
0.0241632
0.0241632
0.0241632
0.0241632
0.0241632
0.0241632
0.0241632
0.0241632
0.0241632
0.0241632
0.0241632
0.0241632
0.0241632
0.0241632
0.0241632
0.0241632
0.0241632
0.0241632
0.0241632
0.0241632
0.0241632
0.0241632
0.0241632
0.0241632
0.0241632
0.0241632
0.0241632
0.0241632
0.0241632
0.0241632
0.0241632
0.0241632
0.0241632
0.0241632
0.0241632
0.0241632
0.0241632
0.0241632
0.0241632
0.0241632
0.0241632
0.0241632
0.0241632
0.0241632
0.0241632
0.0241632
0.0241632
0.0241632
0.0241632
0.0241632
0.0241632
0.0241632
0.0241632
0.0241632
0.0241632
0.0241632
0.0241632
0.0241632
0.0241632
0.0241632
0.0241632
0.0241632
0.0241632
0.0241632
0.0241632
0.0241632
0.0241632
0.0241632
0.0241632
0.0241632
0.0241632
0.0241632
0.0241632
0.0241632
0.0241632
0.0241632
0.0241632
0.0241632
0.0241632
0.0241632
0.0241632
0.0241632
0.0241632
0.0241632
0.0241632
0.0241632
0.0241632
0.0241632
0.0241632
0.0241632
0.0241632
0.0241632
0.0241632
0.0241632
0.0241632
0.0241632
0.0241632
0.0241632
0.0241632
0.0241632
0.0241632
0.0241632
0.0241632
0.0241632
0.0241632
0.0241632
0.0241632
0.0241632
0.0241632
0.0241632
0.0241632
0.0241632
0.0241632
0.0241632
0.0241632
0.0241632
0.0241632
0.0241632
0.0241632
0.0241632
0.0241632
0.0241632
0.0241632
0.0241632
0.0241632
0.0241632
0.0241632
0.0241632
0.0241632
0.0241632
0.0241632
0.0241632
0.0241632
0.0241632
0.0241632
0.0241632
0.0241632
0.0241632
0.0241632
0.0241632
0.0241632
0.0241632
0.0241632
0.0241632
0.0241632
0.0241632
0.0241632
0.0241632
0.0241632
0.0241632
0.0241632
0.0241632
0.0241632
0.0241632
0.0241632
0.0241632
0.0241632
0.0241632
0.0241632
0.0241632
0.0241632
0.0241632
0.0241632
0.0241632
0.0241632
0.0241632
0.0241632
0.0241632
0.0241632
0.0241632
0.0241632
0.0241632
0.0241632
0.0241632
0.0241632
0.0241632
0.0241632
0.0241632
0.0241632
0.0241632
0.0241632
0.0241632
0.0241632
0.0241632
0.0241632
0.0241632
0.0241632
0.0241632
0.0241632
0.0241632
0.0241632
0.0241632
0.0241632
0.0241632
0.0241632
0.0241632
0.0241632
0.0241632
0.0241632
0.0241632
0.0241632
0.0241632
0.0241632
0.0241632
0.0241632
0.0241632
0.0241632
0.0241632
0.0241632
0.0241632
0.0241632
0.0241632
0.0241632
0.0241632
0.0241632
0.0241632
0.0241632
0.0241632
0.0241632
0.0241632
0.0241632
0.0241632
0.0241632
0.0241632
0.0241632
0.0241632
0.0241632
0.0241632
0.0241632
0.0241632
0.0241632
0.0241632
0.0241632
0.0241632
0.0241632
0.0241632
0.0241632
0.0241632
0.0241632
0.0241632
0.0241632
0.0241632
0.0241632
0.0241632
0.0241632
0.0241632
0.0241632
0.0241632
0.0241632
0.0241632
0.0241632
0.0241632
0.0241632
0.0241632
0.0241632
0.0241632
0.0241632
0.0241632
0.0241632
0.0241632
0.0241632
0.0241632
0.0241632
0.0241632
0.0241632
0.0241632
0.0241632
0.0241632
0.0241632
0.0241632
0.0241632
0.0241632
0.0241632
0.0241632
0.0241632
0.0241632
0.0241632
0.0241632
0.0241632
0.0241632
0.0241632
0.0241632
0.0241632
0.0241632
0.0241632
0.0241632
0.0241632
0.0241632
0.0241632
0.0241632
0.0241632
0.0241632
0.0241632
0.0241632
0.0241632
0.0241632
0.0241632
0.0241632
0.0241632
0.0241632
0.0241632
0.0241632
0.0241632
0.0241632
0.0241632
0.0241632
0.0241632
0.0241632
0.0241632
0.0241632
0.0241632
0.0241632
0.0241632
0.0241632
0.0241632
0.0241632
0.0241632
0.0241632
0.0241632
0.0241632
0.0241632
0.0241632
0.0241632
0.0241632
0.0241632
