4.21861e+09
1.35976e+09
4.41235e+08
3.12591e+08
7.01764e+07
7.01701e+06
1.2061e+06
180539
38904.2
38904.2
38904.2
38904.2
38904.2
38904.2
38904.2
38904.2
38904.2
25542.8
25542.8
25542.8
25542.8
25542.8
25542.8
11518.5
7132.61
7132.61
4827.67
2791.4
2622.04
2622.04
2622.04
2622.04
2622.04
2622.04
2622.04
2622.04
2622.04
2622.04
2622.04
2413.93
2314.8
1853
1741.93
1677.44
1339.92
1339.92
1339.92
1246.88
1214.61
1118.04
1099.24
886.383
821.012
728.723
659.79
548.6
489.734
370.461
370.461
297.749
273.784
226.332
197.561
171.539
149.466
117.339
71.4651
68.3259
46.5807
27.1803
13.6414
8.57145
4.36931
3.45501
3.23827
3.23827
3.23827
3.23827
3.23827
3.23827
2.8667
2.83317
2.79008
2.79008
2.79008
2.63581
2.6263
2.56529
2.4894
2.46037
2.38331
2.33418
2.30243
2.25128
2.24637
2.13446
2.13255
2.00699
2.00699
2.00474
1.91817
1.85461
1.80235
1.77356
1.75912
1.72131
1.68873
1.65926
1.63845
1.61541
1.59676
1.57281
1.51587
1.51587
1.51021
1.4825
1.45897
1.45276
1.42371
1.40977
1.40942
1.39208
1.37382
1.36474
1.33771
1.31591
1.30146
1.28717
1.27691
1.25495
1.24258
1.23399
1.22232
1.19946
1.19607
1.17781
1.16795
1.1539
1.15073
1.13871
1.12623
1.12034
1.10821
1.10227
1.0919
1.07542
1.06602
1.05189
1.04054
1.0363
1.02398
0.990836
0.986222
0.972292
0.958683
0.945665
0.927573
0.921338
0.906668
0.900809
0.889608
0.888633
0.882444
0.87181
0.859
0.853137
0.843207
0.836548
0.828595
0.821628
0.809199
0.801319
0.785979
0.783937
0.772406
0.766688
0.755605
0.747524
0.743573
0.735815
0.726565
0.719851
0.711596
0.707369
0.701652
0.696685
0.688061
0.685225
0.681858
0.679258
0.6749
0.673644
0.670744
0.662638
0.661623
0.657732
0.655041
0.651203
0.648506
0.645797
0.639994
0.639163
0.632551
0.632551
0.629035
0.6259
0.622116
0.61912
0.6148
0.609453
0.606504
0.602138
0.597585
0.595481
0.593345
0.58862
0.586179
0.583936
0.581098
0.577459
0.575611
0.571694
0.567427
0.563333
0.557054
0.554001
0.549719
0.539717
0.536012
0.533424
0.526948
0.523566
0.521307
0.518807
0.513878
0.509736
0.505744
0.502843
0.49934
0.49697
0.494346
0.491793
0.491036
0.487413
0.48467
0.482436
0.479628
0.476691
0.47302
0.472138
0.471049
0.468985
0.465677
0.464474
0.46218
0.460217
0.457621
0.456166
0.453055
0.449958
0.447874
0.444825
0.440546
0.4368
0.434704
0.42976
0.427449
0.423167
0.422218
0.417469
0.41533
0.411033
0.407236
0.40272
0.401503
0.397596
0.393488
0.392517
0.387392
0.383314
0.379875
0.37441
0.37146
0.366513
0.364805
0.360947
0.358107
0.352377
0.34971
0.347527
0.344776
0.342453
0.338614
0.337281
0.335087
0.332048
0.330121
0.326673
0.324757
0.322016
0.31987
0.316931
0.314113
0.311034
0.308631
0.30694
0.305326
0.302209
0.300937
0.298835
0.297878
0.296278
0.294931
0.29273
0.291685
0.289631
0.288514
0.286702
0.285817
0.284049
0.28246
0.281468
0.279818
0.279069
0.277493
0.276634
0.275264
0.274009
0.273052
0.271576
0.270638
0.269743
0.268257
0.266217
0.264463
0.263415
0.262362
0.260017
0.258752
0.257824
0.25537
0.254406
0.250421
0.249448
0.248692
0.246263
0.244777
0.244338
0.242736
0.24068
0.240372
0.239024
0.238641
0.237102
0.236095
0.235385
0.234367
0.233294
0.232483
0.231458
0.230965
0.230499
0.229825
0.229289
0.228873
0.228422
0.227753
0.226773
0.226417
0.225351
0.224901
0.22423
0.223672
0.223237
0.222983
0.22277
0.222673
0.222139
0.221708
0.22142
0.221137
0.220546
0.219847
0.219653
0.218866
0.218331
0.217499
0.216977
0.216501
0.215803
0.215019
0.214205
0.213176
0.211798
0.211366
0.211042
0.210324
0.209605
0.208577
0.207488
0.207286
0.20579
0.204771
0.203956
0.203316
0.202545
0.201413
0.200988
0.19927
0.198522
0.19741
0.196021
0.194112
0.192795
0.192396
0.190715
0.189446
0.188248
0.187507
0.186517
0.185804
0.185228
0.184463
0.183993
0.183391
0.182878
0.182466
0.182087
0.181467
0.181148
0.180494
0.179595
0.179027
0.178921
0.178349
0.177564
0.176933
0.176251
0.174902
0.174734
0.173945
0.173587
0.17313
0.1721
0.171638
0.171
0.170249
0.169585
0.168893
0.168407
0.167471
0.165988
0.165074
0.164486
0.164486
0.163645
0.162255
0.16175
0.160974
0.160397
0.159212
0.157993
0.157358
0.156426
0.154718
0.154523
0.15307
0.152722
0.151792
0.151035
0.150203
0.149588
0.148931
0.14827
0.147523
0.14683
0.146118
0.145661
0.144485
0.143252
0.143237
0.142778
0.142159
0.141782
0.141623
0.141266
0.140988
0.140749
0.140277
0.139756
0.139222
0.139033
0.138742
0.138505
0.138341
0.13683
0.136566
0.136016
0.135632
0.13453
0.133714
0.133372
0.132736
0.132519
0.13091
0.13091
0.130476
0.129886
0.129276
0.128856
0.12845
0.128059
0.127421
0.127115
0.126521
0.126173
0.125201
0.125045
0.124728
0.124425
0.124105
0.123712
0.123663
0.123389
0.123203
0.123003
0.122705
0.122064
0.121804
0.121472
0.120898
0.120671
0.119914
0.11957
0.118821
0.118084
0.116886
0.11652
0.115587
0.115026
0.114105
0.113675
0.113261
0.112658
0.112246
0.111519
0.110585
0.110235
0.109404
0.109112
0.108177
0.107256
0.106996
0.106458
0.105637
0.104973
0.104295
0.103899
0.103531
0.103193
0.102741
0.102728
0.102518
0.101992
0.101856
0.101549
0.101319
0.100896
0.100056
0.0992219
0.0992219
0.0991572
0.0984788
0.0979732
0.0971489
0.0963939
0.0956849
0.0952469
0.0942254
0.0938664
0.0934342
0.0928854
0.0922758
0.0918723
0.0912951
0.0910879
0.0906706
0.0898458
0.0889492
0.0888649
0.0884859
0.0879195
0.0877075
0.086974
0.0866706
0.0865053
0.0865053
0.0855844
0.0848591
0.0844378
0.0841928
0.0836587
0.0835426
0.0830816
0.0825676
0.0822854
0.0815302
0.0811899
0.0805655
0.0802345
0.0799909
0.0797247
0.0793047
0.0786678
0.0785124
0.0781228
0.0775896
0.0769337
0.0758748
0.0755317
0.0755006
0.075219
0.0740796
0.0737145
0.072964
0.0724729
0.0721572
0.0719309
0.0713362
0.0710111
0.0708252
0.0705692
0.0703345
0.0701305
0.0699459
0.069696
0.0689639
0.0687103
0.0680571
0.0680571
0.0676484
0.0673771
0.0671533
0.0664617
0.0661194
0.0658638
0.0656064
0.065281
0.064894
0.0646586
0.0640953
0.0640953
0.0636361
0.0633459
0.0627173
0.0623536
0.0619515
0.0617663
0.0617353
0.0612502
0.0607953
0.0606612
0.0604944
0.0600856
0.0597827
0.0595371
0.0592884
0.0590955
0.0588218
0.0586194
0.0582196
0.0578424
0.057654
0.0575174
0.057258
0.0571418
0.0569484
0.0566207
0.0563798
0.0563337
0.056044
0.0559891
0.0558147
0.0555742
0.0554447
0.0552414
0.0551439
0.0548836
0.0545888
0.0544502
0.0542191
0.0540913
0.0539707
0.0539231
0.053317
0.053317
0.053317
0.0530414
0.0527841
0.0526039
0.0521714
0.0518542
0.0516155
0.0511972
0.050667
0.0503894
0.0502387
0.0500061
0.0499287
0.0497608
0.049526
0.0492364
0.0490323
0.048907
0.048821
0.0482057
0.0479434
0.0478429
0.0469913
0.0469913
0.0468744
0.0457021
0.0456302
0.0450623
0.0444235
0.0443351
0.0437235
0.0431578
0.0428238
0.0426434
0.0422989
0.0417861
0.0417123
0.0414178
0.0409968
0.0408736
0.0405712
0.040451
0.0402127
0.0398906
0.0396778
0.0393477
0.0389692
0.0387893
0.0385636
0.0384389
0.0382686
0.0379696
0.0377091
0.0375789
0.037333
0.0372069
0.0370287
0.0367558
0.0366833
0.0365977
0.0364362
0.0362935
0.0361906
0.0360903
0.0359814
0.0358976
0.0356951
0.0355844
0.0354979
0.0354254
0.0353468
0.0352728
0.0351997
0.0351997
0.0351997
0.0351997
0.0351997
0.0351997
0.0351997
0.0351997
0.0351997
0.0351997
0.0351997
0.0351997
0.0351997
0.0351997
0.0351997
0.0351997
0.0351997
0.0351997
0.0351997
0.0351997
0.0351997
0.0351997
0.0351997
0.0351997
0.0351997
0.0351997
0.0351997
0.0351997
0.0351997
0.0351997
0.0351997
0.0351997
0.0351997
0.0351997
0.0351997
0.0351997
0.0351997
0.0351997
0.0351997
0.0351997
0.0351997
0.0351997
0.0351997
0.0351997
0.0351997
0.0351997
0.0351997
0.0351997
0.0351997
0.0351997
0.0351997
0.0351997
0.0351997
0.0351997
0.0351997
0.0351997
0.0351997
0.0351997
0.0351997
0.0351997
0.0351997
0.0351997
0.0351997
0.0351997
0.0351997
0.0351997
0.0351997
0.0351997
0.0351997
0.0351997
0.0351997
0.0351997
0.0351997
0.0351997
0.0351997
0.0351997
0.0351997
0.0351997
0.0351997
0.0351997
0.0351997
0.0351997
0.0351997
0.0351997
0.0351997
0.0351997
0.0351997
0.0351997
0.0351997
0.0351997
0.0351997
0.0351997
0.0351997
0.0351997
0.0351997
0.0351997
0.0351997
0.0351997
0.0351997
0.0351997
0.0351997
0.0351997
0.0351997
0.0351997
0.0351997
0.0351997
0.0351997
0.0351997
0.0351997
0.0351997
0.0351997
0.0351997
0.0351997
0.0351997
0.0351997
0.0351997
0.0351997
0.0351997
0.0351997
0.0351997
0.0351997
0.0351997
0.0351997
0.0351997
0.0351997
0.0351997
0.0351997
0.0351997
0.0351997
0.0351997
0.0351997
0.0351997
0.0351997
0.0351997
0.0351997
0.0351997
0.0351997
0.0351997
0.0351997
0.0351997
0.0351997
0.0351997
0.0351997
0.0351997
0.0351997
0.0351997
0.0351997
0.0351997
0.0351997
0.0351997
0.0351997
0.0351997
0.0351997
0.0351997
0.0351997
0.0351997
0.0351997
0.0351997
0.0351997
0.0351997
0.0351997
0.0351997
0.0351997
0.0351997
0.0351997
0.0351997
0.0351997
0.0351997
0.0351997
0.0351997
0.0351997
0.0351997
0.0351997
0.0351997
0.0351997
0.0351997
0.0351997
0.0351997
0.0351997
0.0351997
0.0351997
0.0351997
0.0351997
0.0351997
0.0351997
0.0351997
0.0351997
0.0351997
0.0351997
0.0351997
0.0351997
0.0351997
0.0351997
0.0351997
0.0351997
0.0351997
0.0351997
0.0351997
0.0351997
0.0351997
0.0351997
0.0351997
0.0351997
0.0351997
0.0351997
0.0351997
0.0351997
0.0351997
0.0351997
0.0351997
0.0351997
0.0351997
0.0351997
0.0351997
0.0351997
0.0351997
0.0351997
0.0351997
0.0351997
0.0351997
0.0351997
0.0351997
0.0351997
0.0351997
0.0351997
0.0351997
0.0351997
0.0351997
0.0351997
0.0351997
0.0351997
0.0351997
0.0351997
0.0351997
0.0351997
0.0351997
0.0351997
0.0351997
0.0351997
0.0351997
0.0351997
0.0351997
0.0351997
0.0351997
0.0351997
0.0351997
0.0351997
0.0351997
0.0351997
0.0351997
0.0351997
0.0351997
0.0351997
0.0351997
0.0351997
0.0351997
0.0351997
0.0351997
0.0351997
0.0351997
0.0351997
0.0351997
0.0351997
0.0351997
0.0351997
0.0351997
0.0351997
0.0351997
0.0351997
0.0351997
0.0351997
0.0351997
0.0351997
0.0351997
0.0351997
0.0351997
0.0351997
0.0351997
0.0351997
0.0351997
0.0351997
0.0351997
0.0351997
0.0351997
0.0351997
0.0351997
0.0351997
0.0351997
0.0351997
0.0351997
0.0351997
0.0351997
0.0351997
0.0351997
0.0351997
0.0351997
0.0351997
0.0351997
0.0351997
0.0351997
0.0351997
0.0351997
0.0351997
0.0351997
0.0351997
0.0351997
0.0351997
0.0351997
0.0351997
0.0351997
0.0351997
0.0351997
0.0351997
0.0351997
0.0351997
0.0351997
0.0351997
0.0351997
0.0351997
0.0351997
0.0351997
0.0351997
0.0351997
0.0351997
0.0351997
0.0351997
0.0351997
0.0351997
0.0351997
0.0351997
0.0351997
0.0351997
0.0351997
0.0351997
0.0351997
0.0351997
0.0351997
0.0351997
0.0351997
0.0351997
0.0351997
0.0351997
0.0351997
0.0351997
0.0351997
0.0351997
0.0351997
0.0351997
0.0351997
0.0351997
0.0351997
0.0351997
0.0351997
0.0351997
0.0351997
0.0351997
0.0351997
0.0351997
0.0351997
0.0351997
0.0351997
0.0351997
0.0351997
0.0351997
0.0351997
0.0351997
0.0351997
0.0351997
0.0351997
0.0351997
0.0351997
0.0351997
0.0351997
0.0351997
0.0351997
0.0351997
0.0351997
0.0351997
0.0351997
0.0351997
0.0351997
0.0351997
0.0351997
0.0351997
0.0351997
0.0351997
0.0351997
0.0351997
0.0351997
0.0351997
0.0351997
0.0351997
0.0351997
0.0351997
0.0351997
0.0351997
0.0351997
0.0351997
0.0351997
0.0351997
0.0351997
0.0351997
0.0351997
0.0351997
0.0351997
0.0351997
0.0351997
0.0351997
0.0351997
0.0351997
0.0351997
0.0351997
0.0351997
0.0351997
0.0351997
0.0351997
0.0351997
0.0351997
0.0351997
0.0351997
0.0351997
0.0351997
0.0351997
0.0351997
0.0351997
0.0351997
0.0351997
0.0351997
0.0351997
0.0351997
0.0351997
0.0351997
0.0351997
0.0351997
0.0351997
0.0351997
0.0351997
0.0351997
0.0351997
0.0351997
0.0351997
0.0351997
0.0351997
0.0351997
0.0351997
0.0351997
0.0351997
0.0351997
0.0351997
0.0351997
0.0351997
0.0351997
0.0351997
0.0351997
0.0351997
0.0351997
0.0351997
0.0351997
0.0351997
0.0351997
0.0351997
0.0351997
0.0351997
0.0351997
0.0351997
0.0351997
0.0351997
0.0351997
0.0351997
0.0351997
0.0351997
0.0351997
0.0351997
0.0351997
0.0351997
0.0351997
0.0351997
0.0351997
0.0351997
0.0351997
0.0351997
0.0351997
0.0351997
0.0351997
0.0351997
0.0351997
0.0351997
0.0351997
0.0351997
0.0351997
0.0351997
0.0351997
0.0351997
0.0351997
0.0351997
0.0351997
0.0351997
0.0351997
0.0351997
0.0351997
0.0351997
0.0351997
0.0351997
0.0351997
0.0351997
0.0351997
0.0351997
0.0351997
0.0351997
0.0351997
0.0351997
0.0351997
0.0351997
0.0351997
0.0351997
0.0351997
0.0351997
0.0351997
0.0351997
0.0351997
0.0351997
0.0351997
0.0351997
0.0351997
0.0351997
0.0351997
0.0351997
0.0351997
0.0351997
0.0351997
0.0351997
0.0351997
0.0351997
0.0351997
0.0351997
0.0351997
0.0351997
0.0351997
0.0351997
0.0351997
0.0351997
0.0351997
0.0351997
0.0351997
0.0351997
0.0351997
0.0351997
0.0351997
0.0351997
0.0351997
0.0351997
0.0351997
0.0351997
0.0351997
0.0351997
0.0351997
0.0351997
0.0351997
0.0351997
0.0351997
0.0351997
0.0351997
0.0351997
0.0351997
0.0351997
0.0351997
0.0351997
0.0351997
0.0351997
0.0351997
0.0351997
0.0351997
0.0351997
0.0351997
0.0351997
0.0351997
0.0351997
0.0351997
0.0351997
0.0351997
0.0351997
0.0351997
0.0351997
0.0351997
0.0351997
0.0351997
0.0351997
0.0351997
0.0351997
0.0351997
0.0351997
0.0351997
0.0351997
0.0351997
0.0351997
0.0351997
0.0351997
0.0351997
0.0351997
0.0351997
0.0351997
0.0351997
0.0351997
0.0351997
0.0351997
0.0351997
0.0351997
0.0351997
0.0351997
0.0351997
0.0351997
0.0351997
0.0351997
0.0351997
0.0351997
0.0351997
0.0351997
0.0351997
0.0351997
0.0351997
0.0351997
0.0351997
0.0351997
0.0351997
0.0351997
0.0351997
0.0351997
0.0351997
0.0351997
0.0351997
0.0351997
0.0351997
0.0351997
0.0351997
0.0351997
0.0351997
0.0351997
0.0351997
0.0351997
0.0351997
0.0351997
0.0351997
0.0351997
0.0351997
0.0351997
0.0351997
0.0351997
0.0351997
0.0351997
0.0351997
0.0351997
0.0351997
0.0351997
0.0351997
0.0351997
0.0351997
0.0351997
0.0351997
0.0351997
0.0351997
0.0351997
0.0351997
0.0351997
0.0351997
0.0351997
0.0351997
0.0351997
0.0351997
0.0351997
0.0351997
0.0351997
0.0351997
0.0351997
0.0351997
0.0351997
0.0351997
0.0351997
0.0351997
0.0351997
0.0351997
0.0351997
0.0351997
0.0351997
0.0351997
0.0351997
0.0351997
0.0351997
0.0351997
0.0351997
0.0351997
0.0351997
0.0351997
0.0351997
0.0351997
0.0351997
0.0351997
0.0351997
0.0351997
0.0351997
0.0351997
0.0351997
0.0351997
0.0351997
0.0351997
0.0351997
0.0351997
0.0351997
0.0351997
0.0351997
0.0351997
0.0351997
0.0351997
0.0351997
0.0351997
0.0351997
0.0351997
0.0351997
0.0351997
0.0351997
0.0351997
0.0351997
0.0351997
0.0351997
0.0351997
0.0351997
0.0351997
0.0351997
0.0351997
0.0351997
0.0351997
0.0351997
0.0351997
0.0351997
0.0351997
0.0351997
0.0351997
0.0351997
0.0351997
0.0351997
0.0351997
0.0351997
0.0351997
0.0351997
0.0351997
0.0351997
0.0351997
0.0351997
0.0351997
0.0351997
0.0351997
0.0351997
0.0351997
0.0351997
0.0351997
0.0351997
0.0351997
0.0351997
0.0351997
0.0351997
0.0351997
0.0351997
0.0351997
0.0351997
0.0351997
0.0351997
0.0351997
0.0351997
0.0351997
0.0351997
0.0351997
0.0351997
0.0351997
0.0351997
0.0351997
0.0351997
0.0351997
0.0351997
0.0351997
0.0351997
0.0351997
0.0351997
0.0351997
0.0351997
0.0351997
0.0351997
0.0351997
0.0351997
0.0351997
0.0351997
0.0351997
0.0351997
0.0351997
0.0351997
0.0351997
0.0351997
0.0351997
0.0351997
0.0351997
0.0351997
0.0351997
0.0351997
0.0351997
0.0351997
0.0351997
0.0351997
0.0351997
0.0351997
0.0351997
0.0351997
0.0351997
0.0351997
0.0351997
0.0351997
0.0351997
0.0351997
0.0351997
0.0351997
0.0351997
0.0351997
0.0351997
0.0351997
0.0351997
0.0351997
0.0351997
0.0351997
0.0351997
0.0351997
0.0351997
0.0351997
0.0351997
0.0351997
0.0351997
0.0351997
0.0351997
0.0351997
0.0351997
0.0351997
0.0351997
0.0351997
0.0351997
0.0351997
0.0351997
0.0351997
0.0351997
0.0351997
0.0351997
0.0351997
0.0351997
0.0351997
0.0351997
0.0351997
0.0351997
0.0351997
0.0351997
0.0351997
0.0351997
0.0351997
0.0351997
0.0351997
0.0351997
0.0351997
0.0351997
0.0351997
0.0351997
0.0351997
0.0351997
0.0351997
0.0351997
0.0351997
0.0351997
0.0351997
0.0351997
0.0351997
0.0351997
0.0351997
0.0351997
0.0351997
0.0351997
0.0351997
0.0351997
0.0351997
0.0351997
0.0351997
0.0351997
0.0351997
0.0351997
0.0351997
0.0351997
0.0351997
0.0351997
0.0351997
0.0351997
0.0351997
0.0351997
0.0351997
0.0351997
0.0351997
0.0351997
0.0351997
0.0351997
0.0351997
0.0351997
0.0351997
0.0351997
0.0351997
0.0351997
0.0351997
0.0351997
0.0351997
0.0351997
0.0351997
0.0351997
0.0351997
0.0351997
0.0351997
0.0351997
0.0351997
0.0351997
0.0351997
0.0351997
0.0351997
0.0351997
0.0351997
0.0351997
0.0351997
0.0351997
0.0351997
0.0351997
0.0351997
0.0351997
0.0351997
0.0351997
0.0351997
0.0351997
0.0351997
0.0351997
0.0351997
0.0351997
0.0351997
0.0351997
0.0351997
0.0351997
0.0351997
0.0351997
0.0351997
0.0351997
0.0351997
0.0351997
0.0351997
0.0351997
0.0351997
0.0351997
0.0351997
0.0351997
0.0351997
0.0351997
0.0351997
0.0351997
0.0351997
0.0351997
0.0351997
0.0351997
0.0351997
0.0351997
0.0351997
0.0351997
0.0351997
0.0351997
0.0351997
0.0351997
0.0351997
0.0351997
0.0351997
0.0351997
0.0351997
0.0351997
0.0351997
0.0351997
0.0351997
0.0351997
0.0351997
0.0351997
0.0351997
0.0351997
0.0351997
0.0351997
0.0351997
0.0351997
0.0351997
0.0351997
0.0351997
0.0351997
0.0351997
0.0351997
0.0351997
0.0351997
0.0351997
0.0351997
0.0351997
0.0351997
0.0351997
0.0351997
0.0351997
0.0351997
0.0351997
0.0351997
0.0351997
0.0351997
0.0351997
0.0351997
0.0351997
0.0351997
0.0351997
0.0351997
0.0351997
0.0351997
0.0351997
0.0351997
0.0351997
0.0351997
0.0351997
0.0351997
0.0351997
0.0351997
0.0351997
0.0351997
0.0351997
0.0351997
0.0351997
0.0351997
0.0351997
0.0351997
0.0351997
0.0351997
0.0351997
0.0351997
0.0351997
0.0351997
0.0351997
0.0351997
0.0351997
0.0351997
0.0351997
0.0351997
0.0351997
0.0351997
0.0351997
0.0351997
0.0351997
0.0351997
0.0351997
0.0351997
0.0351997
0.0351997
0.0351997
0.0351997
0.0351997
0.0351997
0.0351997
0.0351997
0.0351997
0.0351997
0.0351997
0.0351997
0.0351997
0.0351997
0.0351997
0.0351997
0.0351997
0.0351997
0.0351997
0.0351997
0.0351997
0.0351997
0.0351997
0.0351997
0.0351997
0.0351997
0.0351997
0.0351997
0.0351997
0.0351997
0.0351997
0.0351997
0.0351997
0.0351997
0.0351997
0.0351997
0.0351997
0.0351997
0.0351997
0.0351997
0.0351997
0.0351997
0.0351997
0.0351997
0.0351997
0.0351997
0.0351997
0.0351997
0.0351997
0.0351997
0.0351997
0.0351997
0.0351997
0.0351997
0.0351997
0.0351997
0.0351997
0.0351997
0.0351997
0.0351997
0.0351997
0.0351997
0.0351997
0.0351997
0.0351997
0.0351997
0.0351997
0.0351997
0.0351997
0.0351997
0.0351997
0.0351997
0.0351997
0.0351997
0.0351997
0.0351997
0.0351997
0.0351997
0.0351997
0.0351997
0.0351997
0.0351997
0.0351997
0.0351997
0.0351997
0.0351997
0.0351997
0.0351997
0.0351997
0.0351997
0.0351997
0.0351997
0.0351997
0.0351997
0.0351997
0.0351997
0.0351997
0.0351997
0.0351997
0.0351997
0.0351997
0.0351997
