2.87433e+09
4.11698e+08
1.60643e+08
1.29443e+07
1.29443e+07
531281
531281
531281
531281
531281
531281
531281
531281
531281
531281
415846
412057
211544
149403
55595.3
8846.42
8846.42
8846.42
5795.95
5795.95
3135.58
3135.58
3135.58
2992.56
2992.56
1906.37
1906.37
1906.37
1906.37
1906.37
1620.7
1620.7
1620.7
1620.7
1620.7
1620.7
1620.7
1620.7
1620.7
1620.7
1440.91
1076.33
1076.33
962.508
818.075
818.075
816.488
535.298
433.342
400.939
321.507
291.798
226.267
141.857
79.2555
56.3735
29.0031
12.8108
8.33398
6.22032
6.22032
6.22032
4.60035
4.46571
4.46571
4.46571
4.46571
4.38986
3.91348
3.91348
3.91348
3.91348
3.91348
3.6911
3.6911
3.6911
3.4398
3.34773
3.19117
3.00214
2.73333
2.73333
2.73333
2.73333
2.73333
2.6613
2.6613
2.43495
2.43495
2.33895
2.33895
2.27115
2.20097
2.12743
2.09637
2.09593
2.02605
2.00638
1.97895
1.92719
1.90141
1.86907
1.79855
1.78051
1.75428
1.72587
1.69371
1.67585
1.66042
1.63781
1.60498
1.57475
1.55408
1.53265
1.5155
1.48086
1.4639
1.45044
1.4243
1.407
1.38852
1.37224
1.35209
1.34329
1.33072
1.31835
1.3018
1.29123
1.27358
1.26155
1.23294
1.22959
1.21266
1.20294
1.19315
1.17994
1.1705
1.16345
1.15933
1.15218
1.14722
1.13785
1.13327
1.12312
1.10322
1.1013
1.0922
1.08435
1.06427
1.05513
1.04295
1.03297
1.024
1.01311
1.00544
0.994723
0.986064
0.973706
0.971016
0.962221
0.953104
0.94758
0.933857
0.933799
0.930256
0.92163
0.918513
0.90634
0.900961
0.888838
0.882758
0.8756
0.867892
0.860711
0.847774
0.846133
0.835449
0.828811
0.818068
0.814272
0.806289
0.79682
0.789725
0.78475
0.780024
0.778178
0.770785
0.765186
0.760828
0.755574
0.752262
0.742521
0.740977
0.736458
0.734245
0.729868
0.727961
0.72042
0.713293
0.712792
0.707304
0.705458
0.700229
0.698839
0.695775
0.692073
0.689751
0.68848
0.686317
0.684403
0.683657
0.681494
0.678786
0.677093
0.674066
0.670748
0.667772
0.666675
0.664164
0.662265
0.660176
0.657515
0.654752
0.651712
0.648917
0.646655
0.643513
0.639726
0.635475
0.630516
0.627272
0.621392
0.618881
0.615789
0.610896
0.606929
0.604726
0.59907
0.596009
0.590676
0.587127
0.583722
0.580654
0.577272
0.574507
0.571373
0.567797
0.564946
0.563501
0.559719
0.556503
0.553377
0.551057
0.547951
0.543043
0.541043
0.538359
0.535338
0.533428
0.529884
0.52498
0.520711
0.517115
0.512684
0.510033
0.507356
0.504655
0.499844
0.497206
0.494868
0.491356
0.489498
0.48682
0.483652
0.482009
0.476574
0.475079
0.471769
0.469243
0.464545
0.461878
0.457489
0.455617
0.452632
0.448977
0.445099
0.442677
0.437364
0.430524
0.42696
0.424238
0.419249
0.414446
0.409981
0.406691
0.403444
0.398989
0.397223
0.391988
0.390035
0.386393
0.37934
0.376187
0.370544
0.368122
0.365835
0.359511
0.352395
0.351018
0.347318
0.345416
0.342026
0.339708
0.338411
0.334194
0.332305
0.331918
0.329621
0.327946
0.32767
0.326599
0.326087
0.324708
0.324056
0.323139
0.322434
0.321772
0.321066
0.320576
0.320003
0.319838
0.319498
0.318867
0.318586
0.318421
0.318192
0.317847
0.31624
0.316084
0.3152
0.311141
0.311141
0.308088
0.307469
0.306262
0.30493
0.30348
0.302376
0.300575
0.299028
0.297219
0.295224
0.294283
0.292675
0.290793
0.289751
0.287515
0.286367
0.284944
0.28353
0.280934
0.280162
0.278964
0.277198
0.274197
0.273093
0.271106
0.270862
0.26933
0.267618
0.265288
0.263931
0.263099
0.260864
0.25957
0.258702
0.25613
0.254465
0.252534
0.250329
0.247932
0.247315
0.244907
0.244176
0.242328
0.241672
0.239306
0.23874
0.23843
0.237505
0.235994
0.234604
0.233985
0.232675
0.232305
0.231436
0.231097
0.230409
0.229574
0.229264
0.228026
0.227037
0.226345
0.22498
0.224663
0.223397
0.222711
0.22188
0.220943
0.22005
0.218614
0.218237
0.217517
0.216714
0.216398
0.21547
0.214903
0.214389
0.21366
0.213442
0.212876
0.212591
0.212149
0.211672
0.211083
0.210574
0.210087
0.209157
0.20897
0.208272
0.207908
0.207544
0.206913
0.206593
0.206281
0.205413
0.205113
0.20423
0.20374
0.203084
0.202468
0.201794
0.20095
0.200406
0.199796
0.198912
0.198346
0.197688
0.197213
0.196756
0.196479
0.195418
0.194863
0.194059
0.193666
0.193162
0.192836
0.191974
0.191442
0.190648
0.190065
0.189676
0.188858
0.188534
0.187979
0.187204
0.187107
0.186291
0.185933
0.185271
0.184458
0.183836
0.182823
0.182066
0.181624
0.180957
0.180416
0.179648
0.178808
0.178466
0.177459
0.177311
0.176189
0.175592
0.174835
0.174326
0.173696
0.173497
0.172713
0.17206
0.171415
0.170986
0.16998
0.16898
0.168292
0.167289
0.165694
0.165359
0.164627
0.164137
0.163651
0.162934
0.162005
0.161669
0.161205
0.160701
0.160262
0.159839
0.159567
0.15889
0.15808
0.157757
0.157035
0.156861
0.155582
0.154924
0.154261
0.15405
0.153443
0.153108
0.152595
0.151739
0.150955
0.149307
0.149296
0.148721
0.147973
0.147529
0.146792
0.146371
0.145618
0.14507
0.144446
0.144055
0.143754
0.143431
0.142857
0.142539
0.141808
0.14124
0.140748
0.140337
0.140059
0.139403
0.139001
0.138541
0.138252
0.137883
0.137651
0.137349
0.137149
0.136935
0.136712
0.136555
0.136328
0.135948
0.135407
0.134983
0.13448
0.133896
0.133598
0.133179
0.132735
0.132242
0.131504
0.131085
0.129615
0.129421
0.128668
0.127559
0.126688
0.126272
0.125434
0.124884
0.124207
0.123497
0.122932
0.121655
0.121355
0.12108
0.11991
0.11873
0.11873
0.118489
0.118069
0.117859
0.117043
0.116901
0.116229
0.115404
0.114556
0.113325
0.113007
0.112083
0.11119
0.110488
0.110002
0.109359
0.108387
0.108068
0.107485
0.107163
0.106634
0.10618
0.105795
0.105285
0.104751
0.104284
0.103537
0.102258
0.101856
0.101416
0.100874
0.100374
0.0999084
0.099501
0.0991316
0.0988066
0.0980948
0.097998
0.0975668
0.0971385
0.096557
0.096481
0.0958086
0.0954016
0.094049
0.094049
0.0934424
0.0930618
0.0926796
0.0925472
0.092084
0.091713
0.091339
0.0910831
0.0908961
0.0906835
0.0904466
0.0903678
0.0902081
0.0899503
0.0896532
0.0895269
0.0893845
0.0892136
0.0890908
0.0886759
0.0884624
0.088267
0.0879935
0.0877419
0.0874336
0.0866066
0.0860873
0.0858062
0.0855581
0.0851757
0.0847387
0.0846581
0.0844236
0.0842449
0.0841776
0.0840879
0.0839197
0.0836423
0.083574
0.0833895
0.0832162
0.0830172
0.0825522
0.0823668
0.0820766
0.0816741
0.0816741
0.0815416
0.0813008
0.0811442
0.0809441
0.0806319
0.0805121
0.0803477
0.0800638
0.0798362
0.0796721
0.0794027
0.0791094
0.0788775
0.078676
0.0783941
0.0783234
0.078091
0.0778941
0.0777083
0.0773128
0.0771176
0.0768841
0.0768391
0.0765555
0.0763625
0.076201
0.0759368
0.0757386
0.0754798
0.07526
0.0750517
0.0749386
0.0747433
0.0745006
0.0743339
0.0741354
0.073699
0.0735135
0.0728075
0.0728075
0.0722352
0.0719299
0.0715688
0.0713756
0.0709437
0.0706703
0.0705253
0.070246
0.0701044
0.0698364
0.0695877
0.0693192
0.0691603
0.0690422
0.0688603
0.0686525
0.068382
0.0681973
0.0678833
0.067646
0.0674076
0.0670661
0.0668855
0.0665578
0.0664139
0.0662796
0.0660229
0.0659016
0.0657291
0.0655646
0.0652884
0.0650288
0.0650049
0.0648714
0.0647442
0.0646729
0.0645916
0.064476
0.0643872
0.0641935
0.0640484
0.0638684
0.0636782
0.0634943
0.0632106
0.0631255
0.0630083
0.0626457
0.0625129
0.062115
0.0621088
0.0618752
0.0617139
0.0613512
0.060904
0.0606663
0.0603723
0.0600744
0.0598313
0.0595399
0.0593399
0.0587781
0.0587442
0.0582396
0.058179
0.0576812
0.0576812
0.0575746
0.0574381
0.0572456
0.0571179
0.0570136
0.0568018
0.0564822
0.0563387
0.0560427
0.055844
0.0554909
0.0552294
0.0549497
0.0543167
0.0541803
0.0538961
0.053394
0.0531632
0.0527958
0.0524329
0.0521542
0.0516114
0.0514587
0.0510291
0.0508931
0.0505429
0.0503904
0.0500994
0.0497368
0.0496035
0.0494336
0.0490531
0.0488452
0.0485022
0.0483474
0.0480365
0.0478958
0.0476111
0.047411
0.0472131
0.0469729
0.0468879
0.046588
0.0464525
0.04626
0.0460667
0.0458633
0.0456085
0.0455203
0.0453492
0.0452113
0.045033
0.0448698
0.0448012
0.0444706
0.0444159
0.0442099
0.0440198
0.0438127
0.0436274
0.0433571
0.0433248
0.0431483
0.0429973
0.0428884
0.0427984
0.0427028
0.0426365
0.0424643
0.0424051
0.0422224
0.0420957
0.0419391
0.0418821
0.0417066
0.0415804
0.0414858
0.0413853
0.0412495
0.0410667
0.0408952
0.0408563
0.040473
0.0403781
0.0401073
0.0400254
0.0399201
0.0397476
0.0395668
0.0394929
0.0393278
0.0391041
0.0389466
0.0388217
0.0386835
0.0385282
0.0382207
0.0382135
0.0379673
0.037818
0.0376618
0.0374
0.03729
0.0370514
0.0369093
0.0367181
0.0364755
0.0364266
0.0362178
0.0361473
0.0359564
0.0358562
0.0357166
0.0356375
0.0353998
0.0352531
0.035176
0.0350478
0.0349467
0.0348848
0.034755
0.0346823
0.0346129
0.0345427
0.0344711
0.03436
0.03436
0.0342455
0.0340197
0.0338582
0.0337855
0.0336762
0.0333404
0.0332691
0.0330563
0.0329071
0.0328047
0.0326412
0.0323572
0.0321195
0.0320772
0.0318222
0.0317094
0.0316462
0.031555
0.0313461
0.0311658
0.0309751
0.0309751
0.0306975
0.0304368
0.0304368
0.0304045
0.0299428
0.0298429
0.0295718
0.0293614
0.0292014
0.0289557
0.0286023
0.0286023
0.0284506
0.0282841
0.0282146
0.0281562
0.0280411
0.0278993
0.0278316
0.0276909
0.0276039
0.0275158
0.0273858
0.0272664
0.0272371
0.0271344
0.0269911
0.0268636
0.0268163
0.0267304
0.026653
0.0265689
0.0265578
0.0264748
0.0264146
0.0263228
0.0262069
0.0261783
0.0260584
0.0260034
0.0259525
0.025875
0.0257797
0.0257574
0.0254513
0.0253003
0.0252537
0.0250916
0.0249559
0.0248288
0.0244922
0.0244729
0.0242992
0.0242416
0.0241536
0.0239978
0.0238933
0.0237138
0.0235979
0.0234654
0.0232939
0.0231093
0.0230815
0.022965
0.0227729
0.0226468
0.0225335
0.0224106
0.0223063
0.0222499
0.0221607
0.0220875
0.0219985
0.0219415
0.0218473
0.0217518
0.0216613
0.0216324
0.021547
0.0214049
0.0212787
0.0211695
0.0209968
0.0209431
0.0208029
0.0207097
0.0205292
0.0204501
0.0203282
0.0202287
0.0200955
0.0200099
0.0199134
0.0198258
0.0196609
0.0194542
0.0194134
0.0192706
0.019165
0.0190858
0.0189648
0.018824
0.018729
0.0186091
0.0185359
0.0184782
0.0183801
0.0183315
0.0182534
0.0182073
0.0181034
0.0180599
0.0180144
0.0179498
0.0178988
0.017849
0.017786
0.0177529
0.0177141
0.0176532
0.0176189
0.0176189
0.0176189
0.0176189
0.0176189
0.0176189
0.0176189
0.0176189
0.0176189
0.0176189
0.0176189
0.0176189
0.0176189
0.0176189
0.0176189
0.0176189
0.0176189
0.0176189
0.0176189
0.0176189
0.0176189
0.0176189
0.0176189
0.0176189
0.0176189
0.0176189
0.0176189
0.0176189
0.0176189
0.0176189
0.0176189
0.0176189
0.0176189
0.0176189
0.0176189
0.0176189
0.0176189
0.0176189
0.0176189
0.0176189
0.0176189
0.0176189
0.0176189
0.0176189
0.0176189
0.0176189
0.0176189
0.0176189
0.0176189
0.0176189
0.0176189
0.0176189
0.0176189
0.0176189
0.0176189
0.0176189
0.0176189
0.0176189
0.0176189
0.0176189
0.0176189
0.0176189
0.0176189
0.0176189
0.0176189
0.0176189
0.0176189
0.0176189
0.0176189
0.0176189
0.0176189
0.0176189
0.0176189
0.0176189
0.0176189
0.0176189
0.0176189
0.0176189
0.0176189
0.0176189
0.0176189
0.0176189
0.0176189
0.0176189
0.0176189
0.0176189
0.0176189
0.0176189
0.0176189
0.0176189
0.0176189
0.0176189
0.0176189
0.0176189
0.0176189
0.0176189
0.0176189
0.0176189
0.0176189
0.0176189
0.0176189
0.0176189
0.0176189
0.0176189
0.0176189
0.0176189
0.0176189
0.0176189
0.0176189
0.0176189
0.0176189
0.0176189
0.0176189
0.0176189
0.0176189
0.0176189
0.0176189
0.0176189
0.0176189
0.0176189
0.0176189
0.0176189
0.0176189
0.0176189
0.0176189
0.0176189
0.0176189
0.0176189
0.0176189
0.0176189
0.0176189
0.0176189
0.0176189
0.0176189
0.0176189
0.0176189
0.0176189
0.0176189
0.0176189
0.0176189
0.0176189
0.0176189
0.0176189
0.0176189
0.0176189
0.0176189
0.0176189
0.0176189
0.0176189
0.0176189
0.0176189
0.0176189
0.0176189
0.0176189
0.0176189
0.0176189
0.0176189
0.0176189
0.0176189
0.0176189
0.0176189
0.0176189
0.0176189
0.0176189
0.0176189
0.0176189
0.0176189
0.0176189
0.0176189
0.0176189
0.0176189
0.0176189
0.0176189
0.0176189
0.0176189
0.0176189
0.0176189
0.0176189
0.0176189
0.0176189
0.0176189
0.0176189
0.0176189
0.0176189
0.0176189
0.0176189
0.0176189
0.0176189
0.0176189
0.0176189
0.0176189
0.0176189
0.0176189
0.0176189
0.0176189
0.0176189
0.0176189
0.0176189
0.0176189
0.0176189
0.0176189
0.0176189
0.0176189
0.0176189
0.0176189
0.0176189
0.0176189
0.0176189
0.0176189
0.0176189
0.0176189
0.0176189
0.0176189
0.0176189
0.0176189
0.0176189
0.0176189
0.0176189
0.0176189
0.0176189
0.0176189
0.0176189
0.0176189
0.0176189
0.0176189
0.0176189
0.0176189
0.0176189
0.0176189
0.0176189
0.0176189
0.0176189
0.0176189
0.0176189
0.0176189
0.0176189
0.0176189
0.0176189
0.0176189
0.0176189
0.0176189
0.0176189
0.0176189
0.0176189
0.0176189
0.0176189
0.0176189
0.0176189
0.0176189
0.0176189
0.0176189
0.0176189
0.0176189
0.0176189
0.0176189
0.0176189
0.0176189
0.0176189
0.0176189
0.0176189
0.0176189
0.0176189
0.0176189
0.0176189
0.0176189
0.0176189
0.0176189
0.0176189
0.0176189
0.0176189
0.0176189
0.0176189
0.0176189
0.0176189
0.0176189
0.0176189
0.0176189
0.0176189
0.0176189
0.0176189
0.0176189
0.0176189
0.0176189
0.0176189
0.0176189
0.0176189
0.0176189
0.0176189
0.0176189
0.0176189
0.0176189
0.0176189
0.0176189
0.0176189
0.0176189
0.0176189
0.0176189
0.0176189
0.0176189
0.0176189
0.0176189
0.0176189
0.0176189
0.0176189
0.0176189
0.0176189
0.0176189
0.0176189
0.0176189
0.0176189
0.0176189
0.0176189
0.0176189
0.0176189
0.0176189
0.0176189
0.0176189
0.0176189
0.0176189
0.0176189
0.0176189
0.0176189
0.0176189
0.0176189
0.0176189
0.0176189
0.0176189
0.0176189
0.0176189
0.0176189
0.0176189
0.0176189
0.0176189
0.0176189
0.0176189
0.0176189
0.0176189
0.0176189
0.0176189
0.0176189
0.0176189
0.0176189
0.0176189
0.0176189
0.0176189
0.0176189
0.0176189
0.0176189
0.0176189
0.0176189
0.0176189
0.0176189
0.0176189
0.0176189
0.0176189
0.0176189
0.0176189
0.0176189
0.0176189
0.0176189
0.0176189
0.0176189
0.0176189
0.0176189
0.0176189
0.0176189
0.0176189
0.0176189
0.0176189
0.0176189
0.0176189
0.0176189
0.0176189
0.0176189
0.0176189
0.0176189
0.0176189
0.0176189
0.0176189
0.0176189
0.0176189
0.0176189
0.0176189
0.0176189
0.0176189
0.0176189
0.0176189
0.0176189
0.0176189
0.0176189
0.0176189
0.0176189
0.0176189
0.0176189
0.0176189
0.0176189
0.0176189
0.0176189
0.0176189
0.0176189
0.0176189
0.0176189
0.0176189
0.0176189
0.0176189
0.0176189
0.0176189
0.0176189
0.0176189
0.0176189
0.0176189
0.0176189
0.0176189
0.0176189
0.0176189
0.0176189
0.0176189
0.0176189
0.0176189
0.0176189
0.0176189
0.0176189
0.0176189
0.0176189
0.0176189
0.0176189
0.0176189
0.0176189
0.0176189
0.0176189
0.0176189
0.0176189
0.0176189
0.0176189
0.0176189
0.0176189
0.0176189
0.0176189
0.0176189
0.0176189
0.0176189
0.0176189
0.0176189
0.0176189
0.0176189
0.0176189
0.0176189
0.0176189
0.0176189
0.0176189
0.0176189
0.0176189
0.0176189
0.0176189
0.0176189
0.0176189
0.0176189
0.0176189
0.0176189
0.0176189
0.0176189
0.0176189
0.0176189
0.0176189
0.0176189
0.0176189
0.0176189
0.0176189
0.0176189
0.0176189
0.0176189
0.0176189
0.0176189
0.0176189
0.0176189
0.0176189
0.0176189
0.0176189
0.0176189
0.0176189
0.0176189
0.0176189
0.0176189
0.0176189
0.0176189
0.0176189
0.0176189
0.0176189
0.0176189
0.0176189
0.0176189
0.0176189
0.0176189
0.0176189
0.0176189
0.0176189
0.0176189
0.0176189
0.0176189
0.0176189
0.0176189
0.0176189
0.0176189
0.0176189
0.0176189
0.0176189
0.0176189
0.0176189
0.0176189
0.0176189
0.0176189
0.0176189
0.0176189
0.0176189
0.0176189
0.0176189
0.0176189
0.0176189
0.0176189
0.0176189
0.0176189
0.0176189
0.0176189
0.0176189
0.0176189
0.0176189
0.0176189
0.0176189
0.0176189
0.0176189
0.0176189
0.0176189
0.0176189
0.0176189
0.0176189
0.0176189
0.0176189
0.0176189
0.0176189
0.0176189
0.0176189
0.0176189
0.0176189
0.0176189
0.0176189
0.0176189
0.0176189
0.0176189
0.0176189
0.0176189
0.0176189
0.0176189
0.0176189
0.0176189
0.0176189
0.0176189
0.0176189
0.0176189
0.0176189
0.0176189
0.0176189
0.0176189
0.0176189
0.0176189
0.0176189
0.0176189
0.0176189
0.0176189
0.0176189
0.0176189
0.0176189
0.0176189
0.0176189
0.0176189
0.0176189
0.0176189
0.0176189
0.0176189
0.0176189
0.0176189
0.0176189
0.0176189
0.0176189
0.0176189
0.0176189
0.0176189
0.0176189
0.0176189
0.0176189
0.0176189
0.0176189
0.0176189
0.0176189
0.0176189
0.0176189
0.0176189
0.0176189
0.0176189
0.0176189
0.0176189
0.0176189
0.0176189
0.0176189
0.0176189
0.0176189
0.0176189
0.0176189
0.0176189
0.0176189
0.0176189
0.0176189
0.0176189
0.0176189
0.0176189
0.0176189
0.0176189
0.0176189
0.0176189
0.0176189
0.0176189
0.0176189
0.0176189
0.0176189
0.0176189
0.0176189
0.0176189
0.0176189
0.0176189
0.0176189
0.0176189
0.0176189
0.0176189
0.0176189
0.0176189
0.0176189
0.0176189
0.0176189
0.0176189
0.0176189
0.0176189
0.0176189
0.0176189
0.0176189
0.0176189
0.0176189
0.0176189
0.0176189
0.0176189
0.0176189
0.0176189
0.0176189
0.0176189
0.0176189
0.0176189
0.0176189
0.0176189
0.0176189
0.0176189
0.0176189
0.0176189
0.0176189
0.0176189
0.0176189
0.0176189
0.0176189
0.0176189
0.0176189
0.0176189
0.0176189
0.0176189
0.0176189
0.0176189
0.0176189
0.0176189
0.0176189
0.0176189
0.0176189
0.0176189
0.0176189
0.0176189
0.0176189
0.0176189
0.0176189
0.0176189
0.0176189
0.0176189
0.0176189
0.0176189
0.0176189
0.0176189
0.0176189
0.0176189
0.0176189
0.0176189
0.0176189
0.0176189
0.0176189
0.0176189
0.0176189
0.0176189
0.0176189
0.0176189
0.0176189
0.0176189
0.0176189
0.0176189
0.0176189
0.0176189
0.0176189
0.0176189
0.0176189
0.0176189
0.0176189
0.0176189
0.0176189
0.0176189
0.0176189
0.0176189
0.0176189
0.0176189
0.0176189
0.0176189
0.0176189
0.0176189
0.0176189
0.0176189
0.0176189
0.0176189
0.0176189
0.0176189
0.0176189
0.0176189
0.0176189
0.0176189
0.0176189
0.0176189
0.0176189
0.0176189
0.0176189
0.0176189
0.0176189
0.0176189
0.0176189
0.0176189
0.0176189
0.0176189
0.0176189
0.0176189
0.0176189
0.0176189
0.0176189
0.0176189
0.0176189
0.0176189
0.0176189
0.0176189
0.0176189
0.0176189
0.0176189
0.0176189
0.0176189
0.0176189
0.0176189
0.0176189
0.0176189
0.0176189
0.0176189
0.0176189
0.0176189
0.0176189
0.0176189
0.0176189
0.0176189
0.0176189
0.0176189
0.0176189
0.0176189
0.0176189
0.0176189
0.0176189
0.0176189
0.0176189
0.0176189
0.0176189
0.0176189
0.0176189
0.0176189
0.0176189
0.0176189
0.0176189
0.0176189
0.0176189
0.0176189
0.0176189
0.0176189
0.0176189
0.0176187
0.0175597
0.017506
0.0174575
0.0174211
0.0173686
0.0172891
0.0172598
0.0172214
0.0171482
0.0171156
0.0170672
0.0170034
0.016976
0.0168921
0.0168492
0.0167838
0.0167477
0.0166781
0.0166172
0.0165599
0.0164584
0.0163354
0.0163354
0.0162691
0.0161829
0.0161577
0.016078
0.0160377
0.0159692
0.0158921
0.0157991
0.0157661
0.0156855
0.0156352
0.0155599
0.0154941
0.0154426
0.0153874
0.0153313
0.0152795
0.0152331
0.0152331
0.0152331
0.0152331
0.0152331
0.0152331
0.0152331
0.0152331
0.0152331
0.0152331
0.0152331
0.0152331
0.0152331
0.0152331
0.0152331
0.0152331
0.0152331
0.0152331
0.0152331
0.0152331
0.0152331
0.0152331
0.0152331
0.0152331
0.0152331
0.0152331
0.0152331
0.0152331
0.0152331
0.0152331
0.0152331
0.0152331
0.0152331
0.0152331
0.0152331
0.0152331
0.0152331
0.0152331
0.0152331
0.0152331
0.0152331
0.0152331
0.0152331
0.0152331
0.0152331
0.0152331
0.0152331
0.0152331
0.0152331
0.0152331
0.0152331
0.0152331
0.0152331
0.0152331
0.0152331
0.0152331
0.0152331
0.0152331
0.0152331
0.0152331
0.0152331
0.0152331
0.0152331
0.0152331
0.0152331
0.0152331
0.0152331
0.0152331
0.0152331
0.0152331
0.0152331
0.0152331
0.0152331
0.0152331
0.0152331
0.0152331
0.0152331
0.0152331
0.0152331
0.0152331
0.0152331
0.0152331
0.0152331
