8.24244e+06
8.24244e+06
8.03286e+06
4.75462e+06
4.75462e+06
4.75462e+06
4.75462e+06
3.82039e+06
3.65521e+06
3.65521e+06
2.98929e+06
1.56562e+06
1.10106e+06
764282
764282
683980
507451
507451
507451
507451
387709
387709
357060
357060
328186
188955
101476
99327.4
99327.4
99327.4
99327.4
99327.4
99327.4
99327.4
99327.4
99327.4
64510
64510
46944.8
35703.8
35703.8
19181.4
17865.8
17865.8
14680.2
14680.2
14680.2
10221.2
10221.2
10221.2
10221.2
6583.85
4831.75
4442.18
3374.16
3341.26
2948.33
2553.83
2553.83
1870.34
1527.88
1527.88
1527.88
1527.88
1105.57
1105.57
1105.57
883.837
771.574
636.076
599.952
581.99
515.941
515.941
354.703
354.703
354.703
354.703
354.703
336.398
336.398
336.398
310.211
279.544
258.801
237.451
164.022
164.022
164.022
128.338
128.338
128.338
128.338
128.338
128.338
128.338
128.338
125.225
106.258
100.951
98.6797
87.5004
87.5004
87.5004
70.6494
68.4669
52.5451
52.5451
52.5451
49.0646
49.0381
44.5604
44.5604
43.954
43.954
41.4153
38.9661
38.9661
37.491
35.3253
35.0798
33.4996
33.4996
33.4996
32.5778
31.4108
31.4108
31.4108
31.336
30.0212
30.0212
29.8756
29.5982
29.5982
29.5982
29.1324
29.1161
29.0593
28.6691
28.6691
28.6691
28.5317
28.3789
28.18
28.0853
28.0527
27.831
27.6752
27.5408
27.3418
27.239
27.1779
27.1277
27.0457
26.9112
26.8579
26.7908
26.7357
26.6158
26.5626
26.4922
26.3999
26.3304
26.2596
26.1873
26.1449
26.0808
26.0001
25.9182
25.8629
25.8025
25.7265
25.6612
25.6072
25.5415
25.4722
25.4194
25.3558
25.2987
25.24
25.1975
25.1365
25.0803
25.0359
24.9731
24.9307
24.8782
24.8239
24.7695
24.725
24.6701
24.622
24.579
24.529
24.4792
24.4343
24.3839
24.3384
24.2883
24.2391
24.1932
24.1459
24.0983
24.0586
24.0182
23.9754
23.9336
23.8909
23.8501
23.8062
23.7642
23.7198
23.6751
23.6388
23.5923
23.5607
23.5206
23.483
23.4478
23.4062
23.3641
23.3268
23.2882
23.2508
23.2163
23.1747
23.1338
23.0999
23.064
23.0248
22.989
22.9545
22.9163
22.8801
22.8439
22.812
22.7768
22.7415
22.7078
22.6684
22.6315
22.5952
22.5554
22.5182
22.4785
22.4414
22.4016
22.3614
22.3258
22.2837
22.2471
22.2057
22.1653
22.1226
22.0867
22.0451
22.0012
21.9592
21.9164
21.8754
21.835
21.7951
21.7558
21.7108
21.6711
21.6248
21.5904
21.5539
21.5113
21.4728
21.431
21.3912
21.3511
21.3142
21.2727
21.2306
21.19
21.1473
21.108
21.0677
21.0263
20.9837
20.9435
20.8977
20.8578
20.8155
20.7757
20.7294
20.6823
20.6382
20.5916
20.5544
20.5124
20.4661
20.4222
20.3799
20.3333
20.2886
20.2445
20.2025
20.1562
20.1125
20.0626
20.013
19.9677
19.9204
19.8745
19.8295
19.7793
19.7316
19.6851
19.637
19.5838
19.5389
19.4877
19.4454
19.3937
19.3542
19.3088
19.2663
19.2211
19.1782
19.1358
19.091
19.0485
19.0021
18.9532
18.9125
18.8591
18.8158
18.7662
18.7196
18.6713
18.6201
18.5758
18.5256
18.4788
18.4334
18.3839
18.338
18.2891
18.2439
18.1958
18.1514
18.0997
18.0493
18.0014
17.9583
17.9029
17.8604
17.8086
17.7635
17.7113
17.664
17.6192
17.5684
17.5208
17.4751
17.4285
17.3782
17.3303
17.2866
17.2412
17.1909
17.1428
17.0972
17.0469
16.9973
16.9547
16.9093
16.8645
16.8124
16.7649
16.7205
16.6711
16.6197
16.5711
16.5178
16.4719
16.4274
16.3726
16.3315
16.2872
16.2395
16.1968
16.143
16.1076
16.0635
16.0193
15.9765
15.9327
15.8793
15.8423
15.7965
15.7598
15.7163
15.6739
15.6302
15.592
15.5534
15.5111
15.4697
15.422
15.3802
15.3313
15.2867
15.2335
15.1883
15.1392
15.0915
15.0344
14.9916
14.9396
14.888
14.8378
14.7944
14.7476
14.6992
14.6591
14.6141
14.5722
14.5264
14.4802
14.4331
14.3904
14.3392
14.292
14.2503
14.2035
14.1542
14.1082
14.0585
14.0155
13.9659
13.9207
13.8651
13.8119
13.7643
13.7175
13.6718
13.6229
13.5779
13.5327
13.4899
13.4455
13.3963
13.3539
13.3047
13.2544
13.2182
13.1721
13.125
13.0836
13.0378
12.9911
12.9467
12.9015
12.8587
12.8097
12.7658
12.7274
12.6844
12.6367
12.5926
12.5461
12.5067
12.4554
12.4158
12.3732
12.3249
12.2841
12.2371
12.1939
12.1521
12.1034
12.0614
12.0157
11.972
11.9234
11.8723
11.8268
11.7824
11.7194
11.6777
11.6294
11.5787
11.5283
11.4791
11.437
11.3821
11.3359
11.2933
11.2463
11.2004
11.1573
11.1084
11.0669
11.0218
10.9767
10.9321
10.8874
10.8364
10.7971
10.746
10.7021
10.6547
10.6064
10.5573
10.5081
10.4611
10.4139
10.3644
10.3144
10.2659
10.2111
10.1675
10.1191
10.07
10.0174
9.97755
9.92609
9.88909
9.84328
9.80154
9.76231
9.71872
9.67407
9.62896
9.59163
9.55021
9.50633
9.45864
9.41936
9.37822
9.33588
9.30024
9.254
9.21113
9.17449
9.12848
9.09226
9.05282
9.01725
8.9727
8.93294
8.89243
8.85099
8.80735
8.76845
8.73017
8.68764
8.6493
8.60789
8.56899
8.53293
8.49368
8.46078
8.42304
8.37782
8.34036
8.30318
8.26465
8.22607
8.18833
8.14388
8.10583
8.06074
8.02356
7.98635
7.94751
7.90242
7.86585
7.82692
7.78972
7.7475
7.71568
7.67208
7.63959
7.60346
7.57125
7.53489
7.49808
7.46466
7.43036
7.39791
7.36306
7.32815
7.2929
7.25305
7.22353
7.18906
7.1498
7.11513
7.07325
7.04198
7.00147
6.96271
6.9158
6.88214
6.83568
6.79345
6.74925
6.70776
6.66321
6.62205
6.57519
6.53054
6.48779
6.44305
6.39691
6.35513
6.31024
6.26634
6.22372
6.1829
6.14393
6.10541
6.06707
6.02066
5.97991
5.93404
5.88911
5.8504
5.80699
5.76306
5.7216
5.67496
5.63416
5.5934
5.55323
5.51032
5.46955
5.43042
5.39289
5.35178
5.31554
5.27948
5.24218
5.20703
5.17042
5.13196
5.09752
5.06082
5.02603
4.98772
4.95235
4.91745
4.88022
4.84409
4.80791
4.77443
4.73764
4.70345
4.6696
4.62922
4.59959
4.56194
4.52548
4.48836
4.45237
4.41231
4.37808
4.3418
4.30628
4.26933
4.23067
4.19172
4.16015
4.12284
4.0908
4.05506
4.02281
3.98352
3.94891
3.91058
3.8735
3.83518
3.79776
3.76224
3.72449
3.68686
3.64932
3.6097
3.57287
3.53424
3.49691
3.46373
3.42682
3.38745
3.34794
3.31061
3.26841
3.22251
3.1772
3.14371
3.09956
3.05796
3.01716
2.9721
2.92392
2.88551
2.83591
2.79726
2.75121
2.70702
2.66439
2.61417
2.57459
2.53429
2.49021
2.44965
2.40931
2.36026
2.324
2.28266
2.24446
2.20094
2.1604
2.12243
2.07639
2.03484
1.98505
1.94384
1.89631
1.85546
1.81556
1.77056
1.73088
1.68904
1.64685
1.60134
1.56248
1.51751
1.47746
1.4345
1.39477
1.3571
1.31674
1.28178
1.24732
1.21085
1.17921
1.14546
1.11294
1.08245
1.05548
1.02736
0.99662
0.968997
0.94095
0.916382
0.88609
0.863335
0.833846
0.812006
0.787276
0.765104
0.742984
0.719508
0.696669
0.679905
0.659934
0.639098
0.619356
0.601723
0.58242
0.562832
0.545792
0.530892
0.513611
0.498759
0.483301
0.469168
0.453925
0.438127
0.424811
0.410628
0.396889
0.386371
0.374187
0.362965
0.352046
0.340827
0.330444
0.321052
0.311925
0.303053
0.294643
0.286868
0.279099
0.271092
0.264029
0.257516
0.251239
0.244757
0.239304
0.233688
0.228165
0.223413
0.218181
0.21344
0.208086
0.203898
0.199605
0.195383
0.191422
0.186805
0.183387
0.179991
0.176496
0.173441
0.170062
0.167051
0.164453
0.161533
0.158899
0.15647
0.153987
0.151296
0.149214
0.146758
0.144851
0.142719
0.140433
0.138524
0.136348
0.134697
0.132887
0.131104
0.129326
0.127744
0.125841
0.1245
0.122811
0.121394
0.119779
0.11828
0.116657
0.115358
0.113628
0.111986
0.110744
0.109163
0.107851
0.106363
0.105122
0.103663
0.102162
0.100801
0.0992539
0.0980794
0.0966004
0.0952822
0.093754
0.0925294
0.0910176
0.0897187
0.0882393
0.0865692
0.0852004
0.0837499
0.0824395
0.080696
0.0794097
0.077729
0.0762658
0.0745867
0.0732732
0.0715693
0.0702489
0.0688084
0.0674476
0.0661263
0.0646731
0.0632448
0.062127
0.0609483
0.0597233
0.0583573
0.0572637
0.0560433
0.0548739
0.0535115
0.0524867
0.0511675
0.0499525
0.0489105
0.047724
0.0465475
0.0454625
0.0442839
0.0432115
0.042165
0.0410863
0.0401146
0.0391625
0.0381499
0.0372446
0.0363292
0.0353383
0.0343752
0.0335669
0.0327724
0.0319215
0.0310631
0.0302398
0.0295378
0.0288168
0.0280607
0.027335
0.0264873
0.0259003
0.0251723
0.0244389
0.0238159
0.0231654
0.0226189
0.0220648
0.0216028
0.020996
0.0205531
0.0199744
0.0196082
0.0191251
0.0187163
0.0182649
0.0178822
0.0178822
0.0178822
0.0178822
0.0178822
0.0178822
0.0178822
0.0178822
0.0178822
0.0178822
0.0178822
0.0178822
0.0178822
0.0178822
0.0178822
0.0178822
0.0178822
0.0178822
0.0178822
0.0178822
0.0178822
0.0178822
0.0178822
0.0178822
0.0178822
0.0178822
0.0178822
0.0178822
0.0178822
0.0178822
0.0178822
0.0178822
0.0178822
0.0178822
0.0178822
0.0178822
0.0178822
0.0178822
0.0178822
0.0178822
0.0178822
0.0178822
0.0178822
0.0178822
0.0178822
0.0178822
0.0178822
0.0178822
0.0178822
0.0178822
0.0178822
0.0178822
0.0178822
0.0178822
0.0178822
0.0178822
0.0178822
0.0178822
0.0178822
0.0178822
0.0178822
0.0178822
0.0178822
0.0178822
0.0178822
0.0178822
0.0178822
0.0178822
0.0178822
0.0178822
0.0178822
0.0178822
0.0178822
0.0178822
0.0178822
0.0178822
0.0178822
0.0178822
0.0178822
0.0178822
0.0178822
0.0178822
0.0178822
0.0178822
0.0178822
0.0178822
0.0178822
0.0178822
0.0178822
0.0178822
0.0178822
0.0178822
0.0178822
0.0178822
0.0178822
0.0178822
0.0178822
0.0178822
0.0178822
0.0178822
0.0178822
0.0178822
0.0178822
0.0178822
0.0178822
0.0178822
0.0178822
0.0178822
0.0178822
0.0178822
0.0178822
0.0178822
0.0178822
0.0178822
0.0178822
0.0178822
0.0178822
0.0178822
0.0178822
0.0178822
0.0178822
0.0178822
0.0178822
0.0178822
0.0178822
0.0178822
0.0178822
0.0178822
0.0178822
0.0178822
0.0178822
0.0178822
0.0178822
0.0178822
0.0178822
0.0178822
0.0178822
0.0178822
0.0178822
0.0178822
0.0178822
0.0178822
0.0178822
0.0178822
0.0178822
0.0178822
0.0178822
0.0178822
0.0178822
0.0178822
0.0178822
0.0178822
0.0178822
0.0178822
0.0178822
0.0178822
0.0178822
0.0178822
0.0178822
0.0178822
0.0178822
0.0178822
0.0178822
0.0178822
0.0178822
0.0178822
0.0178822
0.0178822
0.0178822
0.0178822
0.0178822
0.0178822
0.0178822
0.0178822
0.0178822
0.0178822
0.0178822
0.0178822
0.0178822
0.0178822
0.0178822
0.0178822
0.0178822
0.0178822
0.0178822
0.0178822
0.0178822
0.0178822
0.0178822
0.0178822
0.0178822
0.0178822
0.0178822
0.0178822
0.0178822
0.0178822
0.0178822
0.0178822
0.0178822
0.0178822
0.0178822
0.0178822
0.0178822
0.0178822
0.0178822
0.0178822
0.0178822
0.0178822
0.0178822
0.0178822
0.0178822
0.0178822
0.0178822
0.0178822
0.0178822
0.0178822
0.0178822
0.0178822
0.0178822
0.0178822
0.0178822
0.0178822
0.0178822
0.0178822
0.0178822
0.0178822
0.0178822
0.0178822
0.0178822
0.0178822
0.0178822
0.0178822
0.0178822
0.0178822
0.0178822
0.0178822
0.0178822
0.0178822
0.0178822
0.0178822
0.0178822
0.0178822
0.0178822
0.0178822
0.0178822
0.0178822
0.0178822
0.0178822
0.0178822
0.0178822
0.0178822
0.0178822
0.0178822
0.0178822
0.0178822
0.0178822
0.0178822
0.0178822
0.0178822
0.0178822
0.0178822
0.0178822
0.0178822
0.0178822
0.0178822
0.0178822
0.0178822
0.0178822
0.0178822
0.0178822
0.0178822
0.0178822
0.0178822
0.0178822
0.0178822
0.0178822
0.0178822
0.0178822
0.0178822
0.0178822
0.0178822
0.0178822
0.0178822
0.0178822
0.0178822
0.0178822
0.0178822
0.0178822
0.0178822
0.0178822
0.0178822
0.0178822
0.0178822
0.0178822
0.0178822
0.0178822
0.0178822
0.0178822
0.0178822
0.0178822
0.0178822
0.0178822
0.0178822
0.0178822
0.0178822
0.0178822
0.0178822
0.0178822
0.0178822
0.0178822
0.0178822
0.0178822
0.0178822
0.0178822
0.0178822
0.0178822
0.0178822
0.0178822
0.0178822
0.0178822
0.0178822
0.0178822
0.0178822
0.0178822
0.0178822
0.0178822
0.0178822
0.0178822
0.0178822
0.0178822
0.0178822
0.0178822
0.0178822
0.0178822
0.0178822
0.0178822
0.0178822
0.0178822
0.0178822
0.0178822
0.0178822
0.0178822
0.0178822
0.0178822
0.0178822
0.0178822
0.0178822
0.0178822
0.0178822
0.0178822
0.0178822
0.0178822
0.0178822
0.0178822
0.0178822
0.0178822
0.0178822
0.0178822
0.0178822
0.0178822
0.0178822
0.0178822
0.0178822
0.0178822
0.0178822
0.0178822
0.0178822
0.0178822
0.0178822
0.0178822
0.0178822
0.0178822
0.0178822
0.0178822
0.0178822
0.0178822
0.0178822
0.0178822
0.0178822
0.0178822
0.0178822
0.0178822
0.0178822
0.0178822
0.0178822
0.0178822
0.0178822
0.0178822
0.0178822
0.0178822
0.0178822
0.0178822
0.0178822
0.0178822
0.0178822
0.0178822
0.0178822
0.0178822
0.0178822
0.0178822
0.0178822
0.0178822
0.0178822
0.0178822
0.0178822
0.0178822
0.0178822
0.0178822
0.0178822
0.0178822
0.0178822
0.0178822
0.0178822
0.0178822
0.0178822
0.0178822
0.0178822
0.0178822
0.0178822
0.0178822
0.0178822
0.0178822
0.0178822
0.0178822
0.0178822
0.0178822
0.0178822
0.0178822
0.0178822
0.0178822
0.0178822
0.0178822
0.0178822
0.0178822
0.0178822
0.0178822
0.0178822
0.0178822
0.0178822
0.0178822
0.0178822
0.0178822
0.0178822
0.0178822
0.0178822
0.0178822
0.0178822
0.0178822
0.0178822
0.0178822
0.0178822
0.0178822
0.0178822
0.0178822
0.0178822
0.0178822
0.0178822
0.0178822
0.0178822
0.0178822
0.0178822
0.0178822
0.0178822
0.0178822
0.0178822
0.0178822
0.0178822
0.0178822
0.0178822
0.0178822
0.0178822
0.0178822
0.0178822
0.0178822
0.0178822
0.0178822
0.0178822
0.0178822
0.0178822
0.0178822
0.0178822
0.0178822
0.0178822
0.0178822
0.0178822
0.0178822
0.0178822
0.0178822
0.0178822
0.0178822
0.0178822
0.0178822
0.0178822
0.0178822
0.0178822
0.0178822
0.0178822
0.0178822
0.0178822
0.0178822
0.0178822
0.0178822
0.0178822
0.0178822
0.0178822
0.0178822
0.0178822
0.0178822
0.0178822
0.0178822
0.0178822
0.0178822
0.0178822
0.0178822
0.0178822
0.0178822
0.0178822
0.0178822
0.0178822
0.0178822
0.0178822
0.0178822
0.0178822
0.0178822
0.0178822
0.0178822
0.0178822
0.0178822
0.0178822
0.0178822
0.0178822
0.0178822
0.0178822
0.0178822
0.0178822
0.0178822
0.0178822
0.0178822
0.0178822
0.0178822
0.0178822
0.0178822
0.0178822
0.0178822
0.0178822
0.0178822
0.0178822
0.0178822
0.0178822
0.0178822
0.0178822
0.0178822
0.0178822
0.0178822
0.0178822
0.0178822
0.0178822
0.0178822
0.0178822
0.0178822
0.0178822
0.0178822
0.0178822
0.0178822
0.0178822
0.0178822
0.0178822
0.0178822
0.0178822
0.0178822
0.0178822
0.0178822
0.0178822
0.0178822
0.0178822
0.0178822
0.0178822
0.0178822
0.0178822
0.0178822
0.0178822
0.0178822
0.0178822
0.0178822
0.0178822
0.0178822
0.0178822
0.0178822
0.0178822
0.0178822
0.0178822
0.0178822
0.0178822
0.0178822
0.0178822
0.0178822
0.0178822
0.0178822
0.0178822
0.0178822
0.0178822
0.0178822
0.0178822
0.0178822
0.0178822
0.0178822
0.0178822
0.0178822
0.0178822
0.0178822
0.0178822
0.0178822
0.0178822
0.0178822
0.0178822
0.0178822
0.0178822
0.0178822
0.0178822
0.0178822
0.0178822
0.0178822
0.0178822
0.0178822
0.0178822
0.0178822
0.0178822
0.0178822
0.0178822
0.0178822
0.0178822
0.0178822
0.0178822
0.0178822
0.0178822
0.0178822
0.0178822
0.0178822
0.0178822
0.0178822
0.0178822
0.0178822
0.0178822
0.0178822
0.0178822
0.0178822
0.0178822
0.0178822
0.0178822
0.0178822
0.0178822
0.0178822
0.0178822
0.0178822
0.0178822
0.0178822
0.0178822
0.0178822
0.0178822
0.0178822
0.0178822
0.0178822
0.0178822
0.0178822
0.0178822
0.0178822
0.0178822
0.0178822
0.0178822
0.0178822
0.0178822
0.0178822
0.0178822
0.0178822
0.0178822
0.0178822
0.0178822
0.0178822
0.0178822
0.0178822
0.0178822
0.0178822
0.0178822
0.0178822
0.0178822
0.0178822
0.0178822
0.0178822
0.0178822
0.0178822
0.0178822
0.0178822
0.0178822
0.0178822
0.0178822
0.0178822
0.0178822
0.0178822
0.0178822
0.0178822
0.0178822
0.0178822
0.0178822
0.0178822
0.0178822
0.0178822
0.0178822
0.0178822
0.0178822
0.0178822
0.0178822
0.0178822
0.0178822
0.0178822
0.0178822
0.0178822
0.0178822
0.0178822
0.0178822
0.0178822
0.0178822
0.0178822
0.0178822
0.0178822
0.0178822
0.0178822
0.0178822
0.0178822
0.0178822
0.0178822
0.0178822
0.0178822
0.0178822
0.0178822
0.0178822
0.0178822
0.0178822
0.0178822
0.0178822
0.0178822
0.0178822
0.0178822
0.0178822
0.0178822
0.0178822
0.0178822
0.0178822
0.0178822
0.0178822
0.0178822
0.0178822
0.0178822
0.0178822
0.0178822
0.0178822
0.0178822
0.0178822
0.0178822
0.0178822
0.0178822
0.0178822
0.0178822
0.0178822
0.0178822
0.0178822
0.0178822
0.0178822
0.0178822
0.0178822
0.0178822
0.0178822
0.0178822
0.0178822
0.0178822
0.0178822
0.0178822
0.0178822
0.0178822
0.0178822
0.0178822
0.0178822
0.0178822
0.0178822
0.0178822
0.0178822
0.0178822
0.0178822
0.0178822
0.0178822
0.0178822
0.0178822
0.0178822
0.0178822
0.0178822
0.0178822
0.0178822
0.0178822
0.0178822
0.0178822
0.0178822
0.0178822
0.0178822
0.0178822
0.0178822
0.0178822
0.0178822
0.0178822
0.0178822
0.0178822
0.0178822
0.0178822
0.0178822
0.0178822
0.0178822
0.0178822
0.0178822
0.0178822
0.0178822
0.0178822
0.0178822
0.0178822
0.0178822
0.0178822
0.0178822
0.0178822
0.0178822
0.0178822
0.0178822
0.0178822
0.0178822
0.0178822
0.0178822
0.0178822
0.0178822
0.0178822
0.0178822
0.0178822
0.0178822
0.0178822
0.0178822
0.0178822
0.0178822
0.0178822
0.0178822
0.0178822
0.0178822
0.0178822
0.0178822
0.0178822
0.0178822
0.0178822
0.0178822
0.0178822
0.0178822
0.0178822
0.0178822
0.0178822
0.0178822
0.0178822
0.0178822
0.0178822
0.0178822
0.0178822
0.0178822
0.0178822
0.0178822
0.0178822
0.0178822
0.0178822
0.0178822
0.0178822
0.0178822
0.0178822
0.0178822
0.0178822
0.0178822
0.0178822
0.0178822
0.0178822
0.0178822
0.0178822
0.0178822
0.0178822
0.0178822
0.0178822
0.0178822
0.0178822
0.0178822
0.0178822
0.0178822
0.0178822
0.0178822
0.0178822
0.0178822
0.0178822
0.0178822
0.0178822
0.0178822
0.0178822
0.0178822
0.0178822
0.0178822
0.0178822
0.0178822
0.0178822
0.0178822
0.0178822
0.0178822
0.0178822
0.0178822
0.0178822
0.0178822
0.0178822
0.0178822
0.0178822
0.0178822
0.0178822
0.0178822
0.0178822
0.0178822
0.0178822
0.0178822
0.0178822
0.0178822
0.0178822
0.0178822
0.0178822
0.0178822
0.0178822
0.0178822
0.0178822
0.0178822
0.0178822
0.0178822
0.0178822
0.0178822
0.0178822
0.0178822
0.0178822
0.0178822
0.0178822
0.0178822
0.0178822
0.0178822
0.0178822
0.0178822
0.0178822
0.0178822
0.0178822
0.0178822
0.0178822
0.0178822
0.0178822
0.0178822
0.0178822
0.0178822
0.0178822
0.0178822
0.0178822
0.0178822
0.0178822
0.0178822
0.0178822
0.0178822
0.0178822
0.0178822
0.0178822
0.0178822
0.0178822
0.0178822
0.0178822
0.0178822
0.0178822
0.0178822
0.0178822
0.0178822
0.0178822
0.0178822
0.0178822
0.0178822
0.0178822
0.0178822
0.0178822
0.0178822
0.0178822
0.0178822
0.0178822
0.0178822
0.0178822
0.0178822
