1.41926e+07
1.19039e+07
1.19039e+07
4.47977e+06
4.47977e+06
4.47977e+06
4.47977e+06
4.47095e+06
2.94656e+06
2.60835e+06
2.25843e+06
2.25843e+06
1.79833e+06
762152
762152
762152
762152
762152
762152
762152
611154
611154
185405
185405
185405
185405
185405
185405
185405
185405
177148
111879
111879
111879
104852
86572.5
59261.5
41260.8
38598.4
20576.2
20576.2
20576.2
20576.2
14917.1
14917.1
14107
9675.16
8665.4
8665.4
8665.4
8434.26
3646.93
3646.93
3646.93
3479.38
3479.38
3479.38
2677.11
2101.87
2101.87
2101.87
1765.58
1446.48
1446.48
933.341
933.341
933.341
748.401
548.723
548.723
548.723
506.429
506.429
506.429
459.156
425.334
365.031
322.095
312.806
308.192
246.478
246.478
246.478
246.478
226.938
210.25
203.201
158.762
142.755
125.839
121.773
95.9636
95.9636
95.9636
94.9229
89.4314
81.0965
74.2682
61.1908
61.1908
61.1908
56.1935
53.6271
53.6271
53.6271
51.0715
44.3677
44.3677
42.9954
39.1213
33.5255
33.1042
33.1042
33.1042
33.1042
33.1042
33.1042
31.9324
30.9288
29.272
29.272
29.272
29.272
28.3573
27.5779
27.5779
27.5779
27.5779
27.5779
27.5779
27.1935
27.1935
26.7523
26.7523
26.7523
26.7151
26.3317
26.2397
26.0205
26.0205
25.948
25.669
25.669
25.5145
25.4856
25.3098
25.307
25.1799
25.1799
25.1775
25.1318
25.0378
25.0378
24.9553
24.8201
24.7372
24.6728
24.6518
24.6133
24.5677
24.5143
24.458
24.4041
24.3709
24.3373
24.2795
24.2506
24.2063
24.1616
24.1231
24.0778
24.0343
23.9822
23.9641
23.9182
23.8947
23.865
23.8216
23.7975
23.7549
23.7297
23.6912
23.6625
23.6342
23.6002
23.5763
23.5429
23.5102
23.4927
23.4634
23.4292
23.401
23.3673
23.3345
23.3095
23.2778
23.249
23.2135
23.1759
23.1492
23.1203
23.0832
23.0498
23.0158
22.9789
22.9449
22.9074
22.8749
22.8302
22.7973
22.7526
22.7216
22.6746
22.6376
22.5985
22.554
22.5168
22.4692
22.4242
22.3858
22.3401
22.2991
22.2565
22.2129
22.1705
22.1189
22.0769
22.0322
21.9842
21.9407
21.8932
21.8578
21.8148
21.7677
21.7299
21.6886
21.6423
21.5961
21.5509
21.5062
21.4585
21.4117
21.3621
21.3111
21.2608
21.2113
21.1593
21.1096
21.0661
21.0182
20.9686
20.9189
20.8784
20.8332
20.7871
20.7439
20.6929
20.6524
20.6054
20.5503
20.5217
20.4752
20.4283
20.3945
20.3537
20.3072
20.2637
20.2239
20.1784
20.1395
20.0973
20.0526
20.0075
19.9642
19.9237
19.8771
19.835
19.7891
19.7477
19.6996
19.6542
19.6114
19.5613
19.5175
19.4749
19.4284
19.3893
19.3419
19.3
19.2585
19.2152
19.1747
19.1336
19.089
19.0519
19.0097
18.9705
18.9288
18.8895
18.8496
18.8104
18.7732
18.7314
18.6891
18.6477
18.6049
18.5672
18.5246
18.4825
18.4273
18.3913
18.3458
18.2988
18.2554
18.2163
18.17
18.1266
18.0848
18.0386
17.9979
17.9535
17.9078
17.8532
17.8178
17.7738
17.7287
17.6822
17.6344
17.587
17.5413
17.4908
17.449
17.4029
17.3553
17.3078
17.2553
17.2121
17.1716
17.1266
17.0859
17.0463
17.0054
16.9639
16.926
16.8876
16.848
16.8102
16.7707
16.7331
16.6962
16.6572
16.6183
16.58
16.5391
16.5052
16.4651
16.4308
16.3956
16.3601
16.325
16.29
16.2569
16.2225
16.1904
16.1564
16.1225
16.088
16.0553
16.0177
15.9834
15.9461
15.913
15.8779
15.8389
15.802
15.7636
15.7268
15.689
15.6523
15.6129
15.5761
15.5394
15.5019
15.4632
15.4293
15.3869
15.3463
15.3153
15.2772
15.2401
15.2058
15.1614
15.1242
15.0908
15.0459
15.0134
14.9801
14.9411
14.9027
14.8636
14.82
14.7822
14.7365
14.6974
14.6559
14.6078
14.5716
14.5274
14.4864
14.4467
14.4049
14.3615
14.3173
14.2761
14.2358
14.1919
14.1426
14.1046
14.0623
14.0167
13.9767
13.9391
13.8991
13.8586
13.8198
13.7796
13.7424
13.7072
13.6694
13.6336
13.5905
13.5548
13.5224
13.4845
13.4457
13.4076
13.3712
13.3328
13.2971
13.2579
13.2215
13.1843
13.151
13.1146
13.0764
13.0452
13.0099
12.974
12.9392
12.9035
12.8703
12.8367
12.8038
12.7665
12.7365
12.6998
12.6664
12.6335
12.5973
12.5614
12.5262
12.4892
12.4549
12.4153
12.3761
12.3432
12.3019
12.2674
12.2237
12.1929
12.1528
12.1174
12.0805
12.0474
12.0069
11.9726
11.9368
11.9027
11.8662
11.8315
11.7942
11.756
11.7175
11.6816
11.6392
11.6077
11.5605
11.5257
11.4824
11.4444
11.4057
11.3669
11.3262
11.2902
11.2454
11.208
11.1655
11.1276
11.0868
11.0471
11.0109
10.9732
10.9409
10.9058
10.8703
10.8345
10.7973
10.7606
10.7164
10.6764
10.6372
10.599
10.565
10.5178
10.4841
10.4484
10.4072
10.3705
10.3281
10.2855
10.2482
10.2084
10.1665
10.1365
10.0995
10.0662
10.0361
10.0072
9.98339
9.9597
9.93867
9.92028
9.90236
9.88553
9.86447
9.84295
9.81926
9.80103
9.77321
9.75357
9.71699
9.6935
9.65867
9.62405
9.59472
9.5557
9.52473
9.49562
9.4644
9.44123
9.41399
9.38985
9.36813
9.34108
9.31982
9.29151
9.26459
9.23923
9.21364
9.18207
9.15444
9.12642
9.0938
9.06048
9.02908
9.00032
8.96856
8.93572
8.89925
8.86716
8.83159
8.79553
8.75049
8.72114
8.68392
8.64457
8.60741
8.56813
8.533
8.49211
8.45631
8.41788
8.37579
8.33333
8.29539
8.25156
8.21222
8.16935
8.12964
8.08714
8.05036
8.01015
7.97569
7.93539
7.89717
7.85605
7.81823
7.78317
7.7488
7.70906
7.67322
7.63455
7.59605
7.547
7.51529
7.4725
7.43536
7.39906
7.35703
7.32411
7.28197
7.24715
7.21229
7.1724
7.13397
7.09262
7.05634
7.01825
6.96852
6.93582
6.893
6.85555
6.81666
6.77654
6.73765
6.69743
6.65231
6.61504
6.57896
6.53489
6.49816
6.46032
6.41138
6.37631
6.33733
6.29936
6.25944
6.21837
6.17217
6.13733
6.09677
6.05678
6.01865
5.97206
5.92717
5.8862
5.84606
5.80611
5.76252
5.7234
5.67889
5.64074
5.59167
5.55139
5.50616
5.46674
5.42067
5.37277
5.3286
5.28065
5.23103
5.19035
5.14987
5.0985
5.06026
5.01544
4.97072
4.92953
4.88562
4.82941
4.79592
4.75048
4.70549
4.65406
4.61358
4.56491
4.52035
4.47258
4.42447
4.37888
4.33152
4.28858
4.24081
4.19439
4.14899
4.10217
4.05513
4.00966
3.96683
3.91498
3.87737
3.83648
3.79377
3.74984
3.71057
3.67143
3.62983
3.59085
3.5532
3.5093
3.47144
3.42549
3.38884
3.34643
3.3061
3.2655
3.2306
3.18798
3.15011
3.10894
3.07302
3.03591
2.99932
2.95798
2.92584
2.88662
2.84774
2.81152
2.77191
2.73091
2.69478
2.65577
2.61697
2.57794
2.53935
2.50074
2.46063
2.41845
2.38637
2.34957
2.30622
2.27736
2.23621
2.2009
2.17029
2.13579
2.10279
2.06864
2.03848
2.00682
1.97504
1.94467
1.91412
1.8799
1.85023
1.81812
1.78571
1.74954
1.72164
1.68821
1.65799
1.62149
1.59266
1.55962
1.52954
1.49869
1.46667
1.43959
1.41004
1.38181
1.35287
1.32512
1.29721
1.27351
1.24843
1.22308
1.19826
1.17514
1.15143
1.12495
1.10625
1.08341
1.06014
1.03746
1.01741
0.997478
0.977982
0.959885
0.940837
0.921178
0.902699
0.884583
0.866921
0.850667
0.83366
0.81388
0.796412
0.77925
0.759671
0.743165
0.728051
0.711564
0.695055
0.678147
0.663339
0.647447
0.63309
0.617102
0.603209
0.586272
0.573851
0.558909
0.543676
0.530533
0.517827
0.505266
0.493467
0.480839
0.469872
0.459122
0.448556
0.438178
0.427689
0.41782
0.407373
0.398469
0.388966
0.379635
0.370869
0.362436
0.354763
0.346609
0.339329
0.332049
0.325032
0.318245
0.311171
0.304964
0.298453
0.292046
0.285172
0.279161
0.272878
0.267076
0.261752
0.256284
0.250344
0.2455
0.240456
0.235629
0.230557
0.22624
0.222049
0.21772
0.213641
0.209083
0.204991
0.201181
0.19746
0.193715
0.190059
0.186077
0.183248
0.179592
0.176222
0.173152
0.17004
0.167176
0.164459
0.161476
0.15873
0.15627
0.153321
0.150403
0.148028
0.145494
0.142842
0.140581
0.137936
0.13563
0.133129
0.130488
0.128434
0.126192
0.124034
0.121946
0.119775
0.117842
0.115863
0.114049
0.111987
0.110157
0.10815
0.106342
0.104411
0.102409
0.100946
0.0990922
0.0971583
0.0955792
0.0938344
0.091984
0.0904129
0.0888881
0.0872709
0.085881
0.084453
0.0829595
0.0817358
0.0804214
0.0790911
0.0779871
0.0767871
0.075559
0.0742966
0.0730675
0.0720847
0.070894
0.0698188
0.0687647
0.0676999
0.0665662
0.0656602
0.0645136
0.0635053
0.0624938
0.0614925
0.0604614
0.0593827
0.0582846
0.0572761
0.0564839
0.0554296
0.0544719
0.053459
0.0524956
0.0516163
0.0507161
0.0497543
0.0488011
0.047946
0.0470036
0.0461083
0.045369
0.0445178
0.0437878
0.0430653
0.0423496
0.041663
0.0410157
0.0403998
0.0397549
0.039222
0.0387254
0.0382434
0.0377618
0.0377618
0.0377618
0.0377618
0.0377618
0.0377618
0.0377618
0.0377618
0.0377618
0.0377618
0.0377618
0.0377618
0.0377618
0.0377618
0.0377618
0.0377618
0.0377618
0.0377618
0.0377618
0.0377618
0.0377618
0.0377618
0.0377618
0.0377618
0.0377618
0.0377618
0.0377618
0.0377618
0.0377618
0.0377618
0.0377618
0.0377618
0.0377618
0.0377618
0.0377618
0.0377618
0.0377618
0.0377618
0.0377618
0.0377618
0.0377618
0.0377618
0.0377618
0.0377618
0.0377618
0.0377618
0.0377618
0.0377618
0.0377618
0.0377618
0.0377618
0.0377618
0.0377618
0.0377618
0.0377618
0.0377618
0.0377618
0.0377618
0.0377618
0.0377618
0.0377618
0.0377618
0.0377618
0.0377618
0.0377618
0.0377618
0.0377618
0.0377618
0.0377618
0.0377618
0.0377618
0.0377618
0.0377618
0.0377618
0.0377618
0.0377618
0.0377618
0.0377618
0.0377618
0.0377618
0.0377618
0.0377618
0.0377618
0.0377618
0.0377618
0.0377618
0.0377618
0.0377618
0.0377618
0.0377618
0.0377618
0.0377618
0.0377618
0.0377618
0.0377618
0.0377618
0.0377618
0.0377618
0.0377618
0.0377618
0.0377618
0.0377618
0.0377618
0.0377618
0.0377618
0.0377618
0.0377618
0.0377618
0.0377618
0.0377618
0.0377618
0.0377618
0.0377618
0.0377618
0.0377618
0.0377618
0.0377618
0.0377618
0.0377618
0.0377618
0.0377618
0.0377618
0.0377618
0.0377618
0.0377618
0.0377618
0.0377618
0.0377618
0.0377618
0.0377618
0.0377618
0.0377618
0.0377618
0.0377618
0.0377618
0.0377618
0.0377618
0.0377618
0.0377618
0.0377618
0.0377618
0.0377618
0.0377618
0.0377618
0.0377618
0.0377618
0.0377618
0.0377618
0.0377618
0.0377618
0.0377618
0.0377618
0.0377618
0.0377618
0.0377618
0.0377618
0.0377618
0.0377618
0.0377618
0.0377618
0.0377618
0.0377618
0.0377618
0.0377618
0.0377618
0.0377618
0.0377618
0.0377618
0.0377618
0.0377618
0.0377618
0.0377618
0.0377618
0.0377618
0.0377618
0.0377618
0.0377618
0.0377618
0.0377618
0.0377618
0.0377618
0.0377618
0.0377618
0.0377618
0.0377618
0.0377618
0.0377618
0.0377618
0.0377618
0.0377618
0.0377618
0.0377618
0.0377618
0.0377618
0.0377618
0.0377618
0.0377618
0.0377618
0.0377618
0.0377618
0.0377618
0.0377618
0.0377618
0.0377618
0.0377618
0.0377618
0.0377618
0.0377618
0.0377618
0.0377618
0.0377618
0.0377618
0.0377618
0.0377618
0.0377618
0.0377618
0.0377618
0.0377618
0.0377618
0.0377618
0.0377618
0.0377618
0.0377618
0.0377618
0.0377618
0.0377618
0.0377618
0.0377618
0.0377618
0.0377618
0.0377618
0.0377618
0.0377618
0.0377618
0.0377618
0.0377618
0.0377618
0.0377618
0.0377618
0.0377618
0.0377618
0.0377618
0.0377618
0.0377618
0.0377618
0.0377618
0.0377618
0.0377618
0.0377618
0.0377618
0.0377618
0.0377618
0.0377618
0.0377618
0.0377618
0.0377618
0.0377618
0.0377618
0.0377618
0.0377618
0.0377618
0.0377618
0.0377618
0.0377618
0.0377618
0.0377618
0.0377618
0.0377618
0.0377618
0.0377618
0.0377618
0.0377618
0.0377618
0.0377618
0.0377618
0.0377618
0.0377618
0.0377618
0.0377618
0.0377618
0.0377618
0.0377618
0.0377618
0.0377618
0.0377618
0.0377618
0.0377618
0.0377618
0.0377618
0.0377618
0.0377618
0.0377618
0.0377618
0.0377618
0.0377618
0.0377618
0.0377618
0.0377618
0.0377618
0.0377618
0.0377618
0.0377618
0.0377618
0.0377618
0.0377618
0.0377618
0.0377618
0.0377618
0.0377618
0.0377618
0.0377618
0.0377618
0.0377618
0.0377618
0.0377618
0.0377618
0.0377618
0.0377618
0.0377618
0.0377618
0.0377618
0.0377618
0.0377618
0.0377618
0.0377618
0.0377618
0.0377618
0.0377618
0.0377618
0.0377618
0.0377618
0.0377618
0.0377618
0.0377618
0.0377618
0.0377618
0.0377618
0.0377618
0.0377618
0.0377618
0.0377618
0.0377618
0.0377618
0.0377618
0.0377618
0.0377618
0.0377618
0.0377618
0.0377618
0.0377618
0.0377618
0.0377618
0.0377618
0.0377618
0.0377618
0.0377618
0.0377618
0.0377618
0.0377618
0.0377618
0.0377618
0.0377618
0.0377618
0.0377618
0.0377618
0.0377618
0.0377618
0.0377618
0.0377618
0.0377618
0.0377618
0.0377618
0.0377618
0.0377618
0.0377618
0.0377618
0.0377618
0.0377618
0.0377618
0.0377618
0.0377618
0.0377618
0.0377618
0.0377618
0.0377618
0.0377618
0.0377618
0.0377618
0.0377618
0.0377618
0.0377618
0.0377618
0.0377618
0.0377618
0.0377618
0.0377618
0.0377618
0.0377618
0.0377618
0.0377618
0.0377618
0.0377618
0.0377618
0.0377618
0.0377618
0.0377618
0.0377618
0.0377618
0.0377618
0.0377618
0.0377618
0.0377618
0.0377618
0.0377618
0.0377618
0.0377618
0.0377618
0.0377618
0.0377618
0.0377618
0.0377618
0.0377618
0.0377618
0.0377618
0.0377618
0.0377618
0.0377618
0.0377618
0.0377618
0.0377618
0.0377618
0.0377618
0.0377618
0.0377618
0.0377618
0.0377618
0.0377618
0.0377618
0.0377618
0.0377618
0.0377618
0.0377618
0.0377618
0.0377618
0.0377618
0.0377618
0.0377618
0.0377618
0.0377618
0.0377618
0.0377618
0.0377618
0.0377618
0.0377618
0.0377618
0.0377618
0.0377618
0.0377618
0.0377618
0.0377618
0.0377618
0.0377618
0.0377618
0.0377618
0.0377618
0.0377618
0.0377618
0.0377618
0.0377618
0.0377618
0.0377618
0.0377618
0.0377618
0.0377618
0.0377618
0.0377618
0.0377618
0.0377618
0.0377618
0.0377618
0.0377618
0.0377618
0.0377618
0.0377618
0.0377618
0.0377618
0.0377618
0.0377618
0.0377618
0.0377618
0.0377618
0.0377618
0.0377618
0.0377618
0.0377618
0.0377618
0.0377618
0.0377618
0.0377618
0.0377618
0.0377618
0.0377618
0.0377618
0.0377618
0.0377618
0.0377618
0.0377618
0.0377618
0.0377618
0.0377618
0.0377618
0.0377618
0.0377618
0.0377618
0.0377618
0.0377618
0.0377618
0.0377618
0.0377618
0.0377618
0.0377618
0.0377618
0.0377618
0.0377618
0.0377618
0.0377618
0.0377618
0.0377618
0.0377618
0.0377618
0.0377618
0.0377618
0.0377618
0.0377618
0.0377618
0.0377618
0.0377618
0.0377618
0.0377618
0.0377618
0.0377618
0.0377618
0.0377618
0.0377618
0.0377618
0.0377618
0.0377618
0.0377618
0.0377618
0.0377618
0.0377618
0.0377618
0.0377618
0.0377618
0.0377618
0.0377618
0.0377618
0.0377618
0.0377618
0.0377618
0.0377618
0.0377618
0.0377618
0.0377618
0.0377618
0.0377618
0.0377618
0.0377618
0.0377618
0.0377618
0.0377618
0.0377618
0.0377618
0.0377618
0.0377618
0.0377618
0.0377618
0.0377618
0.0377618
0.0377618
0.0377618
0.0377618
0.0377618
0.0377618
0.0377618
0.0377618
0.0377618
0.0377618
0.0377618
0.0377618
0.0377618
0.0377618
0.0377618
0.0377618
0.0377618
0.0377618
0.0377618
0.0377618
0.0377618
0.0377618
0.0377618
0.0377618
0.0377618
0.0377618
0.0377618
0.0377618
0.0377618
0.0377618
0.0377618
0.0377618
0.0377618
0.0377618
0.0377618
0.0377618
0.0377618
0.0377618
0.0377618
0.0377618
0.0377618
0.0377618
0.0377618
0.0377618
0.0377618
0.0377618
0.0377618
0.0377618
0.0377618
0.0377618
0.0377618
0.0377618
0.0377618
0.0377618
0.0377618
0.0377618
0.0377618
0.0377618
0.0377618
0.0377618
0.0377618
0.0377618
0.0377618
0.0377618
0.0377618
0.0377618
0.0377618
0.0377618
0.0377618
0.0377618
0.0377618
0.0377618
0.0377618
0.0377618
0.0377618
0.0377618
0.0377618
0.0377618
0.0377618
0.0377618
0.0377618
0.0377618
0.0377618
0.0377618
0.0377618
0.0377618
0.0377618
0.0377618
0.0377618
0.0377618
0.0377618
0.0377618
0.0377618
0.0377618
0.0377618
0.0377618
0.0377618
0.0377618
0.0377618
0.0377618
0.0377618
0.0377618
0.0377618
0.0377618
0.0377618
0.0377618
0.0377618
0.0377618
0.0377618
0.0377618
0.0377618
0.0377618
0.0377618
0.0377618
0.0377618
0.0377618
0.0377618
0.0377618
0.0377618
0.0377618
0.0377618
0.0377618
0.0377618
0.0377618
0.0377618
0.0377618
0.0377618
0.0377618
0.0377618
0.0377618
0.0377618
0.0377618
0.0377618
0.0377618
0.0377618
0.0377618
0.0377618
0.0377618
0.0377618
0.0377618
0.0377618
0.0377618
0.0377618
0.0377618
0.0377618
0.0377618
0.0377618
0.0377618
0.0377618
0.0377618
0.0377618
0.0377618
0.0377618
0.0377618
0.0377618
0.0377618
0.0377618
0.0377618
0.0377618
0.0377618
0.0377618
0.0377618
0.0377618
0.0377618
0.0377618
0.0377618
0.0377618
0.0377618
0.0377618
0.0377618
0.0377618
0.0377618
0.0377618
0.0377618
0.0377618
0.0377618
0.0377618
0.0377618
0.0377618
0.0377618
0.0377618
0.0377618
0.0377618
0.0377618
0.0377618
0.0377618
0.0377618
0.0377618
0.0377618
0.0377618
0.0377618
0.0377618
0.0377618
0.0377618
0.0377618
0.0377618
0.0377618
0.0377618
0.0377618
0.0377618
0.0377618
0.0377618
0.0377618
0.0377618
0.0377618
0.0377618
0.0377618
0.0377618
0.0377618
0.0377618
0.0377618
0.0377618
0.0377618
0.0377618
0.0377618
0.0377618
0.0377618
0.0377618
0.0377618
0.0377618
0.0377618
0.0377618
0.0377618
0.0377618
0.0377618
0.0377618
0.0377618
0.0377618
0.0377618
0.0377618
0.0377618
0.0377618
0.0377618
0.0377618
0.0377618
0.0377618
0.0377618
0.0377618
0.0377618
0.0377618
0.0377618
0.0377618
0.0377618
0.0377618
0.0377618
0.0377618
0.0377618
0.0377618
0.0377618
0.0377618
0.0377618
0.0377618
0.0377618
0.0377618
0.0377618
0.0377618
0.0377618
0.0377618
0.0377618
0.0377618
0.0377618
0.0377618
0.0377618
0.0377618
0.0377618
0.0377618
0.0377618
0.0377618
0.0377618
0.0377618
0.0377618
0.0377618
0.0377618
0.0377618
0.0377618
0.0377618
0.0377618
0.0377618
0.0377618
0.0377618
0.0377618
0.0377618
0.0377618
0.0377618
0.0377618
0.0377618
0.0377618
0.0377618
0.0377618
0.0377618
0.0377618
0.0377618
0.0377618
0.0377618
0.0377618
0.0377618
0.0377618
0.0377618
0.0377618
0.0377618
0.0377618
0.0377618
0.0377618
0.0377618
0.0377618
0.0377618
0.0377618
0.0377618
0.0377618
0.0377618
0.0377618
0.0377618
0.0377618
0.0377618
0.0377618
0.0377618
0.0377618
0.0377618
0.0377618
0.0377618
0.0377618
0.0377618
0.0377618
0.0377618
0.0377618
0.0377618
0.0377618
0.0377618
0.0377618
0.0377618
0.0377618
0.0377618
0.0377618
0.0377618
0.0377618
0.0377618
0.0377618
0.0377618
0.0377618
0.0377618
0.0377618
0.0377618
0.0377618
0.0377618
0.0377618
0.0377618
0.0377618
0.0377618
0.0377618
0.0377618
0.0377618
0.0377618
0.0377618
0.0377618
0.0377618
0.0377618
0.0377618
0.0377618
0.0377618
0.0377618
0.0377618
0.0377618
0.0377618
0.0377618
0.0377618
0.0377618
0.0377618
0.0377618
0.0377618
0.0377618
0.0377618
0.0377618
0.0377618
0.0377618
0.0377618
0.0377618
0.0377618
0.0377618
0.0377618
0.0377618
0.0377618
0.0377618
0.0377618
