3.3873e+07
1.32834e+07
5.9101e+06
5.9101e+06
5.9101e+06
5.9101e+06
5.9101e+06
5.9101e+06
5.9101e+06
3.43153e+06
2.9687e+06
2.9687e+06
2.04525e+06
2.04525e+06
1.63723e+06
1.25813e+06
688841
688841
688841
688841
688841
610772
587821
408878
408878
287387
246452
246452
198863
198863
100724
91759.2
62640.5
62640.5
47913.4
47913.4
42507.1
34390.8
19559.1
19559.1
14139.4
14139.4
14139.4
14139.4
14139.4
11196.8
9802.42
7802.36
7802.36
7802.36
7802.36
7802.36
7802.36
6629.4
4824.6
4003.66
4003.66
4003.66
4003.66
4003.66
4003.66
3359.28
3359.28
2546.95
2059.57
2059.57
2059.57
1953.36
1953.36
1869.26
1709.37
1593.08
1377.33
1167.08
1040.3
930.675
824.76
747.955
575.936
442.614
319.156
319.156
234.041
218.721
218.721
197.775
188.275
147.542
147.542
147.542
147.542
147.542
147.542
147.542
147.542
146.134
146.134
125.495
125.495
121.976
109.292
86.699
75.2915
69.8151
58.5456
53.3321
51.9174
47.359
47.359
47.359
47.359
47.359
47.359
46.5456
40.9113
40.8443
40.3567
38.114
35.7483
33.4307
33.4307
33.4307
32.5765
32.5765
32.5765
32.5765
32.5765
32.5765
32.4718
31.0993
31.0939
30.487
30.487
30.454
29.746
29.746
29.6413
29.5476
29.5476
29.107
28.9135
28.792
28.7332
28.7332
28.5723
28.4488
28.4322
28.3445
28.2647
28.1884
28.1009
28.0952
27.9802
27.9058
27.8372
27.746
27.7371
27.6413
27.5457
27.4926
27.3836
27.3167
27.2664
27.1821
27.137
27.1032
27.0743
27.0007
26.9395
26.8732
26.839
26.7755
26.7557
26.7053
26.6811
26.6443
26.6148
26.553
26.5216
26.4894
26.4524
26.4252
26.3909
26.3616
26.3259
26.2779
26.2486
26.215
26.1714
26.1401
26.1148
26.0841
26.0481
26.0163
25.991
25.9626
25.9306
25.893
25.8637
25.8308
25.7969
25.7693
25.7359
25.7058
25.6701
25.6396
25.605
25.57
25.5374
25.501
25.4695
25.4349
25.4025
25.3707
25.3376
25.3026
25.2716
25.2354
25.2022
25.1677
25.1367
25.105
25.0702
25.0365
25.0061
24.9752
24.9389
24.9068
24.8709
24.8347
24.8012
24.7672
24.7335
24.6976
24.6599
24.6289
24.5924
24.5582
24.5223
24.4901
24.459
24.4238
24.3896
24.3508
24.3187
24.2824
24.2466
24.2055
24.1707
24.128
24.0951
24.0589
24.0232
23.9851
23.951
23.9149
23.8794
23.8419
23.8036
23.7637
23.7221
23.6838
23.6397
23.5976
23.5481
23.509
23.4584
23.4109
23.3634
23.3121
23.265
23.2169
23.1656
23.118
23.0699
23.0245
22.9799
22.9251
22.8803
22.8296
22.7786
22.7269
22.6795
22.6305
22.5849
22.5407
22.4938
22.4464
22.3998
22.3474
22.3078
22.2611
22.2165
22.1718
22.129
22.0816
22.0348
21.9902
21.9424
21.8948
21.8492
21.8058
21.7612
21.7203
21.6759
21.634
21.5938
21.5477
21.5075
21.4638
21.4201
21.3831
21.3398
21.2995
21.2564
21.2222
21.1774
21.1397
21.0981
21.0593
21.0202
20.9829
20.9444
20.9043
20.866
20.8265
20.7893
20.7508
20.7124
20.677
20.6389
20.6014
20.5651
20.5249
20.4872
20.4553
20.4204
20.382
20.3465
20.3108
20.276
20.2371
20.2029
20.1711
20.1361
20.0993
20.0633
20.0267
19.9908
19.9552
19.9174
19.8763
19.8449
19.8093
19.7666
19.733
19.6963
19.6572
19.6216
19.5842
19.5482
19.5102
19.471
19.4388
19.3984
19.3635
19.3229
19.2761
19.2478
19.2076
19.1667
19.1318
19.0926
19.0539
19.0038
18.9754
18.936
18.894
18.8564
18.8139
18.7718
18.7327
18.6962
18.6552
18.6165
18.5798
18.5415
18.5024
18.4609
18.4239
18.3875
18.3477
18.3126
18.2739
18.2373
18.2019
18.1639
18.1243
18.0862
18.0494
18.0148
17.9774
17.9403
17.9049
17.8705
17.8365
17.8
17.7649
17.7302
17.6961
17.6622
17.6272
17.5957
17.5606
17.5269
17.4925
17.4605
17.4247
17.3897
17.3545
17.3207
17.279
17.2492
17.213
17.1771
17.1432
17.1072
17.0718
17.0315
16.9976
16.9636
16.9274
16.8802
16.8523
16.8133
16.7751
16.7381
16.6959
16.6544
16.6143
16.5753
16.537
16.4955
16.4535
16.4139
16.3763
16.3379
16.2987
16.2603
16.2221
16.1827
16.148
16.1134
16.0763
16.0374
16.002
15.9583
15.9269
15.8884
15.8508
15.8121
15.7702
15.7268
15.6903
15.65
15.6085
15.5657
15.5274
15.4876
15.4471
15.4025
15.36
15.3213
15.2774
15.2337
15.1879
15.145
15.0994
15.0504
15.0153
14.9748
14.9315
14.8924
14.8481
14.8042
14.7586
14.7161
14.6753
14.6271
14.5875
14.5416
14.4875
14.4553
14.4091
14.364
14.3171
14.2765
14.2322
14.1855
14.1394
14.0935
14.0486
13.9984
13.9588
13.914
13.8644
13.8177
13.7753
13.7336
13.6913
13.6478
13.6036
13.5575
13.5224
13.4858
13.4412
13.398
13.3527
13.3139
13.2694
13.2274
13.1807
13.1449
13.1033
13.0595
13.0167
12.976
12.9356
12.8919
12.8539
12.8084
12.7659
12.7239
12.6844
12.6441
12.5987
12.5521
12.5148
12.4684
12.4229
12.3772
12.3366
12.2956
12.254
12.2114
12.1663
12.1251
12.0839
12.0418
11.9989
11.9542
11.9109
11.8683
11.8226
11.7809
11.7406
11.6941
11.6528
11.6043
11.5621
11.5299
11.4887
11.4516
11.4158
11.3777
11.336
11.3021
11.2549
11.211
11.1682
11.1231
11.0858
11.0385
10.9914
10.9478
10.9076
10.8583
10.8183
10.7737
10.7311
10.688
10.6348
10.5865
10.5399
10.4893
10.4437
10.3903
10.3408
10.2909
10.239
10.1865
10.1394
10.0932
10.041
10.0029
9.95072
9.90214
9.84533
9.80518
9.7579
9.70376
9.65912
9.60156
9.56112
9.49806
9.44531
9.38961
9.33908
9.28637
9.23327
9.18335
9.12793
9.07275
9.02525
8.96985
8.92129
8.87136
8.82732
8.77473
8.73266
8.68876
8.63609
8.59574
8.55149
8.51174
8.47371
8.4275
8.38964
8.35548
8.31468
8.27681
8.23616
8.19637
8.15019
8.11178
8.076
8.03281
7.99746
7.96188
7.92117
7.88888
7.85133
7.81515
7.77777
7.74025
7.70505
7.67131
7.63303
7.59831
7.55734
7.5213
7.48547
7.44874
7.41334
7.37671
7.3422
7.30041
7.26461
7.22627
7.18567
7.14716
7.10788
7.06944
7.02835
6.99139
6.95589
6.91751
6.8758
6.84583
6.81223
6.76828
6.74463
6.71402
6.67669
6.6369
6.60764
6.57368
6.54011
6.50981
6.47186
6.44575
6.41276
6.38335
6.35448
6.32189
6.29527
6.26807
6.23974
6.21251
6.1817
6.15604
6.12824
6.10008
6.07519
6.04563
6.01693
5.99289
5.96673
5.93734
5.91221
5.88637
5.85999
5.83676
5.81139
5.78694
5.76459
5.73974
5.71637
5.69379
5.67009
5.64821
5.62424
5.59829
5.5759
5.54963
5.52473
5.49899
5.46995
5.44549
5.4154
5.38702
5.36048
5.33191
5.30344
5.27643
5.24851
5.21808
5.19106
5.16117
5.13133
5.1035
5.07411
5.04278
5.01554
4.98643
4.9499
4.91826
4.88536
4.85288
4.82132
4.78537
4.75187
4.71856
4.68666
4.65281
4.61709
4.58543
4.54936
4.51194
4.47751
4.4438
4.41051
4.37327
4.33307
4.2967
4.25627
4.21443
4.17402
4.13414
4.09323
4.054
4.0156
3.97709
3.93691
3.89625
3.86021
3.81861
3.77801
3.74454
3.70131
3.66422
3.62251
3.58498
3.5407
3.4983
3.45645
3.41054
3.37151
3.32846
3.28706
3.24091
3.19032
3.14398
3.10424
3.05792
3.01642
2.96811
2.92307
2.87768
2.83021
2.7872
2.73731
2.69456
2.6428
2.59542
2.55293
2.50771
2.45728
2.41349
2.36947
2.31741
2.27755
2.22992
2.18382
2.1326
2.09217
2.04745
1.99935
1.95541
1.91187
1.86572
1.81663
1.77296
1.72742
1.68077
1.63874
1.59006
1.54849
1.50518
1.46346
1.42316
1.38756
1.34869
1.30722
1.2707
1.2324
1.19981
1.1613
1.1266
1.09239
1.05408
1.02349
0.987249
0.962325
0.93087
0.901955
0.876209
0.847614
0.822073
0.798197
0.772125
0.747183
0.723588
0.701624
0.680536
0.661452
0.638902
0.618969
0.600346
0.58234
0.565007
0.547249
0.531669
0.515932
0.500949
0.486556
0.470487
0.456374
0.44455
0.430921
0.419143
0.406433
0.39622
0.384961
0.375686
0.365647
0.355444
0.345452
0.336602
0.328774
0.319107
0.310826
0.300741
0.293654
0.285539
0.277728
0.270623
0.26349
0.256996
0.250504
0.242799
0.237768
0.231111
0.226246
0.220503
0.215526
0.210519
0.205839
0.201378
0.196899
0.192816
0.188432
0.184753
0.180993
0.176722
0.173131
0.169949
0.166197
0.162726
0.159995
0.156464
0.15372
0.150511
0.147634
0.145054
0.142013
0.139363
0.136635
0.133898
0.131451
0.12866
0.126401
0.124006
0.121169
0.119319
0.117238
0.115127
0.113181
0.111055
0.109382
0.107632
0.105847
0.103946
0.10243
0.100665
0.0990744
0.0975817
0.095841
0.0944278
0.0930692
0.0916591
0.0903662
0.0889984
0.0877166
0.0863718
0.0850144
0.0839356
0.0825658
0.0814807
0.0803626
0.0791364
0.0779218
0.0768623
0.0756411
0.0743878
0.0731821
0.0721025
0.0708794
0.0697844
0.0687241
0.0676387
0.0663825
0.0656363
0.0645257
0.0635647
0.0626079
0.0613519
0.0605601
0.0595926
0.058612
0.0576787
0.0566921
0.0557567
0.0547484
0.0539344
0.0530765
0.0522094
0.0513581
0.0506044
0.0498458
0.0490876
0.0483686
0.0476292
0.0469632
0.0462932
0.0456469
0.0449739
0.0443781
0.0437979
0.0431863
0.0425709
0.0420665
0.0420665
0.0420665
0.0420665
0.0420665
0.0420665
0.0420665
0.0420665
0.0420665
0.0420665
0.0420665
0.0420665
0.0420665
0.0420665
0.0420665
0.0420665
0.0420665
0.0420665
0.0420665
0.0420665
0.0420665
0.0420665
0.0420665
0.0420665
0.0420665
0.0420665
0.0420665
0.0420665
0.0420665
0.0420665
0.0420665
0.0420665
0.0420665
0.0420665
0.0420665
0.0420665
0.0420665
0.0420665
0.0420665
0.0420665
0.0420665
0.0420665
0.0420665
0.0420665
0.0420665
0.0420665
0.0420665
0.0420665
0.0420665
0.0420665
0.0420665
0.0420665
0.0420665
0.0420665
0.0420665
0.0420665
0.0420665
0.0420665
0.0420665
0.0420665
0.0420665
0.0420665
0.0420665
0.0420665
0.0420665
0.0420665
0.0420665
0.0420665
0.0420665
0.0420665
0.0420665
0.0420665
0.0420665
0.0420665
0.0420665
0.0420665
0.0420665
0.0420665
0.0420665
0.0420665
0.0420665
0.0420665
0.0420665
0.0420665
0.0420665
0.0420665
0.0420665
0.0420665
0.0420665
0.0420665
0.0420665
0.0420665
0.0420665
0.0420665
0.0420665
0.0420665
0.0420665
0.0420665
0.0420665
0.0420665
0.0420665
0.0420665
0.0420665
0.0420665
0.0420665
0.0420665
0.0420665
0.0420665
0.0420665
0.0420665
0.0420665
0.0420665
0.0420665
0.0420665
0.0420665
0.0420665
0.0420665
0.0420665
0.0420665
0.0420665
0.0420665
0.0420665
0.0420665
0.0420665
0.0420665
0.0420665
0.0420665
0.0420665
0.0420665
0.0420665
0.0420665
0.0420665
0.0420665
0.0420665
0.0420665
0.0420665
0.0420665
0.0420665
0.0420665
0.0420665
0.0420665
0.0420665
0.0420665
0.0420665
0.0420665
0.0420665
0.0420665
0.0420665
0.0420665
0.0420665
0.0420665
0.0420665
0.0420665
0.0420665
0.0420665
0.0420665
0.0420665
0.0420665
0.0420665
0.0420665
0.0420665
0.0420665
0.0420665
0.0420665
0.0420665
0.0420665
0.0420665
0.0420665
0.0420665
0.0420665
0.0420665
0.0420665
0.0420665
0.0420665
0.0420665
0.0420665
0.0420665
0.0420665
0.0420665
0.0420665
0.0420665
0.0420665
0.0420665
0.0420665
0.0420665
0.0420665
0.0420665
0.0420665
0.0420665
0.0420665
0.0420665
0.0420665
0.0420665
0.0420665
0.0420665
0.0420665
0.0420665
0.0420665
0.0420665
0.0420665
0.0420665
0.0420665
0.0420665
0.0420665
0.0420665
0.0420665
0.0420665
0.0420665
0.0420665
0.0420665
0.0420665
0.0420665
0.0420665
0.0420665
0.0420665
0.0420665
0.0420665
0.0420665
0.0420665
0.0420665
0.0420665
0.0420665
0.0420665
0.0420665
0.0420665
0.0420665
0.0420665
0.0420665
0.0420665
0.0420665
0.0420665
0.0420665
0.0420665
0.0420665
0.0420665
0.0420665
0.0420665
0.0420665
0.0420665
0.0420665
0.0420665
0.0420665
0.0420665
0.0420665
0.0420665
0.0420665
0.0420665
0.0420665
0.0420665
0.0420665
0.0420665
0.0420665
0.0420665
0.0420665
0.0420665
0.0420665
0.0420665
0.0420665
0.0420665
0.0420665
0.0420665
0.0420665
0.0420665
0.0420665
0.0420665
0.0420665
0.0420665
0.0420665
0.0420665
0.0420665
0.0420665
0.0420665
0.0420665
0.0420665
0.0420665
0.0420665
0.0420665
0.0420665
0.0420665
0.0420665
0.0420665
0.0420665
0.0420665
0.0420665
0.0420665
0.0420665
0.0420665
0.0420665
0.0420665
0.0420665
0.0420665
0.0420665
0.0420665
0.0420665
0.0420665
0.0420665
0.0420665
0.0420665
0.0420665
0.0420665
0.0420665
0.0420665
0.0420665
0.0420665
0.0420665
0.0420665
0.0420665
0.0420665
0.0420665
0.0420665
0.0420665
0.0420665
0.0420665
0.0420665
0.0420665
0.0420665
0.0420665
0.0420665
0.0420665
0.0420665
0.0420665
0.0420665
0.0420665
0.0420665
0.0420665
0.0420665
0.0420665
0.0420665
0.0420665
0.0420665
0.0420665
0.0420665
0.0420665
0.0420665
0.0420665
0.0420665
0.0420665
0.0420665
0.0420665
0.0420665
0.0420665
0.0420665
0.0420665
0.0420665
0.0420665
0.0420665
0.0420665
0.0420665
0.0420665
0.0420665
0.0420665
0.0420665
0.0420665
0.0420665
0.0420665
0.0420665
0.0420665
0.0420665
0.0420665
0.0420665
0.0420665
0.0420665
0.0420665
0.0420665
0.0420665
0.0420665
0.0420665
0.0420665
0.0420665
0.0420665
0.0420665
0.0420665
0.0420665
0.0420665
0.0420665
0.0420665
0.0420665
0.0420665
0.0420665
0.0420665
0.0420665
0.0420665
0.0420665
0.0420665
0.0420665
0.0420665
0.0420665
0.0420665
0.0420665
0.0420665
0.0420665
0.0420665
0.0420665
0.0420665
0.0420665
0.0420665
0.0420665
0.0420665
0.0420665
0.0420665
0.0420665
0.0420665
0.0420665
0.0420665
0.0420665
0.0420665
0.0420665
0.0420665
0.0420665
0.0420665
0.0420665
0.0420665
0.0420665
0.0420665
0.0420665
0.0420665
0.0420665
0.0420665
0.0420665
0.0420665
0.0420665
0.0420665
0.0420665
0.0420665
0.0420665
0.0420665
0.0420665
0.0420665
0.0420665
0.0420665
0.0420665
0.0420665
0.0420665
0.0420665
0.0420665
0.0420665
0.0420665
0.0420665
0.0420665
0.0420665
0.0420665
0.0420665
0.0420665
0.0420665
0.0420665
0.0420665
0.0420665
0.0420665
0.0420665
0.0420665
0.0420665
0.0420665
0.0420665
0.0420665
0.0420665
0.0420665
0.0420665
0.0420665
0.0420665
0.0420665
0.0420665
0.0420665
0.0420665
0.0420665
0.0420665
0.0420665
0.0420665
0.0420665
0.0420665
0.0420665
0.0420665
0.0420665
0.0420665
0.0420665
0.0420665
0.0420665
0.0420665
0.0420665
0.0420665
0.0420665
0.0420665
0.0420665
0.0420665
0.0420665
0.0420665
0.0420665
0.0420665
0.0420665
0.0420665
0.0420665
0.0420665
0.0420665
0.0420665
0.0420665
0.0420665
0.0420665
0.0420665
0.0420665
0.0420665
0.0420665
0.0420665
0.0420665
0.0420665
0.0420665
0.0420665
0.0420665
0.0420665
0.0420665
0.0420665
0.0420665
0.0420665
0.0420665
0.0420665
0.0420665
0.0420665
0.0420665
0.0420665
0.0420665
0.0420665
0.0420665
0.0420665
0.0420665
0.0420665
0.0420665
0.0420665
0.0420665
0.0420665
0.0420665
0.0420665
0.0420665
0.0420665
0.0420665
0.0420665
0.0420665
0.0420665
0.0420665
0.0420665
0.0420665
0.0420665
0.0420665
0.0420665
0.0420665
0.0420665
0.0420665
0.0420665
0.0420665
0.0420665
0.0420665
0.0420665
0.0420665
0.0420665
0.0420665
0.0420665
0.0420665
0.0420665
0.0420665
0.0420665
0.0420665
0.0420665
0.0420665
0.0420665
0.0420665
0.0420665
0.0420665
0.0420665
0.0420665
0.0420665
0.0420665
0.0420665
0.0420665
0.0420665
0.0420665
0.0420665
0.0420665
0.0420665
0.0420665
0.0420665
0.0420665
0.0420665
0.0420665
0.0420665
0.0420665
0.0420665
0.0420665
0.0420665
0.0420665
0.0420665
0.0420665
0.0420665
0.0420665
0.0420665
0.0420665
0.0420665
0.0420665
0.0420665
0.0420665
0.0420665
0.0420665
0.0420665
0.0420665
0.0420665
0.0420665
0.0420665
0.0420665
0.0420665
0.0420665
0.0420665
0.0420665
0.0420665
0.0420665
0.0420665
0.0420665
0.0420665
0.0420665
0.0420665
0.0420665
0.0420665
0.0420665
0.0420665
0.0420665
0.0420665
0.0420665
0.0420665
0.0420665
0.0420665
0.0420665
0.0420665
0.0420665
0.0420665
0.0420665
0.0420665
0.0420665
0.0420665
0.0420665
0.0420665
0.0420665
0.0420665
0.0420665
0.0420665
0.0420665
0.0420665
0.0420665
0.0420665
0.0420665
0.0420665
0.0420665
0.0420665
0.0420665
0.0420665
0.0420665
0.0420665
0.0420665
0.0420665
0.0420665
0.0420665
0.0420665
0.0420665
0.0420665
0.0420665
0.0420665
0.0420665
0.0420665
0.0420665
0.0420665
0.0420665
0.0420665
0.0420665
0.0420665
0.0420665
0.0420665
0.0420665
0.0420665
0.0420665
0.0420665
0.0420665
0.0420665
0.0420665
0.0420665
0.0420665
0.0420665
0.0420665
0.0420665
0.0420665
0.0420665
0.0420665
0.0420665
0.0420665
0.0420665
0.0420665
0.0420665
0.0420665
0.0420665
0.0420665
0.0420665
0.0420665
0.0420665
0.0420665
0.0420665
0.0420665
0.0420665
0.0420665
0.0420665
0.0420665
0.0420665
0.0420665
0.0420665
0.0420665
0.0420665
0.0420665
0.0420665
0.0420665
0.0420665
0.0420665
0.0420665
0.0420665
0.0420665
0.0420665
0.0420665
0.0420665
0.0420665
0.0420665
0.0420665
0.0420665
0.0420665
0.0420665
0.0420665
0.0420665
0.0420665
0.0420665
0.0420665
0.0420665
0.0420665
0.0420665
0.0420665
0.0420665
0.0420665
0.0420665
0.0420665
0.0420665
0.0420665
0.0420665
0.0420665
0.0420665
0.0420665
0.0420665
0.0420665
0.0420665
0.0420665
0.0420665
0.0420665
0.0420665
0.0420665
0.0420665
0.0420665
0.0420665
0.0420665
0.0420665
0.0420665
0.0420665
0.0420665
0.0420665
0.0420665
0.0420665
0.0420665
0.0420665
0.0420665
0.0420665
0.0420665
0.0420665
0.0420665
0.0420665
0.0420665
0.0420665
0.0420665
0.0420665
0.0420665
0.0420665
0.0420665
0.0420665
0.0420665
0.0420665
0.0420665
0.0420665
0.0420665
0.0420337
0.0413823
0.0406936
0.0400666
0.039414
0.0386924
0.0380725
0.0373728
0.0367916
0.0361468
0.0355484
0.0349456
0.0343075
0.0337365
0.0331422
0.0324989
0.0318912
0.0312565
0.0307397
0.0300845
0.0295054
0.0288842
0.0284196
0.0278379
0.027192
0.0267235
0.0261623
0.0255795
0.0255795
0.0255795
0.0255795
0.0255795
0.0255795
0.0255795
0.0255795
0.0255795
0.0255795
0.0255795
0.0255795
0.0255795
0.0255795
0.0255795
0.0255795
0.0255795
0.0255795
0.0255795
0.0255795
0.0255795
0.0255795
0.0255795
0.0255795
0.0255795
0.0255795
0.0255795
0.0255795
0.0255795
0.0255795
0.0255795
0.0255795
0.0255795
0.0255795
0.0255795
0.0255795
0.0255795
0.0255795
0.0255795
0.0255795
0.0255795
0.0255795
0.0255795
0.0255795
0.0255795
0.0255795
0.0255795
0.0255795
0.0255795
0.0255795
0.0255795
0.0255795
0.0255795
0.0255795
0.0255795
0.0255795
0.0255795
0.0255795
0.0255795
0.0255795
0.0255795
0.0255795
0.0255795
0.0255795
0.0255795
0.0255795
0.0255795
0.0255795
0.0255795
0.0255795
0.0255795
0.0255795
0.0255795
0.0255795
0.0255795
0.0255795
0.0255795
0.0255795
0.0255795
0.0255795
0.0255795
0.0255795
0.0255795
0.0255795
0.0255795
0.0255795
0.0255795
0.0255795
0.0255795
0.0255795
0.0255795
0.0255795
0.0255795
0.0255795
0.0255795
0.0255795
0.0255795
0.0255795
0.0255795
0.0255795
0.0255795
0.0255795
0.0255795
0.0255795
0.0255795
0.0255795
0.0255795
0.0255795
0.0255795
0.0255795
0.0255795
0.0255795
0.0255795
0.0255795
0.0255795
0.0255795
0.0255795
0.0255795
0.0255795
0.0255795
0.0255795
0.0255795
0.0255795
0.0255795
0.0255795
0.0255795
0.0255795
0.0255795
0.0255795
0.0255795
0.0255795
0.0255795
0.0255795
