1.6949e+07
1.1928e+07
1.13849e+07
1.13849e+07
1.13849e+07
7.73078e+06
7.69427e+06
7.36353e+06
5.72798e+06
3.99708e+06
3.99708e+06
2.69848e+06
2.69848e+06
2.69848e+06
1.23972e+06
1.23972e+06
1.23972e+06
813862
535755
535755
535755
535755
535755
535755
535755
535755
399329
151905
151905
151905
151905
108943
108943
106633
67612.8
67612.8
67612.8
57664.5
57664.5
57664.5
55926.2
50800.6
27113
17586.6
17586.6
16418.5
16418.5
16418.5
16418.5
16418.5
11516.5
11340.4
9699.69
9699.69
8395.19
4974.13
4974.13
3939.31
3604.19
3236.74
1839.44
1839.44
1839.44
1516.22
1516.22
1516.22
1516.22
1085.31
1085.31
1085.31
1085.31
1085.31
1085.31
927.058
927.058
927.058
750.734
594.261
594.261
540.92
540.92
540.92
346.351
346.351
346.351
346.351
346.351
308.806
308.806
308.806
280.079
265.834
243.034
217.035
179.315
158.503
158.503
119.078
119.078
119.078
119.078
98.2079
95.0123
95.0123
89.2591
86.6648
86.6648
77.7198
68.932
68.932
68.932
64.7079
54.5817
53.0472
53.0472
53.0472
47.1963
47.1963
47.1963
47.1963
41.1107
41.1107
39.8517
37.8047
37.8047
32.989
32.8135
32.8135
32.8135
32.8135
32.8135
32.8135
32.7669
31.9875
31.9875
31.9875
31.1069
30.7431
29.8035
29.7074
29.5271
29.5271
29.5271
29.2027
28.8553
28.3577
28.3577
28.3408
28.2992
28.0337
27.9631
27.9197
27.7148
27.5461
27.4439
27.3726
27.3705
27.3572
27.3572
27.3472
27.2104
27.1286
27.1234
27.012
26.9368
26.8968
26.8507
26.8137
26.7953
26.7341
26.6649
26.5992
26.5542
26.504
26.475
26.4367
26.3814
26.3552
26.2899
26.2747
26.2284
26.1834
26.1392
26.1039
26.0657
26.024
25.9968
25.9499
25.9078
25.8669
25.8364
25.7998
25.7626
25.7241
25.6846
25.6535
25.6134
25.5762
25.5372
25.5011
25.464
25.4256
25.3815
25.3402
25.2966
25.2533
25.2136
25.1718
25.128
25.0899
25.0441
25.0007
24.9589
24.9182
24.8791
24.8318
24.7971
24.7577
24.7182
24.6778
24.6405
24.605
24.5632
24.5271
24.4886
24.4497
24.407
24.3726
24.334
24.2993
24.2568
24.2201
24.1787
24.1458
24.1085
24.0647
24.0299
23.9958
23.9581
23.9203
23.8863
23.8481
23.8129
23.7756
23.7393
23.7041
23.6676
23.6336
23.5969
23.555
23.5181
23.4803
23.4446
23.4043
23.3644
23.3269
23.2857
23.2499
23.2078
23.1742
23.1293
23.0905
23.0559
23.0164
22.9769
22.9355
22.9011
22.8603
22.8217
22.7901
22.7493
22.7113
22.6823
22.6459
22.6102
22.5718
22.5361
22.4924
22.4607
22.4262
22.3905
22.357
22.3197
22.2794
22.249
22.2145
22.1778
22.144
22.1041
22.0694
22.0351
22.0002
21.9661
21.9301
21.894
21.8616
21.8214
21.7895
21.7547
21.7161
21.6786
21.644
21.6059
21.5683
21.5362
21.5008
21.468
21.4286
21.4026
21.3691
21.3353
21.2984
21.2665
21.2283
21.1986
21.154
21.1229
21.0909
21.0512
21.019
20.9856
20.9518
20.9176
20.8813
20.8463
20.8101
20.7782
20.7437
20.704
20.6734
20.6373
20.6059
20.5712
20.5353
20.5005
20.4596
20.4254
20.388
20.3497
20.3134
20.2734
20.2382
20.1988
20.1518
20.1124
20.0817
20.0353
19.9942
19.952
19.9116
19.8657
19.828
19.7867
19.7482
19.7058
19.6652
19.6277
19.5897
19.5502
19.5084
19.4721
19.4308
19.3956
19.3597
19.3243
19.2874
19.2495
19.2151
19.1731
19.1411
19.1034
19.0678
19.0337
18.9974
18.9629
18.928
18.8934
18.8618
18.8271
18.792
18.7563
18.7208
18.6875
18.655
18.6126
18.5865
18.5526
18.518
18.4849
18.447
18.4134
18.3762
18.3446
18.3049
18.2736
18.2374
18.1993
18.1629
18.1287
18.0924
18.0575
18.0197
17.9852
17.9484
17.9163
17.8768
17.8404
17.8044
17.767
17.7262
17.6881
17.6486
17.6123
17.5734
17.5293
17.4906
17.4484
17.4059
17.3593
17.3221
17.2782
17.2334
17.1925
17.1435
17.0987
17.0473
17.0043
16.9554
16.9153
16.8715
16.8291
16.7837
16.7392
16.6964
16.6571
16.6125
16.5761
16.5268
16.4935
16.4528
16.4082
16.365
16.3284
16.2784
16.2468
16.2038
16.1673
16.1279
16.0855
16.0467
16.0079
15.9698
15.9286
15.8911
15.8464
15.8089
15.7635
15.7207
15.6795
15.6385
15.5965
15.554
15.5129
15.468
15.4284
15.3817
15.339
15.2843
15.2466
15.2028
15.1537
15.1075
15.0636
15.0161
14.9659
14.9245
14.8791
14.8306
14.7863
14.7432
14.6971
14.6542
14.6136
14.5651
14.5204
14.4761
14.4353
14.3882
14.3517
14.3069
14.2639
14.2256
14.1889
14.1475
14.1149
14.075
14.045
14.0085
13.9774
13.9493
13.915
13.8819
13.8532
13.8253
13.792
13.7615
13.7235
13.6747
13.6514
13.6131
13.5806
13.5425
13.5046
13.4701
13.4357
13.3977
13.3671
13.3321
13.2962
13.2518
13.2237
13.1884
13.1525
13.1134
13.0814
13.0461
13.014
12.9787
12.9461
12.9124
12.8739
12.8421
12.8027
12.771
12.7337
12.6961
12.6576
12.6268
12.5895
12.5489
12.508
12.4711
12.433
12.3955
12.3546
12.3181
12.2797
12.2429
12.2028
12.1695
12.1309
12.0956
12.0602
12.0216
11.9938
11.9622
11.9231
11.8943
11.8538
11.8254
11.7914
11.7572
11.7239
11.6907
11.6537
11.6197
11.5834
11.5473
11.5121
11.4761
11.4348
11.4005
11.366
11.328
11.2949
11.2594
11.225
11.1905
11.1514
11.1128
11.0721
11.0317
10.9941
10.9504
10.9041
10.8621
10.8142
10.7706
10.7279
10.6819
10.6403
10.5934
10.5415
10.4962
10.4506
10.4055
10.349
10.3044
10.2571
10.2065
10.1535
10.1058
10.0487
9.99653
9.94428
9.8886
9.83314
9.78141
9.73035
9.6797
9.62044
9.57475
9.52847
9.46901
9.41736
9.3678
9.31604
9.25219
9.20637
9.15499
9.09738
9.04445
8.97773
8.93511
8.88061
8.8313
8.7719
8.72071
8.6771
8.62722
8.57334
8.52704
8.47246
8.42937
8.37621
8.32527
8.2737
8.22482
8.17747
8.12606
8.07419
8.02994
7.98113
7.93621
7.88943
7.84519
7.80114
7.75122
7.70697
7.65209
7.61474
7.57072
7.52291
7.4765
7.43005
7.38787
7.347
7.3003
7.25792
7.21668
7.16571
7.12975
7.08382
7.04335
6.99783
6.95731
6.9114
6.85976
6.81442
6.77003
6.71918
6.67455
6.6286
6.57905
6.52233
6.47652
6.42232
6.36988
6.31239
6.26737
6.21858
6.16587
6.11555
6.06511
6.01829
5.96807
5.91787
5.87026
5.82366
5.77027
5.72709
5.68197
5.63787
5.58803
5.54306
5.49625
5.44865
5.40317
5.36408
5.32071
5.27236
5.22993
5.18686
5.13588
5.09707
5.0512
5.00989
4.96291
4.9236
4.87968
4.83772
4.79319
4.74846
4.70727
4.66483
4.61839
4.57322
4.52672
4.48446
4.43996
4.39108
4.35041
4.30603
4.26135
4.21859
4.17455
4.13389
4.08942
4.05456
4.01643
3.9731
3.93658
3.89673
3.85757
3.81855
3.77426
3.73298
3.69371
3.65427
3.61583
3.57819
3.53836
3.49416
3.45741
3.42208
3.38532
3.34639
3.31048
3.27885
3.24208
3.20829
3.17651
3.146
3.11743
3.08935
3.0634
3.0377
3.01212
2.98776
2.96611
2.94443
2.91895
2.89934
2.87987
2.85719
2.83822
2.81291
2.78684
2.77087
2.74473
2.71774
2.69567
2.66866
2.64347
2.61569
2.59024
2.56293
2.54057
2.51384
2.4916
2.46606
2.44207
2.41951
2.39419
2.36395
2.3389
2.30884
2.28202
2.2542
2.22385
2.19175
2.16207
2.13079
2.09495
2.0602
2.02713
1.99726
1.96087
1.9298
1.90012
1.86392
1.8343
1.80451
1.77307
1.73656
1.71246
1.68002
1.64751
1.61891
1.58856
1.55736
1.52894
1.49972
1.47296
1.44178
1.41098
1.37822
1.35533
1.32377
1.29461
1.26562
1.23225
1.2079
1.17971
1.15123
1.12781
1.1039
1.07613
1.05427
1.02927
1.00895
0.985789
0.963395
0.941377
0.918228
0.896932
0.875315
0.854058
0.835403
0.815992
0.794372
0.775028
0.757717
0.741183
0.722558
0.703962
0.687145
0.669448
0.653327
0.63714
0.622126
0.607016
0.592745
0.577041
0.564662
0.549608
0.53819
0.52475
0.512294
0.49847
0.486677
0.474982
0.463379
0.451703
0.440328
0.430135
0.416817
0.407958
0.398218
0.38995
0.379713
0.370142
0.361071
0.351513
0.341749
0.333498
0.325744
0.317522
0.310387
0.301829
0.295413
0.287862
0.281453
0.2746
0.2675
0.262195
0.255998
0.25021
0.245079
0.239135
0.233996
0.228555
0.223237
0.218326
0.213306
0.20861
0.204597
0.199793
0.195759
0.191086
0.187023
0.182983
0.178625
0.174328
0.170858
0.167087
0.163787
0.159973
0.156178
0.153218
0.149655
0.147061
0.14405
0.141437
0.138431
0.135562
0.133032
0.130358
0.127428
0.125668
0.123485
0.121117
0.119197
0.117137
0.114957
0.113004
0.111122
0.109101
0.107461
0.105642
0.104171
0.102236
0.100652
0.098886
0.0975216
0.0958665
0.0944408
0.0926426
0.0913255
0.089904
0.0885314
0.0871802
0.0858116
0.0845606
0.0832797
0.0819872
0.0806369
0.0796722
0.0785102
0.0773586
0.0762918
0.0751936
0.0740306
0.0731337
0.0721444
0.0712445
0.0703017
0.0694436
0.0685373
0.0675822
0.066739
0.0659802
0.0651955
0.0643881
0.063687
0.0628366
0.0620849
0.0613195
0.060594
0.0598405
0.0591902
0.0585164
0.0579199
0.0572873
0.0567004
0.0560643
0.0554914
0.0548506
0.054244
0.0536714
0.0530069
0.0523908
0.0518118
0.0512288
0.0506069
0.0499905
0.0493898
0.0488534
0.0488534
0.0488534
0.0488534
0.0488534
0.0488534
0.0488534
0.0488534
0.0488534
0.0488534
0.0488534
0.0488534
0.0488534
0.0488534
0.0488534
0.0488534
0.0488534
0.0488534
0.0488534
0.0488534
0.0488534
0.0488534
0.0488534
0.0488534
0.0488534
0.0488534
0.0488534
0.0488534
0.0488534
0.0488534
0.0488534
0.0488534
0.0488534
0.0488534
0.0488534
0.0488534
0.0488534
0.0488534
0.0488534
0.0488534
0.0488534
0.0488534
0.0488534
0.0488534
0.0488534
0.0488534
0.0488534
0.0488534
0.0488534
0.0488534
0.0488534
0.0488534
0.0488534
0.0488534
0.0488534
0.0488534
0.0488534
0.0488534
0.0488534
0.0488534
0.0488534
0.0488534
0.0488534
0.0488534
0.0488534
0.0488534
0.0488534
0.0488534
0.0488534
0.0488534
0.0488534
0.0488534
0.0488534
0.0488534
0.0488534
0.0488534
0.0488534
0.0488534
0.0488534
0.0488534
0.0488534
0.0488534
0.0488534
0.0488534
0.0488534
0.0488534
0.0488534
0.0488534
0.0488534
0.0488534
0.0488534
0.0488534
0.0488534
0.0488534
0.0488534
0.0488534
0.0488534
0.0488534
0.0488534
0.0488534
0.0488534
0.0488534
0.0488534
0.0488534
0.0488534
0.0488534
0.0488534
0.0488534
0.0488534
0.0488534
0.0488534
0.0488534
0.0488534
0.0488534
0.0488534
0.0488534
0.0488534
0.0488534
0.0488534
0.0488534
0.0488534
0.0488534
0.0488534
0.0488534
0.0488534
0.0488534
0.0488534
0.0488534
0.0488534
0.0488534
0.0488534
0.0488534
0.0488534
0.0488534
0.0488534
0.0488534
0.0488534
0.0488534
0.0488534
0.0488534
0.0488534
0.0488534
0.0488534
0.0488534
0.0488534
0.0488534
0.0488534
0.0488534
0.0488534
0.0488534
0.0488534
0.0488534
0.0488534
0.0488534
0.0488534
0.0488534
0.0488534
0.0488534
0.0488534
0.0488534
0.0488534
0.0488534
0.0488534
0.0488534
0.0488534
0.0488534
0.0488534
0.0488534
0.0488534
0.0488534
0.0488534
0.0488534
0.0488534
0.0488534
0.0488534
0.0488534
0.0488534
0.0488534
0.0488534
0.0488534
0.0488534
0.0488534
0.0488534
0.0488534
0.0488534
0.0488534
0.0488534
0.0488534
0.0488534
0.0488534
0.0488534
0.0488534
0.0488534
0.0488534
0.0488534
0.0488534
0.0488534
0.0488534
0.0488534
0.0488534
0.0488534
0.0488534
0.0488534
0.0488534
0.0488534
0.0488534
0.0488534
0.0488534
0.0488534
0.0488534
0.0488534
0.0488534
0.0488534
0.0488534
0.0488534
0.0488534
0.0488534
0.0488534
0.0488534
0.0488534
0.0488534
0.0488534
0.0488534
0.0488534
0.0488534
0.0488534
0.0488534
0.0488534
0.0488534
0.0488534
0.0488534
0.0488534
0.0488534
0.0488534
0.0488534
0.0488534
0.0488534
0.0488534
0.0488534
0.0488534
0.0488534
0.0488534
0.0488534
0.0488534
0.0488534
0.0488534
0.0488534
0.0488534
0.0488534
0.0488534
0.0488534
0.0488534
0.0488534
0.0488534
0.0488534
0.0488534
0.0488534
0.0488534
0.0488534
0.0488534
0.0488534
0.0488534
0.0488534
0.0488534
0.0488534
0.0488534
0.0488534
0.0488534
0.0488534
0.0488534
0.0488534
0.0488534
0.0488534
0.0488534
0.0488534
0.0488534
0.0488534
0.0488534
0.0488534
0.0488534
0.0488534
0.0488534
0.0488534
0.0488534
0.0488534
0.0488534
0.0488534
0.0488534
0.0488534
0.0488534
0.0488534
0.0488534
0.0488534
0.0488534
0.0488534
0.0488534
0.0488534
0.0488534
0.0488534
0.0488534
0.0488534
0.0488534
0.0488534
0.0488534
0.0488534
0.0488534
0.0488534
0.0488534
0.0488534
0.0488534
0.0488534
0.0488534
0.0488534
0.0488534
0.0488534
0.0488534
0.0488534
0.0488534
0.0488534
0.0488534
0.0488534
0.0488534
0.0488534
0.0488534
0.0488534
0.0488534
0.0488534
0.0488534
0.0488534
0.0488534
0.0488534
0.0488534
0.0488534
0.0488534
0.0488534
0.0488534
0.0488534
0.0488534
0.0488534
0.0488534
0.0488534
0.0488534
0.0488534
0.0488534
0.0488534
0.0488534
0.0488534
0.0488534
0.0488534
0.0488534
0.0488534
0.0488534
0.0488534
0.0488534
0.0488534
0.0488534
0.0488534
0.0488534
0.0488534
0.0488534
0.0488534
0.0488534
0.0488534
0.0488534
0.0488534
0.0488534
0.0488534
0.0488534
0.0488534
0.0488534
0.0488534
0.0488534
0.0488534
0.0488534
0.0488534
0.0488534
0.0488534
0.0488534
0.0488534
0.0488534
0.0488534
0.0488534
0.0488534
0.0488534
0.0488534
0.0488534
0.0488534
0.0488534
0.0488534
0.0488534
0.0488534
0.0488534
0.0488534
0.0488534
0.0488534
0.0488534
0.0488534
0.0488534
0.0488534
0.0488534
0.0488534
0.0488534
0.0488534
0.0488534
0.0488534
0.0488534
0.0488534
0.0488534
0.0488534
0.0488534
0.0488534
0.0488534
0.0488534
0.0488534
0.0488534
0.0488534
0.0488534
0.0488534
0.0488534
0.0488534
0.0488534
0.0488534
0.0488534
0.0488534
0.0488534
0.0488534
0.0488534
0.0488534
0.0488534
0.0488534
0.0488534
0.0488534
0.0488534
0.0488534
0.0488534
0.0488534
0.0488534
0.0488534
0.0488534
0.0488534
0.0488534
0.0488534
0.0488534
0.0488534
0.0488534
0.0488534
0.0488534
0.0488534
0.0488534
0.0488534
0.0488534
0.0488534
0.0488534
0.0488534
0.0488534
0.0488534
0.0488534
0.0488534
0.0488534
0.0488534
0.0488534
0.0488534
0.0488534
0.0488534
0.0488534
0.0488534
0.0488534
0.0488534
0.0488534
0.0488534
0.0488534
0.0488534
0.0488534
0.0488534
0.0488534
0.0488534
0.0488534
0.0488534
0.0488534
0.0488534
0.0488534
0.0488534
0.0488534
0.0488534
0.0488534
0.0488534
0.0488534
0.0488534
0.0488534
0.0488534
0.0488534
0.0488534
0.0488534
0.0488534
0.0488534
0.0488534
0.0488534
0.0488534
0.0488534
0.0488534
0.0488534
0.0488534
0.0488534
0.0488534
0.0488534
0.0488534
0.0488534
0.0488534
0.0488534
0.0488534
0.0488534
0.0488534
0.0488534
0.0488534
0.0488534
0.0488534
0.0488534
0.0488534
0.0488534
0.0488534
0.0488534
0.0488534
0.0488534
0.0488534
0.0488534
0.0488534
0.0488534
0.0488534
0.0488534
0.0488534
0.0488534
0.0488534
0.0488534
0.0488534
0.0488534
0.0488534
0.0488534
0.0488534
0.0488534
0.0488534
0.0488534
0.0488534
0.0488534
0.0488534
0.0488534
0.0488534
0.0488534
0.0488534
0.0488534
0.0488534
0.0488534
0.0488534
0.0488534
0.0488534
0.0488534
0.0488534
0.0488534
0.0488534
0.0488534
0.0488534
0.0488534
0.0488534
0.0488534
0.0488534
0.0488534
0.0488534
0.0488534
0.0488534
0.0488534
0.0488534
0.0488534
0.0488534
0.0488534
0.0488534
0.0488534
0.0488534
0.0488534
0.0488534
0.0488534
0.0488534
0.0488534
0.0488534
0.0488534
0.0488534
0.0488534
0.0488534
0.0488534
0.0488534
0.0488534
0.0488534
0.0488534
0.0488534
0.0488534
0.0488534
0.0488534
0.0488534
0.0488534
0.0488534
0.0488534
0.0488534
0.0488534
0.0488534
0.0488534
0.0488534
0.0488534
0.0488534
0.0488534
0.0488534
0.0488534
0.0488534
0.0488534
0.0488534
0.0488534
0.0488534
0.0488534
0.0488534
0.0488534
0.0488534
0.0488534
0.0488534
0.0488534
0.0488534
0.0488534
0.0488534
0.0488534
0.0488534
0.0488534
0.0488534
0.0488534
0.0488534
0.0488534
0.0488534
0.0488534
0.0488534
0.0488534
0.0488534
0.0488534
0.0488534
0.0488534
0.0488534
0.0488534
0.0488534
0.0488534
0.0488534
0.0488534
0.0488534
0.0488534
0.0488534
0.0488534
0.0488534
0.0488534
0.0488534
0.0488534
0.0488534
0.0488534
0.0488534
0.0488534
0.0488534
0.0488534
0.0488534
0.0488534
0.0488534
0.0488534
0.0488534
0.0488534
0.0488534
0.0488534
0.0488534
0.0488534
0.0488534
0.0488534
0.0488534
0.0488534
0.0488534
0.0488534
0.0488534
0.0488534
0.0488534
0.0488534
0.0488534
0.0488534
0.0488534
0.0488534
0.0488534
0.0488534
0.0488534
0.0488534
0.0488534
0.0488534
0.0488534
0.0488534
0.0488534
0.0488534
0.0488534
0.0488534
0.0488534
0.0488534
0.0488534
0.0488534
0.0488534
0.0488534
0.0488534
0.0488534
0.0488534
0.0488534
0.0488534
0.0488534
0.0488534
0.0488534
0.0488534
0.0488534
0.0488534
0.0488534
0.0488534
0.0488534
0.0488534
0.0488534
0.0488534
0.0488534
0.0488534
0.0488534
0.0488534
0.0488534
0.0488534
0.0488534
0.0488534
0.0488534
0.0488534
0.0488534
0.0488534
0.0488534
0.0488534
0.0488534
0.0488534
0.0488534
0.0488534
0.0488534
0.0488534
0.0488534
0.0488534
0.0488534
0.0488534
0.0488534
0.0488534
0.0488534
0.0488534
0.0488534
0.0488534
0.0488534
0.0488534
0.0488534
0.0488534
0.0488534
0.0488534
0.0488534
0.0488534
0.0488534
0.0488534
0.0488534
0.0488534
0.0488534
0.0488534
0.0488534
0.0488534
0.0488534
0.0488534
0.0488534
0.0488534
0.0488534
0.0488534
0.0488534
0.0488534
0.0488534
0.0488534
0.0488534
0.0488534
0.0488534
0.0488534
0.0488534
0.0488534
0.0488534
0.0488534
0.0488534
0.0488534
0.0488534
0.0488534
0.0488534
0.0488534
0.0488534
0.0488534
0.0488534
0.0488534
0.0488534
0.0488534
0.0488534
0.0488534
0.0488534
0.0488534
0.0488534
0.0488534
0.0488534
0.0488534
0.0488534
0.0488534
0.0488534
0.0488534
0.0488534
0.0488534
0.0488534
0.0488534
0.0488534
0.0488534
0.0488534
0.0488534
0.0488534
0.0488534
0.0488534
0.0488534
0.0488534
0.0488534
0.0488534
0.0488534
0.0488534
0.0488534
0.0488534
0.0488534
0.0488534
0.0488534
0.0488534
0.0488534
0.0488534
0.0488534
0.0488534
0.0488534
0.0488534
0.0488534
0.0488534
0.0488534
0.0488534
0.0488534
0.0488534
0.0488534
0.0488534
0.0488534
0.0488534
0.0488534
0.0488534
0.0488534
0.0488534
0.0488534
0.0488534
0.0488534
0.0488534
0.0488534
0.0488534
0.0488534
0.0488534
0.0488534
0.0488534
0.0488534
0.0488534
0.0488534
0.0488534
0.0488534
0.0488534
0.0488534
0.0488534
0.0488534
0.0488534
0.0488534
0.0488534
0.0488534
0.0488534
0.0488534
0.0488534
0.0488534
0.0488534
0.0488534
0.0488534
0.0488534
0.0488534
0.0488534
0.0488534
0.0488534
0.0488534
0.0488534
0.0488534
0.0488534
0.0488534
0.0488534
0.0488534
0.0488534
0.0488534
0.0488534
0.0488534
0.0488534
0.0488534
0.0488534
0.0488534
0.0488534
0.0488534
0.0488534
0.0488534
0.0488534
0.0488534
0.0488534
0.0488534
0.0488534
0.0488534
0.0488534
0.0488534
0.0488534
0.0488534
0.0488534
0.0488534
0.0488534
0.0488534
0.0488534
0.0488534
0.0488534
0.0488534
0.0488534
0.0488534
0.0488534
0.0488534
0.0488534
0.0488534
0.0488534
0.0488534
0.0488534
0.0488534
0.0488534
0.0488534
0.0488534
0.0488534
0.0488534
0.0488534
0.0488534
0.0488534
0.0488534
