1.52832e+07
9.35553e+06
9.35553e+06
8.89103e+06
8.27336e+06
8.27336e+06
8.27336e+06
8.27336e+06
2.85226e+06
2.85226e+06
2.85226e+06
1.78258e+06
1.78258e+06
1.78258e+06
1.78258e+06
1.78258e+06
1.78258e+06
1.78258e+06
1.31261e+06
1.31261e+06
836883
464367
464367
292026
261672
261672
218863
109110
109110
109110
109110
109110
95728.8
95728.8
49625.2
49625.2
27436.4
23666.3
23666.3
23666.3
23666.3
23666.3
19634
18230.4
13221.1
7379.19
7379.19
6468.77
6468.77
6205.38
5878.66
4145.63
3238.54
3238.54
3086.28
2765.19
2765.19
2765.19
2297.7
1612.42
1612.42
1612.42
1173.35
1058.54
1058.54
1058.54
1058.54
1058.54
1058.54
1058.54
539.512
539.512
539.512
504.532
471.826
240.132
240.132
240.132
240.132
240.132
240.132
240.132
231.51
231.51
231.51
231.51
231.51
231.51
206.477
206.477
206.477
164.533
125.725
120.515
102.217
74.4833
74.4833
74.4833
74.4833
74.4833
74.4833
74.4833
74.4833
74.4833
73.4471
58.7898
56.7053
52.5789
52.5789
49.627
49.627
49.627
48.8246
47.0806
44.8338
43.4241
37.7564
37.1499
36.9999
36.9999
36.9999
36.8339
36.7531
36.0598
34.2755
31.9572
31.9572
31.0994
31.0994
29.7977
29.5354
29.1081
29.1081
28.478
28.478
28.2786
27.8496
27.8496
27.2957
27.2957
27.0345
26.9476
26.8386
26.6783
26.5388
26.4477
26.2504
26.0608
26.0343
25.897
25.7522
25.6751
25.5525
25.5038
25.4961
25.3765
25.2713
25.0875
25.0875
25.0533
24.9195
24.8576
24.8568
24.7285
24.6482
24.6303
24.5338
24.5089
24.4216
24.3872
24.3058
24.2411
24.1973
24.1311
24.0633
23.9848
23.9228
23.8402
23.7755
23.7198
23.6218
23.5755
23.5123
23.4551
23.3868
23.3323
23.2878
23.2154
23.1428
23.104
23.0516
22.9986
22.9494
22.8961
22.8335
22.7848
22.7358
22.6835
22.628
22.5776
22.5349
22.4861
22.4363
22.3873
22.3459
22.2969
22.2484
22.1956
22.1504
22.1018
22.0569
22.0084
21.9595
21.9196
21.8716
21.8286
21.7849
21.7411
21.6994
21.6624
21.6204
21.5809
21.5395
21.5005
21.4624
21.4256
21.3915
21.3514
21.3165
21.2801
21.2404
21.2066
21.1701
21.1336
21.0974
21.0621
21.0278
20.9926
20.9559
20.9153
20.878
20.8466
20.8108
20.7793
20.7482
20.7096
20.6825
20.6471
20.6152
20.5839
20.5521
20.5214
20.4874
20.4583
20.4234
20.3937
20.3635
20.3308
20.298
20.2621
20.2263
20.1889
20.1469
20.1182
20.0784
20.0434
20.0056
19.9672
19.9309
19.8923
19.8548
19.8232
19.7857
19.7538
19.7174
19.6836
19.6512
19.6138
19.5804
19.545
19.5093
19.4747
19.4407
19.4045
19.3734
19.3382
19.2971
19.2654
19.2299
19.1889
19.1548
19.1187
19.0799
19.042
19.0017
18.9674
18.9277
18.884
18.8508
18.8134
18.7721
18.7332
18.6921
18.6512
18.6073
18.5594
18.5144
18.4718
18.4232
18.3754
18.3301
18.2785
18.2348
18.1817
18.1317
18.0871
18.0388
17.9974
17.9503
17.9034
17.8538
17.8017
17.755
17.7127
17.6639
17.6173
17.5718
17.518
17.4767
17.4321
17.383
17.3431
17.2998
17.2561
17.2131
17.1704
17.1281
17.0889
17.0515
17.011
16.9828
16.9484
16.9097
16.8759
16.8433
16.8153
16.7822
16.7531
16.722
16.6921
16.6598
16.6285
16.5962
16.5613
16.5311
16.5014
16.4677
16.4274
16.4005
16.3649
16.3306
16.2956
16.2643
16.2302
16.199
16.1611
16.1283
16.0868
16.0526
16.0167
15.9793
15.9396
15.9035
15.8661
15.8249
15.7868
15.748
15.7068
15.6686
15.6327
15.5913
15.5442
15.5067
15.4647
15.4205
15.3812
15.3449
15.3025
15.2643
15.2232
15.1845
15.1436
15.1001
15.0698
15.0284
14.9891
14.9528
14.9117
14.8755
14.8366
14.7951
14.7598
14.7251
14.6877
14.6539
14.6127
14.5757
14.5426
14.5037
14.4698
14.4279
14.3993
14.3626
14.3229
14.2815
14.2491
14.2099
14.1738
14.1363
14.0963
14.0587
14.0188
13.9855
13.9439
13.9047
13.8624
13.8242
13.7746
13.7305
13.6876
13.6465
13.6036
13.561
13.5162
13.4635
13.4252
13.3743
13.3317
13.2864
13.2375
13.1928
13.1496
13.1042
13.0581
13.0121
12.9711
12.9241
12.8815
12.8369
12.7919
12.7509
12.7093
12.6641
12.6239
12.5814
12.5429
12.5031
12.4705
12.4219
12.3951
12.3603
12.3223
12.2812
12.2479
12.2067
12.1722
12.1372
12.1025
12.0672
12.0347
11.9969
11.9684
11.9285
11.8952
11.8503
11.8159
11.7823
11.7411
11.6998
11.6606
11.607
11.5791
11.5312
11.4959
11.4572
11.4213
11.3847
11.3402
11.3012
11.2649
11.2212
11.1772
11.1386
11.0959
11.0605
11.0171
10.9819
10.939
10.9048
10.8653
10.8309
10.7906
10.7518
10.7175
10.6796
10.6396
10.6014
10.5686
10.5312
10.4933
10.4535
10.4144
10.3806
10.3318
10.2992
10.2631
10.2179
10.18
10.1451
10.1079
10.0727
10.0378
10.0001
9.96614
9.92954
9.89281
9.85786
9.82173
9.78601
9.74644
9.70883
9.66579
9.63209
9.59374
9.552
9.5122
9.46962
9.42342
9.38112
9.33386
9.29115
9.24932
9.20583
9.16105
9.12151
9.08199
9.04004
8.99824
8.95605
8.91529
8.87497
8.83518
8.78926
8.74476
8.70098
8.66086
8.61866
8.57125
8.52767
8.48331
8.43428
8.39302
8.34366
8.30035
8.24954
8.20504
8.15957
8.11301
8.06925
8.02723
7.98683
7.94565
7.90642
7.86786
7.82605
7.7871
7.7454
7.70546
7.66686
7.62741
7.5873
7.54669
7.51192
7.46992
7.43292
7.39331
7.35592
7.31806
7.27791
7.24239
7.19698
7.16091
7.12429
7.08734
7.04656
7.01141
6.97155
6.9327
6.89569
6.85994
6.81224
6.78481
6.7434
6.70471
6.6681
6.62891
6.58634
6.55146
6.50626
6.47122
6.43073
6.38674
6.34942
6.30799
6.26953
6.22894
6.18728
6.15108
6.11356
6.07326
6.03422
5.99598
5.9601
5.92202
5.88546
5.84949
5.81426
5.77678
5.7422
5.70511
5.66801
5.62813
5.595
5.55924
5.52501
5.48589
5.45061
5.41265
5.37945
5.33989
5.30194
5.25844
5.22118
5.18036
5.14519
5.10492
5.06373
5.02772
4.99061
4.95593
4.91876
4.88484
4.85063
4.821
4.78532
4.75694
4.72282
4.68959
4.65864
4.62029
4.58541
4.54981
4.50989
4.46954
4.42482
4.39327
4.35164
4.31381
4.27845
4.23778
4.20072
4.1593
4.12116
4.08096
4.03997
3.99592
3.96359
3.92571
3.88711
3.85222
3.8134
3.7693
3.73597
3.69314
3.65195
3.6129
3.57195
3.52968
3.49018
3.44585
3.40148
3.36433
3.32415
3.27785
3.23502
3.20101
3.15988
3.11627
3.07939
3.03927
3.00247
2.96503
2.92585
2.89136
2.85647
2.81979
2.78517
2.74852
2.71134
2.67016
2.63757
2.60104
2.56172
2.523
2.4829
2.44599
2.40539
2.36544
2.3236
2.2838
2.24471
2.20359
2.16313
2.11588
2.07703
2.03595
1.9989
1.95928
1.91871
1.8775
1.83402
1.79879
1.75554
1.71449
1.67516
1.64299
1.60589
1.56683
1.52981
1.48738
1.46095
1.42247
1.3893
1.35435
1.3201
1.28357
1.25173
1.21701
1.18501
1.15199
1.1189
1.08784
1.0508
1.02318
0.994128
0.963701
0.932318
0.905275
0.879369
0.849334
0.825213
0.796646
0.771647
0.744587
0.71982
0.692624
0.669154
0.644786
0.62594
0.602777
0.58367
0.56378
0.544653
0.526844
0.508105
0.492864
0.476086
0.461687
0.446761
0.433527
0.419345
0.407724
0.394649
0.382915
0.372163
0.361109
0.350617
0.34077
0.330147
0.320802
0.311911
0.302606
0.294513
0.287308
0.279342
0.271751
0.265367
0.25809
0.251698
0.245608
0.239025
0.232874
0.227639
0.222431
0.216926
0.212028
0.206807
0.202572
0.198227
0.194131
0.190006
0.186067
0.182558
0.178713
0.175321
0.172042
0.168991
0.165542
0.16308
0.160192
0.157654
0.155562
0.153102
0.150965
0.14875
0.146825
0.14486
0.142951
0.141066
0.139302
0.137432
0.135748
0.133935
0.132387
0.130787
0.129154
0.127556
0.126149
0.124571
0.122842
0.121385
0.119859
0.1183
0.116555
0.115227
0.113673
0.112284
0.110781
0.109234
0.107912
0.106566
0.105109
0.103888
0.102442
0.101207
0.0998907
0.0986697
0.0973848
0.0961355
0.094835
0.0936828
0.0924958
0.0912558
0.0900598
0.0888108
0.0876485
0.0864012
0.0852831
0.084155
0.0829961
0.0819771
0.0807511
0.0798055
0.07862
0.0775653
0.0765631
0.0755378
0.0745608
0.073581
0.0726048
0.0717374
0.0706427
0.0697508
0.0688341
0.0680295
0.0671294
0.0662315
0.0654636
0.064692
0.0638074
0.0630497
0.0623014
0.0614232
0.0606063
0.0597957
0.0590005
0.0581746
0.0574214
0.0567666
0.056059
0.0553117
0.0545072
0.0538395
0.0531397
0.0524567
0.0517498
0.0510874
0.0510874
0.0510874
0.0510874
0.0510874
0.0510874
0.0510874
0.0510874
0.0510874
0.0510874
0.0510874
0.0510874
0.0510874
0.0510874
0.0510874
0.0510874
0.0510874
0.0510874
0.0510874
0.0510874
0.0510874
0.0510874
0.0510874
0.0510874
0.0510874
0.0510874
0.0510874
0.0510874
0.0510874
0.0510874
0.0510874
0.0510874
0.0510874
0.0510874
0.0510874
0.0510874
0.0510874
0.0510874
0.0510874
0.0510874
0.0510874
0.0510874
0.0510874
0.0510874
0.0510874
0.0510874
0.0510874
0.0510874
0.0510874
0.0510874
0.0510874
0.0510874
0.0510874
0.0510874
0.0510874
0.0510874
0.0510874
0.0510874
0.0510874
0.0510874
0.0510874
0.0510874
0.0510874
0.0510874
0.0510874
0.0510874
0.0510874
0.0510874
0.0510874
0.0510874
0.0510874
0.0510874
0.0510874
0.0510874
0.0510874
0.0510874
0.0510874
0.0510874
0.0510874
0.0510874
0.0510874
0.0510874
0.0510874
0.0510874
0.0510874
0.0510874
0.0510874
0.0510874
0.0510874
0.0510874
0.0510874
0.0510874
0.0510874
0.0510874
0.0510874
0.0510874
0.0510874
0.0510874
0.0510874
0.0510874
0.0510874
0.0510874
0.0510874
0.0510874
0.0510874
0.0510874
0.0510874
0.0510874
0.0510874
0.0510874
0.0510874
0.0510874
0.0510874
0.0510874
0.0510874
0.0510874
0.0510874
0.0510874
0.0510874
0.0510874
0.0510874
0.0510874
0.0510874
0.0510874
0.0510874
0.0510874
0.0510874
0.0510874
0.0510874
0.0510874
0.0510874
0.0510874
0.0510874
0.0510874
0.0510874
0.0510874
0.0510874
0.0510874
0.0510874
0.0510874
0.0510874
0.0510874
0.0510874
0.0510874
0.0510874
0.0510874
0.0510874
0.0510874
0.0510874
0.0510874
0.0510874
0.0510874
0.0510874
0.0510874
0.0510874
0.0510874
0.0510874
0.0510874
0.0510874
0.0510874
0.0510874
0.0510874
0.0510874
0.0510874
0.0510874
0.0510874
0.0510874
0.0510874
0.0510874
0.0510874
0.0510874
0.0510874
0.0510874
0.0510874
0.0510874
0.0510874
0.0510874
0.0510874
0.0510874
0.0510874
0.0510874
0.0510874
0.0510874
0.0510874
0.0510874
0.0510874
0.0510874
0.0510874
0.0510874
0.0510874
0.0510874
0.0510874
0.0510874
0.0510874
0.0510874
0.0510874
0.0510874
0.0510874
0.0510874
0.0510874
0.0510874
0.0510874
0.0510874
0.0510874
0.0510874
0.0510874
0.0510874
0.0510874
0.0510874
0.0510874
0.0510874
0.0510874
0.0510874
0.0510874
0.0510874
0.0510874
0.0510874
0.0510874
0.0510874
0.0510874
0.0510874
0.0510874
0.0510874
0.0510874
0.0510874
0.0510874
0.0510874
0.0510874
0.0510874
0.0510874
0.0510874
0.0510874
0.0510874
0.0510874
0.0510874
0.0510874
0.0510874
0.0510874
0.0510874
0.0510874
0.0510874
0.0510874
0.0510874
0.0510874
0.0510874
0.0510874
0.0510874
0.0510874
0.0510874
0.0510874
0.0510874
0.0510874
0.0510874
0.0510874
0.0510874
0.0510874
0.0510874
0.0510874
0.0510874
0.0510874
0.0510874
0.0510874
0.0510874
0.0510874
0.0510874
0.0510874
0.0510874
0.0510874
0.0510874
0.0510874
0.0510874
0.0510874
0.0510874
0.0510874
0.0510874
0.0510874
0.0510874
0.0510874
0.0510874
0.0510874
0.0510874
0.0510874
0.0510874
0.0510874
0.0510874
0.0510874
0.0510874
0.0510874
0.0510874
0.0510874
0.0510874
0.0510874
0.0510874
0.0510874
0.0510874
0.0510874
0.0510874
0.0510874
0.0510874
0.0510874
0.0510874
0.0510874
0.0510874
0.0510874
0.0510874
0.0510874
0.0510874
0.0510874
0.0510874
0.0510874
0.0510874
0.0510874
0.0510874
0.0510874
0.0510874
0.0510874
0.0510874
0.0510874
0.0510874
0.0510874
0.0510874
0.0510874
0.0510874
0.0510874
0.0510874
0.0510874
0.0510874
0.0510874
0.0510874
0.0510874
0.0510874
0.0510874
0.0510874
0.0510874
0.0510874
0.0510874
0.0510874
0.0510874
0.0510874
0.0510874
0.0510874
0.0510874
0.0510874
0.0510874
0.0510874
0.0510874
0.0510874
0.0510874
0.0510874
0.0510874
0.0510874
0.0510874
0.0510874
0.0510874
0.0510874
0.0510874
0.0510874
0.0510874
0.0510874
0.0510874
0.0510874
0.0510874
0.0510874
0.0510874
0.0510874
0.0510874
0.0510874
0.0510874
0.0510874
0.0510874
0.0510874
0.0510874
0.0510874
0.0510874
0.0510874
0.0510874
0.0510874
0.0510874
0.0510874
0.0510874
0.0510874
0.0510874
0.0510874
0.0510874
0.0510874
0.0510874
0.0510874
0.0510874
0.0510874
0.0510874
0.0510874
0.0510874
0.0510874
0.0510874
0.0510874
0.0510874
0.0510874
0.0510874
0.0510874
0.0510874
0.0510874
0.0510874
0.0510874
0.0510874
0.0510874
0.0510874
0.0510874
0.0510874
0.0510874
0.0510874
0.0510874
0.0510874
0.0510874
0.0510874
0.0510874
0.0510874
0.0510874
0.0510874
0.0510874
0.0510874
0.0510874
0.0510874
0.0510874
0.0510874
0.0510874
0.0510874
0.0510874
0.0510874
0.0510874
0.0510874
0.0510874
0.0510874
0.0510874
0.0510874
0.0510874
0.0510874
0.0510874
0.0510874
0.0510874
0.0510874
0.0510874
0.0510874
0.0510874
0.0510874
0.0510874
0.0510874
0.0510874
0.0510874
0.0510874
0.0510874
0.0510874
0.0510874
0.0510874
0.0510874
0.0510874
0.0510874
0.0510874
0.0510874
0.0510874
0.0510874
0.0510874
0.0510874
0.0510874
0.0510874
0.0510874
0.0510874
0.0510874
0.0510874
0.0510874
0.0510874
0.0510874
0.0510874
0.0510874
0.0510874
0.0510874
0.0510874
0.0510874
0.0510874
0.0510874
0.0510874
0.0510874
0.0510874
0.0510874
0.0510874
0.0510874
0.0510874
0.0510874
0.0510874
0.0510874
0.0510874
0.0510874
0.0510874
0.0510874
0.0510874
0.0510874
0.0510874
0.0510874
0.0510874
0.0510874
0.0510874
0.0510874
0.0510874
0.0510874
0.0510874
0.0510874
0.0510874
0.0510874
0.0510874
0.0510874
0.0510874
0.0510874
0.0510874
0.0510874
0.0510874
0.0510874
0.0510874
0.0510874
0.0510874
0.0510874
0.0510874
0.0510874
0.0510874
0.0510874
0.0510874
0.0510874
0.0510874
0.0510874
0.0510874
0.0510874
0.0510874
0.0510874
0.0510874
0.0510874
0.0510874
0.0510874
0.0510874
0.0510874
0.0510874
0.0510874
0.0510874
0.0510874
0.0510874
0.0510874
0.0510874
0.0510874
0.0510874
0.0510874
0.0510874
0.0510874
0.0510874
0.0510874
0.0510874
0.0510874
0.0510874
0.0510874
0.0510874
0.0510874
0.0510874
0.0510874
0.0510874
0.0510874
0.0510874
0.0510874
0.0510874
0.0510874
0.0510874
0.0510874
0.0510874
0.0510874
0.0510874
0.0510874
0.0510874
0.0510874
0.0510874
0.0510874
0.0510874
0.0510874
0.0510874
0.0510874
0.0510874
0.0510874
0.0510874
0.0510874
0.0510874
0.0510874
0.0510874
0.0510874
0.0510874
0.0510874
0.0510874
0.0510874
0.0510874
0.0510874
0.0510874
0.0510874
0.0510874
0.0510874
0.0510874
0.0510874
0.0510874
0.0510874
0.0510874
0.0510874
0.0510874
0.0510874
0.0510874
0.0510874
0.0510874
0.0510874
0.0510874
0.0510874
0.0510874
0.0510874
0.0510874
0.0510874
0.0510874
0.0510874
0.0510874
0.0510874
0.0510874
0.0510874
0.0510874
0.0510874
0.0510874
0.0510874
0.0510874
0.0510874
0.0510874
0.0510874
0.0510874
0.0510874
0.0510874
0.0510874
0.0510874
0.0510874
0.0510874
0.0510874
0.0510874
0.0510874
0.0510874
0.0510874
0.0510874
0.0510874
0.0510874
0.0510874
0.0510874
0.0510874
0.0510874
0.0510874
0.0510874
0.0510874
0.0510874
0.0510874
0.0510874
0.0510874
0.0510874
0.0510874
0.0510874
0.0510874
0.0510874
0.0510874
0.0510874
0.0510874
0.0510874
0.0510874
0.0510874
0.0510874
0.0510874
0.0510874
0.0510874
0.0510874
0.0510874
0.0510874
0.0510874
0.0510874
0.0510874
0.0510874
0.0510874
0.0510874
0.0510874
0.0510874
0.0510874
0.0510874
0.0510874
0.0510874
0.0510874
0.0510874
0.0510874
0.0510874
0.0510874
0.0510874
0.0510874
0.0510874
0.0510874
0.0510874
0.0510874
0.0510874
0.0510874
0.0510874
0.0510874
0.0510874
0.0510874
0.0510874
0.0510874
0.0510874
0.0510874
0.0510874
0.0510874
0.0510874
0.0510874
0.0510874
0.0510874
0.0510874
0.0510874
0.0510874
0.0510874
0.0510874
0.0510874
0.0510874
0.0510874
0.0510874
0.0510874
0.0510874
0.0510874
0.0510874
0.0510874
0.0510874
0.0510874
0.0510874
0.0510874
0.0510874
0.0510874
0.0510874
0.0510874
0.0510874
0.0510874
0.0510874
0.0510874
0.0510874
0.0510874
0.0510874
0.0510874
0.0510874
0.0510874
0.0510874
0.0510874
0.0510874
0.0510874
0.0510874
0.0510874
0.0510874
0.0510874
0.0510874
0.0510874
0.0510874
0.0510874
0.0510874
0.0510874
0.0510874
0.0510874
0.0510874
0.0510874
0.0510874
0.0510874
0.0510874
0.0510874
0.0510874
0.0510874
0.0510874
0.0510874
0.0510874
0.0510874
0.0510874
0.0510874
0.0510874
0.0510874
0.0510874
0.0510874
0.0510874
0.0510874
0.0510874
0.0510874
0.0510874
0.0510874
0.0510874
0.0510874
0.0510874
0.0510874
0.0510874
0.0510874
0.0510874
0.0510874
0.0510874
0.0510874
0.0510874
0.0510874
0.0510874
0.0510874
0.0510874
0.0510874
0.0510874
0.0510874
0.0510874
0.0510874
0.0510874
0.0510874
0.0510874
0.0510874
0.0510874
0.0510874
0.0510874
0.0510874
0.0510874
0.0510874
0.0510874
0.0510874
0.0510874
0.0510874
0.0510874
0.0510874
0.0510874
0.0510874
0.0510874
0.0510874
0.0510874
0.0510874
0.0510874
0.0510874
0.0510874
0.0510874
0.0510874
0.0510874
0.0510874
0.0510874
0.0510874
0.0510874
0.0510874
0.0510874
0.0510874
0.0510874
0.0510874
0.0510874
0.0510874
0.0510874
0.0510874
0.0510874
0.0510874
0.0510874
0.0510874
0.0510874
0.0510874
0.0510874
0.0510874
0.0510874
0.0510874
0.0503436
0.0494304
0.0484586
0.0475334
0.0466596
0.0457173
0.0448887
0.0440488
0.0431516
0.0423536
0.0415638
0.0408155
0.0400209
0.0392527
0.038488
0.0377014
0.0369626
0.0362663
0.0355586
0.0348049
0.0341255
0.0334492
0.0328327
0.0322073
0.0315665
0.0309296
0.0303456
0.029761
0.0291998
0.0285781
0.0280587
0.0275616
0.0269886
0.0265056
0.0259653
0.0254909
0.025031
0.0246082
0.0246082
0.0246082
0.0246082
0.0246082
0.0246082
0.0246082
0.0246082
0.0246082
0.0246082
0.0246082
0.0246082
0.0246082
0.0246082
0.0246082
0.0246082
0.0246082
0.0246082
0.0246082
0.0246082
0.0246082
0.0246082
0.0246082
0.0246082
0.0246082
0.0246082
0.0246082
0.0246082
0.0246082
0.0246082
0.0246082
0.0246082
0.0246082
0.0246082
0.0246082
0.0246082
0.0246082
0.0246082
0.0246082
0.0246082
0.0246082
0.0246082
0.0246082
0.0246082
0.0246082
0.0246082
0.0246082
0.0246082
0.0246082
0.0246082
0.0246082
0.0246082
0.0246082
0.0246082
0.0246082
0.0246082
0.0246082
0.0246082
0.0246082
0.0246082
0.0246082
0.0246082
0.0246082
0.0246082
0.0246082
0.0246082
0.0246082
0.0246082
0.0246082
0.0246082
0.0246082
0.0246082
0.0246082
0.0246082
0.0246082
0.0246082
0.0246082
0.0246082
0.0246082
0.0246082
0.0246082
0.0246082
0.0246082
0.0246082
0.0246082
0.0246082
0.0246082
0.0246082
0.0246082
0.0246082
0.0246082
0.0246082
0.0246082
0.0246082
0.0246082
0.0246082
0.0246082
0.0246082
0.0246082
0.0246082
0.0246082
0.0246082
0.0246082
0.0246082
0.0246082
0.0246082
0.0246082
0.0246082
0.0246082
0.0246082
0.0246082
0.0246082
0.0246082
