1.22793e+06
1.22793e+06
1.22793e+06
1.22793e+06
1.15107e+06
646557
646557
646557
611543
459177
459177
103169
71424.1
71424.1
71424.1
71424.1
71424.1
57041.7
40758.2
39887.8
30836.1
30836.1
13477.9
13477.9
13477.9
10908
10908
6680.31
4429.21
2956.05
1863.85
1863.85
1863.85
973.089
973.089
973.089
641.39
331.544
274.63
274.63
274.63
190.407
179.195
179.195
179.195
179.195
179.195
122.387
109.783
109.783
109.783
83.7254
83.7254
83.5486
59.6834
59.6834
49.5926
43.1135
43.1135
43.1135
40.8507
40.8269
40.8269
35.2138
33.5169
29.2281
23.6377
21.2483
20.4439
20.4439
20.4439
19.8686
17.837
15.4537
14.8434
14.7015
13.6293
13.6293
13.6293
13.6293
13.1866
13.0336
12.9582
12.6391
12.6391
12.6391
12.6391
12.4706
12.4486
12.4486
12.4376
12.4376
12.4364
12.1992
12.1992
12.098
12.0334
11.927
11.902
11.8863
11.8822
11.8213
11.7007
11.7007
11.6392
11.584
11.5481
11.5109
11.4704
11.4432
11.4053
11.3668
11.3242
11.306
11.2765
11.2385
11.1885
11.1597
11.1145
11.0856
11.0584
11.0116
10.9896
10.9481
10.9092
10.869
10.8385
10.7953
10.7612
10.7292
10.6954
10.666
10.634
10.5965
10.546
10.5229
10.5029
10.4622
10.4249
10.4136
10.3772
10.351
10.3192
10.2946
10.2621
10.2322
10.2144
10.1873
10.1615
10.1412
10.1149
10.0928
10.08
10.0606
10.0372
10.0215
10.0023
9.97863
9.96758
9.94345
9.92407
9.90804
9.88755
9.86788
9.85048
9.83207
9.81627
9.79449
9.77584
9.75809
9.73856
9.72179
9.70001
9.6755
9.65508
9.63558
9.61385
9.59181
9.56829
9.54255
9.52465
9.4954
9.47333
9.44562
9.42349
9.39966
9.37732
9.35418
9.33226
9.31384
9.29021
9.27524
9.25723
9.23782
9.21959
9.20257
9.18193
9.16319
9.14943
9.12552
9.1013
9.07695
9.05723
9.03606
9.01095
8.99202
8.96906
8.94562
8.92383
8.90279
8.87323
8.84441
8.82737
8.8051
8.77122
8.75351
8.72737
8.70539
8.68065
8.65633
8.63548
8.60518
8.585
8.56019
8.53855
8.51279
8.49221
8.47933
8.45423
8.4403
8.42168
8.40271
8.38381
8.3654
8.34961
8.32911
8.31406
8.29523
8.27551
8.25949
8.24218
8.22069
8.20486
8.18777
8.17015
8.152
8.13796
8.12086
8.10177
8.08762
8.07037
8.05106
8.03851
8.02272
8.00402
7.98742
7.96625
7.94761
7.92782
7.9098
7.89118
7.86826
7.84621
7.83046
7.811
7.79195
7.77266
7.75125
7.73134
7.7054
7.68029
7.65558
7.63058
7.6092
7.58155
7.55461
7.53513
7.50866
7.48569
7.45456
7.43418
7.40836
7.39123
7.36885
7.34102
7.32303
7.30149
7.27977
7.26195
7.24212
7.22491
7.20304
7.18728
7.17137
7.15422
7.13671
7.11838
7.10164
7.08538
7.06903
7.05112
7.03176
7.0151
7.00001
6.98097
6.96262
6.93791
6.92015
6.9006
6.88012
6.86305
6.84012
6.81967
6.79903
6.7722
6.75527
6.7322
6.71184
6.68896
6.66853
6.65208
6.62962
6.60728
6.58893
6.57123
6.54863
6.53292
6.51254
6.49399
6.47472
6.45636
6.43471
6.41545
6.40021
6.37887
6.36317
6.34363
6.32046
6.30202
6.28572
6.26655
6.25198
6.23643
6.22024
6.19302
6.17647
6.16124
6.14326
6.11383
6.09907
6.08467
6.06745
6.04384
6.02704
6.00739
5.98712
5.96741
5.94839
5.92879
5.9126
5.89144
5.8735
5.85185
5.83135
5.81705
5.80286
5.77798
5.76535
5.74327
5.71826
5.70215
5.6818
5.65699
5.63438
5.60086
5.59002
5.56377
5.54398
5.51816
5.4962
5.4713
5.4517
5.42788
5.40171
5.38286
5.36326
5.34045
5.32057
5.29351
5.27143
5.25012
5.22574
5.20424
5.18143
5.15717
5.14035
5.12075
5.10038
5.07221
5.05302
5.03528
5.00571
4.98641
4.96654
4.94356
4.9231
4.90488
4.8859
4.86361
4.84734
4.82618
4.811
4.78924
4.77205
4.75449
4.73466
4.71664
4.6905
4.67678
4.65815
4.64403
4.62761
4.60916
4.59056
4.57129
4.55346
4.53687
4.5242
4.50667
4.48592
4.46459
4.45387
4.43437
4.41409
4.3967
4.37209
4.35853
4.33557
4.31181
4.29453
4.27286
4.25217
4.23519
4.21419
4.20024
4.17839
4.15883
4.13722
4.11985
4.10105
4.0813
4.06304
4.04329
4.02849
4.01025
3.99195
3.96755
3.94994
3.92819
3.90828
3.88962
3.86999
3.8523
3.83158
3.81316
3.79632
3.77983
3.76433
3.74923
3.73157
3.7109
3.69552
3.68076
3.66385
3.64568
3.62915
3.61613
3.59832
3.57784
3.56017
3.54389
3.52571
3.50923
3.49034
3.46751
3.45147
3.42921
3.40664
3.38445
3.36263
3.33985
3.31926
3.30257
3.28023
3.25271
3.22888
3.20515
3.1788
3.15944
3.13271
3.10533
3.07887
3.04984
3.03
3.00084
2.97503
2.95713
2.92945
2.90827
2.88276
2.8597
2.83516
2.81049
2.7849
2.76509
2.74784
2.72652
2.69919
2.68527
2.66377
2.64644
2.62492
2.60799
2.58447
2.56489
2.54152
2.51398
2.496
2.48332
2.46438
2.44195
2.41971
2.39686
2.37403
2.34994
2.32358
2.29775
2.27606
2.25083
2.23299
2.20205
2.18517
2.16079
2.14032
2.11452
2.08509
2.07152
2.04957
2.02774
2.00355
1.97634
1.9558
1.93226
1.91181
1.89512
1.86432
1.85538
1.83134
1.8129
1.78688
1.77081
1.74535
1.72547
1.70243
1.68009
1.65603
1.63463
1.61038
1.58795
1.56571
1.542
1.52276
1.49813
1.46998
1.44743
1.42091
1.39775
1.37447
1.35272
1.33144
1.31229
1.28965
1.26494
1.24427
1.22399
1.20963
1.18904
1.17312
1.15624
1.13625
1.11718
1.09808
1.08254
1.05284
1.04217
1.0234
1.00299
0.986603
0.960664
0.940319
0.916829
0.900377
0.881775
0.863472
0.846427
0.828996
0.814768
0.799523
0.789065
0.775864
0.764146
0.753451
0.740661
0.73092
0.719755
0.709219
0.699947
0.68782
0.68139
0.668214
0.6599
0.650611
0.638297
0.629316
0.617136
0.609645
0.595911
0.590649
0.579091
0.568608
0.559965
0.552308
0.543341
0.535176
0.529045
0.521508
0.515202
0.508642
0.501463
0.493307
0.488817
0.482797
0.477805
0.471029
0.464867
0.459775
0.454405
0.44803
0.442893
0.43741
0.430855
0.426559
0.419916
0.41308
0.409811
0.404359
0.398748
0.394626
0.391267
0.387559
0.382132
0.379204
0.374576
0.370116
0.366266
0.362096
0.35744
0.352727
0.349027
0.344623
0.341006
0.337393
0.332687
0.328942
0.325186
0.320572
0.317257
0.313723
0.309181
0.305758
0.301287
0.297914
0.294336
0.290228
0.286625
0.283755
0.280711
0.276708
0.272669
0.270749
0.267622
0.263537
0.259498
0.256804
0.253087
0.250656
0.248297
0.245833
0.243436
0.24101
0.238509
0.236612
0.234146
0.232858
0.231093
0.229514
0.227708
0.225905
0.223742
0.222048
0.22042
0.218978
0.217179
0.214872
0.213132
0.211165
0.209651
0.206896
0.20518
0.203413
0.201553
0.199929
0.198011
0.19598
0.194572
0.192508
0.190165
0.188298
0.185981
0.184091
0.182913
0.180869
0.179791
0.178311
0.176828
0.175705
0.174154
0.172802
0.171356
0.170039
0.168872
0.167689
0.166373
0.164985
0.163318
0.161781
0.160786
0.159475
0.157199
0.156671
0.154892
0.153091
0.151951
0.150061
0.148363
0.147252
0.145729
0.144483
0.142995
0.141699
0.140329
0.139214
0.137518
0.13671
0.135632
0.134713
0.133848
0.132718
0.131866
0.131023
0.130039
0.129087
0.128135
0.127543
0.126573
0.125934
0.125279
0.124156
0.123214
0.12238
0.121418
0.120819
0.119961
0.119144
0.11836
0.117549
0.116631
0.115502
0.114414
0.113611
0.112699
0.111736
0.110847
0.109717
0.108894
0.10817
0.107394
0.106384
0.10567
0.105031
0.104258
0.103515
0.102546
0.101955
0.101231
0.100486
0.0998196
0.0991521
0.0983827
0.0976766
0.0970667
0.0963934
0.0958499
0.0953865
0.0946994
0.0941244
0.0934234
0.092892
0.0924372
0.091801
0.0911761
0.0906697
0.0902034
0.0895938
0.088999
0.0885543
0.0879416
0.0873573
0.0868729
0.086395
0.0859538
0.0854451
0.084784
0.0844909
0.0838632
0.0833827
0.0829668
0.0824685
0.0820997
0.0814479
0.0810512
0.0805688
0.0799633
0.0796118
0.0791382
0.0787625
0.0783557
0.0778769
0.0774826
0.0771068
0.0765637
0.076107
0.0757505
0.0752992
0.0749906
0.074597
0.0741948
0.0737559
0.0733861
0.0729569
0.0726194
0.0721338
0.0717822
0.0713367
0.0709485
0.0704022
0.0701376
0.0697231
0.0693385
0.0689168
0.0685116
0.0680398
0.0677719
0.0673311
0.0669438
0.0665386
0.06624
0.0658331
0.0654193
0.0650621
0.0646747
0.0642506
0.0638045
0.0636002
0.0631996
0.0628189
0.0623726
0.0621192
0.061618
0.0613095
0.0609306
0.0605647
0.0602736
0.0599102
0.0594507
0.059171
0.0588354
0.0582423
0.0578631
0.0575121
0.0569891
0.0565978
0.0561348
0.0557416
0.0552824
0.0549633
0.05447
0.0540391
0.0536634
0.0531733
0.0526912
0.0521902
0.051826
0.0513098
0.0509963
0.0505473
0.0502108
0.0498641
0.0494264
0.0489262
0.0487144
0.0482795
0.0480064
0.0475817
0.0472749
0.0468786
0.046582
0.0461733
0.0458521
0.0455092
0.045123
0.0446633
0.0442823
0.0439462
0.0435199
0.0431477
0.0427373
0.0425482
0.0421904
0.0418461
0.0415419
0.0412199
0.040816
0.0405709
0.0402396
0.039896
0.0395126
0.0392884
0.0389302
0.038518
0.0382282
0.0377844
0.0373895
0.0370116
0.0367192
0.0363332
0.0359161
0.0355592
0.0352414
0.0349149
0.0345373
0.034237
0.0338499
0.0335525
0.0332577
0.0329416
0.0326116
0.0323028
0.0319184
0.0316445
0.0313941
0.03117
0.0309515
0.0307206
0.0305087
0.0303486
0.0301449
0.0299182
0.0297033
0.0295027
0.0292186
0.0290549
0.0288712
0.028686
0.0285488
0.028322
0.0281482
0.0279952
0.0277862
0.0276001
0.0273819
0.0272353
0.0270627
0.0268963
0.0267302
0.0265296
0.026337
0.0261741
0.0259908
0.0258384
0.0256886
0.0255139
0.0253622
0.0251874
0.0251874
0.0251874
0.0251874
0.0251874
0.0251874
0.0251874
0.0251874
0.0251874
0.0251874
0.0251874
0.0251874
0.0251874
0.0251874
0.0251874
0.0251874
0.0251874
0.0251874
0.0251874
0.0251874
0.0251874
0.0251874
0.0251874
0.0251874
0.0251874
0.0251874
0.0251874
0.0251874
0.0251874
0.0251874
0.0251874
0.0251874
0.0251874
0.0251874
0.0251874
0.0251874
0.0251874
0.0251874
0.0251874
0.0251874
0.0251874
0.0251874
0.0251874
0.0251874
0.0251874
0.0251874
0.0251874
0.0251874
0.0251874
0.0251874
0.0251874
0.0251874
0.0251874
0.0251874
0.0251874
0.0251874
0.0251874
0.0251874
0.0251874
0.0251874
0.0251874
0.0251874
0.0251874
0.0251874
0.0251874
0.0251874
0.0251874
0.0251874
0.0251874
0.0251874
0.0251874
0.0251874
0.0251874
0.0251874
0.0251874
0.0251874
0.0251874
0.0251874
0.0251874
0.0251874
0.0251874
0.0251874
0.0251874
0.0251874
0.0251874
0.0251874
0.0251874
0.0251874
0.0251874
0.0251874
0.0251874
0.0251874
0.0251874
0.0251874
0.0251874
0.0251874
0.0251874
0.0251874
0.0251874
0.0251874
0.0251874
0.0251874
0.0251874
0.0251874
0.0251874
0.0251874
0.0251874
0.0251874
0.0251874
0.0251874
0.0251874
0.0251874
0.0251874
0.0251874
0.0251874
0.0251874
0.0251874
0.0251874
0.0251874
0.0251874
0.0251874
0.0251874
0.0251874
0.0251874
0.0251874
0.0251874
0.0251874
0.0251874
0.0251874
0.0251874
0.0251874
0.0251874
0.0251874
0.0251874
0.0251874
0.0251874
0.0251874
0.0251874
0.0251874
0.0251874
0.0251874
0.0251874
0.0251874
0.0251874
0.0251874
0.0251874
0.0251874
0.0251874
0.0251874
0.0251874
0.0251874
0.0251874
0.0251874
0.0251874
0.0251874
0.0251874
0.0251874
0.0251874
0.0251874
0.0251874
0.0251874
0.0251874
0.0251874
0.0251874
0.0251874
0.0251874
0.0251874
0.0251874
0.0251874
0.0251874
0.0251874
0.0251874
0.0251874
0.0251874
0.0251874
0.0251874
0.0251874
0.0251874
0.0251874
0.0251874
0.0251874
0.0251874
0.0251874
0.0251874
0.0251874
0.0251874
0.0251874
0.0251874
0.0251874
0.0251874
0.0251874
0.0251874
0.0251874
0.0251874
0.0251874
0.0251874
0.0251874
0.0251874
0.0251874
0.0251874
0.0251874
0.0251874
0.0251874
0.0251874
0.0251874
0.0251874
0.0251874
0.0251874
0.0251874
0.0251874
0.0251874
0.0251874
0.0251874
0.0251874
0.0251874
0.0251874
0.0251874
0.0251874
0.0251874
0.0251874
0.0251874
0.0251874
0.0251874
0.0251874
0.0251874
0.0251874
0.0251874
0.0251874
0.0251874
0.0251874
0.0251874
0.0251874
0.0251874
0.0251874
0.0251874
0.0251874
0.0251874
0.0251874
0.0251874
0.0251874
0.0251874
0.0251874
0.0251874
0.0251874
0.0251874
0.0251874
0.0251874
0.0251874
0.0251874
0.0251874
0.0251874
0.0251874
0.0251874
0.0251874
0.0251874
0.0251874
0.0251874
0.0251874
0.0251874
0.0251874
0.0251874
0.0251874
0.0251874
0.0251874
0.0251874
0.0251874
0.0251874
0.0251874
0.0251874
0.0251874
0.0251874
0.0251874
0.0251874
0.0251874
0.0251874
0.0251874
0.0251874
0.0251874
0.0251874
0.0251874
0.0251874
0.0251874
0.0251874
0.0251874
0.0251874
0.0251874
0.0251874
0.0251874
0.0251874
0.0251874
0.0251874
0.0251874
0.0251874
0.0251874
0.0251874
0.0251874
0.0251874
0.0251874
0.0251874
0.0251874
0.0251874
0.0251874
0.0251874
0.0251874
0.0251874
0.0251874
0.0251874
0.0251874
0.0251874
0.0251874
0.0251874
0.0251874
0.0251874
0.0251874
0.0251874
0.0251874
0.0251874
0.0251874
0.0251874
0.0251874
0.0251874
0.0251874
0.0251874
0.0251874
0.0251874
0.0251874
0.0251874
0.0251874
0.0251874
0.0251874
0.0251874
0.0251874
0.0251874
0.0251874
0.0251874
0.0251874
0.0251874
0.0251874
0.0251874
0.0251874
0.0251874
0.0251874
0.0251874
0.0251874
0.0251874
0.0251874
0.0251874
0.0251874
0.0251874
0.0251874
0.0251874
0.0251874
0.0251874
0.0251874
0.0251874
0.0251874
0.0251874
0.0251874
0.0251874
0.0251874
0.0251874
0.0251874
0.0251874
0.0251874
0.0251874
0.0251874
0.0251874
0.0251874
0.0251874
0.0251874
0.0251874
0.0251874
0.0251874
0.0251874
0.0251874
0.0251874
0.0251874
0.0251874
0.0251874
0.0251874
0.0251874
0.0251874
0.0251874
0.0251874
0.0251874
0.0251874
0.0251874
0.0251874
0.0251874
0.0251874
0.0251874
0.0251874
0.0251874
0.0251874
0.0251874
0.0251874
0.0251874
0.0251874
0.0251874
0.0251874
0.0251874
0.0251874
0.0251874
0.0251874
0.0251874
0.0251874
0.0251874
0.0251874
0.0251874
0.0251874
0.0251874
0.0251874
0.0251874
0.0251874
0.0251874
0.0251874
0.0251874
0.0251874
0.0251874
0.0251874
0.0251874
0.0251874
0.0251874
0.0251874
0.0251874
0.0251874
0.0251874
0.0251874
0.0251874
0.0251874
0.0251874
0.0251874
0.0251874
0.0251874
0.0251874
0.0251874
0.0251874
0.0251874
0.0251874
0.0251874
0.0251874
0.0251874
0.0251874
0.0251874
0.0251874
0.0251874
0.0251874
0.0251874
0.0251874
0.0251874
0.0251874
0.0251874
0.0251874
0.0251874
0.0251874
0.0251874
0.0251874
0.0251874
0.0251874
0.0251874
0.0251874
0.0251874
0.0251874
0.0251874
0.0251874
0.0251874
0.0251874
0.0251874
0.0251874
0.0251874
0.0251874
0.0251874
0.0251874
0.0251874
0.0251874
0.0251874
0.0251874
0.0251874
0.0251874
0.0251874
0.0251874
0.0251874
0.0251874
0.0251874
0.0251874
0.0251874
0.0251874
0.0251874
0.0251874
0.0251874
0.0251874
0.0251874
0.0251874
0.0251874
0.0251874
0.0251874
0.0251874
0.0251874
0.0251874
0.0251874
0.0251874
0.0251874
0.0251874
0.0251874
0.0251874
0.0251874
0.0251874
0.0251874
0.0251874
0.0251874
0.0251874
0.0251874
0.0251874
0.0251874
0.0251874
0.0251874
0.0251874
0.0251874
0.0251874
0.0251874
0.0251874
0.0251874
0.0251874
0.0251874
0.0251874
0.0251874
0.0251874
0.0251874
0.0251874
0.0251874
0.0251874
0.0251874
0.0251874
0.0251874
0.0251874
0.0251874
0.0251874
0.0251874
0.0251874
0.0251874
0.0251874
0.0251874
0.0251874
0.0251874
0.0251874
0.0251874
0.0251874
0.0251874
0.0251874
0.0251874
0.0251874
0.0251874
0.0251874
0.0251874
0.0251874
0.0251874
0.0251874
0.0251874
0.0251874
0.0251874
0.0251874
0.0251874
0.0251874
0.0251874
0.0251874
0.0251874
0.0251874
0.0251874
0.0251874
0.0251874
0.0251874
0.0251874
0.0251874
0.0251874
0.0251874
0.0251874
0.0251874
0.0251874
0.0251874
0.0251874
0.0251874
0.0251874
0.0251874
0.0251874
0.0251874
0.0251874
0.0251874
0.0251874
0.0251874
0.0251874
0.0251874
0.0251874
0.0251874
0.0251874
0.0251874
0.0251874
0.0251874
0.0251874
0.0251874
0.0251874
0.0251874
0.0251874
0.0251874
0.0251874
0.0251874
0.0251874
0.0251874
0.0251874
0.0251874
0.0251874
0.0251874
0.0251874
0.0251874
0.0251874
0.0251874
0.0251874
0.0251874
0.0251874
0.0251874
0.0251874
0.0251874
0.0251874
0.0251874
0.0251874
0.0251874
0.0251874
0.0251874
0.0251874
0.0251874
0.0251874
0.0251874
0.0251874
0.0251874
0.0251874
0.0251874
0.0251874
0.0251874
0.0251874
0.0251874
0.0251874
0.0251874
0.0251874
0.0251874
0.0251874
0.0251874
0.0251874
0.0251874
0.0251874
0.0251874
0.0251874
0.0251874
0.0251874
0.0251874
0.0251874
0.0251874
0.0251874
0.0251874
0.0251874
0.0251874
0.0251874
0.0251874
0.0251874
0.0251874
0.0251874
0.0251874
0.0251874
0.0251874
0.0251874
0.0251874
0.0251874
0.0251874
0.0251874
0.0251874
0.0251874
0.0251874
0.0251874
0.0251874
0.0251874
0.0251874
0.0251874
0.0251874
0.0251874
0.0251874
0.0251874
0.0251874
0.0251874
0.0251874
0.0251874
0.0251874
0.0251874
0.0251874
0.0251874
0.0251874
0.0251874
0.0251874
0.0251874
0.0251874
0.0251874
0.0251874
0.0251874
0.0251874
0.0251874
0.0251874
0.0251874
0.0251874
0.0251874
0.0251874
0.0251874
0.0251874
0.0251874
0.0251874
0.0251874
0.0251874
0.0251874
0.0251874
0.0251874
0.0251874
0.0251874
0.0251874
0.0251874
0.0251874
0.0251874
0.0251874
0.0251874
0.0251874
0.0251874
0.0251874
0.0251874
0.0251874
0.0251874
0.0251874
0.0251874
0.0251874
0.0251874
0.0251874
0.0251874
0.0251874
0.0251874
0.0251874
0.0251874
0.0251874
0.0251874
0.0251874
0.0251874
0.0251874
0.0251874
0.0251874
0.0251874
0.0251874
0.0251874
0.0251874
0.0251874
0.0251874
0.0251874
0.0251874
0.0251874
0.0251874
0.0251874
0.0251874
0.0251874
0.0251874
0.0251874
0.0251874
0.0251874
0.0251874
0.0251874
0.0251874
0.0251874
0.0251874
0.0251874
0.0251874
0.0251874
0.0251874
0.0251874
0.0251874
0.0251874
0.0251874
0.0251874
0.0251874
0.0251874
0.0251874
0.0251874
0.0251874
0.0251874
0.0251874
0.0251874
0.0251874
0.0251874
0.0251874
0.0251874
0.0251874
0.0251874
0.0251874
0.0251874
0.0251874
0.0251874
0.0251874
0.0251874
0.0251874
0.0251874
0.0251874
0.0251874
0.0251874
0.0251874
0.0251874
0.0251874
0.0251874
0.0251874
0.0251874
0.0251874
0.0251874
0.0251874
0.0251874
0.0251874
0.0251874
0.0251874
0.0251874
0.0251874
0.0251874
0.0251874
0.0251874
0.0251874
0.0251874
0.0251874
0.0251874
0.0251874
0.0251874
0.0251874
0.0251874
0.0251874
0.0251874
0.0251874
0.0251874
0.0251874
0.0251874
0.0251874
0.0251874
0.0251874
0.0251874
0.0251874
0.0251874
0.0251874
0.0251874
0.0251874
0.0251874
0.0251874
0.0251874
0.0251874
0.0251874
0.0251874
0.0251874
0.0251874
0.0251874
0.0251874
0.0251874
0.0251874
0.0251874
0.0251874
0.0251874
0.0251874
0.0251874
0.0251874
0.0251874
0.0251874
0.0251874
0.0251874
0.0251874
0.0251874
0.0251874
0.0251874
0.0251874
0.0251874
0.0251874
0.0251874
0.0251874
0.0251874
0.0251874
0.0251874
0.0251874
0.0251874
0.0251874
0.0251874
0.0251874
0.0251874
0.0251874
0.0251874
0.0251874
0.0251874
0.0251874
0.0251874
0.0251874
0.0251874
0.0251874
0.0251874
0.0251874
0.0251874
0.0251874
0.0251874
0.0251874
0.0251874
0.0251874
0.0251874
0.0251874
0.0251874
0.0251874
0.0251874
0.0251874
0.0251874
0.0251874
0.0251874
0.0251874
0.0251874
0.0251874
0.0251874
0.0251709
0.0249736
0.0247834
0.0245619
0.0243482
0.0241001
0.0239103
0.0236944
0.0234473
0.0232543
0.0230488
0.0228278
0.0225729
0.0223544
0.0221866
0.0219525
0.0217462
0.021582
0.0214023
0.0212367
0.0212367
0.0212367
0.0212367
0.0212367
0.0212367
0.0212367
0.0212367
0.0212367
0.0212367
0.0212367
0.0212367
0.0212367
0.0212367
0.0212367
0.0212367
0.0212367
0.0212367
0.0212367
0.0212367
0.0212367
0.0212367
0.0212367
0.0212367
0.0212367
0.0212367
0.0212367
0.0212367
0.0212367
0.0212367
0.0212367
0.0212367
0.0212367
0.0212367
0.0212367
0.0212367
0.0212367
0.0212367
0.0212367
0.0212367
0.0212367
0.0212367
