3.17917e+06
1.18112e+06
1.18112e+06
826259
826259
115103
115103
115103
115103
115103
115103
115103
115103
115103
115103
90105.9
90105.9
90105.9
28527.8
28527.8
28527.8
26506.3
26506.3
22768.4
18056.2
18056.2
16343.2
14222.2
10206.8
10206.8
2596.81
2596.81
2596.81
1811.16
1811.16
1811.16
1811.16
1811.16
1811.16
1811.16
1478.78
1055.52
808.236
808.236
670.544
670.544
670.544
476.267
300.046
300.046
244.34
244.34
244.34
101.733
101.733
101.733
101.733
101.733
101.733
101.733
73.8286
70.2219
66.5931
66.5931
53.7867
53.7867
53.7867
43.0911
40.9488
36.098
27.8131
27.8131
27.8131
25.4453
25.4453
22.1198
22.1198
22.1198
19.2947
19.254
18.4146
16.4982
16.1546
16.1289
15.8433
15.1403
14.4784
14.4784
14.3403
14.3403
14.3403
14.2108
13.5022
13.5022
13.4552
13.4006
13.2772
12.9295
12.8202
12.6317
12.5738
12.3312
12.3094
12.1992
12.1389
12.032
11.9459
11.8956
11.8956
11.8459
11.8459
11.8067
11.7101
11.7045
11.6141
11.5179
11.5179
11.4811
11.4512
11.4156
11.4156
11.4081
11.382
11.3453
11.3318
11.3048
11.2704
11.2536
11.2372
11.206
11.1864
11.1624
11.1493
11.1267
11.1097
11.0901
11.0748
11.0585
11.0322
11.0196
10.9972
10.9741
10.9506
10.9357
10.9135
10.8928
10.877
10.8553
10.8435
10.8221
10.8005
10.7808
10.7563
10.7453
10.7245
10.7013
10.6727
10.655
10.6344
10.6022
10.5746
10.5468
10.5126
10.4832
10.4487
10.421
10.395
10.3671
10.3395
10.3145
10.2877
10.2581
10.238
10.2128
10.1892
10.162
10.1374
10.1166
10.0924
10.0697
10.0476
10.0282
10.0031
9.98529
9.96653
9.95169
9.93085
9.90845
9.87863
9.8658
9.83804
9.80983
9.78492
9.75641
9.73412
9.70247
9.6711
9.6433
9.60762
9.57481
9.54303
9.50625
9.46658
9.43654
9.39691
9.36644
9.33302
9.29454
9.2625
9.23819
9.20602
9.17614
9.15196
9.10996
9.0894
9.0666
9.03535
9.00289
8.98495
8.95716
8.92454
8.89878
8.8724
8.84982
8.82865
8.80253
8.77383
8.74467
8.72862
8.70189
8.6829
8.64916
8.63328
8.61456
8.5878
8.56777
8.53564
8.51676
8.49471
8.47097
8.44867
8.42387
8.39656
8.38265
8.36042
8.33477
8.31014
8.27983
8.24925
8.22577
8.18818
8.16989
8.14761
8.10998
8.09008
8.06147
8.03979
8.01477
7.99164
7.95368
7.92787
7.90011
7.8614
7.82935
7.79575
7.75212
7.71839
7.68039
7.64819
7.60928
7.57653
7.54131
7.50662
7.46227
7.43171
7.40422
7.36042
7.33071
7.29964
7.25872
7.2217
7.19698
7.16382
7.13113
7.10892
7.07913
7.05532
7.02804
7.00479
6.97888
6.95748
6.93118
6.90608
6.88309
6.85715
6.83605
6.81171
6.79516
6.77619
6.7638
6.74169
6.73182
6.7231
6.70786
6.69522
6.67945
6.66532
6.64912
6.63755
6.62249
6.60733
6.59477
6.58066
6.564
6.54981
6.53561
6.52006
6.50344
6.48217
6.47123
6.45142
6.43479
6.41691
6.39799
6.37956
6.36476
6.33865
6.31747
6.29598
6.2748
6.25906
6.23755
6.21363
6.19437
6.17674
6.15263
6.13418
6.10852
6.09175
6.07019
6.04507
6.0254
6.00184
5.9856
5.95751
5.94162
5.92224
5.90087
5.87629
5.85049
5.82983
5.80781
5.77541
5.75977
5.73653
5.70823
5.689
5.66705
5.64633
5.62198
5.60063
5.57952
5.55142
5.53177
5.4966
5.48354
5.4537
5.43754
5.41298
5.38661
5.36303
5.33979
5.31141
5.28564
5.26718
5.24503
5.22433
5.19955
5.17914
5.15916
5.14173
5.11401
5.10036
5.07302
5.05431
5.03252
5.0111
4.99189
4.97404
4.95585
4.93847
4.91914
4.90075
4.87763
4.85436
4.83711
4.81609
4.79656
4.77212
4.74189
4.7252
4.70468
4.67967
4.65781
4.63754
4.61891
4.60084
4.58365
4.56585
4.54859
4.53277
4.5153
4.49557
4.47956
4.46175
4.44489
4.42883
4.41434
4.39676
4.37798
4.36308
4.34718
4.3305
4.30531
4.28488
4.26584
4.239
4.22257
4.19939
4.18082
4.15938
4.12921
4.11206
4.0942
4.07164
4.04818
4.02678
4.00559
3.98401
3.96342
3.93961
3.91675
3.88569
3.86392
3.83993
3.81855
3.79258
3.76574
3.74427
3.72003
3.69503
3.66581
3.65064
3.62316
3.59773
3.58107
3.55813
3.52249
3.50645
3.47301
3.45625
3.43553
3.4089
3.38397
3.36275
3.33887
3.31921
3.29771
3.25833
3.24404
3.22077
3.19855
3.17095
3.14437
3.11609
3.09193
3.06202
3.03692
3.00558
2.97749
2.95252
2.91813
2.90103
2.85451
2.84251
2.81431
2.77178
2.74959
2.72485
2.69761
2.67802
2.6537
2.63199
2.61136
2.58936
2.56322
2.54751
2.52552
2.50149
2.4816
2.46081
2.44239
2.42299
2.40134
2.38051
2.36274
2.34141
2.3198
2.30273
2.28366
2.2645
2.23964
2.22138
2.20126
2.17897
2.16237
2.14218
2.11864
2.10397
2.08393
2.0642
2.04803
2.02655
2.00901
1.98923
1.97354
1.95602
1.93636
1.91312
1.88986
1.86119
1.8524
1.83091
1.8105
1.78476
1.76895
1.74676
1.72372
1.7025
1.67693
1.65137
1.63445
1.61044
1.58953
1.565
1.55051
1.52956
1.50911
1.49034
1.47271
1.45752
1.43696
1.42237
1.40667
1.39459
1.37901
1.36257
1.34892
1.32863
1.31338
1.29338
1.2806
1.26609
1.24642
1.22728
1.21338
1.19787
1.18056
1.1624
1.14468
1.12935
1.11286
1.09956
1.08402
1.07068
1.0537
1.0399
1.02541
1.0126
0.996349
0.984964
0.973675
0.960741
0.9482
0.94115
0.932199
0.923055
0.91563
0.904586
0.896866
0.886866
0.878897
0.87089
0.863213
0.855444
0.848957
0.842501
0.834344
0.829357
0.823011
0.817149
0.810107
0.803657
0.796612
0.788888
0.781574
0.774627
0.769629
0.762456
0.756245
0.750239
0.74147
0.737828
0.732365
0.72404
0.717703
0.709653
0.705389
0.698349
0.691189
0.684169
0.67611
0.670447
0.664499
0.657541
0.650024
0.64323
0.637283
0.631174
0.62556
0.61816
0.612346
0.606786
0.602238
0.59715
0.591719
0.586439
0.581621
0.57593
0.572151
0.565947
0.560745
0.555087
0.551784
0.545542
0.538988
0.533144
0.527681
0.521585
0.516572
0.510696
0.504171
0.499404
0.493855
0.488305
0.483408
0.477856
0.472952
0.467165
0.461747
0.457262
0.451793
0.448085
0.443342
0.438028
0.432906
0.429037
0.423965
0.417464
0.413801
0.408108
0.404406
0.399855
0.396094
0.391658
0.388213
0.384563
0.379423
0.376018
0.371677
0.368028
0.363929
0.36026
0.355213
0.351681
0.347819
0.343169
0.340146
0.336835
0.3327
0.329291
0.325514
0.322607
0.319128
0.315782
0.312621
0.309005
0.306383
0.303102
0.300326
0.297659
0.294692
0.291699
0.288947
0.28527
0.282946
0.279612
0.276499
0.273157
0.269491
0.26674
0.262994
0.260776
0.25757
0.254951
0.251256
0.249081
0.245771
0.243659
0.24042
0.237784
0.235458
0.233202
0.230963
0.229098
0.226645
0.224754
0.222903
0.220354
0.218378
0.216076
0.21384
0.212241
0.20992
0.207989
0.206155
0.204106
0.201906
0.200506
0.198238
0.196697
0.194562
0.192264
0.18914
0.188624
0.186726
0.184552
0.182765
0.180417
0.177895
0.176386
0.174185
0.172163
0.169763
0.167861
0.165777
0.164204
0.162373
0.160499
0.158552
0.156996
0.155069
0.154138
0.152152
0.150615
0.149102
0.147805
0.146285
0.14484
0.143366
0.141865
0.140655
0.139345
0.137638
0.13665
0.134695
0.133879
0.132429
0.131207
0.130219
0.129113
0.128001
0.126997
0.125565
0.124596
0.123445
0.122543
0.120967
0.120281
0.118752
0.117674
0.116328
0.115
0.113775
0.112657
0.111221
0.110067
0.109133
0.107924
0.107004
0.105983
0.105191
0.104213
0.103359
0.102636
0.101683
0.10083
0.0999972
0.0990862
0.0980914
0.097356
0.096513
0.0956957
0.0949759
0.0939943
0.0930698
0.0918141
0.0913163
0.0905252
0.0897434
0.0886083
0.0877452
0.0870438
0.0862366
0.0853028
0.0844131
0.0835422
0.0828439
0.0820445
0.081127
0.0803734
0.0797066
0.0790921
0.0784545
0.0778898
0.0773884
0.0767755
0.0762823
0.0758667
0.0753444
0.0748419
0.0743823
0.0739768
0.0735204
0.0731312
0.0727288
0.072409
0.0720413
0.071646
0.0713176
0.0708825
0.0704119
0.0700108
0.0696321
0.0692699
0.0688404
0.0684792
0.0680632
0.0676993
0.0672577
0.0669249
0.0664774
0.0660554
0.0656675
0.0652963
0.0649455
0.0645697
0.0641422
0.0637982
0.0635692
0.0630896
0.0628066
0.0623363
0.061769
0.0616002
0.0611118
0.060818
0.0603246
0.0599702
0.0595401
0.0590797
0.0585343
0.0580564
0.0576239
0.0572269
0.056823
0.0562102
0.0559641
0.0554452
0.0550652
0.0546401
0.0542843
0.0538592
0.0534897
0.0532345
0.0528285
0.0524551
0.0517721
0.0514986
0.0509944
0.0504535
0.0501099
0.0495674
0.0492981
0.0487386
0.0483747
0.0479758
0.0475347
0.0470389
0.0466928
0.0462638
0.0458905
0.0454577
0.0450539
0.0446749
0.0441785
0.043734
0.0434422
0.0431247
0.0427999
0.0425041
0.0422072
0.0417804
0.0415579
0.0412803
0.040952
0.040591
0.0404358
0.0400522
0.0398265
0.0396175
0.0392808
0.0390506
0.0387734
0.0385388
0.0382581
0.0380913
0.0378244
0.0376126
0.0372549
0.0371596
0.0368985
0.0366607
0.0364017
0.0362016
0.0359362
0.0357151
0.0355106
0.0352101
0.0350434
0.0348625
0.0346116
0.0344654
0.0342589
0.0339505
0.0337412
0.0335307
0.0333109
0.0330666
0.0328388
0.0326467
0.0324224
0.0321757
0.0319376
0.0316918
0.0314605
0.0312888
0.0310796
0.0308949
0.0306671
0.0306671
0.0306671
0.0306671
0.0306671
0.0306671
0.0306671
0.0306671
0.0306671
0.0306671
0.0306671
0.0306671
0.0306671
0.0306671
0.0306671
0.0306671
0.0306671
0.0306671
0.0306671
0.0306671
0.0306671
0.0306671
0.0306671
0.0306671
0.0306671
0.0306671
0.0306671
0.0306671
0.0306671
0.0306671
0.0306671
0.0306671
0.0306671
0.0306671
0.0306671
0.0306671
0.0306671
0.0306671
0.0306671
0.0306671
0.0306671
0.0306671
0.0306671
0.0306671
0.0306671
0.0306671
0.0306671
0.0306671
0.0306671
0.0306671
0.0306671
0.0306671
0.0306671
0.0306671
0.0306671
0.0306671
0.0306671
0.0306671
0.0306671
0.0306671
0.0306671
0.0306671
0.0306671
0.0306671
0.0306671
0.0306671
0.0306671
0.0306671
0.0306671
0.0306671
0.0306671
0.0306671
0.0306671
0.0306671
0.0306671
0.0306671
0.0306671
0.0306671
0.0306671
0.0306671
0.0306671
0.0306671
0.0306671
0.0306671
0.0306671
0.0306671
0.0306671
0.0306671
0.0306671
0.0306671
0.0306671
0.0306671
0.0306671
0.0306671
0.0306671
0.0306671
0.0306671
0.0306671
0.0306671
0.0306671
0.0306671
0.0306671
0.0306671
0.0306671
0.0306671
0.0306671
0.0306671
0.0306671
0.0306671
0.0306671
0.0306671
0.0306671
0.0306671
0.0306671
0.0306671
0.0306671
0.0306671
0.0306671
0.0306671
0.0306671
0.0306671
0.0306671
0.0306671
0.0306671
0.0306671
0.0306671
0.0306671
0.0306671
0.0306671
0.0306671
0.0306671
0.0306671
0.0306671
0.0306671
0.0306671
0.0306671
0.0306671
0.0306671
0.0306671
0.0306671
0.0306671
0.0306671
0.0306671
0.0306671
0.0306671
0.0306671
0.0306671
0.0306671
0.0306671
0.0306671
0.0306671
0.0306671
0.0306671
0.0306671
0.0306671
0.0306671
0.0306671
0.0306671
0.0306671
0.0306671
0.0306671
0.0306671
0.0306671
0.0306671
0.0306671
0.0306671
0.0306671
0.0306671
0.0306671
0.0306671
0.0306671
0.0306671
0.0306671
0.0306671
0.0306671
0.0306671
0.0306671
0.0306671
0.0306671
0.0306671
0.0306671
0.0306671
0.0306671
0.0306671
0.0306671
0.0306671
0.0306671
0.0306671
0.0306671
0.0306671
0.0306671
0.0306671
0.0306671
0.0306671
0.0306671
0.0306671
0.0306671
0.0306671
0.0306671
0.0306671
0.0306671
0.0306671
0.0306671
0.0306671
0.0306671
0.0306671
0.0306671
0.0306671
0.0306671
0.0306671
0.0306671
0.0306671
0.0306671
0.0306671
0.0306671
0.0306671
0.0306671
0.0306671
0.0306671
0.0306671
0.0306671
0.0306671
0.0306671
0.0306671
0.0306671
0.0306671
0.0306671
0.0306671
0.0306671
0.0306671
0.0306671
0.0306671
0.0306671
0.0306671
0.0306671
0.0306671
0.0306671
0.0306671
0.0306671
0.0306671
0.0306671
0.0306671
0.0306671
0.0306671
0.0306671
0.0306671
0.0306671
0.0306671
0.0306671
0.0306671
0.0306671
0.0306671
0.0306671
0.0306671
0.0306671
0.0306671
0.0306671
0.0306671
0.0306671
0.0306671
0.0306671
0.0306671
0.0306671
0.0306671
0.0306671
0.0306671
0.0306671
0.0306671
0.0306671
0.0306671
0.0306671
0.0306671
0.0306671
0.0306671
0.0306671
0.0306671
0.0306671
0.0306671
0.0306671
0.0306671
0.0306671
0.0306671
0.0306671
0.0306671
0.0306671
0.0306671
0.0306671
0.0306671
0.0306671
0.0306671
0.0306671
0.0306671
0.0306671
0.0306671
0.0306671
0.0306671
0.0306671
0.0306671
0.0306671
0.0306671
0.0306671
0.0306671
0.0306671
0.0306671
0.0306671
0.0306671
0.0306671
0.0306671
0.0306671
0.0306671
0.0306671
0.0306671
0.0306671
0.0306671
0.0306671
0.0306671
0.0306671
0.0306671
0.0306671
0.0306671
0.0306671
0.0306671
0.0306671
0.0306671
0.0306671
0.0306671
0.0306671
0.0306671
0.0306671
0.0306671
0.0306671
0.0306671
0.0306671
0.0306671
0.0306671
0.0306671
0.0306671
0.0306671
0.0306671
0.0306671
0.0306671
0.0306671
0.0306671
0.0306671
0.0306671
0.0306671
0.0306671
0.0306671
0.0306671
0.0306671
0.0306671
0.0306671
0.0306671
0.0306671
0.0306671
0.0306671
0.0306671
0.0306671
0.0306671
0.0306671
0.0306671
0.0306671
0.0306671
0.0306671
0.0306671
0.0306671
0.0306671
0.0306671
0.0306671
0.0306671
0.0306671
0.0306671
0.0306671
0.0306671
0.0306671
0.0306671
0.0306671
0.0306671
0.0306671
0.0306671
0.0306671
0.0306671
0.0306671
0.0306671
0.0306671
0.0306671
0.0306671
0.0306671
0.0306671
0.0306671
0.0306671
0.0306671
0.0306671
0.0306671
0.0306671
0.0306671
0.0306671
0.0306671
0.0306671
0.0306671
0.0306671
0.0306671
0.0306671
0.0306671
0.0306671
0.0306671
0.0306671
0.0306671
0.0306671
0.0306671
0.0306671
0.0306671
0.0306671
0.0306671
0.0306671
0.0306671
0.0306671
0.0306671
0.0306671
0.0306671
0.0306671
0.0306671
0.0306671
0.0306671
0.0306671
0.0306671
0.0306671
0.0306671
0.0306671
0.0306671
0.0306671
0.0306671
0.0306671
0.0306671
0.0306671
0.0306671
0.0306671
0.0306671
0.0306671
0.0306671
0.0306671
0.0306671
0.0306671
0.0306671
0.0306671
0.0306671
0.0306671
0.0306671
0.0306671
0.0306671
0.0306671
0.0306671
0.0306671
0.0306671
0.0306671
0.0306671
0.0306671
0.0306671
0.0306671
0.0306671
0.0306671
0.0306671
0.0306671
0.0306671
0.0306671
0.0306671
0.0306671
0.0306671
0.0306671
0.0306671
0.0306671
0.0306671
0.0306671
0.0306671
0.0306671
0.0306671
0.0306671
0.0306671
0.0306671
0.0306671
0.0306671
0.0306671
0.0306671
0.0306671
0.0306671
0.0306671
0.0306671
0.0306671
0.0306671
0.0306671
0.0306671
0.0306671
0.0306671
0.0306671
0.0306671
0.0306671
0.0306671
0.0306671
0.0306671
0.0306671
0.0306671
0.0306671
0.0306671
0.0306671
0.0306671
0.0306671
0.0306671
0.0306671
0.0306671
0.0306671
0.0306671
0.0306671
0.0306671
0.0306671
0.0306671
0.0306671
0.0306671
0.0306671
0.0306671
0.0306671
0.0306671
0.0306671
0.0306671
0.0306671
0.0306671
0.0306671
0.0306671
0.0306671
0.0306671
0.0306671
0.0306671
0.0306671
0.0306671
0.0306671
0.0306671
0.0306671
0.0306671
0.0306671
0.0306671
0.0306671
0.0306671
0.0306671
0.0306671
0.0306671
0.0306671
0.0306671
0.0306671
0.0306671
0.0306671
0.0306671
0.0306671
0.0306671
0.0306671
0.0306671
0.0306671
0.0306671
0.0306671
0.0306671
0.0306671
0.0306671
0.0306671
0.0306671
0.0306671
0.0306671
0.0306671
0.0306671
0.0306671
0.0306671
0.0306671
0.0306671
0.0306671
0.0306671
0.0306671
0.0306671
0.0306671
0.0306671
0.0306671
0.0306671
0.0306671
0.0306671
0.0306671
0.0306671
0.0306671
0.0306671
0.0306671
0.0306671
0.0306671
0.0306671
0.0306671
0.0306671
0.0306671
0.0306671
0.0306671
0.0306671
0.0306671
0.0306671
0.0306671
0.0306671
0.0306671
0.0306671
0.0306671
0.0306671
0.0306671
0.0306671
0.0306671
0.0306671
0.0306671
0.0306671
0.0306671
0.0306671
0.0306671
0.0306671
0.0306671
0.0306671
0.0306671
0.0306671
0.0306671
0.0306671
0.0306671
0.0306671
0.0306671
0.0306671
0.0306671
0.0306671
0.0306671
0.0306671
0.0306671
0.0306671
0.0306671
0.0306671
0.0306671
0.0306671
0.0306671
0.0306671
0.0306671
0.0306671
0.0306671
0.0306671
0.0306671
0.0306671
0.0306671
0.0306671
0.0306671
0.0306671
0.0306671
0.0306671
0.0306671
0.0306671
0.0306671
0.0306671
0.0306671
0.0306671
0.0306671
0.0306671
0.0306671
0.0306671
0.0306671
0.0306671
0.0306671
0.0306671
0.0306671
0.0306671
0.0306671
0.0306671
0.0306671
0.0306671
0.0306671
0.0306671
0.0306671
0.0306671
0.0306671
0.0306671
0.0306671
0.0306671
0.0306671
0.0306671
0.0306671
0.0306671
0.0306671
0.0306671
0.0306671
0.0306671
0.0306671
0.0306671
0.0306671
0.0306671
0.0306671
0.0306671
0.0306671
0.0306671
0.0306671
0.0306671
0.0306671
0.0306671
0.0306671
0.0306671
0.0306671
0.0306671
0.0306671
0.0306671
0.0306671
0.0306671
0.0306671
0.0306671
0.0306671
0.0306671
0.0306671
0.0306671
0.0306671
0.0306671
0.0306671
0.0306671
0.0306671
0.0306671
0.0306671
0.0306671
0.0306671
0.0306671
0.0306671
0.0306671
0.0306671
0.0306671
0.0306671
0.0306671
0.0306671
0.0306671
0.0306671
0.0306671
0.0306671
0.0306671
0.0306671
0.0306671
0.0306671
0.0306671
0.0306671
0.0306671
0.0306671
0.0306671
0.0306671
0.0306671
0.0306671
0.0306671
0.0306671
0.0306671
0.0306671
0.0306671
0.0306671
0.0306671
0.0306671
0.0306671
0.0306671
0.0306671
0.0306671
0.0306671
0.0306671
0.0306671
0.0306671
0.0306671
0.0306671
0.0306671
0.0306671
0.0306671
0.0306671
0.0306671
0.0306671
0.0306671
0.0306671
0.0306671
0.0306671
0.0306671
0.0306671
0.0306671
0.0306671
0.0306671
0.0306671
0.0306671
0.0306671
0.0306671
0.0306671
0.0306671
0.0306671
0.0306671
0.0306671
0.0306671
0.0306671
0.0306671
0.0306671
0.0306671
0.0306671
0.0306671
0.0306671
0.0306671
0.0306671
0.0306671
0.0306671
0.0306671
0.0306671
0.0306671
0.0306671
0.0306671
0.0306671
0.0306671
0.0306671
0.0306671
0.0306671
0.0306671
0.0306671
0.0306671
0.0306671
0.0306671
0.0306671
0.0306671
0.0306671
0.0306671
0.0306671
0.0306671
0.0306671
0.0306671
0.0306671
0.0306671
0.0306671
0.0306671
0.0305995
0.0303705
0.0300724
0.0297447
0.029596
0.02927
0.0291079
0.0288342
0.0286409
0.0283459
0.0281839
0.0279996
0.0277679
0.0275345
0.0272565
0.0271251
0.0269166
0.0267098
0.0265378
0.0263584
0.0261953
0.0261953
0.0261953
0.0261953
0.0261953
0.0261953
0.0261953
0.0261953
0.0261953
0.0261953
0.0261953
0.0261953
0.0261953
0.0261953
0.0261953
0.0261953
0.0261953
0.0261953
0.0261953
0.0261953
0.0261953
0.0261953
0.0261953
0.0261953
0.0261953
0.0261953
0.0261953
0.0261953
0.0261953
0.0261953
0.0261953
0.0261953
0.0261953
0.0261953
0.0261953
0.0261953
0.0261953
0.0261953
0.0261953
0.0261953
0.0261953
0.0261953
0.0261953
0.0261953
0.0261953
0.0261953
0.0261953
0.0261953
0.0261953
0.0261953
0.0261953
0.0261953
0.0261953
0.0261953
0.0261953
0.0261953
0.0261953
0.0261953
0.0261953
0.0261953
0.0261953
0.0261953
0.0261953
0.0261953
0.0261953
0.0261953
0.0261953
0.0261953
0.0261953
0.0261953
0.0261953
0.0261953
0.0261953
0.0261953
0.0261953
0.0261953
0.0261953
0.0261953
0.0261953
0.0261953
0.0261953
0.0261953
0.0261953
0.0261953
0.0261953
0.0261953
0.0261953
0.0261953
0.0261953
0.0261953
0.0261953
0.0261953
0.0261953
0.0261953
0.0261953
0.0261953
0.0261953
0.0261953
0.0261953
0.0261953
0.0261953
0.0261953
0.0261953
0.0261953
0.0261953
0.0261953
0.0261953
0.0261953
0.0261953
0.0261953
0.0261953
0.0261953
0.0261953
0.0261953
0.0261953
0.0261953
0.0261953
0.0261953
