7.53262e+09
2.50181e+09
9.5161e+08
2.50651e+08
8.41233e+07
5.58279e+07
6.72398e+06
6.14078e+06
6.14078e+06
6.14078e+06
6.14078e+06
6.14078e+06
2.43968e+06
942652
942652
942652
942652
237262
237262
237262
225106
124628
111795
44093.5
44093.5
9976.7
3632.5
921.496
717.895
717.895
717.895
717.895
382.753
338.849
292.952
292.952
292.952
292.952
292.952
292.952
260.234
260.234
260.234
260.234
260.234
259.842
248.586
231.958
216.365
216.365
212.423
194.655
183.087
183.087
183.087
183.087
183.087
183.087
183.087
183.087
183.087
183.087
183.087
183.087
183.087
183.087
183.087
183.087
183.087
183.087
183.087
183.087
183.087
183.087
183.087
183.087
183.087
183.087
183.087
180.233
174.329
174.329
174.329
174.329
174.329
174.329
174.329
174.329
174.329
174.329
174.329
174.329
174.329
174.329
174.329
174.329
174.329
174.329
174.329
174.329
170.587
170.587
170.587
170.587
170.587
170.587
170.02
170.02
170.02
170.02
170.02
170.02
170.02
170.02
170.02
170.02
170.02
170.02
170.02
170.02
170.02
170.02
170.02
170.02
170.02
170.02
170.02
170.02
170.02
170.02
170.02
170.02
170.02
170.02
170.02
170.02
170.02
170.02
170.02
170.02
170.02
170.02
170.02
170.02
170.02
170.02
170.02
170.02
170.02
170.02
170.02
170.02
170.02
152.474
152.474
152.474
152.474
152.474
152.474
152.474
152.474
152.474
152.474
152.474
152.474
152.474
152.474
152.474
152.474
152.474
152.474
152.474
152.474
152.474
152.474
152.474
152.474
152.474
152.474
152.474
152.474
152.474
152.474
152.474
152.474
152.474
152.474
152.474
152.474
152.474
152.474
152.474
152.474
152.474
152.474
152.474
152.474
152.474
152.474
152.474
152.474
152.474
152.474
152.474
152.474
152.474
152.474
152.474
152.474
152.474
152.474
152.474
152.474
152.474
152.474
152.474
152.474
152.474
152.474
152.474
152.474
152.474
152.474
152.474
152.474
152.474
152.474
152.474
152.474
152.474
152.474
152.474
152.474
152.474
152.474
152.474
152.474
152.474
152.474
152.474
152.474
152.474
152.474
152.474
152.474
152.474
152.474
152.474
152.474
152.474
152.474
152.474
152.474
152.474
152.474
152.474
152.474
152.474
152.474
152.474
152.474
152.474
152.474
152.474
152.474
152.474
152.474
152.474
152.474
152.474
152.474
152.474
152.474
152.474
152.474
152.474
152.474
152.474
152.474
152.474
152.474
152.474
152.474
152.474
152.474
152.474
152.474
152.474
152.474
152.474
152.474
152.474
152.474
152.474
152.474
152.474
152.474
152.474
152.474
152.474
152.474
152.474
152.474
152.474
152.474
152.474
152.474
152.474
152.474
152.474
152.474
152.474
152.474
152.474
152.474
152.474
152.474
152.474
152.474
152.474
152.474
152.474
152.474
152.474
152.474
152.474
152.474
152.474
152.474
152.474
152.474
152.474
152.474
152.474
152.474
152.474
152.474
152.474
152.474
152.474
152.474
152.474
152.474
152.474
152.474
152.474
152.474
152.474
152.474
152.474
152.474
152.474
152.474
152.474
152.474
152.474
152.474
152.474
152.474
152.474
152.474
152.474
152.474
152.474
152.474
152.474
152.474
152.474
152.474
152.474
152.474
152.474
152.474
152.474
152.474
152.474
152.474
152.474
152.474
152.474
152.474
152.474
152.474
152.474
152.474
152.474
152.474
152.474
152.474
152.474
152.474
152.474
152.474
152.474
152.474
152.474
152.474
152.474
152.474
152.474
152.474
152.474
152.474
152.474
152.474
152.474
152.474
152.474
152.474
152.474
152.474
152.474
152.474
152.474
152.474
152.474
152.474
152.474
152.474
152.474
152.474
152.474
152.474
152.474
152.474
152.474
152.474
152.474
152.474
152.474
152.474
152.474
152.474
152.474
149.404
149.404
149.404
149.404
149.404
149.404
149.404
149.404
149.404
149.404
149.404
149.404
149.404
149.404
149.404
149.404
149.404
149.404
149.404
149.404
149.404
149.404
149.404
149.404
149.404
149.404
149.404
149.404
149.404
149.404
149.404
149.404
149.404
149.404
149.404
149.404
149.404
149.404
149.404
149.404
149.404
149.404
149.404
149.404
149.404
149.404
149.404
149.404
149.404
149.404
149.404
149.404
149.404
149.404
149.404
149.404
149.404
149.404
149.404
149.404
149.404
149.404
149.404
149.404
149.404
149.404
149.404
149.404
149.404
149.404
149.404
149.404
149.404
149.404
149.404
149.404
149.404
149.404
149.404
149.404
149.404
149.404
149.404
149.404
149.404
149.404
149.404
149.404
149.404
149.404
149.404
149.404
149.404
149.404
149.404
149.404
149.404
149.404
149.404
149.404
149.404
149.404
149.404
149.404
149.404
149.404
149.404
149.404
149.404
149.404
149.404
149.404
149.404
149.404
149.404
149.404
149.404
149.404
149.404
149.404
149.404
149.404
149.404
149.404
149.404
149.404
149.404
149.404
149.404
149.404
149.404
149.404
149.404
149.404
149.404
149.404
149.404
149.404
149.404
149.404
149.404
149.404
149.404
149.404
149.404
149.404
149.404
149.404
149.404
149.404
149.404
149.404
149.404
149.404
149.404
149.404
149.404
149.404
149.404
149.404
149.404
149.404
149.404
149.404
149.404
149.404
149.404
149.404
149.404
149.404
149.404
149.404
149.404
149.404
149.404
149.404
149.404
149.404
149.404
149.404
149.404
149.404
149.404
149.404
149.404
149.404
149.404
149.404
149.404
149.404
149.404
149.404
149.404
149.404
149.404
149.404
149.404
149.404
149.404
149.404
149.404
149.404
149.404
149.404
149.404
149.404
149.404
149.404
149.404
149.404
149.404
149.404
149.404
149.404
149.404
149.404
149.404
149.404
149.404
149.404
149.404
149.404
149.404
149.404
149.404
149.404
149.404
149.404
149.404
149.404
149.404
149.404
149.404
149.404
149.404
149.404
149.404
149.404
149.404
149.404
149.404
149.404
149.404
149.404
149.404
149.404
149.404
149.404
149.404
149.404
149.404
149.404
149.404
149.404
149.404
149.404
149.404
149.404
149.404
149.404
149.404
149.404
149.404
149.404
149.404
149.404
149.404
149.404
149.404
149.404
149.404
149.404
149.404
149.404
149.404
149.404
149.404
149.404
149.404
149.404
149.404
149.404
149.404
149.404
149.404
149.404
149.404
149.404
149.404
149.404
149.404
149.404
149.404
149.404
149.404
149.404
149.404
149.404
149.404
149.404
149.404
149.404
149.404
149.404
149.404
149.404
149.404
149.404
149.404
149.404
149.404
149.404
149.404
149.404
149.404
149.404
149.404
149.404
149.404
149.404
149.404
149.404
149.404
149.404
149.404
149.404
149.404
149.404
149.404
149.404
149.404
149.404
149.404
149.404
149.404
149.404
149.404
149.404
149.404
149.404
149.404
149.404
149.404
149.404
149.404
149.404
149.404
149.404
149.404
149.404
149.404
149.404
149.404
149.404
149.404
149.404
149.404
149.404
149.404
149.404
149.404
149.404
149.404
149.404
149.404
149.404
149.404
149.404
149.404
149.404
149.404
149.404
149.404
149.404
149.404
149.404
149.404
149.404
149.404
149.404
149.404
149.404
149.404
149.404
149.404
149.404
149.404
149.404
149.404
149.404
149.404
149.404
149.404
149.404
149.404
149.404
149.404
149.404
149.404
149.404
149.404
149.404
149.404
149.404
149.404
149.404
149.404
149.404
149.404
149.404
149.404
149.404
149.404
149.404
149.404
149.404
149.404
149.404
149.404
149.404
149.404
149.404
149.404
149.404
149.404
149.404
149.404
149.404
149.404
149.404
149.404
149.404
149.404
149.404
149.404
149.33
149.33
149.33
149.33
149.33
149.33
149.33
149.33
149.33
149.33
149.33
149.33
149.33
149.33
149.33
149.33
149.33
149.33
149.33
149.33
149.33
149.33
149.33
149.33
149.33
149.33
149.33
149.33
149.33
149.33
149.33
149.33
149.33
149.33
149.33
149.33
149.33
149.33
149.33
149.33
149.33
149.33
149.33
149.33
149.33
149.33
149.33
149.33
149.33
149.33
149.33
149.33
149.33
149.33
149.33
149.33
149.33
149.33
149.33
149.33
149.33
149.33
149.33
149.33
149.33
149.33
149.33
149.33
149.33
149.33
149.33
149.33
149.33
149.33
149.33
149.33
149.33
149.33
149.33
149.33
149.33
149.33
149.33
149.33
149.33
149.33
149.33
149.33
149.33
149.33
149.33
149.33
149.33
149.33
149.33
149.33
149.33
149.33
149.33
149.33
149.33
149.33
149.33
149.33
149.33
149.33
149.33
149.33
149.33
149.33
149.33
149.33
149.33
149.33
149.33
149.33
149.33
149.33
149.33
149.33
149.33
149.33
149.33
149.33
149.33
149.33
149.33
149.33
149.33
149.33
149.33
149.33
149.33
149.33
149.33
149.33
149.33
149.33
149.33
149.33
149.33
149.33
149.33
149.33
149.33
149.33
149.33
149.33
149.33
149.33
149.33
149.33
149.33
149.33
149.33
149.33
149.33
149.33
149.33
149.33
149.33
149.33
149.33
149.33
149.33
149.33
149.33
149.33
149.33
149.33
149.33
149.33
149.33
149.33
149.33
149.33
149.33
149.33
149.33
149.33
149.33
149.33
149.33
149.33
149.33
149.33
149.33
149.33
149.33
149.33
149.33
149.33
149.33
149.33
149.33
149.33
149.33
149.33
149.33
149.33
149.33
149.33
149.33
149.33
149.33
149.33
149.33
149.33
149.33
149.33
149.33
149.33
149.33
149.33
149.33
149.33
149.33
149.33
149.33
149.33
149.33
149.33
149.33
149.33
149.33
149.33
149.33
149.33
149.33
149.33
149.33
149.33
149.33
149.33
149.33
149.33
149.33
149.33
149.33
149.33
149.33
149.33
149.33
149.33
149.33
149.33
149.33
149.33
149.33
149.33
149.33
149.33
149.33
149.33
149.33
149.33
149.33
149.33
149.33
149.33
149.33
149.33
149.33
149.33
149.33
149.33
149.33
149.33
149.33
149.33
149.33
149.33
149.33
149.33
149.33
149.33
149.33
149.33
149.33
149.33
149.33
149.33
149.33
149.33
149.33
149.33
149.33
149.33
149.33
149.33
149.33
149.33
149.33
149.33
149.33
149.33
149.33
149.33
149.33
149.33
149.33
149.33
149.33
149.33
149.33
149.33
149.33
149.33
149.33
149.33
149.33
149.33
149.33
149.33
149.33
149.33
149.33
149.33
149.33
149.33
149.33
149.33
149.33
149.33
149.33
149.33
149.33
149.33
149.33
149.33
149.33
149.33
149.33
149.33
149.33
149.33
149.33
149.33
149.33
149.33
149.33
149.33
149.33
149.33
149.33
149.33
149.33
149.33
149.33
149.33
149.33
149.33
149.33
149.33
149.33
149.33
149.33
149.33
149.33
149.33
149.33
149.33
149.33
149.33
149.33
149.33
149.33
149.33
149.33
149.33
149.33
149.33
149.33
149.33
149.33
149.33
149.33
149.33
149.33
149.33
149.33
149.33
149.33
149.33
149.33
149.33
149.33
149.33
149.33
149.33
149.33
149.33
149.33
149.33
149.33
149.33
149.33
149.33
149.33
149.33
149.33
149.33
149.33
149.33
149.33
149.33
149.33
149.33
149.33
149.33
149.33
149.33
149.33
149.33
149.33
149.33
149.33
149.33
149.33
149.33
149.33
149.33
149.33
149.33
149.33
149.33
149.33
149.33
149.33
149.33
149.33
149.33
149.33
149.33
149.33
149.33
149.33
149.33
149.33
149.33
149.33
149.33
149.33
149.33
149.33
149.33
149.33
149.33
149.33
149.33
149.33
149.33
149.33
149.33
149.33
149.33
149.33
149.33
149.33
149.33
149.33
149.33
149.33
149.33
149.33
149.33
149.33
149.33
149.33
149.33
149.33
149.33
149.33
149.33
149.33
149.33
149.33
149.33
149.33
149.33
149.33
149.33
149.33
149.33
149.33
149.33
149.33
149.33
149.33
149.33
149.33
149.33
149.33
149.33
149.33
149.33
149.33
149.33
149.33
149.33
149.33
149.33
149.33
149.33
149.33
149.33
149.33
149.33
149.33
149.33
149.33
149.33
149.33
149.33
149.33
149.33
149.33
149.33
149.33
149.33
149.33
149.33
149.33
149.33
149.33
149.33
149.33
149.33
149.33
149.33
149.33
149.33
149.33
149.33
149.33
149.33
149.33
149.33
149.33
149.33
149.33
149.33
149.33
149.33
149.33
149.33
149.33
149.33
149.33
149.33
149.33
149.33
149.33
149.33
149.33
149.33
149.33
149.33
149.33
149.33
149.33
149.33
149.33
149.33
149.33
149.33
149.33
149.33
149.33
149.33
149.33
149.33
149.33
149.33
149.33
149.33
149.33
149.33
149.33
149.33
149.33
149.33
149.33
149.33
149.33
149.33
149.33
149.33
149.33
149.33
149.33
149.33
149.33
149.33
149.33
149.33
149.33
149.33
149.33
149.33
149.33
149.33
149.33
149.33
149.33
149.33
149.33
149.33
149.33
149.33
149.33
149.33
149.33
149.33
149.33
149.33
149.33
149.33
149.33
149.33
149.33
149.33
149.33
149.33
149.33
149.33
149.33
149.33
149.33
149.33
149.33
149.33
149.33
149.33
149.33
149.33
149.33
149.33
149.33
149.33
149.33
149.33
149.33
149.33
149.33
149.33
149.33
149.33
149.33
149.33
149.33
149.33
149.33
149.33
149.33
149.33
149.33
149.33
149.33
149.33
149.33
149.33
149.33
149.33
149.33
149.33
149.33
149.33
149.33
149.33
149.33
149.33
149.33
149.33
149.33
149.33
149.33
149.33
149.33
149.33
143.876
143.876
143.876
143.876
143.876
143.876
143.876
143.876
143.876
143.876
143.876
143.876
143.876
143.876
143.876
143.876
143.876
143.876
143.876
143.876
143.876
143.876
142.011
142.011
142.011
142.011
142.011
142.011
142.011
142.011
142.011
142.011
142.011
142.011
142.011
142.011
142.011
142.011
142.011
142.011
142.011
142.011
142.011
142.011
142.011
142.011
142.011
142.011
142.011
142.011
142.011
142.011
142.011
142.011
142.011
142.011
142.011
142.011
142.011
142.011
142.011
142.011
142.011
142.011
142.011
142.011
142.011
142.011
142.011
142.011
142.011
142.011
142.011
142.011
142.011
142.011
142.011
142.011
142.011
142.011
142.011
142.011
142.011
142.011
142.011
142.011
142.011
142.011
142.011
142.011
142.011
142.011
142.011
142.011
142.011
142.011
142.011
142.011
142.011
142.011
142.011
142.011
142.011
142.011
142.011
142.011
142.011
142.011
142.011
131.433
131.433
131.433
131.433
131.433
131.433
131.433
128.703
128.703
128.703
128.703
128.703
128.703
127.888
127.888
127.888
127.888
127.888
127.888
127.888
127.888
127.888
127.888
122.46
122.46
122.46
110.869
110.869
110.869
110.869
110.869
110.869
110.869
110.869
110.869
110.869
110.869
110.869
110.869
110.869
110.869
110.869
110.869
110.869
110.869
110.869
110.869
110.869
109.643
109.569
107.505
107.505
106.163
106.163
104.579
104.557
103.23
101.886
101.886
101.886
101.886
100.883
100.883
100.883
100.883
100.865
100.058
99.8948
99.7474
99.5182
99.5182
99.5182
99.48
99.48
99.48
99.48
99.48
99.48
99.3379
99.3379
99.1133
99.1035
99.1035
99.0474
99.0474
98.9961
98.9961
98.949
98.8875
98.8422
98.7964
98.7733
98.7523
98.7523
98.7523
98.7035
98.6786
98.6786
98.6786
98.6747
98.6747
98.6747
98.6676
98.6676
98.6676
98.6498
98.6498
98.6498
98.6498
98.6498
98.6498
98.6498
98.6498
98.649
98.6472
98.6376
98.6376
98.6376
98.6376
98.6336
98.6336
98.6332
98.6332
98.6318
98.6318
98.6318
98.6318
98.6318
98.6314
98.6314
98.6314
98.6287
98.6287
98.6274
98.6269
98.6269
98.6268
98.6262
98.6262
98.6262
98.6261
98.6261
98.6259
98.6259
98.6259
98.6258
98.6258
98.6256
98.6256
98.6254
98.6254
98.6254
98.6254
98.6254
98.6252
98.6252
98.6252
98.6252
98.6252
98.6252
98.6252
98.6252
98.6252
98.6252
98.6252
98.6252
98.6252
98.6252
98.6252
98.6252
98.6252
98.6252
98.6252
98.6252
98.6252
98.6252
98.6252
98.6252
98.6252
98.6252
98.6252
98.6252
98.6252
98.6252
98.6252
98.6252
98.6252
98.6252
98.6252
98.6252
98.6252
98.6252
98.6252
98.6252
98.6252
98.6252
98.6252
98.6252
98.6252
98.6252
98.6252
98.6252
98.6252
98.6252
98.6252
98.6252
98.6252
98.6252
98.6252
98.6252
98.6252
98.6252
98.6252
98.6252
98.6252
98.6252
98.6252
98.6252
98.6252
98.6252
98.6252
98.6252
98.6252
98.6252
98.6252
98.6252
98.6252
98.6252
98.6252
98.6252
98.6252
98.6252
98.6252
98.6252
98.6252
98.6252
98.6252
98.6252
98.6252
98.6252
98.6252
98.6252
98.6252
98.6252
98.6252
98.6252
98.6252
98.6252
98.6252
98.6252
98.6252
98.6252
98.6252
98.6252
98.6252
98.6252
98.6252
98.6252
98.6252
98.6252
98.6252
98.6252
98.6252
98.6252
98.6252
98.6252
98.6252
98.6252
98.6252
98.6252
98.6252
98.6252
98.6252
98.6252
98.6252
98.6252
98.6252
98.6252
98.6252
98.6252
98.6252
98.6252
98.6252
98.6252
98.6252
98.6252
98.6252
98.6252
98.6252
98.6252
98.6252
98.6252
98.6252
98.6252
98.6252
98.6252
98.6252
98.6252
98.6252
98.6252
98.6252
98.6252
98.6252
98.6252
98.6252
98.6252
98.6252
98.6252
98.6252
98.6252
98.6252
98.6252
98.6252
98.6252
98.6252
98.6252
98.6252
98.6252
98.6252
98.6252
98.6252
98.6252
98.6252
98.6252
98.6252
98.6252
98.6252
98.6252
98.6252
98.6252
98.6252
98.6252
98.6252
98.6252
98.6252
98.6252
98.6252
98.6252
98.6252
98.6252
98.6252
98.6252
98.6252
98.6252
98.6252
98.6252
98.6252
98.6252
98.6252
98.6252
98.6252
98.6252
98.6252
98.6252
98.6252
98.6252
98.6252
98.6252
98.6252
98.6252
98.6252
98.6252
98.6252
98.6252
98.6252
98.6252
98.6252
98.6252
98.6252
98.6252
98.6252
98.6252
98.6252
98.6252
98.6252
98.6252
98.6252
98.6252
98.6252
98.6252
98.6252
98.6252
98.6252
98.6252
98.6252
98.6252
98.6252
98.6252
98.6252
98.6252
98.6252
98.6252
98.6252
98.6252
98.6252
98.6252
98.6252
98.6252
98.6252
98.6252
98.6252
98.6252
98.6252
98.6252
98.6252
98.6252
98.6252
98.6252
98.6252
98.6252
98.6252
98.6252
98.6252
98.6252
98.6252
98.6252
98.6252
98.6252
98.6252
98.6252
98.6252
98.6252
98.6252
98.6252
98.6252
98.6252
98.6252
98.6252
98.6252
98.6252
98.6252
98.6252
98.6252
98.6252
98.6252
98.6252
98.6252
98.6252
98.6252
98.6252
98.6252
98.6252
98.6252
98.6252
98.6252
98.6252
98.6252
98.6252
98.6252
98.6252
98.6252
98.6252
98.6252
98.6252
98.6252
98.6252
98.6252
98.6252
98.6252
98.6252
98.6252
98.6252
98.6252
98.6252
98.6252
98.6252
98.6252
98.6252
98.6252
98.6252
98.6252
98.6252
98.6252
98.6252
98.6252
98.6252
98.6252
98.6252
98.6252
98.6252
98.6252
98.6252
98.6252
98.6252
98.6252
98.6252
98.6252
98.6252
98.6252
98.6252
98.6252
98.6252
98.6252
98.6252
98.6252
98.6252
98.6252
98.6252
98.6252
98.6252
98.6252
98.6252
98.6252
98.6252
98.6252
98.6252
98.6252
98.6252
98.6252
98.6252
98.6252
98.6252
98.6252
98.6252
98.6252
98.6252
98.6252
98.6252
98.6252
98.6252
98.6252
98.6252
98.6252
98.6252
98.6252
98.6252
98.6252
98.6252
98.6252
98.6252
98.6252
98.6252
98.6252
98.6252
98.6252
98.6252
98.6252
98.6252
98.6252
98.6252
98.6252
98.6252
98.6252
98.6252
98.6252
98.6252
98.6252
98.6252
98.6252
98.6252
98.6252
98.6252
98.6252
98.6252
98.6252
98.6252
98.6252
98.6252
98.6252
98.6252
98.6252
98.6252
98.6252
98.6252
98.6252
98.6252
98.6252
98.6252
98.6252
98.6252
98.6252
98.6252
98.6252
98.6252
98.6252
98.6252
98.6252
98.6252
98.6252
98.6252
98.6252
98.6252
98.6252
98.6252
98.6252
98.6252
98.6252
98.6252
98.6252
98.6252
98.6252
98.6252
98.6252
98.6252
98.323
98.323
98.323
98.323
97.4509
96.8645
96.8645
96.2923
96.2923
96.2923
95.8142
95.8142
95.8142
95.8142
95.6531
95.6383
95.6383
95.5035
95.474
95.474
95.4286
95.4279
95.4176
95.4176
95.4176
95.4176
95.3899
95.3899
95.379
95.379
95.3591
95.3591
95.3381
95.3381
95.3324
95.3251
95.3251
95.3251
95.319
95.317
95.3159
95.3132
95.3132
95.3102
95.3101
95.3101
95.3101
95.3091
95.308
95.3077
95.3077
95.3077
95.3077
95.3075
95.3075
95.307
95.3067
95.3067
95.3064
95.3061
95.3061
95.306
95.3058
95.3058
95.3058
95.3058
95.3058
95.3058
95.3058
95.3058
95.3058
95.3058
95.3058
95.3058
95.3058
95.3058
95.3058
95.3058
95.3058
95.3058
95.3058
95.3058
95.3058
95.3058
95.3058
95.3058
95.3058
95.3058
95.3058
95.3058
95.3058
95.3058
95.3058
95.3058
95.3058
95.3058
95.3058
95.3058
95.3058
95.3058
95.3058
95.3058
95.3058
95.3058
95.3058
95.3058
95.3058
95.3058
95.3058
95.3058
95.3058
95.3058
95.3058
95.3058
95.3058
95.3058
95.3058
95.3058
95.3058
95.3058
95.3058
95.3058
95.3058
95.3058
95.3058
95.3058
95.3058
95.3058
95.3058
95.3058
95.3058
95.3058
95.3058
95.3058
95.3058
95.3058
95.3058
95.3058
95.3058
95.3058
95.3058
95.3058
95.3058
95.3058
95.3058
95.3058
95.3058
95.3058
95.3058
95.3058
95.3058
95.3058
95.3058
95.3058
95.3058
95.3058
95.3058
95.3058
95.3058
95.3058
95.3058
95.3058
95.3058
95.3058
95.3058
95.3058
95.3058
95.3058
95.3058
95.3058
95.3058
95.3058
95.3058
95.3058
95.3058
95.3058
95.3058
95.3058
95.3058
95.3058
95.3058
95.3058
95.3058
95.3058
95.3058
95.3058
95.3058
95.3058
95.3058
95.3058
95.3058
95.3058
95.3058
95.3058
95.3058
95.3058
95.3058
95.3058
95.3058
95.3058
95.3058
95.3058
95.3058
95.3058
95.3058
95.3058
95.3058
95.3058
95.3058
95.3058
95.3058
95.3058
95.3058
95.3058
95.3058
95.3058
95.3058
95.3058
95.3058
95.3058
95.3058
95.3058
95.3058
95.3058
95.3058
95.3058
95.3058
95.3058
95.3058
95.3058
95.3058
95.3058
95.3058
95.3058
95.3058
95.3058
95.3058
95.3058
95.3058
95.3058
95.3058
95.3058
95.3058
95.3058
95.3058
95.3058
95.3058
95.3058
95.3058
95.3058
95.3058
95.3058
95.3058
95.3058
95.3058
95.3058
95.3058
95.3058
95.3058
95.3058
95.3058
95.3058
95.3058
95.3058
95.3058
95.3058
95.3058
95.3058
95.3058
95.3058
95.3058
95.3058
95.3058
95.3058
95.3058
95.3058
95.3058
95.3058
95.3058
95.3058
95.3058
95.3058
95.3058
95.3058
95.3058
95.3058
95.3058
95.3058
95.3058
95.3058
95.3058
95.3058
95.3058
95.3058
95.3058
95.3058
95.3058
95.3058
95.3058
95.3058
95.3058
95.3058
95.3058
95.3058
95.3058
95.3058
95.3058
95.3058
95.3058
95.3058
95.3058
95.3058
95.3058
95.3058
95.3058
95.3058
95.3058
95.3058
95.3058
95.3058
95.3058
95.3058
95.3058
95.3058
95.3058
95.3058
95.3058
95.3058
95.3058
95.3058
95.3058
95.3058
95.3058
95.3058
95.3058
95.3058
95.3058
95.3058
95.3058
95.3058
95.3058
95.3058
95.3058
95.3058
95.3058
95.3058
95.3058
95.3058
95.3058
95.3058
95.3058
95.3058
95.3058
95.3058
95.3058
95.3058
95.3058
95.3058
95.3058
95.3058
95.3058
95.3058
95.3058
95.3058
95.3058
95.3058
95.3058
95.3058
95.3058
95.3058
95.3058
95.3058
95.3058
95.3058
95.3058
95.3058
95.3058
95.3058
95.3058
95.3058
95.3058
95.3058
95.3058
95.3058
95.3058
95.3058
95.3058
95.3058
95.3058
95.3058
95.3058
95.3058
95.3058
95.3058
95.3058
95.3058
95.3058
95.3058
95.3058
95.3058
95.3058
95.3058
95.3058
95.3058
95.3058
95.3058
95.3058
95.3058
95.3058
95.3058
95.3058
95.3058
95.3058
95.3058
95.3058
95.3058
95.3058
95.3058
95.3058
95.3058
95.3058
95.3058
95.3058
95.3058
95.3058
95.3058
95.3058
95.3058
95.3058
95.3058
95.3058
95.3058
95.3058
95.3058
95.3058
95.3058
95.3058
95.3058
95.3058
95.3058
95.3058
95.3058
95.3058
95.3058
95.3058
95.3058
95.3058
95.3058
95.3058
95.3058
95.3058
95.3058
95.3058
95.3058
95.3058
95.3058
95.3058
95.3058
95.3058
95.3058
95.3058
95.3058
95.3058
95.3058
95.3058
95.3058
95.3058
95.3058
95.3058
95.3058
95.3058
95.3058
95.3058
95.3058
95.3058
95.3058
95.3058
95.3058
95.3058
95.3058
95.3058
95.3058
95.3058
95.3058
95.3058
95.3058
95.3058
95.3058
95.3058
95.3058
95.3058
95.3058
95.3058
95.3058
95.3058
95.3058
95.3058
95.3058
95.3058
95.3058
95.3058
95.3058
95.3058
95.3058
95.3058
95.3058
95.3058
95.3058
95.3058
95.3058
95.3058
95.3058
95.3058
95.3058
95.3058
95.3058
95.3058
95.3058
95.3058
95.3058
95.3058
95.3058
95.3058
95.3058
95.3058
95.3058
95.3058
95.3058
95.3058
95.3058
95.3058
95.3058
95.3058
95.3058
95.3058
95.3058
95.3058
95.3058
95.3058
95.3058
95.3058
95.3058
95.3058
95.3058
95.3058
95.3058
95.3058
95.3058
95.3058
95.3058
95.3058
95.3058
95.3058
95.3058
95.3058
95.3058
95.3058
95.3058
95.3058
95.3058
95.3058
95.3058
95.3058
95.3058
95.3058
95.3058
95.3058
95.3058
95.3058
95.3058
95.3058
95.3058
95.3058
95.3058
95.3058
95.3058
95.3058
95.3058
95.3058
95.3058
95.3058
95.3058
95.3058
95.3058
95.3058
95.3058
95.3058
95.3058
95.3058
95.3058
95.3058
95.3058
95.3058
95.3058
95.3058
95.3058
95.3058
95.3058
95.3058
95.3058
95.3058
95.3058
95.3058
95.3058
95.3058
95.3058
95.3058
95.3058
95.3058
95.3058
95.3058
95.3058
95.3058
95.3058
95.3058
95.3058
95.3058
95.3058
95.3058
95.3058
95.3058
95.3058
95.3058
95.3058
95.3058
95.3058
95.3058
95.3058
95.3058
95.3058
95.3058
95.3058
95.3058
95.3058
95.3058
95.3058
95.3058
95.3058
95.3058
95.3058
95.3058
95.3058
95.3058
95.3058
95.3058
95.3058
95.3058
95.3058
95.3058
95.3058
95.3058
95.3058
95.3058
95.3058
95.3058
95.3058
95.3058
95.3058
95.3058
95.3058
95.3058
95.3058
95.3058
95.3058
95.3058
95.3058
95.3058
95.3058
95.3058
95.3058
95.3058
95.3058
95.3058
95.3058
95.3058
95.3058
95.3058
95.3058
95.3058
95.3058
95.3058
95.3058
95.3058
95.3058
95.3058
95.3058
95.3058
95.3058
95.3058
95.3058
95.3058
95.3058
95.3058
95.3058
95.3058
95.3058
95.3058
95.3058
95.3058
95.3058
95.3058
95.3058
95.3058
95.3058
95.3058
95.3058
95.3058
95.3058
95.3058
95.3058
95.3058
95.3058
95.3058
95.3058
95.3058
95.3058
95.3058
95.3058
95.3058
95.3058
95.3058
95.3058
95.3058
95.3058
95.3058
95.3058
95.3058
95.3058
95.3058
95.3058
95.3058
95.3058
95.3058
95.3058
95.3058
95.3058
95.3058
95.3058
95.3058
95.3058
95.3058
95.3058
95.3058
95.3058
95.3058
95.3058
95.3058
95.3058
95.3058
95.3058
95.3058
95.3058
95.3058
95.3058
95.3058
95.3058
95.3058
95.3058
95.3058
95.3058
95.3058
95.3058
95.3058
95.3058
95.3058
95.3058
95.3058
95.3058
95.3058
95.3058
95.3058
95.3058
95.3058
95.3058
95.3058
95.3058
95.3058
95.3058
95.3058
95.3058
95.3058
95.3058
95.3058
95.3058
95.3058
95.3058
95.3058
95.3058
95.3058
95.3058
95.3058
95.3058
95.3058
95.3058
95.3058
95.3058
95.3058
95.3058
95.3058
95.3058
95.3058
95.3058
95.3058
95.3058
95.3058
95.3058
95.3058
95.3058
95.3058
95.3058
95.3058
95.3058
95.3058
95.3058
95.3058
95.3058
95.3058
95.3058
95.3058
95.3058
95.3058
95.3058
95.3058
95.3058
95.3058
95.3058
95.3058
95.3058
95.3058
95.3058
95.3058
95.3058
95.3058
95.3058
95.3058
95.3058
95.3058
95.3058
95.3058
95.3058
95.3058
95.3058
95.3058
95.3058
95.3058
95.3058
95.3058
95.3058
95.3058
95.3058
95.3058
95.3058
95.3058
95.3058
95.3058
95.3058
95.3058
95.3058
95.3058
95.3058
95.3058
95.3058
95.3058
95.3058
95.3058
95.3058
95.3058
95.3058
95.3058
95.3058
95.3058
95.3058
95.3058
95.3058
95.3058
95.3058
95.3058
95.3058
95.3058
95.3058
95.3058
95.3058
95.3058
95.3058
95.3058
95.3058
95.3058
95.3058
95.3058
95.3058
95.3058
95.3058
95.3058
95.3058
95.3058
95.3058
95.3058
95.3058
95.3058
95.3058
95.3058
95.3058
95.3058
95.3058
95.3058
95.3058
95.3058
95.3058
95.3058
95.3058
95.3058
95.3058
95.3058
95.3058
95.3058
95.3058
95.3058
95.3058
95.3058
95.3058
95.3058
95.3058
95.3058
95.3058
95.3058
95.3058
95.3058
95.3058
95.3058
95.3058
95.3058
95.3058
95.3058
95.3058
95.3058
95.3058
95.3058
95.3058
95.3058
95.3058
95.3058
95.3058
95.3058
95.3058
95.3058
95.3058
95.3058
95.3058
95.3058
95.3058
95.3058
95.3058
95.3058
95.3058
95.3058
95.3058
95.3058
95.3058
95.3058
95.3058
95.3058
95.3058
95.3058
95.3058
95.3058
95.3058
95.3058
95.3058
95.3058
95.3058
95.3058
95.3058
95.3058
95.3058
95.3058
95.3058
95.3058
95.3058
95.3058
95.3058
95.3058
95.3058
95.3058
95.3058
95.3058
95.3058
95.3058
95.3058
95.3058
95.3058
95.3058
95.3058
95.3058
95.3058
95.3058
95.3058
95.3058
95.3058
95.3058
95.3058
95.3058
95.3058
95.3058
95.3058
95.3058
95.3058
95.3058
95.3058
95.3058
95.3058
95.3058
95.3058
95.3058
95.3058
95.3058
95.3058
95.3058
95.3058
95.3058
95.3058
95.3058
95.3058
95.3058
95.3058
95.3058
95.3058
95.3058
95.3058
95.3058
95.3058
95.3058
95.3058
95.3058
95.3058
95.3058
95.3058
95.3058
95.3058
95.3058
95.3058
95.3058
95.3058
95.3058
95.3058
95.3058
95.3058
95.3058
95.3058
95.3058
95.3058
95.3058
95.3058
95.3058
95.3058
95.3058
95.3058
95.3058
95.3058
95.3058
95.3058
95.3058
95.3058
95.3058
95.3058
95.3058
95.3058
95.3058
95.3058
95.3058
95.3058
95.3058
95.3058
95.3058
95.3058
95.3058
95.3058
95.3058
95.3058
95.3058
95.3058
95.3058
95.3058
95.3058
95.3058
95.3058
95.3058
95.3058
95.3058
95.3058
95.3058
95.3058
95.3058
95.3058
95.3058
95.3058
95.3058
95.3058
95.3058
95.3058
95.3058
95.3058
95.3058
95.3058
95.3058
95.3058
95.3058
95.3058
95.3058
95.3058
95.3058
95.3058
95.3058
95.3058
95.3058
95.3058
95.3058
95.3058
95.3058
95.3058
95.3058
95.3058
95.3058
95.3058
95.3058
95.3058
95.3058
95.3058
95.3058
95.3058
95.3058
95.3058
95.3058
95.3058
95.3058
95.3058
95.3058
95.3058
95.3058
95.3058
95.3058
95.3058
95.3058
95.3058
95.3058
95.3058
95.3058
95.3058
95.3058
95.3058
95.3058
95.3058
95.3058
95.3058
95.3058
95.3058
