1.01419e+10
3.11441e+09
1.01652e+09
3.60512e+08
2.33698e+07
4.96243e+06
734767
734767
703466
703466
703466
703466
703466
703466
703466
703466
703466
703466
703466
703466
703466
703466
703466
41576.9
41576.9
41576.9
41576.9
38448.5
22049.3
8595.21
8595.21
7258.59
7258.59
2163.74
2163.74
2163.74
2163.74
2042.05
1067.04
1067.04
1067.04
1012.88
590.022
571.329
517.988
473.116
276.238
276.238
246.532
242.377
238.469
238.469
213.08
213.08
213.08
213.08
208.943
199.919
195.648
180.163
180.163
180.163
180.163
180.163
180.163
180.163
180.163
180.163
180.163
180.163
180.163
180.163
180.163
180.163
180.163
180.163
180.163
180.163
180.163
180.163
180.163
180.163
180.163
180.163
180.163
180.163
180.163
180.163
180.163
180.163
180.163
180.163
180.163
180.163
180.163
180.163
180.163
180.163
180.163
180.163
179.023
179.023
179.023
179.023
179.023
179.023
179.023
179.023
179.023
179.023
179.023
179.023
179.023
179.023
179.023
179.023
179.023
179.023
179.023
179.023
179.023
179.023
179.023
179.023
179.023
179.023
179.023
173.328
173.328
173.328
173.328
173.328
173.328
173.328
173.328
173.06
173.06
173.06
171.491
171.491
171.491
163.383
163.383
163.383
163.383
163.383
163.383
163.383
163.383
163.383
163.383
163.383
163.383
163.383
163.383
163.383
163.383
160.05
160.05
160.05
160.05
160.05
160.05
160.05
160.05
160.05
160.05
160.05
160.05
160.05
160.05
160.05
160.05
160.05
160.05
160.05
160.05
160.05
160.05
160.05
160.05
160.05
160.05
160.05
160.05
160.05
160.05
160.05
160.05
160.05
160.05
160.05
160.05
160.05
160.05
160.05
160.05
160.05
160.05
160.05
160.05
160.05
160.05
160.05
160.05
160.05
160.05
160.05
160.05
160.05
160.05
160.05
160.05
160.05
160.05
160.05
160.05
160.05
160.05
160.05
160.05
160.05
160.05
160.05
160.05
160.05
160.05
160.05
160.05
160.05
160.05
160.05
160.05
160.05
160.05
160.05
160.05
160.05
160.05
160.05
160.05
160.05
160.05
160.05
160.05
160.05
160.05
160.05
160.05
160.05
160.05
160.05
160.05
160.05
160.05
160.05
160.05
160.05
160.05
160.05
160.05
160.05
160.05
160.05
160.05
160.05
160.05
160.05
160.05
160.05
160.05
160.05
160.05
160.05
160.05
160.05
160.05
160.05
160.05
160.05
160.05
160.05
160.05
160.05
160.05
160.05
160.05
160.05
160.05
160.05
160.05
160.05
160.05
160.05
160.05
160.05
160.05
160.05
160.05
160.05
160.05
160.05
160.05
160.05
160.05
160.05
160.05
160.05
160.05
160.05
160.05
160.05
160.05
160.05
160.05
160.05
160.05
160.05
160.05
160.05
160.05
160.05
160.05
160.05
160.05
160.05
160.05
160.05
160.05
160.05
160.05
160.05
160.05
160.05
160.05
160.05
160.05
160.05
160.05
160.05
160.05
160.05
160.05
160.05
160.05
160.05
160.05
160.05
160.05
160.05
160.05
160.05
160.05
160.05
160.05
160.05
160.05
160.05
160.05
160.05
160.05
160.05
160.05
160.05
160.05
160.05
160.05
160.05
160.05
160.05
160.05
160.05
160.05
160.05
160.05
158.976
158.976
158.976
158.976
158.976
158.976
158.976
158.976
158.976
158.976
158.976
158.976
158.976
158.976
158.976
158.976
158.976
156.622
156.622
156.622
156.622
156.622
156.622
156.622
156.622
156.622
153.953
144.733
144.733
144.733
144.733
144.733
144.733
144.733
144.733
144.733
144.733
136.572
136.572
136.572
136.572
136.572
136.572
136.572
136.572
136.572
136.572
136.572
136.572
136.572
136.572
136.572
136.572
136.572
136.572
136.572
136.572
136.572
136.572
136.572
136.572
136.572
136.572
136.572
136.572
136.572
136.572
136.572
136.572
136.572
136.572
136.572
136.572
136.572
136.572
136.572
136.572
136.572
136.572
136.572
136.572
136.572
136.572
136.572
136.572
136.572
136.572
136.572
136.572
136.572
136.572
128.706
128.706
128.706
128.706
128.706
128.706
128.706
128.706
128.706
128.706
128.706
128.706
128.706
128.706
128.706
128.706
128.706
128.706
128.706
128.706
128.706
128.706
128.706
128.706
128.706
128.706
128.706
128.706
128.706
128.706
128.706
128.706
128.706
128.706
128.706
128.706
128.706
128.706
128.706
128.706
128.706
128.706
128.706
128.706
128.706
128.706
128.706
128.706
128.706
128.706
128.706
128.706
128.706
128.706
128.706
128.706
128.706
128.706
128.706
128.706
128.706
128.706
128.706
128.706
128.706
128.706
128.706
128.706
128.706
128.706
128.706
128.706
128.706
128.706
128.706
128.706
128.706
128.706
128.706
128.706
128.706
128.706
128.706
128.706
128.706
128.706
128.706
128.706
128.706
128.706
128.706
128.706
128.706
128.706
128.706
128.706
128.706
128.706
128.706
128.706
128.706
128.706
128.706
128.706
128.706
128.706
128.706
128.706
128.706
128.706
128.706
128.706
128.706
128.706
128.706
128.706
128.706
128.706
128.706
128.706
128.706
128.706
128.706
128.706
128.706
128.706
128.706
128.706
128.706
128.706
128.706
128.706
128.706
128.706
128.706
128.706
128.706
128.706
128.706
128.706
128.706
128.706
128.706
128.706
128.706
128.706
128.706
128.706
128.706
128.706
128.706
128.706
128.706
128.706
128.706
128.706
128.706
128.706
128.706
128.706
128.706
128.706
128.706
128.706
128.706
128.706
128.706
128.706
128.706
128.706
128.706
128.706
128.706
128.706
128.706
128.706
128.706
128.706
128.706
128.706
128.706
128.706
128.706
128.706
128.706
128.706
128.706
128.706
128.706
128.706
128.706
128.706
128.706
128.706
128.706
128.706
128.706
128.706
128.706
128.706
128.706
128.706
128.706
128.706
128.706
128.706
128.706
128.706
128.706
128.706
128.706
128.706
128.706
128.706
128.706
128.706
128.706
128.706
128.706
128.706
128.706
128.706
128.706
128.706
128.706
128.706
128.706
128.706
128.706
128.706
128.706
128.706
128.706
128.706
128.706
128.706
128.706
128.706
128.706
128.706
128.706
128.706
128.706
128.706
128.706
128.706
128.706
128.706
128.706
128.706
128.706
128.706
128.706
128.706
128.706
128.706
128.706
128.706
128.706
128.706
128.706
128.706
128.706
128.706
128.706
128.706
128.706
128.706
128.706
128.706
128.706
128.706
128.706
128.706
128.706
128.706
128.706
128.706
128.706
128.706
128.706
128.706
128.706
128.706
128.706
128.706
128.706
128.706
128.706
128.706
128.706
128.706
128.706
128.706
128.706
128.706
128.706
128.706
128.706
128.706
128.706
128.706
128.706
128.706
128.706
128.706
128.706
128.706
128.706
128.706
128.706
128.706
128.706
128.706
128.706
128.706
128.706
128.706
128.706
128.706
128.706
128.706
128.706
128.706
128.706
128.706
128.706
128.706
128.706
128.706
128.706
128.706
128.706
128.706
128.706
128.706
128.706
128.706
128.706
128.706
128.706
128.706
128.706
128.706
128.706
128.706
128.706
128.706
128.706
128.706
128.706
128.706
128.706
128.706
128.706
128.706
128.706
128.706
128.706
128.706
128.706
128.706
128.706
128.706
128.706
128.706
128.706
128.706
128.706
128.706
128.706
128.706
128.706
128.706
128.706
128.706
128.706
128.706
128.706
128.706
128.706
128.706
128.706
128.706
128.706
128.706
128.706
128.706
128.706
128.706
128.706
128.706
128.706
128.706
128.706
128.706
128.706
128.706
128.706
128.706
128.706
128.706
128.706
128.706
128.706
128.706
128.706
128.706
128.706
128.706
128.706
128.706
128.706
128.706
128.706
128.706
128.706
128.706
128.706
128.706
128.706
128.706
128.706
128.706
128.706
128.706
128.706
128.706
128.706
128.706
128.706
128.706
128.706
128.706
128.706
128.706
128.706
128.706
128.706
128.706
128.706
128.706
128.706
128.706
128.706
128.706
128.706
128.706
128.706
128.706
128.706
128.706
128.706
128.706
128.706
128.706
128.706
128.706
128.706
128.706
128.706
128.706
128.706
128.706
128.706
128.706
128.706
128.706
128.706
128.706
128.706
128.706
128.706
128.706
128.706
128.706
128.706
128.706
128.706
128.706
128.706
128.706
128.706
128.706
128.706
128.706
128.706
128.706
128.706
128.706
128.706
128.706
128.706
128.706
128.706
128.706
128.706
128.706
128.706
128.706
128.706
128.706
128.706
128.706
128.706
128.706
128.706
128.706
128.706
128.706
128.706
128.706
128.706
128.706
128.706
128.706
128.706
128.706
128.706
128.706
128.706
128.706
128.706
128.706
128.706
128.706
128.706
128.706
128.706
128.706
128.706
128.706
128.706
128.706
128.706
128.706
128.706
128.706
128.706
128.706
128.706
128.706
128.706
128.706
128.706
128.706
128.706
128.706
128.706
128.706
128.706
128.706
128.706
128.706
128.706
128.706
128.706
128.706
128.706
128.706
128.706
128.706
128.706
128.706
128.706
128.706
128.706
128.706
128.706
128.706
128.706
128.706
128.706
128.706
128.706
128.706
128.706
128.706
128.706
128.706
128.706
128.706
128.706
128.706
128.706
128.706
128.706
128.706
128.706
128.706
128.706
128.706
128.706
128.706
128.706
128.706
128.706
128.706
128.706
128.706
128.706
128.706
128.706
128.706
128.706
128.706
128.706
128.706
128.706
128.706
128.706
128.706
128.706
128.706
128.706
128.706
128.706
128.706
128.706
128.706
128.706
128.706
128.706
128.706
128.706
128.706
128.706
128.706
128.706
128.706
128.706
128.706
128.706
128.706
128.706
128.706
128.706
128.706
128.706
128.706
128.706
128.706
128.706
128.706
128.706
128.706
128.706
128.706
128.706
128.706
128.706
128.706
128.706
128.706
128.706
128.706
128.706
128.706
128.706
128.706
128.706
128.706
128.706
128.706
128.706
128.706
128.706
128.706
128.706
128.706
128.706
128.706
128.706
128.706
128.706
128.706
128.706
128.706
128.706
128.706
128.706
128.706
128.706
128.706
128.706
128.706
128.706
128.706
128.706
128.706
128.706
128.706
128.706
128.706
128.706
128.706
128.706
128.706
128.706
128.706
128.706
128.706
128.706
128.706
128.706
128.706
128.706
128.706
128.706
128.706
128.706
128.706
128.706
128.706
128.706
128.706
128.706
128.706
128.706
128.706
128.706
128.706
128.706
128.706
128.706
128.706
128.706
128.706
128.706
128.706
128.706
128.706
128.706
128.706
128.706
128.706
128.706
128.706
128.706
128.706
128.706
128.706
128.706
128.706
128.706
128.706
128.706
128.706
128.706
128.706
128.706
128.706
128.706
128.706
128.706
128.706
128.706
128.706
128.706
128.706
128.706
128.706
128.706
128.706
128.706
128.706
128.706
128.706
128.706
128.706
128.706
128.706
128.706
128.706
128.706
128.706
128.706
128.706
128.706
128.706
128.706
128.706
128.706
128.706
128.706
128.706
128.706
128.706
128.706
128.706
128.706
128.706
128.706
128.706
128.706
128.706
128.706
128.706
128.706
128.706
128.706
128.706
128.706
128.706
128.706
128.706
128.706
128.706
128.706
128.706
128.706
128.706
128.706
128.706
128.706
128.706
128.706
128.706
128.706
128.706
128.706
128.706
128.706
128.706
128.706
128.706
128.706
128.706
128.706
128.706
128.706
128.706
128.706
128.706
128.706
128.706
128.706
128.706
128.706
128.706
128.706
128.706
128.706
128.706
128.706
128.706
128.706
128.706
128.706
128.706
128.706
128.706
128.706
128.706
128.706
128.706
128.706
128.706
128.706
128.706
128.706
128.706
128.706
128.706
128.706
128.706
128.706
128.706
128.706
128.706
128.706
128.706
128.706
128.706
128.706
128.706
128.706
128.706
128.706
128.706
128.706
128.706
128.706
128.706
128.706
128.706
128.706
128.706
128.706
128.706
128.706
128.706
128.706
128.706
128.706
128.706
128.706
128.706
128.706
128.706
128.706
128.706
128.706
128.706
128.706
128.706
128.706
128.706
128.706
128.706
128.706
128.706
128.706
128.706
128.706
128.706
128.706
128.706
128.706
128.706
128.706
128.706
128.706
128.706
128.706
128.706
128.706
128.706
128.706
128.706
128.706
128.706
128.706
128.706
128.706
128.706
128.706
128.706
128.706
128.706
128.706
128.706
128.706
128.706
128.706
128.706
128.706
128.706
128.706
128.706
128.706
128.706
128.706
128.706
128.706
128.706
128.706
128.706
128.706
128.706
128.706
128.706
128.706
128.706
128.706
128.706
128.706
128.706
128.706
128.706
128.706
128.706
128.706
128.706
128.706
128.706
128.706
128.706
128.706
128.706
128.706
128.706
128.706
128.706
128.706
128.706
128.706
128.706
128.706
128.706
128.706
128.706
128.706
128.706
128.706
128.706
128.706
128.706
128.706
128.706
128.706
128.706
128.706
128.706
128.706
128.706
128.706
128.706
128.706
128.706
128.706
128.706
128.706
128.706
128.706
128.706
128.706
128.706
128.706
128.706
128.706
128.706
128.706
128.706
128.706
128.706
128.706
128.706
128.706
128.706
128.706
128.706
128.706
128.706
128.706
128.706
128.706
128.706
128.706
128.706
128.706
128.706
128.706
128.706
128.706
128.706
128.706
128.706
128.706
128.706
128.706
128.706
128.706
128.706
128.706
128.706
128.706
128.706
128.706
128.706
128.706
128.706
128.706
128.706
128.706
128.706
128.706
128.706
128.706
128.706
128.706
128.706
128.706
128.706
128.706
128.706
128.706
128.706
128.706
128.706
128.706
128.706
128.706
128.706
128.706
128.706
128.706
128.706
128.706
128.706
128.706
128.706
128.706
128.706
128.706
128.706
128.706
128.706
128.706
128.706
128.706
128.706
128.706
128.706
128.706
128.706
128.706
128.706
128.706
128.706
128.706
128.706
128.706
128.706
128.706
128.706
128.706
128.706
128.706
128.706
128.706
128.706
128.706
128.706
128.706
128.706
128.706
128.706
128.706
128.706
128.706
128.706
128.706
128.706
128.706
128.706
128.706
128.706
128.706
128.706
128.706
128.706
128.706
128.706
128.706
128.706
128.706
128.706
128.706
128.706
128.706
128.706
128.706
128.706
128.706
128.706
128.706
128.706
128.706
128.706
128.706
128.706
128.706
128.706
128.706
128.706
128.706
128.706
128.706
128.706
128.706
128.706
128.706
128.706
128.706
128.706
128.706
128.706
128.706
128.706
128.706
128.706
128.706
128.706
128.706
128.706
128.706
128.706
128.706
128.706
128.706
128.706
128.706
128.706
128.706
128.706
128.706
128.706
128.706
128.706
128.706
128.706
128.706
128.706
128.706
128.706
128.706
128.706
128.706
128.706
128.706
128.706
128.706
128.706
128.706
128.706
128.706
128.706
128.706
128.706
128.706
128.706
128.706
128.706
128.706
128.706
128.706
128.706
128.706
128.706
128.706
128.706
128.706
128.706
128.706
128.706
128.706
128.706
128.706
128.706
128.706
128.706
128.706
128.706
128.706
128.706
128.706
128.706
128.706
128.706
128.706
128.706
128.706
128.706
128.706
128.706
128.706
128.706
128.706
128.706
128.706
128.706
128.706
128.706
128.706
128.706
128.706
128.706
128.706
128.706
128.706
128.706
128.706
128.706
128.706
128.706
128.706
128.706
128.706
128.706
128.706
128.706
128.706
128.706
128.706
128.706
128.706
128.706
128.706
128.706
128.706
128.706
128.706
128.706
128.706
128.706
128.706
128.706
128.706
128.706
128.706
128.706
128.706
128.706
128.706
128.706
128.706
128.706
128.706
128.706
128.706
128.706
128.706
128.706
128.706
128.706
128.706
128.706
128.706
128.706
128.706
128.706
128.706
128.706
128.706
128.706
128.706
128.706
128.706
128.706
128.706
128.706
128.706
128.706
128.706
128.706
128.706
128.706
128.706
128.706
128.706
128.706
128.706
128.706
128.706
128.706
128.706
128.706
128.706
128.706
128.706
128.706
128.706
128.706
128.706
128.706
128.706
128.706
128.706
128.706
128.706
128.706
128.706
128.706
128.706
128.706
128.706
128.706
128.706
128.706
128.706
128.706
128.706
128.706
128.706
128.706
128.706
128.706
128.706
128.706
128.706
128.706
128.706
128.706
128.706
128.706
128.706
128.706
128.706
128.706
128.706
128.706
128.706
128.706
128.706
128.706
128.706
128.706
128.706
128.706
128.706
128.706
128.706
128.706
128.706
128.706
128.706
128.706
128.706
128.706
128.706
128.706
128.706
128.706
128.706
128.706
128.706
128.706
128.706
128.706
128.706
128.706
128.706
128.706
128.706
128.706
128.706
128.706
128.706
128.706
128.706
128.706
128.706
128.706
128.706
128.706
128.706
128.706
128.706
128.706
128.706
128.706
128.706
128.706
128.706
128.706
128.706
128.706
128.706
128.706
128.706
128.706
128.706
128.706
128.706
128.706
128.706
128.706
128.706
128.706
128.706
128.706
128.706
128.706
128.706
128.706
128.706
128.706
128.706
128.706
128.706
128.706
128.706
128.706
128.706
128.706
128.706
128.706
128.706
128.706
128.706
128.706
128.706
128.706
128.706
128.706
128.706
128.706
128.706
128.706
128.706
128.706
128.706
128.706
128.706
128.706
128.706
128.706
128.706
128.706
128.706
128.706
128.706
128.706
128.706
128.706
128.706
128.706
128.706
128.706
128.706
128.706
128.706
128.706
128.706
128.706
128.706
128.706
128.706
128.706
128.706
128.706
128.706
128.706
128.706
128.706
128.706
128.706
128.706
128.706
128.706
128.706
128.706
128.706
128.706
128.706
128.706
128.706
128.706
128.706
128.706
128.706
128.706
128.706
128.706
128.706
128.706
128.706
128.706
128.706
128.706
128.706
128.706
128.706
128.706
128.706
128.706
128.706
128.706
128.706
128.706
128.706
128.706
128.706
128.706
128.706
128.706
128.706
128.706
128.706
128.706
128.706
128.706
128.706
128.706
128.706
128.706
128.706
128.706
128.706
128.706
128.706
128.706
128.706
128.706
128.706
128.706
128.706
124.433
124.433
124.433
124.433
124.433
124.433
124.433
124.433
124.433
124.433
124.433
124.433
124.433
124.433
124.433
124.433
124.433
119.269
119.269
119.269
119.002
116.363
116.363
114.697
114.697
114.697
114.697
114.697
114.697
114.697
114.697
111.905
111.905
111.905
111.905
111.905
111.905
111.905
111.905
105.376
105.376
105.376
102.223
102.223
102.223
102.223
102.223
102.223
102.223
102.153
99.7911
99.7911
99.7911
99.7911
99.7911
98.0528
95.7841
94.5787
94.5787
94.5787
94.5787
94.3678
94.3678
94.3678
94.3678
94.3678
94.3678
94.0383
93.5885
93.3241
93.207
93.207
92.4395
92.4395
92.4395
92.3229
91.8988
91.8988
91.8988
91.6047
91.6047
91.6047
91.6047
91.6047
91.59
91.5169
91.5049
91.4675
91.464
91.4349
91.4349
91.4349
91.4349
91.4349
91.4349
91.4243
91.3998
91.3996
91.3939
91.3859
91.3786
91.3786
91.3743
91.3743
91.36
91.3551
91.35
91.3455
91.3455
91.3399
91.3399
91.3386
91.335
91.3344
91.3316
91.3316
91.3314
91.3307
91.3305
91.3294
91.3294
91.3286
91.3286
91.3286
91.3286
91.3286
91.3286
91.3286
91.3286
91.3286
91.3286
91.3286
91.3285
91.3283
91.3283
91.3283
91.3282
91.3281
91.3281
91.3281
91.3281
91.3281
91.3281
91.3281
91.3281
91.3281
91.3281
91.3281
91.3281
91.3281
91.3281
91.3281
91.3281
91.3281
91.3281
91.3281
91.3281
91.3281
91.3281
91.3281
91.3281
91.3281
91.3281
91.3281
91.3281
91.3281
91.3281
91.3281
91.3281
91.3281
91.3281
91.3281
91.3281
91.3281
91.3281
91.3281
91.3281
91.3281
91.3281
91.3281
91.3281
91.3281
91.3281
91.3281
91.3281
91.3281
91.3281
91.3281
91.3281
91.3281
91.3281
91.3281
91.3281
91.3281
91.3281
91.3281
91.3281
91.3281
91.3281
91.3281
91.3281
91.3281
91.3281
91.3281
91.3281
91.3281
91.3281
91.3281
91.3281
91.3281
91.3281
91.3281
91.3281
91.3281
91.3281
91.3281
91.3281
91.3281
91.3281
91.3281
91.3281
91.3281
91.3281
91.3281
91.3281
91.3281
91.3281
91.3281
91.3281
91.3281
91.3281
91.3281
91.3281
91.3281
91.3281
91.3281
91.3281
91.3281
91.3281
91.3281
91.3281
91.3281
91.3281
91.3281
91.3281
91.3281
91.3281
91.3281
91.3281
91.3281
91.3281
91.3281
91.3281
91.3281
91.3281
91.3281
91.3281
91.3281
91.3281
91.3281
91.3281
91.3281
91.3281
91.3281
91.3281
91.3281
91.3281
91.3281
91.3281
91.3281
91.3281
91.3281
91.3281
91.3281
91.3281
91.3281
91.3281
91.3281
91.3281
91.3281
91.3281
91.3281
91.3281
91.3281
91.3281
91.3281
91.3281
91.3281
91.3281
91.3281
91.3281
91.3281
91.3281
91.3281
91.3281
91.3281
91.3281
91.3281
91.3281
91.3281
91.3281
91.3281
91.3281
91.3281
91.3281
91.3281
91.3281
91.3281
91.3281
91.3281
91.3281
91.3281
91.3281
91.3281
91.3281
91.3281
91.3281
91.3281
91.3281
91.3281
91.3281
91.3281
91.3281
91.3281
91.3281
91.3281
91.3281
91.3281
91.3281
91.3281
91.3281
91.3281
91.3281
91.3281
91.3281
91.3281
91.3281
91.3281
91.3281
91.3281
91.3281
91.3281
91.3281
91.3281
91.3281
91.3281
91.3281
91.3281
91.3281
91.3281
91.3281
91.3281
91.3281
91.3281
91.3281
91.3281
91.3281
91.3281
91.3281
91.3281
91.3281
91.3281
91.3281
91.3281
91.3281
91.3281
91.3281
91.3281
91.3281
91.3281
91.3281
91.3281
91.3281
91.3281
91.3281
91.3281
91.3281
91.3281
91.3281
91.3281
91.3281
91.3281
91.3281
91.3281
91.3281
91.3281
91.3281
91.3281
91.3281
91.3281
91.3281
91.3281
91.3281
91.3281
91.3281
91.3281
91.3281
91.3281
91.3281
91.3281
91.3281
91.3281
91.3281
91.3281
91.3281
91.3281
91.3281
91.3281
91.3281
91.3281
91.3281
91.3281
91.3281
91.3281
91.3281
91.3281
91.3281
91.3281
91.3281
91.3281
91.3281
91.3281
91.3281
91.3281
91.3281
91.3281
91.3281
91.3281
91.3281
91.3281
91.3281
91.3281
91.3281
91.3281
91.3281
91.3281
91.3281
91.3281
91.3281
91.3281
91.3281
91.3281
91.3281
91.3281
91.3281
91.3281
91.3281
91.3281
91.3281
91.3281
91.3281
91.3281
91.3281
91.3281
91.3281
91.3281
91.3281
91.3281
91.3281
91.3281
91.3281
91.3281
91.3281
91.3281
91.3281
91.3281
91.3281
91.3281
91.3281
91.3281
91.3281
91.3281
91.3281
91.3281
91.3281
91.3281
91.3281
91.3281
91.3281
91.3281
91.3281
91.3281
91.3281
91.3281
91.3281
91.3281
91.3281
91.3281
91.3281
91.3281
91.3281
91.3281
91.3281
91.3281
91.3281
91.3281
91.3281
91.3281
91.3281
91.3281
91.3281
91.3281
91.3281
91.3281
91.3281
91.3281
91.3281
91.3281
91.3281
91.3281
91.3281
91.3281
91.3281
91.3281
91.3281
91.3281
91.3281
91.3281
91.3281
91.3281
91.3281
91.3281
91.3281
91.3281
91.3281
91.3281
91.3281
91.3281
91.3281
91.3281
91.3281
91.3281
91.3281
91.3281
91.3281
91.3281
91.3281
91.3281
91.3281
91.3281
91.3281
91.3281
91.3281
91.3281
91.3281
91.3281
91.3281
91.3281
91.3281
91.3281
91.3281
91.3281
91.3281
91.3281
91.3281
91.3281
91.3281
91.3281
91.3281
91.3281
91.3281
91.3281
91.3281
91.3281
91.3281
91.3281
91.3281
91.3281
91.3281
91.3281
91.3281
91.3281
91.3281
91.3281
91.3281
91.3281
91.3281
91.3281
91.3281
91.3281
91.3281
91.3281
91.3281
91.3281
91.3281
91.3281
91.3281
91.3281
91.3281
91.3281
91.3281
91.3281
91.3281
91.3281
91.3281
91.3281
91.3281
91.3281
91.3281
91.3281
91.3281
91.3281
91.3281
91.3281
91.3281
91.3281
91.3281
91.3281
91.3281
91.3281
91.3281
91.3281
91.3281
91.3281
91.3281
91.3281
91.3281
91.3281
91.3281
91.3281
91.3281
91.3281
91.3281
91.3281
91.3281
91.3281
91.3281
91.3281
91.3281
91.3281
91.3281
91.3281
91.3281
91.3281
91.3281
91.3281
91.3281
91.3281
91.3281
91.3281
91.3281
91.3281
91.3281
91.3281
91.3281
91.3281
91.3281
91.3281
91.3281
91.3281
91.3281
91.3281
91.3281
91.3281
91.3281
91.3281
91.3281
91.3281
91.3281
91.3281
91.3281
91.3281
91.3281
91.3281
91.3281
91.3281
91.3281
91.3281
91.3281
91.3281
91.3281
91.3281
91.3281
91.3281
91.3281
91.3281
91.3281
91.3281
91.3281
91.3281
91.3281
91.3281
91.3281
91.3281
91.3281
91.3281
91.3281
91.3281
91.3281
91.3281
91.3281
91.3281
91.3281
91.3281
91.3281
91.3281
91.3281
91.3281
91.3281
91.3281
91.3281
91.3281
91.3281
91.3281
91.3281
91.3281
91.3281
91.3281
91.3281
91.3281
91.3281
91.3281
91.3281
91.3281
91.3281
91.3281
91.3281
91.3281
91.3281
91.3281
91.3281
91.3281
91.3281
91.3281
91.3281
91.3281
91.3281
91.3281
91.3281
91.3281
91.3281
91.3281
91.3281
91.3281
91.3281
91.3281
91.3281
91.3281
91.3281
91.3281
91.3281
91.3281
91.3281
91.3281
91.3281
91.3281
91.3281
91.3281
91.3281
91.3281
91.3281
91.3281
91.3281
91.3281
91.3281
91.3281
91.3281
91.3281
91.3281
91.3281
91.3281
91.3281
91.3281
91.3281
91.3281
91.3281
91.3281
91.3281
91.3281
91.3281
91.3281
91.3281
91.3281
91.3281
91.3281
91.3281
91.3281
91.3281
91.3281
91.3281
91.3281
91.3281
91.3281
91.3281
91.3281
91.3281
91.3281
91.3281
91.3281
91.3281
91.3281
91.3281
91.3281
91.3281
91.3281
91.3281
91.3281
91.3281
91.3281
91.3281
91.3281
91.3281
91.3281
91.3281
91.3281
91.3281
91.3281
91.3281
91.3281
91.3281
91.3281
91.3281
91.3281
91.3281
91.3281
91.3281
91.3281
91.3281
91.3281
91.3281
91.3281
91.3281
91.3281
91.3281
91.3281
91.3281
91.3281
91.3281
91.3281
91.3281
91.3281
91.3281
91.3281
91.3281
91.3281
91.3281
91.3281
91.3281
91.3281
91.3281
91.3281
91.3281
91.3281
91.3281
91.3281
91.3281
91.3281
91.3281
91.3281
91.3281
91.3281
91.3281
91.3281
91.3281
91.3281
91.3281
91.3281
91.3281
91.3281
91.3281
91.3281
91.3281
91.3281
91.3281
91.3281
91.3281
91.3281
91.3281
91.3281
91.3281
91.3281
91.3281
91.3281
91.3281
91.3281
91.3281
91.3281
91.3281
91.3281
91.3281
91.3281
91.3281
91.3281
91.3281
91.3281
91.3281
91.3281
91.3281
91.3281
91.3281
91.3281
91.3281
91.3281
91.3281
91.3281
91.3281
91.3281
91.3281
91.3281
91.3281
91.3281
91.3281
91.3281
91.3281
91.3281
91.3281
91.3281
91.3281
91.3281
91.3281
91.3281
91.3281
91.3281
91.3281
91.3281
91.3281
91.3281
91.3281
91.3281
91.3281
91.3281
91.3281
91.3281
91.3281
91.3281
91.3281
91.3281
91.3281
91.3281
91.3281
91.3281
91.3281
91.3281
91.3281
91.3281
91.3281
91.3281
91.3281
91.3281
91.3281
91.3281
91.3281
91.3281
91.3281
91.3281
91.3281
91.3281
91.3281
91.3281
91.3281
91.3281
91.3281
91.3281
91.3281
91.3281
91.3281
91.3281
91.3281
91.3281
91.3281
91.3281
91.3281
91.3281
91.3281
91.3281
91.3281
91.3281
91.3281
91.3281
91.3281
91.3281
91.3281
91.3281
91.3281
91.3281
91.3281
91.3281
91.3281
91.3281
91.3281
91.3281
91.3281
91.3281
91.3281
91.3281
91.3281
91.3281
91.3281
91.3281
91.3281
91.3281
91.3281
91.3281
91.3281
91.3281
91.3281
91.3281
91.3281
91.3281
91.3281
91.3281
91.3281
91.3281
91.3281
91.3281
91.3281
91.3281
91.3281
91.3281
91.3281
91.3281
91.3281
91.3281
91.3281
91.3281
91.3281
91.3281
91.3281
91.3281
91.3281
91.3281
91.3281
91.3281
91.3281
91.3281
91.3281
91.3281
91.3281
91.3281
91.3281
91.3281
91.3281
91.3281
91.3281
91.3281
91.3281
91.3281
91.3281
91.3281
91.3281
91.3281
91.3281
91.3281
91.3281
91.3281
91.3281
91.3281
91.3281
91.3281
91.3281
91.3281
91.3281
91.3281
91.3281
91.3281
91.3281
91.3281
91.3281
91.3281
91.3281
91.3281
91.3281
91.3281
91.3281
91.3281
91.3281
91.3281
91.3281
91.3281
91.3281
91.3281
91.3281
91.3281
91.3281
91.3281
91.3281
91.3281
91.3281
91.3281
91.3281
91.3281
91.3281
91.3281
91.3281
91.3281
91.3281
91.3281
91.3281
91.3281
91.3281
91.3281
91.3281
91.3281
91.3281
91.3281
91.3281
91.3281
91.3281
91.3281
91.3281
91.3281
91.3281
91.3281
91.3281
91.3281
91.3281
91.3281
91.3281
91.3281
91.3281
91.3281
91.3281
91.3281
91.3281
91.3281
91.3281
91.3281
91.3281
91.3281
91.3281
91.3281
91.3281
91.3281
91.3281
91.3281
91.3281
91.3281
91.3281
91.3281
91.3281
91.3281
91.3281
91.3281
91.3281
91.3281
91.3281
91.3281
91.3281
91.3281
91.3281
91.3281
91.3281
91.3281
91.3281
91.3281
91.3281
91.3281
91.3281
91.3281
91.3281
91.3281
91.3281
91.3281
91.3281
91.3281
91.3281
91.3281
91.3281
91.3281
91.3281
91.3281
91.3281
91.3281
91.3281
91.3281
91.3281
91.3281
91.3281
91.3281
91.3281
91.3281
91.3281
91.3281
91.3281
91.3281
91.3281
91.3281
91.3281
91.3281
91.3281
91.3281
91.3281
91.3281
91.3281
91.3281
91.3281
91.3281
91.3281
91.3281
91.3281
91.3281
91.3281
91.3281
91.3281
91.3281
91.3281
91.3281
91.3281
91.3281
91.3281
91.3281
91.3281
91.3281
91.3281
91.3281
91.3281
91.3281
91.3281
91.3281
91.3281
91.3281
91.3281
91.3281
91.3281
91.3281
91.3281
91.3281
91.3281
91.3281
91.3281
91.3281
91.3281
91.3281
91.3281
91.3281
91.3281
91.3281
91.3281
91.3281
91.3281
91.3281
91.3281
91.3281
91.3281
91.3281
91.3281
91.3281
91.3281
91.3281
91.3281
91.3281
91.3281
91.3281
91.3281
91.3281
91.3281
91.3281
91.3281
91.3281
91.3281
91.3281
91.3281
91.3281
91.3281
91.3281
91.3281
91.3281
91.3281
91.3281
91.3281
91.3281
91.3281
91.3281
91.3281
91.3281
91.3281
91.3281
91.3281
91.3281
91.3281
91.3281
91.3281
91.3281
91.3281
91.3281
91.3281
91.3281
91.3281
91.3281
91.3281
91.3281
91.3281
91.3281
91.3281
91.3281
91.3281
91.3281
91.3281
91.3281
91.3281
91.3281
91.3281
91.3281
91.3281
91.3281
91.3281
91.3281
91.3281
91.3281
91.3281
91.3281
91.3281
91.3281
91.3281
91.3281
91.3281
91.3281
91.3281
91.3281
91.3281
91.3281
91.3281
91.3281
91.3281
91.3281
91.3281
91.3281
91.3281
91.3281
91.3281
91.3281
91.3281
91.3281
91.3281
91.3281
91.3281
91.3281
91.3281
91.3281
91.3281
91.3281
91.3281
91.3281
91.3281
91.3281
91.3281
91.3281
91.3281
91.3281
91.3281
91.3281
91.3281
91.3281
91.3281
91.3281
91.3281
91.3281
91.3281
91.3281
91.3281
91.3281
91.3281
91.3281
91.3281
91.3281
91.3281
91.3281
91.3281
91.3281
91.3281
91.3281
91.3281
91.3281
91.3281
91.3281
91.3281
91.3281
91.3281
91.3281
91.3281
91.3281
91.3281
91.3281
91.3281
91.3281
91.3281
91.3281
91.3281
91.3281
91.3281
91.3281
91.3281
91.3281
91.3281
91.3281
91.3281
91.3281
91.3281
91.3281
91.3281
91.3281
91.3281
91.3281
91.3281
91.3281
91.3281
91.3281
91.3281
91.3281
91.3281
91.3281
91.3281
91.3281
91.3281
91.3281
91.3281
91.3281
91.3281
91.3281
91.3281
91.3281
91.3281
91.3281
91.3281
91.3281
91.3281
91.3281
91.3281
91.3281
91.3281
91.3281
91.3281
91.3281
91.3281
91.3281
91.3281
91.3281
91.3281
91.3281
91.3281
91.3281
91.3281
91.3281
91.3281
91.3281
91.3281
91.3281
91.3281
91.3281
91.3281
91.3281
91.3281
91.3281
91.3281
91.3281
91.3281
91.3281
91.3281
91.3281
91.3281
91.3281
91.3281
91.3281
91.3281
91.3281
91.3281
91.3281
91.3281
91.3281
91.3281
91.3281
91.3281
91.3281
91.3281
91.3281
91.3281
91.3281
91.3281
91.3281
91.3281
91.3281
91.3281
91.3281
91.3281
91.3281
91.3281
91.3281
91.3281
91.3281
91.3281
91.3281
91.3281
91.3281
91.3281
91.3281
91.3281
91.3281
91.3281
91.3281
91.3281
91.3281
91.3281
91.3281
91.3281
91.3281
91.3281
91.3281
91.3281
91.3281
91.3281
91.3281
91.3281
91.3281
91.3281
91.3281
91.3281
91.3281
91.3281
91.3281
91.3281
91.3281
91.3281
91.3281
91.3281
91.3281
91.3281
91.3281
91.3281
91.3281
91.3281
91.3281
91.3281
91.3281
91.3281
91.3281
91.3281
91.3281
91.3281
91.3281
91.3281
91.3281
91.3281
91.3281
91.3281
91.3281
91.3281
91.3281
91.3281
91.3281
91.3281
91.3281
91.3281
91.3281
91.3281
91.3281
91.3281
91.3281
91.3281
91.3281
91.3281
91.3281
91.3281
91.3281
91.3281
91.3281
91.3281
91.3281
91.3281
91.3281
91.3281
91.3281
91.3281
91.3281
91.3281
91.3281
91.3281
91.3281
91.3281
91.3281
91.3281
91.3281
91.3281
91.3281
91.3281
91.3281
91.3281
91.3281
91.3281
91.3281
91.3281
91.3281
91.3281
91.3281
91.3281
91.3281
91.3281
91.3281
91.3281
91.3281
91.3281
91.3281
91.3281
91.3281
91.3281
91.3281
91.3281
91.3281
91.3281
91.3281
91.3281
91.3281
91.3281
91.3281
91.3281
91.3281
91.3281
91.3281
91.3281
91.3281
91.3281
91.328
91.328
91.328
91.328
91.328
91.328
91.328
91.328
91.328
91.328
91.328
91.328
91.328
91.328
91.328
91.328
91.328
91.328
91.328
91.328
91.328
91.328
91.328
91.328
91.328
91.328
91.328
91.328
91.328
91.328
91.328
91.328
91.328
91.328
91.328
91.328
91.328
91.328
91.328
91.328
91.328
91.328
91.328
91.328
91.328
91.328
91.328
91.328
91.328
91.328
91.328
91.328
91.328
91.328
91.328
91.328
91.328
91.328
91.328
91.328
91.328
91.328
91.328
91.328
91.328
91.328
91.328
91.328
91.328
91.328
91.328
91.328
91.328
91.328
91.328
91.328
91.328
91.328
91.328
91.328
91.328
91.328
91.328
91.328
91.328
91.328
91.328
91.328
91.328
91.328
91.328
91.328
91.328
91.328
91.328
91.328
91.328
91.328
91.328
91.328
91.328
91.328
91.328
91.328
91.328
91.328
91.328
91.328
91.328
91.328
91.328
91.328
91.328
91.328
91.328
91.328
91.328
91.328
91.328
91.328
91.328
91.328
91.328
91.328
91.328
91.328
91.328
91.328
91.328
91.328
91.328
91.328
91.328
91.328
91.328
91.328
91.328
91.328
91.328
91.328
91.328
91.328
91.328
91.328
91.328
91.328
91.328
91.328
91.328
91.328
91.328
91.328
91.328
91.328
91.328
91.328
91.328
91.328
91.328
91.328
91.328
91.328
91.328
91.328
91.328
91.328
91.328
91.328
91.328
91.328
91.328
91.328
91.328
91.328
91.328
91.328
91.328
91.328
91.328
91.328
91.328
91.328
91.328
91.328
91.328
91.328
91.328
91.328
91.328
91.328
91.328
91.328
91.328
91.328
91.328
91.328
91.328
91.328
91.328
91.328
91.328
91.328
91.328
91.328
91.328
91.328
91.328
91.328
91.328
91.328
91.328
91.328
91.328
91.328
91.328
91.328
91.328
91.328
91.328
91.328
91.328
91.328
91.328
91.328
91.328
91.328
91.328
91.328
91.328
91.328
91.328
91.328
91.328
91.328
91.328
91.328
91.328
91.328
91.328
91.328
91.328
91.328
91.328
91.328
91.328
91.328
91.328
91.328
91.328
91.328
91.328
91.328
91.328
91.328
91.328
91.328
91.328
91.328
91.328
91.328
91.328
91.328
91.328
91.328
91.328
91.328
91.328
91.328
