3.14199e+09
2.02404e+09
1.20785e+09
4.72169e+08
1.68526e+08
4.76524e+07
1.06897e+07
1.04822e+07
1.69896e+06
1.69896e+06
1.69896e+06
1.69896e+06
1.69896e+06
1.69896e+06
1.69896e+06
1.34546e+06
597291
444141
444141
211196
148451
148451
148451
148451
148451
107557
81456.3
81456.3
30634.1
29107
29107
19208.6
17055.4
15527.6
6971.62
5971.28
3721.31
3721.31
3170.8
1116.55
797.081
722.284
467.273
456.1
456.1
456.1
456.1
332.219
313.58
300.184
250.301
240.482
223.423
213.878
213.878
213.878
196.124
196.124
196.124
196.124
196.124
196.124
196.124
196.124
196.124
196.124
196.124
196.124
196.124
196.124
196.124
196.124
196.124
196.124
195.748
195.748
185.683
185.683
185.683
185.683
185.683
181.524
181.524
181.524
181.524
181.524
181.524
181.524
181.524
181.524
181.524
177.575
177.575
177.575
177.575
177.575
177.575
175.259
175.259
175.259
175.259
175.259
175.259
175.259
175.259
175.259
175.259
175.259
175.259
175.259
175.259
175.259
175.259
175.259
172.168
172.168
172.168
172.168
172.168
172.168
172.168
172.168
172.168
172.168
172.168
172.168
172.168
172.168
172.168
172.168
172.168
172.168
172.168
172.168
172.168
172.059
170.22
170.22
170.22
170.22
170.22
170.22
162.992
162.992
162.992
162.992
162.992
162.992
162.992
162.992
162.992
162.992
162.992
162.992
162.992
162.992
162.992
162.992
162.992
162.992
162.992
162.992
162.992
162.992
162.992
162.992
162.992
162.992
162.992
162.992
162.992
162.992
162.992
162.992
162.992
162.992
162.992
162.992
162.992
162.992
162.992
162.992
162.992
162.992
162.992
162.992
162.992
162.992
162.992
162.992
162.992
162.992
162.992
162.992
162.992
162.992
162.992
162.992
162.992
162.992
162.992
162.992
162.992
162.992
162.992
162.992
162.992
162.992
162.992
162.992
162.992
162.992
162.992
162.992
162.992
162.992
159.442
159.442
159.442
159.442
159.442
159.442
159.442
159.442
159.442
159.442
159.442
159.442
159.442
159.442
159.442
159.442
159.442
159.442
159.442
159.442
159.442
159.442
159.442
159.442
159.442
159.442
159.442
159.442
159.442
159.442
159.442
159.442
159.442
159.442
159.442
159.442
159.442
159.442
159.442
159.442
159.442
159.442
159.442
159.442
159.442
159.442
159.442
159.442
159.442
159.442
159.442
159.442
159.442
159.442
159.442
159.442
159.442
159.442
159.442
159.442
159.442
159.442
159.442
159.442
159.442
159.442
159.442
159.442
159.442
159.442
159.442
159.442
159.442
159.442
159.442
159.442
159.442
159.442
149.838
147.812
147.812
145.495
145.495
119.2
119.2
119.2
119.2
119.2
119.2
119.2
119.2
119.2
119.2
119.2
119.2
119.2
119.2
99.3691
52.058
42.9517
42.9517
42.9517
42.9517
39.3955
39.3955
37.9149
37.9149
25.1396
25.1396
25.1396
21.4347
15.2976
7.87425
7.87425
7.29952
5.41307
3.49722
3.49722
3.49722
3.49722
2.98374
2.98374
2.98374
2.98374
1.31936
0.648374
0.648374
0.612314
0.362308
0.119939
0.119939
0.119939
0.119939
0.119939
0.0903853
0.0903853
0.064496
0.064496
0.0488382
0.0300774
0.0169245
0.0169245
0.0169245
0.0132513
0.0132513
0.00886194
0.00418869
0.00287564
0.00221613
0.00221613
0.00168454
0.000892744
0.000892744
0.000892744
0.00064689
0.000428733
0.000304722
0.000304722
0.000175397
0.000124383
6.46239e-05
6.46239e-05
6.46239e-05
4.66507e-05
2.13488e-05
2.13488e-05
9.28646e-06
9.28646e-06
9.28646e-06
9.28646e-06
9.28646e-06
9.28646e-06
9.28646e-06
9.28646e-06
9.28646e-06
7.5358e-06
6.23174e-06
5.33869e-06
5.12435e-06
4.71965e-06
3.31949e-06
3.14634e-06
2.43582e-06
1.73584e-06
1.73584e-06
1.296e-06
1.09469e-06
7.15798e-07
5.7065e-07
4.40093e-07
4.40093e-07
4.11898e-07
2.71652e-07
2.71652e-07
1.91056e-07
1.57616e-07
1.14365e-07
1.0534e-07
8.27906e-08
7.06571e-08
5.24023e-08
5.24023e-08
5.16338e-08
5.16338e-08
5.16338e-08
5.16338e-08
4.46752e-08
4.28089e-08
3.06238e-08
2.27857e-08
2.27857e-08
2.27857e-08
2.27857e-08
2.27857e-08
2.27857e-08
2.27857e-08
2.27857e-08
2.27857e-08
2.27857e-08
2.27857e-08
2.27857e-08
2.27857e-08
2.27857e-08
2.27857e-08
2.27857e-08
2.27857e-08
2.27857e-08
2.27857e-08
2.27857e-08
2.27857e-08
2.27857e-08
2.27857e-08
2.27857e-08
2.27857e-08
2.27857e-08
2.27857e-08
2.27857e-08
2.27857e-08
2.27857e-08
2.27857e-08
2.27857e-08
2.27857e-08
2.27857e-08
2.27857e-08
2.27857e-08
2.27857e-08
2.27857e-08
2.27857e-08
2.27857e-08
2.27857e-08
2.27857e-08
2.27857e-08
2.27857e-08
2.27857e-08
2.27857e-08
2.27857e-08
2.27857e-08
2.27857e-08
2.27857e-08
2.27857e-08
2.27857e-08
2.27857e-08
2.27857e-08
2.27857e-08
2.27857e-08
2.27857e-08
2.27857e-08
2.27857e-08
2.27857e-08
2.27857e-08
2.27857e-08
2.27857e-08
2.27857e-08
2.27857e-08
2.27857e-08
2.27857e-08
2.27857e-08
2.27857e-08
2.27857e-08
2.27857e-08
2.27857e-08
2.27857e-08
2.27857e-08
2.27857e-08
2.27857e-08
2.27857e-08
2.27857e-08
2.27857e-08
2.27857e-08
2.27857e-08
2.27857e-08
2.27857e-08
2.27857e-08
2.27857e-08
2.27857e-08
2.27857e-08
2.27857e-08
2.27857e-08
2.27857e-08
2.27857e-08
2.27857e-08
2.27857e-08
2.27857e-08
2.27857e-08
2.27857e-08
2.27857e-08
2.27857e-08
2.27857e-08
2.27857e-08
2.27857e-08
2.27857e-08
2.27857e-08
2.27857e-08
2.27857e-08
2.27857e-08
2.27857e-08
2.27857e-08
2.27857e-08
2.27857e-08
2.27857e-08
2.27857e-08
2.27857e-08
2.27857e-08
2.27857e-08
2.27857e-08
2.27857e-08
2.27857e-08
2.27857e-08
2.27857e-08
2.27857e-08
2.27857e-08
2.27857e-08
2.27857e-08
2.27857e-08
2.27857e-08
2.27857e-08
2.27857e-08
2.27857e-08
2.27857e-08
2.27857e-08
2.27857e-08
2.27857e-08
2.27857e-08
2.27857e-08
2.27857e-08
2.27857e-08
2.27857e-08
2.27857e-08
2.27857e-08
2.27857e-08
2.27857e-08
2.27857e-08
2.27857e-08
2.27857e-08
2.27857e-08
2.27857e-08
2.27857e-08
2.27857e-08
2.27857e-08
2.27857e-08
2.27857e-08
2.27857e-08
2.27857e-08
2.27857e-08
2.27857e-08
2.27857e-08
2.27857e-08
2.27857e-08
2.27857e-08
2.27857e-08
2.27857e-08
2.27857e-08
2.27857e-08
2.27857e-08
2.27857e-08
2.27857e-08
2.27857e-08
2.27857e-08
2.27857e-08
2.27857e-08
2.27857e-08
2.27857e-08
2.27857e-08
2.27857e-08
2.27857e-08
2.27857e-08
2.27857e-08
2.27857e-08
2.27857e-08
2.27857e-08
2.27857e-08
2.27857e-08
2.27857e-08
2.27857e-08
2.27857e-08
2.27857e-08
2.27857e-08
2.27857e-08
2.27857e-08
2.27857e-08
2.27857e-08
2.27857e-08
2.27857e-08
2.27857e-08
2.27857e-08
2.27857e-08
2.27857e-08
2.27857e-08
2.27857e-08
2.27857e-08
2.27857e-08
2.27857e-08
2.27857e-08
2.27857e-08
2.27857e-08
2.27857e-08
2.27857e-08
2.27857e-08
2.27857e-08
2.27857e-08
2.27857e-08
2.27857e-08
2.27857e-08
2.27857e-08
2.27857e-08
2.27857e-08
2.27857e-08
2.27857e-08
2.27857e-08
2.27857e-08
2.27857e-08
2.27857e-08
2.27857e-08
2.27857e-08
2.27857e-08
2.27857e-08
2.27857e-08
2.27857e-08
2.27857e-08
2.27857e-08
2.27857e-08
2.27857e-08
2.27857e-08
2.27857e-08
2.27857e-08
2.27857e-08
2.27857e-08
2.27857e-08
2.27857e-08
2.27857e-08
2.27857e-08
2.27857e-08
2.27857e-08
2.27857e-08
2.27857e-08
2.27857e-08
2.27857e-08
2.27857e-08
2.27857e-08
2.27857e-08
2.27857e-08
2.27857e-08
2.27857e-08
2.27857e-08
2.27857e-08
2.27857e-08
2.27857e-08
2.27857e-08
2.27857e-08
2.27857e-08
2.27857e-08
2.27857e-08
2.27857e-08
2.27857e-08
2.27857e-08
2.27857e-08
2.27857e-08
2.27857e-08
2.27857e-08
2.27857e-08
2.27857e-08
2.27857e-08
2.27857e-08
2.27857e-08
2.27857e-08
2.27857e-08
2.27857e-08
2.27857e-08
2.27857e-08
2.27857e-08
2.27857e-08
2.27857e-08
2.27857e-08
2.27857e-08
2.27857e-08
2.27857e-08
2.27857e-08
2.27857e-08
2.27857e-08
2.27857e-08
2.27857e-08
2.27857e-08
2.27857e-08
2.27857e-08
2.27857e-08
2.27857e-08
2.27857e-08
2.27857e-08
2.27857e-08
2.27857e-08
2.27857e-08
2.27857e-08
2.27857e-08
2.27857e-08
2.27857e-08
2.27857e-08
2.27857e-08
2.27857e-08
2.27857e-08
2.27857e-08
2.27857e-08
2.27857e-08
2.27857e-08
2.27857e-08
2.27857e-08
2.27857e-08
2.27857e-08
2.27857e-08
2.27857e-08
2.27857e-08
2.27857e-08
2.27857e-08
2.27857e-08
2.27857e-08
2.27857e-08
2.27857e-08
2.27857e-08
2.27857e-08
2.27857e-08
2.27857e-08
2.27857e-08
2.27857e-08
2.27857e-08
2.27857e-08
2.27857e-08
2.27857e-08
2.27857e-08
2.27857e-08
2.27857e-08
2.27857e-08
2.27857e-08
2.27857e-08
2.27857e-08
2.27857e-08
2.27857e-08
2.27857e-08
2.27857e-08
2.27857e-08
2.27857e-08
2.27857e-08
2.27857e-08
2.27857e-08
2.27857e-08
2.27857e-08
2.27857e-08
2.27857e-08
2.27857e-08
2.27857e-08
2.27857e-08
2.27857e-08
2.27857e-08
2.27857e-08
2.27857e-08
2.27857e-08
2.27857e-08
2.27857e-08
2.27857e-08
2.27857e-08
2.27857e-08
2.27857e-08
2.27857e-08
2.27857e-08
2.27857e-08
2.27857e-08
2.27857e-08
2.27857e-08
2.27857e-08
2.27857e-08
2.27857e-08
2.27857e-08
2.27857e-08
2.27857e-08
2.27857e-08
2.27857e-08
2.27857e-08
2.27857e-08
2.27857e-08
2.27857e-08
2.27857e-08
2.27857e-08
2.27857e-08
2.27857e-08
2.27857e-08
2.27857e-08
2.27857e-08
2.27857e-08
2.27857e-08
2.27857e-08
2.27857e-08
2.27857e-08
2.27857e-08
2.27857e-08
2.27857e-08
2.27857e-08
2.27857e-08
2.27857e-08
2.27857e-08
2.27857e-08
2.27857e-08
2.27857e-08
2.27857e-08
2.27857e-08
2.27857e-08
2.27857e-08
2.27857e-08
2.27857e-08
2.27857e-08
2.27857e-08
2.27857e-08
2.27857e-08
2.27857e-08
2.27857e-08
2.27857e-08
2.27857e-08
2.27857e-08
2.27857e-08
2.27857e-08
2.27857e-08
2.27857e-08
2.27857e-08
2.27857e-08
2.27857e-08
2.27857e-08
2.27857e-08
2.27857e-08
2.27857e-08
2.27857e-08
2.27857e-08
2.27857e-08
2.27857e-08
2.27857e-08
2.27857e-08
2.27857e-08
2.27857e-08
2.27857e-08
2.27857e-08
2.27857e-08
2.27857e-08
2.27857e-08
2.27857e-08
2.27857e-08
2.27857e-08
2.27857e-08
2.27857e-08
2.27857e-08
2.27857e-08
2.27857e-08
2.27857e-08
2.27857e-08
2.27857e-08
2.27857e-08
2.27857e-08
2.27857e-08
2.27857e-08
2.27857e-08
2.27857e-08
2.27857e-08
2.27857e-08
2.27857e-08
2.27857e-08
2.27857e-08
2.27857e-08
2.27857e-08
2.27857e-08
2.27857e-08
2.27857e-08
2.27857e-08
2.27857e-08
2.27857e-08
2.27857e-08
2.27857e-08
2.27857e-08
2.27857e-08
2.27857e-08
2.27857e-08
2.27857e-08
2.27857e-08
2.27857e-08
2.27857e-08
2.27857e-08
2.27857e-08
2.27857e-08
2.27857e-08
2.27857e-08
2.27857e-08
2.27857e-08
2.27857e-08
2.27857e-08
2.27857e-08
2.27857e-08
2.27857e-08
2.27857e-08
2.27857e-08
2.27857e-08
2.27857e-08
2.27857e-08
2.27857e-08
2.27857e-08
2.27857e-08
2.27857e-08
2.27857e-08
2.27857e-08
2.27857e-08
2.27857e-08
2.27857e-08
2.27857e-08
2.27857e-08
2.27857e-08
2.27857e-08
2.27857e-08
2.27857e-08
2.27857e-08
2.27857e-08
2.27857e-08
2.27857e-08
2.27857e-08
2.27857e-08
2.27857e-08
2.27857e-08
2.27857e-08
2.27857e-08
2.27857e-08
2.27857e-08
2.27857e-08
2.27857e-08
2.27857e-08
2.27857e-08
2.27857e-08
2.27857e-08
2.27857e-08
2.27857e-08
2.27857e-08
2.27857e-08
2.27857e-08
2.27857e-08
2.27857e-08
2.27857e-08
2.27857e-08
2.27857e-08
2.27857e-08
2.27857e-08
2.27857e-08
2.27857e-08
2.27857e-08
2.27857e-08
2.27857e-08
2.27857e-08
2.27857e-08
2.27857e-08
2.27857e-08
2.27857e-08
2.27857e-08
2.27857e-08
2.27857e-08
2.27857e-08
2.27857e-08
2.27857e-08
2.27857e-08
2.27857e-08
2.27857e-08
2.27857e-08
2.27857e-08
2.27857e-08
2.27857e-08
2.27857e-08
2.27857e-08
2.27857e-08
2.27857e-08
2.27857e-08
2.27857e-08
2.27857e-08
2.27857e-08
2.27857e-08
2.27857e-08
2.27857e-08
2.27857e-08
2.27857e-08
2.27857e-08
2.27857e-08
2.27857e-08
2.27857e-08
2.27857e-08
2.27857e-08
2.27857e-08
2.27857e-08
2.27857e-08
2.27857e-08
2.27857e-08
2.27857e-08
2.27857e-08
2.27857e-08
2.27857e-08
2.27857e-08
2.27857e-08
2.27857e-08
2.27857e-08
2.27857e-08
2.27857e-08
2.27857e-08
2.27857e-08
2.27857e-08
2.27857e-08
2.27857e-08
2.27857e-08
2.27857e-08
2.27857e-08
2.27857e-08
2.27857e-08
2.27857e-08
2.27857e-08
2.27857e-08
2.27857e-08
2.27857e-08
2.27857e-08
2.27857e-08
2.27857e-08
2.27857e-08
2.27857e-08
2.27857e-08
2.27857e-08
2.27857e-08
2.27857e-08
2.27857e-08
2.27857e-08
2.27857e-08
2.27857e-08
2.27857e-08
2.27857e-08
2.27857e-08
2.27857e-08
2.27857e-08
2.27857e-08
2.27857e-08
2.27857e-08
2.27857e-08
2.27857e-08
2.27857e-08
2.27857e-08
2.27857e-08
2.27857e-08
2.27857e-08
2.27857e-08
2.27857e-08
2.27857e-08
2.27857e-08
2.27857e-08
2.27857e-08
2.27857e-08
2.27857e-08
2.27857e-08
2.27857e-08
2.27857e-08
2.27857e-08
2.27857e-08
2.27857e-08
2.27857e-08
2.27857e-08
2.27857e-08
2.27857e-08
2.27857e-08
2.27857e-08
2.27857e-08
2.27857e-08
2.27857e-08
2.27857e-08
2.27857e-08
2.27857e-08
2.27857e-08
2.27857e-08
2.27857e-08
2.27857e-08
2.27857e-08
2.27857e-08
2.27857e-08
2.27857e-08
2.27857e-08
2.27857e-08
2.27857e-08
2.27857e-08
2.27857e-08
2.27857e-08
2.27857e-08
2.27857e-08
2.27857e-08
2.27857e-08
2.27857e-08
2.27857e-08
2.27857e-08
2.27857e-08
2.27857e-08
2.27857e-08
2.27857e-08
2.27857e-08
2.27857e-08
2.27857e-08
2.27857e-08
2.27857e-08
2.27857e-08
2.27857e-08
2.27857e-08
2.27857e-08
2.27857e-08
2.27857e-08
2.27857e-08
2.27857e-08
2.27857e-08
2.27857e-08
2.27857e-08
2.27857e-08
2.27857e-08
2.27857e-08
2.27857e-08
2.27857e-08
2.27857e-08
2.27857e-08
2.27857e-08
2.27857e-08
2.27857e-08
2.27857e-08
2.27857e-08
2.27857e-08
2.27857e-08
2.27857e-08
2.27857e-08
2.27857e-08
2.27857e-08
2.27857e-08
2.27857e-08
2.27857e-08
2.27857e-08
2.27857e-08
2.27857e-08
2.27857e-08
2.27857e-08
2.27857e-08
2.27857e-08
2.27857e-08
2.27857e-08
2.27857e-08
2.27857e-08
2.27857e-08
2.27857e-08
2.27857e-08
2.27857e-08
2.27857e-08
2.27857e-08
2.27857e-08
2.27857e-08
2.27857e-08
2.27857e-08
2.27857e-08
2.27857e-08
2.27857e-08
2.27857e-08
2.27857e-08
2.27857e-08
2.27857e-08
2.27857e-08
2.27857e-08
2.27857e-08
2.27857e-08
2.27857e-08
2.27857e-08
2.27857e-08
2.27857e-08
2.27857e-08
2.27857e-08
2.27857e-08
2.27857e-08
2.27857e-08
2.27857e-08
2.27857e-08
2.27857e-08
2.27857e-08
2.27857e-08
2.27857e-08
2.27857e-08
2.27857e-08
2.27857e-08
2.27857e-08
2.27857e-08
2.27857e-08
2.27857e-08
2.27857e-08
2.27857e-08
2.27857e-08
2.27857e-08
2.27857e-08
2.27857e-08
2.27857e-08
2.27857e-08
2.27857e-08
2.27857e-08
2.27857e-08
2.27857e-08
2.27857e-08
2.27857e-08
2.27857e-08
2.27857e-08
2.27857e-08
2.27857e-08
2.27857e-08
2.27857e-08
2.27857e-08
2.27857e-08
2.27857e-08
2.27857e-08
2.27857e-08
2.27857e-08
2.27857e-08
2.27857e-08
2.27857e-08
2.27857e-08
2.27857e-08
2.27857e-08
2.27857e-08
2.27857e-08
2.27857e-08
2.27857e-08
2.27857e-08
2.27857e-08
2.27857e-08
2.27857e-08
2.27857e-08
2.27857e-08
2.27857e-08
2.27857e-08
2.27857e-08
2.27857e-08
2.27857e-08
2.27857e-08
2.27857e-08
2.27857e-08
2.27857e-08
2.27857e-08
2.27857e-08
2.27857e-08
2.27857e-08
2.27857e-08
2.27857e-08
2.27857e-08
2.27857e-08
2.27857e-08
2.27857e-08
2.27857e-08
2.27857e-08
2.27857e-08
2.27857e-08
2.27857e-08
2.27857e-08
2.27857e-08
2.27857e-08
2.27857e-08
2.27857e-08
2.27857e-08
2.27857e-08
2.27857e-08
2.27857e-08
2.27857e-08
2.27857e-08
2.27857e-08
2.27857e-08
2.27857e-08
2.27857e-08
2.27857e-08
2.27857e-08
2.27857e-08
2.27857e-08
2.27857e-08
2.27857e-08
2.27857e-08
2.27857e-08
2.27857e-08
2.27857e-08
2.27857e-08
2.27857e-08
2.27857e-08
2.27857e-08
2.27857e-08
2.27857e-08
2.27857e-08
2.27857e-08
2.27857e-08
2.27857e-08
2.27857e-08
2.27857e-08
2.27857e-08
2.27857e-08
2.27857e-08
2.27857e-08
2.27857e-08
2.27857e-08
2.27857e-08
2.27857e-08
2.27857e-08
2.27857e-08
2.27857e-08
2.27857e-08
2.27857e-08
2.27857e-08
2.27857e-08
2.27857e-08
2.27857e-08
2.27857e-08
2.27857e-08
2.27857e-08
2.27857e-08
2.27857e-08
2.27857e-08
2.27857e-08
2.27857e-08
2.27857e-08
2.27857e-08
2.27857e-08
2.27857e-08
2.27857e-08
2.27857e-08
2.27857e-08
2.27857e-08
2.27857e-08
2.27857e-08
2.27857e-08
2.27857e-08
2.27857e-08
2.27857e-08
2.27857e-08
2.27857e-08
2.27857e-08
2.27857e-08
2.27857e-08
2.27857e-08
2.27857e-08
2.27857e-08
2.27857e-08
2.27857e-08
2.27857e-08
2.27857e-08
2.27857e-08
2.27857e-08
2.27857e-08
2.27857e-08
2.27857e-08
2.27857e-08
2.27857e-08
2.27857e-08
2.27857e-08
2.27857e-08
2.27857e-08
2.27857e-08
2.27857e-08
2.27857e-08
2.27857e-08
2.27857e-08
2.27857e-08
2.27857e-08
2.27857e-08
2.27857e-08
2.27857e-08
2.27857e-08
2.27857e-08
2.27857e-08
2.27857e-08
2.27857e-08
2.27857e-08
2.27857e-08
2.27857e-08
2.27857e-08
2.27857e-08
2.27857e-08
2.27857e-08
2.27857e-08
2.27857e-08
2.27857e-08
2.27857e-08
2.27857e-08
2.27857e-08
2.27857e-08
2.27857e-08
2.27857e-08
2.27857e-08
2.27857e-08
2.27857e-08
2.27857e-08
2.27857e-08
2.27857e-08
2.27857e-08
2.27857e-08
2.27857e-08
2.27857e-08
2.27857e-08
2.27857e-08
2.27857e-08
2.27857e-08
2.27857e-08
2.27857e-08
2.27857e-08
2.27857e-08
2.27857e-08
2.27857e-08
2.27857e-08
2.27857e-08
2.27857e-08
2.27857e-08
2.27857e-08
2.27857e-08
2.27857e-08
2.27857e-08
2.27857e-08
2.27857e-08
2.27857e-08
2.27857e-08
2.27857e-08
2.27857e-08
2.27857e-08
2.27857e-08
2.27857e-08
2.27857e-08
2.27857e-08
2.27857e-08
2.27857e-08
2.27857e-08
2.27857e-08
2.27857e-08
2.27857e-08
2.27857e-08
2.27857e-08
2.27857e-08
2.27857e-08
2.27857e-08
2.27857e-08
2.27857e-08
2.27857e-08
2.27857e-08
2.27857e-08
2.27857e-08
2.27857e-08
2.27857e-08
2.27857e-08
2.27857e-08
2.27857e-08
2.27857e-08
2.27857e-08
2.27857e-08
2.27857e-08
2.27857e-08
2.27857e-08
2.27857e-08
2.27857e-08
2.27857e-08
2.27857e-08
2.27857e-08
2.27857e-08
2.27857e-08
2.27857e-08
2.27857e-08
2.27857e-08
2.27857e-08
2.27857e-08
2.27857e-08
2.27857e-08
2.27857e-08
2.27857e-08
2.27857e-08
2.27857e-08
2.27857e-08
2.27857e-08
2.27857e-08
2.27857e-08
2.27857e-08
2.27857e-08
2.27857e-08
2.27857e-08
2.27857e-08
2.27857e-08
2.27857e-08
2.27857e-08
2.27857e-08
2.27857e-08
2.27857e-08
2.27857e-08
2.27857e-08
2.27857e-08
2.27857e-08
2.27857e-08
2.27857e-08
2.27857e-08
2.27857e-08
2.27857e-08
2.27857e-08
2.27857e-08
2.27857e-08
2.27857e-08
2.27857e-08
2.27857e-08
2.27857e-08
2.27857e-08
2.27857e-08
2.27857e-08
2.27857e-08
2.27857e-08
2.27857e-08
2.27857e-08
2.27857e-08
2.27857e-08
2.27857e-08
2.27857e-08
2.27857e-08
2.27857e-08
2.27857e-08
2.27857e-08
2.27857e-08
2.27857e-08
2.27857e-08
2.27857e-08
2.27857e-08
2.27857e-08
2.27857e-08
2.27857e-08
2.27857e-08
2.27857e-08
2.27857e-08
2.27857e-08
2.27857e-08
2.27857e-08
2.27857e-08
2.27857e-08
2.27857e-08
2.27857e-08
2.27857e-08
2.27857e-08
2.27857e-08
2.27857e-08
2.27857e-08
2.27857e-08
2.27857e-08
2.27857e-08
2.27857e-08
2.27857e-08
2.27857e-08
2.27857e-08
2.27857e-08
2.27857e-08
2.27857e-08
2.27857e-08
2.27857e-08
2.27857e-08
2.27857e-08
2.27857e-08
2.27857e-08
2.27857e-08
2.27857e-08
2.27857e-08
2.27857e-08
2.27857e-08
2.27857e-08
2.27857e-08
2.27857e-08
2.27857e-08
2.27857e-08
2.27857e-08
2.27857e-08
2.27857e-08
2.27857e-08
2.27857e-08
2.27857e-08
2.27857e-08
2.27857e-08
2.27857e-08
2.27857e-08
2.27857e-08
2.27857e-08
2.27857e-08
2.27857e-08
2.27857e-08
2.27857e-08
2.27857e-08
2.27857e-08
2.27857e-08
2.27857e-08
2.27857e-08
2.27857e-08
2.27857e-08
2.27857e-08
2.27857e-08
2.27857e-08
2.27857e-08
2.27857e-08
2.27857e-08
2.27857e-08
2.27857e-08
2.27857e-08
2.27857e-08
2.27857e-08
2.27857e-08
2.27857e-08
2.27857e-08
2.27857e-08
2.27857e-08
2.27857e-08
2.27857e-08
2.27857e-08
2.27857e-08
2.27857e-08
2.27857e-08
2.27857e-08
2.27857e-08
2.27857e-08
2.27857e-08
2.27857e-08
2.27857e-08
2.27857e-08
2.27857e-08
2.27857e-08
2.27857e-08
2.27857e-08
2.27857e-08
2.27857e-08
2.27857e-08
2.27857e-08
2.27857e-08
2.27857e-08
2.27857e-08
2.27857e-08
2.27857e-08
2.27857e-08
2.27857e-08
2.27857e-08
2.27857e-08
2.27857e-08
2.27857e-08
2.27857e-08
2.27857e-08
2.27857e-08
2.27857e-08
2.27857e-08
2.27857e-08
2.27857e-08
2.27857e-08
2.27857e-08
2.27857e-08
2.27857e-08
2.27857e-08
2.27857e-08
2.27857e-08
2.27857e-08
2.27857e-08
2.27857e-08
2.27857e-08
2.27857e-08
2.27857e-08
2.27857e-08
2.27857e-08
2.27857e-08
2.27857e-08
2.27857e-08
2.27857e-08
2.27857e-08
2.27857e-08
2.27857e-08
2.27857e-08
2.27857e-08
2.27857e-08
2.27857e-08
2.27857e-08
2.27857e-08
2.27857e-08
2.27857e-08
2.27857e-08
2.27857e-08
2.27857e-08
2.27857e-08
2.27857e-08
2.27857e-08
2.27857e-08
2.27857e-08
2.27857e-08
2.27857e-08
2.27857e-08
2.27857e-08
2.27857e-08
2.27857e-08
2.27857e-08
2.27857e-08
2.27857e-08
2.27857e-08
2.27857e-08
2.27857e-08
2.27857e-08
2.27857e-08
2.27857e-08
2.27857e-08
2.27857e-08
2.27857e-08
2.27857e-08
2.27857e-08
2.27857e-08
2.27857e-08
2.27857e-08
2.27857e-08
2.27857e-08
2.27857e-08
2.27857e-08
2.27857e-08
2.27857e-08
2.27857e-08
2.27857e-08
2.27857e-08
2.27857e-08
2.27857e-08
2.27857e-08
2.27857e-08
2.27857e-08
2.27857e-08
2.27857e-08
2.27857e-08
2.27857e-08
2.27857e-08
2.27857e-08
2.27857e-08
2.27857e-08
2.27857e-08
2.27857e-08
2.27857e-08
2.27857e-08
2.27857e-08
2.27857e-08
2.27857e-08
2.27857e-08
2.27857e-08
2.27857e-08
2.27857e-08
2.27857e-08
2.27857e-08
2.27857e-08
2.27857e-08
2.27857e-08
2.27857e-08
2.27857e-08
2.27857e-08
2.27857e-08
2.27857e-08
2.27857e-08
2.27857e-08
2.27857e-08
2.27857e-08
2.27857e-08
2.27857e-08
2.27857e-08
2.27857e-08
2.27857e-08
2.27857e-08
2.27857e-08
2.27857e-08
2.27857e-08
2.27857e-08
2.27857e-08
2.27857e-08
2.27857e-08
2.27857e-08
2.27857e-08
2.27857e-08
2.27857e-08
2.27857e-08
2.27857e-08
2.27857e-08
2.27857e-08
2.27857e-08
2.27857e-08
2.27857e-08
2.27857e-08
2.27857e-08
2.27857e-08
2.27857e-08
2.27857e-08
2.27857e-08
2.27857e-08
2.27857e-08
2.27857e-08
2.27857e-08
2.27857e-08
2.27857e-08
2.27857e-08
2.27857e-08
2.27857e-08
2.27857e-08
2.27857e-08
2.27857e-08
2.27857e-08
2.27857e-08
2.27857e-08
2.27857e-08
2.27857e-08
2.27857e-08
2.27857e-08
2.27857e-08
2.27857e-08
2.27857e-08
2.27857e-08
2.27857e-08
2.27857e-08
2.27857e-08
2.27857e-08
2.27857e-08
2.27857e-08
2.27857e-08
2.27857e-08
2.27857e-08
2.27857e-08
2.27857e-08
2.27857e-08
2.27857e-08
2.27857e-08
2.27857e-08
2.27857e-08
2.27857e-08
2.27857e-08
2.27857e-08
2.27857e-08
2.27857e-08
2.27857e-08
2.27857e-08
2.27857e-08
2.27857e-08
2.27857e-08
2.27857e-08
2.27857e-08
2.27857e-08
2.27857e-08
2.27857e-08
2.27857e-08
2.27857e-08
2.27857e-08
2.27857e-08
2.27857e-08
2.27857e-08
2.27857e-08
2.27857e-08
2.27857e-08
2.27857e-08
2.27857e-08
2.27857e-08
2.27857e-08
2.27857e-08
2.27857e-08
2.27857e-08
2.27857e-08
2.27857e-08
2.27857e-08
2.27857e-08
2.27857e-08
2.27857e-08
2.27857e-08
2.27857e-08
2.27857e-08
2.27857e-08
2.27857e-08
2.27857e-08
2.27857e-08
2.27857e-08
2.27857e-08
2.27857e-08
2.27857e-08
2.27857e-08
2.27857e-08
2.27857e-08
2.27857e-08
2.27857e-08
2.27857e-08
2.27857e-08
2.27857e-08
2.27857e-08
2.27857e-08
2.27857e-08
2.27857e-08
2.27857e-08
2.27857e-08
2.27857e-08
2.27857e-08
2.27857e-08
2.27857e-08
2.27857e-08
2.27857e-08
2.27857e-08
2.27857e-08
2.27857e-08
2.27857e-08
2.27857e-08
2.27857e-08
2.27857e-08
2.27857e-08
2.27857e-08
2.27857e-08
2.27857e-08
2.27857e-08
2.27857e-08
2.27857e-08
2.27857e-08
2.27857e-08
2.27857e-08
2.27857e-08
2.27857e-08
2.27857e-08
2.27857e-08
2.27857e-08
2.27857e-08
2.27857e-08
2.27857e-08
2.27857e-08
2.27857e-08
2.27857e-08
2.27857e-08
2.27857e-08
2.27857e-08
2.27857e-08
2.27857e-08
2.27857e-08
2.27857e-08
2.27857e-08
2.27857e-08
2.27857e-08
2.27857e-08
2.27857e-08
2.27857e-08
2.27857e-08
2.27857e-08
2.27857e-08
2.27857e-08
2.27857e-08
2.27857e-08
2.27857e-08
2.27857e-08
2.27857e-08
2.27857e-08
2.27857e-08
2.27857e-08
2.27857e-08
2.27857e-08
2.27857e-08
2.27857e-08
2.27857e-08
2.27857e-08
2.27857e-08
2.27857e-08
2.27857e-08
2.27857e-08
2.27857e-08
2.27857e-08
2.27857e-08
2.27857e-08
2.27857e-08
2.27857e-08
2.27857e-08
2.27857e-08
2.27857e-08
2.27857e-08
2.27857e-08
2.27857e-08
2.27857e-08
2.27857e-08
2.27857e-08
2.27857e-08
2.27857e-08
2.27857e-08
2.27857e-08
2.27857e-08
2.27857e-08
2.27857e-08
2.27857e-08
2.27857e-08
2.27857e-08
2.27857e-08
2.27857e-08
2.27857e-08
2.27857e-08
2.27857e-08
2.27857e-08
2.27857e-08
2.27857e-08
2.27857e-08
2.27857e-08
2.27857e-08
2.27857e-08
2.27857e-08
2.27857e-08
2.27857e-08
2.27857e-08
2.27857e-08
2.27857e-08
2.27857e-08
2.27857e-08
2.27857e-08
2.27857e-08
2.27857e-08
2.27857e-08
2.27857e-08
2.27857e-08
2.27857e-08
2.27857e-08
2.27857e-08
2.27857e-08
2.27857e-08
2.27857e-08
2.27857e-08
2.27857e-08
2.27857e-08
2.27857e-08
2.27857e-08
2.27857e-08
2.27857e-08
2.27857e-08
2.27857e-08
2.27857e-08
2.27857e-08
2.27857e-08
2.27857e-08
2.27857e-08
2.27857e-08
2.27857e-08
2.27857e-08
2.27857e-08
2.27857e-08
2.27857e-08
2.27857e-08
2.27857e-08
2.27857e-08
2.27857e-08
2.27857e-08
2.27857e-08
2.27857e-08
2.27857e-08
2.27857e-08
2.27857e-08
2.27857e-08
2.27857e-08
2.27857e-08
2.27857e-08
2.27857e-08
2.27857e-08
2.27857e-08
2.27857e-08
2.27857e-08
2.27857e-08
2.27857e-08
2.27857e-08
2.27857e-08
2.27857e-08
2.27857e-08
2.27857e-08
2.27857e-08
2.27857e-08
2.27857e-08
2.27857e-08
2.27857e-08
2.27857e-08
2.27857e-08
2.27857e-08
2.27857e-08
2.27857e-08
2.27857e-08
2.27857e-08
2.27857e-08
2.27857e-08
2.27857e-08
2.27857e-08
2.27857e-08
2.27857e-08
2.27857e-08
2.27857e-08
2.27857e-08
2.27857e-08
2.27857e-08
2.27857e-08
2.27857e-08
2.27857e-08
2.27857e-08
2.27857e-08
2.27857e-08
2.27857e-08
2.27857e-08
2.27857e-08
2.27857e-08
2.27857e-08
2.27857e-08
2.27857e-08
2.27857e-08
2.27857e-08
2.27857e-08
2.27857e-08
2.27857e-08
2.27857e-08
2.27857e-08
2.27857e-08
2.27857e-08
2.27857e-08
2.27857e-08
2.27857e-08
2.27857e-08
2.27857e-08
2.27857e-08
2.27857e-08
2.27857e-08
2.27857e-08
2.27857e-08
2.27857e-08
2.27857e-08
2.27857e-08
2.27857e-08
2.27857e-08
2.27857e-08
2.27857e-08
2.27857e-08
2.27857e-08
2.27857e-08
2.27857e-08
2.27857e-08
2.27857e-08
2.27857e-08
2.27857e-08
2.27857e-08
2.27857e-08
2.27857e-08
2.27857e-08
2.27857e-08
2.27857e-08
2.27857e-08
2.27857e-08
2.27857e-08
2.27857e-08
2.27857e-08
2.27857e-08
2.27857e-08
2.27857e-08
2.27857e-08
2.27857e-08
2.27857e-08
2.27857e-08
2.27857e-08
2.27857e-08
2.27857e-08
2.27857e-08
2.27857e-08
2.27857e-08
2.27857e-08
2.27857e-08
2.27857e-08
2.27857e-08
2.27857e-08
2.27857e-08
2.27857e-08
2.27857e-08
2.27857e-08
2.27857e-08
2.27857e-08
2.27857e-08
2.27857e-08
2.27857e-08
2.27857e-08
2.27857e-08
2.27857e-08
2.27857e-08
2.27857e-08
2.27857e-08
2.27857e-08
2.27857e-08
2.27857e-08
2.27857e-08
2.27857e-08
2.27857e-08
2.27857e-08
2.27857e-08
2.27857e-08
2.27857e-08
2.27857e-08
2.27857e-08
2.27857e-08
2.27857e-08
2.27857e-08
2.27857e-08
2.27857e-08
2.27857e-08
2.27857e-08
2.27857e-08
2.27857e-08
2.27857e-08
2.27857e-08
2.27857e-08
2.27857e-08
2.27857e-08
2.27857e-08
2.27857e-08
2.27857e-08
2.27857e-08
2.27857e-08
2.27857e-08
2.27857e-08
2.27857e-08
2.27857e-08
2.27857e-08
2.27857e-08
2.27857e-08
2.27857e-08
2.27857e-08
2.27857e-08
2.27857e-08
2.27857e-08
2.27857e-08
2.27857e-08
2.27857e-08
2.27857e-08
2.27857e-08
2.27857e-08
2.27857e-08
2.27857e-08
2.27857e-08
2.27857e-08
2.27857e-08
2.27857e-08
2.27857e-08
2.27857e-08
2.27857e-08
2.27857e-08
2.27857e-08
2.27857e-08
2.27857e-08
2.27857e-08
2.27857e-08
2.27857e-08
2.27857e-08
2.27857e-08
2.27857e-08
2.27857e-08
2.27857e-08
2.27857e-08
2.27857e-08
2.27857e-08
2.27857e-08
2.27857e-08
2.27857e-08
2.27857e-08
2.27857e-08
2.27857e-08
2.27857e-08
2.27857e-08
2.27857e-08
2.27857e-08
2.27857e-08
2.27857e-08
2.27857e-08
2.27857e-08
2.27857e-08
2.27857e-08
2.27857e-08
2.27857e-08
2.27857e-08
2.27857e-08
2.27857e-08
2.27857e-08
2.27857e-08
2.27857e-08
2.27857e-08
2.27857e-08
2.27857e-08
2.27857e-08
2.27857e-08
2.27857e-08
2.27857e-08
2.27857e-08
2.27857e-08
2.27857e-08
2.27857e-08
2.27857e-08
2.27857e-08
2.27857e-08
2.27857e-08
2.27857e-08
2.27857e-08
2.27857e-08
2.27857e-08
2.27857e-08
2.27857e-08
2.27857e-08
2.27857e-08
2.27857e-08
2.27857e-08
2.27857e-08
2.27857e-08
2.27857e-08
2.27857e-08
2.27857e-08
2.27857e-08
2.27857e-08
2.27857e-08
2.27857e-08
2.27857e-08
2.27857e-08
2.27857e-08
2.27857e-08
2.27857e-08
2.27857e-08
2.27857e-08
2.27857e-08
2.27857e-08
2.27857e-08
2.27857e-08
2.27857e-08
2.27857e-08
2.27857e-08
2.27857e-08
2.27857e-08
2.27857e-08
2.27857e-08
2.27857e-08
2.27857e-08
2.27857e-08
2.27857e-08
2.27857e-08
2.27857e-08
2.27857e-08
2.27857e-08
2.27857e-08
2.27857e-08
2.27857e-08
2.27857e-08
2.27857e-08
2.27857e-08
2.27857e-08
2.27857e-08
2.27857e-08
2.27857e-08
2.27857e-08
2.27857e-08
2.27857e-08
2.27857e-08
2.27857e-08
2.27857e-08
2.27857e-08
2.27857e-08
2.27857e-08
2.27857e-08
2.27857e-08
2.27857e-08
2.27857e-08
2.27857e-08
2.27857e-08
2.27857e-08
2.27857e-08
2.27857e-08
2.27857e-08
2.27857e-08
2.27857e-08
2.27857e-08
2.27857e-08
2.27857e-08
2.27857e-08
2.27857e-08
2.27857e-08
2.27857e-08
2.27857e-08
2.27857e-08
2.27857e-08
2.27857e-08
2.27857e-08
2.27857e-08
2.27857e-08
2.27857e-08
2.27857e-08
2.27857e-08
2.27857e-08
2.27857e-08
2.27857e-08
2.27857e-08
2.27857e-08
2.27857e-08
2.27857e-08
2.27857e-08
2.27857e-08
2.27857e-08
2.27857e-08
2.27857e-08
2.27857e-08
2.27857e-08
2.27857e-08
2.27857e-08
2.27857e-08
2.27857e-08
2.27857e-08
2.27857e-08
2.27857e-08
2.27857e-08
2.27857e-08
2.27857e-08
2.27857e-08
2.27857e-08
2.27857e-08
2.27857e-08
2.27857e-08
2.27857e-08
2.27857e-08
2.27857e-08
2.27857e-08
2.27857e-08
2.27857e-08
2.27857e-08
2.27857e-08
2.27857e-08
2.27857e-08
2.27857e-08
2.27857e-08
2.27857e-08
2.27857e-08
2.27857e-08
2.27857e-08
2.27857e-08
2.27857e-08
2.27857e-08
2.27857e-08
2.27857e-08
2.27857e-08
2.27857e-08
2.27857e-08
2.27857e-08
2.27857e-08
2.27857e-08
2.27857e-08
2.27857e-08
2.27857e-08
2.27857e-08
2.27857e-08
2.27857e-08
2.27857e-08
2.27857e-08
2.27857e-08
2.27857e-08
2.27857e-08
2.27857e-08
2.27857e-08
2.27857e-08
2.27857e-08
2.27857e-08
2.27857e-08
2.27857e-08
2.27857e-08
2.27857e-08
2.27857e-08
2.27857e-08
2.27857e-08
2.27857e-08
2.27857e-08
2.27857e-08
2.27857e-08
2.27857e-08
2.27857e-08
2.27857e-08
2.27857e-08
2.27857e-08
2.27857e-08
2.27857e-08
2.27857e-08
2.27857e-08
2.27857e-08
2.27857e-08
2.27857e-08
2.27857e-08
2.27857e-08
2.27857e-08
2.27857e-08
2.27857e-08
2.27857e-08
2.27857e-08
2.27857e-08
2.27857e-08
2.27857e-08
2.27857e-08
2.27857e-08
2.27857e-08
2.27857e-08
2.27857e-08
2.27857e-08
2.27857e-08
2.27857e-08
2.27857e-08
2.27857e-08
2.27857e-08
2.27857e-08
2.27857e-08
2.27857e-08
2.27857e-08
2.27857e-08
2.27857e-08
2.27857e-08
2.27857e-08
2.27857e-08
2.27857e-08
2.27857e-08
2.27857e-08
2.27857e-08
2.27857e-08
2.27857e-08
2.27857e-08
2.27857e-08
2.27857e-08
2.27857e-08
2.27857e-08
2.27857e-08
2.27857e-08
2.27857e-08
2.27857e-08
2.27857e-08
2.27857e-08
2.27857e-08
2.27857e-08
2.27857e-08
2.27857e-08
2.27857e-08
2.27857e-08
2.27857e-08
2.27857e-08
2.27857e-08
2.27857e-08
2.27857e-08
2.27857e-08
2.27857e-08
2.27857e-08
2.27857e-08
2.27857e-08
2.27857e-08
2.27857e-08
2.27857e-08
2.27857e-08
2.27857e-08
2.27857e-08
2.27857e-08
2.27857e-08
2.27857e-08
2.27857e-08
2.27857e-08
2.27857e-08
2.27857e-08
2.27857e-08
2.27857e-08
2.27857e-08
2.27857e-08
2.27857e-08
2.27857e-08
2.27857e-08
2.27857e-08
2.27857e-08
2.27857e-08
2.27857e-08
2.27857e-08
2.27857e-08
2.27857e-08
2.27857e-08
2.27857e-08
2.27857e-08
2.27857e-08
2.27857e-08
2.27857e-08
2.27857e-08
2.27857e-08
2.27857e-08
2.27857e-08
2.27857e-08
2.27857e-08
2.27857e-08
2.27857e-08
2.27857e-08
2.27857e-08
2.27857e-08
2.27857e-08
2.27857e-08
2.27857e-08
2.27857e-08
2.27857e-08
2.27857e-08
2.27857e-08
2.27857e-08
2.27857e-08
2.27857e-08
2.27857e-08
2.27857e-08
2.27857e-08
2.27857e-08
2.27857e-08
2.27857e-08
2.27857e-08
2.27857e-08
2.27857e-08
2.27857e-08
2.27857e-08
2.27857e-08
2.27857e-08
2.27857e-08
2.27857e-08
2.27857e-08
2.27857e-08
2.27857e-08
2.27857e-08
2.27857e-08
2.27857e-08
2.27857e-08
2.27857e-08
2.27857e-08
2.27857e-08
2.27857e-08
2.27857e-08
2.27857e-08
2.27857e-08
2.27857e-08
2.27857e-08
2.27857e-08
2.27857e-08
2.27857e-08
2.27857e-08
2.27857e-08
2.27857e-08
2.27857e-08
2.27857e-08
2.27857e-08
2.27857e-08
2.27857e-08
2.27857e-08
2.27857e-08
2.27857e-08
2.27857e-08
2.27857e-08
2.27857e-08
2.27857e-08
2.27857e-08
2.27857e-08
2.27857e-08
2.27857e-08
2.27857e-08
2.27857e-08
2.27857e-08
2.27857e-08
2.27857e-08
2.27857e-08
2.27857e-08
2.27857e-08
2.27857e-08
2.27857e-08
2.27857e-08
2.27857e-08
2.27857e-08
2.27857e-08
2.27857e-08
2.27857e-08
2.27857e-08
2.27857e-08
2.27857e-08
2.27857e-08
2.27857e-08
2.27857e-08
2.27857e-08
2.27857e-08
2.27857e-08
2.27857e-08
2.27857e-08
2.27857e-08
2.27857e-08
2.27857e-08
2.27857e-08
2.27857e-08
2.27857e-08
2.27857e-08
2.27857e-08
2.27857e-08
2.27857e-08
2.27857e-08
2.27857e-08
2.27857e-08
2.27857e-08
2.27857e-08
2.27857e-08
2.27857e-08
2.27857e-08
2.27857e-08
2.27857e-08
2.27857e-08
2.27857e-08
2.27857e-08
2.27857e-08
2.27857e-08
2.27857e-08
2.27857e-08
2.27857e-08
2.27857e-08
2.27857e-08
2.27857e-08
2.27857e-08
2.27857e-08
2.27857e-08
2.27857e-08
2.27857e-08
2.27857e-08
2.27857e-08
2.27857e-08
2.27857e-08
2.27857e-08
2.27857e-08
