1.75555e+08
4.90645e+07
3.06493e+07
1.38539e+07
6.45419e+06
6.45419e+06
6.45419e+06
6.45419e+06
6.45419e+06
6.45419e+06
5.16326e+06
1.57512e+06
1.57512e+06
909081
560619
295030
295030
118341
78610.6
78610.6
70959.1
70959.1
38072.1
30188.5
18574.8
18574.8
18574.8
18574.8
18574.8
10674
7106.8
4218.72
2681.39
1919.65
1919.65
1911.76
1911.76
1577
933.668
645.811
645.811
645.811
645.811
645.811
645.811
386.399
204.859
204.859
164.612
164.612
164.612
164.612
120.847
109.818
92.9904
92.9904
92.9904
87.8245
77.7501
57.1655
44.6668
44.6668
30.9738
30.9738
30.9738
30.091
27.8204
19.3551
19.3551
19.3551
18.7179
16.5164
16.5164
16.5164
16.5164
16.5164
16.1445
16.1445
16.1445
16.1445
16.0041
15.0993
15.0993
14.9988
14.5718
14.5718
14.5718
14.474
14.3237
14.2783
14.0728
13.9392
13.8801
13.7309
13.7309
13.7309
13.6579
13.5896
13.4705
13.3863
13.3266
13.2013
13.1306
13.101
12.9698
12.9043
12.8223
12.7399
12.6993
12.6516
12.589
12.5392
12.4777
12.419
12.372
12.3149
12.2647
12.2224
12.1734
12.1292
12.0827
12.0449
11.9967
11.9692
11.9343
11.904
11.8739
11.8363
11.8018
11.7771
11.7406
11.7179
11.6892
11.6589
11.6325
11.6098
11.5836
11.5599
11.5337
11.4915
11.4686
11.4373
11.406
11.3774
11.3403
11.2916
11.2544
11.2291
11.1886
11.1469
11.1166
11.0773
11.0517
11.0133
10.9796
10.9506
10.9195
10.8717
10.8348
10.7916
10.7575
10.7261
10.6889
10.6476
10.6079
10.5701
10.5361
10.5001
10.4572
10.431
10.3965
10.3654
10.3357
10.3069
10.2816
10.26
10.2311
10.2008
10.1791
10.1462
10.1271
10.098
10.0772
10.0499
10.0216
9.99973
9.97269
9.94282
9.90845
9.8833
9.8617
9.8369
9.80769
9.78169
9.74397
9.72681
9.6936
9.67237
9.63677
9.60613
9.57433
9.55211
9.5186
9.49405
9.46378
9.43536
9.38718
9.37763
9.34743
9.31809
9.28876
9.26409
9.2354
9.2051
9.17686
9.14248
9.11806
9.08323
9.06278
9.02417
8.99299
8.96762
8.93163
8.90848
8.88198
8.85301
8.81977
8.78757
8.76716
8.73216
8.70581
8.66918
8.6432
8.6148
8.58994
8.5546
8.52091
8.49457
8.47463
8.44707
8.41189
8.39005
8.35943
8.33049
8.30038
8.27679
8.24894
8.20988
8.19094
8.16142
8.12969
8.09825
8.07002
8.0351
8.00103
7.9679
7.93424
7.89908
7.8581
7.83367
7.79954
7.76916
7.73894
7.70708
7.67324
7.63692
7.61037
7.58066
7.54963
7.52051
7.49495
7.46699
7.43419
7.40487
7.37543
7.34992
7.31933
7.29585
7.26594
7.23756
7.21126
7.18634
7.16327
7.13307
7.10908
7.08418
7.05496
7.03412
7.00479
6.98028
6.95604
6.92844
6.89874
6.86899
6.84856
6.81539
6.78704
6.76713
6.7379
6.71492
6.68572
6.66337
6.64063
6.61825
6.58752
6.56033
6.53789
6.50639
6.4812
6.45208
6.43113
6.40285
6.37483
6.35855
6.3326
6.31394
6.28776
6.27135
6.24592
6.21749
6.20466
6.17797
6.15514
6.13943
6.11828
6.08981
6.07953
6.05401
6.03565
6.00865
5.99039
5.96086
5.9407
5.92049
5.89465
5.87847
5.85942
5.83945
5.81872
5.80164
5.77909
5.75955
5.73219
5.71736
5.6897
5.67229
5.64323
5.62356
5.59781
5.57538
5.55014
5.52364
5.50145
5.48671
5.46341
5.44496
5.42254
5.40189
5.38103
5.36379
5.34199
5.32389
5.30386
5.28816
5.27148
5.25099
5.23315
5.21465
5.19588
5.1823
5.16154
5.14497
5.13032
5.11118
5.08759
5.06966
5.04789
5.03098
5.00886
4.99348
4.97553
4.96031
4.94331
4.9283
4.91137
4.89386
4.87795
4.86073
4.84607
4.82871
4.81587
4.79994
4.78501
4.76888
4.75375
4.74128
4.72908
4.71241
4.70199
4.68832
4.67707
4.66035
4.65171
4.63719
4.62346
4.61033
4.59309
4.5814
4.56631
4.5502
4.53624
4.52542
4.51142
4.49604
4.48183
4.46899
4.45554
4.44195
4.42562
4.41079
4.39679
4.38158
4.36649
4.35335
4.34203
4.32662
4.31233
4.29818
4.2825
4.26623
4.25765
4.23811
4.22224
4.21167
4.19549
4.1804
4.16384
4.14479
4.13379
4.11646
4.0986
4.08189
4.06408
4.05166
4.02863
4.01263
3.99873
3.9817
3.96352
3.94359
3.9265
3.90968
3.8915
3.87127
3.85208
3.82934
3.81422
3.79181
3.77462
3.75236
3.73129
3.71486
3.69299
3.67326
3.65277
3.6335
3.61441
3.59437
3.57378
3.5525
3.53826
3.51488
3.50241
3.48394
3.467
3.45046
3.43012
3.41555
3.39943
3.38694
3.36874
3.35212
3.33121
3.31439
3.2968
3.27658
3.25578
3.24431
3.23081
3.21476
3.20118
3.18865
3.1754
3.16052
3.14726
3.1332
3.11626
3.10642
3.08953
3.0753
3.05995
3.04516
3.03042
3.01392
2.99855
2.98004
2.96016
2.94514
2.93057
2.91351
2.89445
2.88085
2.86444
2.84664
2.8233
2.80877
2.7849
2.76082
2.74569
2.72318
2.7031
2.67148
2.65724
2.63335
2.61191
2.59161
2.56973
2.55509
2.5254
2.51057
2.49011
2.46962
2.45131
2.43115
2.41066
2.38992
2.37015
2.35148
2.33114
2.30788
2.28322
2.26793
2.24711
2.2309
2.2106
2.19063
2.17435
2.15331
2.13662
2.11405
2.09454
2.07099
2.05113
2.03356
2.01133
1.99118
1.96775
1.9463
1.92436
1.90036
1.88159
1.85954
1.83928
1.81287
1.7874
1.76773
1.75005
1.72653
1.71059
1.68888
1.66932
1.6527
1.63332
1.61709
1.59878
1.58036
1.56472
1.54471
1.52773
1.51283
1.49618
1.47822
1.46066
1.44322
1.4286
1.41469
1.40251
1.38796
1.37392
1.36108
1.34705
1.33352
1.32149
1.30845
1.29686
1.28703
1.27449
1.25791
1.24344
1.23401
1.22244
1.21048
1.19865
1.18783
1.17599
1.16184
1.15201
1.13921
1.12542
1.11291
1.10029
1.08837
1.07277
1.06286
1.04766
1.03439
1.02221
1.00972
0.997814
0.986903
0.975747
0.9636
0.953765
0.943501
0.933982
0.924056
0.915087
0.901544
0.891133
0.883047
0.873071
0.861585
0.853548
0.841389
0.832241
0.81904
0.811366
0.802698
0.794628
0.78656
0.777802
0.770429
0.761268
0.75454
0.747652
0.740009
0.734213
0.728087
0.721758
0.716237
0.710426
0.703699
0.699189
0.694098
0.689526
0.684577
0.679835
0.676009
0.671273
0.666815
0.661616
0.656238
0.651193
0.645969
0.640939
0.636239
0.631448
0.625745
0.621332
0.615786
0.611503
0.606269
0.600893
0.595241
0.589556
0.583557
0.579007
0.573716
0.568277
0.564245
0.55885
0.553006
0.547252
0.542837
0.53756
0.531625
0.526635
0.520145
0.514884
0.508492
0.504608
0.499468
0.494413
0.490489
0.485795
0.480376
0.475717
0.467474
0.462905
0.458237
0.452493
0.448379
0.442264
0.437155
0.432763
0.427524
0.423182
0.418307
0.414378
0.408859
0.406119
0.400272
0.397352
0.393652
0.388959
0.385439
0.380619
0.377216
0.372986
0.369984
0.365852
0.362727
0.360005
0.356341
0.353431
0.349844
0.347591
0.344735
0.341989
0.33886
0.336709
0.333926
0.331576
0.328871
0.325774
0.323317
0.320544
0.318217
0.315256
0.312226
0.309961
0.306611
0.305007
0.302672
0.300163
0.297946
0.295584
0.29385
0.291324
0.289528
0.287348
0.28539
0.283229
0.281519
0.279716
0.278161
0.276514
0.274983
0.273483
0.271954
0.270477
0.26904
0.267468
0.266144
0.264984
0.262902
0.262071
0.259811
0.258679
0.257129
0.255595
0.254148
0.252265
0.250837
0.249281
0.247298
0.245648
0.244211
0.242143
0.240799
0.23905
0.237178
0.235263
0.233903
0.232083
0.230656
0.228659
0.227301
0.225348
0.224035
0.222529
0.221097
0.219539
0.217854
0.216772
0.215058
0.213545
0.212274
0.210546
0.209402
0.207892
0.206559
0.205017
0.202899
0.202206
0.200275
0.199103
0.197648
0.196073
0.194255
0.193016
0.191263
0.189898
0.188576
0.186976
0.184638
0.183206
0.181215
0.179701
0.177273
0.175656
0.173618
0.171316
0.169149
0.167675
0.165792
0.164085
0.16268
0.161205
0.159658
0.157831
0.156392
0.154569
0.153415
0.152099
0.150632
0.149057
0.147656
0.146213
0.145071
0.143965
0.142558
0.141447
0.140256
0.138746
0.137428
0.135645
0.135035
0.133597
0.132255
0.130765
0.129351
0.12789
0.1265
0.125423
0.124196
0.122882
0.121279
0.120361
0.118732
0.117585
0.116376
0.115332
0.114076
0.113045
0.111809
0.110442
0.109728
0.108369
0.107417
0.106417
0.105426
0.104346
0.103471
0.102568
0.101286
0.10053
0.0996722
0.0986696
0.0977453
0.0968956
0.0960567
0.0950546
0.09435
0.0933795
0.092691
0.0920258
0.0911462
0.0905986
0.0898582
0.0891791
0.0884206
0.08778
0.0871616
0.0865097
0.085949
0.0853748
0.0846541
0.0840637
0.0834325
0.0827332
0.082182
0.0815987
0.080999
0.0803628
0.0796987
0.0790682
0.0784081
0.0775561
0.0768283
0.0762402
0.0756667
0.0748694
0.0743025
0.0736577
0.0729243
0.0723338
0.0717321
0.0710311
0.0705092
0.06991
0.0692828
0.068701
0.0682152
0.0676542
0.0670964
0.0665406
0.0661057
0.0654806
0.0650469
0.0645144
0.0640761
0.0636945
0.0630751
0.0626925
0.0622229
0.0617779
0.0613061
0.0607751
0.060453
0.0600995
0.0597181
0.0593306
0.0590145
0.0586263
0.0582404
0.0579201
0.0576199
0.0572101
0.0569646
0.0566237
0.0563684
0.0560414
0.0556951
0.0554317
0.0551158
0.0548315
0.0545021
0.05422
0.0539114
0.0535944
0.0533016
0.0529163
0.0525518
0.0521608
0.0518744
0.0515467
0.0510593
0.0507465
0.05027
0.0499592
0.0495267
0.0490835
0.0487742
0.048452
0.048011
0.0475867
0.0472372
0.0467883
0.0463442
0.0459074
0.0455994
0.0453182
0.044783
0.0444789
0.0441389
0.0437415
0.0433207
0.0429815
0.0426633
0.0422566
0.0419541
0.0416574
0.0413349
0.0410425
0.0406958
0.0404877
0.0402291
0.039993
0.0397032
0.039466
0.039142
0.0389228
0.0387074
0.0384813
0.0382114
0.0379984
0.0378219
0.0375983
0.0374161
0.0372377
0.0370497
0.0368552
0.0366468
0.0364973
0.0363241
0.0361452
0.0359349
0.0357651
0.0355956
0.0354059
0.0352327
0.0350155
0.0348682
0.0347116
0.0345198
0.0343532
0.0341279
0.0339654
0.0337676
0.0335816
0.0334017
0.0332536
0.0330439
0.0328537
0.0326735
0.0324722
0.0323378
0.0321421
0.0319895
0.0317842
0.0316199
0.031289
0.0311895
0.0309046
0.0307987
0.030558
0.0303417
0.0301249
0.0299834
0.0298051
0.0295469
0.0293413
0.0291771
0.0289176
0.02865
0.0285269
0.0283243
0.0281102
0.0279056
0.0277031
0.0274899
0.0273231
0.0270906
0.026864
0.0266683
0.0264491
0.0262158
0.0260089
0.0257995
0.0256165
0.025411
0.0252234
0.0250074
0.0248348
0.0246363
0.0244655
0.0242551
0.024073
0.0239179
0.0237897
0.0236144
0.0234294
0.0232382
0.0230633
0.0229384
0.0227498
0.0225222
0.022368
0.0222712
0.0220909
0.0219159
0.0217713
0.0216108
0.0214383
0.0212815
0.0211189
0.0209504
0.0208244
0.0208244
0.0208244
0.0208244
0.0208244
0.0208244
0.0208244
0.0208244
0.0208244
0.0208244
0.0208244
0.0208244
0.0208244
0.0208244
0.0208244
0.0208244
0.0208244
0.0208244
0.0208244
0.0208244
0.0208244
0.0208244
0.0208244
0.0208244
0.0208244
0.0208244
0.0208244
0.0208244
0.0208244
0.0208244
0.0208244
0.0208244
0.0208244
0.0208244
0.0208244
0.0208244
0.0208244
0.0208244
0.0208244
0.0208244
0.0208244
0.0208244
0.0208244
0.0208244
0.0208244
0.0208244
0.0208244
0.0208244
0.0208244
0.0208244
0.0208244
0.0208244
0.0208244
0.0208244
0.0208244
0.0208244
0.0208244
0.0208244
0.0208244
0.0208244
0.0208244
0.0208244
0.0208244
0.0208244
0.0208244
0.0208244
0.0208244
0.0208244
0.0208244
0.0208244
0.0208244
0.0208244
0.0208244
0.0208244
0.0208244
0.0208244
0.0208244
0.0208244
0.0208244
0.0208244
0.0208244
0.0208244
0.0208244
0.0208244
0.0208244
0.0208244
0.0208244
0.0208244
0.0208244
0.0208244
0.0208244
0.0208244
0.0208244
0.0208244
0.0208244
0.0208244
0.0208244
0.0208244
0.0208244
0.0208244
0.0208244
0.0208244
0.0208244
0.0208244
0.0208244
0.0208244
0.0208244
0.0208244
0.0208244
0.0208244
0.0208244
0.0208244
0.0208244
0.0208244
0.0208244
0.0208244
0.0208244
0.0208244
0.0208244
0.0208244
0.0208244
0.0208244
0.0208244
0.0208244
0.0208244
0.0208244
0.0208244
0.0208244
0.0208244
0.0208244
0.0208244
0.0208244
0.0208244
0.0208244
0.0208244
0.0208244
0.0208244
0.0208244
0.0208244
0.0208244
0.0208244
0.0208244
0.0208244
0.0208244
0.0208244
0.0208244
0.0208244
0.0208244
0.0208244
0.0208244
0.0208244
0.0208244
0.0208244
0.0208244
0.0208244
0.0208244
0.0208244
0.0208244
0.0208244
0.0208244
0.0208244
0.0208244
0.0208244
0.0208244
0.0208244
0.0208244
0.0208244
0.0208244
0.0208244
0.0208244
0.0208244
0.0208244
0.0208244
0.0208244
0.0208244
0.0208244
0.0208244
0.0208244
0.0208244
0.0208244
0.0208244
0.0208244
0.0208244
0.0208244
0.0208244
0.0208244
0.0208244
0.0208244
0.0208244
0.0208244
0.0208244
0.0208244
0.0208244
0.0208244
0.0208244
0.0208244
0.0208244
0.0208244
0.0208244
0.0208244
0.0208244
0.0208244
0.0208244
0.0208244
0.0208244
0.0208244
0.0208244
0.0208244
0.0208244
0.0208244
0.0208244
0.0208244
0.0208244
0.0208244
0.0208244
0.0208244
0.0208244
0.0208244
0.0208244
0.0208244
0.0208244
0.0208244
0.0208244
0.0208244
0.0208244
0.0208244
0.0208244
0.0208244
0.0208244
0.0208244
0.0208244
0.0208244
0.0208244
0.0208244
0.0208244
0.0208244
0.0208244
0.0208244
0.0208244
0.0208244
0.0208244
0.0208244
0.0208244
0.0208244
0.0208244
0.0208244
0.0208244
0.0208244
0.0208244
0.0208244
0.0208244
0.0208244
0.0208244
0.0208244
0.0208244
0.0208244
0.0208244
0.0208244
0.0208244
0.0208244
0.0208244
0.0208244
0.0208244
0.0208244
0.0208244
0.0208244
0.0208244
0.0208244
0.0208244
0.0208244
0.0208244
0.0208244
0.0208244
0.0208244
0.0208244
0.0208244
0.0208244
0.0208244
0.0208244
0.0208244
0.0208244
0.0208244
0.0208244
0.0208244
0.0208244
0.0208244
0.0208244
0.0208244
0.0208244
0.0208244
0.0208244
0.0208244
0.0208244
0.0208244
0.0208244
0.0208244
0.0208244
0.0208244
0.0208244
0.0208244
0.0208244
0.0208244
0.0208244
0.0208244
0.0208244
0.0208244
0.0208244
0.0208244
0.0208244
0.0208244
0.0208244
0.0208244
0.0208244
0.0208244
0.0208244
0.0208244
0.0208244
0.0208244
0.0208244
0.0208244
0.0208244
0.0208244
0.0208244
0.0208244
0.0208244
0.0208244
0.0208244
0.0208244
0.0208244
0.0208244
0.0208244
0.0208244
0.0208244
0.0208244
0.0208244
0.0208244
0.0208244
0.0208244
0.0208244
0.0208244
0.0208244
0.0208244
0.0208244
0.0208244
0.0208244
0.0208244
0.0208244
0.0208244
0.0208244
0.0208244
0.0208244
0.0208244
0.0208244
0.0208244
0.0208244
0.0208244
0.0208244
0.0208244
0.0208244
0.0208244
0.0208244
0.0208244
0.0208244
0.0208244
0.0208244
0.0208244
0.0208244
0.0208244
0.0208244
0.0208244
0.0208244
0.0208244
0.0208244
0.0208244
0.0208244
0.0208244
0.0208244
0.0208244
0.0208244
0.0208244
0.0208244
0.0208244
0.0208244
0.0208244
0.0208244
0.0208244
0.0208244
0.0208244
0.0208244
0.0208244
0.0208244
0.0208244
0.0208244
0.0208244
0.0208244
0.0208244
0.0208244
0.0208244
0.0208244
0.0208244
0.0208244
0.0208244
0.0208244
0.0208244
0.0208244
0.0208244
0.0208244
0.0208244
0.0208244
0.0208244
0.0208244
0.0208244
0.0208244
0.0208244
0.0208244
0.0208244
0.0208244
0.0208244
0.0208244
0.0208244
0.0208244
0.0208244
0.0208244
0.0208244
0.0208244
0.0208244
0.0208244
0.0208244
0.0208244
0.0208244
0.0208244
0.0208244
0.0208244
0.0208244
0.0208244
0.0208244
0.0208244
0.0208244
0.0208244
0.0208244
0.0208244
0.0208244
0.0208244
0.0208244
0.0208244
0.0208244
0.0208244
0.0208244
0.0208244
0.0208244
0.0208244
0.0208244
0.0208244
0.0208244
0.0208244
0.0208244
0.0208244
0.0208244
0.0208244
0.0208244
0.0208244
0.0208244
0.0208244
0.0208244
0.0208244
0.0208244
0.0208244
0.0208244
0.0208244
0.0208244
0.0208244
0.0208244
0.0208244
0.0208244
0.0208244
0.0208244
0.0208244
0.0208244
0.0208244
0.0208244
0.0208244
0.0208244
0.0208244
0.0208244
0.0208244
0.0208244
0.0208244
0.0208244
0.0208244
0.0208244
0.0208244
0.0208244
0.0208244
0.0208244
0.0208244
0.0208244
0.0208244
0.0208244
0.0208244
0.0208244
0.0208244
0.0208244
0.0208244
0.0208244
0.0208244
0.0208244
0.0208244
0.0208244
0.0208244
0.0208244
0.0208244
0.0208244
0.0208244
0.0208244
0.0208244
0.0208244
0.0208244
0.0208244
0.0208244
0.0208244
0.0208244
0.0208244
0.0208244
0.0208244
0.0208244
0.0208244
0.0208244
0.0208244
0.0208244
0.0208244
0.0208244
0.0208244
0.0208244
0.0208244
0.0208244
0.0208244
0.0208244
0.0208244
0.0208244
0.0208244
0.0208244
0.0208244
0.0208244
0.0208244
0.0208244
0.0208244
0.0208244
0.0208244
0.0208244
0.0208244
0.0208244
0.0208244
0.0208244
0.0208244
0.0208244
0.0208244
0.0208244
0.0208244
0.0208244
0.0208244
0.0208244
0.0208244
0.0208244
0.0208244
0.0208244
0.0208244
0.0208244
0.0208244
0.0208244
0.0208244
0.0208244
0.0208244
0.0208244
0.0208244
0.0208244
0.0208244
0.0208244
0.0208244
0.0208244
0.0208244
0.0208244
0.0208244
0.0208244
0.0208244
0.0208244
0.0208244
0.0208244
0.0208244
0.0208244
0.0208244
0.0208244
0.0208244
0.0208244
0.0208244
0.0208244
0.0208244
0.0208244
0.0208244
0.0208244
0.0208244
0.0208244
0.0208244
0.0208244
0.0208244
0.0208244
0.0208244
0.0208244
0.0208244
0.0208244
0.0208244
0.0208244
0.0208244
0.0208244
0.0208244
0.0208244
0.0208244
0.0208244
0.0208244
0.0208244
0.0208244
0.0208244
0.0208244
0.0208244
0.0208244
0.0208244
0.0208244
0.0208244
0.0208244
0.0208244
0.0208244
0.0208244
0.0208244
0.0208244
0.0208244
0.0208244
0.0208244
0.0208244
0.0208244
0.0208244
0.0208244
0.0208244
0.0208244
0.0208244
0.0208244
0.0208244
0.0208244
0.0208244
0.0208244
0.0208244
0.0208244
0.0208244
0.0208244
0.0208244
0.0208244
0.0208244
0.0208244
0.0208244
0.0208244
0.0208244
0.0208244
0.0208244
0.0208244
0.0208244
0.0208244
0.0208244
0.0208244
0.0208244
0.0208244
0.0208244
0.0208244
0.0208244
0.0208244
0.0208244
0.0208244
0.0208244
0.0208244
0.0208244
0.0208244
0.0208244
0.0208244
0.0208244
0.0208244
0.0208244
0.0208244
0.0208244
0.0208244
0.0208244
0.0208244
0.0208244
0.0208244
0.0208244
0.0208244
0.0208244
0.0208244
0.0208244
0.0208244
0.0208244
0.0208244
0.0208244
0.0208244
0.0208244
0.0208244
0.0208244
0.0208244
0.0208244
0.0208244
0.0208244
0.0208244
0.0208244
0.0208244
0.0208244
0.0208244
0.0208244
0.0208244
0.0208244
0.0208244
0.0208244
0.0208244
0.0208244
0.0208244
0.0208244
0.0208244
0.0208244
0.0208244
0.0208244
0.0208244
0.0208244
0.0208244
0.0208244
0.0208244
0.0208244
0.0208244
0.0208244
0.0208244
0.0208244
0.0208244
0.0208244
0.0208244
0.0208244
0.0208244
0.0208244
0.0208244
0.0208244
0.0208244
0.0208244
0.0208244
0.0208244
0.0208244
0.0208244
0.0208244
0.0208244
0.0208244
0.0208244
0.0208244
0.0208244
0.0208244
0.0208244
0.0208244
0.0208244
0.0208244
0.0208244
0.0208244
0.0208244
0.0208244
0.0208244
0.0208244
0.0208244
0.0208244
0.0208244
0.0208244
0.0208244
0.0208244
0.0208244
0.0208244
0.0208244
0.0208244
0.0208244
0.0208244
0.0208244
0.0208244
0.0208244
0.0208244
0.0208244
0.0208244
0.0208244
0.0208244
0.0208244
0.0208244
0.0208244
0.0208244
0.0208244
0.0208244
0.0208244
0.0208244
0.0208244
0.0208244
0.0208244
0.0208244
0.0208244
0.0208244
0.0208244
0.0208244
0.0208244
0.0208244
0.0208244
0.0208244
0.0208244
0.0208244
0.0208244
0.0208244
0.0208244
0.0208244
0.0208244
0.0208244
0.0208244
0.0208244
0.0208244
0.0208244
0.0208244
0.0208244
0.0208244
0.0208244
0.0208244
0.0208244
0.0208244
0.0208244
0.0208244
0.0208244
0.0208244
0.0208244
0.0208244
0.0208244
0.0208244
0.0208244
0.0208244
0.0208244
0.0208244
0.0208244
0.0208244
0.0208244
0.0208244
0.0208244
0.0208244
0.0208244
0.0208244
0.0208244
0.0208244
0.0208244
0.0208244
0.0208244
0.0208244
0.0208244
0.0208244
0.0208244
0.0208244
0.0208244
0.0208244
0.0208244
0.0208244
0.0208244
0.0208244
0.0208244
0.0208244
0.0208244
0.0208244
0.0208244
0.0208244
0.0208244
0.0208244
0.0208244
0.0208244
0.0208244
0.0208244
0.0208244
0.0208244
0.0208244
0.0208244
0.0208244
0.0208244
0.0208244
0.0208244
0.0208244
0.0208244
0.0208244
0.0208244
0.0208244
0.0208244
0.0208244
0.0208244
0.0208244
0.0208244
0.0208244
0.0208244
0.0208244
0.0208244
0.0208244
0.0208244
0.0208244
0.0208244
0.0208244
0.0208244
0.0208244
0.0208244
0.0208244
0.0208244
0.0208244
0.0208244
0.0208244
0.0208244
0.0208244
0.0208244
0.0208244
0.0208244
0.0208244
0.0208244
0.0208244
0.0208244
0.0208244
0.0208244
0.0208244
0.0208244
0.0208244
0.0208244
0.0208244
0.0208244
0.0208244
0.0208244
0.0208244
0.0208244
0.0208244
0.0208244
0.0208244
0.0208244
0.0208244
