1.08925e+08
3.1208e+07
1.39139e+07
6.27985e+06
1.40751e+06
1.40751e+06
1.40751e+06
1.40751e+06
1.34551e+06
1.34551e+06
1.34551e+06
1.34551e+06
648563
648563
265134
178514
178514
157423
45129.6
45129.6
45129.6
33846.6
33846.6
13444
13444
13444
13444
5414.33
5414.33
2715.18
1620.09
1620.09
1620.09
1620.09
1124.05
1124.05
1124.05
1030.86
1030.86
370.251
370.251
207.064
207.064
207.064
207.064
207.064
202.144
119.925
119.925
119.925
55.2349
55.2349
55.2349
55.2349
55.2349
44.4664
43.8578
43.8578
43.8578
38.9708
24.2141
24.2141
24.2141
24.2141
24.2141
23.2848
23.2848
22.1404
20.3633
16.3309
16.3309
16.3309
14.1186
14.1186
13.8362
13.8362
13.8362
13.8362
13.8362
13.8362
13.8362
13.8362
13.8362
13.5188
13.3141
12.7927
12.6763
12.6763
12.2728
12.2728
12.2728
12.2623
12.1515
12.1515
11.8665
11.8665
11.8665
11.7236
11.6887
11.582
11.57
11.4616
11.4438
11.4366
11.3745
11.3168
11.2914
11.2746
11.231
11.1586
11.1586
11.0986
11.0673
11.0255
10.9911
10.9463
10.9096
10.8718
10.8129
10.7796
10.7402
10.6885
10.6666
10.626
10.594
10.565
10.5252
10.486
10.4611
10.4304
10.398
10.3634
10.3374
10.3062
10.2705
10.2399
10.2138
10.1824
10.1537
10.1209
10.089
10.0563
10.0287
9.99967
9.97668
9.94712
9.91581
9.88335
9.85699
9.82716
9.80024
9.77235
9.74451
9.71519
9.68631
9.6648
9.63593
9.61265
9.58995
9.56912
9.54652
9.52586
9.50445
9.48045
9.45754
9.43281
9.41055
9.38223
9.35653
9.33761
9.31586
9.29475
9.27382
9.25696
9.238
9.21466
9.1975
9.17716
9.15993
9.1423
9.12097
9.10116
9.07717
9.05934
9.03847
9.01463
8.99973
8.97989
8.95674
8.94265
8.92025
8.90097
8.88051
8.86078
8.84056
8.81455
8.79126
8.77289
8.75029
8.72602
8.70103
8.67835
8.65874
8.63409
8.61248
8.58451
8.56296
8.54071
8.51379
8.48592
8.45691
8.43037
8.40412
8.38425
8.35631
8.33128
8.3062
8.28031
8.25685
8.23117
8.20363
8.18452
8.15947
8.13774
8.1117
8.08362
8.06244
8.03723
8.01369
7.9821
7.9575
7.9317
7.90628
7.88207
7.85943
7.83539
7.80599
7.78857
7.762
7.74495
7.72284
7.69638
7.67711
7.65459
7.63295
7.61081
7.58634
7.56445
7.53027
7.50825
7.48036
7.45028
7.42614
7.39473
7.36918
7.34337
7.31961
7.28936
7.26377
7.24226
7.22147
7.19353
7.16188
7.13549
7.11114
7.08485
7.0515
7.02314
7.00146
6.97961
6.94781
6.92116
6.89582
6.8666
6.8407
6.80779
6.78748
6.75627
6.72909
6.70326
6.67048
6.64338
6.61819
6.58753
6.55456
6.52962
6.50092
6.47744
6.4467
6.42236
6.39681
6.36842
6.34478
6.31659
6.29557
6.2692
6.24651
6.21808
6.19532
6.17237
6.14621
6.12268
6.10283
6.07303
6.05194
6.03115
6.0094
5.98565
5.96165
5.93444
5.91857
5.89576
5.87158
5.84773
5.82751
5.8055
5.78637
5.76377
5.73993
5.71909
5.69461
5.6774
5.65377
5.63287
5.61351
5.59388
5.57712
5.55269
5.5321
5.50759
5.48952
5.46847
5.44274
5.42309
5.39954
5.37652
5.35441
5.32848
5.30374
5.28315
5.25758
5.24044
5.22117
5.19975
5.18047
5.16505
5.14115
5.12163
5.10397
5.08612
5.06988
5.04951
5.03243
5.01347
4.99621
4.97902
4.95612
4.94054
4.92351
4.89823
4.88842
4.86836
4.85524
4.83773
4.8245
4.80077
4.78806
4.76811
4.74727
4.73513
4.71799
4.69045
4.68155
4.66469
4.65072
4.6315
4.61243
4.59722
4.57751
4.55763
4.53581
4.51836
4.49943
4.48103
4.45703
4.43853
4.41405
4.39331
4.37179
4.34862
4.32682
4.30589
4.27557
4.2513
4.22662
4.1998
4.17436
4.15177
4.12728
4.1043
4.08038
4.05397
4.03581
4.00511
3.98559
3.96094
3.94189
3.91645
3.89421
3.8755
3.85199
3.83194
3.80372
3.78867
3.76841
3.74414
3.7264
3.70067
3.67865
3.64994
3.63231
3.6132
3.59244
3.57393
3.55375
3.53215
3.51538
3.4935
3.47343
3.45548
3.43069
3.40786
3.39176
3.37236
3.35205
3.33045
3.31124
3.29229
3.27529
3.25464
3.2394
3.21651
3.19889
3.18095
3.16371
3.14442
3.12788
3.11527
3.09254
3.07214
3.05319
3.03619
3.01456
2.99275
2.97696
2.95274
2.9382
2.92034
2.89496
2.87751
2.85509
2.83229
2.81049
2.79136
2.76886
2.75096
2.7282
2.7047
2.68621
2.66276
2.63749
2.61608
2.59043
2.56869
2.54509
2.5245
2.501
2.47546
2.45213
2.4309
2.39954
2.38293
2.35165
2.32998
2.30629
2.27692
2.25461
2.22601
2.20763
2.17999
2.15956
2.13381
2.10438
2.07984
2.05852
2.03941
2.01055
1.98237
1.95
1.93176
1.90104
1.86332
1.8452
1.81329
1.78184
1.76174
1.72493
1.69808
1.67368
1.64797
1.62073
1.58918
1.55996
1.53075
1.50454
1.47081
1.4582
1.42728
1.40122
1.38237
1.35325
1.3256
1.30232
1.28144
1.25569
1.23727
1.21334
1.19049
1.16723
1.15009
1.12984
1.1065
1.0878
1.06104
1.04648
1.02892
1.01104
0.990285
0.971749
0.957409
0.939415
0.923241
0.904715
0.890036
0.872045
0.857868
0.83808
0.824098
0.805116
0.787778
0.77742
0.760697
0.746377
0.72958
0.722195
0.708273
0.694555
0.682983
0.669087
0.660582
0.649156
0.638209
0.627556
0.618906
0.609015
0.598514
0.589633
0.581002
0.572663
0.565074
0.557688
0.549684
0.543158
0.536911
0.53002
0.524224
0.518135
0.512975
0.506174
0.501705
0.495326
0.490561
0.486286
0.479778
0.474771
0.469508
0.464767
0.459723
0.455057
0.450618
0.446507
0.441854
0.437152
0.433093
0.428946
0.423831
0.420132
0.416163
0.412385
0.408628
0.404623
0.400786
0.397927
0.394261
0.39095
0.3876
0.383578
0.3804
0.376163
0.372481
0.36959
0.36604
0.362848
0.359138
0.355404
0.35214
0.348436
0.345435
0.341729
0.337864
0.33455
0.331133
0.327475
0.324031
0.321311
0.318187
0.314649
0.312207
0.308384
0.306082
0.303456
0.300581
0.29737
0.294276
0.292257
0.289234
0.286198
0.283959
0.281016
0.277798
0.275429
0.272909
0.270459
0.267414
0.265101
0.262607
0.259279
0.257389
0.254753
0.251881
0.249891
0.247122
0.245127
0.243018
0.24071
0.238479
0.236172
0.234435
0.232739
0.230271
0.228675
0.22718
0.225608
0.223444
0.222226
0.220306
0.218648
0.216797
0.215183
0.213481
0.211918
0.210517
0.208941
0.207445
0.205835
0.204177
0.20263
0.200498
0.199053
0.197709
0.195682
0.194473
0.19288
0.191217
0.189675
0.188351
0.186753
0.184981
0.183562
0.181939
0.18062
0.179135
0.177671
0.175611
0.174116
0.172555
0.17115
0.169393
0.168132
0.16674
0.165373
0.16398
0.162984
0.161767
0.160139
0.159307
0.15793
0.157059
0.155959
0.154983
0.153847
0.152685
0.151826
0.150664
0.14958
0.148421
0.147453
0.146322
0.144959
0.143701
0.142654
0.141378
0.140299
0.139007
0.137692
0.136682
0.135529
0.134151
0.133142
0.132064
0.13095
0.129721
0.128732
0.127717
0.126748
0.125699
0.124469
0.123211
0.122295
0.121326
0.120087
0.118814
0.117923
0.116953
0.115766
0.114761
0.113869
0.11284
0.111465
0.110771
0.109835
0.108836
0.107468
0.106704
0.105809
0.104875
0.103823
0.102962
0.102048
0.101122
0.100213
0.0992262
0.0983242
0.0975475
0.0965748
0.095758
0.0944565
0.093763
0.0929573
0.0918163
0.0911219
0.0901189
0.088862
0.0882964
0.0874
0.0863199
0.0854451
0.0845187
0.0837239
0.0828813
0.081941
0.081165
0.0803354
0.0794218
0.0787398
0.077941
0.0771884
0.076604
0.0756534
0.0750905
0.0744412
0.073608
0.0729088
0.0722955
0.0716236
0.0709455
0.0702066
0.0697509
0.0691337
0.068674
0.0680546
0.0675752
0.06699
0.0665709
0.0661623
0.0657176
0.0652748
0.0649217
0.064476
0.0641145
0.0636783
0.0632648
0.0628512
0.0625764
0.0621622
0.0617218
0.0612878
0.0609213
0.0605632
0.0600869
0.0597568
0.0593189
0.0589654
0.0585593
0.0581874
0.0577139
0.0572064
0.0568715
0.0562926
0.0557653
0.0552668
0.0548254
0.0543837
0.0538735
0.0533171
0.0527674
0.0522721
0.0517604
0.0511186
0.0506308
0.0501644
0.0496343
0.0491602
0.0487374
0.0482893
0.0478651
0.0473378
0.0469323
0.0465163
0.0460473
0.0457189
0.0451609
0.0448411
0.0443901
0.044014
0.0435798
0.0431611
0.0427542
0.0423241
0.0418237
0.0412956
0.0410146
0.0403812
0.0399266
0.0394801
0.0390537
0.0385714
0.0380909
0.0377115
0.0372535
0.0368392
0.0364467
0.0360811
0.0357605
0.0353069
0.034948
0.0346165
0.0342836
0.0338608
0.0335087
0.0331934
0.0328603
0.0324614
0.0321013
0.0316899
0.0314918
0.03115
0.030932
0.0306286
0.030396
0.0301093
0.0297714
0.0295213
0.0292403
0.0290278
0.0287857
0.0285458
0.0282698
0.0280539
0.0277981
0.0277981
0.0277981
0.0277981
0.0277981
0.0277981
0.0277981
0.0277981
0.0277981
0.0277981
0.0277981
0.0277981
0.0277981
0.0277981
0.0277981
0.0277981
0.0277981
0.0277981
0.0277981
0.0277981
0.0277981
0.0277981
0.0277981
0.0277981
0.0277981
0.0277981
0.0277981
0.0277981
0.0277981
0.0277981
0.0277981
0.0277981
0.0277981
0.0277981
0.0277981
0.0277981
0.0277981
0.0277981
0.0277981
0.0277981
0.0277981
0.0277981
0.0277981
0.0277981
0.0277981
0.0277981
0.0277981
0.0277981
0.0277981
0.0277981
0.0277981
0.0277981
0.0277981
0.0277981
0.0277981
0.0277981
0.0277981
0.0277981
0.0277981
0.0277981
0.0277981
0.0277981
0.0277981
0.0277981
0.0277981
0.0277981
0.0277981
0.0277981
0.0277981
0.0277981
0.0277981
0.0277981
0.0277981
0.0277981
0.0277981
0.0277981
0.0277981
0.0277981
0.0277981
0.0277981
0.0277981
0.0277981
0.0277981
0.0277981
0.0277981
0.0277981
0.0277981
0.0277981
0.0277981
0.0277981
0.0277981
0.0277981
0.0277981
0.0277981
0.0277981
0.0277981
0.0277981
0.0277981
0.0277981
0.0277981
0.0277981
0.0277981
0.0277981
0.0277981
0.0277981
0.0277981
0.0277981
0.0277981
0.0277981
0.0277981
0.0277981
0.0277981
0.0277981
0.0277981
0.0277981
0.0277981
0.0277981
0.0277981
0.0277981
0.0277981
0.0277981
0.0277981
0.0277981
0.0277981
0.0277981
0.0277981
0.0277981
0.0277981
0.0277981
0.0277981
0.0277981
0.0277981
0.0277981
0.0277981
0.0277981
0.0277981
0.0277981
0.0277981
0.0277981
0.0277981
0.0277981
0.0277981
0.0277981
0.0277981
0.0277981
0.0277981
0.0277981
0.0277981
0.0277981
0.0277981
0.0277981
0.0277981
0.0277981
0.0277981
0.0277981
0.0277981
0.0277981
0.0277981
0.0277981
0.0277981
0.0277981
0.0277981
0.0277981
0.0277981
0.0277981
0.0277981
0.0277981
0.0277981
0.0277981
0.0277981
0.0277981
0.0277981
0.0277981
0.0277981
0.0277981
0.0277981
0.0277981
0.0277981
0.0277981
0.0277981
0.0277981
0.0277981
0.0277981
0.0277981
0.0277981
0.0277981
0.0277981
0.0277981
0.0277981
0.0277981
0.0277981
0.0277981
0.0277981
0.0277981
0.0277981
0.0277981
0.0277981
0.0277981
0.0277981
0.0277981
0.0277981
0.0277981
0.0277981
0.0277981
0.0277981
0.0277981
0.0277981
0.0277981
0.0277981
0.0277981
0.0277981
0.0277981
0.0277981
0.0277981
0.0277981
0.0277981
0.0277981
0.0277981
0.0277981
0.0277981
0.0277981
0.0277981
0.0277981
0.0277981
0.0277981
0.0277981
0.0277981
0.0277981
0.0277981
0.0277981
0.0277981
0.0277981
0.0277981
0.0277981
0.0277981
0.0277981
0.0277981
0.0277981
0.0277981
0.0277981
0.0277981
0.0277981
0.0277981
0.0277981
0.0277981
0.0277981
0.0277981
0.0277981
0.0277981
0.0277981
0.0277981
0.0277981
0.0277981
0.0277981
0.0277981
0.0277981
0.0277981
0.0277981
0.0277981
0.0277981
0.0277981
0.0277981
0.0277981
0.0277981
0.0277981
0.0277981
0.0277981
0.0277981
0.0277981
0.0277981
0.0277981
0.0277981
0.0277981
0.0277981
0.0277981
0.0277981
0.0277981
0.0277981
0.0277981
0.0277981
0.0277981
0.0277981
0.0277981
0.0277981
0.0277981
0.0277981
0.0277981
0.0277981
0.0277981
0.0277981
0.0277981
0.0277981
0.0277981
0.0277981
0.0277981
0.0277981
0.0277981
0.0277981
0.0277981
0.0277981
0.0277981
0.0277981
0.0277981
0.0277981
0.0277981
0.0277981
0.0277981
0.0277981
0.0277981
0.0277981
0.0277981
0.0277981
0.0277981
0.0277981
0.0277981
0.0277981
0.0277981
0.0277981
0.0277981
0.0277981
0.0277981
0.0277981
0.0277981
0.0277981
0.0277981
0.0277981
0.0277981
0.0277981
0.0277981
0.0277981
0.0277981
0.0277981
0.0277981
0.0277981
0.0277981
0.0277981
0.0277981
0.0277981
0.0277981
0.0277981
0.0277981
0.0277981
0.0277981
0.0277981
0.0277981
0.0277981
0.0277981
0.0277981
0.0277981
0.0277981
0.0277981
0.0277981
0.0277981
0.0277981
0.0277981
0.0277981
0.0277981
0.0277981
0.0277981
0.0277981
0.0277981
0.0277981
0.0277981
0.0277981
0.0277981
0.0277981
0.0277981
0.0277981
0.0277981
0.0277981
0.0277981
0.0277981
0.0277981
0.0277981
0.0277981
0.0277981
0.0277981
0.0277981
0.0277981
0.0277981
0.0277981
0.0277981
0.0277981
0.0277981
0.0277981
0.0277981
0.0277981
0.0277981
0.0277981
0.0277981
0.0277981
0.0277981
0.0277981
0.0277981
0.0277981
0.0277981
0.0277981
0.0277981
0.0277981
0.0277981
0.0277981
0.0277981
0.0277981
0.0277981
0.0277981
0.0277981
0.0277981
0.0277981
0.0277981
0.0277981
0.0277981
0.0277981
0.0277981
0.0277981
0.0277981
0.0277981
0.0277981
0.0277981
0.0277981
0.0277981
0.0277981
0.0277981
0.0277981
0.0277981
0.0277981
0.0277981
0.0277981
0.0277981
0.0277981
0.0277981
0.0277981
0.0277981
0.0277981
0.0277981
0.0277981
0.0277981
0.0277981
0.0277981
0.0277981
0.0277981
0.0277981
0.0277981
0.0277981
0.0277981
0.0277981
0.0277981
0.0277981
0.0277981
0.0277981
0.0277981
0.0277981
0.0277981
0.0277981
0.0277981
0.0277981
0.0277981
0.0277981
0.0277981
0.0277981
0.0277981
0.0277981
0.0277981
0.0277981
0.0277981
0.0277981
0.0277981
0.0277981
0.0277981
0.0277981
0.0277981
0.0277981
0.0277981
0.0277981
0.0277981
0.0277981
0.0277981
0.0277981
0.0277981
0.0277981
0.0277981
0.0277981
0.0277981
0.0277981
0.0277981
0.0277981
0.0277981
0.0277981
0.0277981
0.0277981
0.0277981
0.0277981
0.0277981
0.0277981
0.0277981
0.0277981
0.0277981
0.0277981
0.0277981
0.0277981
0.0277981
0.0277981
0.0277981
0.0277981
0.0277981
0.0277981
0.0277981
0.0277981
0.0277981
0.0277981
0.0277981
0.0277981
0.0277981
0.0277981
0.0277981
0.0277981
0.0277981
0.0277981
0.0277981
0.0277981
0.0277981
0.0277981
0.0277981
0.0277981
0.0277981
0.0277981
0.0277981
0.0277981
0.0277981
0.0277981
0.0277981
0.0277981
0.0277981
0.0277981
0.0277981
0.0277981
0.0277981
0.0277981
0.0277981
0.0277981
0.0277981
0.0277981
0.0277981
0.0277981
0.0277981
0.0277981
0.0277981
0.0277981
0.0277981
0.0277981
0.0277981
0.0277981
0.0277981
0.0277981
0.0277981
0.0277981
0.0277981
0.0277981
0.0277981
0.0277981
0.0277981
0.0277981
0.0277981
0.0277981
0.0277981
0.0277981
0.0277981
0.0277981
0.0277981
0.0277981
0.0277981
0.0277981
0.0277981
0.0277981
0.0277981
0.0277981
0.0277981
0.0277981
0.0277981
0.0277981
0.0277981
0.0277981
0.0277981
0.0277981
0.0277981
0.0277981
0.0277981
0.0277981
0.0277981
0.0277981
0.0277981
0.0277981
0.0277981
0.0277981
0.0277981
0.0277981
0.0277981
0.0277981
0.0277981
0.0277981
0.0277981
0.0277981
0.0277981
0.0277981
0.0277981
0.0277981
0.0277981
0.0277981
0.0277981
0.0277981
0.0277981
0.0277981
0.0277981
0.0277981
0.0277981
0.0277981
0.0277981
0.0277981
0.0277981
0.0277981
0.0277981
0.0277981
0.0277981
0.0277981
0.0277981
0.0277981
0.0277981
0.0277981
0.0277981
0.0277981
0.0277981
0.0277981
0.0277981
0.0277981
0.0277981
0.0277981
0.0277981
0.0277981
0.0277981
0.0277981
0.0277981
0.0277981
0.0277981
0.0277981
0.0277981
0.0277981
0.0277981
0.0277981
0.0277981
0.0277981
0.0277981
0.0277981
0.0277981
0.0277981
0.0277981
0.0277981
0.0277981
0.0277981
0.0277981
0.0277981
0.0277981
0.0277981
0.0277981
0.0277981
0.0277981
0.0277981
0.0277981
0.0277981
0.0277981
0.0277981
0.0277981
0.0277981
0.0277981
0.0277981
0.0277981
0.0277981
0.0277981
0.0277981
0.0277981
0.0277981
0.0277981
0.0277981
0.0277981
0.0277981
0.0277981
0.0277981
0.0277981
0.0277981
0.0277981
0.0277981
0.0277981
0.0277981
0.0277981
0.0277981
0.0277981
0.0277981
0.0277981
0.0277981
0.0277981
0.0277981
0.0277981
0.0277981
0.0277981
0.0277981
0.0277981
0.0277981
0.0277981
0.0277981
0.0277981
0.0277981
0.0277981
0.0277981
0.0277981
0.0277981
0.0277981
0.0277981
0.0277981
0.0277981
0.0277981
0.0277981
0.0277981
0.0277981
0.0277981
0.0277981
0.0277981
0.0277981
0.0277981
0.0277981
0.0277981
0.0277981
0.0277981
0.0277981
0.0277981
0.0277981
0.0277981
0.0277981
0.0277981
0.0277981
0.0277981
0.0277981
0.0277981
0.0277981
0.0277981
0.0277981
0.0277981
0.0277981
0.0277981
0.0277981
0.0277981
0.0277981
0.0277981
0.0277981
0.0277981
0.0277981
0.0277981
0.0277981
0.0277981
0.0277981
0.0277981
0.0277981
0.0277981
0.0277981
0.0277981
0.0277981
0.0277981
0.0277981
0.0277981
0.0277981
0.0277981
0.0277981
0.0277981
0.0277981
0.0277981
0.0277981
0.0277981
0.0277981
0.0277981
0.0277981
0.0277981
0.0277981
0.0277981
0.0277981
0.0277981
0.0277981
0.0277981
0.0277981
0.0277981
0.0277981
0.0277981
0.0277981
0.0277981
0.0277981
0.0277981
0.0277981
0.0277981
0.0277981
0.0277981
0.0277981
0.0277981
0.0277981
0.0277981
0.0277981
0.0277981
0.0277981
0.0277981
0.0277981
0.0277981
0.0277981
0.0277981
0.0277981
0.0277981
0.0277981
0.0277981
0.0277981
0.0277981
0.0277981
0.0277981
0.0277981
0.0277981
0.0277981
0.0277981
0.0277981
0.0277981
0.0277981
0.0277981
0.0277981
0.0277981
0.0277981
0.0277981
0.0277981
0.0277981
0.0277981
0.0277981
0.0277981
0.0277981
0.0277981
0.0277981
0.0277981
0.0277981
0.0277981
0.0277981
0.0277981
0.0277981
0.0277981
0.0277981
0.0277981
0.0277981
0.0277981
0.0277981
0.0277981
0.0277981
0.0277981
0.0277981
0.0277981
0.0277981
0.0277981
0.0277981
0.0277981
0.0277981
0.0277981
0.0277981
0.0277981
0.0277981
0.0277981
0.0277981
0.0277981
0.0277981
0.0277981
0.0277981
0.0277981
0.0277981
0.0277981
0.0277981
0.0277981
0.0277981
0.0277981
0.0277011
0.0274229
0.0272637
0.0271046
0.026872
0.0266662
0.0264877
0.0262665
0.0260662
0.0258854
0.0257205
0.0254707
0.0252907
0.025137
0.0249149
0.0247608
0.0245967
0.0245967
0.0245967
0.0245967
0.0245967
0.0245967
0.0245967
0.0245967
0.0245967
0.0245967
0.0245967
0.0245967
0.0245967
0.0245967
0.0245967
0.0245967
0.0245967
0.0245967
0.0245967
0.0245967
0.0245967
0.0245967
0.0245967
0.0245967
0.0245967
0.0245967
0.0245967
0.0245967
0.0245967
0.0245967
0.0245967
0.0245967
0.0245967
0.0245967
0.0245967
0.0245967
0.0245967
0.0245967
0.0245967
0.0245967
0.0245967
0.0245967
0.0245967
0.0245967
0.0245967
0.0245967
0.0245967
0.0245967
0.0245967
0.0245967
0.0245967
0.0245967
0.0245967
0.0245967
0.0245967
0.0245967
0.0245967
0.0245967
0.0245967
0.0245967
0.0245967
0.0245967
0.0245967
0.0245967
0.0245967
0.0245967
0.0245967
0.0245967
0.0245967
0.0245967
0.0245967
0.0245967
0.0245967
0.0245967
0.0245967
0.0245967
0.0245967
0.0245967
0.0245967
0.0245967
0.0245967
0.0245967
0.0245967
0.0245967
0.0245967
0.0245967
0.0245967
0.0245967
0.0245967
0.0245967
0.0245967
0.0245967
0.0245967
0.0245967
0.0245967
0.0245967
0.0245967
0.0245967
0.0245967
0.0245967
0.0245967
0.0245967
0.0245967
0.0245967
0.0245967
0.0245967
0.0245967
0.0245967
0.0245967
0.0245967
0.0245967
0.0245967
0.0245967
0.0245967
0.0245967
0.0245967
0.0245967
