2.0116e+08
6.34807e+07
1.19964e+07
5.63823e+06
5.63823e+06
2.83692e+06
2.83692e+06
2.76729e+06
2.76729e+06
1.38789e+06
1.38789e+06
1.38789e+06
1.38789e+06
927857
927857
547313
264635
139850
39013.1
39013.1
39013.1
18566.9
18566.9
18566.9
18566.9
18566.9
16907.4
7878.67
7878.67
5031.11
5031.11
5031.11
5031.11
1280.72
1280.72
1280.72
1280.72
1280.72
1280.72
732.805
732.805
732.805
667.425
528.143
326.528
256.266
256.266
197.396
118.073
118.073
118.073
90.0268
68.9557
50.9035
48.4932
48.4932
42.2858
28.4674
28.4674
28.4674
28.4674
25.1438
25.1438
19.2799
19.2314
15.9816
15.9816
15.9816
15.9816
15.9816
15.9816
15.3347
14.696
14.696
14.2283
13.6456
13.6456
13.4453
13.4453
13.4453
13.4453
13.362
13.3157
13.1305
12.5855
12.5855
12.5378
12.4465
12.288
12.288
12.2822
12.1714
12.0119
12.0119
11.894
11.7849
11.7369
11.6403
11.5911
11.5106
11.4634
11.391
11.3099
11.2488
11.1857
11.1357
11.0803
11.0175
10.9742
10.9157
10.855
10.7948
10.7421
10.7063
10.6519
10.6082
10.5559
10.5214
10.4806
10.4359
10.3854
10.3422
10.3016
10.264
10.225
10.1804
10.1432
10.107
10.0753
10.0425
10.0166
9.97432
9.94048
9.90854
9.87659
9.85266
9.81945
9.78548
9.75778
9.72266
9.68367
9.65774
9.6258
9.5955
9.56421
9.53485
9.50734
9.47732
9.4439
9.41221
9.38051
9.35179
9.31642
9.27625
9.25187
9.21591
9.18715
9.15432
9.12728
9.09497
9.0646
9.03422
8.99371
8.97185
8.94454
8.91834
8.8906
8.8589
8.83863
8.81191
8.78879
8.76205
8.74197
8.71337
8.69593
8.67211
8.64661
8.62444
8.60612
8.5844
8.55761
8.53861
8.51677
8.49332
8.47006
8.45288
8.4286
8.41221
8.3877
8.36615
8.34452
8.32293
8.30066
8.27039
8.25035
8.22525
8.19929
8.16584
8.14984
8.12383
8.09118
8.06982
8.04095
8.01794
7.98889
7.96702
7.93669
7.91075
7.88651
7.85907
7.83663
7.80985
7.78772
7.76424
7.7399
7.72173
7.69002
7.67229
7.64815
7.62359
7.60071
7.58179
7.56368
7.54062
7.52159
7.50125
7.48186
7.46216
7.44307
7.42332
7.40279
7.38488
7.36737
7.35134
7.33424
7.31514
7.29936
7.27889
7.26028
7.24409
7.22353
7.2076
7.19137
7.17336
7.15699
7.13907
7.12338
7.10641
7.08628
7.07238
7.05602
7.03432
7.01968
7.0061
6.98638
6.96873
6.95204
6.92862
6.91455
6.89866
6.87646
6.85932
6.83943
6.81803
6.79645
6.7732
6.75329
6.72803
6.704
6.68381
6.6564
6.62901
6.6043
6.58195
6.55975
6.53337
6.5068
6.48175
6.45997
6.439
6.41481
6.39511
6.37166
6.34921
6.32472
6.30596
6.28339
6.26361
6.24265
6.22586
6.20753
6.1888
6.16998
6.1519
6.13687
6.11937
6.10236
6.08488
6.06729
6.04866
6.03326
6.01521
5.99945
5.97853
5.96178
5.94639
5.92977
5.91595
5.89887
5.88251
5.86834
5.85338
5.83642
5.81867
5.80333
5.78674
5.76602
5.75317
5.73687
5.71937
5.70697
5.69127
5.674
5.65848
5.64108
5.6227
5.60835
5.59025
5.57409
5.55997
5.54686
5.53077
5.51748
5.49976
5.48742
5.46818
5.45283
5.43869
5.42412
5.40795
5.39338
5.37697
5.36167
5.34202
5.3258
5.30867
5.29183
5.27181
5.25481
5.2332
5.21546
5.19557
5.17807
5.15697
5.14167
5.12108
5.09494
5.07957
5.05919
5.03976
5.01544
4.99774
4.97798
4.95998
4.94122
4.91717
4.89022
4.87616
4.84895
4.83188
4.79423
4.77738
4.75296
4.7261
4.70766
4.68649
4.66689
4.64124
4.61417
4.59643
4.56919
4.54861
4.52476
4.50356
4.4748
4.45856
4.43833
4.41475
4.39327
4.3668
4.33181
4.31688
4.29674
4.27007
4.24484
4.21742
4.19184
4.16414
4.14401
4.11692
4.08779
4.0651
4.03526
4.01119
3.9831
3.96011
3.93213
3.90227
3.87376
3.84444
3.81864
3.78487
3.75705
3.73004
3.70092
3.66538
3.63963
3.61019
3.58289
3.55976
3.52999
3.50951
3.47922
3.45827
3.43255
3.4005
3.37188
3.34572
3.32861
3.30293
3.27886
3.25486
3.22948
3.19822
3.17083
3.14905
3.11422
3.09142
3.05887
3.02859
2.9989
2.97781
2.94274
2.91928
2.89767
2.86405
2.84274
2.81224
2.78438
2.75008
2.72435
2.68864
2.65335
2.6252
2.59284
2.55305
2.52241
2.49898
2.46598
2.43011
2.40069
2.3681
2.33913
2.30873
2.2779
2.25527
2.21139
2.19004
2.1639
2.12962
2.1037
2.07755
2.0517
2.02619
2.00179
1.97804
1.95413
1.9326
1.91153
1.88874
1.86665
1.84627
1.8267
1.80071
1.7873
1.76793
1.75058
1.72743
1.71038
1.68802
1.67045
1.65537
1.6379
1.61724
1.59381
1.58198
1.55756
1.54412
1.52524
1.50443
1.48675
1.4713
1.44783
1.43866
1.41779
1.40263
1.38537
1.36692
1.34747
1.3297
1.31175
1.29404
1.27512
1.25346
1.23729
1.21646
1.1976
1.17895
1.15883
1.13776
1.1179
1.09796
1.08372
1.06326
1.05052
1.03518
1.02092
1.00434
0.993998
0.977712
0.966528
0.954333
0.938619
0.926782
0.91644
0.904346
0.89236
0.880655
0.870399
0.855982
0.845136
0.832246
0.82121
0.810108
0.798538
0.784983
0.774994
0.763031
0.753115
0.742658
0.732847
0.723476
0.713555
0.704314
0.695033
0.685792
0.671136
0.666047
0.657784
0.648233
0.639841
0.632304
0.623175
0.61605
0.6076
0.599653
0.592206
0.584111
0.577946
0.568908
0.563628
0.558327
0.551428
0.54603
0.540423
0.53492
0.528458
0.523282
0.516863
0.511094
0.506253
0.500567
0.494919
0.490319
0.485128
0.479158
0.474004
0.467016
0.463121
0.45643
0.451483
0.447541
0.442428
0.437419
0.432409
0.427592
0.422261
0.418982
0.4134
0.410243
0.404881
0.401205
0.397023
0.392354
0.388056
0.384223
0.379207
0.374717
0.36893
0.366028
0.362861
0.357327
0.353592
0.349848
0.344605
0.341293
0.337059
0.334093
0.329743
0.326097
0.322062
0.319229
0.316077
0.31215
0.308765
0.305413
0.301337
0.298525
0.294371
0.290759
0.287329
0.285258
0.281573
0.278957
0.276203
0.272517
0.270465
0.267972
0.265168
0.262782
0.259594
0.257478
0.254709
0.252596
0.249583
0.246423
0.243678
0.24133
0.239744
0.237165
0.235044
0.233025
0.231243
0.229347
0.227369
0.22516
0.223367
0.220586
0.218082
0.2159
0.213799
0.211901
0.208746
0.206097
0.203109
0.201255
0.199427
0.196847
0.194618
0.192422
0.189598
0.18838
0.186444
0.184538
0.182186
0.180507
0.179189
0.177555
0.176094
0.174366
0.172811
0.171123
0.170147
0.168762
0.16743
0.165655
0.163804
0.162731
0.161342
0.159618
0.157902
0.156406
0.154981
0.153528
0.151878
0.150621
0.149203
0.1476
0.146679
0.145265
0.143961
0.142965
0.141353
0.140073
0.138796
0.136846
0.135772
0.134721
0.13355
0.132445
0.131173
0.129893
0.128805
0.127868
0.126503
0.125661
0.124468
0.123155
0.122009
0.120909
0.119711
0.118324
0.117107
0.116037
0.114894
0.113628
0.112633
0.11134
0.110224
0.108978
0.107936
0.106865
0.105906
0.104981
0.103663
0.102886
0.101867
0.100767
0.099897
0.0990695
0.0981137
0.0973127
0.096448
0.0956803
0.0949355
0.0940935
0.0932242
0.0924885
0.0917865
0.0908074
0.0901378
0.0892897
0.0886705
0.0876616
0.0870506
0.0863033
0.0855614
0.0848067
0.0841024
0.0833235
0.0825971
0.0815897
0.0810296
0.080228
0.07936
0.0787581
0.0781896
0.0774079
0.0767321
0.0761934
0.0756081
0.0749935
0.074348
0.073795
0.0731491
0.0726342
0.0720051
0.0715617
0.0709304
0.07027
0.0697373
0.0690045
0.0685511
0.0679517
0.0674171
0.0667627
0.0661422
0.0657103
0.0650917
0.0646156
0.0640892
0.0635493
0.0631776
0.0626641
0.0621738
0.0616809
0.061183
0.0606399
0.0601652
0.0595675
0.0591165
0.0585742
0.0580236
0.0575264
0.0571044
0.056522
0.055931
0.0551832
0.0547406
0.0542184
0.0535038
0.0530018
0.0524239
0.0518455
0.051293
0.0506293
0.0502321
0.0496288
0.0491939
0.048809
0.0483567
0.0479104
0.0474998
0.0471138
0.0466927
0.0463199
0.0458603
0.0455547
0.0452055
0.0448677
0.0444729
0.04411
0.0438118
0.0434631
0.0431338
0.0427741
0.0425178
0.0421769
0.0418845
0.0415581
0.0412446
0.0410005
0.0406622
0.0403521
0.0401346
0.0398509
0.0396138
0.0393758
0.0390771
0.038837
0.0385213
0.0382182
0.038022
0.0377581
0.0374854
0.0372767
0.0370959
0.0368341
0.0366226
0.0364379
0.0362525
0.0360491
0.0358278
0.0356201
0.0354567
0.0352493
0.035031
0.0348309
0.0346178
0.0343877
0.0341572
0.0338984
0.0336421
0.0333303
0.0331369
0.0329027
0.0325732
0.0323073
0.0319838
0.0316251
0.0315521
0.0312351
0.0310388
0.030757
0.0304781
0.0302388
0.0299674
0.0296844
0.0294918
0.0291735
0.0290108
0.0287391
0.0285171
0.0283035
0.0281022
0.0278533
0.0276904
0.0274877
0.0272779
0.0270945
0.0268761
0.0266683
0.026496
0.0263098
0.0261324
0.0259546
0.0259546
0.0259546
0.0259546
0.0259546
0.0259546
0.0259546
0.0259546
0.0259546
0.0259546
0.0259546
0.0259546
0.0259546
0.0259546
0.0259546
0.0259546
0.0259546
0.0259546
0.0259546
0.0259546
0.0259546
0.0259546
0.0259546
0.0259546
0.0259546
0.0259546
0.0259546
0.0259546
0.0259546
0.0259546
0.0259546
0.0259546
0.0259546
0.0259546
0.0259546
0.0259546
0.0259546
0.0259546
0.0259546
0.0259546
0.0259546
0.0259546
0.0259546
0.0259546
0.0259546
0.0259546
0.0259546
0.0259546
0.0259546
0.0259546
0.0259546
0.0259546
0.0259546
0.0259546
0.0259546
0.0259546
0.0259546
0.0259546
0.0259546
0.0259546
0.0259546
0.0259546
0.0259546
0.0259546
0.0259546
0.0259546
0.0259546
0.0259546
0.0259546
0.0259546
0.0259546
0.0259546
0.0259546
0.0259546
0.0259546
0.0259546
0.0259546
0.0259546
0.0259546
0.0259546
0.0259546
0.0259546
0.0259546
0.0259546
0.0259546
0.0259546
0.0259546
0.0259546
0.0259546
0.0259546
0.0259546
0.0259546
0.0259546
0.0259546
0.0259546
0.0259546
0.0259546
0.0259546
0.0259546
0.0259546
0.0259546
0.0259546
0.0259546
0.0259546
0.0259546
0.0259546
0.0259546
0.0259546
0.0259546
0.0259546
0.0259546
0.0259546
0.0259546
0.0259546
0.0259546
0.0259546
0.0259546
0.0259546
0.0259546
0.0259546
0.0259546
0.0259546
0.0259546
0.0259546
0.0259546
0.0259546
0.0259546
0.0259546
0.0259546
0.0259546
0.0259546
0.0259546
0.0259546
0.0259546
0.0259546
0.0259546
0.0259546
0.0259546
0.0259546
0.0259546
0.0259546
0.0259546
0.0259546
0.0259546
0.0259546
0.0259546
0.0259546
0.0259546
0.0259546
0.0259546
0.0259546
0.0259546
0.0259546
0.0259546
0.0259546
0.0259546
0.0259546
0.0259546
0.0259546
0.0259546
0.0259546
0.0259546
0.0259546
0.0259546
0.0259546
0.0259546
0.0259546
0.0259546
0.0259546
0.0259546
0.0259546
0.0259546
0.0259546
0.0259546
0.0259546
0.0259546
0.0259546
0.0259546
0.0259546
0.0259546
0.0259546
0.0259546
0.0259546
0.0259546
0.0259546
0.0259546
0.0259546
0.0259546
0.0259546
0.0259546
0.0259546
0.0259546
0.0259546
0.0259546
0.0259546
0.0259546
0.0259546
0.0259546
0.0259546
0.0259546
0.0259546
0.0259546
0.0259546
0.0259546
0.0259546
0.0259546
0.0259546
0.0259546
0.0259546
0.0259546
0.0259546
0.0259546
0.0259546
0.0259546
0.0259546
0.0259546
0.0259546
0.0259546
0.0259546
0.0259546
0.0259546
0.0259546
0.0259546
0.0259546
0.0259546
0.0259546
0.0259546
0.0259546
0.0259546
0.0259546
0.0259546
0.0259546
0.0259546
0.0259546
0.0259546
0.0259546
0.0259546
0.0259546
0.0259546
0.0259546
0.0259546
0.0259546
0.0259546
0.0259546
0.0259546
0.0259546
0.0259546
0.0259546
0.0259546
0.0259546
0.0259546
0.0259546
0.0259546
0.0259546
0.0259546
0.0259546
0.0259546
0.0259546
0.0259546
0.0259546
0.0259546
0.0259546
0.0259546
0.0259546
0.0259546
0.0259546
0.0259546
0.0259546
0.0259546
0.0259546
0.0259546
0.0259546
0.0259546
0.0259546
0.0259546
0.0259546
0.0259546
0.0259546
0.0259546
0.0259546
0.0259546
0.0259546
0.0259546
0.0259546
0.0259546
0.0259546
0.0259546
0.0259546
0.0259546
0.0259546
0.0259546
0.0259546
0.0259546
0.0259546
0.0259546
0.0259546
0.0259546
0.0259546
0.0259546
0.0259546
0.0259546
0.0259546
0.0259546
0.0259546
0.0259546
0.0259546
0.0259546
0.0259546
0.0259546
0.0259546
0.0259546
0.0259546
0.0259546
0.0259546
0.0259546
0.0259546
0.0259546
0.0259546
0.0259546
0.0259546
0.0259546
0.0259546
0.0259546
0.0259546
0.0259546
0.0259546
0.0259546
0.0259546
0.0259546
0.0259546
0.0259546
0.0259546
0.0259546
0.0259546
0.0259546
0.0259546
0.0259546
0.0259546
0.0259546
0.0259546
0.0259546
0.0259546
0.0259546
0.0259546
0.0259546
0.0259546
0.0259546
0.0259546
0.0259546
0.0259546
0.0259546
0.0259546
0.0259546
0.0259546
0.0259546
0.0259546
0.0259546
0.0259546
0.0259546
0.0259546
0.0259546
0.0259546
0.0259546
0.0259546
0.0259546
0.0259546
0.0259546
0.0259546
0.0259546
0.0259546
0.0259546
0.0259546
0.0259546
0.0259546
0.0259546
0.0259546
0.0259546
0.0259546
0.0259546
0.0259546
0.0259546
0.0259546
0.0259546
0.0259546
0.0259546
0.0259546
0.0259546
0.0259546
0.0259546
0.0259546
0.0259546
0.0259546
0.0259546
0.0259546
0.0259546
0.0259546
0.0259546
0.0259546
0.0259546
0.0259546
0.0259546
0.0259546
0.0259546
0.0259546
0.0259546
0.0259546
0.0259546
0.0259546
0.0259546
0.0259546
0.0259546
0.0259546
0.0259546
0.0259546
0.0259546
0.0259546
0.0259546
0.0259546
0.0259546
0.0259546
0.0259546
0.0259546
0.0259546
0.0259546
0.0259546
0.0259546
0.0259546
0.0259546
0.0259546
0.0259546
0.0259546
0.0259546
0.0259546
0.0259546
0.0259546
0.0259546
0.0259546
0.0259546
0.0259546
0.0259546
0.0259546
0.0259546
0.0259546
0.0259546
0.0259546
0.0259546
0.0259546
0.0259546
0.0259546
0.0259546
0.0259546
0.0259546
0.0259546
0.0259546
0.0259546
0.0259546
0.0259546
0.0259546
0.0259546
0.0259546
0.0259546
0.0259546
0.0259546
0.0259546
0.0259546
0.0259546
0.0259546
0.0259546
0.0259546
0.0259546
0.0259546
0.0259546
0.0259546
0.0259546
0.0259546
0.0259546
0.0259546
0.0259546
0.0259546
0.0259546
0.0259546
0.0259546
0.0259546
0.0259546
0.0259546
0.0259546
0.0259546
0.0259546
0.0259546
0.0259546
0.0259546
0.0259546
0.0259546
0.0259546
0.0259546
0.0259546
0.0259546
0.0259546
0.0259546
0.0259546
0.0259546
0.0259546
0.0259546
0.0259546
0.0259546
0.0259546
0.0259546
0.0259546
0.0259546
0.0259546
0.0259546
0.0259546
0.0259546
0.0259546
0.0259546
0.0259546
0.0259546
0.0259546
0.0259546
0.0259546
0.0259546
0.0259546
0.0259546
0.0259546
0.0259546
0.0259546
0.0259546
0.0259546
0.0259546
0.0259546
0.0259546
0.0259546
0.0259546
0.0259546
0.0259546
0.0259546
0.0259546
0.0259546
0.0259546
0.0259546
0.0259546
0.0259546
0.0259546
0.0259546
0.0259546
0.0259546
0.0259546
0.0259546
0.0259546
0.0259546
0.0259546
0.0259546
0.0259546
0.0259546
0.0259546
0.0259546
0.0259546
0.0259546
0.0259546
0.0259546
0.0259546
0.0259546
0.0259546
0.0259546
0.0259546
0.0259546
0.0259546
0.0259546
0.0259546
0.0259546
0.0259546
0.0259546
0.0259546
0.0259546
0.0259546
0.0259546
0.0259546
0.0259546
0.0259546
0.0259546
0.0259546
0.0259546
0.0259546
0.0259546
0.0259546
0.0259546
0.0259546
0.0259546
0.0259546
0.0259546
0.0259546
0.0259546
0.0259546
0.0259546
0.0259546
0.0259546
0.0259546
0.0259546
0.0259546
0.0259546
0.0259546
0.0259546
0.0259546
0.0259546
0.0259546
0.0259546
0.0259546
0.0259546
0.0259546
0.0259546
0.0259546
0.0259546
0.0259546
0.0259546
0.0259546
0.0259546
0.0259546
0.0259546
0.0259546
0.0259546
0.0259546
0.0259546
0.0259546
0.0259546
0.0259546
0.0259546
0.0259546
0.0259546
0.0259546
0.0259546
0.0259546
0.0259546
0.0259546
0.0259546
0.0259546
0.0259546
0.0259546
0.0259546
0.0259546
0.0259546
0.0259546
0.0259546
0.0259546
0.0259546
0.0259546
0.0259546
0.0259546
0.0259546
0.0259546
0.0259546
0.0259546
0.0259546
0.0259546
0.0259546
0.0259546
0.0259546
0.0259546
0.0259546
0.0259546
0.0259546
0.0259546
0.0259546
0.0259546
0.0259546
0.0259546
0.0259546
0.0259546
0.0259546
0.0259546
0.0259546
0.0259546
0.0259546
0.0259546
0.0259546
0.0259546
0.0259546
0.0259546
0.0259546
0.0259546
0.0259546
0.0259546
0.0259546
0.0259546
0.0259546
0.0259546
0.0259546
0.0259546
0.0259546
0.0259546
0.0259546
0.0259546
0.0259546
0.0259546
0.0259546
0.0259546
0.0259546
0.0259546
0.0259546
0.0259546
0.0259546
0.0259546
0.0259546
0.0259546
0.0259546
0.0259546
0.0259546
0.0259546
0.0259546
0.0259546
0.0259546
0.0259546
0.0259546
0.0259546
0.0259546
0.0259546
0.0259546
0.0259546
0.0259546
0.0259546
0.0259546
0.0259546
0.0259546
0.0259546
0.0259546
0.0259546
0.0259546
0.0259546
0.0259546
0.0259546
0.0259546
0.0259546
0.0259546
0.0259546
0.0259546
0.0259546
0.0259546
0.0259546
0.0259546
0.0259546
0.0259546
0.0259546
0.0259546
0.0259546
0.0259546
0.0259546
0.0259546
0.0259546
0.0259546
0.0259546
0.0259546
0.0259546
0.0259546
0.0259546
0.0259546
0.0259546
0.0259546
0.0259546
0.0259546
0.0259546
0.0259546
0.0259546
0.0259546
0.0259546
0.0259546
0.0259546
0.0259546
0.0259546
0.0259546
0.0259546
0.0259546
0.0259546
0.0259546
0.0259546
0.0259546
0.0259546
0.0259546
0.0259546
0.0259546
0.0259546
0.0259546
0.0259546
0.0259546
0.0259546
0.0259546
0.0259546
0.0259546
0.0259546
0.0259546
0.0259546
0.0259546
0.0259546
0.0259546
0.0259546
0.0259546
0.0259546
0.0259546
0.0259546
0.0259546
0.0259546
0.0259546
0.0259546
0.0259546
0.0259546
0.0259546
0.0259546
0.0259546
0.0259546
0.0259546
0.0259546
0.0259546
0.0259546
0.0259546
0.0259546
0.0259546
0.0259546
0.0259546
0.0259546
0.0259546
0.0259546
0.0259546
0.0259546
0.0259546
0.0259546
0.0259546
0.0259546
0.0259546
0.0259546
0.0259546
0.0259546
0.0259546
0.0259546
0.0259546
0.0259546
0.0259546
0.0259546
0.0259546
0.0259546
0.0259546
0.0259546
0.0259546
0.0259546
0.0259546
0.0259546
0.0259546
0.0259546
0.0259546
0.0259546
0.0259546
0.0259546
0.0259546
0.0259546
0.0259546
0.0259546
0.0259546
0.0259546
0.0259546
0.0259546
0.0259546
0.0259546
0.0259546
0.0259546
0.0259546
0.0259546
0.0259546
0.0259546
0.0259546
0.0259546
0.0259546
0.0259546
0.0259546
0.0259546
0.0259546
0.0259546
0.0259546
0.0259546
0.0259546
0.0259546
0.0259546
0.0259546
0.0259546
0.0259546
0.0259546
0.0259546
0.0259546
0.0259546
0.0259546
0.0259546
0.0259546
0.0259546
0.0259546
0.0259546
0.0259546
0.0259546
0.0259546
0.0259546
0.0259546
0.0259546
0.0259546
0.0259546
0.0259546
0.0259546
0.0259546
0.0259546
0.0259546
0.0259546
0.0259546
0.0259546
0.0259546
0.0259546
0.0259546
0.0259546
0.0259546
0.0259546
0.0259546
0.0259546
0.0259546
0.0259546
0.0259546
0.0259546
0.0259546
0.0259546
0.0259546
0.0259546
0.0259546
0.0259546
0.0259546
0.0259546
0.0259546
0.0259546
0.0259546
0.0259546
0.0259546
0.0259546
0.0259546
0.0259546
0.0259546
0.0259546
0.0259546
0.0259546
0.0259546
0.0259546
0.0259546
0.0259546
0.0259546
0.0259546
0.0259546
0.0259546
0.0259546
0.0259546
0.0259546
0.0259546
0.0259546
0.0259546
0.0259546
0.0259546
0.0259546
0.0259546
0.0259546
0.0259546
0.0259546
0.0259546
0.0259546
0.0259546
0.0259546
0.0259546
0.0259546
0.0259546
0.0259546
0.0259546
0.0259546
