2.66871e+08
6.76428e+07
3.13822e+07
9.00921e+06
1.65282e+06
1.65282e+06
1.65282e+06
1.65282e+06
1.65282e+06
1.65282e+06
1.31742e+06
608167
322468
322468
322468
150389
150389
150389
150389
150389
142481
92768.4
22225.7
14951.8
9698.72
9698.72
2464.48
2464.48
2464.48
2464.48
2464.48
2464.48
2464.48
2216.27
2067.56
1909.42
1408.98
967.44
745.151
681.156
508.163
403.075
265.294
205.994
155.72
155.72
106.556
72.1208
72.1208
72.1208
72.1208
72.1208
71.5771
71.5771
50.7674
50.7674
50.7674
50.7674
43.876
30.8438
28.3701
28.3701
27.6284
25.9653
22.5868
18.4182
18.4182
18.4182
18.4182
18.4182
18.4182
18.4182
18.4182
18.4182
17.8052
15.472
15.472
14.6932
14.6932
14.1028
14.1028
14.1028
14.1028
14.1028
14.1028
14.0035
13.7988
13.6543
13.6543
13.6008
13.5394
13.3486
13.3445
13.3323
13.2359
13.2255
13.1492
13.1204
12.988
12.988
12.8705
12.8459
12.7458
12.732
12.6516
12.6143
12.5535
12.5019
12.46
12.4066
12.3604
12.3014
12.2492
12.2088
12.1672
12.1098
12.0526
12.0151
11.9588
11.9213
11.8737
11.8273
11.7702
11.7386
11.6951
11.6465
11.6067
11.5518
11.519
11.4597
11.4311
11.3874
11.3321
11.3058
11.276
11.2351
11.2024
11.1723
11.1243
11.091
11.0489
11.0131
10.9818
10.9448
10.9166
10.8776
10.8318
10.814
10.7782
10.7576
10.723
10.6847
10.6427
10.6129
10.5928
10.5536
10.5311
10.4995
10.473
10.454
10.4219
10.3939
10.3771
10.3542
10.334
10.3112
10.2883
10.2668
10.2456
10.2284
10.2084
10.1891
10.1701
10.1415
10.1239
10.0987
10.0807
10.06
10.0268
10.0175
9.99178
9.97068
9.95388
9.93107
9.9081
9.88878
9.86512
9.83994
9.8197
9.79474
9.76894
9.74719
9.72333
9.69633
9.67188
9.64822
9.62474
9.59493
9.57158
9.54657
9.51949
9.48304
9.45809
9.43762
9.40726
9.38536
9.36339
9.33473
9.31386
9.27681
9.25531
9.22439
9.19738
9.17031
9.1456
9.11192
9.09405
9.05968
9.03639
9.00552
8.97848
8.95006
8.92237
8.8899
8.86342
8.82811
8.79955
8.76218
8.73047
8.70719
8.67202
8.64062
8.60766
8.56621
8.54517
8.50885
8.48281
8.45116
8.42017
8.39111
8.35632
8.32664
8.29302
8.26627
8.22842
8.19725
8.16313
8.11551
8.09474
8.06133
8.03071
7.9898
7.96741
7.93907
7.908
7.87756
7.84823
7.82003
7.79155
7.75871
7.72945
7.68002
7.65965
7.62831
7.59379
7.56295
7.52974
7.50258
7.46959
7.43687
7.41269
7.38291
7.35171
7.32539
7.29846
7.26777
7.23621
7.2087
7.17254
7.14653
7.10956
7.08232
7.05616
7.01637
6.99384
6.95768
6.92861
6.90056
6.87275
6.84155
6.81414
6.79039
6.76211
6.73007
6.70676
6.67545
6.64573
6.60898
6.59257
6.56727
6.54086
6.50463
6.48052
6.45707
6.41817
6.3984
6.36733
6.34208
6.31397
6.28671
6.24856
6.22892
6.20139
6.17515
6.15054
6.12656
6.10197
6.07466
6.04839
6.02065
5.98285
5.96203
5.93754
5.90971
5.88585
5.86005
5.83525
5.81187
5.7903
5.76837
5.7466
5.7113
5.70093
5.67825
5.65649
5.63881
5.61419
5.5888
5.56721
5.5412
5.52225
5.49957
5.47675
5.45954
5.43286
5.4195
5.40153
5.38051
5.36171
5.33949
5.32508
5.30769
5.29098
5.26611
5.25232
5.22848
5.21383
5.19467
5.17332
5.15027
5.12706
5.11196
5.08985
5.06843
5.05143
5.0312
5.00978
4.9917
4.97254
4.95002
4.93012
4.90868
4.89067
4.8724
4.84622
4.82689
4.80732
4.78527
4.75737
4.73586
4.7177
4.69756
4.67417
4.65645
4.63352
4.61024
4.59218
4.571
4.55146
4.53564
4.51696
4.49755
4.47754
4.45948
4.44124
4.42113
4.40243
4.38238
4.36132
4.34069
4.31763
4.30168
4.28286
4.2544
4.23975
4.21436
4.19635
4.17472
4.15038
4.13024
4.10352
4.08707
4.06304
4.04367
4.01738
3.99647
3.97341
3.95035
3.92569
3.9037
3.87954
3.85174
3.8269
3.79932
3.76794
3.74209
3.70929
3.68678
3.66034
3.62253
3.60341
3.56214
3.5332
3.50451
3.46034
3.43763
3.39245
3.36997
3.34572
3.30575
3.27684
3.24302
3.20967
3.17621
3.13633
3.10364
3.06668
3.0335
2.99574
2.96081
2.93236
2.89392
2.86626
2.83392
2.80276
2.77016
2.74738
2.71627
2.69304
2.67127
2.64885
2.61712
2.59734
2.57863
2.55114
2.52971
2.51009
2.48625
2.46227
2.43923
2.41303
2.39916
2.3689
2.34936
2.3244
2.30082
2.27806
2.25362
2.23218
2.2097
2.19077
2.16664
2.13798
2.11843
2.0928
2.06943
2.05001
2.02632
2.00558
1.98171
1.9617
1.9377
1.90749
1.88983
1.86516
1.83706
1.81757
1.79255
1.76766
1.74437
1.72205
1.69568
1.6748
1.64477
1.62675
1.60215
1.57965
1.55801
1.53571
1.5145
1.49427
1.46965
1.44639
1.43481
1.41766
1.39889
1.38319
1.3657
1.35106
1.33319
1.32024
1.30208
1.28886
1.27359
1.25682
1.24234
1.22358
1.21027
1.18918
1.18043
1.16447
1.14759
1.13185
1.10868
1.10073
1.08689
1.07109
1.05592
1.04046
1.02743
1.01454
0.999978
0.985828
0.973529
0.959572
0.945857
0.931279
0.919886
0.905547
0.891289
0.877732
0.865163
0.852589
0.841355
0.826555
0.816485
0.803208
0.791849
0.780274
0.768257
0.752656
0.74437
0.732328
0.72046
0.710069
0.69756
0.686517
0.676917
0.66442
0.653632
0.644893
0.632859
0.62242
0.611205
0.602646
0.594081
0.584079
0.57697
0.566377
0.559785
0.552818
0.545245
0.537646
0.531559
0.524798
0.517233
0.510732
0.503904
0.497057
0.490653
0.483926
0.477669
0.471002
0.465427
0.459952
0.453241
0.444941
0.44022
0.434147
0.427147
0.422282
0.416791
0.410353
0.40524
0.399161
0.393098
0.385347
0.382374
0.374858
0.372106
0.365838
0.35927
0.354821
0.349761
0.344438
0.340001
0.333267
0.328772
0.324456
0.31967
0.315189
0.31138
0.307313
0.302458
0.299209
0.29536
0.290869
0.287199
0.284109
0.280698
0.277366
0.273015
0.269818
0.265357
0.262488
0.258302
0.25587
0.251892
0.248624
0.245617
0.242406
0.239089
0.236693
0.234065
0.231218
0.228173
0.225615
0.222373
0.220168
0.21752
0.214879
0.213022
0.210487
0.208258
0.20604
0.20385
0.201586
0.199221
0.197487
0.19534
0.192604
0.191305
0.189344
0.187172
0.185253
0.182617
0.180643
0.179339
0.177388
0.175778
0.17325
0.171862
0.169755
0.168184
0.16645
0.164196
0.163136
0.161685
0.159871
0.158645
0.1568
0.155634
0.154306
0.152991
0.15171
0.150366
0.149021
0.147369
0.14635
0.144981
0.143676
0.142545
0.141109
0.139613
0.138759
0.137445
0.136122
0.135088
0.134081
0.132508
0.13169
0.130682
0.12938
0.128422
0.12727
0.125993
0.125158
0.123985
0.122996
0.121686
0.120547
0.119357
0.118216
0.117182
0.116099
0.115038
0.114173
0.113218
0.111918
0.111402
0.109991
0.109223
0.108216
0.107274
0.106058
0.105142
0.10383
0.103053
0.102068
0.101054
0.0997201
0.098875
0.0978938
0.0969906
0.0959166
0.0951862
0.0941866
0.093376
0.0924302
0.0915559
0.090319
0.089524
0.0888359
0.0880744
0.0872295
0.0864502
0.085545
0.0846221
0.0838455
0.0831531
0.0824154
0.0816946
0.0807889
0.0801165
0.0793753
0.078568
0.077885
0.0770234
0.0765177
0.0758301
0.0750841
0.0745047
0.0738517
0.0731951
0.0725178
0.0718551
0.071265
0.0707818
0.0700638
0.0694413
0.0689554
0.0684414
0.0678735
0.0672802
0.0667118
0.0662287
0.065815
0.0651823
0.0646084
0.0639742
0.0634661
0.0628684
0.0623077
0.0616226
0.0611004
0.0605462
0.0599347
0.0594805
0.0589367
0.0582611
0.0577965
0.0571853
0.056722
0.0561107
0.0556735
0.055166
0.0546199
0.0541073
0.0534227
0.0530505
0.0526014
0.0520531
0.0515904
0.0511506
0.0506388
0.0501586
0.0495973
0.0492281
0.0487661
0.0483074
0.0478339
0.0474371
0.0470278
0.0466697
0.0462645
0.0459884
0.0456661
0.0453599
0.0450808
0.044843
0.0445932
0.0443135
0.0440185
0.0437609
0.0434346
0.0431866
0.0429183
0.0426384
0.0423687
0.0420645
0.0418393
0.0415524
0.0412868
0.0410659
0.0408221
0.0406149
0.0403487
0.0401496
0.0398524
0.0396428
0.0394115
0.0392416
0.0390336
0.0388374
0.0385855
0.0383801
0.0381443
0.0378993
0.0378993
0.0378993
0.0378993
0.0378993
0.0378993
0.0378993
0.0378993
0.0378993
0.0378993
0.0378993
0.0378993
0.0378993
0.0378993
0.0378993
0.0378993
0.0378993
0.0378993
0.0378993
0.0378993
0.0378993
0.0378993
0.0378993
0.0378993
0.0378993
0.0378993
0.0378993
0.0378993
0.0378993
0.0378993
0.0378993
0.0378993
0.0378993
0.0378993
0.0378993
0.0378993
0.0378993
0.0378993
0.0378993
0.0378993
0.0378993
0.0378993
0.0378993
0.0378993
0.0378993
0.0378993
0.0378993
0.0378993
0.0378993
0.0378993
0.0378993
0.0378993
0.0378993
0.0378993
0.0378993
0.0378993
0.0378993
0.0378993
0.0378993
0.0378993
0.0378993
0.0378993
0.0378993
0.0378993
0.0378993
0.0378993
0.0378993
0.0378993
0.0378993
0.0378993
0.0378993
0.0378993
0.0378993
0.0378993
0.0378993
0.0378993
0.0378993
0.0378993
0.0378993
0.0378993
0.0378993
0.0378993
0.0378993
0.0378993
0.0378993
0.0378993
0.0378993
0.0378993
0.0378993
0.0378993
0.0378993
0.0378993
0.0378993
0.0378993
0.0378993
0.0378993
0.0378993
0.0378993
0.0378993
0.0378993
0.0378993
0.0378993
0.0378993
0.0378993
0.0378993
0.0378993
0.0378993
0.0378993
0.0378993
0.0378993
0.0378993
0.0378993
0.0378993
0.0378993
0.0378993
0.0378993
0.0378993
0.0378993
0.0378993
0.0378993
0.0378993
0.0378993
0.0378993
0.0378993
0.0378993
0.0378993
0.0378993
0.0378993
0.0378993
0.0378993
0.0378993
0.0378993
0.0378993
0.0378993
0.0378993
0.0378993
0.0378993
0.0378993
0.0378993
0.0378993
0.0378993
0.0378993
0.0378993
0.0378993
0.0378993
0.0378993
0.0378993
0.0378993
0.0378993
0.0378993
0.0378993
0.0378993
0.0378993
0.0378993
0.0378993
0.0378993
0.0378993
0.0378993
0.0378993
0.0378993
0.0378993
0.0378993
0.0378993
0.0378993
0.0378993
0.0378993
0.0378993
0.0378993
0.0378993
0.0378993
0.0378993
0.0378993
0.0378993
0.0378993
0.0378993
0.0378993
0.0378993
0.0378993
0.0378993
0.0378993
0.0378993
0.0378993
0.0378993
0.0378993
0.0378993
0.0378993
0.0378993
0.0378993
0.0378993
0.0378993
0.0378993
0.0378993
0.0378993
0.0378993
0.0378993
0.0378993
0.0378993
0.0378993
0.0378993
0.0378993
0.0378993
0.0378993
0.0378993
0.0378993
0.0378993
0.0378993
0.0378993
0.0378993
0.0378993
0.0378993
0.0378993
0.0378993
0.0378993
0.0378993
0.0378993
0.0378993
0.0378993
0.0378993
0.0378993
0.0378993
0.0378993
0.0378993
0.0378993
0.0378993
0.0378993
0.0378993
0.0378993
0.0378993
0.0378993
0.0378993
0.0378993
0.0378993
0.0378993
0.0378993
0.0378993
0.0378993
0.0378993
0.0378993
0.0378993
0.0378993
0.0378993
0.0378993
0.0378993
0.0378993
0.0378993
0.0378993
0.0378993
0.0378993
0.0378993
0.0378993
0.0378993
0.0378993
0.0378993
0.0378993
0.0378993
0.0378993
0.0378993
0.0378993
0.0378993
0.0378993
0.0378993
0.0378993
0.0378993
0.0378993
0.0378993
0.0378993
0.0378993
0.0378993
0.0378993
0.0378993
0.0378993
0.0378993
0.0378993
0.0378993
0.0378993
0.0378993
0.0378993
0.0378993
0.0378993
0.0378993
0.0378993
0.0378993
0.0378993
0.0378993
0.0378993
0.0378993
0.0378993
0.0378993
0.0378993
0.0378993
0.0378993
0.0378993
0.0378993
0.0378993
0.0378993
0.0378993
0.0378993
0.0378993
0.0378993
0.0378993
0.0378993
0.0378993
0.0378993
0.0378993
0.0378993
0.0378993
0.0378993
0.0378993
0.0378993
0.0378993
0.0378993
0.0378993
0.0378993
0.0378993
0.0378993
0.0378993
0.0378993
0.0378993
0.0378993
0.0378993
0.0378993
0.0378993
0.0378993
0.0378993
0.0378993
0.0378993
0.0378993
0.0378993
0.0378993
0.0378993
0.0378993
0.0378993
0.0378993
0.0378993
0.0378993
0.0378993
0.0378993
0.0378993
0.0378993
0.0378993
0.0378993
0.0378993
0.0378993
0.0378993
0.0378993
0.0378993
0.0378993
0.0378993
0.0378993
0.0378993
0.0378993
0.0378993
0.0378993
0.0378993
0.0378993
0.0378993
0.0378993
0.0378993
0.0378993
0.0378993
0.0378993
0.0378993
0.0378993
0.0378993
0.0378993
0.0378993
0.0378993
0.0378993
0.0378993
0.0378993
0.0378993
0.0378993
0.0378993
0.0378993
0.0378993
0.0378993
0.0378993
0.0378993
0.0378993
0.0378993
0.0378993
0.0378993
0.0378993
0.0378993
0.0378993
0.0378993
0.0378993
0.0378993
0.0378993
0.0378993
0.0378993
0.0378993
0.0378993
0.0378993
0.0378993
0.0378993
0.0378993
0.0378993
0.0378993
0.0378993
0.0378993
0.0378993
0.0378993
0.0378993
0.0378993
0.0378993
0.0378993
0.0378993
0.0378993
0.0378993
0.0378993
0.0378993
0.0378993
0.0378993
0.0378993
0.0378993
0.0378993
0.0378993
0.0378993
0.0378993
0.0378993
0.0378993
0.0378993
0.0378993
0.0378993
0.0378993
0.0378993
0.0378993
0.0378993
0.0378993
0.0378993
0.0378993
0.0378993
0.0378993
0.0378993
0.0378993
0.0378993
0.0378993
0.0378993
0.0378993
0.0378993
0.0378993
0.0378993
0.0378993
0.0378993
0.0378993
0.0378993
0.0378993
0.0378993
0.0378993
0.0378993
0.0378993
0.0378993
0.0378993
0.0378993
0.0378993
0.0378993
0.0378993
0.0378993
0.0378993
0.0378993
0.0378993
0.0378993
0.0378993
0.0378993
0.0378993
0.0378993
0.0378993
0.0378993
0.0378993
0.0378993
0.0378993
0.0378993
0.0378993
0.0378993
0.0378993
0.0378993
0.0378993
0.0378993
0.0378993
0.0378993
0.0378993
0.0378993
0.0378993
0.0378993
0.0378993
0.0378993
0.0378993
0.0378993
0.0378993
0.0378993
0.0378993
0.0378993
0.0378993
0.0378993
0.0378993
0.0378993
0.0378993
0.0378993
0.0378993
0.0378993
0.0378993
0.0378993
0.0378993
0.0378993
0.0378993
0.0378993
0.0378993
0.0378993
0.0378993
0.0378993
0.0378993
0.0378993
0.0378993
0.0378993
0.0378993
0.0378993
0.0378993
0.0378993
0.0378993
0.0378993
0.0378993
0.0378993
0.0378993
0.0378993
0.0378993
0.0378993
0.0378993
0.0378993
0.0378993
0.0378993
0.0378993
0.0378993
0.0378993
0.0378993
0.0378993
0.0378993
0.0378993
0.0378993
0.0378993
0.0378993
0.0378993
0.0378993
0.0378993
0.0378993
0.0378993
0.0378993
0.0378993
0.0378993
0.0378993
0.0378993
0.0378993
0.0378993
0.0378993
0.0378993
0.0378993
0.0378993
0.0378993
0.0378993
0.0378993
0.0378993
0.0378993
0.0378993
0.0378993
0.0378993
0.0378993
0.0378993
0.0378993
0.0378993
0.0378993
0.0378993
0.0378993
0.0378993
0.0378993
0.0378993
0.0378993
0.0378993
0.0378993
0.0378993
0.0378993
0.0378993
0.0378993
0.0378993
0.0378993
0.0378993
0.0378993
0.0378993
0.0378993
0.0378993
0.0378993
0.0378993
0.0378993
0.0378993
0.0378993
0.0378993
0.0378993
0.0378993
0.0378993
0.0378993
0.0378993
0.0378993
0.0378993
0.0378993
0.0378993
0.0378993
0.0378993
0.0378993
0.0378993
0.0378993
0.0378993
0.0378993
0.0378993
0.0378993
0.0378993
0.0378993
0.0378993
0.0378993
0.0378993
0.0378993
0.0378993
0.0378993
0.0378993
0.0378993
0.0378993
0.0378993
0.0378993
0.0378993
0.0378993
0.0378993
0.0378993
0.0378993
0.0378993
0.0378993
0.0378993
0.0378993
0.0378993
0.0378993
0.0378993
0.0378993
0.0378993
0.0378993
0.0378993
0.0378993
0.0378993
0.0378993
0.0378993
0.0378993
0.0378993
0.0378993
0.0378993
0.0378993
0.0378993
0.0378993
0.0378993
0.0378993
0.0378993
0.0378993
0.0378993
0.0378993
0.0378993
0.0378993
0.0378993
0.0378993
0.0378993
0.0378993
0.0378993
0.0378993
0.0378993
0.0378993
0.0378993
0.0378993
0.0378993
0.0378993
0.0378993
0.0378993
0.0378993
0.0378993
0.0378993
0.0378993
0.0378993
0.0378993
0.0378993
0.0378993
0.0378993
0.0378993
0.0378993
0.0378993
0.0378993
0.0378993
0.0378993
0.0378993
0.0378993
0.0378993
0.0378993
0.0378993
0.0378993
0.0378993
0.0378993
0.0378993
0.0378993
0.0378993
0.0378993
0.0378993
0.0378993
0.0378993
0.0378993
0.0378993
0.0378993
0.0378993
0.0378993
0.0378993
0.0378993
0.0378993
0.0378993
0.0378993
0.0378993
0.0378993
0.0378993
0.0378993
0.0378993
0.0378993
0.0378993
0.0378993
0.0378993
0.0378993
0.0378993
0.0378993
0.0378993
0.0378993
0.0378993
0.0378993
0.0378993
0.0378993
0.0378993
0.0378993
0.0378993
0.0378993
0.0378993
0.0378993
0.0378993
0.0378993
0.0378993
0.0378993
0.0378993
0.0378993
0.0378993
0.0378993
0.0378993
0.0378993
0.0378993
0.0378993
0.0378993
0.0378993
0.0378993
0.0378993
0.0378993
0.0378993
0.0378993
0.0378993
0.0378993
0.0378993
0.0378993
0.0378993
0.0378993
0.0378993
0.0378993
0.0378993
0.0378993
0.0378993
0.0378993
0.0378993
0.0378993
0.0378993
0.0378993
0.0378993
0.0378993
0.0378993
0.0378993
0.0378993
0.0378993
0.0378993
0.0378993
0.0378993
0.0378993
0.0378993
0.0378993
0.0378993
0.0378993
0.0378993
0.0378993
0.0378993
0.0378993
0.0378993
0.0378993
0.0378993
0.0378993
0.0378993
0.0378993
0.0378993
0.0378993
0.0378993
0.0378993
0.0378993
0.0378993
0.0378993
0.0378993
0.0378993
0.0378993
0.0378993
0.0378993
0.0378993
0.0378993
0.0378993
0.0378993
0.0378993
0.0378993
0.0378993
0.0378993
0.0378993
0.0378993
0.0378993
0.0378993
0.0378993
0.0378993
0.0378993
0.0378993
0.0378993
0.0378993
0.0378993
0.0378993
0.0378993
0.0378993
0.0378993
0.0378993
0.0378993
0.0378993
0.0378993
0.0378993
0.0378993
0.0378993
0.0378993
0.0378993
0.0378993
0.0378993
0.0378993
0.0378993
0.0378993
0.0378993
0.0378993
0.0378993
0.0378993
0.0378993
0.0378993
0.0378993
0.0378993
0.0378993
0.0378993
0.0378993
0.0378993
0.0378993
0.0378993
0.0378993
0.0378993
0.0378993
0.0378993
0.0378993
0.0378993
0.0378993
0.0378993
0.0378993
0.0378993
0.0378993
0.0378993
0.0378993
0.0378993
0.0378993
0.0378993
0.0378993
0.0378993
0.0378993
0.0378993
0.0378993
0.0378993
0.0378993
0.0378993
0.0378993
0.0378993
0.0378993
0.0378993
0.0378993
0.0378993
0.0378993
0.0378993
0.0378993
0.0378993
0.0378993
0.0378993
0.0378993
0.0378993
0.0378993
0.0378993
0.0378993
0.0378993
0.0378993
0.0378993
0.0378993
0.0378993
0.0378993
0.0378993
0.0378993
0.0378993
0.0378993
0.0378993
0.0378993
0.0378993
0.0378993
0.0378993
0.0378993
0.0378993
0.0378993
0.0378993
0.0378993
0.0378993
0.0378993
0.0378993
0.0378993
0.0378993
0.0378993
0.0378993
0.0378993
0.0378993
0.0378993
0.0378993
0.0378993
0.0378993
0.0378993
0.0378993
0.0378993
0.0378993
0.0378993
0.0378993
0.0378993
0.0378993
0.0378993
0.0378993
0.0378993
0.0378993
0.0378993
0.0378993
0.0378993
0.0378993
0.0378993
0.0378993
0.0378993
0.0378993
0.0378993
0.0378993
0.0378993
0.0378993
0.0378993
0.0378993
0.0378993
0.0378993
0.0378993
0.0378993
0.0378993
0.0378993
0.0378993
0.0378993
0.0378993
0.0378993
0.0378993
0.0378993
0.0378993
0.0378993
0.0378993
0.0378993
0.0378993
0.0378993
0.0378993
0.0378993
0.0378993
0.0378993
0.0378993
0.0378993
0.0378993
0.0378993
0.0378993
0.0378993
0.0378993
0.0378993
0.0378993
0.0378993
0.0378993
0.0378993
0.0378993
0.0378993
0.0378993
