2.20039e+08
8.56994e+07
5.86438e+07
1.08301e+07
6.38918e+06
6.38918e+06
6.38918e+06
4.71881e+06
4.71881e+06
2.69653e+06
2.25535e+06
1.57773e+06
1.57773e+06
201913
201913
201913
201913
96856.2
96856.2
96856.2
96856.2
95617.3
12855.9
12855.9
12855.9
12855.9
12855.9
12826.5
12826.5
12826.5
5885.63
5885.63
2474.98
2474.98
2474.98
2474.98
2474.98
2269.18
2269.18
1908.36
1512.22
1512.22
1505.62
1505.62
863.527
610.398
487.849
487.849
424.651
309.736
298.142
110.978
110.978
110.978
110.978
110.978
110.978
110.978
110.978
81.7715
81.7715
66.5836
66.5836
43.3225
43.3225
43.3225
37.9039
37.9039
32.8592
30.9065
29.2807
25.5774
25.2068
22.5978
21.9922
18.97
17.7582
17.7582
17.7582
15.9763
15.0839
15.0839
15.0773
15.0773
15.0773
14.9537
14.9537
14.5886
14.5568
14.2212
14.0153
13.8799
13.873
13.6404
13.6404
13.6404
13.6211
13.6211
13.5023
13.3858
13.1852
13.1141
13.1141
13.0195
12.9284
12.8713
12.8273
12.6496
12.6496
12.5664
12.4963
12.432
12.3778
12.3145
12.3105
12.2371
12.1906
12.1541
12.0986
12.06
12.0225
11.9577
11.9261
11.8849
11.8239
11.7983
11.7514
11.7122
11.6608
11.6259
11.5762
11.5369
11.4775
11.4369
11.4074
11.3641
11.3157
11.2725
11.2297
11.1871
11.1412
11.1028
11.06
11.0245
10.9861
10.949
10.9027
10.8787
10.8369
10.8019
10.7756
10.7453
10.7121
10.6833
10.6587
10.6276
10.5988
10.5741
10.5503
10.5238
10.4919
10.4659
10.4481
10.4289
10.4061
10.3832
10.3615
10.342
10.3175
10.2982
10.2757
10.2532
10.2357
10.2133
10.1946
10.1749
10.1564
10.1355
10.1122
10.0933
10.0721
10.0483
10.0287
10.0049
9.98291
9.95679
9.93976
9.91758
9.89995
9.88512
9.86131
9.8506
9.82993
9.80636
9.78974
9.77277
9.75746
9.73934
9.7216
9.69692
9.67769
9.65733
9.63428
9.60979
9.58255
9.55215
9.53307
9.50756
9.48531
9.45156
9.42723
9.40868
9.38285
9.35376
9.32546
9.30413
9.27347
9.25019
9.2235
9.19628
9.16604
9.13993
9.11171
9.08445
9.06332
9.03492
9.00655
8.97615
8.94522
8.92063
8.89145
8.86407
8.83352
8.80154
8.77993
8.7446
8.7179
8.68779
8.65453
8.63048
8.60765
8.57875
8.54648
8.52253
8.499
8.47651
8.44637
8.42264
8.39755
8.38307
8.35608
8.33164
8.31196
8.29058
8.26743
8.23818
8.21396
8.19378
8.16351
8.12729
8.10716
8.08555
8.0591
8.04032
8.01187
7.99406
7.96348
7.9393
7.91588
7.89508
7.86694
7.84052
7.81487
7.79284
7.76233
7.73917
7.70974
7.68118
7.65167
7.63552
7.61137
7.58661
7.56231
7.53701
7.51256
7.48727
7.46558
7.43997
7.41671
7.38872
7.36832
7.34883
7.32615
7.30309
7.27926
7.25849
7.23713
7.20877
7.19329
7.17058
7.14787
7.12334
7.10699
7.07019
7.06358
7.03567
7.01518
6.98786
6.962
6.94035
6.91469
6.88484
6.85821
6.83121
6.80432
6.78809
6.76246
6.73772
6.71541
6.69066
6.66147
6.62335
6.59521
6.56349
6.53417
6.50411
6.48501
6.4504
6.431
6.40359
6.36742
6.35579
6.33093
6.30523
6.2756
6.25699
6.2317
6.21132
6.19138
6.17125
6.14741
6.12801
6.11009
6.09313
6.07333
6.05657
6.03488
6.02362
6.01028
5.9958
5.98282
5.96826
5.95455
5.94175
5.92879
5.91311
5.89949
5.88613
5.87222
5.85661
5.84132
5.82665
5.81219
5.79756
5.78055
5.76603
5.75275
5.73658
5.71999
5.70069
5.68621
5.67122
5.65552
5.63976
5.61857
5.60962
5.58783
5.57234
5.5557
5.54104
5.52376
5.50815
5.48751
5.47392
5.45646
5.43775
5.41089
5.39401
5.37047
5.35505
5.32472
5.30804
5.28391
5.2601
5.23509
5.20884
5.18763
5.16838
5.14003
5.11764
5.08944
5.06792
5.04574
5.01972
4.99123
4.97509
4.95241
4.92766
4.90317
4.88025
4.86331
4.83935
4.81906
4.79159
4.77447
4.74815
4.7282
4.70811
4.68787
4.6593
4.6429
4.62803
4.60634
4.58557
4.55838
4.54044
4.52076
4.49825
4.47958
4.45642
4.43543
4.41633
4.39582
4.37709
4.35657
4.32788
4.31208
4.29169
4.27311
4.24866
4.22915
4.19984
4.17562
4.15524
4.12746
4.10564
4.08211
4.06344
4.03561
4.01927
3.99996
3.97446
3.95746
3.93684
3.91621
3.8935
3.87077
3.85187
3.83507
3.815
3.79551
3.77265
3.75144
3.73719
3.71499
3.69389
3.67243
3.64906
3.63328
3.61483
3.59436
3.57113
3.54724
3.52087
3.50314
3.47798
3.45761
3.43516
3.4119
3.38902
3.36951
3.3426
3.32189
3.29794
3.27544
3.2494
3.2266
3.20212
3.1815
3.15384
3.13019
3.11461
3.08667
3.06597
3.04706
3.02631
2.99995
2.98399
2.96211
2.93948
2.91338
2.89599
2.87518
2.85519
2.82771
2.80709
2.78662
2.7647
2.74422
2.72383
2.70361
2.68279
2.66284
2.64348
2.62061
2.60023
2.57935
2.55533
2.53822
2.51652
2.49033
2.47281
2.45404
2.43244
2.41167
2.38786
2.36332
2.33918
2.31617
2.29134
2.26742
2.24254
2.2124
2.19426
2.16613
2.14846
2.11744
2.09428
2.07135
2.04324
2.02166
1.99658
1.97112
1.94088
1.91646
1.88836
1.86029
1.83267
1.80824
1.78744
1.75729
1.73657
1.70953
1.68344
1.66645
1.63923
1.6134
1.59224
1.56892
1.54517
1.51958
1.50225
1.47975
1.45919
1.4364
1.41539
1.39725
1.37597
1.35288
1.33494
1.31005
1.2916
1.27345
1.25317
1.23688
1.21976
1.19992
1.18423
1.16401
1.14787
1.13076
1.11184
1.09391
1.07886
1.06204
1.04928
1.02857
1.01393
0.998862
0.98364
0.963029
0.952336
0.934533
0.919791
0.904761
0.890725
0.87768
0.864318
0.852483
0.840869
0.828515
0.81823
0.805865
0.795344
0.77848
0.771218
0.763014
0.752236
0.741094
0.728158
0.717944
0.705815
0.697128
0.685918
0.672805
0.665071
0.653813
0.642977
0.637458
0.626947
0.619727
0.609121
0.60221
0.590749
0.58316
0.575232
0.566878
0.559249
0.551216
0.543733
0.53515
0.52863
0.520994
0.512864
0.506451
0.500763
0.493712
0.487416
0.481566
0.474574
0.469389
0.463608
0.45847
0.453315
0.446784
0.441931
0.436166
0.430362
0.426091
0.41965
0.415556
0.409449
0.404891
0.400747
0.395281
0.390879
0.386195
0.382314
0.378507
0.37413
0.369435
0.364794
0.360609
0.354518
0.350642
0.346743
0.342406
0.338551
0.333773
0.329301
0.325405
0.321605
0.317321
0.313116
0.30945
0.30545
0.302856
0.299822
0.295769
0.293805
0.291444
0.289075
0.286537
0.283869
0.281611
0.278382
0.276489
0.273741
0.271094
0.268828
0.266548
0.264576
0.261419
0.25895
0.257244
0.254754
0.25222
0.249992
0.24766
0.245179
0.242693
0.240551
0.238516
0.235823
0.23387
0.231334
0.229194
0.22769
0.225431
0.223472
0.221494
0.220315
0.218343
0.216185
0.214283
0.212431
0.210513
0.208564
0.205972
0.204185
0.202154
0.200051
0.197953
0.196165
0.193905
0.192402
0.190324
0.188491
0.186759
0.185179
0.183477
0.181982
0.180001
0.178593
0.177203
0.175655
0.174162
0.172889
0.171292
0.169683
0.168343
0.166908
0.165499
0.16396
0.162482
0.160877
0.159628
0.158152
0.156706
0.155282
0.154158
0.152544
0.151456
0.150429
0.149034
0.147994
0.146969
0.145774
0.144621
0.143753
0.14274
0.141772
0.14055
0.139501
0.138561
0.137518
0.136584
0.13539
0.134554
0.133716
0.132618
0.131879
0.131007
0.130189
0.12918
0.128173
0.127353
0.126572
0.125654
0.124748
0.123914
0.123173
0.12223
0.121648
0.12071
0.11977
0.11894
0.11801
0.117461
0.116439
0.115434
0.114667
0.113715
0.112784
0.11179
0.110946
0.109892
0.108981
0.107959
0.107088
0.105975
0.10516
0.103996
0.103075
0.102377
0.101271
0.100308
0.0996732
0.0985932
0.0974073
0.0965219
0.0956825
0.0946854
0.0939243
0.0931478
0.0920921
0.0914936
0.0906657
0.0898697
0.0891465
0.0883339
0.0870907
0.0867898
0.0857717
0.0849363
0.0843887
0.0837124
0.0829554
0.0820582
0.081651
0.0809764
0.0804059
0.0797547
0.0791704
0.0784758
0.0778357
0.0773297
0.0767859
0.0762416
0.0757997
0.0751825
0.0747106
0.0742872
0.0737097
0.0731519
0.0726175
0.0719858
0.0716824
0.0710419
0.0706171
0.0701274
0.0696468
0.0691124
0.0686605
0.0682117
0.0678351
0.0673891
0.0669442
0.0664756
0.0660991
0.0657312
0.0653655
0.0648853
0.0645933
0.0642711
0.0638702
0.0636526
0.0632887
0.06293
0.0627132
0.0624222
0.0620681
0.0618318
0.0615132
0.0611903
0.0608585
0.0606507
0.0603612
0.060099
0.0599053
0.0596333
0.0594154
0.0590823
0.0589143
0.0586467
0.0583797
0.0581839
0.0579195
0.0576038
0.0573079
0.0571492
0.0568345
0.0565658
0.0562781
0.056027
0.0556687
0.0552191
0.0550125
0.0546083
0.0542758
0.0539747
0.0535875
0.0533008
0.0529144
0.0525749
0.052241
0.0518894
0.0515505
0.0511833
0.0508236
0.0504448
0.0500015
0.0497223
0.0492912
0.0489601
0.0485935
0.0482436
0.0477176
0.0474108
0.047016
0.0466439
0.046263
0.0458595
0.0454929
0.0451386
0.0447957
0.0444475
0.0439215
0.0436991
0.0434084
0.0430846
0.0427191
0.0423946
0.0420196
0.041716
0.0413921
0.041016
0.0406342
0.0402664
0.0399116
0.0395369
0.0391739
0.0387667
0.0383647
0.0380377
0.0376146
0.0373522
0.0369817
0.0365186
0.0362783
0.0359304
0.0354806
0.0351943
0.0349258
0.0346348
0.0343128
0.0340779
0.0337583
0.0334427
0.0332074
0.0329416
0.0326673
0.0324532
0.0321907
0.0318866
0.0316573
0.0314135
0.0312317
0.0309865
0.0307521
0.0305263
0.0302608
0.0300267
0.029842
0.0296205
0.0293707
0.0291009
0.0289293
0.0287012
0.028477
0.028477
0.028477
0.028477
0.028477
0.028477
0.028477
0.028477
0.028477
0.028477
0.028477
0.028477
0.028477
0.028477
0.028477
0.028477
0.028477
0.028477
0.028477
0.028477
0.028477
0.028477
0.028477
0.028477
0.028477
0.028477
0.028477
0.028477
0.028477
0.028477
0.028477
0.028477
0.028477
0.028477
0.028477
0.028477
0.028477
0.028477
0.028477
0.028477
0.028477
0.028477
0.028477
0.028477
0.028477
0.028477
0.028477
0.028477
0.028477
0.028477
0.028477
0.028477
0.028477
0.028477
0.028477
0.028477
0.028477
0.028477
0.028477
0.028477
0.028477
0.028477
0.028477
0.028477
0.028477
0.028477
0.028477
0.028477
0.028477
0.028477
0.028477
0.028477
0.028477
0.028477
0.028477
0.028477
0.028477
0.028477
0.028477
0.028477
0.028477
0.028477
0.028477
0.028477
0.028477
0.028477
0.028477
0.028477
0.028477
0.028477
0.028477
0.028477
0.028477
0.028477
0.028477
0.028477
0.028477
0.028477
0.028477
0.028477
0.028477
0.028477
0.028477
0.028477
0.028477
0.028477
0.028477
0.028477
0.028477
0.028477
0.028477
0.028477
0.028477
0.028477
0.028477
0.028477
0.028477
0.028477
0.028477
0.028477
0.028477
0.028477
0.028477
0.028477
0.028477
0.028477
0.028477
0.028477
0.028477
0.028477
0.028477
0.028477
0.028477
0.028477
0.028477
0.028477
0.028477
0.028477
0.028477
0.028477
0.028477
0.028477
0.028477
0.028477
0.028477
0.028477
0.028477
0.028477
0.028477
0.028477
0.028477
0.028477
0.028477
0.028477
0.028477
0.028477
0.028477
0.028477
0.028477
0.028477
0.028477
0.028477
0.028477
0.028477
0.028477
0.028477
0.028477
0.028477
0.028477
0.028477
0.028477
0.028477
0.028477
0.028477
0.028477
0.028477
0.028477
0.028477
0.028477
0.028477
0.028477
0.028477
0.028477
0.028477
0.028477
0.028477
0.028477
0.028477
0.028477
0.028477
0.028477
0.028477
0.028477
0.028477
0.028477
0.028477
0.028477
0.028477
0.028477
0.028477
0.028477
0.028477
0.028477
0.028477
0.028477
0.028477
0.028477
0.028477
0.028477
0.028477
0.028477
0.028477
0.028477
0.028477
0.028477
0.028477
0.028477
0.028477
0.028477
0.028477
0.028477
0.028477
0.028477
0.028477
0.028477
0.028477
0.028477
0.028477
0.028477
0.028477
0.028477
0.028477
0.028477
0.028477
0.028477
0.028477
0.028477
0.028477
0.028477
0.028477
0.028477
0.028477
0.028477
0.028477
0.028477
0.028477
0.028477
0.028477
0.028477
0.028477
0.028477
0.028477
0.028477
0.028477
0.028477
0.028477
0.028477
0.028477
0.028477
0.028477
0.028477
0.028477
0.028477
0.028477
0.028477
0.028477
0.028477
0.028477
0.028477
0.028477
0.028477
0.028477
0.028477
0.028477
0.028477
0.028477
0.028477
0.028477
0.028477
0.028477
0.028477
0.028477
0.028477
0.028477
0.028477
0.028477
0.028477
0.028477
0.028477
0.028477
0.028477
0.028477
0.028477
0.028477
0.028477
0.028477
0.028477
0.028477
0.028477
0.028477
0.028477
0.028477
0.028477
0.028477
0.028477
0.028477
0.028477
0.028477
0.028477
0.028477
0.028477
0.028477
0.028477
0.028477
0.028477
0.028477
0.028477
0.028477
0.028477
0.028477
0.028477
0.028477
0.028477
0.028477
0.028477
0.028477
0.028477
0.028477
0.028477
0.028477
0.028477
0.028477
0.028477
0.028477
0.028477
0.028477
0.028477
0.028477
0.028477
0.028477
0.028477
0.028477
0.028477
0.028477
0.028477
0.028477
0.028477
0.028477
0.028477
0.028477
0.028477
0.028477
0.028477
0.028477
0.028477
0.028477
0.028477
0.028477
0.028477
0.028477
0.028477
0.028477
0.028477
0.028477
0.028477
0.028477
0.028477
0.028477
0.028477
0.028477
0.028477
0.028477
0.028477
0.028477
0.028477
0.028477
0.028477
0.028477
0.028477
0.028477
0.028477
0.028477
0.028477
0.028477
0.028477
0.028477
0.028477
0.028477
0.028477
0.028477
0.028477
0.028477
0.028477
0.028477
0.028477
0.028477
0.028477
0.028477
0.028477
0.028477
0.028477
0.028477
0.028477
0.028477
0.028477
0.028477
0.028477
0.028477
0.028477
0.028477
0.028477
0.028477
0.028477
0.028477
0.028477
0.028477
0.028477
0.028477
0.028477
0.028477
0.028477
0.028477
0.028477
0.028477
0.028477
0.028477
0.028477
0.028477
0.028477
0.028477
0.028477
0.028477
0.028477
0.028477
0.028477
0.028477
0.028477
0.028477
0.028477
0.028477
0.028477
0.028477
0.028477
0.028477
0.028477
0.028477
0.028477
0.028477
0.028477
0.028477
0.028477
0.028477
0.028477
0.028477
0.028477
0.028477
0.028477
0.028477
0.028477
0.028477
0.028477
0.028477
0.028477
0.028477
0.028477
0.028477
0.028477
0.028477
0.028477
0.028477
0.028477
0.028477
0.028477
0.028477
0.028477
0.028477
0.028477
0.028477
0.028477
0.028477
0.028477
0.028477
0.028477
0.028477
0.028477
0.028477
0.028477
0.028477
0.028477
0.028477
0.028477
0.028477
0.028477
0.028477
0.028477
0.028477
0.028477
0.028477
0.028477
0.028477
0.028477
0.028477
0.028477
0.028477
0.028477
0.028477
0.028477
0.028477
0.028477
0.028477
0.028477
0.028477
0.028477
0.028477
0.028477
0.028477
0.028477
0.028477
0.028477
0.028477
0.028477
0.028477
0.028477
0.028477
0.028477
0.028477
0.028477
0.028477
0.028477
0.028477
0.028477
0.028477
0.028477
0.028477
0.028477
0.028477
0.028477
0.028477
0.028477
0.028477
0.028477
0.028477
0.028477
0.028477
0.028477
0.028477
0.028477
0.028477
0.028477
0.028477
0.028477
0.028477
0.028477
0.028477
0.028477
0.028477
0.028477
0.028477
0.028477
0.028477
0.028477
0.028477
0.028477
0.028477
0.028477
0.028477
0.028477
0.028477
0.028477
0.028477
0.028477
0.028477
0.028477
0.028477
0.028477
0.028477
0.028477
0.028477
0.028477
0.028477
0.028477
0.028477
0.028477
0.028477
0.028477
0.028477
0.028477
0.028477
0.028477
0.028477
0.028477
0.028477
0.028477
0.028477
0.028477
0.028477
0.028477
0.028477
0.028477
0.028477
0.028477
0.028477
0.028477
0.028477
0.028477
0.028477
0.028477
0.028477
0.028477
0.028477
0.028477
0.028477
0.028477
0.028477
0.028477
0.028477
0.028477
0.028477
0.028477
0.028477
0.028477
0.028477
0.028477
0.028477
0.028477
0.028477
0.028477
0.028477
0.028477
0.028477
0.028477
0.028477
0.028477
0.028477
0.028477
0.028477
0.028477
0.028477
0.028477
0.028477
0.028477
0.028477
0.028477
0.028477
0.028477
0.028477
0.028477
0.028477
0.028477
0.028477
0.028477
0.028477
0.028477
0.028477
0.028477
0.028477
0.028477
0.028477
0.028477
0.028477
0.028477
0.028477
0.028477
0.028477
0.028477
0.028477
0.028477
0.028477
0.028477
0.028477
0.028477
0.028477
0.028477
0.028477
0.028477
0.028477
0.028477
0.028477
0.028477
0.028477
0.028477
0.028477
0.028477
0.028477
0.028477
0.028477
0.028477
0.028477
0.028477
0.028477
0.028477
0.028477
0.028477
0.028477
0.028477
0.028477
0.028477
0.028477
0.028477
0.028477
0.028477
0.028477
0.028477
0.028477
0.028477
0.028477
0.028477
0.028477
0.028477
0.028477
0.028477
0.028477
0.028477
0.028477
0.028477
0.028477
0.028477
0.028477
0.028477
0.028477
0.028477
0.028477
0.028477
0.028477
0.028477
0.028477
0.028477
0.028477
0.028477
0.028477
0.028477
0.028477
0.028477
0.028477
0.028477
0.028477
0.028477
0.028477
0.028477
0.028477
0.028477
0.028477
0.028477
0.028477
0.028477
0.028477
0.028477
0.028477
0.028477
0.028477
0.028477
0.028477
0.028477
0.028477
0.028477
0.028477
0.028477
0.028477
0.028477
0.028477
0.028477
0.028477
0.028477
0.028477
0.028477
0.028477
0.028477
0.028477
0.028477
0.028477
0.028477
0.028477
0.028477
0.028477
0.028477
0.028477
0.028477
0.028477
0.028477
0.028477
0.028477
0.028477
0.028477
0.028477
0.028477
0.028477
0.028477
0.028477
0.028477
0.028477
0.028477
0.028477
0.028477
0.028477
0.028477
0.028477
0.028477
0.028477
0.028477
0.028477
0.028477
0.028477
0.028477
0.028477
0.028477
0.028477
0.028477
0.028477
0.028477
0.028477
0.028477
0.028477
0.028477
0.028477
0.028477
0.028477
0.028477
0.028477
0.028477
0.028477
0.028477
0.028477
0.028477
0.028477
0.028477
0.028477
0.028477
0.028477
0.028477
0.0283242
0.0280499
0.0277989
0.0274798
0.0272834
0.0270022
0.0268358
0.0265799
0.0263855
0.0261718
0.0259218
0.0256895
0.0254709
0.0253121
0.0251153
0.024911
0.0246552
0.0245329
0.024338
0.0241492
0.0239631
0.023748
0.0235716
0.0233951
0.0231896
0.022999
0.0227847
0.0226079
0.022354
0.0221978
0.0219701
0.0218098
0.0215869
0.0214137
0.0212371
0.0210222
0.0208436
0.0206838
0.0205414
0.0203547
0.0201855
0.0200065
0.0198468
0.0196975
0.0195305
0.0193615
0.0192002
0.0192002
0.0192002
0.0192002
0.0192002
0.0192002
0.0192002
0.0192002
0.0192002
0.0192002
0.0192002
0.0192002
0.0192002
0.0192002
0.0192002
0.0192002
0.0192002
0.0192002
0.0192002
0.0192002
0.0192002
0.0192002
0.0192002
0.0192002
0.0192002
0.0192002
0.0192002
0.0192002
0.0192002
0.0192002
0.0192002
0.0192002
0.0192002
0.0192002
0.0192002
0.0192002
0.0192002
0.0192002
0.0192002
0.0192002
0.0192002
0.0192002
0.0192002
0.0192002
0.0192002
0.0192002
0.0192002
0.0192002
0.0192002
0.0192002
0.0192002
0.0192002
0.0192002
0.0192002
0.0192002
0.0192002
0.0192002
0.0192002
0.0192002
0.0192002
0.0192002
0.0192002
0.0192002
0.0192002
0.0192002
0.0192002
0.0192002
0.0192002
0.0192002
0.0192002
0.0192002
0.0192002
0.0192002
0.0192002
0.0192002
0.0192002
0.0192002
0.0192002
0.0192002
0.0192002
0.0192002
0.0192002
0.0192002
0.0192002
0.0192002
0.0192002
0.0192002
0.0192002
0.0192002
0.0192002
0.0192002
0.0192002
