1.83038e+08
1.52517e+08
6.50013e+07
8.74062e+06
8.74062e+06
6.03425e+06
5.48285e+06
4.4256e+06
2.49348e+06
2.49348e+06
1.76418e+06
1.52803e+06
1.10667e+06
1.10667e+06
1.10667e+06
1.10667e+06
917187
322560
306454
211446
191727
125340
97349.6
31800
31800
24817.4
14196.3
14196.3
13778.9
10528
8782.2
7572.42
4218.33
4218.33
2958.32
2958.32
2958.32
2061.62
563.972
563.972
563.972
563.972
359.04
192.257
192.257
192.257
191.067
153.24
153.24
74.3356
74.3356
70.6822
44.8688
39.8573
39.8573
39.2204
39.2204
39.2204
39.2204
39.2204
39.2204
39.2204
28.3359
28.3359
25.6534
22.3047
21.337
19.3524
19.3524
19.2385
17.7659
15.7347
15.287
15.287
14.9039
14.072
13.4395
12.6829
12.6829
12.4801
12.4801
12.4801
12.3478
11.7877
11.77
11.6911
11.3598
11.2901
11.2672
11.0904
11.0882
11.0408
11.0087
11.0065
10.9892
10.9133
10.8682
10.7732
10.7107
10.6522
10.6118
10.5633
10.5328
10.4374
10.4374
10.4215
10.3534
10.3381
10.3026
10.2682
10.247
10.2101
10.1814
10.1443
10.1147
10.0859
10.0611
10.0312
10.0027
9.96806
9.93596
9.91819
9.88697
9.86583
9.83818
9.81727
9.79054
9.75205
9.74982
9.71848
9.69928
9.67439
9.63756
9.62286
9.59672
9.5665
9.53861
9.50954
9.47273
9.45577
9.42341
9.3967
9.37085
9.34321
9.3232
9.29921
9.27556
9.25415
9.23195
9.20828
9.18983
9.16471
9.14249
9.12363
9.10074
9.07567
9.05551
9.03646
9.00867
8.98575
8.96511
8.93746
8.90654
8.8832
8.85375
8.83393
8.8081
8.77922
8.75203
8.72741
8.69914
8.67714
8.65119
8.62229
8.5995
8.56201
8.54297
8.5203
8.49858
8.46964
8.45043
8.42564
8.40249
8.37867
8.35406
8.32255
8.30832
8.2799
8.25282
8.21332
8.19649
8.16989
8.13835
8.11538
8.07868
8.05158
8.02325
7.99453
7.95905
7.93024
7.89202
7.86102
7.83431
7.80675
7.77091
7.72946
7.70323
7.67682
7.6437
7.61503
7.58943
7.5382
7.52873
7.49331
7.46413
7.43092
7.39749
7.36266
7.33816
7.30581
7.28274
7.25583
7.23019
7.19995
7.16912
7.13882
7.1141
7.0837
7.05836
7.02651
7.00432
6.98088
6.95346
6.92987
6.90584
6.8709
6.84614
6.81857
6.79602
6.76882
6.74444
6.72025
6.69674
6.67241
6.64793
6.62131
6.60054
6.57959
6.55675
6.53884
6.519
6.49533
6.4768
6.45855
6.43862
6.42162
6.40408
6.38754
6.37028
6.35586
6.33903
6.32167
6.3073
6.28871
6.27448
6.25616
6.24001
6.22582
6.21208
6.19761
6.18104
6.16778
6.15198
6.13938
6.12282
6.10703
6.08705
6.07133
6.05188
6.03405
6.01962
6.00113
5.98132
5.96388
5.9455
5.922
5.91158
5.89175
5.87598
5.84989
5.82603
5.81236
5.78798
5.77085
5.7476
5.72522
5.70512
5.68719
5.66756
5.64902
5.62826
5.60919
5.58834
5.56753
5.54765
5.51444
5.49902
5.46842
5.44463
5.42405
5.39902
5.36614
5.34211
5.31368
5.28829
5.26149
5.23254
5.20394
5.17688
5.1499
5.12373
5.0945
5.07094
5.04717
5.0222
4.99475
4.97052
4.94659
4.92688
4.90432
4.8763
4.86088
4.83836
4.81619
4.79005
4.7699
4.74272
4.72222
4.70264
4.6766
4.65308
4.62785
4.60722
4.5908
4.56422
4.54594
4.51825
4.49465
4.47428
4.44989
4.42041
4.39733
4.3748
4.34727
4.31603
4.29695
4.26535
4.24409
4.21735
4.19685
4.16879
4.1439
4.12187
4.09544
4.06999
4.04766
4.01873
3.99518
3.96759
3.94646
3.91743
3.8977
3.86658
3.8455
3.82286
3.80089
3.76957
3.75501
3.72862
3.70775
3.68817
3.66694
3.6472
3.62838
3.60334
3.58335
3.5611
3.54428
3.52072
3.49966
3.48331
3.46061
3.43902
3.4212
3.40035
3.3784
3.36409
3.34055
3.3184
3.29597
3.2772
3.25774
3.23622
3.20986
3.18305
3.15658
3.13507
3.10544
3.08574
3.0633
3.03535
3.01772
2.99369
2.9688
2.9441
2.92069
2.89856
2.87692
2.85165
2.83005
2.80326
2.78057
2.75493
2.72857
2.71363
2.68644
2.66677
2.64447
2.61397
2.59677
2.57355
2.55228
2.52703
2.49708
2.46974
2.45295
2.43626
2.41657
2.38977
2.37352
2.34655
2.3242
2.29591
2.27724
2.24948
2.22704
2.20135
2.17539
2.15085
2.12894
2.10535
2.08032
2.05503
2.02724
2.0067
1.98291
1.96107
1.93271
1.91496
1.8936
1.86692
1.84108
1.81825
1.79716
1.7743
1.75415
1.73461
1.71527
1.69084
1.67566
1.64484
1.63072
1.60879
1.58868
1.57176
1.54724
1.52257
1.5099
1.48843
1.46402
1.44466
1.42939
1.40935
1.38681
1.36297
1.34744
1.32706
1.30832
1.28857
1.26855
1.24528
1.23126
1.2111
1.19568
1.17693
1.16041
1.14682
1.13352
1.11831
1.10173
1.08631
1.07305
1.05803
1.04472
1.03215
1.01205
0.999542
0.977668
0.968273
0.961715
0.949341
0.937503
0.92295
0.909644
0.898128
0.88692
0.877625
0.864033
0.849686
0.841335
0.83153
0.815233
0.807024
0.794731
0.785558
0.775305
0.766044
0.753884
0.745319
0.736348
0.726635
0.718086
0.710344
0.702801
0.694736
0.689119
0.682148
0.674922
0.666625
0.660199
0.653376
0.645985
0.638068
0.630857
0.623462
0.615999
0.609658
0.601934
0.593576
0.588433
0.579929
0.571427
0.566723
0.557467
0.550819
0.543124
0.536419
0.529844
0.523819
0.516333
0.510247
0.50426
0.498283
0.490033
0.482192
0.476005
0.467317
0.460745
0.456017
0.450354
0.443535
0.436775
0.430949
0.424775
0.41868
0.412604
0.407348
0.401259
0.395743
0.390755
0.38535
0.379585
0.374541
0.370574
0.366359
0.361988
0.358003
0.353368
0.348897
0.344943
0.34045
0.337626
0.333609
0.330719
0.3274
0.323984
0.320245
0.317207
0.314469
0.31134
0.30757
0.30372
0.301044
0.297936
0.294513
0.290613
0.287677
0.283546
0.28074
0.277725
0.274818
0.271326
0.268498
0.26623
0.263019
0.260695
0.257714
0.254944
0.252036
0.248951
0.246783
0.244715
0.241873
0.240133
0.237905
0.235703
0.233413
0.231394
0.229733
0.227732
0.22526
0.223656
0.220905
0.219634
0.21673
0.215233
0.212665
0.210519
0.208088
0.205664
0.203659
0.201361
0.198814
0.196804
0.194877
0.192719
0.190508
0.188333
0.186866
0.184097
0.182492
0.180914
0.17913
0.177374
0.175804
0.174125
0.172403
0.170742
0.168903
0.166907
0.165448
0.163488
0.161501
0.159865
0.157908
0.155805
0.154632
0.152994
0.151436
0.14991
0.148514
0.146886
0.145221
0.14395
0.142439
0.140933
0.139788
0.138103
0.137184
0.135598
0.134353
0.133547
0.132159
0.13102
0.130078
0.128842
0.127641
0.126416
0.125379
0.12419
0.123228
0.122063
0.120775
0.119569
0.118819
0.117685
0.116758
0.115442
0.114526
0.113491
0.112605
0.111456
0.110327
0.109585
0.108544
0.107403
0.106597
0.105419
0.104349
0.103476
0.102477
0.101355
0.100488
0.0997085
0.0986594
0.0976439
0.0968075
0.0958566
0.0950173
0.093925
0.0932706
0.0924447
0.0916815
0.0907999
0.0899742
0.08923
0.0884788
0.0877813
0.0870265
0.0864664
0.0859815
0.0852654
0.0845778
0.0841188
0.0835057
0.0829179
0.0823571
0.0818416
0.0813867
0.0809168
0.080388
0.0798762
0.0794637
0.0790309
0.0785712
0.0780587
0.0777178
0.0771919
0.076899
0.0765023
0.0761755
0.0757537
0.0754336
0.0750278
0.0747038
0.0743639
0.0743639
0.0743639
0.0743639
0.0743639
0.0743639
0.0743639
0.0743639
0.0743639
0.0743639
0.0743639
0.0743639
0.0743639
0.0743639
0.0743639
0.0743639
0.0743639
0.0743639
0.0743639
0.0743639
0.0743639
0.0743639
0.0743639
0.0743639
0.0743639
0.0743639
0.0743639
0.0743639
0.0743639
0.0743639
0.0743639
0.0743639
0.0743639
0.0743639
0.0743639
0.0743639
0.0743639
0.0743639
0.0743639
0.0743639
0.0743639
0.0743639
0.0743639
0.0743639
0.0743639
0.0743639
0.0743639
0.0743639
0.0743639
0.0743639
0.0743639
0.0743639
0.0743639
0.0743639
0.0743639
0.0743639
0.0743639
0.0743639
0.0743639
0.0743639
0.0743639
0.0743639
0.0743639
0.0743639
0.0743639
0.0743639
0.0743639
0.0743639
0.0743639
0.0743639
0.0743639
0.0743639
0.0743639
0.0743639
0.0743639
0.0743639
0.0743639
0.0743639
0.0743639
0.0743639
0.0743639
0.0743639
0.0743639
0.0743639
0.0743639
0.0743639
0.0743639
0.0743639
0.0743639
0.0743639
0.0743639
0.0743639
0.0743639
0.0743639
0.0743639
0.0743639
0.0743639
0.0743639
0.0743639
0.0743639
0.0743639
0.0743639
0.0743639
0.0743639
0.0743639
0.0743639
0.0743639
0.0743639
0.0743639
0.0743639
0.0743639
0.0743639
0.0743639
0.0743639
0.0743639
0.0743639
0.0743639
0.0743639
0.0743639
0.0743639
0.0743639
0.0743639
0.0743639
0.0743639
0.0743639
0.0743639
0.0743639
0.0743639
0.0743639
0.0743639
0.0743639
0.0743639
0.0743639
0.0743639
0.0743639
0.0743639
0.0743639
0.0743639
0.0743639
0.0743639
0.0743639
0.0743639
0.0743639
0.0743639
0.0743639
0.0743639
0.0743639
0.0743639
0.0743639
0.0743639
0.0743639
0.0743639
0.0743639
0.0743639
0.0743639
0.0743639
0.0743639
0.0743639
0.0743639
0.0743639
0.0743639
0.0743639
0.0743639
0.0743639
0.0743639
0.0743639
0.0743639
0.0743639
0.0743639
0.0743639
0.0743639
0.0743639
0.0743639
0.0743639
0.0743639
0.0743639
0.0743639
0.0743639
0.0743639
0.0743639
0.0743639
0.0743639
0.0743639
0.0743639
0.0743639
0.0743639
0.0743639
0.0743639
0.0743639
0.0743639
0.0743639
0.0743639
0.0743639
0.0743639
0.0743639
0.0743639
0.0743639
0.0743639
0.0743639
0.0743639
0.0743639
0.0743639
0.0743639
0.0743639
0.0743639
0.0743639
0.0743639
0.0743639
0.0743639
0.0743639
0.0743639
0.0743639
0.0743639
0.0743639
0.0743639
0.0743639
0.0743639
0.0743639
0.0743639
0.0743639
0.0743639
0.0743639
0.0743639
0.0743639
0.0743639
0.0743639
0.0743639
0.0743639
0.0743639
0.0743639
0.0743639
0.0743639
0.0743639
0.0743639
0.0743639
0.0743639
0.0743639
0.0743639
0.0743639
0.0743639
0.0743639
0.0743639
0.0743639
0.0743639
0.0743639
0.0743639
0.0743639
0.0743639
0.0743639
0.0743639
0.0743639
0.0743639
0.0743639
0.0743639
0.0743639
0.0743639
0.0743639
0.0743639
0.0743639
0.0743639
0.0743639
0.0743639
0.0743639
0.0743639
0.0743639
0.0743639
0.0743639
0.0743639
0.0743639
0.0743639
0.0743639
0.0743639
0.0743639
0.0743639
0.0743639
0.0743639
0.0743639
0.0743639
0.0743639
0.0743639
0.0743639
0.0743639
0.0743639
0.0743639
0.0743639
0.0743639
0.0743639
0.0743639
0.0743639
0.0743639
0.0743639
0.0743639
0.0743639
0.0743639
0.0743639
0.0743639
0.0743639
0.0743639
0.0743639
0.0743639
0.0743639
0.0743639
0.0743639
0.0743639
0.0743639
0.0743639
0.0743639
0.0743639
0.0743639
0.0743639
0.0743639
0.0743639
0.0743639
0.0743639
0.0743639
0.0743639
0.0743639
0.0743639
0.0743639
0.0743639
0.0743639
0.0743639
0.0743639
0.0743639
0.0743639
0.0743639
0.0743639
0.0743639
0.0743639
0.0743639
0.0743639
0.0743639
0.0743639
0.0743639
0.0743639
0.0743639
0.0743639
0.0743639
0.0743639
0.0743639
0.0743639
0.0743639
0.0743639
0.0743639
0.0743639
0.0743639
0.0743639
0.0743639
0.0743639
0.0743639
0.0743639
0.0743639
0.0743639
0.0743639
0.0743639
0.0743639
0.0743639
0.0743639
0.0743639
0.0743639
0.0743639
0.0743639
0.0743639
0.0743639
0.0743639
0.0743639
0.0743639
0.0743639
0.0743639
0.0743639
0.0743639
0.0743639
0.0743639
0.0743639
0.0743639
0.0743639
0.0743639
0.0743639
0.0743639
0.0743639
0.0743639
0.0743639
0.0743639
0.0743639
0.0743639
0.0743639
0.0743639
0.0743639
0.0743639
0.0743639
0.0743639
0.0743639
0.0743639
0.0743639
0.0743639
0.0743639
0.0743639
0.0743639
0.0743639
0.0743639
0.0743639
0.0743639
0.0743639
0.0743639
0.0743639
0.0743639
0.0743639
0.0743639
0.0743639
0.0743639
0.0743639
0.0743639
0.0743639
0.0743639
0.0743639
0.0743639
0.0743639
0.0743639
0.0743639
0.0743639
0.0743639
0.0743639
0.0743639
0.0743639
0.0743639
0.0743639
0.0743639
0.0743639
0.0743639
0.0743639
0.0743639
0.0743639
0.0743639
0.0743639
0.0743639
0.0743639
0.0743639
0.0743639
0.0743639
0.0743639
0.0743639
0.0743639
0.0743639
0.0743639
0.0743639
0.0743639
0.0743639
0.0743639
0.0743639
0.0743639
0.0743639
0.0743639
0.0743639
0.0743639
0.0743639
0.0743639
0.0743639
0.0743639
0.0743639
0.0743639
0.0743639
0.0743639
0.0743639
0.0743639
0.0743639
0.0743639
0.0743639
0.0743639
0.0743639
0.0743639
0.0743639
0.0743639
0.0743639
0.0743639
0.0743639
0.0743639
0.0743639
0.0743639
0.0743639
0.0743639
0.0743639
0.0743639
0.0743639
0.0743639
0.0743639
0.0743639
0.0743639
0.0743639
0.0743639
0.0743639
0.0743639
0.0743639
0.0743639
0.0743639
0.0743639
0.0743639
0.0743639
0.0743639
0.0743639
0.0743639
0.0743639
0.0743639
0.0743639
0.0743639
0.0743639
0.0743639
0.0743639
0.0743639
0.0743639
0.0743639
0.0743639
0.0743639
0.0743639
0.0743639
0.0743639
0.0743639
0.0743639
0.0743639
0.0743639
0.0743639
0.0743639
0.0743639
0.0743639
0.0743639
0.0743639
0.0743639
0.0743639
0.0743639
0.0743639
0.0743639
0.0743639
0.0743639
0.0743639
0.0743639
0.0743639
0.0743639
0.0743639
0.0743639
0.0743639
0.0743639
0.0743639
0.0743639
0.0743639
0.0743639
0.0743639
0.0743639
0.0743639
0.0743639
0.0743639
0.0743639
0.0743639
0.0743639
0.0743639
0.0743639
0.0743639
0.0743639
0.0743639
0.0743639
0.0743639
0.0743639
0.0743639
0.0743639
0.0743639
0.0743639
0.0743639
0.0743639
0.0743639
0.0743639
0.0743639
0.0743639
0.0743639
0.0743639
0.0743639
0.0743639
0.0743639
0.0743639
0.0743639
0.0743639
0.0743639
0.0743639
0.0743639
0.0743639
0.0743639
0.0743639
0.0743639
0.0743639
0.0743639
0.0743639
0.0743639
0.0743639
0.0743639
0.0743639
0.0743639
0.0743639
0.0743639
0.0743639
0.0743639
0.0743639
0.0743639
0.0743639
0.0743639
0.0743639
0.0743639
0.0743639
0.0743639
0.0743639
0.0743639
0.0743639
0.0743639
0.0743639
0.0743639
0.0743639
0.0743639
0.0743639
0.0743639
0.0743639
0.0743639
0.0743639
0.0743639
0.0743639
0.0743639
0.0743639
0.0743639
0.0743639
0.0743639
0.0743639
0.0743639
0.0743639
0.0743639
0.0743639
0.0743639
0.0743639
0.0743639
0.0743639
0.0743639
0.0743639
0.0743639
0.0743639
0.0743639
0.0743639
0.0743639
0.0743639
0.0743639
0.0743639
0.0743639
0.0743639
0.0743639
0.0743639
0.0743639
0.0743639
0.0743639
0.0743639
0.0743639
0.0743639
0.0743639
0.0743639
0.0743639
0.0743639
0.0743639
0.0743639
0.0743639
0.0743639
0.0743639
0.0743639
0.0743639
0.0743639
0.0743639
0.0743639
0.0743639
0.0743639
0.0743639
0.0743639
0.0743639
0.0743639
0.0743639
0.0743639
0.0743639
0.0743639
0.0743639
0.0743639
0.0743639
0.0743639
0.0743639
0.0743639
0.0743639
0.0743639
0.0743639
0.0743639
0.0743639
0.0743639
0.0743639
0.0743639
0.0743639
0.0743639
0.0743639
0.0743639
0.0743639
0.0743639
0.0740854
0.0735498
0.072898
0.0723949
0.0718536
0.0713591
0.0706809
0.0703222
0.0697971
0.069326
0.0688012
0.0683211
0.0678298
0.067297
0.0668006
0.0664371
0.0659141
0.0654293
0.064927
0.0644189
0.0638967
0.0634678
0.062974
0.0623671
0.0619411
0.0614469
0.0609084
0.0604004
0.0597848
0.0593176
0.0589024
0.0582778
0.0579532
0.0572942
0.0568426
0.0562332
0.0557261
0.055158
0.0545536
0.0540505
0.0535411
0.0530888
0.0525837
0.0521732
0.0516478
0.0511742
0.0507222
0.0503065
0.04982
0.0493748
0.0488927
0.0484203
0.0480708
0.0475698
0.0470477
0.0467175
0.0463289
0.0458342
0.0453527
0.0449352
0.0443699
0.0440173
0.0435913
0.0430943
0.0426266
0.0422998
0.0419244
0.0415491
0.041044
0.0406564
0.0401508
0.0398258
0.0394464
0.0390657
0.0386963
0.0383552
0.0379695
0.0376956
0.037324
0.0369411
0.0366679
0.0363185
0.0359756
0.0356926
0.0352283
0.0350175
0.034636
0.034282
0.0339955
0.0337189
0.033398
0.0330653
0.0327914
0.0324306
0.0321422
0.0317527
0.0314454
0.0311116
0.0308298
0.0305419
0.0302625
0.0299788
0.0296453
0.0293863
0.0291365
0.0288209
0.0286285
0.0282836
0.0280708
0.027763
0.0275421
0.0271877
0.0269685
0.0267432
0.0263927
0.0261663
0.0258985
0.0256176
0.0253668
0.0250793
0.0247005
0.0245593
0.0242782
0.0240214
0.0237527
0.0235214
0.0232723
0.0230364
0.0227666
0.0225566
0.0223295
0.0221261
0.0219384
0.021715
0.0215225
0.0212622
0.0210691
0.0208795
0.0207191
0.0205373
0.0203699
0.0201817
0.0199766
0.0197896
0.0196754
0.019513
0.0193265
0.0191645
0.0190199
0.0188622
0.0187135
0.018546
0.0183274
0.0182047
0.0180619
0.0179069
0.0177703
0.0177703
0.0177703
0.0177703
0.0177703
0.0177703
0.0177703
0.0177703
0.0177703
0.0177703
0.0177703
0.0177703
0.0177703
0.0177703
0.0177703
0.0177703
0.0177703
0.0177703
0.0177703
0.0177703
0.0177703
0.0177703
0.0177703
0.0177703
0.0177703
0.0177703
0.0177703
0.0177703
0.0177703
0.0177703
0.0177703
0.0177703
0.0177703
0.0177703
0.0177703
0.0177703
0.0177703
0.0177703
0.0177703
0.0177703
0.0177703
0.0177703
0.0177703
0.0177703
0.0177703
0.0177703
0.0177703
0.0177703
0.0177703
0.0177703
0.0177703
0.0177703
0.0177703
0.0177703
0.0177703
0.0177703
0.0177703
0.0177703
0.0177703
0.0177703
0.0177703
0.0177703
0.0177703
0.0177703
0.0177703
0.0177703
0.0177703
0.0177703
0.0177703
0.0177703
0.0177703
0.0177703
0.0177703
0.0177703
0.0177703
0.0177703
0.0177703
0.0177703
0.0177703
0.0177703
0.0177703
0.0177703
0.0177703
0.0177703
0.0177703
0.0177703
0.0177703
0.0177703
0.0177703
0.0177703
0.0177703
0.0177703
0.0177703
0.0177703
0.0177703
0.0177703
0.0177703
0.0177703
0.0177703
0.0177703
0.0177703
0.0177703
0.0177703
0.0177703
0.0177703
0.0177703
0.0177703
0.0177703
0.0177703
0.0177703
0.0177703
0.0177703
0.0177703
0.0177703
0.0177703
0.0177703
0.0177703
0.0177703
0.0177703
0.0177703
0.0177703
0.0177703
0.0177703
0.0177703
0.0177703
0.0177703
0.0177703
0.0177703
0.0177703
0.0177703
0.0177703
0.0177703
0.0177703
0.0177703
0.0177703
0.0177703
0.0177703
0.0177703
0.0177703
0.0177703
0.0177703
0.0177703
0.0177703
0.0177703
0.0177703
0.0177703
0.0177703
0.0177703
0.0177703
0.0177703
0.0177703
0.0177703
0.0177703
0.0177703
0.0177703
0.0177703
0.0177703
0.0177703
0.0177703
0.0177703
0.0177703
0.0177703
0.0177703
0.0177703
0.0177703
0.0177703
0.0177703
0.0177703
0.0177703
0.0177703
0.0177703
0.0177703
0.0177703
0.0177703
0.0177703
0.0177703
0.0177703
0.0177703
0.0177703
0.0177703
0.0177703
0.0177703
0.0177703
0.0177703
0.0177703
0.0177703
0.0177703
0.0177703
0.0177703
0.0177703
0.0177703
0.0177703
0.0177703
0.0177703
0.0177703
0.0177703
0.0177703
0.0177703
0.0177703
0.0177703
0.0177703
0.0177703
0.0177703
0.0177703
0.0177703
