1.1621e+08
3.61963e+07
1.98607e+07
6.39487e+06
5.44675e+06
5.44675e+06
5.44675e+06
5.44675e+06
5.44675e+06
5.44675e+06
5.44675e+06
5.44675e+06
1.69489e+06
1.69489e+06
783397
310176
144079
144079
144079
144079
144079
144079
144079
144079
99144
95395.1
94827
60055.9
39923.1
6918.87
6918.87
6918.87
6918.87
6918.87
6918.87
3864.2
3864.2
3864.2
3864.2
2624.26
2425.88
1562.16
563.201
563.201
563.201
563.201
563.201
445.584
249.237
249.237
249.237
249.237
188.238
150.461
150.461
121.678
106.772
71.4323
71.4323
71.4323
71.4323
64.4052
64.4052
57.9976
57.9691
57.6003
46.4585
46.4585
33.7666
30.3821
30.298
27.2766
23.5466
20.0371
19.0114
16.9986
16.9986
16.9986
16.9836
16.9836
15.6
15.0572
15.0572
15.0572
15.0028
14.5495
14.3357
14.3357
14.3357
14.3357
14.186
14.0778
14.0003
13.8772
13.6828
13.6713
13.5944
13.5944
13.5703
13.5682
13.5118
13.5117
13.4827
13.3975
13.3697
13.357
13.3328
13.2707
13.2353
13.2104
13.178
13.1375
13.1087
13.0888
13.0729
13.0273
12.9857
12.9579
12.9161
12.8821
12.834
12.7997
12.7532
12.7177
12.6741
12.6153
12.5555
12.5129
12.4384
12.4155
12.3649
12.3238
12.2444
12.2098
12.1703
12.1258
12.0775
12.041
12.0088
11.9699
11.9281
11.89
11.8551
11.8223
11.7793
11.7372
11.71
11.6769
11.6422
11.6104
11.5758
11.5429
11.5155
11.4808
11.4513
11.4212
11.39
11.3626
11.3304
11.3043
11.2695
11.2356
11.1986
11.1653
11.1361
11.0887
11.061
11.0307
11.0026
10.9712
10.9392
10.9034
10.8758
10.8414
10.8134
10.7816
10.7543
10.7176
10.6908
10.6602
10.6216
10.5861
10.5625
10.5267
10.5039
10.4664
10.4374
10.4067
10.3758
10.3333
10.3113
10.2759
10.2466
10.2147
10.185
10.1532
10.1178
10.0979
10.0596
10.0312
9.99918
9.9678
9.93769
9.90627
9.88232
9.85438
9.82738
9.79411
9.77716
9.74419
9.71984
9.69294
9.66308
9.63916
9.6138
9.58952
9.56188
9.53764
9.51071
9.48712
9.46315
9.43745
9.41169
9.39272
9.37217
9.34753
9.32334
9.30106
9.2797
9.2585
9.23725
9.21786
9.19321
9.17539
9.15484
9.13282
9.11384
9.09377
9.07206
9.04838
9.02668
9.00571
8.98241
8.96146
8.93923
8.91653
8.89158
8.86368
8.84678
8.82131
8.7955
8.76916
8.74488
8.71635
8.69375
8.67015
8.64295
8.6172
8.59257
8.56462
8.5415
8.50912
8.48295
8.45496
8.42023
8.39119
8.36824
8.32802
8.30134
8.27354
8.24756
8.21507
8.18373
8.14811
8.12081
8.09125
8.06139
8.03453
8.00483
7.98178
7.95346
7.93012
7.90316
7.88121
7.85454
7.82729
7.80603
7.77518
7.7527
7.72155
7.70468
7.67545
7.65389
7.62094
7.60067
7.57436
7.53934
7.51357
7.48422
7.45907
7.43398
7.40141
7.37409
7.34475
7.32081
7.28201
7.26046
7.22935
7.1949
7.17025
7.14707
7.11188
7.08715
7.05467
7.02379
6.98642
6.95279
6.92508
6.88869
6.86572
6.82828
6.797
6.76799
6.73655
6.70306
6.67536
6.64648
6.61431
6.58292
6.55439
6.53077
6.50549
6.47954
6.45308
6.42666
6.40541
6.37617
6.34859
6.32459
6.29366
6.27379
6.24891
6.22625
6.19956
6.17671
6.15623
6.13318
6.11518
6.08648
6.06756
6.0496
6.02689
6.00114
5.97971
5.95738
5.93615
5.91355
5.89122
5.86852
5.84714
5.82265
5.79506
5.77484
5.74705
5.73038
5.7097
5.68838
5.6629
5.64772
5.62767
5.60242
5.58148
5.55945
5.53885
5.51453
5.49209
5.46312
5.44534
5.4229
5.39361
5.37812
5.35159
5.32602
5.3018
5.26598
5.24751
5.22136
5.19477
5.16332
5.14124
5.11307
5.08601
5.06349
5.02108
5.01236
4.98873
4.96657
4.94138
4.91394
4.89791
4.87054
4.85544
4.8315
4.80412
4.78684
4.75873
4.72927
4.70787
4.6831
4.65883
4.63569
4.61461
4.58645
4.55804
4.52489
4.51194
4.48765
4.45989
4.43371
4.41277
4.38801
4.36131
4.34333
4.31831
4.29218
4.27059
4.24853
4.2293
4.20523
4.18228
4.16139
4.1404
4.119
4.10173
4.08068
4.06194
4.04462
4.02964
4.01273
3.99428
3.97568
3.9605
3.93951
3.92356
3.90314
3.8817
3.86556
3.83975
3.821
3.80453
3.77763
3.76158
3.74311
3.72886
3.70868
3.68803
3.67066
3.6553
3.63238
3.61804
3.59747
3.57337
3.56109
3.53933
3.52501
3.50595
3.49006
3.47155
3.45114
3.4329
3.41865
3.39884
3.38019
3.364
3.34509
3.32782
3.30626
3.29244
3.27432
3.25928
3.23967
3.2257
3.20646
3.19173
3.17571
3.15859
3.14222
3.12598
3.10774
3.08902
3.07102
3.04811
3.03477
3.01721
3.00138
2.98015
2.96693
2.94906
2.92597
2.91415
2.89514
2.87719
2.85739
2.84486
2.82835
2.80999
2.79466
2.77711
2.75995
2.74195
2.72847
2.71329
2.6937
2.68039
2.66264
2.64864
2.63447
2.61634
2.60331
2.58656
2.5697
2.55496
2.54209
2.52605
2.51228
2.49683
2.4838
2.47001
2.45457
2.44067
2.42503
2.40535
2.39607
2.38463
2.36931
2.3526
2.34162
2.328
2.31213
2.30044
2.28726
2.27275
2.26068
2.2449
2.23467
2.22015
2.20675
2.19106
2.17603
2.16607
2.14662
2.13579
2.1193
2.10625
2.09128
2.07646
2.06455
2.05228
2.03932
2.02403
2.01339
2.0008
1.98342
1.97254
1.95554
1.94233
1.92086
1.90553
1.89163
1.87721
1.85608
1.83949
1.8224
1.80258
1.7867
1.7664
1.75126
1.73252
1.71596
1.69842
1.67887
1.66414
1.64633
1.62769
1.61252
1.5911
1.57486
1.56014
1.53044
1.51875
1.49494
1.4788
1.45739
1.44038
1.41712
1.39742
1.38263
1.35809
1.33834
1.32192
1.29628
1.28376
1.26436
1.24472
1.22333
1.20734
1.18819
1.17411
1.15632
1.14172
1.12397
1.10694
1.09286
1.07123
1.06046
1.04763
1.03116
1.01599
1.00271
0.984624
0.966955
0.952435
0.933011
0.920096
0.907446
0.892457
0.878758
0.865187
0.850502
0.837612
0.823784
0.80689
0.793762
0.784671
0.773318
0.761038
0.748375
0.737806
0.728481
0.716061
0.707783
0.69871
0.68811
0.678446
0.669286
0.65776
0.649118
0.640722
0.63161
0.623011
0.613265
0.606751
0.595304
0.589031
0.582643
0.574865
0.567423
0.559266
0.551881
0.54323
0.536814
0.528034
0.520901
0.514872
0.5069
0.501128
0.49398
0.488136
0.479506
0.472818
0.466763
0.461619
0.455014
0.448515
0.442676
0.437588
0.428816
0.426839
0.421582
0.416854
0.411903
0.40696
0.403101
0.396448
0.393563
0.388558
0.384688
0.381382
0.376926
0.372907
0.368095
0.364367
0.360088
0.356866
0.352624
0.348647
0.344377
0.341403
0.338379
0.334886
0.332169
0.328892
0.326041
0.323171
0.320254
0.317405
0.314698
0.312017
0.308665
0.306302
0.303669
0.300455
0.297697
0.295691
0.292293
0.29025
0.287642
0.284743
0.281748
0.280008
0.277363
0.274837
0.271988
0.269474
0.267031
0.264072
0.261455
0.258499
0.25561
0.252841
0.249654
0.24708
0.244546
0.242567
0.239018
0.236716
0.234182
0.231215
0.228854
0.226862
0.223802
0.221604
0.219017
0.21672
0.214161
0.211984
0.210001
0.207944
0.20607
0.204112
0.202088
0.200159
0.197976
0.195932
0.194249
0.192359
0.190734
0.188789
0.187289
0.185558
0.183624
0.181759
0.180496
0.178922
0.176986
0.175254
0.173602
0.171703
0.169582
0.167614
0.166001
0.164053
0.162513
0.160558
0.158579
0.157557
0.155542
0.153852
0.152294
0.150382
0.148965
0.147249
0.145195
0.143872
0.141821
0.140203
0.138827
0.137159
0.135449
0.133836
0.132325
0.130661
0.129281
0.127281
0.12586
0.123963
0.121859
0.120757
0.118904
0.117757
0.116177
0.114848
0.113488
0.112261
0.111101
0.10967
0.108595
0.107357
0.106156
0.105077
0.104132
0.102761
0.101841
0.10096
0.0998945
0.0990978
0.0982555
0.0972723
0.0964853
0.0957691
0.0948094
0.094088
0.093302
0.0924741
0.0918735
0.0909328
0.0901603
0.0896804
0.0889887
0.0883748
0.0875548
0.0868655
0.0860822
0.0855108
0.0848392
0.0842403
0.0835636
0.0829332
0.0823536
0.0817414
0.0811639
0.0805044
0.0800003
0.0794245
0.0789982
0.0782315
0.0778344
0.0773063
0.0767284
0.0762652
0.0758303
0.0753385
0.0748333
0.0743471
0.0738346
0.0734756
0.0729749
0.0723871
0.0719703
0.0715272
0.0712235
0.0707734
0.0703532
0.0699232
0.0693744
0.0690545
0.0686553
0.0682637
0.0678472
0.0674132
0.0670843
0.0667575
0.0662892
0.0660074
0.065612
0.065189
0.0647443
0.0642491
0.0638422
0.0633949
0.0628547
0.062472
0.0621174
0.0616967
0.0612599
0.0608752
0.0604957
0.0600914
0.0595682
0.0592389
0.0588746
0.0584356
0.0581217
0.0576998
0.0572871
0.0569647
0.0565998
0.0561977
0.0558197
0.0554705
0.05509
0.0547365
0.05428
0.0540216
0.0535921
0.053176
0.0527689
0.0524508
0.0520716
0.051756
0.0514249
0.0510033
0.0505982
0.0502095
0.0498705
0.0494446
0.0490851
0.0485985
0.0483041
0.0478977
0.0475878
0.0471375
0.0467423
0.0464003
0.0458814
0.0455399
0.0450632
0.0445994
0.0441646
0.0437353
0.0432369
0.04279
0.0424147
0.04193
0.0416173
0.0412013
0.0408741
0.0405225
0.040173
0.0395305
0.0394109
0.0389958
0.0386866
0.038379
0.0380656
0.0377524
0.0373639
0.0370179
0.0367562
0.0364098
0.0360701
0.0357289
0.0354415
0.0350541
0.0347266
0.0344456
0.03406
0.0337618
0.0334837
0.0331832
0.0328713
0.0325772
0.032311
0.0320322
0.031804
0.0314824
0.0311755
0.0309352
0.0306417
0.0302414
0.0299886
0.0297637
0.0295158
0.0292738
0.0290235
0.0288073
0.0286178
0.0284271
0.0282327
0.0280342
0.027854
0.0277145
0.0275164
0.0273886
0.0271796
0.0271796
0.0271796
0.0271796
0.0271796
0.0271796
0.0271796
0.0271796
0.0271796
0.0271796
0.0271796
0.0271796
0.0271796
0.0271796
0.0271796
0.0271796
0.0271796
0.0271796
0.0271796
0.0271796
0.0271796
0.0271796
0.0271796
0.0271796
0.0271796
0.0271796
0.0271796
0.0271796
0.0271796
0.0271796
0.0271796
0.0271796
0.0271796
0.0271796
0.0271796
0.0271796
0.0271796
0.0271796
0.0271796
0.0271796
0.0271796
0.0271796
0.0271796
0.0271796
0.0271796
0.0271796
0.0271796
0.0271796
0.0271796
0.0271796
0.0271796
0.0271796
0.0271796
0.0271796
0.0271796
0.0271796
0.0271796
0.0271796
0.0271796
0.0271796
0.0271796
0.0271796
0.0271796
0.0271796
0.0271796
0.0271796
0.0271796
0.0271796
0.0271796
0.0271796
0.0271796
0.0271796
0.0271796
0.0271796
0.0271796
0.0271796
0.0271796
0.0271796
0.0271796
0.0271796
0.0271796
0.0271796
0.0271796
0.0271796
0.0271796
0.0271796
0.0271796
0.0271796
0.0271796
0.0271796
0.0271796
0.0271796
0.0271796
0.0271796
0.0271796
0.0271796
0.0271796
0.0271796
0.0271796
0.0271796
0.0271796
0.0271796
0.0271796
0.0271796
0.0271796
0.0271796
0.0271796
0.0271796
0.0271796
0.0271796
0.0271796
0.0271796
0.0271796
0.0271796
0.0271796
0.0271796
0.0271796
0.0271796
0.0271796
0.0271796
0.0271796
0.0271796
0.0271796
0.0271796
0.0271796
0.0271796
0.0271796
0.0271796
0.0271796
0.0271796
0.0271796
0.0271796
0.0271796
0.0271796
0.0271796
0.0271796
0.0271796
0.0271796
0.0271796
0.0271796
0.0271796
0.0271796
0.0271796
0.0271796
0.0271796
0.0271796
0.0271796
0.0271796
0.0271796
0.0271796
0.0271796
0.0271796
0.0271796
0.0271796
0.0271796
0.0271796
0.0271796
0.0271796
0.0271796
0.0271796
0.0271796
0.0271796
0.0271796
0.0271796
0.0271796
0.0271796
0.0271796
0.0271796
0.0271796
0.0271796
0.0271796
0.0271796
0.0271796
0.0271796
0.0271796
0.0271796
0.0271796
0.0271796
0.0271796
0.0271796
0.0271796
0.0271796
0.0271796
0.0271796
0.0271796
0.0271796
0.0271796
0.0271796
0.0271796
0.0271796
0.0271796
0.0271796
0.0271796
0.0271796
0.0271796
0.0271796
0.0271796
0.0271796
0.0271796
0.0271796
0.0271796
0.0271796
0.0271796
0.0271796
0.0271796
0.0271796
0.0271796
0.0271796
0.0271796
0.0271796
0.0271796
0.0271796
0.0271796
0.0271796
0.0271796
0.0271796
0.0271796
0.0271796
0.0271796
0.0271796
0.0271796
0.0271796
0.0271796
0.0271796
0.0271796
0.0271796
0.0271796
0.0271796
0.0271796
0.0271796
0.0271796
0.0271796
0.0271796
0.0271796
0.0271796
0.0271796
0.0271796
0.0271796
0.0271796
0.0271796
0.0271796
0.0271796
0.0271796
0.0271796
0.0271796
0.0271796
0.0271796
0.0271796
0.0271796
0.0271796
0.0271796
0.0271796
0.0271796
0.0271796
0.0271796
0.0271796
0.0271796
0.0271796
0.0271796
0.0271796
0.0271796
0.0271796
0.0271796
0.0271796
0.0271796
0.0271796
0.0271796
0.0271796
0.0271796
0.0271796
0.0271796
0.0271796
0.0271796
0.0271796
0.0271796
0.0271796
0.0271796
0.0271796
0.0271796
0.0271796
0.0271796
0.0271796
0.0271796
0.0271796
0.0271796
0.0271796
0.0271796
0.0271796
0.0271796
0.0271796
0.0271796
0.0271796
0.0271796
0.0271796
0.0271796
0.0271796
0.0271796
0.0271796
0.0271796
0.0271796
0.0271796
0.0271796
0.0271796
0.0271796
0.0271796
0.0271796
0.0271796
0.0271796
0.0271796
0.0271796
0.0271796
0.0271796
0.0271796
0.0271796
0.0271796
0.0271796
0.0271796
0.0271796
0.0271796
0.0271796
0.0271796
0.0271796
0.0271796
0.0271796
0.0271796
0.0271796
0.0271796
0.0271796
0.0271796
0.0271796
0.0271796
0.0271796
0.0271796
0.0271796
0.0271796
0.0271796
0.0271796
0.0271796
0.0271796
0.0271796
0.0271796
0.0271796
0.0271796
0.0271796
0.0271796
0.0271796
0.0271796
0.0271796
0.0271796
0.0271796
0.0271796
0.0271796
0.0271796
0.0271796
0.0271796
0.0271796
0.0271796
0.0271796
0.0271796
0.0271796
0.0271796
0.0271796
0.0271796
0.0271796
0.0271796
0.0271796
0.0271796
0.0271796
0.0271796
0.0271796
0.0271796
0.0271796
0.0271796
0.0271796
0.0271796
0.0271796
0.0271796
0.0271796
0.0271796
0.0271796
0.0271796
0.0271796
0.0271796
0.0271796
0.0271796
0.0271796
0.0271796
0.0271796
0.0271796
0.0271796
0.0271796
0.0271796
0.0271796
0.0271796
0.0271796
0.0271796
0.0271796
0.0271796
0.0271796
0.0271796
0.0271796
0.0271796
0.0271796
0.0271796
0.0271796
0.0271796
0.0271796
0.0271796
0.0271796
0.0271796
0.0271796
0.0271796
0.0271796
0.0271796
0.0271796
0.0271796
0.0271796
0.0271796
0.0271796
0.0271796
0.0271796
0.0271796
0.0271796
0.0271796
0.0271796
0.0271796
0.0271796
0.0271796
0.0271796
0.0271796
0.0271796
0.0271796
0.0271796
0.0271796
0.0271796
0.0271796
0.0271796
0.0271796
0.0271796
0.0271796
0.0271796
0.0271796
0.0271796
0.0271796
0.0271796
0.0271796
0.0271796
0.0271796
0.0271796
0.0271796
0.0271796
0.0271796
0.0271796
0.0271796
0.0271796
0.0271796
0.0271796
0.0271796
0.0271796
0.0271796
0.0271796
0.0271796
0.0271796
0.0271796
0.0271796
0.0271796
0.0271796
0.0271796
0.0271796
0.0271796
0.0271796
0.0271796
0.0271796
0.0271796
0.0271796
0.0271796
0.0271796
0.0271796
0.0271796
0.0271796
0.0271796
0.0271796
0.0271796
0.0271796
0.0271796
0.0271796
0.0271796
0.0271796
0.0271796
0.0271796
0.0271796
0.0271796
0.0271796
0.0271796
0.0271796
0.0271796
0.0271796
0.0271796
0.0271796
0.0271796
0.0271796
0.0271796
0.0271796
0.0271796
0.0271796
0.0271796
0.0271796
0.0271796
0.0271796
0.0271796
0.0271796
0.0271796
0.0271796
0.0271796
0.0271796
0.0271796
0.0271796
0.0271796
0.0271796
0.0271796
0.0271796
0.0271796
0.0271796
0.0271796
0.0271796
0.0271796
0.0271796
0.0271796
0.0271796
0.0271796
0.0271796
0.0271796
0.0271796
0.0271796
0.0271796
0.0271796
0.0271796
0.0271796
0.0271796
0.0271796
0.0271796
0.0271796
0.0271796
0.0271796
0.0271796
0.0271796
0.0271796
0.0271796
0.0271796
0.0271796
0.0271796
0.0271796
0.0271796
0.0271796
0.0271796
0.0271796
0.0271796
0.0271796
0.0271796
0.0271796
0.0271796
0.0271796
0.0271796
0.0271796
0.0271796
0.0271796
0.0271796
0.0271796
0.0271796
0.0271796
0.0271796
0.0271796
0.0271796
0.0271796
0.0271796
0.0271796
0.0271796
0.0271796
0.0271796
0.0271796
0.0271796
0.0271796
0.0271796
0.0271796
0.0271796
0.0271796
0.0271796
0.0271796
0.0271796
0.0271796
0.0271796
0.0271796
0.0271796
0.0271796
0.0271796
0.0271796
0.0271796
0.0271796
0.0271796
0.0271796
0.0271796
0.0271796
0.0271796
0.0271796
0.0271796
0.0271796
0.0271796
0.0271796
0.0271796
0.0271796
0.0271796
0.0271796
0.0271796
0.0271796
0.0271796
0.0271796
0.0271796
0.0271796
0.0271796
0.0271796
0.0271796
0.0271796
0.0271796
0.0271796
0.0271796
0.0271796
0.0271796
0.0271796
0.0271796
0.0271796
0.0271796
0.0271796
0.0271796
0.0271796
0.0271796
0.0271796
0.0271796
0.0271796
0.0271796
0.0271796
0.0271796
0.0271796
0.0271796
0.0271796
0.0271796
0.0271796
0.0271796
0.0271796
0.0271796
0.0271796
0.0271796
0.0271796
0.0271796
0.0271796
0.0271796
0.0271796
0.0271796
0.0271796
0.0271796
0.0271796
0.0271796
0.0271796
0.0271796
0.0271796
0.0271796
0.0271796
0.0271796
0.0271796
0.0271796
0.0271796
0.0271796
0.0271796
0.0271796
0.0271796
0.0271796
0.0271796
0.0271796
0.0271796
0.0271796
0.0271796
0.0271796
0.0271796
0.0271796
0.0271796
0.0271796
0.0271796
0.0271796
0.0271796
0.0271796
0.0271796
0.0271796
0.0271796
0.0271796
0.0271796
0.0271796
0.0271796
0.0271796
0.0271796
0.0271796
0.0271796
0.0271796
0.0271796
0.0271796
0.0271796
0.0271796
0.0271796
0.0271796
0.0271796
0.0271796
0.0271796
0.0271796
0.0271796
0.0271796
0.0271796
0.0271796
0.0271796
0.0271796
0.0271796
0.0271796
0.0271796
0.0271796
0.0271796
0.0271796
0.0271796
0.0271796
0.0271796
0.0271796
0.0271796
0.0271796
0.0271796
0.0271796
0.0271796
0.0271796
0.0271796
0.0271796
0.0271796
0.0271796
0.0271796
0.0271796
0.0271796
0.0271796
0.0271796
0.0271796
0.0271796
0.0271796
0.0271796
0.0271796
0.0271796
0.0271796
0.0271796
0.0271796
0.0271796
0.0271796
0.0271796
0.0271796
0.0271796
0.0271796
0.0271796
0.0271796
0.0271796
0.0271796
0.0271796
0.0271796
0.0271796
0.0271796
0.0271796
0.0271796
0.0271796
0.0271796
0.0271796
0.0271796
0.0271796
0.0271796
0.0271796
0.0271796
0.0271796
0.0271796
0.0271796
0.0271796
0.0271796
0.0271796
0.0271796
0.0271796
0.0271796
0.0271796
0.0271796
0.0271796
0.0271796
0.0271796
0.0271796
0.0271796
0.0271796
0.0271796
0.0271796
0.0271796
0.0271796
0.0271796
0.0271796
0.0271796
0.0271796
0.0271796
0.0271796
0.0271796
0.0271796
0.0271796
0.0271796
0.0271796
0.0271796
0.0271796
0.0271796
0.0271796
0.0271796
0.0271796
0.0271796
0.0271796
0.0271796
0.0271796
0.0271796
0.0271796
0.0271796
0.0271796
0.0271796
0.0271796
0.0271796
0.0271796
0.0271796
0.0271796
0.0271796
0.0271796
0.0271796
0.0271796
0.02705
0.0269316
0.0267345
0.0265418
0.0263425
0.0261855
0.0258718
0.0257425
0.0256
0.0253726
0.0251775
0.025033
0.0248237
0.0246232
0.0244221
0.0241788
0.0240272
0.0238676
0.0236593
0.023444
0.0232527
0.0230743
0.022876
0.0227186
0.0225251
0.0223654
0.0221948
0.0220072
0.0218357
0.0216753
0.0215397
0.0213569
0.0211226
0.0210056
0.0208351
0.0206792
0.0205178
0.0203517
0.0201898
0.0200303
0.0198855
0.0196993
0.01954
0.0193904
0.019131
0.019061
0.0188725
0.0187084
0.0185211
0.0183481
0.0182089
0.0180524
0.0178489
0.0177399
0.0175451
0.0173889
0.0172157
0.017084
0.017084
0.017084
0.017084
0.017084
0.017084
0.017084
0.017084
0.017084
0.017084
0.017084
0.017084
0.017084
0.017084
0.017084
0.017084
0.017084
0.017084
0.017084
0.017084
0.017084
0.017084
0.017084
0.017084
0.017084
0.017084
0.017084
0.017084
0.017084
0.017084
0.017084
0.017084
0.017084
0.017084
0.017084
0.017084
0.017084
0.017084
0.017084
0.017084
0.017084
0.017084
0.017084
0.017084
0.017084
0.017084
0.017084
0.017084
0.017084
0.017084
0.017084
0.017084
0.017084
0.017084
0.017084
0.017084
0.017084
0.017084
0.017084
0.017084
0.017084
0.017084
0.017084
0.017084
0.017084
0.017084
0.017084
0.017084
0.017084
0.017084
0.017084
0.017084
0.017084
0.017084
0.017084
0.017084
0.017084
0.017084
0.017084
0.017084
0.017084
