1.74607e+08
7.77235e+07
3.43951e+07
3.88312e+06
3.29278e+06
1.66409e+06
1.55336e+06
1.55336e+06
592022
592022
592022
592022
592022
445643
385381
75980.4
75980.4
75980.4
75980.4
75980.4
75980.4
70881.4
70881.4
65430.6
53143.6
53143.6
49621.1
19864.7
19864.7
17791.1
16561.4
16561.4
16561.4
8944.87
8944.87
4447.24
3272.13
2033.17
2033.17
2033.17
1485.82
1485.82
1268.84
1137.15
854.318
530.276
151.583
151.583
151.583
151.583
151.583
151.583
151.583
151.583
151.583
151.583
151.583
151.583
144.883
92.6012
73.4123
44.1061
40.0451
40.0451
40.0451
38.9157
38.3679
32.9976
25.5733
23.5948
23.5948
23.5948
23.5948
22.1129
21.4451
20.5681
17.1985
17.1985
17.1985
16.8434
16.5185
16.4421
16.4421
16.0587
15.0336
15.0336
14.5711
14.2713
14.2713
14.2713
14.2208
14.1277
13.8791
13.8043
13.4709
13.3866
13.3451
13.3451
13.2688
13.2493
13.0885
12.9677
12.903
12.8014
12.786
12.755
12.63
12.5878
12.5411
12.4965
12.453
12.3527
12.3054
12.3014
12.2121
12.1447
12.1051
12.0731
12.05
12.015
11.9779
11.9537
11.9032
11.8748
11.8513
11.8053
11.7634
11.7327
11.6975
11.6676
11.6365
11.598
11.5712
11.5371
11.5065
11.4626
11.436
11.402
11.3699
11.3329
11.3016
11.2596
11.2282
11.1972
11.1644
11.1255
11.0991
11.0751
11.0414
11.0064
10.9742
10.9361
10.9141
10.8706
10.8434
10.8102
10.7746
10.7286
10.7057
10.6761
10.6432
10.6099
10.5737
10.5378
10.5066
10.4747
10.4465
10.415
10.3895
10.358
10.3203
10.2911
10.2581
10.2204
10.1842
10.148
10.113
10.0811
10.0468
10.0158
9.98259
9.9523
9.92307
9.88754
9.86556
9.83438
9.79306
9.77433
9.74378
9.71428
9.67931
9.65863
9.62827
9.59513
9.56662
9.52619
9.50357
9.47178
9.43858
9.40798
9.38105
9.34262
9.3157
9.28013
9.24609
9.21764
9.1795
9.15493
9.1169
9.09079
9.05411
9.02874
9.00218
8.97189
8.94162
8.90797
8.88302
8.85361
8.81827
8.79581
8.76642
8.7367
8.71443
8.69139
8.66376
8.63244
8.60164
8.57983
8.54656
8.5248
8.49406
8.46839
8.439
8.40917
8.37982
8.35577
8.32766
8.30282
8.27534
8.24965
8.22672
8.19663
8.17329
8.13283
8.11121
8.08343
8.05555
8.02435
8.00313
7.97406
7.9423
7.9239
7.89749
7.87692
7.85196
7.82478
7.80205
7.77913
7.75806
7.72973
7.71526
7.69017
7.66887
7.64567
7.62565
7.60225
7.5844
7.56305
7.54187
7.52098
7.50461
7.48046
7.4579
7.43769
7.41788
7.39489
7.37338
7.3528
7.33005
7.30996
7.28858
7.2644
7.24367
7.22368
7.20358
7.17848
7.15943
7.1397
7.11838
7.09363
7.07035
7.0493
7.02839
7.00541
6.98337
6.96658
6.94302
6.91972
6.8925
6.87307
6.84612
6.82747
6.79702
6.7755
6.76314
6.73374
6.71419
6.69594
6.67628
6.65881
6.63903
6.62199
6.60162
6.58603
6.56861
6.55577
6.53741
6.52281
6.50956
6.49158
6.48002
6.47085
6.45726
6.44496
6.42637
6.41711
6.4034
6.38783
6.37119
6.35657
6.33703
6.32041
6.30442
6.28829
6.27487
6.26144
6.24484
6.22612
6.2071
6.19096
6.1682
6.15515
6.13799
6.11781
6.09742
6.07769
6.05443
6.03778
6.01674
5.9977
5.97756
5.95974
5.93612
5.91583
5.89552
5.87871
5.85413
5.83545
5.81337
5.793
5.77013
5.74446
5.73122
5.71075
5.68937
5.66648
5.64178
5.61614
5.59438
5.56599
5.54438
5.51952
5.49802
5.47838
5.45874
5.43779
5.41028
5.39275
5.37332
5.3497
5.327
5.30799
5.28496
5.25822
5.23273
5.2082
5.19046
5.16301
5.13774
5.11245
5.09163
5.06085
5.04343
5.02354
5.00018
4.97997
4.96186
4.93918
4.92182
4.90764
4.88946
4.87127
4.85487
4.83778
4.82353
4.80723
4.79505
4.77861
4.76262
4.74756
4.73519
4.72069
4.70665
4.69076
4.67637
4.6623
4.64938
4.63445
4.62299
4.60752
4.59726
4.58297
4.56635
4.55595
4.53876
4.52484
4.51017
4.48975
4.47627
4.45483
4.44363
4.42204
4.41197
4.39338
4.3774
4.35928
4.3415
4.32356
4.30784
4.29132
4.27283
4.25796
4.23982
4.22092
4.20101
4.18998
4.16739
4.14698
4.12778
4.11266
4.09215
4.07171
4.05279
4.03304
4.01314
3.99327
3.97179
3.95205
3.93467
3.91646
3.89589
3.87621
3.8566
3.83498
3.8164
3.79327
3.7729
3.74823
3.72578
3.69988
3.67334
3.65699
3.63109
3.61099
3.58878
3.56319
3.54376
3.51727
3.49496
3.46234
3.43907
3.41241
3.38732
3.36143
3.33561
3.30918
3.28186
3.24943
3.22527
3.19754
3.1686
3.14411
3.11461
3.0902
3.06239
3.03657
3.01082
2.98385
2.96342
2.93438
2.89993
2.87848
2.85325
2.8219
2.80102
2.77314
2.74847
2.71756
2.69292
2.66343
2.6344
2.61418
2.58561
2.5507
2.53164
2.50669
2.47909
2.45884
2.43551
2.41513
2.39177
2.37103
2.34751
2.33095
2.31324
2.29574
2.27479
2.25584
2.23674
2.21651
2.19219
2.1752
2.15113
2.12459
2.10883
2.08606
2.06127
2.04218
2.02088
1.98989
1.97507
1.95206
1.92816
1.90868
1.8861
1.86501
1.8467
1.82033
1.80211
1.78303
1.76196
1.74082
1.71107
1.69091
1.67408
1.65198
1.62922
1.60239
1.58273
1.56176
1.53386
1.5101
1.4897
1.46804
1.44528
1.4233
1.40238
1.37642
1.35607
1.33304
1.31467
1.29356
1.27627
1.24842
1.23664
1.21896
1.20137
1.18596
1.16752
1.15595
1.14013
1.12609
1.11035
1.09375
1.08165
1.06701
1.05365
1.03995
1.02484
1.01034
0.995647
0.978928
0.964954
0.952148
0.937469
0.923898
0.911867
0.897795
0.883726
0.870517
0.855783
0.841647
0.828432
0.810785
0.801953
0.789914
0.777703
0.765455
0.753134
0.740913
0.730472
0.719024
0.709606
0.696462
0.689543
0.679416
0.669761
0.659379
0.650846
0.64194
0.63021
0.620267
0.613715
0.603221
0.597064
0.589682
0.581393
0.571173
0.563574
0.559433
0.550063
0.542869
0.535261
0.528572
0.521528
0.51501
0.506965
0.501218
0.494458
0.487515
0.481651
0.476079
0.46835
0.462425
0.454692
0.448317
0.442551
0.435609
0.431303
0.425533
0.418836
0.413404
0.408638
0.403
0.398129
0.393219
0.388096
0.383803
0.378794
0.375057
0.370109
0.365741
0.361979
0.358239
0.353853
0.350349
0.345868
0.343187
0.338677
0.33577
0.332584
0.329121
0.325827
0.321995
0.31858
0.316056
0.31216
0.30936
0.306742
0.303303
0.299691
0.297129
0.293649
0.291348
0.287465
0.284458
0.281253
0.277915
0.274349
0.271536
0.267732
0.264393
0.262219
0.258264
0.2561
0.252268
0.249622
0.247019
0.244243
0.242223
0.239766
0.237431
0.234795
0.232856
0.230554
0.228172
0.225703
0.223774
0.221532
0.218916
0.217011
0.2146
0.212989
0.210781
0.208702
0.206389
0.204744
0.202875
0.200958
0.199356
0.197732
0.195417
0.194248
0.192645
0.190603
0.188944
0.187111
0.185431
0.183836
0.181994
0.180233
0.17871
0.176582
0.174714
0.173351
0.171413
0.170034
0.168426
0.166901
0.165368
0.163937
0.162334
0.161275
0.159712
0.158566
0.157021
0.155899
0.154174
0.153309
0.152053
0.150558
0.148536
0.14767
0.14666
0.144847
0.143467
0.142046
0.140953
0.139519
0.138038
0.136741
0.135369
0.134242
0.132784
0.131588
0.130453
0.129098
0.127655
0.126861
0.125225
0.124145
0.122934
0.121993
0.120832
0.119739
0.118166
0.117576
0.116046
0.115171
0.11422
0.112858
0.112156
0.111102
0.110004
0.109053
0.108058
0.1073
0.106165
0.105232
0.104419
0.103516
0.102644
0.10144
0.100853
0.09997
0.0991803
0.098157
0.0973948
0.09666
0.0958467
0.0951138
0.0942465
0.0934021
0.0926999
0.0918435
0.0909854
0.0903392
0.0896188
0.0887889
0.0879254
0.0873779
0.0866404
0.0858968
0.0851998
0.084522
0.0837339
0.0831322
0.0825492
0.0819256
0.0812058
0.080658
0.080112
0.0793327
0.0787273
0.0780159
0.0774033
0.076792
0.0761247
0.0754803
0.0748244
0.0735713
0.0733421
0.072359
0.0719176
0.0712308
0.0705768
0.0698428
0.0691576
0.0684361
0.067694
0.0671674
0.0666573
0.0661476
0.0655814
0.0649709
0.0644177
0.063956
0.063442
0.0629059
0.06248
0.0619726
0.0615021
0.0609143
0.0603076
0.0600307
0.0594325
0.058918
0.0584951
0.0579806
0.0573742
0.0569204
0.0563778
0.0558199
0.0552731
0.0547745
0.0541576
0.0537786
0.0533294
0.0528739
0.0522989
0.0517549
0.0513501
0.0507377
0.049939
0.0496837
0.0490539
0.0486119
0.0479574
0.0474338
0.0469549
0.0465348
0.0458294
0.0455927
0.045112
0.0446398
0.0441334
0.043685
0.0433295
0.0429212
0.0424645
0.0420674
0.0417402
0.0413956
0.0409954
0.040604
0.0403404
0.0400543
0.0397319
0.0394216
0.0391558
0.0388079
0.0385792
0.0382717
0.0379374
0.0376506
0.0373713
0.0370231
0.036757
0.0363935
0.0360733
0.0357524
0.035462
0.0351617
0.0348349
0.0345814
0.0342323
0.0339136
0.0336491
0.033278
0.0328407
0.0325662
0.0322444
0.0319257
0.0316227
0.0312481
0.0308896
0.0306034
0.0302593
0.0300013
0.0296818
0.0294229
0.029154
0.0288596
0.0286439
0.0283647
0.0281453
0.0279284
0.0276507
0.0274411
0.0272227
0.0269333
0.0267859
0.0265366
0.026368
0.026368
0.026368
0.026368
0.026368
0.026368
0.026368
0.026368
0.026368
0.026368
0.026368
0.026368
0.026368
0.026368
0.026368
0.026368
0.026368
0.026368
0.026368
0.026368
0.026368
0.026368
0.026368
0.026368
0.026368
0.026368
0.026368
0.026368
0.026368
0.026368
0.026368
0.026368
0.026368
0.026368
0.026368
0.026368
0.026368
0.026368
0.026368
0.026368
0.026368
0.026368
0.026368
0.026368
0.026368
0.026368
0.026368
0.026368
0.026368
0.026368
0.026368
0.026368
0.026368
0.026368
0.026368
0.026368
0.026368
0.026368
0.026368
0.026368
0.026368
0.026368
0.026368
0.026368
0.026368
0.026368
0.026368
0.026368
0.026368
0.026368
0.026368
0.026368
0.026368
0.026368
0.026368
0.026368
0.026368
0.026368
0.026368
0.026368
0.026368
0.026368
0.026368
0.026368
0.026368
0.026368
0.026368
0.026368
0.026368
0.026368
0.026368
0.026368
0.026368
0.026368
0.026368
0.026368
0.026368
0.026368
0.026368
0.026368
0.026368
0.026368
0.026368
0.026368
0.026368
0.026368
0.026368
0.026368
0.026368
0.026368
0.026368
0.026368
0.026368
0.026368
0.026368
0.026368
0.026368
0.026368
0.026368
0.026368
0.026368
0.026368
0.026368
0.026368
0.026368
0.026368
0.026368
0.026368
0.026368
0.026368
0.026368
0.026368
0.026368
0.026368
0.026368
0.026368
0.026368
0.026368
0.026368
0.026368
0.026368
0.026368
0.026368
0.026368
0.026368
0.026368
0.026368
0.026368
0.026368
0.026368
0.026368
0.026368
0.026368
0.026368
0.026368
0.026368
0.026368
0.026368
0.026368
0.026368
0.026368
0.026368
0.026368
0.026368
0.026368
0.026368
0.026368
0.026368
0.026368
0.026368
0.026368
0.026368
0.026368
0.026368
0.026368
0.026368
0.026368
0.026368
0.026368
0.026368
0.026368
0.026368
0.026368
0.026368
0.026368
0.026368
0.026368
0.026368
0.026368
0.026368
0.026368
0.026368
0.026368
0.026368
0.026368
0.026368
0.026368
0.026368
0.026368
0.026368
0.026368
0.026368
0.026368
0.026368
0.026368
0.026368
0.026368
0.026368
0.026368
0.026368
0.026368
0.026368
0.026368
0.026368
0.026368
0.026368
0.026368
0.026368
0.026368
0.026368
0.026368
0.026368
0.026368
0.026368
0.026368
0.026368
0.026368
0.026368
0.026368
0.026368
0.026368
0.026368
0.026368
0.026368
0.026368
0.026368
0.026368
0.026368
0.026368
0.026368
0.026368
0.026368
0.026368
0.026368
0.026368
0.026368
0.026368
0.026368
0.026368
0.026368
0.026368
0.026368
0.026368
0.026368
0.026368
0.026368
0.026368
0.026368
0.026368
0.026368
0.026368
0.026368
0.026368
0.026368
0.026368
0.026368
0.026368
0.026368
0.026368
0.026368
0.026368
0.026368
0.026368
0.026368
0.026368
0.026368
0.026368
0.026368
0.026368
0.026368
0.026368
0.026368
0.026368
0.026368
0.026368
0.026368
0.026368
0.026368
0.026368
0.026368
0.026368
0.026368
0.026368
0.026368
0.026368
0.026368
0.026368
0.026368
0.026368
0.026368
0.026368
0.026368
0.026368
0.026368
0.026368
0.026368
0.026368
0.026368
0.026368
0.026368
0.026368
0.026368
0.026368
0.026368
0.026368
0.026368
0.026368
0.026368
0.026368
0.026368
0.026368
0.026368
0.026368
0.026368
0.026368
0.026368
0.026368
0.026368
0.026368
0.026368
0.026368
0.026368
0.026368
0.026368
0.026368
0.026368
0.026368
0.026368
0.026368
0.026368
0.026368
0.026368
0.026368
0.026368
0.026368
0.026368
0.026368
0.026368
0.026368
0.026368
0.026368
0.026368
0.026368
0.026368
0.026368
0.026368
0.026368
0.026368
0.026368
0.026368
0.026368
0.026368
0.026368
0.026368
0.026368
0.026368
0.026368
0.026368
0.026368
0.026368
0.026368
0.026368
0.026368
0.026368
0.026368
0.026368
0.026368
0.026368
0.026368
0.026368
0.026368
0.026368
0.026368
0.026368
0.026368
0.026368
0.026368
0.026368
0.026368
0.026368
0.026368
0.026368
0.026368
0.026368
0.026368
0.026368
0.026368
0.026368
0.026368
0.026368
0.026368
0.026368
0.026368
0.026368
0.026368
0.026368
0.026368
0.026368
0.026368
0.026368
0.026368
0.026368
0.026368
0.026368
0.026368
0.026368
0.026368
0.026368
0.026368
0.026368
0.026368
0.026368
0.026368
0.026368
0.026368
0.026368
0.026368
0.026368
0.026368
0.026368
0.026368
0.026368
0.026368
0.026368
0.026368
0.026368
0.026368
0.026368
0.026368
0.026368
0.026368
0.026368
0.026368
0.026368
0.026368
0.026368
0.026368
0.026368
0.026368
0.026368
0.026368
0.026368
0.026368
0.026368
0.026368
0.026368
0.026368
0.026368
0.026368
0.026368
0.026368
0.026368
0.026368
0.026368
0.026368
0.026368
0.026368
0.026368
0.026368
0.026368
0.026368
0.026368
0.026368
0.026368
0.026368
0.026368
0.026368
0.026368
0.026368
0.026368
0.026368
0.026368
0.026368
0.026368
0.026368
0.026368
0.026368
0.026368
0.026368
0.026368
0.026368
0.026368
0.026368
0.026368
0.026368
0.026368
0.026368
0.026368
0.026368
0.026368
0.026368
0.026368
0.026368
0.026368
0.026368
0.026368
0.026368
0.026368
0.026368
0.026368
0.026368
0.026368
0.026368
0.026368
0.026368
0.026368
0.026368
0.026368
0.026368
0.026368
0.026368
0.026368
0.026368
0.026368
0.026368
0.026368
0.026368
0.026368
0.026368
0.026368
0.026368
0.026368
0.026368
0.026368
0.026368
0.026368
0.026368
0.026368
0.026368
0.026368
0.026368
0.026368
0.026368
0.026368
0.026368
0.026368
0.026368
0.026368
0.026368
0.026368
0.026368
0.026368
0.026368
0.026368
0.026368
0.026368
0.026368
0.026368
0.026368
0.026368
0.026368
0.026368
0.026368
0.026368
0.026368
0.026368
0.026368
0.026368
0.026368
0.026368
0.026368
0.026368
0.026368
0.026368
0.026368
0.026368
0.026368
0.026368
0.026368
0.026368
0.026368
0.026368
0.026368
0.026368
0.026368
0.026368
0.026368
0.026368
0.026368
0.026368
0.026368
0.026368
0.026368
0.026368
0.026368
0.026368
0.026368
0.026368
0.026368
0.026368
0.026368
0.026368
0.026368
0.026368
0.026368
0.026368
0.026368
0.026368
0.026368
0.026368
0.026368
0.026368
0.026368
0.026368
0.026368
0.026368
0.026368
0.026368
0.026368
0.026368
0.026368
0.026368
0.026368
0.026368
0.026368
0.026368
0.026368
0.026368
0.026368
0.026368
0.026368
0.026368
0.026368
0.026368
0.026368
0.026368
0.026368
0.026368
0.026368
0.026368
0.026368
0.026368
0.026368
0.026368
0.026368
0.026368
0.026368
0.026368
0.026368
0.026368
0.026368
0.026368
0.026368
0.026368
0.026368
0.026368
0.026368
0.026368
0.026368
0.026368
0.026368
0.026368
0.026368
0.026368
0.026368
0.026368
0.026368
0.026368
0.026368
0.026368
0.026368
0.026368
0.026368
0.026368
0.026368
0.026368
0.026368
0.026368
0.026368
0.026368
0.026368
0.026368
0.026368
0.026368
0.026368
0.026368
0.026368
0.026368
0.026368
0.026368
0.026368
0.026368
0.026368
0.026368
0.026368
0.026368
0.026368
0.026368
0.026368
0.026368
0.026368
0.026368
0.026368
0.026368
0.026368
0.026368
0.026368
0.026368
0.026368
0.026368
0.026368
0.026368
0.026368
0.026368
0.026368
0.026368
0.026368
0.026368
0.026368
0.026368
0.026368
0.026368
0.026368
0.026368
0.026368
0.026368
0.026368
0.026368
0.026368
0.026368
0.026368
0.026368
0.026368
0.026368
0.026368
0.026368
0.026368
0.026368
0.026368
0.026368
0.026368
0.026368
0.026368
0.026368
0.026368
0.026368
0.026368
0.026368
0.026368
0.026368
0.026368
0.026368
0.026368
0.026368
0.026368
0.026368
0.026368
0.026368
0.026368
0.026368
0.026368
0.026368
0.026368
0.026368
0.026368
0.026368
0.026368
0.026368
0.026368
0.026368
0.026368
0.026368
0.026368
0.026368
0.026368
0.026368
0.026368
0.026368
0.026368
0.026368
0.026368
0.026368
0.026368
0.026368
0.026368
0.026368
0.026368
0.026368
0.026368
0.026368
0.026368
0.026368
0.026368
0.026368
0.026368
0.026368
0.026368
0.026368
0.026368
0.026368
0.026368
0.026368
0.026368
0.026368
0.026368
0.026368
0.026368
0.026368
0.026368
0.026368
0.026368
0.026368
0.026368
0.026368
0.026368
0.026368
0.026368
0.026368
0.026368
0.026368
0.026368
0.026368
0.026368
0.026368
0.026368
0.026368
0.026368
0.026368
0.026368
0.026368
0.026368
0.026368
0.026368
0.026368
0.026368
0.026368
0.026368
0.026368
0.026368
0.026368
0.026368
0.026368
0.026368
0.026368
0.026368
0.026368
0.026368
0.026368
0.026368
0.026368
0.026368
0.026368
0.026368
0.026368
0.026368
0.026368
0.026368
0.026368
0.026368
0.026368
0.026368
0.026368
0.026368
0.026368
0.026368
0.026368
0.026368
0.026368
0.026368
0.026368
0.026368
0.026368
0.026368
0.026368
0.026368
0.026368
0.026368
0.026368
0.026368
0.026368
0.026368
0.026368
0.026368
0.026368
0.026368
0.026368
0.026368
0.026368
0.026368
0.026368
0.026368
0.026368
0.026368
0.026368
0.026368
0.026368
0.026368
0.026368
0.0262502
0.0260574
0.0258533
0.0256755
0.0254751
0.0254751
0.0254751
0.0254751
0.0254751
0.0254751
0.0254751
0.0254751
0.0254751
0.0254751
0.0254751
0.0254751
0.0254751
0.0254751
0.0254751
0.0254751
0.0254751
0.0254751
0.0254751
0.0254751
0.0254751
0.0254751
0.0254751
0.0254751
0.0254751
0.0254751
0.0254751
0.0254751
0.0254751
0.0254751
0.0254751
0.0254751
0.0254751
0.0254751
0.0254751
0.0254751
0.0254751
0.0254751
0.0254751
0.0254751
0.0254751
0.0254751
0.0254751
0.0254751
0.0254751
0.0254751
0.0254751
0.0254751
0.0254751
0.0254751
0.0254751
0.0254751
0.0254751
0.0254751
0.0254751
0.0254751
0.0254751
0.0254751
0.0254751
0.0254751
0.0254751
0.0254751
0.0254751
0.0254751
0.0254751
0.0254751
0.0254751
0.0254751
0.0254751
0.0254751
0.0254751
0.0254751
0.0254751
0.0254751
0.0254751
0.0254751
0.0254751
0.0254751
0.0254751
0.0254751
0.0254751
0.0254751
0.0254751
0.0254751
0.0254751
0.0254751
0.0254751
0.0254751
0.0254751
0.0254751
