5.66596e+07
7.99766e+06
555140
124860
97980.1
61026.5
61026.5
61026.5
61026.5
61026.5
35450.9
35450.9
35450.9
35450.9
35450.9
35450.9
11518.4
8844.17
3515.87
3515.87
3515.87
3515.87
1499.12
1499.12
1186.05
1186.05
1186.05
317.933
75.8001
54.7263
54.7263
39.8979
30.2481
26.0856
17.4243
17.4243
17.4243
17.4243
17.4243
17.4243
17.4243
17.4243
17.4243
17.4243
17.4243
17.4243
12.4472
12.4472
12.4472
12.4472
12.4472
12.4472
12.4472
12.4472
12.4472
12.4472
12.4472
12.4472
12.4472
12.4472
12.4472
12.4472
12.4472
12.4472
12.4472
12.4472
12.4472
12.4472
12.4472
12.4472
12.4472
12.4472
12.4472
12.4472
12.4472
12.4472
12.4472
12.4472
12.4472
12.4472
12.4472
12.4472
12.4472
12.4472
12.0242
12.0242
12.0242
12.0242
12.0242
12.0242
12.0242
12.0242
12.0242
12.0242
12.0242
12.0242
12.0242
12.0242
12.0242
12.0242
12.0242
12.0242
12.0242
12.0242
12.0242
12.0242
12.0242
12.0242
12.0242
12.0242
11.3514
11.3514
11.3514
11.3514
11.3514
11.3514
11.3514
11.3514
11.3514
11.3514
11.3514
11.3514
11.3514
11.3514
11.3514
11.3514
11.3514
11.3514
11.3514
11.3514
11.3514
11.3514
11.3514
11.3514
11.3514
11.3514
11.3514
11.3514
11.3514
11.3514
11.3514
11.3514
11.3514
11.3514
11.3514
11.3514
11.3514
11.3514
11.3514
11.3514
11.3514
11.3514
11.3514
11.3514
11.3514
11.3514
11.3514
11.3514
11.3514
11.3514
11.3514
11.3514
11.3514
11.3514
11.3514
11.3514
11.3514
11.3514
11.3514
11.3514
11.3514
11.3514
11.3514
11.3514
11.3514
11.3514
11.3514
11.3514
11.3514
11.3514
11.3514
11.3514
11.3514
11.3514
11.3514
11.3514
11.3514
11.3514
11.3514
11.3514
11.3514
11.3514
11.3514
11.3514
11.3514
11.3514
11.3514
11.3514
11.3514
11.3514
11.3514
11.3514
11.3514
11.3514
11.3514
11.3514
11.3514
11.3514
11.3514
11.3514
11.3514
11.3514
11.3514
11.3514
11.3514
11.3514
11.3514
11.3514
11.3514
11.3514
11.3514
11.3514
11.3514
11.3514
11.3514
11.3514
11.3514
11.3514
11.3514
11.3514
11.3514
11.3514
11.3514
11.3514
11.3514
11.3514
11.3514
11.3514
11.3514
11.3514
11.3514
11.3514
11.3514
11.3514
11.3514
11.3514
11.3514
11.3514
11.3514
11.3514
11.3514
11.3514
11.3514
11.3514
11.3514
11.3514
11.3514
11.3514
11.3514
11.3514
11.3514
11.3514
11.3514
11.3514
11.3514
11.3514
11.3514
11.3514
11.3514
11.3514
11.3514
11.3514
11.3514
11.3514
11.3514
11.3514
11.3514
11.3514
11.3514
11.3514
11.3514
11.3514
11.3514
11.3514
11.3514
11.3514
11.3514
11.3514
11.3514
11.3514
11.3514
11.3514
11.3514
11.3514
11.3514
11.3514
11.3514
11.3514
11.3514
11.3514
11.3514
11.3514
11.3514
11.3514
11.3514
11.3514
11.3514
11.3514
11.3514
11.3514
11.3514
11.3514
11.3514
11.3514
11.3514
11.3514
11.3514
11.3514
11.3514
11.3514
11.3514
11.3514
11.3514
11.3514
11.3514
11.3514
11.3514
11.3514
11.3514
11.3514
11.3514
11.3514
11.3514
11.3514
11.3514
11.3514
11.3514
11.3514
11.3514
11.3514
11.3514
11.3514
11.3514
11.3514
11.3514
11.3514
11.3514
11.3514
11.3514
11.3514
11.3514
11.3514
11.3514
11.3514
11.3514
11.3514
11.3514
11.3514
11.3514
11.3514
11.3514
11.3514
11.3514
11.3514
11.3514
11.3514
11.3514
11.3514
11.3514
11.3514
11.3514
11.3514
11.3514
11.3514
11.3514
11.3514
11.3514
11.3514
11.3514
11.3514
11.3514
11.3514
11.3514
11.3514
11.3514
11.3514
11.3514
11.3514
11.3514
11.3514
11.3514
11.3514
11.3514
11.3514
11.3514
11.3514
11.3514
11.3514
11.3514
11.3514
11.3514
11.3514
11.3514
11.3514
11.3514
11.3514
11.3514
11.3514
11.3514
11.3514
11.3514
11.3514
11.3514
11.3514
11.3514
11.3514
11.3514
11.3514
11.3514
11.3514
11.3514
11.3514
11.3514
11.3514
11.3514
11.3514
11.3514
11.3514
9.46978
9.46978
9.46978
9.46978
9.46978
9.46978
9.46978
9.46978
9.46978
9.46978
9.46978
9.46978
9.46978
9.46978
9.46978
9.46978
9.46978
9.46978
9.46978
9.46978
9.46978
9.46978
9.46978
9.46978
9.46978
9.46978
9.46978
9.46978
9.46978
9.46978
9.46978
9.46978
9.46978
9.46978
9.46978
9.46978
9.46978
9.46978
9.46978
9.46978
9.46978
9.46978
9.46978
9.46978
9.46978
9.46978
9.46978
9.38821
9.38821
9.38821
9.38821
9.38821
9.38821
9.38821
9.38821
9.38821
9.38821
9.38821
9.38821
9.38821
9.38821
9.38821
9.38821
9.38821
9.38821
9.38821
9.38821
9.38821
9.38821
9.38821
9.38821
9.38821
9.38659
9.36935
9.34195
9.32474
9.30598
9.24352
9.13673
9.09098
9.01105
8.98165
8.93383
8.93383
8.93383
8.93383
8.93383
8.93383
8.93383
8.93383
8.93383
8.93383
8.93383
8.93383
8.93383
8.93383
8.93383
8.93383
8.93383
8.93383
8.93383
8.93383
8.93383
8.93383
8.93383
8.93383
8.93383
8.93383
8.93383
8.93383
8.93383
8.93383
8.93383
8.93383
8.93383
8.93383
8.93383
8.93383
8.93383
8.93383
8.93383
8.93383
8.93383
8.93383
8.93383
8.93383
8.93383
8.93383
8.93383
8.93383
8.93383
8.93383
8.93383
8.93383
8.93383
8.93383
8.93383
8.93383
8.93383
8.93383
8.93383
8.93383
8.93383
8.93383
8.93383
8.93383
8.93383
8.93383
8.93383
8.93383
8.93383
8.93383
8.93383
8.93383
8.93383
8.93383
8.93383
8.93383
8.93383
8.93383
8.93383
8.93383
8.93383
8.93383
8.93383
8.93383
8.93383
8.93383
8.93383
8.93383
8.93383
8.93383
8.93383
8.93383
8.93383
8.93383
8.93383
8.93383
8.93383
8.93383
8.93383
8.93383
8.93383
8.93383
8.93383
8.93383
8.93383
8.93383
8.93383
8.93383
8.93383
8.93383
8.93383
8.93383
8.93383
8.93383
8.93383
8.93383
8.93383
8.93383
8.93383
8.93383
8.93383
8.93383
8.93383
8.93383
8.93383
8.93383
8.93383
8.93383
8.93383
8.93383
8.93383
8.93383
8.93383
8.93383
8.93383
8.93383
8.93383
8.93383
8.93383
8.93383
8.93383
8.93383
8.93383
8.93383
8.93383
8.93383
8.93383
8.93383
8.93383
8.93383
8.93383
8.93383
8.93383
8.93383
8.93383
8.93383
8.9308
8.9308
8.9308
8.9308
8.9308
8.9308
8.9308
8.9308
8.9308
8.9308
8.9308
8.9308
8.9308
8.93035
8.92995
8.92984
8.92984
8.92984
8.92984
8.92984
8.92984
8.92984
8.92984
8.92984
8.92984
8.92984
8.92984
8.92984
8.92984
8.92984
8.92984
8.92984
8.92984
8.92984
8.92984
8.92984
8.92984
8.92984
8.92984
8.92984
8.92984
8.92984
8.92984
8.92984
8.92984
8.92984
8.92984
8.92984
8.92984
8.92984
8.92984
8.92984
8.92984
8.92984
8.92984
8.92984
8.92984
8.92984
8.92984
8.92984
8.92984
8.92984
8.92984
8.92984
8.92984
8.92984
8.92984
8.92984
8.92984
8.92984
8.92984
8.92984
8.92984
8.92984
8.92984
8.92984
8.92984
8.92984
8.92984
8.92984
8.92984
8.92984
8.92984
8.92984
8.92984
8.92984
8.92984
8.92984
8.92984
8.92984
8.92984
8.92984
8.92984
8.92984
8.92984
8.92984
8.92984
8.92984
8.92984
8.92984
8.92984
8.92984
8.92984
8.92984
8.92984
8.92984
8.92984
8.92984
8.92984
8.92984
8.92984
8.92984
8.92984
8.92984
8.92984
8.92984
8.92984
8.92984
8.92984
8.92984
8.92984
8.92984
8.92984
8.92984
8.92984
8.92984
8.92984
8.92984
8.92984
8.92984
8.92984
8.92984
8.92984
8.92984
8.92984
8.92984
8.92984
8.92984
8.92984
8.92984
8.92984
8.92984
8.92984
8.92984
8.92984
8.92984
8.92984
8.92984
8.92984
6.83402
6.83402
6.83402
6.83402
6.83402
6.83402
6.83402
6.83402
6.83402
6.83402
6.83402
6.83402
6.83402
6.83402
6.83402
6.83402
6.83402
6.83402
6.83402
6.83402
6.83402
6.83402
6.83402
6.83402
6.83402
6.83402
6.83402
6.83402
6.83402
6.83402
6.83402
6.83402
6.83402
6.83402
6.83402
6.83402
6.83402
6.83402
6.83402
6.83402
6.83402
6.83402
6.83402
6.83402
6.83402
6.83402
6.83402
6.83402
6.83402
6.83402
6.83402
6.83402
6.83402
6.83402
6.83402
6.83402
6.83402
6.83402
6.83402
6.83402
6.83402
6.83402
6.83402
6.83402
6.83402
6.83402
6.83402
6.83402
6.83402
6.83402
6.83402
6.83402
6.83402
6.83402
6.83402
6.83402
6.83402
6.83402
6.83402
6.83402
6.83402
6.83402
6.83402
6.83402
6.83402
6.83402
6.83402
6.83402
6.83402
6.83402
6.83402
6.83402
6.83402
6.83402
6.83402
6.83402
6.83402
6.83402
6.83402
6.83402
6.83402
6.83402
6.83402
6.83402
6.83402
6.83402
6.83402
6.83402
6.83402
6.83402
6.83402
6.83402
6.83402
6.83402
6.83402
6.83402
6.83402
6.83402
6.83402
6.83402
6.83402
6.83402
6.83402
6.83402
6.83402
6.83402
6.83402
6.83402
6.83402
6.83402
6.83402
6.83402
6.83402
6.83402
6.83402
6.83402
6.83402
6.83402
6.83402
6.83402
6.83402
6.83402
6.83402
6.83402
6.83402
6.83402
6.83402
6.83402
6.83402
6.83402
6.83402
6.83402
6.83402
6.83402
6.83402
6.83402
6.83402
6.83402
6.83402
6.83402
6.83402
6.83402
6.83402
6.83402
6.83402
6.83402
6.83402
6.83402
6.83402
6.83402
6.83402
6.83402
6.83402
6.83402
6.83402
6.83402
6.83402
6.83402
6.83402
6.83402
6.83402
6.83402
6.83402
6.83402
6.83402
6.83402
6.83402
6.83402
6.83402
6.83402
3.98152
3.98152
3.98152
3.98152
3.98152
3.98152
3.98152
3.98152
3.98152
3.98152
3.98152
3.98152
3.98152
3.98152
3.98152
3.98152
2.28858
2.28858
2.28858
2.28858
2.28858
2.28858
2.28858
2.28858
2.28858
2.28858
2.28858
2.28858
2.28858
2.28858
2.28858
2.28858
2.28858
2.28858
2.28858
2.28858
2.28858
2.28858
2.28858
2.28858
2.28858
2.28858
2.28858
2.28858
2.28858
2.28858
2.28858
2.28858
2.28858
2.28858
2.28858
2.28858
2.28858
2.28858
2.28858
2.28858
2.28858
2.28858
2.28858
2.28858
2.28858
2.28858
2.28858
2.28858
2.28858
2.28858
2.28858
2.28858
2.28858
2.28858
2.28858
2.28858
2.28858
2.28858
2.28858
2.28858
2.28858
2.28858
2.28858
2.28858
2.28858
2.28858
2.28858
2.28858
2.28858
2.28858
2.28858
2.28858
2.28858
2.28858
2.28858
2.28858
2.28858
2.28858
2.28858
2.28858
2.28858
2.28858
2.28858
2.28858
2.28858
2.28858
2.28858
2.28858
2.28858
2.28858
2.28858
2.28858
2.28858
2.28858
2.28858
2.28858
2.28858
2.28858
2.28858
2.28858
2.28858
2.28858
2.28858
2.28858
2.28858
2.28858
2.28858
2.28858
2.28858
2.28858
2.28858
2.28858
2.28858
2.28858
2.28858
2.28858
2.28858
2.28858
2.28858
2.28858
2.28858
2.28858
2.28858
2.28858
2.28858
2.28858
2.28858
2.28858
2.28858
2.28858
2.28858
2.28858
2.28858
2.28858
2.28858
2.28858
2.28858
2.28858
2.28858
2.28858
2.28858
2.28858
2.28858
2.28858
2.28858
2.28858
2.28858
2.28858
2.28858
2.28858
2.28858
2.28858
2.28858
2.28858
2.28858
2.28858
2.28858
2.28858
2.28858
2.28858
2.28858
2.28858
2.28858
2.28858
2.28858
2.28858
2.28858
2.28858
2.28858
2.28858
2.28858
2.28858
2.28858
2.28858
2.28858
2.28858
2.28858
2.28858
2.28858
2.28858
2.28858
2.28858
2.28858
2.28858
2.28858
2.28858
2.28858
2.28858
2.28858
2.28858
2.28858
2.28858
2.28858
2.28858
2.28858
2.28858
2.28858
2.28858
2.28858
2.28858
2.28858
2.28858
2.28858
2.28858
2.28858
2.28858
2.28858
2.28858
2.28858
2.28858
2.28858
2.28858
2.28858
2.28858
2.28858
2.28858
2.28858
2.28858
2.28858
2.28858
2.28858
2.28858
2.28858
2.28858
2.28858
2.28858
2.28858
2.28858
2.28858
2.28858
2.28858
2.28858
2.28858
2.28858
2.28858
2.28858
2.28858
2.28858
2.28858
2.28858
2.28858
2.28858
2.28858
2.28858
2.28858
2.28858
2.28858
2.28858
2.28858
2.28858
2.28858
2.28858
2.28858
2.28858
2.28858
2.28858
2.28858
2.28858
2.28858
2.28858
2.28858
2.28858
2.28858
2.28858
2.28858
2.28858
2.28858
2.28858
2.28858
2.28858
2.28858
2.28858
2.28858
2.28858
2.28858
2.28858
2.28858
2.06384
2.06384
1.93577
0.613656
0.377443
0.377443
0.377443
0.370766
0.0361142
0.01456
0.00728073
0.00728073
0.00728073
0.00728073
0.00406432
0.00309264
0.00309264
0.00299901
0.00166916
0.00125743
0.000387541
0.000325017
0.000318296
0.000149817
0.000101887
8.18078e-05
2.97023e-05
2.97023e-05
5.0315e-06
4.07264e-06
2.36846e-06
9.53085e-07
2.3232e-07
7.08828e-08
7.08828e-08
7.08828e-08
7.08828e-08
7.08828e-08
7.08828e-08
7.08828e-08
7.08828e-08
7.08828e-08
7.08828e-08
7.08828e-08
7.08828e-08
7.08828e-08
7.08828e-08
7.08828e-08
2.94939e-08
2.94939e-08
1.05455e-08
8.80684e-09
3.89927e-10
3.89927e-10
3.89927e-10
3.89927e-10
4.18789e-11
4.18789e-11
4.01394e-11
4.01394e-11
4.01394e-11
4.01394e-11
4.01394e-11
4.01394e-11
4.01394e-11
4.01394e-11
4.01394e-11
2.35389e-12
2.35389e-12
2.35389e-12
2.35389e-12
2.35389e-12
2.35389e-12
2.35389e-12
2.35389e-12
2.35389e-12
2.35389e-12
2.35389e-12
2.35389e-12
2.35389e-12
2.35389e-12
2.35389e-12
2.35389e-12
2.35389e-12
2.35389e-12
2.35389e-12
2.35389e-12
2.35389e-12
2.35389e-12
2.35389e-12
2.35389e-12
2.35389e-12
2.35389e-12
2.35389e-12
2.35389e-12
2.35389e-12
2.35389e-12
2.35389e-12
2.35389e-12
2.35389e-12
2.35389e-12
2.35389e-12
2.35389e-12
2.35389e-12
2.35389e-12
2.35389e-12
2.35389e-12
2.35389e-12
2.35389e-12
2.35389e-12
2.35389e-12
2.35389e-12
2.35389e-12
2.35389e-12
2.35389e-12
2.35389e-12
2.35389e-12
2.35389e-12
2.35389e-12
2.35389e-12
2.35389e-12
2.35389e-12
2.35389e-12
2.35389e-12
2.35389e-12
2.35389e-12
2.35389e-12
2.35389e-12
2.35389e-12
2.35389e-12
2.35389e-12
2.35389e-12
2.35389e-12
2.35389e-12
2.35389e-12
2.35389e-12
2.35389e-12
2.35389e-12
2.35389e-12
2.35389e-12
2.35389e-12
2.35389e-12
2.35389e-12
2.35389e-12
2.35389e-12
2.35389e-12
2.35389e-12
2.35389e-12
2.35389e-12
2.35389e-12
2.35389e-12
2.35389e-12
2.35389e-12
2.35389e-12
2.35389e-12
2.35389e-12
2.35389e-12
2.35389e-12
2.35389e-12
2.35389e-12
2.35389e-12
2.35389e-12
2.35389e-12
2.35389e-12
2.35389e-12
2.35389e-12
2.35389e-12
2.35389e-12
2.35389e-12
2.35389e-12
2.35389e-12
2.35389e-12
2.35389e-12
2.35389e-12
2.35389e-12
2.35389e-12
2.35389e-12
2.35389e-12
2.35389e-12
2.35389e-12
2.35389e-12
2.35389e-12
2.35389e-12
2.35389e-12
2.35389e-12
2.35389e-12
2.35389e-12
2.35389e-12
2.35389e-12
2.35389e-12
2.35389e-12
2.35389e-12
2.35389e-12
2.35389e-12
2.35389e-12
2.35389e-12
2.35389e-12
2.35389e-12
2.35389e-12
2.35389e-12
2.35389e-12
2.35389e-12
2.35389e-12
2.35389e-12
2.35389e-12
2.35389e-12
2.35389e-12
2.35389e-12
2.35389e-12
2.35389e-12
2.35389e-12
2.35389e-12
2.35389e-12
2.35389e-12
2.35389e-12
2.35389e-12
2.35389e-12
2.35389e-12
2.35389e-12
2.35389e-12
2.35389e-12
2.35389e-12
2.35389e-12
2.35389e-12
2.35389e-12
2.35389e-12
2.35389e-12
2.35389e-12
2.35389e-12
2.35389e-12
2.35389e-12
2.35389e-12
2.35389e-12
2.35389e-12
2.35389e-12
2.35389e-12
2.35389e-12
2.35389e-12
2.35389e-12
2.35389e-12
2.35389e-12
2.35389e-12
2.35389e-12
2.35389e-12
2.35389e-12
2.35389e-12
2.35389e-12
2.35389e-12
2.35389e-12
2.35389e-12
2.35389e-12
2.35389e-12
2.35389e-12
2.35389e-12
2.35389e-12
2.35389e-12
2.35389e-12
2.35389e-12
2.35389e-12
2.35389e-12
2.35389e-12
2.35389e-12
2.35389e-12
2.35389e-12
2.35389e-12
2.35389e-12
2.35389e-12
2.35389e-12
2.35389e-12
2.35389e-12
2.35389e-12
2.35389e-12
2.35389e-12
2.35389e-12
2.35389e-12
2.35389e-12
2.35389e-12
2.35389e-12
2.35389e-12
2.35389e-12
2.35389e-12
2.35389e-12
2.35389e-12
2.35389e-12
2.35389e-12
2.35389e-12
2.35389e-12
2.35389e-12
2.35389e-12
2.35389e-12
2.35389e-12
2.35389e-12
2.35389e-12
2.35389e-12
2.35389e-12
2.35389e-12
2.35389e-12
2.35389e-12
2.35389e-12
2.35389e-12
2.35389e-12
2.35389e-12
2.35389e-12
2.35389e-12
2.35389e-12
2.35389e-12
2.35389e-12
2.35389e-12
2.35389e-12
2.35389e-12
2.35389e-12
2.35389e-12
2.35389e-12
2.35389e-12
2.35389e-12
2.35389e-12
2.35389e-12
2.35389e-12
2.35389e-12
2.35389e-12
2.35389e-12
2.35389e-12
2.35389e-12
2.35389e-12
2.35389e-12
2.35389e-12
2.35389e-12
2.35389e-12
2.35389e-12
2.35389e-12
2.35389e-12
2.35389e-12
2.35389e-12
2.35389e-12
2.35389e-12
2.35389e-12
2.35389e-12
2.35389e-12
2.35389e-12
2.35389e-12
2.35389e-12
2.35389e-12
2.35389e-12
2.35389e-12
2.35389e-12
2.35389e-12
2.35389e-12
2.35389e-12
2.35389e-12
2.35389e-12
2.35389e-12
2.35389e-12
2.35389e-12
2.35389e-12
2.35389e-12
2.35389e-12
2.35389e-12
2.35389e-12
2.35389e-12
2.35389e-12
2.35389e-12
2.35389e-12
2.35389e-12
2.35389e-12
2.35389e-12
2.35389e-12
2.35389e-12
2.35389e-12
2.35389e-12
2.35389e-12
2.35389e-12
2.35389e-12
2.35389e-12
2.35389e-12
2.35389e-12
2.35389e-12
2.35389e-12
2.35389e-12
2.35389e-12
2.35389e-12
2.35389e-12
2.35389e-12
2.35389e-12
2.35389e-12
2.35389e-12
2.35389e-12
2.35389e-12
2.35389e-12
2.35389e-12
2.35389e-12
2.35389e-12
2.35389e-12
2.35389e-12
2.35389e-12
2.35389e-12
2.35389e-12
2.35389e-12
2.35389e-12
2.35389e-12
2.35389e-12
2.35389e-12
2.35389e-12
2.35389e-12
2.35389e-12
2.35389e-12
2.35389e-12
2.35389e-12
2.35389e-12
2.35389e-12
2.35389e-12
2.35389e-12
2.35389e-12
2.35389e-12
2.35389e-12
2.35389e-12
2.35389e-12
2.35389e-12
2.35389e-12
2.35389e-12
2.35389e-12
2.35389e-12
2.35389e-12
2.35389e-12
2.35389e-12
2.35389e-12
2.35389e-12
2.35389e-12
2.35389e-12
2.35389e-12
2.35389e-12
2.35389e-12
2.35389e-12
2.35389e-12
2.35389e-12
2.35389e-12
2.35389e-12
2.35389e-12
2.35389e-12
2.35389e-12
2.35389e-12
2.35389e-12
2.35389e-12
2.35389e-12
2.35389e-12
2.35389e-12
2.35389e-12
2.35389e-12
2.35389e-12
2.35389e-12
2.35389e-12
2.35389e-12
2.35389e-12
2.35389e-12
2.35389e-12
2.35389e-12
2.35389e-12
2.35389e-12
2.35389e-12
2.35389e-12
2.35389e-12
2.35389e-12
2.35389e-12
2.35389e-12
2.35389e-12
2.35389e-12
2.35389e-12
2.35389e-12
2.35389e-12
2.35389e-12
2.35389e-12
2.35389e-12
2.35389e-12
2.35389e-12
2.35389e-12
2.35389e-12
2.35389e-12
2.35389e-12
2.35389e-12
2.35389e-12
2.35389e-12
2.35389e-12
2.35389e-12
2.35389e-12
2.35389e-12
2.35389e-12
2.35389e-12
2.35389e-12
2.35389e-12
2.35389e-12
2.35389e-12
2.35389e-12
2.35389e-12
2.35389e-12
2.35389e-12
2.35389e-12
2.35389e-12
2.35389e-12
2.35389e-12
2.35389e-12
2.35389e-12
2.35389e-12
2.35389e-12
2.35389e-12
2.35389e-12
2.35389e-12
2.35389e-12
2.35389e-12
2.35389e-12
2.35389e-12
2.35389e-12
2.35389e-12
2.35389e-12
2.35389e-12
2.35389e-12
2.35389e-12
2.35389e-12
2.35389e-12
2.35389e-12
2.35389e-12
2.35389e-12
2.35389e-12
2.35389e-12
2.35389e-12
2.35389e-12
2.35389e-12
2.35389e-12
2.35389e-12
2.35389e-12
2.35389e-12
2.35389e-12
2.35389e-12
2.35389e-12
2.35389e-12
2.35389e-12
2.35389e-12
2.35389e-12
2.35389e-12
2.35389e-12
2.35389e-12
2.35389e-12
2.35389e-12
2.35389e-12
2.35389e-12
2.35389e-12
2.35389e-12
2.35389e-12
2.35389e-12
2.35389e-12
2.35389e-12
2.35389e-12
2.35389e-12
2.35389e-12
2.35389e-12
2.35389e-12
2.35389e-12
2.35389e-12
2.35389e-12
2.35389e-12
2.35389e-12
2.35389e-12
2.35389e-12
2.35389e-12
2.35389e-12
2.35389e-12
2.35389e-12
2.35389e-12
2.35389e-12
2.35389e-12
2.35389e-12
2.35389e-12
2.35389e-12
2.35389e-12
2.35389e-12
2.35389e-12
2.35389e-12
2.35389e-12
2.35389e-12
2.35389e-12
2.35389e-12
2.35389e-12
2.35389e-12
2.35389e-12
2.35389e-12
2.35389e-12
2.35389e-12
2.35389e-12
2.35389e-12
2.35389e-12
2.35389e-12
2.35389e-12
2.35389e-12
2.35389e-12
2.35389e-12
2.35389e-12
2.35389e-12
2.35389e-12
2.35389e-12
2.35389e-12
2.35389e-12
2.35389e-12
2.35389e-12
2.35389e-12
2.35389e-12
2.35389e-12
2.35389e-12
2.35389e-12
2.35389e-12
2.35389e-12
2.35389e-12
2.35389e-12
2.35389e-12
2.35389e-12
2.35389e-12
2.35389e-12
2.35389e-12
2.35389e-12
2.35389e-12
2.35389e-12
2.35389e-12
2.35389e-12
2.35389e-12
2.35389e-12
2.35389e-12
2.35389e-12
2.35389e-12
2.35389e-12
2.35389e-12
2.35389e-12
2.35389e-12
2.35389e-12
2.35389e-12
2.35389e-12
2.35389e-12
2.35389e-12
2.35389e-12
2.35389e-12
2.35389e-12
2.35389e-12
2.35389e-12
2.35389e-12
2.35389e-12
2.35389e-12
2.35389e-12
2.35389e-12
2.35389e-12
2.35389e-12
2.35389e-12
2.35389e-12
2.35389e-12
2.35389e-12
2.35389e-12
2.35389e-12
2.35389e-12
2.35389e-12
2.35389e-12
2.35389e-12
2.35389e-12
2.35389e-12
2.35389e-12
2.35389e-12
2.35389e-12
2.35389e-12
2.35389e-12
2.35389e-12
2.35389e-12
2.35389e-12
2.35389e-12
2.35389e-12
2.35389e-12
2.35389e-12
2.35389e-12
2.35389e-12
2.35389e-12
2.35389e-12
2.35389e-12
2.35389e-12
2.35389e-12
2.35389e-12
2.35389e-12
2.35389e-12
2.35389e-12
2.35389e-12
2.35389e-12
2.35389e-12
2.35389e-12
2.35389e-12
2.35389e-12
2.35389e-12
2.35389e-12
2.35389e-12
2.35389e-12
2.35389e-12
2.35389e-12
2.35389e-12
2.35389e-12
2.35389e-12
2.35389e-12
2.35389e-12
2.35389e-12
2.35389e-12
2.35389e-12
2.35389e-12
2.35389e-12
2.35389e-12
2.35389e-12
2.35389e-12
2.35389e-12
2.35389e-12
2.35389e-12
2.35389e-12
2.35389e-12
2.35389e-12
2.35389e-12
2.35389e-12
2.35389e-12
2.35389e-12
2.35389e-12
2.35389e-12
2.35389e-12
2.35389e-12
2.35389e-12
2.35389e-12
2.35389e-12
2.35389e-12
2.35389e-12
2.35389e-12
2.35389e-12
2.35389e-12
2.35389e-12
2.35389e-12
2.35389e-12
2.35389e-12
2.35389e-12
2.35389e-12
2.35389e-12
2.35389e-12
2.35389e-12
2.35389e-12
2.35389e-12
2.35389e-12
2.35389e-12
2.35389e-12
2.35389e-12
2.35389e-12
2.35389e-12
2.35389e-12
2.35389e-12
2.35389e-12
2.35389e-12
2.35389e-12
2.35389e-12
2.35389e-12
2.35389e-12
2.35389e-12
2.35389e-12
2.35389e-12
2.35389e-12
2.35389e-12
2.35389e-12
2.35389e-12
2.35389e-12
2.35389e-12
2.35389e-12
2.35389e-12
2.35389e-12
2.35389e-12
2.35389e-12
2.35389e-12
2.35389e-12
2.35389e-12
2.35389e-12
2.35389e-12
2.35389e-12
2.35389e-12
2.35389e-12
2.35389e-12
2.35389e-12
2.35389e-12
2.35389e-12
2.35389e-12
2.35389e-12
2.35389e-12
2.35389e-12
2.35389e-12
2.35389e-12
2.35389e-12
2.35389e-12
2.35389e-12
2.35389e-12
2.35389e-12
2.35389e-12
2.35389e-12
2.35389e-12
2.35389e-12
2.35389e-12
2.35389e-12
2.35389e-12
2.35389e-12
2.35389e-12
2.35389e-12
2.35389e-12
2.35389e-12
2.35389e-12
2.35389e-12
2.35389e-12
2.35389e-12
2.35389e-12
2.35389e-12
2.35389e-12
2.35389e-12
2.35389e-12
2.35389e-12
2.35389e-12
2.35389e-12
2.35389e-12
2.35389e-12
2.35389e-12
2.35389e-12
2.35389e-12
2.35389e-12
2.35389e-12
2.35389e-12
2.35389e-12
2.35389e-12
2.35389e-12
2.35389e-12
2.35389e-12
2.35389e-12
2.35389e-12
2.35389e-12
2.35389e-12
2.35389e-12
2.35389e-12
2.35389e-12
2.35389e-12
2.35389e-12
2.35389e-12
2.35389e-12
2.35389e-12
2.35389e-12
2.35389e-12
2.35389e-12
2.35389e-12
2.35389e-12
2.35389e-12
2.35389e-12
2.35389e-12
2.35389e-12
2.35389e-12
2.35389e-12
2.35389e-12
2.35389e-12
2.35389e-12
2.35389e-12
2.35389e-12
2.35389e-12
2.35389e-12
2.35389e-12
2.35389e-12
2.35389e-12
2.35389e-12
2.35389e-12
2.35389e-12
2.35389e-12
2.35389e-12
2.35389e-12
2.35389e-12
2.35389e-12
2.35389e-12
2.35389e-12
2.35389e-12
2.35389e-12
2.35389e-12
2.35389e-12
2.35389e-12
2.35389e-12
2.35389e-12
2.35389e-12
2.35389e-12
2.35389e-12
2.35389e-12
2.35389e-12
2.35389e-12
2.35389e-12
2.35389e-12
2.35389e-12
2.35389e-12
2.35389e-12
2.35389e-12
2.35389e-12
2.35389e-12
2.35389e-12
2.35389e-12
2.35389e-12
2.35389e-12
2.35389e-12
2.35389e-12
2.35389e-12
2.35389e-12
2.35389e-12
2.35389e-12
2.35389e-12
2.35389e-12
2.35389e-12
2.35389e-12
2.35389e-12
2.35389e-12
2.35389e-12
2.35389e-12
2.35389e-12
2.35389e-12
2.35389e-12
2.35389e-12
2.35389e-12
2.35389e-12
2.35389e-12
2.35389e-12
2.35389e-12
2.35389e-12
2.35389e-12
2.35389e-12
2.35389e-12
2.35389e-12
2.35389e-12
2.35389e-12
2.35389e-12
2.35389e-12
2.35389e-12
2.35389e-12
2.35389e-12
2.35389e-12
2.35389e-12
2.35389e-12
2.35389e-12
2.35389e-12
2.35389e-12
2.35389e-12
2.35389e-12
2.35389e-12
2.35389e-12
2.35389e-12
2.35389e-12
2.35389e-12
2.35389e-12
2.35389e-12
2.35389e-12
2.35389e-12
2.35389e-12
2.35389e-12
2.35389e-12
2.35389e-12
2.35389e-12
2.35389e-12
2.35389e-12
2.35389e-12
2.35389e-12
2.35389e-12
2.35389e-12
2.35389e-12
2.35389e-12
2.35389e-12
2.35389e-12
2.35389e-12
2.35389e-12
2.35389e-12
2.35389e-12
2.35389e-12
2.35389e-12
2.35389e-12
2.35389e-12
2.35389e-12
2.35389e-12
2.35389e-12
2.35389e-12
2.35389e-12
2.35389e-12
2.35389e-12
2.35389e-12
2.35389e-12
2.35389e-12
2.35389e-12
2.35389e-12
2.35389e-12
2.35389e-12
2.35389e-12
2.35389e-12
2.35389e-12
2.35389e-12
2.35389e-12
2.35389e-12
2.35389e-12
2.35389e-12
2.35389e-12
2.35389e-12
2.35389e-12
2.35389e-12
2.35389e-12
2.35389e-12
2.35389e-12
2.35389e-12
2.35389e-12
2.35389e-12
2.35389e-12
2.35389e-12
2.35389e-12
2.35389e-12
2.35389e-12
2.35389e-12
2.35389e-12
2.35389e-12
2.35389e-12
2.35389e-12
2.35389e-12
2.35389e-12
2.35389e-12
2.35389e-12
2.35389e-12
2.35389e-12
2.35389e-12
2.35389e-12
2.35389e-12
2.35389e-12
2.35389e-12
2.35389e-12
2.35389e-12
2.35389e-12
2.35389e-12
2.35389e-12
2.35389e-12
2.35389e-12
2.35389e-12
2.35389e-12
2.35389e-12
2.35389e-12
2.35389e-12
2.35389e-12
2.35389e-12
2.35389e-12
2.35389e-12
2.35389e-12
2.35389e-12
2.35389e-12
2.35389e-12
2.35389e-12
2.35389e-12
2.35389e-12
2.35389e-12
2.35389e-12
2.35389e-12
2.35389e-12
2.35389e-12
2.35389e-12
2.35389e-12
2.35389e-12
2.35389e-12
2.35389e-12
2.35389e-12
2.35389e-12
2.35389e-12
2.35389e-12
2.35389e-12
2.35389e-12
2.35389e-12
2.35389e-12
2.35389e-12
2.35389e-12
2.35389e-12
2.35389e-12
2.35389e-12
2.35389e-12
2.35389e-12
2.35389e-12
2.35389e-12
2.35389e-12
2.35389e-12
2.35389e-12
2.35389e-12
2.35389e-12
2.35389e-12
2.35389e-12
2.35389e-12
2.35389e-12
2.35389e-12
2.35389e-12
2.35389e-12
2.35389e-12
2.35389e-12
2.35389e-12
2.35389e-12
2.35389e-12
2.35389e-12
2.35389e-12
2.35389e-12
2.35389e-12
2.35389e-12
2.35389e-12
2.35389e-12
2.35389e-12
2.35389e-12
2.35389e-12
2.35389e-12
2.35389e-12
2.35389e-12
2.35389e-12
2.35389e-12
2.35389e-12
2.35389e-12
2.35389e-12
2.35389e-12
2.35389e-12
2.35389e-12
2.35389e-12
2.35389e-12
2.35389e-12
2.35389e-12
2.35389e-12
2.35389e-12
2.35389e-12
2.35389e-12
2.35389e-12
2.35389e-12
2.35389e-12
2.35389e-12
2.35389e-12
2.35389e-12
2.35389e-12
2.35389e-12
2.35389e-12
2.35389e-12
2.35389e-12
2.35389e-12
2.35389e-12
2.35389e-12
2.35389e-12
2.35389e-12
2.35389e-12
2.35389e-12
2.35389e-12
2.35389e-12
2.35389e-12
2.35389e-12
2.35389e-12
2.35389e-12
2.35389e-12
2.35389e-12
2.35389e-12
2.35389e-12
2.35389e-12
2.35389e-12
2.35389e-12
2.35389e-12
2.35389e-12
2.35389e-12
2.35389e-12
2.35389e-12
2.35389e-12
2.35389e-12
2.35389e-12
2.35389e-12
2.35389e-12
2.35389e-12
2.35389e-12
2.35389e-12
2.35389e-12
2.35389e-12
2.35389e-12
2.35389e-12
2.35389e-12
2.35389e-12
2.35389e-12
2.35389e-12
2.35389e-12
2.35389e-12
2.35389e-12
2.35389e-12
2.35389e-12
2.35389e-12
2.35389e-12
2.35389e-12
2.35389e-12
2.35389e-12
2.35389e-12
2.35389e-12
2.35389e-12
2.35389e-12
2.35389e-12
2.35389e-12
2.35389e-12
2.35389e-12
2.35389e-12
2.35389e-12
2.35389e-12
2.35389e-12
2.35389e-12
2.35389e-12
2.35389e-12
2.35389e-12
2.35389e-12
2.35389e-12
2.35389e-12
2.35389e-12
2.35389e-12
2.35389e-12
2.35389e-12
2.35389e-12
2.35389e-12
2.35389e-12
2.35389e-12
2.35389e-12
2.35389e-12
2.35389e-12
2.35389e-12
2.35389e-12
2.35389e-12
2.35389e-12
2.35389e-12
2.35389e-12
2.35389e-12
2.35389e-12
2.35389e-12
2.35389e-12
2.35389e-12
2.35389e-12
2.35389e-12
2.35389e-12
2.35389e-12
2.35389e-12
2.35389e-12
2.35389e-12
2.35389e-12
2.35389e-12
2.35389e-12
2.35389e-12
2.35389e-12
2.35389e-12
2.35389e-12
2.35389e-12
2.35389e-12
2.35389e-12
2.35389e-12
2.35389e-12
2.35389e-12
2.35389e-12
2.35389e-12
2.35389e-12
2.35389e-12
2.35389e-12
2.35389e-12
2.35389e-12
2.35389e-12
2.35389e-12
2.35389e-12
2.35389e-12
2.35389e-12
2.35389e-12
2.35389e-12
2.35389e-12
2.35389e-12
2.35389e-12
2.35389e-12
2.35389e-12
2.35389e-12
2.35389e-12
2.35389e-12
2.35389e-12
2.35389e-12
2.35389e-12
2.35389e-12
2.35389e-12
2.35389e-12
2.35389e-12
2.35389e-12
2.35389e-12
2.35389e-12
2.35389e-12
2.35389e-12
2.35389e-12
2.35389e-12
2.35389e-12
2.35389e-12
2.35389e-12
2.35389e-12
2.35389e-12
2.35389e-12
2.35389e-12
2.35389e-12
2.35389e-12
2.35389e-12
2.35389e-12
2.35389e-12
2.35389e-12
2.35389e-12
2.35389e-12
2.35389e-12
2.35389e-12
2.35389e-12
2.35389e-12
2.35389e-12
2.35389e-12
2.35389e-12
2.35389e-12
2.35389e-12
2.35389e-12
2.35389e-12
2.35389e-12
2.35389e-12
2.35389e-12
2.35389e-12
2.35389e-12
2.35389e-12
2.35389e-12
2.35389e-12
2.35389e-12
2.35389e-12
2.35389e-12
2.35389e-12
2.35389e-12
2.35389e-12
2.35389e-12
2.35389e-12
2.35389e-12
2.35389e-12
2.35389e-12
2.35389e-12
2.35389e-12
2.35389e-12
2.35389e-12
2.35389e-12
2.35389e-12
2.35389e-12
2.35389e-12
2.35389e-12
2.35389e-12
2.35389e-12
2.35389e-12
2.35389e-12
2.35389e-12
2.35389e-12
2.35389e-12
2.35389e-12
2.35389e-12
2.35389e-12
2.35389e-12
2.35389e-12
2.35389e-12
2.35389e-12
2.35389e-12
2.35389e-12
2.35389e-12
2.35389e-12
2.35389e-12
2.35389e-12
2.35389e-12
2.35389e-12
2.35389e-12
2.35389e-12
2.35389e-12
2.35389e-12
2.35389e-12
2.35389e-12
2.35389e-12
2.35389e-12
2.35389e-12
2.35389e-12
2.35389e-12
2.35389e-12
2.35389e-12
2.35389e-12
2.35389e-12
2.35389e-12
2.35389e-12
2.35389e-12
2.35389e-12
2.35389e-12
2.35389e-12
2.35389e-12
2.35389e-12
