1.48292e+08
1.48292e+08
4.38641e+07
2.1343e+07
2.1343e+07
5.48895e+06
2.71336e+06
333522
67312.1
67312.1
67312.1
67312.1
67312.1
67312.1
67312.1
67312.1
67312.1
67312.1
67312.1
67312.1
67312.1
20848.4
1614.44
1614.44
1309.69
185.733
185.733
185.733
57.2214
57.2214
42.6992
42.6992
42.6992
42.6992
42.6992
42.6992
23.852
23.852
23.852
23.852
23.852
23.852
23.852
23.852
23.852
23.852
23.852
23.852
23.852
23.852
23.852
23.852
23.852
23.852
23.852
23.852
23.852
23.852
23.852
21.4515
19.0758
17.7638
17.7638
17.7638
17.7638
17.7638
17.7638
17.7638
17.7638
17.7638
17.7638
17.7638
17.7638
17.7638
17.7638
17.7638
17.7638
17.7638
17.7638
17.7638
17.7638
17.7638
17.7638
17.7638
17.7638
17.7638
17.7638
17.7638
17.7638
17.0457
15.416
15.416
15.416
15.416
15.416
15.416
15.416
15.416
15.416
15.416
15.416
15.416
15.416
15.416
15.416
13.1397
13.1397
13.1397
13.1397
13.1397
13.1397
13.1397
13.1397
13.1397
13.1397
13.1397
13.1397
13.1397
13.1397
13.1397
13.1397
13.1397
13.1397
13.1397
13.1397
13.1397
13.1397
13.1397
13.1397
13.1397
13.1397
13.1397
13.1397
13.1397
13.1397
13.1397
13.1397
13.1397
13.1397
13.1397
13.1397
13.1397
13.1397
13.1397
8.50112
8.50112
8.50112
8.50112
8.50112
8.50112
8.50112
8.50112
8.50112
8.50112
8.50112
8.50112
8.50112
8.50112
8.50112
8.50112
8.50112
8.50112
8.50112
8.50112
8.50112
8.50112
8.50112
8.50112
8.50112
8.50112
8.50112
8.50112
8.50112
8.50112
8.50112
8.50112
8.50112
8.50112
8.50112
8.50112
8.50112
8.50112
8.50112
8.50112
8.50112
8.50112
8.50112
8.50112
8.50112
8.50112
8.50112
8.50112
8.50112
8.50112
8.50112
8.50112
8.50112
7.86885
7.86885
7.86885
7.86885
7.86885
7.86885
7.86885
7.86885
7.86885
7.86885
7.86885
7.86885
7.86885
7.86885
7.86885
7.86885
7.86885
7.86885
7.86885
7.86885
7.86885
7.86885
7.86885
7.86885
7.86885
7.86885
7.86885
7.86885
7.86885
7.86885
7.86885
7.86885
7.86885
7.86885
7.86885
7.86885
7.86885
7.86885
7.86885
7.86885
7.86885
7.86885
7.86885
7.86885
7.86885
7.86885
7.86885
7.86885
7.86885
7.86885
7.86885
7.86885
7.86885
7.86885
7.86885
7.86885
7.86885
7.86885
7.86885
7.86885
7.86885
7.86885
7.86885
7.86885
7.86885
7.86885
7.86885
7.86885
7.86885
7.86885
7.86885
7.86885
7.86885
7.86885
7.86885
7.86885
7.86885
7.86885
7.86885
7.86885
7.86885
7.86885
7.86885
7.86885
7.86885
7.86885
7.86885
7.86885
7.86885
7.86885
7.86885
7.86885
7.86885
7.86885
7.86885
7.86885
7.86885
7.86885
7.86885
7.86885
7.86885
7.86885
7.86885
7.86885
7.86885
7.86885
7.86885
7.86885
7.86885
7.86885
7.86885
7.86885
7.86885
7.86885
7.86885
7.86885
7.86885
7.86885
7.86885
7.86885
7.86885
7.86885
7.86885
7.86885
7.86885
7.86885
7.86885
7.86885
7.86885
7.86885
7.86885
7.86885
7.86885
7.86885
7.86885
7.86885
7.86885
7.86885
7.86885
7.86885
7.86885
7.86885
7.86885
7.86885
7.86885
7.86885
7.86885
7.86885
7.86885
7.86885
7.86885
7.86885
7.86885
7.86885
7.86885
7.86885
7.86885
7.86885
7.86885
7.86885
7.86885
7.86885
7.86885
7.86885
7.86885
7.86885
7.86885
7.86885
7.86885
7.86885
7.86885
7.86885
7.86885
7.86885
7.86885
7.86885
7.86885
7.86885
7.86885
7.86885
7.86885
7.86885
7.86885
7.86885
7.86885
7.86885
7.86885
7.86885
7.86885
7.86885
7.86885
7.86885
7.86885
7.86885
7.86885
7.86885
7.86885
7.86885
7.86885
7.86885
7.86885
7.86885
7.86885
7.86885
7.86885
7.86885
7.86885
7.86885
7.86885
7.86885
7.86885
7.86885
7.86885
7.86885
7.86885
7.86885
7.86885
7.86885
7.86885
7.86885
7.86885
7.86885
7.86885
7.86885
7.86885
7.86885
7.86885
7.86885
7.86885
7.86885
7.86885
7.86885
7.86885
7.86885
7.86885
7.86885
7.86885
7.86885
7.86885
7.86885
7.86885
7.86885
7.86885
7.86885
7.86885
7.86885
7.86885
7.86885
7.86885
7.86885
7.86885
7.86885
7.86885
7.86885
7.86885
7.86885
7.86885
7.86885
7.86885
7.86885
7.86885
7.86885
7.86885
7.86885
7.86885
7.86885
7.86885
7.86885
7.86885
7.86885
7.86885
7.86885
7.86885
7.86885
7.86885
7.86885
7.86885
7.86885
7.86885
7.86885
7.86885
7.86885
7.86885
7.86885
7.86885
7.86885
7.86885
7.86885
7.86885
7.86885
7.86885
7.86885
7.86885
7.86885
7.86885
7.86885
7.86885
7.86885
7.86885
7.86885
7.86885
7.86885
7.86885
7.86885
7.86885
7.86885
7.86885
7.86885
7.86885
7.86885
7.86885
7.86885
7.86885
7.86885
7.86885
7.86885
7.86885
7.86885
7.86885
7.86885
7.86885
7.86885
7.86885
7.86885
7.86885
7.86885
7.86885
7.86885
7.86885
7.86885
7.86885
7.86885
7.86885
7.86885
7.86885
7.86885
7.86885
7.86885
6.99527
6.99527
6.99527
6.15454
6.15454
6.15454
6.15454
6.15454
6.15454
6.15454
6.15454
6.15454
4.89949
4.89949
4.89949
4.89949
4.89949
1.57124
1.57124
1.57124
0.114183
0.0694232
0.0694232
0.0694232
0.0694232
0.0263611
0.0222014
0.0220609
0.0220609
0.0177046
0.0108409
0.00686385
0.00391478
0.00244988
0.00150724
0.000777124
0.000565458
0.000565458
0.000565458
0.000457947
0.000441412
0.000441412
0.0001027
6.75435e-05
6.75435e-05
6.75435e-05
4.93699e-05
4.93699e-05
4.93699e-05
3.11838e-05
3.11838e-05
3.11838e-05
3.11838e-05
3.11838e-05
3.11838e-05
3.11838e-05
3.11838e-05
3.11838e-05
2.4655e-05
2.4655e-05
1.29504e-05
9.62728e-06
7.12396e-06
4.7727e-06
3.96724e-06
3.926e-06
3.90769e-06
2.55487e-06
2.55487e-06
2.20958e-06
1.52922e-06
1.11283e-06
9.3008e-07
9.3008e-07
6.70395e-07
5.20581e-07
3.86929e-07
2.90669e-07
1.35526e-07
1.01797e-07
6.53805e-08
5.11214e-08
2.29243e-08
1.50073e-08
7.44236e-09
6.22519e-09
4.7476e-09
1.35396e-09
1.35396e-09
1.35396e-09
4.71707e-10
4.71707e-10
1.33671e-10
5.52439e-11
5.52439e-11
5.52439e-11
5.52439e-11
5.52439e-11
5.52439e-11
5.52439e-11
5.52439e-11
5.52439e-11
5.52439e-11
5.52439e-11
5.52439e-11
5.52439e-11
5.52439e-11
5.52439e-11
5.52439e-11
5.52439e-11
5.52439e-11
5.52439e-11
5.52439e-11
5.52439e-11
5.52439e-11
5.52439e-11
5.52439e-11
5.52439e-11
5.52439e-11
5.52439e-11
5.52439e-11
5.52439e-11
5.52439e-11
5.52439e-11
5.52439e-11
5.52439e-11
5.52439e-11
5.52439e-11
5.52439e-11
5.52439e-11
5.52439e-11
5.52439e-11
5.52439e-11
5.52439e-11
5.52439e-11
5.52439e-11
5.52439e-11
5.52439e-11
5.52439e-11
5.52439e-11
5.52439e-11
5.52439e-11
5.52439e-11
5.52439e-11
5.52439e-11
5.52439e-11
5.52439e-11
5.52439e-11
5.52439e-11
5.52439e-11
5.52439e-11
5.52439e-11
5.52439e-11
5.52439e-11
5.52439e-11
5.52439e-11
5.52439e-11
5.52439e-11
5.52439e-11
5.52439e-11
5.52439e-11
5.52439e-11
5.52439e-11
5.52439e-11
5.52439e-11
5.52439e-11
5.52439e-11
5.52439e-11
5.52439e-11
5.52439e-11
5.52439e-11
5.52439e-11
5.52439e-11
5.52439e-11
5.52439e-11
5.52439e-11
5.52439e-11
5.52439e-11
5.52439e-11
5.52439e-11
5.52439e-11
5.52439e-11
5.52439e-11
5.52439e-11
5.52439e-11
5.52439e-11
5.52439e-11
5.52439e-11
5.52439e-11
5.52439e-11
5.52439e-11
5.52439e-11
5.52439e-11
5.52439e-11
5.52439e-11
5.52439e-11
5.52439e-11
5.52439e-11
5.52439e-11
5.52439e-11
5.52439e-11
5.52439e-11
5.52439e-11
5.52439e-11
5.52439e-11
5.52439e-11
5.52439e-11
5.52439e-11
5.52439e-11
5.52439e-11
5.52439e-11
5.52439e-11
5.52439e-11
5.52439e-11
5.52439e-11
5.52439e-11
5.52439e-11
5.52439e-11
5.52439e-11
5.52439e-11
5.52439e-11
5.52439e-11
5.52439e-11
5.52439e-11
5.52439e-11
5.52439e-11
5.52439e-11
5.52439e-11
5.52439e-11
5.52439e-11
5.52439e-11
5.52439e-11
5.52439e-11
5.52439e-11
5.52439e-11
5.52439e-11
5.52439e-11
5.52439e-11
5.52439e-11
5.52439e-11
5.52439e-11
5.52439e-11
5.52439e-11
5.52439e-11
5.52439e-11
5.52439e-11
5.52439e-11
5.52439e-11
5.52439e-11
5.52439e-11
5.52439e-11
5.52439e-11
5.52439e-11
5.52439e-11
5.52439e-11
5.52439e-11
5.52439e-11
5.52439e-11
5.52439e-11
5.52439e-11
5.52439e-11
5.52439e-11
5.52439e-11
5.52439e-11
5.52439e-11
5.52439e-11
5.52439e-11
5.52439e-11
5.52439e-11
5.52439e-11
5.52439e-11
5.52439e-11
5.52439e-11
5.52439e-11
5.52439e-11
5.52439e-11
5.52439e-11
5.52439e-11
5.52439e-11
5.52439e-11
5.52439e-11
5.52439e-11
5.52439e-11
5.52439e-11
5.52439e-11
5.52439e-11
5.52439e-11
5.52439e-11
5.52439e-11
5.52439e-11
5.52439e-11
5.52439e-11
5.52439e-11
5.52439e-11
5.52439e-11
5.52439e-11
5.52439e-11
5.52439e-11
5.52439e-11
5.52439e-11
5.52439e-11
5.52439e-11
5.52439e-11
5.52439e-11
5.52439e-11
5.52439e-11
5.52439e-11
5.52439e-11
5.52439e-11
5.52439e-11
5.52439e-11
5.52439e-11
5.52439e-11
5.52439e-11
5.52439e-11
5.52439e-11
5.52439e-11
5.52439e-11
5.52439e-11
5.52439e-11
5.52439e-11
5.52439e-11
5.52439e-11
5.52439e-11
5.52439e-11
5.52439e-11
5.52439e-11
5.52439e-11
5.52439e-11
5.52439e-11
5.52439e-11
5.52439e-11
5.52439e-11
5.52439e-11
5.52439e-11
5.52439e-11
5.52439e-11
5.52439e-11
5.52439e-11
5.52439e-11
5.52439e-11
5.52439e-11
5.52439e-11
5.52439e-11
5.52439e-11
5.52439e-11
5.52439e-11
5.52439e-11
5.52439e-11
5.52439e-11
5.52439e-11
5.52439e-11
5.52439e-11
5.52439e-11
5.52439e-11
5.52439e-11
5.52439e-11
5.52439e-11
5.52439e-11
5.52439e-11
5.52439e-11
5.52439e-11
5.52439e-11
5.52439e-11
5.52439e-11
5.52439e-11
5.52439e-11
5.52439e-11
5.52439e-11
5.52439e-11
5.52439e-11
5.52439e-11
5.52439e-11
5.52439e-11
5.52439e-11
5.52439e-11
5.52439e-11
5.52439e-11
5.52439e-11
5.52439e-11
5.52439e-11
5.52439e-11
5.52439e-11
5.52439e-11
5.52439e-11
5.52439e-11
5.52439e-11
5.52439e-11
5.52439e-11
5.52439e-11
5.52439e-11
5.52439e-11
5.52439e-11
5.52439e-11
5.52439e-11
5.52439e-11
5.52439e-11
5.52439e-11
5.52439e-11
5.52439e-11
5.52439e-11
5.52439e-11
5.52439e-11
5.52439e-11
5.52439e-11
5.52439e-11
5.52439e-11
5.52439e-11
5.52439e-11
5.52439e-11
5.52439e-11
5.52439e-11
5.52439e-11
5.52439e-11
5.52439e-11
5.52439e-11
5.52439e-11
5.52439e-11
5.52439e-11
5.52439e-11
5.52439e-11
5.52439e-11
5.52439e-11
5.52439e-11
5.52439e-11
5.52439e-11
5.52439e-11
5.52439e-11
5.52439e-11
5.52439e-11
5.52439e-11
5.52439e-11
5.52439e-11
5.52439e-11
5.52439e-11
5.52439e-11
5.52439e-11
5.52439e-11
5.52439e-11
5.52439e-11
5.52439e-11
5.52439e-11
5.52439e-11
5.52439e-11
5.52439e-11
5.52439e-11
5.52439e-11
5.52439e-11
5.52439e-11
5.52439e-11
5.52439e-11
5.52439e-11
5.52439e-11
5.52439e-11
5.52439e-11
5.52439e-11
5.52439e-11
5.52439e-11
5.52439e-11
5.52439e-11
5.52439e-11
5.52439e-11
5.52439e-11
5.52439e-11
5.52439e-11
5.52439e-11
5.52439e-11
5.52439e-11
5.52439e-11
5.52439e-11
5.52439e-11
5.52439e-11
5.52439e-11
5.52439e-11
5.52439e-11
5.52439e-11
5.52439e-11
5.52439e-11
5.52439e-11
5.52439e-11
5.52439e-11
5.52439e-11
5.52439e-11
5.52439e-11
5.52439e-11
5.52439e-11
5.52439e-11
5.52439e-11
5.52439e-11
5.52439e-11
5.52439e-11
5.52439e-11
5.52439e-11
5.52439e-11
5.52439e-11
5.52439e-11
5.52439e-11
5.52439e-11
5.52439e-11
5.52439e-11
5.52439e-11
5.52439e-11
5.52439e-11
5.52439e-11
5.52439e-11
5.52439e-11
5.52439e-11
5.52439e-11
5.52439e-11
5.52439e-11
5.52439e-11
5.52439e-11
5.52439e-11
5.52439e-11
5.52439e-11
5.52439e-11
5.52439e-11
5.52439e-11
5.52439e-11
5.52439e-11
5.52439e-11
5.52439e-11
5.52439e-11
5.52439e-11
5.52439e-11
5.52439e-11
5.52439e-11
5.52439e-11
5.52439e-11
5.52439e-11
5.52439e-11
5.52439e-11
5.52439e-11
5.52439e-11
5.52439e-11
5.52439e-11
5.52439e-11
5.52439e-11
5.52439e-11
5.52439e-11
5.52439e-11
5.52439e-11
5.52439e-11
5.52439e-11
5.52439e-11
5.52439e-11
5.52439e-11
5.52439e-11
5.52439e-11
5.52439e-11
5.52439e-11
5.52439e-11
5.52439e-11
5.52439e-11
5.52439e-11
5.52439e-11
5.52439e-11
5.52439e-11
5.52439e-11
5.52439e-11
5.52439e-11
5.52439e-11
5.52439e-11
5.52439e-11
5.52439e-11
5.52439e-11
5.52439e-11
5.52439e-11
5.52439e-11
5.52439e-11
5.52439e-11
5.52439e-11
5.52439e-11
5.52439e-11
5.52439e-11
5.52439e-11
5.52439e-11
5.52439e-11
5.52439e-11
5.52439e-11
5.52439e-11
5.52439e-11
5.52439e-11
5.52439e-11
5.52439e-11
5.52439e-11
5.52439e-11
5.52439e-11
5.52439e-11
5.52439e-11
5.52439e-11
5.52439e-11
5.52439e-11
5.52439e-11
5.52439e-11
5.52439e-11
5.52439e-11
5.52439e-11
5.52439e-11
5.52439e-11
5.52439e-11
5.52439e-11
5.52439e-11
5.52439e-11
5.52439e-11
5.52439e-11
5.52439e-11
5.52439e-11
5.52439e-11
5.52439e-11
5.52439e-11
5.52439e-11
5.52439e-11
5.52439e-11
5.52439e-11
5.52439e-11
5.52439e-11
5.52439e-11
5.52439e-11
5.52439e-11
5.52439e-11
5.52439e-11
5.52439e-11
5.52439e-11
5.52439e-11
5.52439e-11
5.52439e-11
5.52439e-11
5.52439e-11
5.52439e-11
5.52439e-11
5.52439e-11
5.52439e-11
5.52439e-11
5.52439e-11
5.52439e-11
5.52439e-11
5.52439e-11
5.52439e-11
5.52439e-11
5.52439e-11
5.52439e-11
5.52439e-11
5.52439e-11
5.52439e-11
5.52439e-11
5.52439e-11
5.52439e-11
5.52439e-11
5.52439e-11
5.52439e-11
5.52439e-11
5.52439e-11
5.52439e-11
5.52439e-11
5.52439e-11
5.52439e-11
5.52439e-11
5.52439e-11
5.52439e-11
5.52439e-11
5.52439e-11
5.52439e-11
5.52439e-11
5.52439e-11
5.52439e-11
5.52439e-11
5.52439e-11
5.52439e-11
5.52439e-11
5.52439e-11
5.52439e-11
5.52439e-11
5.52439e-11
5.52439e-11
5.52439e-11
5.52439e-11
5.52439e-11
5.52439e-11
5.52439e-11
5.52439e-11
5.52439e-11
5.52439e-11
5.52439e-11
5.52439e-11
5.52439e-11
5.52439e-11
5.52439e-11
5.52439e-11
5.52439e-11
5.52439e-11
5.52439e-11
5.52439e-11
5.52439e-11
5.52439e-11
5.52439e-11
5.52439e-11
5.52439e-11
5.52439e-11
5.52439e-11
5.52439e-11
5.52439e-11
5.52439e-11
5.52439e-11
5.52439e-11
5.52439e-11
5.52439e-11
5.52439e-11
5.52439e-11
5.52439e-11
5.52439e-11
5.52439e-11
5.52439e-11
5.52439e-11
5.52439e-11
5.52439e-11
5.52439e-11
5.52439e-11
5.52439e-11
5.52439e-11
5.52439e-11
5.52439e-11
5.52439e-11
5.52439e-11
5.52439e-11
5.52439e-11
5.52439e-11
5.52439e-11
5.52439e-11
5.52439e-11
5.52439e-11
5.52439e-11
5.52439e-11
5.52439e-11
5.52439e-11
5.52439e-11
5.52439e-11
5.52439e-11
5.52439e-11
5.52439e-11
5.52439e-11
5.52439e-11
5.52439e-11
5.52439e-11
5.52439e-11
5.52439e-11
5.52439e-11
5.52439e-11
5.52439e-11
5.52439e-11
5.52439e-11
5.52439e-11
5.52439e-11
5.52439e-11
5.52439e-11
5.52439e-11
5.52439e-11
5.52439e-11
5.52439e-11
5.52439e-11
5.52439e-11
5.52439e-11
5.52439e-11
5.52439e-11
5.52439e-11
5.52439e-11
5.52439e-11
5.52439e-11
5.52439e-11
5.52439e-11
5.52439e-11
5.52439e-11
5.52439e-11
5.52439e-11
5.52439e-11
5.52439e-11
5.52439e-11
5.52439e-11
5.52439e-11
5.52439e-11
5.52439e-11
5.52439e-11
5.52439e-11
5.52439e-11
5.52439e-11
5.52439e-11
5.52439e-11
5.52439e-11
5.52439e-11
5.52439e-11
5.52439e-11
5.52439e-11
5.52439e-11
5.52439e-11
5.52439e-11
5.52439e-11
5.52439e-11
5.52439e-11
5.52439e-11
5.52439e-11
5.52439e-11
5.52439e-11
5.52439e-11
5.52439e-11
5.52439e-11
5.52439e-11
5.52439e-11
5.52439e-11
5.52439e-11
5.52439e-11
5.52439e-11
5.52439e-11
5.52439e-11
5.52439e-11
5.52439e-11
5.52439e-11
5.52439e-11
5.52439e-11
5.52439e-11
5.52439e-11
5.52439e-11
5.52439e-11
5.52439e-11
5.52439e-11
5.52439e-11
5.52439e-11
5.52439e-11
5.52439e-11
5.52439e-11
5.52439e-11
5.52439e-11
5.52439e-11
5.52439e-11
5.52439e-11
5.52439e-11
5.52439e-11
5.52439e-11
5.52439e-11
5.52439e-11
5.52439e-11
5.52439e-11
5.52439e-11
5.52439e-11
5.52439e-11
5.52439e-11
5.52439e-11
5.52439e-11
5.52439e-11
5.52439e-11
5.52439e-11
5.52439e-11
5.52439e-11
5.52439e-11
5.52439e-11
5.52439e-11
5.52439e-11
5.52439e-11
5.52439e-11
5.52439e-11
5.52439e-11
5.52439e-11
5.52439e-11
5.52439e-11
5.52439e-11
5.52439e-11
5.52439e-11
5.52439e-11
5.52439e-11
5.52439e-11
5.52439e-11
5.52439e-11
5.52439e-11
5.52439e-11
5.52439e-11
5.52439e-11
5.52439e-11
5.52439e-11
5.52439e-11
5.52439e-11
5.52439e-11
5.52439e-11
5.52439e-11
5.52439e-11
5.52439e-11
5.52439e-11
5.52439e-11
5.52439e-11
5.52439e-11
5.52439e-11
5.52439e-11
5.52439e-11
5.52439e-11
5.52439e-11
5.52439e-11
5.52439e-11
5.52439e-11
5.52439e-11
5.52439e-11
5.52439e-11
5.52439e-11
5.52439e-11
5.52439e-11
5.52439e-11
5.52439e-11
5.52439e-11
5.52439e-11
5.52439e-11
5.52439e-11
5.52439e-11
5.52439e-11
5.52439e-11
5.52439e-11
5.52439e-11
5.52439e-11
5.52439e-11
5.52439e-11
5.52439e-11
5.52439e-11
5.52439e-11
5.52439e-11
5.52439e-11
5.52439e-11
5.52439e-11
5.52439e-11
5.52439e-11
5.52439e-11
5.52439e-11
5.52439e-11
5.52439e-11
5.52439e-11
5.52439e-11
5.52439e-11
5.52439e-11
5.52439e-11
5.52439e-11
5.52439e-11
5.52439e-11
5.52439e-11
5.52439e-11
5.52439e-11
5.52439e-11
5.52439e-11
5.52439e-11
5.52439e-11
5.52439e-11
5.52439e-11
5.52439e-11
5.52439e-11
5.52439e-11
5.52439e-11
5.52439e-11
5.52439e-11
5.52439e-11
5.52439e-11
5.52439e-11
5.52439e-11
5.52439e-11
5.52439e-11
5.52439e-11
5.52439e-11
5.52439e-11
5.52439e-11
5.52439e-11
5.52439e-11
5.52439e-11
5.52439e-11
5.52439e-11
5.52439e-11
5.52439e-11
5.52439e-11
5.52439e-11
5.52439e-11
5.52439e-11
5.52439e-11
5.52439e-11
5.52439e-11
5.52439e-11
5.52439e-11
5.52439e-11
5.52439e-11
5.52439e-11
5.52439e-11
5.52439e-11
5.52439e-11
5.52439e-11
5.52439e-11
5.52439e-11
5.52439e-11
5.52439e-11
5.52439e-11
5.52439e-11
5.52439e-11
5.52439e-11
5.52439e-11
5.52439e-11
5.52439e-11
5.52439e-11
5.52439e-11
5.52439e-11
5.52439e-11
5.52439e-11
5.52439e-11
5.52439e-11
5.52439e-11
5.52439e-11
5.52439e-11
5.52439e-11
5.52439e-11
5.52439e-11
5.52439e-11
5.52439e-11
5.52439e-11
5.52439e-11
5.52439e-11
5.52439e-11
5.52439e-11
5.52439e-11
5.52439e-11
5.52439e-11
5.52439e-11
5.52439e-11
5.52439e-11
5.52439e-11
5.52439e-11
5.52439e-11
5.52439e-11
5.52439e-11
5.52439e-11
5.52439e-11
5.52439e-11
5.52439e-11
5.52439e-11
5.52439e-11
5.52439e-11
5.52439e-11
5.52439e-11
5.52439e-11
5.52439e-11
5.52439e-11
5.52439e-11
5.52439e-11
5.52439e-11
5.52439e-11
5.52439e-11
5.52439e-11
5.52439e-11
5.52439e-11
5.52439e-11
5.52439e-11
5.52439e-11
5.52439e-11
5.52439e-11
5.52439e-11
5.52439e-11
5.52439e-11
5.52439e-11
5.52439e-11
5.52439e-11
5.52439e-11
5.52439e-11
5.52439e-11
5.52439e-11
5.52439e-11
5.52439e-11
5.52439e-11
5.52439e-11
5.52439e-11
5.52439e-11
5.52439e-11
5.52439e-11
5.52439e-11
5.52439e-11
5.52439e-11
5.52439e-11
5.52439e-11
5.52439e-11
5.52439e-11
5.52439e-11
5.52439e-11
5.52439e-11
5.52439e-11
5.52439e-11
5.52439e-11
5.52439e-11
5.52439e-11
5.52439e-11
5.52439e-11
5.52439e-11
5.52439e-11
5.52439e-11
5.52439e-11
5.52439e-11
5.52439e-11
5.52439e-11
5.52439e-11
5.52439e-11
5.52439e-11
5.52439e-11
5.52439e-11
5.52439e-11
5.52439e-11
5.52439e-11
5.52439e-11
5.52439e-11
5.52439e-11
5.52439e-11
5.52439e-11
5.52439e-11
5.52439e-11
5.52439e-11
5.52439e-11
5.52439e-11
5.52439e-11
5.52439e-11
5.52439e-11
5.52439e-11
5.52439e-11
5.52439e-11
5.52439e-11
5.52439e-11
5.52439e-11
5.52439e-11
5.52439e-11
5.52439e-11
5.52439e-11
5.52439e-11
5.52439e-11
5.52439e-11
5.52439e-11
5.52439e-11
5.52439e-11
5.52439e-11
5.52439e-11
5.52439e-11
5.52439e-11
5.52439e-11
5.52439e-11
5.52439e-11
5.52439e-11
5.52439e-11
5.52439e-11
5.52439e-11
5.52439e-11
5.52439e-11
5.52439e-11
5.52439e-11
5.52439e-11
5.52439e-11
5.52439e-11
5.52439e-11
5.52439e-11
5.52439e-11
5.52439e-11
5.52439e-11
5.52439e-11
5.52439e-11
5.52439e-11
5.52439e-11
5.52439e-11
5.52439e-11
5.52439e-11
5.52439e-11
5.52439e-11
5.52439e-11
5.52439e-11
5.52439e-11
5.52439e-11
5.52439e-11
5.52439e-11
5.52439e-11
5.52439e-11
5.52439e-11
5.52439e-11
5.52439e-11
5.52439e-11
5.52439e-11
5.52439e-11
5.52439e-11
5.52439e-11
5.52439e-11
5.52439e-11
5.52439e-11
5.52439e-11
5.52439e-11
5.52439e-11
5.52439e-11
5.52439e-11
5.52439e-11
5.52439e-11
5.52439e-11
5.52439e-11
5.52439e-11
5.52439e-11
5.52439e-11
5.52439e-11
5.52439e-11
5.52439e-11
5.52439e-11
5.52439e-11
5.52439e-11
5.52439e-11
5.52439e-11
5.52439e-11
5.52439e-11
5.52439e-11
5.52439e-11
5.52439e-11
5.52439e-11
5.52439e-11
5.52439e-11
5.52439e-11
5.52439e-11
5.52439e-11
5.52439e-11
5.52439e-11
5.52439e-11
5.52439e-11
5.52439e-11
5.52439e-11
5.52439e-11
5.52439e-11
5.52439e-11
5.52439e-11
5.52439e-11
5.52439e-11
5.52439e-11
5.52439e-11
5.52439e-11
5.52439e-11
5.52439e-11
5.52439e-11
5.52439e-11
5.52439e-11
5.52439e-11
5.52439e-11
5.52439e-11
5.52439e-11
5.52439e-11
5.52439e-11
5.52439e-11
5.52439e-11
5.52439e-11
5.52439e-11
5.52439e-11
5.52439e-11
5.52439e-11
5.52439e-11
5.52439e-11
5.52439e-11
5.52439e-11
5.52439e-11
5.52439e-11
5.52439e-11
5.52439e-11
5.52439e-11
5.52439e-11
5.52439e-11
5.52439e-11
5.52439e-11
5.52439e-11
5.52439e-11
5.52439e-11
5.52439e-11
5.52439e-11
5.52439e-11
5.52439e-11
5.52439e-11
5.52439e-11
5.52439e-11
5.52439e-11
5.52439e-11
5.52439e-11
5.52439e-11
5.52439e-11
5.52439e-11
5.52439e-11
5.52439e-11
5.52439e-11
5.52439e-11
5.52439e-11
5.52439e-11
5.52439e-11
5.52439e-11
5.52439e-11
5.52439e-11
5.52439e-11
5.52439e-11
5.52439e-11
5.52439e-11
5.52439e-11
5.52439e-11
5.52439e-11
5.52439e-11
5.52439e-11
5.52439e-11
5.52439e-11
5.52439e-11
5.52439e-11
5.52439e-11
5.52439e-11
5.52439e-11
5.52439e-11
5.52439e-11
5.52439e-11
5.52439e-11
5.52439e-11
5.52439e-11
5.52439e-11
5.52439e-11
5.52439e-11
5.52439e-11
5.52439e-11
5.52439e-11
5.52439e-11
5.52439e-11
5.52439e-11
5.52439e-11
5.52439e-11
5.52439e-11
5.52439e-11
5.52439e-11
5.52439e-11
5.52439e-11
5.52439e-11
5.52439e-11
5.52439e-11
5.52439e-11
5.52439e-11
5.52439e-11
5.52439e-11
5.52439e-11
5.52439e-11
5.52439e-11
5.52439e-11
5.52439e-11
5.52439e-11
5.52439e-11
5.52439e-11
5.52439e-11
5.52439e-11
5.52439e-11
5.52439e-11
5.52439e-11
5.52439e-11
5.52439e-11
5.52439e-11
5.52439e-11
5.52439e-11
5.52439e-11
5.52439e-11
5.52439e-11
5.52439e-11
5.52439e-11
5.52439e-11
5.52439e-11
5.52439e-11
5.52439e-11
5.52439e-11
5.52439e-11
5.52439e-11
5.52439e-11
5.52439e-11
5.52439e-11
5.52439e-11
5.52439e-11
5.52439e-11
5.52439e-11
5.52439e-11
5.52439e-11
5.52439e-11
5.52439e-11
5.52439e-11
5.52439e-11
5.52439e-11
5.52439e-11
5.52439e-11
5.52439e-11
5.52439e-11
5.52439e-11
5.52439e-11
5.52439e-11
5.52439e-11
5.52439e-11
5.52439e-11
5.52439e-11
5.52439e-11
5.52439e-11
5.52439e-11
5.52439e-11
5.52439e-11
5.52439e-11
5.52439e-11
5.52439e-11
5.52439e-11
5.52439e-11
5.52439e-11
5.52439e-11
5.52439e-11
5.52439e-11
5.52439e-11
5.52439e-11
5.52439e-11
5.52439e-11
5.52439e-11
5.52439e-11
5.52439e-11
5.52439e-11
5.52439e-11
5.52439e-11
5.52439e-11
5.52439e-11
5.52439e-11
5.52439e-11
5.52439e-11
5.52439e-11
5.52439e-11
5.52439e-11
5.52439e-11
5.52439e-11
5.52439e-11
5.52439e-11
5.52439e-11
5.52439e-11
5.52439e-11
5.52439e-11
5.52439e-11
5.52439e-11
5.52439e-11
5.52439e-11
5.52439e-11
5.52439e-11
5.52439e-11
5.52439e-11
5.52439e-11
5.52439e-11
5.52439e-11
5.52439e-11
5.52439e-11
5.52439e-11
5.52439e-11
5.52439e-11
5.52439e-11
5.52439e-11
5.52439e-11
5.52439e-11
5.52439e-11
5.52439e-11
5.52439e-11
5.52439e-11
5.52439e-11
5.52439e-11
5.52439e-11
5.52439e-11
5.52439e-11
5.52439e-11
5.52439e-11
5.52439e-11
5.52439e-11
5.52439e-11
5.52439e-11
5.52439e-11
5.52439e-11
5.52439e-11
5.52439e-11
5.52439e-11
5.52439e-11
5.52439e-11
5.52439e-11
5.52439e-11
5.52439e-11
5.52439e-11
5.52439e-11
5.52439e-11
5.52439e-11
5.52439e-11
5.52439e-11
5.52439e-11
5.52439e-11
5.52439e-11
5.52439e-11
5.52439e-11
5.52439e-11
5.52439e-11
5.52439e-11
5.52439e-11
5.52439e-11
5.52439e-11
5.52439e-11
5.52439e-11
5.52439e-11
5.52439e-11
5.52439e-11
5.52439e-11
5.52439e-11
5.52439e-11
5.52439e-11
5.52439e-11
5.52439e-11
5.52439e-11
5.52439e-11
5.52439e-11
5.52439e-11
5.52439e-11
5.52439e-11
5.52439e-11
5.52439e-11
5.52439e-11
5.52439e-11
5.52439e-11
5.52439e-11
5.52439e-11
5.52439e-11
5.52439e-11
5.52439e-11
5.52439e-11
5.52439e-11
5.52439e-11
5.52439e-11
5.52439e-11
5.52439e-11
5.52439e-11
5.52439e-11
5.52439e-11
5.52439e-11
5.52439e-11
5.52439e-11
5.52439e-11
5.52439e-11
5.52439e-11
5.52439e-11
5.52439e-11
5.52439e-11
5.52439e-11
5.52439e-11
5.52439e-11
5.52439e-11
5.52439e-11
5.52439e-11
5.52439e-11
5.52439e-11
5.52439e-11
5.52439e-11
5.52439e-11
5.52439e-11
5.52439e-11
5.52439e-11
5.52439e-11
5.52439e-11
5.52439e-11
5.52439e-11
5.52439e-11
5.52439e-11
5.52439e-11
5.52439e-11
5.52439e-11
5.52439e-11
5.52439e-11
5.52439e-11
5.52439e-11
5.52439e-11
5.52439e-11
5.52439e-11
5.52439e-11
5.52439e-11
5.52439e-11
5.52439e-11
5.52439e-11
5.52439e-11
5.52439e-11
5.52439e-11
5.52439e-11
5.52439e-11
5.52439e-11
5.52439e-11
5.52439e-11
5.52439e-11
5.52439e-11
5.52439e-11
5.52439e-11
5.52439e-11
5.52439e-11
5.52439e-11
5.52439e-11
5.52439e-11
5.52439e-11
5.52439e-11
5.52439e-11
5.52439e-11
5.52439e-11
5.52439e-11
5.52439e-11
5.52439e-11
5.52439e-11
5.52439e-11
5.52439e-11
5.52439e-11
5.52439e-11
5.52439e-11
5.52439e-11
5.52439e-11
5.52439e-11
5.52439e-11
5.52439e-11
5.52439e-11
5.52439e-11
5.52439e-11
5.52439e-11
5.52439e-11
5.52439e-11
5.52439e-11
5.52439e-11
5.52439e-11
5.52439e-11
5.52439e-11
5.52439e-11
5.52439e-11
5.52439e-11
5.52439e-11
5.52439e-11
5.52439e-11
5.52439e-11
5.52439e-11
5.52439e-11
5.52439e-11
5.52439e-11
5.52439e-11
5.52439e-11
5.52439e-11
5.52439e-11
5.52439e-11
5.52439e-11
5.52439e-11
5.52439e-11
5.52439e-11
5.52439e-11
5.52439e-11
5.52439e-11
5.52439e-11
5.52439e-11
5.52439e-11
5.52439e-11
5.52439e-11
5.52439e-11
5.52439e-11
5.52439e-11
5.52439e-11
5.52439e-11
5.52439e-11
5.52439e-11
5.52439e-11
5.52439e-11
5.52439e-11
5.52439e-11
5.52439e-11
5.52439e-11
5.52439e-11
5.52439e-11
5.52439e-11
5.52439e-11
5.52439e-11
5.52439e-11
5.52439e-11
5.52439e-11
5.52439e-11
5.52439e-11
5.52439e-11
5.52439e-11
5.52439e-11
5.52439e-11
5.52439e-11
5.52439e-11
5.52439e-11
5.52439e-11
5.52439e-11
5.52439e-11
5.52439e-11
5.52439e-11
5.52439e-11
5.52439e-11
5.52439e-11
5.52439e-11
5.52439e-11
5.52439e-11
5.52439e-11
5.52439e-11
5.52439e-11
5.52439e-11
5.52439e-11
5.52439e-11
5.52439e-11
5.52439e-11
5.52439e-11
5.52439e-11
5.52439e-11
5.52439e-11
5.52439e-11
5.52439e-11
5.52439e-11
5.52439e-11
5.52439e-11
5.52439e-11
5.52439e-11
5.52439e-11
5.52439e-11
5.52439e-11
5.52439e-11
5.52439e-11
5.52439e-11
5.52439e-11
5.52439e-11
5.52439e-11
5.52439e-11
5.52439e-11
5.52439e-11
5.52439e-11
5.52439e-11
5.52439e-11
5.52439e-11
5.52439e-11
5.52439e-11
5.52439e-11
5.52439e-11
5.52439e-11
5.52439e-11
5.52439e-11
5.52439e-11
5.52439e-11
5.52439e-11
5.52439e-11
5.52439e-11
5.52439e-11
5.52439e-11
5.52439e-11
5.52439e-11
5.52439e-11
5.52439e-11
5.52439e-11
5.52439e-11
5.52439e-11
5.52439e-11
5.52439e-11
5.52439e-11
5.52439e-11
5.52439e-11
5.52439e-11
5.52439e-11
5.52439e-11
5.52439e-11
5.52439e-11
5.52439e-11
5.52439e-11
5.52439e-11
5.52439e-11
5.52439e-11
5.52439e-11
5.52439e-11
5.52439e-11
5.52439e-11
5.52439e-11
5.52439e-11
5.52439e-11
5.52439e-11
5.52439e-11
5.52439e-11
5.52439e-11
5.52439e-11
5.52439e-11
5.52439e-11
5.52439e-11
5.52439e-11
5.52439e-11
5.52439e-11
5.52439e-11
5.52439e-11
5.52439e-11
5.52439e-11
5.52439e-11
5.52439e-11
5.52439e-11
5.52439e-11
5.52439e-11
5.52439e-11
5.52439e-11
5.52439e-11
5.52439e-11
5.52439e-11
5.52439e-11
5.52439e-11
5.52439e-11
5.52439e-11
5.52439e-11
5.52439e-11
5.52439e-11
5.52439e-11
5.52439e-11
5.52439e-11
5.52439e-11
5.52439e-11
5.52439e-11
5.52439e-11
5.52439e-11
5.52439e-11
5.52439e-11
5.52439e-11
5.52439e-11
5.52439e-11
5.52439e-11
5.52439e-11
5.52439e-11
5.52439e-11
5.52439e-11
5.52439e-11
5.52439e-11
5.52439e-11
5.52439e-11
5.52439e-11
5.52439e-11
5.52439e-11
5.52439e-11
5.52439e-11
5.52439e-11
5.52439e-11
5.52439e-11
5.52439e-11
5.52439e-11
5.52439e-11
5.52439e-11
5.52439e-11
5.52439e-11
5.52439e-11
5.52439e-11
5.52439e-11
5.52439e-11
5.52439e-11
5.52439e-11
5.52439e-11
5.52439e-11
5.52439e-11
5.52439e-11
5.52439e-11
5.52439e-11
5.52439e-11
5.52439e-11
5.52439e-11
5.52439e-11
5.52439e-11
5.52439e-11
5.52439e-11
5.52439e-11
5.52439e-11
5.52439e-11
5.52439e-11
5.52439e-11
5.52439e-11
5.52439e-11
5.52439e-11
5.52439e-11
5.52439e-11
5.52439e-11
5.52439e-11
5.52439e-11
5.52439e-11
5.52439e-11
5.52439e-11
5.52439e-11
5.52439e-11
5.52439e-11
5.52439e-11
5.52439e-11
5.52439e-11
5.52439e-11
5.52439e-11
5.52439e-11
5.52439e-11
5.52439e-11
5.52439e-11
5.52439e-11
5.52439e-11
5.52439e-11
5.52439e-11
5.52439e-11
5.52439e-11
5.52439e-11
5.52439e-11
5.52439e-11
5.52439e-11
5.52439e-11
5.52439e-11
5.52439e-11
5.52439e-11
5.52439e-11
5.52439e-11
5.52439e-11
5.52439e-11
5.52439e-11
5.52439e-11
5.52439e-11
5.52439e-11
5.52439e-11
5.52439e-11
5.52439e-11
5.52439e-11
5.52439e-11
5.52439e-11
5.52439e-11
5.52439e-11
5.52439e-11
5.52439e-11
5.52439e-11
5.52439e-11
5.52439e-11
5.52439e-11
5.52439e-11
5.52439e-11
5.52439e-11
5.52439e-11
5.52439e-11
5.52439e-11
5.52439e-11
5.52439e-11
5.52439e-11
5.52439e-11
5.52439e-11
5.52439e-11
5.52439e-11
5.52439e-11
5.52439e-11
5.52439e-11
5.52439e-11
5.52439e-11
5.52439e-11
5.52439e-11
5.52439e-11
5.52439e-11
5.52439e-11
5.52439e-11
5.52439e-11
5.52439e-11
5.52439e-11
5.52439e-11
5.52439e-11
5.52439e-11
5.52439e-11
5.52439e-11
5.52439e-11
5.52439e-11
5.52439e-11
5.52439e-11
5.52439e-11
5.52439e-11
5.52439e-11
5.52439e-11
5.52439e-11
5.52439e-11
5.52439e-11
5.52439e-11
5.52439e-11
5.52439e-11
5.52439e-11
5.52439e-11
5.52439e-11
5.52439e-11
5.52439e-11
5.52439e-11
5.52439e-11
5.52439e-11
5.52439e-11
5.52439e-11
5.52439e-11
5.52439e-11
5.52439e-11
5.52439e-11
5.52439e-11
5.52439e-11
5.52439e-11
5.52439e-11
5.52439e-11
5.52439e-11
5.52439e-11
5.52439e-11
5.52439e-11
5.52439e-11
5.52439e-11
5.52439e-11
5.52439e-11
5.52439e-11
5.52439e-11
5.52439e-11
5.52439e-11
5.52439e-11
5.52439e-11
5.52439e-11
5.52439e-11
5.52439e-11
5.52439e-11
5.52439e-11
5.52439e-11
5.52439e-11
5.52439e-11
5.52439e-11
5.52439e-11
5.52439e-11
5.52439e-11
5.52439e-11
5.52439e-11
5.52439e-11
5.52439e-11
5.52439e-11
5.52439e-11
5.52439e-11
5.52439e-11
5.52439e-11
5.52439e-11
5.52439e-11
5.52439e-11
5.52439e-11
5.52439e-11
5.52439e-11
5.52439e-11
5.52439e-11
5.52439e-11
5.52439e-11
5.52439e-11
5.52439e-11
5.52439e-11
5.52439e-11
5.52439e-11
5.52439e-11
5.52439e-11
5.52439e-11
5.52439e-11
5.52439e-11
5.52439e-11
5.52439e-11
5.52439e-11
5.52439e-11
5.52439e-11
5.52439e-11
5.52439e-11
5.52439e-11
5.52439e-11
5.52439e-11
5.52439e-11
5.52439e-11
5.52439e-11
5.52439e-11
5.52439e-11
5.52439e-11
5.52439e-11
5.52439e-11
5.52439e-11
