915574
141646
6073.49
6073.49
3493.54
619.117
619.117
619.117
619.117
619.117
619.117
619.117
619.117
619.117
619.117
619.117
346.998
215.469
71.5983
23.2626
23.2626
23.2626
16.3216
16.3216
16.3216
16.3216
16.3216
16.3216
16.3216
16.3216
16.3216
16.3216
16.3216
16.3216
16.3216
16.3216
16.3216
16.3216
16.3216
16.3216
16.3216
16.3216
16.3216
16.3216
16.3216
16.3216
16.3216
16.3216
16.3216
16.3216
16.3216
16.3216
16.3216
16.3216
16.3216
16.3216
16.3216
16.3216
16.3216
16.3216
16.3216
16.3216
16.3216
16.3216
16.3216
16.3216
16.3216
16.3216
16.3216
16.3216
16.3216
16.3216
16.3216
16.3216
16.3216
16.3216
15.9004
15.9004
15.4248
15.4248
15.4248
15.4248
15.4248
15.4248
15.4248
15.4248
15.4248
15.4248
15.4248
15.4248
15.4248
15.4248
13.0005
13.0005
13.0005
13.0005
13.0005
13.0005
13.0005
13.0005
13.0005
13.0005
13.0005
13.0005
13.0005
13.0005
13.0005
13.0005
13.0005
13.0005
13.0005
13.0005
13.0005
13.0005
13.0005
13.0005
13.0005
13.0005
13.0005
13.0005
13.0005
13.0005
13.0005
13.0005
13.0005
13.0005
13.0005
13.0005
13.0005
13.0005
13.0005
13.0005
13.0005
13.0005
13.0005
13.0005
13.0005
13.0005
13.0005
13.0005
13.0005
13.0005
13.0005
13.0005
13.0005
13.0005
13.0005
13.0005
13.0005
13.0005
13.0005
13.0005
13.0005
13.0005
13.0005
13.0005
13.0005
13.0005
13.0005
13.0005
13.0005
13.0005
13.0005
13.0005
13.0005
13.0005
13.0005
13.0005
13.0005
13.0005
13.0005
13.0005
13.0005
13.0005
13.0005
13.0005
13.0005
13.0005
13.0005
13.0005
13.0005
13.0005
13.0005
13.0005
13.0005
13.0005
13.0005
13.0005
13.0005
13.0005
13.0005
13.0005
13.0005
13.0005
13.0005
13.0005
13.0005
13.0005
13.0005
13.0005
13.0005
13.0005
13.0005
13.0005
13.0005
13.0005
13.0005
13.0005
13.0005
13.0005
13.0005
13.0005
13.0005
13.0005
13.0005
13.0005
13.0005
13.0005
13.0005
13.0005
13.0005
13.0005
13.0005
13.0005
13.0005
13.0005
13.0005
13.0005
13.0005
13.0005
13.0005
13.0005
13.0005
13.0005
13.0005
13.0005
13.0005
13.0005
13.0005
13.0005
13.0005
13.0005
13.0005
13.0005
13.0005
13.0005
13.0005
13.0005
13.0005
13.0005
13.0005
12.3089
12.3089
12.3089
12.3089
12.3089
12.3089
12.3089
12.3089
12.3089
12.3089
12.3089
12.3089
12.3089
12.3089
12.3089
12.3089
12.3089
12.3089
12.3089
12.3089
12.3089
12.3089
12.3089
12.3089
12.3089
12.3089
12.3089
12.3089
12.3089
12.3089
12.3089
12.3089
12.3089
12.3089
12.3089
12.3089
12.3089
12.3089
12.3089
12.3089
12.3089
12.3089
12.3089
12.3089
12.3089
12.3089
12.3089
12.3089
12.3089
12.3089
12.3089
12.3089
12.3089
12.3089
12.3089
12.3089
12.3089
12.3089
12.3089
12.3089
12.3089
12.3089
12.3089
12.3089
12.3089
12.3089
12.3089
12.3089
12.3089
12.3089
12.3089
12.3089
12.3089
12.3089
12.3089
12.3089
12.3089
12.3089
12.3089
12.3089
12.3089
12.3089
12.3089
12.3089
12.3089
12.3089
12.3089
12.3089
12.3089
12.3089
12.3089
12.3089
12.3089
12.3089
12.3089
12.3089
12.3089
12.3089
12.3089
12.3089
12.3089
12.3089
12.3089
12.3089
12.3089
12.3089
12.3089
12.3089
12.3089
12.3089
12.3089
12.3089
12.3089
12.3089
12.3089
11.9313
11.9313
11.9313
11.9313
11.9313
11.9313
11.9313
11.9313
11.9313
11.9313
10.8247
10.8247
10.8247
10.8247
10.8247
10.8247
10.8247
10.8247
10.8247
10.8247
10.8247
10.8247
8.90572
8.90572
8.90572
8.90572
8.90572
8.90572
8.90572
8.90572
8.90572
8.90572
8.90572
8.90572
8.90572
8.90572
8.90572
8.90572
8.90572
8.90572
8.90572
8.90572
8.90572
8.90572
8.90572
8.90572
8.90572
8.90572
8.90572
8.90572
8.90572
8.90572
8.90572
8.90572
8.90572
8.90572
8.90572
8.90572
8.90572
8.90572
8.90572
8.90572
8.90572
8.90572
8.90572
8.90572
8.90572
8.90572
8.90572
8.90572
8.90572
8.90572
8.90572
8.90572
8.90572
8.90572
8.90572
8.90572
8.90572
8.90572
8.90572
8.90572
8.90572
8.90572
8.90572
8.90572
8.90572
8.90572
8.90572
8.90572
8.90572
8.90572
8.90572
8.90572
8.90572
8.90572
8.90572
8.90572
8.90572
8.90572
8.90572
8.90572
8.90572
8.90572
8.90572
8.90572
8.90572
8.90572
8.90572
8.90572
8.90572
8.90572
8.90572
8.90572
8.90572
8.90572
8.90572
8.90572
8.90572
8.90572
8.90572
8.90572
8.90572
8.90572
8.90572
8.90572
8.90572
8.90572
8.90572
8.90572
8.90572
8.90572
8.90572
8.90572
8.90572
8.90572
8.90572
8.90572
8.90572
8.90572
3.18348
3.18348
3.18348
3.18348
3.18348
3.18348
3.18348
3.18348
2.27148
0.260674
0.12188
0.12188
0.12188
0.0791348
0.0791348
0.0791348
0.0791348
0.0791348
0.0757543
0.0683296
0.0683296
0.0683296
0.0683296
0.0617885
0.0617885
0.0617885
0.0617885
0.0617885
0.0617885
0.0617885
0.0617885
0.0617885
0.0617885
0.0617885
0.0617885
0.0617885
0.0617885
0.0617885
0.0617885
0.0617885
0.0617885
0.0617885
0.0617885
0.0617885
0.0617885
0.0617885
0.0617885
0.0617885
0.0617885
0.0617885
0.0616868
0.0605499
0.0574471
0.054856
0.0524283
0.0499874
0.0462941
0.0447259
0.0361466
0.0336356
0.0315248
0.026494
0.023136
0.0208183
0.019148
0.0170315
0.0158003
0.0142031
0.0140844
0.0135914
0.0135914
0.0132263
0.0109664
0.0104397
0.00872408
0.00731761
0.00721118
0.0054015
0.00469332
0.00469332
0.00469332
0.00469332
0.00452181
0.00448858
0.00444213
0.00440094
0.0043052
0.00428594
0.00420931
0.00417615
0.00405206
0.00401729
0.00399288
0.00394873
0.00391724
0.0038911
0.0038869
0.00386764
0.00384788
0.00382317
0.00382317
0.00382317
0.00382175
0.00382175
0.00376372
0.00376372
0.003759
0.00374637
0.00366922
0.00364768
0.00364768
0.00364768
0.00362361
0.00356981
0.00350816
0.00323019
0.00323019
0.00308681
0.00300807
0.0028639
0.00276355
0.00263911
0.00241883
0.00232259
0.00221826
0.00216505
0.00210019
0.00204628
0.00199162
0.00197033
0.00193977
0.00190258
0.00190258
0.00190258
0.00190258
0.00190258
0.00190258
0.00190258
0.00190258
0.00190258
0.00190258
0.00190258
0.00190258
0.00190258
0.00190258
0.00190258
0.00190258
0.00190258
0.00190258
0.00190258
0.00190258
0.00190258
0.00190258
0.00190258
0.00190258
0.00190258
0.00190258
0.00190258
0.00190258
0.00190258
0.00190258
0.00190258
0.00190258
0.00190258
0.00190258
0.00190258
0.00190258
0.00190258
0.00190258
0.00190258
0.00190258
0.00190258
0.00190258
0.00190258
0.00190258
0.00190258
0.00190258
0.00190258
0.00190258
0.00190258
0.00190258
0.00190258
0.00190258
0.00190258
0.00190258
0.00190258
0.00190258
0.00190258
0.00190258
0.00190258
0.00190258
0.00190258
0.00190258
0.00190258
0.00190258
0.00190258
0.00190258
0.00190258
0.00190258
0.00190258
0.00190258
0.00190258
0.00190258
0.00190258
0.00190258
0.00190258
0.00190258
0.00190258
0.00190258
0.00190258
0.00190258
0.00190258
0.00190258
0.00190258
0.00190258
0.00190258
0.00190258
0.00190258
0.00190258
0.00190258
0.000112872
9.62809e-06
9.62809e-06
9.62809e-06
9.62809e-06
9.62809e-06
9.62809e-06
9.62809e-06
9.62809e-06
9.62809e-06
9.62809e-06
9.62809e-06
9.62809e-06
9.62809e-06
8.23823e-06
6.23941e-06
5.17601e-06
4.193e-06
3.30774e-06
2.85538e-06
1.35381e-06
1.35381e-06
1.35381e-06
1.11135e-06
1.01601e-06
7.79173e-07
7.11418e-07
5.28492e-07
4.1169e-07
2.61558e-07
1.71081e-07
9.71697e-08
8.70164e-08
8.70164e-08
8.70164e-08
7.34931e-08
5.08007e-08
3.78878e-08
3.78878e-08
3.78878e-08
3.78878e-08
3.78878e-08
3.78878e-08
3.78878e-08
3.78878e-08
3.78878e-08
3.78878e-08
3.78878e-08
3.78878e-08
3.78878e-08
3.78878e-08
3.78878e-08
3.78878e-08
3.78878e-08
3.78878e-08
3.78878e-08
3.78878e-08
3.78878e-08
3.78878e-08
3.78878e-08
3.78878e-08
3.78878e-08
3.78878e-08
3.78878e-08
3.78878e-08
3.78878e-08
3.78878e-08
3.78878e-08
3.78878e-08
3.78878e-08
3.78878e-08
3.78878e-08
3.78878e-08
3.78878e-08
3.78878e-08
3.78878e-08
3.78878e-08
3.78878e-08
3.78878e-08
3.78878e-08
3.78878e-08
3.78878e-08
3.78878e-08
3.78878e-08
3.78878e-08
3.78878e-08
3.78878e-08
3.78878e-08
3.78878e-08
3.78878e-08
3.78878e-08
3.78878e-08
3.78878e-08
3.78878e-08
3.78878e-08
3.78878e-08
3.78878e-08
3.78878e-08
3.78878e-08
3.78878e-08
3.78878e-08
3.78878e-08
3.78878e-08
3.78878e-08
3.78878e-08
3.78878e-08
3.78878e-08
3.78878e-08
3.78878e-08
3.78878e-08
3.78878e-08
3.78878e-08
3.78878e-08
3.78878e-08
3.78878e-08
3.78878e-08
3.78878e-08
3.78878e-08
3.78878e-08
3.78878e-08
3.78878e-08
3.78878e-08
3.78878e-08
3.78878e-08
3.78878e-08
3.78878e-08
3.78878e-08
3.78878e-08
3.78878e-08
3.78878e-08
3.78878e-08
3.78878e-08
3.78878e-08
3.78878e-08
3.78878e-08
3.78878e-08
3.78878e-08
3.78878e-08
3.78878e-08
3.78878e-08
3.78878e-08
3.78878e-08
3.78878e-08
3.78878e-08
3.78878e-08
3.78878e-08
3.78878e-08
3.78878e-08
3.78878e-08
3.78878e-08
3.78878e-08
3.78878e-08
3.78878e-08
3.78878e-08
3.78878e-08
3.78878e-08
3.78878e-08
3.78878e-08
3.78878e-08
3.78878e-08
3.78878e-08
3.78878e-08
3.78878e-08
3.78878e-08
3.78878e-08
3.78878e-08
3.78878e-08
3.78878e-08
3.78878e-08
3.78878e-08
3.78878e-08
3.78878e-08
3.78878e-08
3.78878e-08
3.78878e-08
3.78878e-08
3.78878e-08
3.78878e-08
3.78878e-08
3.78878e-08
3.78878e-08
3.78878e-08
3.78878e-08
3.78878e-08
3.78878e-08
3.78878e-08
3.78878e-08
3.78878e-08
3.78878e-08
3.78878e-08
3.78878e-08
3.78878e-08
3.78878e-08
3.78878e-08
3.78878e-08
3.78878e-08
3.78878e-08
3.78878e-08
3.78878e-08
3.78878e-08
3.78878e-08
3.78878e-08
3.78878e-08
3.78878e-08
3.78878e-08
3.78878e-08
3.78878e-08
3.78878e-08
3.78878e-08
3.78878e-08
3.78878e-08
3.78878e-08
3.78878e-08
3.78878e-08
3.78878e-08
3.78878e-08
3.78878e-08
3.78878e-08
3.78878e-08
3.78878e-08
3.78878e-08
3.78878e-08
3.78878e-08
3.78878e-08
3.78878e-08
3.78878e-08
3.78878e-08
3.78878e-08
3.78878e-08
3.78878e-08
3.78878e-08
3.78878e-08
3.78878e-08
3.78878e-08
3.78878e-08
3.78878e-08
3.78878e-08
3.78878e-08
3.78878e-08
3.78878e-08
3.78878e-08
3.78878e-08
3.78878e-08
3.78878e-08
3.78878e-08
3.78878e-08
3.78878e-08
3.78878e-08
3.78878e-08
3.78878e-08
3.78878e-08
3.78878e-08
3.78878e-08
3.78878e-08
3.78878e-08
3.78878e-08
3.78878e-08
3.78878e-08
3.78878e-08
3.78878e-08
3.78878e-08
3.78878e-08
3.78878e-08
3.78878e-08
3.78878e-08
3.78878e-08
3.78878e-08
3.78878e-08
3.78878e-08
3.78878e-08
3.78878e-08
3.78878e-08
3.78878e-08
3.78878e-08
3.78878e-08
3.78878e-08
3.78878e-08
3.78878e-08
3.78878e-08
3.78878e-08
3.78878e-08
3.78878e-08
3.78878e-08
3.78878e-08
3.78878e-08
3.78878e-08
3.78878e-08
3.78878e-08
3.78878e-08
3.78878e-08
3.78878e-08
3.78878e-08
3.78878e-08
3.78878e-08
3.78878e-08
3.78878e-08
3.78878e-08
3.78878e-08
3.78878e-08
3.78878e-08
3.78878e-08
3.78878e-08
3.78878e-08
3.78878e-08
3.78878e-08
3.78878e-08
3.78878e-08
3.78878e-08
3.78878e-08
3.78878e-08
3.78878e-08
3.78878e-08
3.78878e-08
3.78878e-08
3.78878e-08
3.78878e-08
3.78878e-08
3.78878e-08
3.78878e-08
3.78878e-08
3.78878e-08
3.78878e-08
3.78878e-08
3.78878e-08
3.78878e-08
3.78878e-08
3.78878e-08
3.78878e-08
3.78878e-08
3.78878e-08
3.78878e-08
3.78878e-08
3.78878e-08
3.78878e-08
3.78878e-08
3.78878e-08
3.78878e-08
3.78878e-08
3.78878e-08
3.78878e-08
3.78878e-08
3.78878e-08
3.78878e-08
3.78878e-08
3.78878e-08
3.78878e-08
3.78878e-08
3.78878e-08
3.78878e-08
3.78878e-08
3.78878e-08
3.78878e-08
3.78878e-08
3.78878e-08
3.78878e-08
3.78878e-08
3.78878e-08
3.78878e-08
3.78878e-08
3.78878e-08
3.78878e-08
3.78878e-08
3.78878e-08
3.78878e-08
3.78878e-08
3.78878e-08
3.78878e-08
3.78878e-08
3.78878e-08
3.78878e-08
3.78878e-08
3.78878e-08
3.78878e-08
3.78878e-08
3.78878e-08
3.78878e-08
3.78878e-08
3.78878e-08
3.78878e-08
3.78878e-08
3.78878e-08
3.78878e-08
3.78878e-08
3.78878e-08
3.78878e-08
3.78878e-08
3.78878e-08
3.78878e-08
3.78878e-08
3.78878e-08
3.78878e-08
3.78878e-08
3.78878e-08
3.78878e-08
3.78878e-08
3.78878e-08
3.78878e-08
3.78878e-08
3.78878e-08
3.78878e-08
3.78878e-08
3.78878e-08
3.78878e-08
3.78878e-08
3.78878e-08
3.78878e-08
3.78878e-08
3.78878e-08
3.78878e-08
3.78878e-08
3.78878e-08
3.78878e-08
3.78878e-08
3.78878e-08
3.78878e-08
3.78878e-08
3.78878e-08
3.78878e-08
3.78878e-08
3.78878e-08
3.78878e-08
3.78878e-08
3.78878e-08
3.78878e-08
3.78878e-08
3.78878e-08
3.78878e-08
3.78878e-08
3.78878e-08
3.78878e-08
3.78878e-08
3.78878e-08
3.78878e-08
3.78878e-08
3.78878e-08
3.78878e-08
3.78878e-08
3.78878e-08
3.78878e-08
3.78878e-08
3.78878e-08
3.78878e-08
3.78878e-08
3.78878e-08
3.78878e-08
3.78878e-08
3.78878e-08
3.78878e-08
3.78878e-08
3.78878e-08
3.78878e-08
3.78878e-08
3.78878e-08
3.78878e-08
3.78878e-08
3.78878e-08
3.78878e-08
3.78878e-08
3.78878e-08
3.78878e-08
3.78878e-08
3.78878e-08
3.78878e-08
3.78878e-08
3.78878e-08
3.78878e-08
3.78878e-08
3.78878e-08
3.78878e-08
3.78878e-08
3.78878e-08
3.78878e-08
3.78878e-08
3.78878e-08
3.78878e-08
3.78878e-08
3.78878e-08
3.78878e-08
3.78878e-08
3.78878e-08
3.78878e-08
3.78878e-08
3.78878e-08
3.78878e-08
3.78878e-08
3.78878e-08
3.78878e-08
3.78878e-08
3.78878e-08
3.78878e-08
3.78878e-08
3.78878e-08
3.78878e-08
3.78878e-08
3.78878e-08
3.78878e-08
3.78878e-08
3.78878e-08
3.78878e-08
3.78878e-08
3.78878e-08
3.78878e-08
3.78878e-08
3.78878e-08
3.78878e-08
3.78878e-08
3.78878e-08
3.78878e-08
3.78878e-08
3.78878e-08
3.78878e-08
3.78878e-08
3.78878e-08
3.78878e-08
3.78878e-08
3.78878e-08
3.78878e-08
3.78878e-08
3.78878e-08
3.78878e-08
3.78878e-08
3.78878e-08
3.78878e-08
3.78878e-08
3.78878e-08
3.78878e-08
3.78878e-08
3.78878e-08
3.78878e-08
3.78878e-08
3.78878e-08
3.78878e-08
3.78878e-08
3.78878e-08
3.78878e-08
3.78878e-08
3.78878e-08
3.78878e-08
3.78878e-08
3.78878e-08
3.78878e-08
3.78878e-08
3.78878e-08
3.78878e-08
3.78878e-08
3.78878e-08
3.78878e-08
3.78878e-08
3.78878e-08
3.78878e-08
3.78878e-08
3.78878e-08
3.78878e-08
3.78878e-08
3.78878e-08
3.78878e-08
3.78878e-08
3.78878e-08
3.78878e-08
3.78878e-08
3.78878e-08
3.78878e-08
3.78878e-08
3.78878e-08
3.78878e-08
3.78878e-08
3.78878e-08
3.78878e-08
3.78878e-08
3.78878e-08
3.78878e-08
3.78878e-08
3.78878e-08
3.78878e-08
3.78878e-08
3.78878e-08
3.78878e-08
3.78878e-08
3.78878e-08
3.78878e-08
3.78878e-08
3.78878e-08
3.78878e-08
3.78878e-08
3.78878e-08
3.78878e-08
3.78878e-08
3.78878e-08
3.78878e-08
3.78878e-08
3.78878e-08
3.78878e-08
3.78878e-08
3.78878e-08
3.78878e-08
3.78878e-08
3.78878e-08
3.78878e-08
3.78878e-08
3.78878e-08
3.78878e-08
3.78878e-08
3.78878e-08
3.78878e-08
3.78878e-08
3.78878e-08
3.78878e-08
3.78878e-08
3.78878e-08
3.78878e-08
3.78878e-08
3.78878e-08
3.78878e-08
3.78878e-08
3.78878e-08
3.78878e-08
3.78878e-08
3.78878e-08
3.78878e-08
3.78878e-08
3.78878e-08
3.78878e-08
3.78878e-08
3.78878e-08
3.78878e-08
3.78878e-08
3.78878e-08
3.78878e-08
3.78878e-08
3.78878e-08
3.78878e-08
3.78878e-08
3.78878e-08
3.78878e-08
3.78878e-08
3.78878e-08
3.78878e-08
3.78878e-08
3.78878e-08
3.78878e-08
3.78878e-08
3.78878e-08
3.78878e-08
3.78878e-08
3.78878e-08
3.78878e-08
3.78878e-08
3.78878e-08
3.78878e-08
3.78878e-08
3.78878e-08
3.78878e-08
3.78878e-08
3.78878e-08
3.78878e-08
3.78878e-08
3.78878e-08
3.78878e-08
3.78878e-08
3.78878e-08
3.78878e-08
3.78878e-08
3.78878e-08
3.78878e-08
3.78878e-08
3.78878e-08
3.78878e-08
3.78878e-08
3.78878e-08
3.78878e-08
3.78878e-08
3.78878e-08
3.78878e-08
3.78878e-08
3.78878e-08
3.78878e-08
3.78878e-08
3.78878e-08
3.78878e-08
3.78878e-08
3.78878e-08
3.78878e-08
3.78878e-08
3.78878e-08
3.78878e-08
3.78878e-08
3.78878e-08
3.78878e-08
3.78878e-08
3.78878e-08
3.78878e-08
3.78878e-08
3.78878e-08
3.78878e-08
3.78878e-08
3.78878e-08
3.78878e-08
3.78878e-08
3.78878e-08
3.78878e-08
3.78878e-08
3.78878e-08
3.78878e-08
3.78878e-08
3.78878e-08
3.78878e-08
3.78878e-08
3.78878e-08
3.78878e-08
3.78878e-08
3.78878e-08
3.78878e-08
3.78878e-08
3.78878e-08
3.78878e-08
3.78878e-08
3.78878e-08
3.78878e-08
3.78878e-08
3.78878e-08
3.78878e-08
3.78878e-08
3.78878e-08
3.78878e-08
3.78878e-08
3.78878e-08
3.78878e-08
3.78878e-08
3.78878e-08
3.78878e-08
3.78878e-08
3.78878e-08
3.78878e-08
3.78878e-08
3.78878e-08
3.78878e-08
3.78878e-08
3.78878e-08
3.78878e-08
3.78878e-08
3.78878e-08
3.78878e-08
3.78878e-08
3.78878e-08
3.78878e-08
3.78878e-08
3.78878e-08
3.78878e-08
3.78878e-08
3.78878e-08
3.78878e-08
3.78878e-08
3.78878e-08
3.78878e-08
3.78878e-08
3.78878e-08
3.78878e-08
3.78878e-08
3.78878e-08
3.78878e-08
3.78878e-08
3.78878e-08
3.78878e-08
3.78878e-08
3.78878e-08
3.78878e-08
3.78878e-08
3.78878e-08
3.78878e-08
3.78878e-08
3.78878e-08
3.78878e-08
3.78878e-08
3.78878e-08
3.78878e-08
3.78878e-08
3.78878e-08
3.78878e-08
3.78878e-08
3.78878e-08
3.78878e-08
3.78878e-08
3.78878e-08
3.78878e-08
3.78878e-08
3.78878e-08
3.78878e-08
3.78878e-08
3.78878e-08
3.78878e-08
3.78878e-08
3.78878e-08
3.78878e-08
3.78878e-08
3.78878e-08
3.78878e-08
3.78878e-08
3.78878e-08
3.78878e-08
3.78878e-08
3.78878e-08
3.78878e-08
3.78878e-08
3.78878e-08
3.78878e-08
3.78878e-08
3.78878e-08
3.78878e-08
3.78878e-08
3.78878e-08
3.78878e-08
3.78878e-08
3.78878e-08
3.78878e-08
3.78878e-08
3.78878e-08
3.78878e-08
3.78878e-08
3.78878e-08
3.78878e-08
3.78878e-08
3.78878e-08
3.78878e-08
3.78878e-08
3.78878e-08
3.78878e-08
3.78878e-08
3.78878e-08
3.78878e-08
3.78878e-08
3.78878e-08
3.78878e-08
3.78878e-08
3.78878e-08
3.78878e-08
3.78878e-08
3.78878e-08
3.78878e-08
3.78878e-08
3.78878e-08
3.78878e-08
3.78878e-08
3.78878e-08
3.78878e-08
3.78878e-08
3.78878e-08
3.78878e-08
3.78878e-08
3.78878e-08
3.78878e-08
3.78878e-08
3.78878e-08
3.78878e-08
3.78878e-08
3.78878e-08
3.78878e-08
3.78878e-08
3.78878e-08
3.78878e-08
3.78878e-08
3.78878e-08
3.78878e-08
3.78878e-08
3.78878e-08
3.78878e-08
3.78878e-08
3.78878e-08
3.78878e-08
3.78878e-08
3.78878e-08
3.78878e-08
3.78878e-08
3.78878e-08
3.78878e-08
3.78878e-08
3.78878e-08
3.78878e-08
3.78878e-08
3.78878e-08
3.78878e-08
3.78878e-08
3.78878e-08
3.78878e-08
3.78878e-08
3.78878e-08
3.78878e-08
3.78878e-08
3.78878e-08
3.78878e-08
3.78878e-08
3.78878e-08
3.78878e-08
3.78878e-08
3.78878e-08
3.78878e-08
3.78878e-08
3.78878e-08
3.78878e-08
3.78878e-08
3.78878e-08
3.78878e-08
3.78878e-08
3.78878e-08
3.78878e-08
3.78878e-08
3.78878e-08
3.78878e-08
3.78878e-08
3.78878e-08
3.78878e-08
3.78878e-08
3.78878e-08
3.78878e-08
3.78878e-08
3.78878e-08
3.78878e-08
3.78878e-08
3.78878e-08
3.78878e-08
3.78878e-08
3.78878e-08
3.78878e-08
3.78878e-08
3.78878e-08
3.78878e-08
3.78878e-08
3.78878e-08
3.78878e-08
3.78878e-08
3.78878e-08
3.78878e-08
3.78878e-08
3.78878e-08
3.78878e-08
3.78878e-08
3.78878e-08
3.78878e-08
3.78878e-08
3.78878e-08
3.78878e-08
3.78878e-08
3.78878e-08
3.78878e-08
3.78878e-08
3.78878e-08
3.78878e-08
3.78878e-08
3.78878e-08
3.78878e-08
3.78878e-08
3.78878e-08
3.78878e-08
3.78878e-08
3.78878e-08
3.78878e-08
3.78878e-08
3.78878e-08
3.78878e-08
3.78878e-08
3.78878e-08
3.78878e-08
3.78878e-08
3.78878e-08
3.78878e-08
3.78878e-08
3.78878e-08
3.78878e-08
3.78878e-08
3.78878e-08
3.78878e-08
3.78878e-08
3.78878e-08
3.78878e-08
3.78878e-08
3.78878e-08
3.78878e-08
3.78878e-08
3.78878e-08
3.78878e-08
3.78878e-08
3.78878e-08
3.78878e-08
3.78878e-08
3.78878e-08
3.78878e-08
3.78878e-08
3.78878e-08
3.78878e-08
3.78878e-08
3.78878e-08
3.78878e-08
3.78878e-08
3.78878e-08
3.78878e-08
3.78878e-08
3.78878e-08
3.78878e-08
3.78878e-08
3.78878e-08
3.78878e-08
3.78878e-08
3.78878e-08
3.78878e-08
3.78878e-08
3.78878e-08
3.78878e-08
3.78878e-08
3.78878e-08
3.78878e-08
3.78878e-08
3.78878e-08
3.78878e-08
3.78878e-08
3.78878e-08
3.78878e-08
3.78878e-08
3.78878e-08
3.78878e-08
3.78878e-08
3.78878e-08
3.78878e-08
3.78878e-08
3.78878e-08
3.78878e-08
3.78878e-08
3.78878e-08
3.78878e-08
3.78878e-08
3.78878e-08
3.78878e-08
3.78878e-08
3.78878e-08
3.78878e-08
3.78878e-08
3.78878e-08
3.78878e-08
3.78878e-08
3.78878e-08
3.78878e-08
3.78878e-08
3.78878e-08
3.78878e-08
3.78878e-08
3.78878e-08
3.78878e-08
3.78878e-08
3.78878e-08
3.78878e-08
3.78878e-08
3.78878e-08
3.78878e-08
3.78878e-08
3.78878e-08
3.78878e-08
3.78878e-08
3.78878e-08
3.78878e-08
3.78878e-08
3.78878e-08
3.78878e-08
3.78878e-08
3.78878e-08
3.78878e-08
3.78878e-08
3.78878e-08
3.78878e-08
3.78878e-08
3.78878e-08
3.78878e-08
3.78878e-08
3.78878e-08
3.78878e-08
3.78878e-08
3.78878e-08
3.78878e-08
3.78878e-08
3.78878e-08
3.78878e-08
3.78878e-08
3.78878e-08
3.78878e-08
3.78878e-08
3.78878e-08
3.78878e-08
3.78878e-08
3.78878e-08
3.78878e-08
3.78878e-08
3.78878e-08
3.78878e-08
3.78878e-08
3.78878e-08
3.78878e-08
3.78878e-08
3.78878e-08
3.78878e-08
3.78878e-08
3.78878e-08
3.78878e-08
3.78878e-08
3.78878e-08
3.78878e-08
3.78878e-08
3.78878e-08
3.78878e-08
3.78878e-08
3.78878e-08
3.78878e-08
3.78878e-08
3.78878e-08
3.78878e-08
3.78878e-08
3.78878e-08
3.78878e-08
3.78878e-08
3.78878e-08
3.78878e-08
3.78878e-08
3.78878e-08
3.78878e-08
3.78878e-08
3.78878e-08
3.78878e-08
3.78878e-08
3.78878e-08
3.78878e-08
3.78878e-08
3.78878e-08
3.78878e-08
3.78878e-08
3.78878e-08
3.78878e-08
3.78878e-08
3.78878e-08
3.78878e-08
3.78878e-08
3.78878e-08
3.78878e-08
3.78878e-08
3.78878e-08
3.78878e-08
3.78878e-08
3.78878e-08
3.78878e-08
3.78878e-08
3.78878e-08
3.78878e-08
3.78878e-08
3.78878e-08
3.78878e-08
3.78878e-08
3.78878e-08
3.78878e-08
3.78878e-08
3.78878e-08
3.78878e-08
3.78878e-08
3.78878e-08
3.78878e-08
3.78878e-08
3.78878e-08
3.78878e-08
3.78878e-08
3.78878e-08
3.78878e-08
3.78878e-08
3.78878e-08
3.78878e-08
3.78878e-08
3.78878e-08
3.78878e-08
3.78878e-08
3.78878e-08
3.78878e-08
3.78878e-08
3.78878e-08
3.78878e-08
3.78878e-08
3.78878e-08
3.78878e-08
3.78878e-08
3.78878e-08
3.78878e-08
3.78878e-08
3.78878e-08
3.78878e-08
3.78878e-08
3.78878e-08
3.78878e-08
3.78878e-08
3.78878e-08
3.78878e-08
3.78878e-08
3.78878e-08
3.78878e-08
3.78878e-08
3.78878e-08
3.78878e-08
3.78878e-08
3.78878e-08
3.78878e-08
3.78878e-08
3.78878e-08
3.78878e-08
3.78878e-08
3.78878e-08
3.78878e-08
3.78878e-08
3.78878e-08
3.78878e-08
3.78878e-08
3.78878e-08
3.78878e-08
3.78878e-08
3.78878e-08
3.78878e-08
3.78878e-08
3.78878e-08
3.78878e-08
3.78878e-08
3.78878e-08
3.78878e-08
3.78878e-08
3.78878e-08
3.78878e-08
3.78878e-08
3.78878e-08
3.78878e-08
3.78878e-08
3.78878e-08
3.78878e-08
3.78878e-08
3.78878e-08
3.78878e-08
3.78878e-08
3.78878e-08
3.78878e-08
3.78878e-08
3.78878e-08
3.78878e-08
3.78878e-08
3.78878e-08
3.78878e-08
3.78878e-08
3.78878e-08
3.78878e-08
3.78878e-08
3.78878e-08
3.78878e-08
3.78878e-08
3.78878e-08
3.78878e-08
3.78878e-08
3.78878e-08
3.78878e-08
3.78878e-08
3.78878e-08
3.78878e-08
3.78878e-08
3.78878e-08
3.78878e-08
3.78878e-08
3.78878e-08
3.78878e-08
3.78878e-08
3.78878e-08
3.78878e-08
3.78878e-08
3.78878e-08
3.78878e-08
3.78878e-08
3.78878e-08
3.78878e-08
3.78878e-08
3.78878e-08
3.78878e-08
3.78878e-08
3.78878e-08
3.78878e-08
3.78878e-08
3.78878e-08
3.78878e-08
3.78878e-08
3.78878e-08
3.78878e-08
3.78878e-08
3.78878e-08
3.78878e-08
3.78878e-08
3.78878e-08
3.78878e-08
3.78878e-08
3.78878e-08
3.78878e-08
3.78878e-08
3.78878e-08
3.78878e-08
3.78878e-08
3.78878e-08
3.78878e-08
3.78878e-08
3.78878e-08
3.78878e-08
3.78878e-08
3.78878e-08
3.78878e-08
3.78878e-08
3.78878e-08
3.78878e-08
3.78878e-08
3.78878e-08
3.78878e-08
3.78878e-08
3.78878e-08
3.78878e-08
3.78878e-08
3.78878e-08
3.78878e-08
3.78878e-08
3.78878e-08
3.78878e-08
3.78878e-08
3.78878e-08
3.78878e-08
3.78878e-08
3.78878e-08
3.78878e-08
3.78878e-08
3.78878e-08
3.78878e-08
3.78878e-08
3.78878e-08
3.78878e-08
3.78878e-08
3.78878e-08
3.78878e-08
3.78878e-08
3.78878e-08
3.78878e-08
3.78878e-08
3.78878e-08
3.78878e-08
3.78878e-08
3.78878e-08
3.78878e-08
3.78878e-08
3.78878e-08
3.78878e-08
3.78878e-08
3.78878e-08
3.78878e-08
3.78878e-08
3.78878e-08
3.78878e-08
3.78878e-08
3.78878e-08
3.78878e-08
3.78878e-08
3.78878e-08
3.78878e-08
3.78878e-08
3.78878e-08
3.78878e-08
3.78878e-08
3.78878e-08
3.78878e-08
3.78878e-08
3.78878e-08
3.78878e-08
3.78878e-08
3.78878e-08
3.78878e-08
3.78878e-08
3.78878e-08
3.78878e-08
3.78878e-08
3.78878e-08
3.78878e-08
3.78878e-08
3.78878e-08
3.78878e-08
3.78878e-08
3.78878e-08
3.78878e-08
3.78878e-08
3.78878e-08
3.78878e-08
3.78878e-08
3.78878e-08
3.78878e-08
3.78878e-08
3.78878e-08
3.78878e-08
3.78878e-08
3.78878e-08
3.78878e-08
3.78878e-08
3.78878e-08
3.78878e-08
3.78878e-08
3.78878e-08
3.78878e-08
3.78878e-08
3.78878e-08
3.78878e-08
3.78878e-08
3.78878e-08
3.78878e-08
3.78878e-08
3.78878e-08
3.78878e-08
3.78878e-08
3.78878e-08
3.78878e-08
3.78878e-08
3.78878e-08
3.78878e-08
3.78878e-08
3.78878e-08
3.78878e-08
3.78878e-08
3.78878e-08
3.78878e-08
3.78878e-08
3.78878e-08
3.78878e-08
3.78878e-08
3.78878e-08
3.78878e-08
3.78878e-08
3.78878e-08
3.78878e-08
3.78878e-08
3.78878e-08
3.78878e-08
3.78878e-08
3.78878e-08
3.78878e-08
3.78878e-08
3.78878e-08
3.78878e-08
3.78878e-08
3.78878e-08
3.78878e-08
3.78878e-08
3.78878e-08
3.78878e-08
3.78878e-08
3.78878e-08
3.78878e-08
3.78878e-08
3.78878e-08
3.78878e-08
3.78878e-08
3.78878e-08
3.78878e-08
3.78878e-08
3.78878e-08
3.78878e-08
3.78878e-08
3.78878e-08
3.78878e-08
3.78878e-08
3.78878e-08
3.78878e-08
3.78878e-08
3.78878e-08
3.78878e-08
3.78878e-08
3.78878e-08
3.78878e-08
3.78878e-08
3.78878e-08
3.78878e-08
3.78878e-08
3.78878e-08
3.78878e-08
3.78878e-08
3.78878e-08
3.78878e-08
3.78878e-08
3.78878e-08
3.78878e-08
3.78878e-08
3.78878e-08
3.78878e-08
3.78878e-08
3.78878e-08
3.78878e-08
3.78878e-08
3.78878e-08
3.78878e-08
3.78878e-08
3.78878e-08
3.78878e-08
3.78878e-08
3.78878e-08
3.78878e-08
3.78878e-08
3.78878e-08
3.78878e-08
3.78878e-08
3.78878e-08
3.78878e-08
3.78878e-08
3.78878e-08
3.78878e-08
3.78878e-08
3.78878e-08
3.78878e-08
3.78878e-08
3.78878e-08
3.78878e-08
3.78878e-08
3.78878e-08
3.78878e-08
3.78878e-08
3.78878e-08
3.78878e-08
3.78878e-08
3.78878e-08
3.78878e-08
3.78878e-08
3.78878e-08
3.78878e-08
3.78878e-08
3.78878e-08
3.78878e-08
3.78878e-08
3.78878e-08
3.78878e-08
3.78878e-08
3.78878e-08
3.78878e-08
3.78878e-08
3.78878e-08
3.78878e-08
3.78878e-08
3.78878e-08
3.78878e-08
3.78878e-08
3.78878e-08
3.78878e-08
3.78878e-08
3.78878e-08
3.78878e-08
3.78878e-08
3.78878e-08
3.78878e-08
3.78878e-08
3.78878e-08
3.78878e-08
3.78878e-08
3.78878e-08
3.78878e-08
3.78878e-08
3.78878e-08
3.78878e-08
3.78878e-08
3.78878e-08
3.78878e-08
3.78878e-08
3.78878e-08
3.78878e-08
3.78878e-08
3.78878e-08
3.78878e-08
3.78878e-08
3.78878e-08
3.78878e-08
3.78878e-08
3.78878e-08
3.78878e-08
3.78878e-08
3.78878e-08
3.78878e-08
3.78878e-08
3.78878e-08
3.78878e-08
3.78878e-08
3.78878e-08
3.78878e-08
3.78878e-08
3.78878e-08
3.78878e-08
3.78878e-08
3.78878e-08
3.78878e-08
3.78878e-08
3.78878e-08
3.78878e-08
3.78878e-08
3.78878e-08
3.78878e-08
3.78878e-08
3.78878e-08
3.78878e-08
3.78878e-08
3.78878e-08
3.78878e-08
3.78878e-08
3.78878e-08
3.78878e-08
3.78878e-08
3.78878e-08
3.78878e-08
3.78878e-08
3.78878e-08
3.78878e-08
3.78878e-08
3.78878e-08
3.78878e-08
3.78878e-08
3.78878e-08
3.78878e-08
3.78878e-08
3.78878e-08
3.78878e-08
3.78878e-08
3.78878e-08
3.78878e-08
3.78878e-08
3.78878e-08
3.78878e-08
3.78878e-08
3.78878e-08
3.78878e-08
3.78878e-08
3.78878e-08
3.78878e-08
3.78878e-08
3.78878e-08
3.78878e-08
3.78878e-08
3.78878e-08
3.78878e-08
3.78878e-08
3.78878e-08
3.78878e-08
3.78878e-08
3.78878e-08
3.78878e-08
3.78878e-08
3.78878e-08
3.78878e-08
3.78878e-08
3.78878e-08
3.78878e-08
3.78878e-08
3.78878e-08
3.78878e-08
3.78878e-08
3.78878e-08
3.78878e-08
3.78878e-08
3.78878e-08
3.78878e-08
3.78878e-08
3.78878e-08
3.78878e-08
3.78878e-08
3.78878e-08
3.78878e-08
3.78878e-08
3.78878e-08
3.78878e-08
3.78878e-08
3.78878e-08
3.78878e-08
3.78878e-08
3.78878e-08
3.78878e-08
3.78878e-08
3.78878e-08
3.78878e-08
3.78878e-08
3.78878e-08
3.78878e-08
3.78878e-08
3.78878e-08
3.78878e-08
3.78878e-08
3.78878e-08
3.78878e-08
3.78878e-08
3.78878e-08
3.78878e-08
3.78878e-08
3.78878e-08
3.78878e-08
3.78878e-08
3.78878e-08
3.78878e-08
3.78878e-08
3.78878e-08
3.78878e-08
3.78878e-08
3.78878e-08
3.78878e-08
3.78878e-08
3.78878e-08
3.78878e-08
3.78878e-08
3.78878e-08
3.78878e-08
3.78878e-08
3.78878e-08
3.78878e-08
3.78878e-08
3.78878e-08
3.78878e-08
3.78878e-08
3.78878e-08
3.78878e-08
3.78878e-08
3.78878e-08
3.78878e-08
3.78878e-08
3.78878e-08
3.78878e-08
3.78878e-08
3.78878e-08
3.78878e-08
3.78878e-08
3.78878e-08
3.78878e-08
3.78878e-08
3.78878e-08
3.78878e-08
3.78878e-08
3.78878e-08
3.78878e-08
3.78878e-08
3.78878e-08
3.78878e-08
3.78878e-08
3.78878e-08
3.78878e-08
3.78878e-08
3.78878e-08
3.78878e-08
3.78878e-08
3.78878e-08
3.78878e-08
3.78878e-08
3.78878e-08
3.78878e-08
3.78878e-08
3.78878e-08
3.78878e-08
3.78878e-08
3.78878e-08
3.78878e-08
3.78878e-08
3.78878e-08
3.78878e-08
3.78878e-08
3.78878e-08
3.78878e-08
3.78878e-08
3.78878e-08
3.78878e-08
3.78878e-08
3.78878e-08
3.78878e-08
3.78878e-08
3.78878e-08
3.78878e-08
3.78878e-08
3.78878e-08
3.78878e-08
3.78878e-08
3.78878e-08
3.78878e-08
3.78878e-08
3.78878e-08
3.78878e-08
3.78878e-08
3.78878e-08
3.78878e-08
3.78878e-08
3.78878e-08
3.78878e-08
3.78878e-08
3.78878e-08
3.78878e-08
3.78878e-08
3.78878e-08
3.78878e-08
3.78878e-08
3.78878e-08
3.78878e-08
3.78878e-08
3.78878e-08
3.78878e-08
3.78878e-08
3.78878e-08
3.78878e-08
3.78878e-08
3.78878e-08
3.78878e-08
3.78878e-08
3.78878e-08
3.78878e-08
3.78878e-08
3.78878e-08
3.78878e-08
3.78878e-08
3.78878e-08
3.78878e-08
3.78878e-08
3.78878e-08
3.78878e-08
3.78878e-08
3.78878e-08
3.78878e-08
3.78878e-08
3.78878e-08
3.78878e-08
3.78878e-08
3.78878e-08
3.78878e-08
3.78878e-08
3.78878e-08
3.78878e-08
3.78878e-08
3.78878e-08
3.78878e-08
3.78878e-08
3.78878e-08
3.78878e-08
3.78878e-08
3.78878e-08
3.78878e-08
3.78878e-08
3.78878e-08
3.78878e-08
3.78878e-08
3.78878e-08
3.78878e-08
3.78878e-08
3.78878e-08
3.78878e-08
3.78878e-08
3.78878e-08
3.78878e-08
3.78878e-08
3.78878e-08
3.78878e-08
3.78878e-08
3.78878e-08
3.78878e-08
3.78878e-08
3.78878e-08
3.78878e-08
3.78878e-08
3.78878e-08
3.78878e-08
3.78878e-08
3.78878e-08
3.78878e-08
3.78878e-08
3.78878e-08
3.78878e-08
3.78878e-08
3.78878e-08
3.78878e-08
3.78878e-08
3.78878e-08
3.78878e-08
3.78878e-08
3.78878e-08
3.78878e-08
3.78878e-08
3.78878e-08
3.78878e-08
3.78878e-08
3.78878e-08
3.78878e-08
3.78878e-08
3.78878e-08
3.78878e-08
3.78878e-08
3.78878e-08
3.78878e-08
3.78878e-08
3.78878e-08
3.78878e-08
3.78878e-08
3.78878e-08
3.78878e-08
3.78878e-08
3.78878e-08
3.78878e-08
3.78878e-08
3.78878e-08
3.78878e-08
3.78878e-08
3.78878e-08
3.78878e-08
3.78878e-08
3.78878e-08
3.78878e-08
3.78878e-08
3.78878e-08
3.78878e-08
3.78878e-08
3.78878e-08
3.78878e-08
3.78878e-08
3.78878e-08
3.78878e-08
3.78878e-08
3.78878e-08
3.78878e-08
3.78878e-08
3.78878e-08
3.78878e-08
3.78878e-08
3.78878e-08
3.78878e-08
3.78878e-08
3.78878e-08
3.78878e-08
3.78878e-08
3.78878e-08
3.78878e-08
3.78878e-08
3.78878e-08
3.78878e-08
3.78878e-08
3.78878e-08
3.78878e-08
3.78878e-08
3.78878e-08
3.78878e-08
3.78878e-08
3.78878e-08
3.78878e-08
3.78878e-08
3.78878e-08
3.78878e-08
3.78878e-08
3.78878e-08
3.78878e-08
3.78878e-08
3.78878e-08
3.78878e-08
3.78878e-08
3.78878e-08
3.78878e-08
3.78878e-08
3.78878e-08
3.78878e-08
3.78878e-08
3.78878e-08
3.78878e-08
3.78878e-08
3.78878e-08
3.78878e-08
3.78878e-08
3.78878e-08
3.78878e-08
3.78878e-08
3.78878e-08
3.78878e-08
3.78878e-08
3.78878e-08
3.78878e-08
