506356
506356
10139.7
10139.7
10139.7
2190.67
2190.67
2190.67
2190.67
2190.67
2190.67
69.0851
30.2056
30.2056
30.2056
30.2056
30.2056
30.2056
30.2056
30.2056
30.2056
30.2056
30.2056
30.2056
30.2056
30.2056
30.2056
30.2056
30.2056
30.2056
30.2056
30.2056
30.2056
30.2056
30.2056
28.167
20.7908
17.5094
15.9941
15.9941
15.9941
15.9941
15.9941
15.9941
15.9941
15.9941
15.9941
15.9941
15.9941
15.9941
15.9941
15.3985
15.3985
15.3985
15.3985
15.3985
15.3985
11.9975
11.9975
11.9975
11.9975
11.9975
11.9975
11.9975
11.9975
11.9975
11.9975
8.56261
8.56261
8.56261
8.56261
8.56261
8.56261
8.56261
8.56261
8.56261
8.56261
8.56261
8.56261
8.56261
8.56261
8.56261
8.56261
8.56261
8.56261
8.56261
8.56261
8.56261
8.56261
8.56261
8.56261
8.56261
8.56261
8.56261
8.56261
8.56261
8.56261
8.56261
8.56261
8.56261
8.56261
8.56261
8.56261
8.56261
8.56261
8.56261
8.56261
8.56261
8.56261
8.56261
8.56261
8.56261
8.56261
8.56261
8.56261
8.56261
8.56261
8.56261
8.56261
8.56261
8.56261
8.56261
8.56261
8.56261
8.56261
8.56261
8.56261
8.56261
8.56261
8.56261
8.56261
8.56261
8.56261
8.56261
8.56261
8.56261
8.56261
8.56261
8.56261
8.56261
8.56261
8.56261
8.56261
8.56261
8.56261
8.56261
8.56261
8.56261
8.56261
8.56261
8.56261
8.56261
8.56261
8.56261
8.56261
8.56261
8.56261
8.56261
8.56261
8.56261
8.56261
8.56261
8.56261
8.56261
8.56261
8.56261
8.25442
4.85045
0.518841
0.518841
0.518841
0.518841
0.518841
0.518841
0.518841
0.518841
0.518841
0.518841
0.518841
0.518841
0.518841
0.518841
0.518841
0.420556
0.420556
0.420556
0.420556
0.420556
0.394009
0.394009
0.394009
0.317778
0.151143
0.151143
0.142015
0.127834
0.127834
0.127834
0.0769281
0.0668523
0.0668523
0.0668523
0.0668523
0.0668523
0.0668523
0.0668523
0.0542762
0.0542762
0.0321416
0.0191345
0.00144469
0.00144469
0.000593805
0.000381924
0.000381924
0.000103538
0.000103538
0.000103538
0.000103538
0.000103538
0.000103538
0.000103538
0.000103538
0.000103538
0.000103538
0.000103538
0.000103538
0.000103538
0.000103538
0.000103538
0.000103538
0.000103538
0.000100998
0.000100998
0.000100998
0.000100998
0.000100998
0.000100998
0.000100998
0.000100998
0.000100998
0.000100998
0.000100998
0.000100998
8.0388e-05
7.23598e-05
7.23598e-05
7.23598e-05
7.23598e-05
7.23598e-05
7.23598e-05
6.04766e-05
5.10015e-05
3.07617e-05
1.59834e-05
1.01601e-05
1.01601e-05
6.28081e-06
6.24569e-06
1.49172e-06
1.49172e-06
6.03083e-07
5.71839e-07
5.71839e-07
1.9522e-07
4.67336e-08
4.67336e-08
4.67336e-08
4.67336e-08
4.67336e-08
4.67336e-08
4.67336e-08
4.67336e-08
4.67336e-08
4.67336e-08
4.67336e-08
4.67336e-08
4.67336e-08
4.67336e-08
4.67336e-08
4.67336e-08
4.67336e-08
4.67336e-08
4.67336e-08
4.67336e-08
4.67336e-08
4.67336e-08
4.67336e-08
4.67336e-08
4.67336e-08
4.67336e-08
4.67336e-08
4.67336e-08
4.67336e-08
4.67336e-08
4.67336e-08
4.67336e-08
3.55759e-08
3.55759e-08
2.75014e-08
2.75014e-08
2.75014e-08
2.75014e-08
2.75014e-08
2.75014e-08
2.75014e-08
2.75014e-08
2.75014e-08
2.75014e-08
1.70147e-08
1.28868e-08
1.28868e-08
2.54712e-09
3.95434e-10
3.95434e-10
3.95434e-10
3.95434e-10
4.83112e-11
4.83112e-11
4.83112e-11
4.83112e-11
4.83112e-11
4.83112e-11
4.83112e-11
4.83112e-11
4.83112e-11
4.83112e-11
4.83112e-11
4.83112e-11
4.83112e-11
4.83112e-11
4.83112e-11
4.83112e-11
4.83112e-11
4.83112e-11
4.83112e-11
4.83112e-11
4.83112e-11
4.83112e-11
4.83112e-11
4.83112e-11
4.83112e-11
4.83112e-11
4.83112e-11
4.83112e-11
4.83112e-11
4.83112e-11
4.83112e-11
4.83112e-11
4.83112e-11
4.83112e-11
4.83112e-11
4.83112e-11
4.83112e-11
4.83112e-11
4.83112e-11
4.83112e-11
4.83112e-11
4.83112e-11
4.83112e-11
4.83112e-11
4.83112e-11
4.83112e-11
4.83112e-11
4.83112e-11
4.83112e-11
4.83112e-11
4.83112e-11
4.83112e-11
4.83112e-11
4.83112e-11
4.83112e-11
4.83112e-11
4.83112e-11
4.83112e-11
4.83112e-11
4.83112e-11
4.83112e-11
4.83112e-11
4.83112e-11
4.83112e-11
4.83112e-11
4.83112e-11
4.83112e-11
4.83112e-11
4.83112e-11
4.83112e-11
4.83112e-11
4.83112e-11
4.83112e-11
4.83112e-11
4.83112e-11
4.83112e-11
4.83112e-11
4.83112e-11
4.83112e-11
4.83112e-11
4.83112e-11
4.83112e-11
4.83112e-11
4.83112e-11
4.83112e-11
4.83112e-11
4.83112e-11
4.83112e-11
4.83112e-11
4.83112e-11
4.83112e-11
4.83112e-11
4.83112e-11
4.83112e-11
4.83112e-11
4.83112e-11
4.83112e-11
4.83112e-11
4.83112e-11
4.83112e-11
4.83112e-11
4.83112e-11
4.83112e-11
4.83112e-11
4.83112e-11
4.83112e-11
4.83112e-11
4.83112e-11
4.83112e-11
4.83112e-11
4.83112e-11
4.83112e-11
4.83112e-11
4.83112e-11
4.83112e-11
4.83112e-11
4.83112e-11
4.83112e-11
4.83112e-11
4.83112e-11
4.83112e-11
4.83112e-11
4.83112e-11
4.83112e-11
4.83112e-11
4.83112e-11
4.83112e-11
4.83112e-11
4.83112e-11
4.83112e-11
4.83112e-11
4.83112e-11
4.83112e-11
4.83112e-11
4.83112e-11
4.83112e-11
4.83112e-11
4.83112e-11
4.83112e-11
4.83112e-11
4.83112e-11
4.83112e-11
4.83112e-11
4.83112e-11
4.83112e-11
4.83112e-11
4.83112e-11
4.83112e-11
4.83112e-11
4.83112e-11
4.83112e-11
4.83112e-11
4.83112e-11
4.83112e-11
4.83112e-11
4.83112e-11
4.83112e-11
4.83112e-11
4.83112e-11
4.83112e-11
4.83112e-11
4.83112e-11
4.83112e-11
4.83112e-11
4.83112e-11
4.83112e-11
4.83112e-11
4.83112e-11
4.83112e-11
4.83112e-11
4.83112e-11
4.83112e-11
4.83112e-11
4.83112e-11
4.83112e-11
4.83112e-11
4.83112e-11
4.83112e-11
4.83112e-11
4.83112e-11
4.83112e-11
4.83112e-11
4.83112e-11
4.83112e-11
4.83112e-11
4.83112e-11
4.83112e-11
4.83112e-11
4.83112e-11
4.83112e-11
4.83112e-11
4.83112e-11
4.83112e-11
4.83112e-11
4.83112e-11
4.83112e-11
4.83112e-11
4.83112e-11
4.83112e-11
4.83112e-11
4.83112e-11
4.83112e-11
4.83112e-11
4.83112e-11
4.83112e-11
4.83112e-11
4.83112e-11
4.83112e-11
4.83112e-11
4.83112e-11
4.83112e-11
4.83112e-11
4.83112e-11
4.83112e-11
4.83112e-11
4.83112e-11
4.83112e-11
4.83112e-11
4.83112e-11
4.83112e-11
4.83112e-11
4.83112e-11
4.83112e-11
4.83112e-11
4.83112e-11
4.83112e-11
4.83112e-11
4.83112e-11
4.83112e-11
4.83112e-11
4.83112e-11
4.83112e-11
4.83112e-11
4.83112e-11
4.83112e-11
4.83112e-11
4.83112e-11
4.83112e-11
4.83112e-11
4.83112e-11
4.83112e-11
4.83112e-11
4.83112e-11
4.83112e-11
4.83112e-11
4.83112e-11
4.83112e-11
4.83112e-11
4.83112e-11
4.83112e-11
4.83112e-11
4.83112e-11
4.83112e-11
4.83112e-11
4.83112e-11
4.83112e-11
4.83112e-11
4.83112e-11
4.83112e-11
4.83112e-11
4.83112e-11
4.83112e-11
4.83112e-11
4.83112e-11
4.83112e-11
4.83112e-11
4.83112e-11
4.83112e-11
4.83112e-11
4.83112e-11
4.83112e-11
4.83112e-11
4.83112e-11
4.83112e-11
4.83112e-11
4.83112e-11
4.83112e-11
4.83112e-11
4.83112e-11
4.83112e-11
4.83112e-11
4.83112e-11
4.83112e-11
4.83112e-11
4.83112e-11
4.83112e-11
4.83112e-11
4.83112e-11
4.83112e-11
4.83112e-11
4.83112e-11
4.83112e-11
4.83112e-11
4.83112e-11
4.83112e-11
4.83112e-11
4.83112e-11
4.83112e-11
4.83112e-11
4.83112e-11
4.83112e-11
4.83112e-11
4.83112e-11
4.83112e-11
4.83112e-11
4.83112e-11
4.83112e-11
4.83112e-11
4.83112e-11
4.83112e-11
4.83112e-11
4.83112e-11
4.83112e-11
4.83112e-11
4.83112e-11
4.83112e-11
4.83112e-11
4.83112e-11
4.83112e-11
4.83112e-11
4.83112e-11
4.83112e-11
4.83112e-11
4.83112e-11
4.83112e-11
4.83112e-11
4.83112e-11
4.83112e-11
4.83112e-11
4.83112e-11
4.83112e-11
4.83112e-11
4.83112e-11
4.83112e-11
4.83112e-11
4.83112e-11
4.83112e-11
4.83112e-11
4.83112e-11
4.83112e-11
4.83112e-11
4.83112e-11
4.83112e-11
4.83112e-11
4.83112e-11
4.83112e-11
4.83112e-11
4.83112e-11
4.83112e-11
4.83112e-11
4.83112e-11
4.83112e-11
4.83112e-11
4.83112e-11
4.83112e-11
4.83112e-11
4.83112e-11
4.83112e-11
4.83112e-11
4.83112e-11
4.83112e-11
4.83112e-11
4.83112e-11
4.83112e-11
4.83112e-11
4.83112e-11
4.83112e-11
4.83112e-11
4.83112e-11
4.83112e-11
4.83112e-11
4.83112e-11
4.83112e-11
4.83112e-11
4.83112e-11
4.83112e-11
4.83112e-11
4.83112e-11
4.83112e-11
4.83112e-11
4.83112e-11
4.83112e-11
4.83112e-11
4.83112e-11
4.83112e-11
4.83112e-11
4.83112e-11
4.83112e-11
4.83112e-11
4.83112e-11
4.83112e-11
4.83112e-11
4.83112e-11
4.83112e-11
4.83112e-11
4.83112e-11
4.83112e-11
4.83112e-11
4.83112e-11
4.83112e-11
4.83112e-11
4.83112e-11
4.83112e-11
4.83112e-11
4.83112e-11
4.83112e-11
4.83112e-11
4.83112e-11
4.83112e-11
4.83112e-11
4.83112e-11
4.83112e-11
4.83112e-11
4.83112e-11
4.83112e-11
4.83112e-11
4.83112e-11
4.83112e-11
4.83112e-11
4.83112e-11
4.83112e-11
4.83112e-11
4.83112e-11
4.83112e-11
4.83112e-11
4.83112e-11
4.83112e-11
4.83112e-11
4.83112e-11
4.83112e-11
4.83112e-11
4.83112e-11
4.83112e-11
4.83112e-11
4.83112e-11
4.83112e-11
4.83112e-11
4.83112e-11
4.83112e-11
4.83112e-11
4.83112e-11
4.83112e-11
4.83112e-11
4.83112e-11
4.83112e-11
4.83112e-11
4.83112e-11
4.83112e-11
4.83112e-11
4.83112e-11
4.83112e-11
4.83112e-11
4.83112e-11
4.83112e-11
4.83112e-11
4.83112e-11
4.83112e-11
4.83112e-11
4.83112e-11
4.83112e-11
4.83112e-11
4.83112e-11
4.83112e-11
4.83112e-11
4.83112e-11
4.83112e-11
4.83112e-11
4.83112e-11
4.83112e-11
4.83112e-11
4.83112e-11
4.83112e-11
4.83112e-11
4.83112e-11
4.83112e-11
4.83112e-11
4.83112e-11
4.83112e-11
4.83112e-11
4.83112e-11
4.83112e-11
4.83112e-11
4.83112e-11
4.83112e-11
4.83112e-11
4.83112e-11
4.83112e-11
4.83112e-11
4.83112e-11
4.83112e-11
4.83112e-11
4.83112e-11
4.83112e-11
4.83112e-11
4.83112e-11
4.83112e-11
4.83112e-11
4.83112e-11
4.83112e-11
4.83112e-11
4.83112e-11
4.83112e-11
4.83112e-11
4.83112e-11
4.83112e-11
4.83112e-11
4.83112e-11
4.83112e-11
4.83112e-11
4.83112e-11
4.83112e-11
4.83112e-11
4.83112e-11
4.83112e-11
4.83112e-11
4.83112e-11
4.83112e-11
4.83112e-11
4.83112e-11
4.83112e-11
4.83112e-11
4.83112e-11
4.83112e-11
4.83112e-11
4.83112e-11
4.83112e-11
4.83112e-11
4.83112e-11
4.83112e-11
4.83112e-11
4.83112e-11
4.83112e-11
4.83112e-11
4.83112e-11
4.83112e-11
4.83112e-11
4.83112e-11
4.83112e-11
4.83112e-11
4.83112e-11
4.83112e-11
4.83112e-11
4.83112e-11
4.83112e-11
4.83112e-11
4.83112e-11
4.83112e-11
4.83112e-11
4.83112e-11
4.83112e-11
4.83112e-11
4.83112e-11
4.83112e-11
4.83112e-11
4.83112e-11
4.83112e-11
4.83112e-11
4.83112e-11
4.83112e-11
4.83112e-11
4.83112e-11
4.83112e-11
4.83112e-11
4.83112e-11
4.83112e-11
4.83112e-11
4.83112e-11
4.83112e-11
4.83112e-11
4.83112e-11
4.83112e-11
4.83112e-11
4.83112e-11
4.83112e-11
4.83112e-11
4.83112e-11
4.83112e-11
4.83112e-11
4.83112e-11
4.83112e-11
4.83112e-11
4.83112e-11
4.83112e-11
4.83112e-11
4.83112e-11
4.83112e-11
4.83112e-11
4.83112e-11
4.83112e-11
4.83112e-11
4.83112e-11
4.83112e-11
4.83112e-11
4.83112e-11
4.83112e-11
4.83112e-11
4.83112e-11
4.83112e-11
4.83112e-11
4.83112e-11
4.83112e-11
4.83112e-11
4.83112e-11
4.83112e-11
4.83112e-11
4.83112e-11
4.83112e-11
4.83112e-11
4.83112e-11
4.83112e-11
4.83112e-11
4.83112e-11
4.83112e-11
4.83112e-11
4.83112e-11
4.83112e-11
4.83112e-11
4.83112e-11
4.83112e-11
4.83112e-11
4.83112e-11
4.83112e-11
4.83112e-11
4.83112e-11
4.83112e-11
4.83112e-11
4.83112e-11
4.83112e-11
4.83112e-11
4.83112e-11
4.83112e-11
4.83112e-11
4.83112e-11
4.83112e-11
4.83112e-11
4.83112e-11
4.83112e-11
4.83112e-11
4.83112e-11
4.83112e-11
4.83112e-11
4.83112e-11
4.83112e-11
4.83112e-11
4.83112e-11
4.83112e-11
4.83112e-11
4.83112e-11
4.83112e-11
4.83112e-11
4.83112e-11
4.83112e-11
4.83112e-11
4.83112e-11
4.83112e-11
4.83112e-11
4.83112e-11
4.83112e-11
4.83112e-11
4.83112e-11
4.83112e-11
4.83112e-11
4.83112e-11
4.83112e-11
4.83112e-11
4.83112e-11
4.83112e-11
4.83112e-11
4.83112e-11
4.83112e-11
4.83112e-11
4.83112e-11
4.83112e-11
4.83112e-11
4.83112e-11
4.83112e-11
4.83112e-11
4.83112e-11
4.83112e-11
4.83112e-11
4.83112e-11
4.83112e-11
4.83112e-11
4.83112e-11
4.83112e-11
4.83112e-11
4.83112e-11
4.83112e-11
4.83112e-11
4.83112e-11
4.83112e-11
4.83112e-11
4.83112e-11
4.83112e-11
4.83112e-11
4.83112e-11
4.83112e-11
4.83112e-11
4.83112e-11
4.83112e-11
4.83112e-11
4.83112e-11
4.83112e-11
4.83112e-11
4.83112e-11
4.83112e-11
4.83112e-11
4.83112e-11
4.83112e-11
4.83112e-11
4.83112e-11
4.83112e-11
4.83112e-11
4.83112e-11
4.83112e-11
4.83112e-11
4.83112e-11
4.83112e-11
4.83112e-11
4.83112e-11
4.83112e-11
4.83112e-11
4.83112e-11
4.83112e-11
4.83112e-11
4.83112e-11
4.83112e-11
4.83112e-11
4.83112e-11
4.83112e-11
4.83112e-11
4.83112e-11
4.83112e-11
4.83112e-11
4.83112e-11
4.83112e-11
4.83112e-11
4.83112e-11
4.83112e-11
4.83112e-11
4.83112e-11
4.83112e-11
4.83112e-11
4.83112e-11
4.83112e-11
4.83112e-11
4.83112e-11
4.83112e-11
4.83112e-11
4.83112e-11
4.83112e-11
4.83112e-11
4.83112e-11
4.83112e-11
4.83112e-11
4.83112e-11
4.83112e-11
4.83112e-11
4.83112e-11
4.83112e-11
4.83112e-11
4.83112e-11
4.83112e-11
4.83112e-11
4.83112e-11
4.83112e-11
4.83112e-11
4.83112e-11
4.83112e-11
4.83112e-11
4.83112e-11
4.83112e-11
4.83112e-11
4.83112e-11
4.83112e-11
4.83112e-11
4.83112e-11
4.83112e-11
4.83112e-11
4.83112e-11
4.83112e-11
4.83112e-11
4.83112e-11
4.83112e-11
4.83112e-11
4.83112e-11
4.83112e-11
4.83112e-11
4.83112e-11
4.83112e-11
4.83112e-11
4.83112e-11
4.83112e-11
4.83112e-11
4.83112e-11
4.83112e-11
4.83112e-11
4.83112e-11
4.83112e-11
4.83112e-11
4.83112e-11
4.83112e-11
4.83112e-11
4.83112e-11
4.83112e-11
4.83112e-11
4.83112e-11
4.83112e-11
4.83112e-11
4.83112e-11
4.83112e-11
4.83112e-11
4.83112e-11
4.83112e-11
4.83112e-11
4.83112e-11
4.83112e-11
4.83112e-11
4.83112e-11
4.83112e-11
4.83112e-11
4.83112e-11
4.83112e-11
4.83112e-11
4.83112e-11
4.83112e-11
4.83112e-11
4.83112e-11
4.83112e-11
4.83112e-11
4.83112e-11
4.83112e-11
4.83112e-11
4.83112e-11
4.83112e-11
4.83112e-11
4.83112e-11
4.83112e-11
4.83112e-11
4.83112e-11
4.83112e-11
4.83112e-11
4.83112e-11
4.83112e-11
4.83112e-11
4.83112e-11
4.83112e-11
4.83112e-11
4.83112e-11
4.83112e-11
4.83112e-11
4.83112e-11
4.83112e-11
4.83112e-11
4.83112e-11
4.83112e-11
4.83112e-11
4.83112e-11
4.83112e-11
4.83112e-11
4.83112e-11
4.83112e-11
4.83112e-11
4.83112e-11
4.83112e-11
4.83112e-11
4.83112e-11
4.83112e-11
4.83112e-11
4.83112e-11
4.83112e-11
4.83112e-11
4.83112e-11
4.83112e-11
4.83112e-11
4.83112e-11
4.83112e-11
4.83112e-11
4.83112e-11
4.83112e-11
4.83112e-11
4.83112e-11
4.83112e-11
4.83112e-11
4.83112e-11
4.83112e-11
4.83112e-11
4.83112e-11
4.83112e-11
4.83112e-11
4.83112e-11
4.83112e-11
4.83112e-11
4.83112e-11
4.83112e-11
4.83112e-11
4.83112e-11
4.83112e-11
4.83112e-11
4.83112e-11
4.83112e-11
4.83112e-11
4.83112e-11
4.83112e-11
4.83112e-11
4.83112e-11
4.83112e-11
4.83112e-11
4.83112e-11
4.83112e-11
4.83112e-11
4.83112e-11
4.83112e-11
4.83112e-11
4.83112e-11
4.83112e-11
4.83112e-11
4.83112e-11
4.83112e-11
4.83112e-11
4.83112e-11
4.83112e-11
4.83112e-11
4.83112e-11
4.83112e-11
4.83112e-11
4.83112e-11
4.83112e-11
4.83112e-11
4.83112e-11
4.83112e-11
4.83112e-11
4.83112e-11
4.83112e-11
4.83112e-11
4.83112e-11
4.83112e-11
4.83112e-11
4.83112e-11
4.83112e-11
4.83112e-11
4.83112e-11
4.83112e-11
4.83112e-11
4.83112e-11
4.83112e-11
4.83112e-11
4.83112e-11
4.83112e-11
4.83112e-11
4.83112e-11
4.83112e-11
4.83112e-11
4.83112e-11
4.83112e-11
4.83112e-11
4.83112e-11
4.83112e-11
4.83112e-11
4.83112e-11
4.83112e-11
4.83112e-11
4.83112e-11
4.83112e-11
4.83112e-11
4.83112e-11
4.83112e-11
4.83112e-11
4.83112e-11
4.83112e-11
4.83112e-11
4.83112e-11
4.83112e-11
4.83112e-11
4.83112e-11
4.83112e-11
4.83112e-11
4.83112e-11
4.83112e-11
4.83112e-11
4.83112e-11
4.83112e-11
4.83112e-11
4.83112e-11
4.83112e-11
4.83112e-11
4.83112e-11
4.83112e-11
4.83112e-11
4.83112e-11
4.83112e-11
4.83112e-11
4.83112e-11
4.83112e-11
4.83112e-11
4.83112e-11
4.83112e-11
4.83112e-11
4.83112e-11
4.83112e-11
4.83112e-11
4.83112e-11
4.83112e-11
4.83112e-11
4.83112e-11
4.83112e-11
4.83112e-11
4.83112e-11
4.83112e-11
4.83112e-11
4.83112e-11
4.83112e-11
4.83112e-11
4.83112e-11
4.83112e-11
4.83112e-11
4.83112e-11
4.83112e-11
4.83112e-11
4.83112e-11
4.83112e-11
4.83112e-11
4.83112e-11
4.83112e-11
4.83112e-11
4.83112e-11
4.83112e-11
4.83112e-11
4.83112e-11
4.83112e-11
4.83112e-11
4.83112e-11
4.83112e-11
4.83112e-11
4.83112e-11
4.83112e-11
4.83112e-11
4.83112e-11
4.83112e-11
4.83112e-11
4.83112e-11
4.83112e-11
4.83112e-11
4.83112e-11
4.83112e-11
4.83112e-11
4.83112e-11
4.83112e-11
4.83112e-11
4.83112e-11
4.83112e-11
4.83112e-11
4.83112e-11
4.83112e-11
4.83112e-11
4.83112e-11
4.83112e-11
4.83112e-11
4.83112e-11
4.83112e-11
4.83112e-11
4.83112e-11
4.83112e-11
4.83112e-11
4.83112e-11
4.83112e-11
4.83112e-11
4.83112e-11
4.83112e-11
4.83112e-11
4.83112e-11
4.83112e-11
4.83112e-11
4.83112e-11
4.83112e-11
4.83112e-11
4.83112e-11
4.83112e-11
4.83112e-11
1.66988e-11
1.36223e-11
1.36223e-11
1.36223e-11
1.36223e-11
1.36223e-11
1.36223e-11
1.36223e-11
1.36223e-11
1.36223e-11
1.36223e-11
1.36223e-11
1.36223e-11
1.36223e-11
1.36223e-11
1.36223e-11
1.36223e-11
1.36223e-11
1.36223e-11
1.36223e-11
1.36223e-11
1.36223e-11
1.36223e-11
1.36223e-11
1.36223e-11
1.36223e-11
1.36223e-11
1.36223e-11
1.36223e-11
1.36223e-11
1.36223e-11
1.36223e-11
1.36223e-11
1.36223e-11
1.36223e-11
1.36223e-11
1.36223e-11
1.36223e-11
1.36223e-11
1.36223e-11
1.36223e-11
1.36223e-11
1.36223e-11
1.36223e-11
1.36223e-11
1.36223e-11
1.36223e-11
1.36223e-11
1.36223e-11
1.36223e-11
1.36223e-11
1.36223e-11
1.36223e-11
1.36223e-11
1.36223e-11
1.36223e-11
1.36223e-11
1.36223e-11
1.36223e-11
1.36223e-11
1.36223e-11
1.36223e-11
1.36223e-11
1.36223e-11
1.36223e-11
1.36223e-11
1.36223e-11
1.36223e-11
1.36223e-11
1.36223e-11
1.36223e-11
1.36223e-11
1.36223e-11
1.36223e-11
1.36223e-11
1.36223e-11
1.36223e-11
1.36223e-11
1.36223e-11
1.36223e-11
1.36223e-11
1.36223e-11
1.36223e-11
1.36223e-11
1.36223e-11
1.36223e-11
1.36223e-11
1.36223e-11
1.36223e-11
1.36223e-11
1.36223e-11
1.36223e-11
1.36223e-11
1.36223e-11
1.36223e-11
1.36223e-11
1.36223e-11
1.36223e-11
1.36223e-11
1.36223e-11
1.36223e-11
1.36223e-11
1.36223e-11
1.36223e-11
1.36223e-11
1.36223e-11
1.36223e-11
1.36223e-11
1.36223e-11
1.36223e-11
1.36223e-11
1.36223e-11
1.36223e-11
1.36223e-11
1.36223e-11
1.36223e-11
1.36223e-11
1.36223e-11
1.36223e-11
1.36223e-11
1.36223e-11
1.36223e-11
1.36223e-11
1.36223e-11
1.36223e-11
1.36223e-11
1.36223e-11
1.36223e-11
1.36223e-11
1.36223e-11
1.36223e-11
1.36223e-11
1.36223e-11
1.36223e-11
1.36223e-11
1.36223e-11
1.36223e-11
1.36223e-11
1.36223e-11
1.36223e-11
1.36223e-11
1.36223e-11
1.36223e-11
1.36223e-11
1.36223e-11
1.36223e-11
1.36223e-11
1.36223e-11
1.36223e-11
1.36223e-11
1.36223e-11
1.36223e-11
1.36223e-11
1.36223e-11
1.36223e-11
1.36223e-11
1.36223e-11
1.36223e-11
1.36223e-11
1.36223e-11
1.36223e-11
1.36223e-11
1.36223e-11
1.36223e-11
1.36223e-11
1.36223e-11
1.36223e-11
1.36223e-11
1.36223e-11
1.36223e-11
1.36223e-11
1.36223e-11
1.36223e-11
1.36223e-11
1.36223e-11
1.36223e-11
1.36223e-11
1.36223e-11
1.36223e-11
1.36223e-11
1.36223e-11
1.36223e-11
1.36223e-11
1.36223e-11
1.36223e-11
1.36223e-11
1.36223e-11
1.36223e-11
1.36223e-11
1.36223e-11
1.36223e-11
1.36223e-11
1.36223e-11
1.36223e-11
1.36223e-11
1.36223e-11
1.36223e-11
1.36223e-11
1.36223e-11
1.36223e-11
1.36223e-11
1.36223e-11
1.36223e-11
1.36223e-11
1.36223e-11
1.36223e-11
1.36223e-11
1.36223e-11
1.36223e-11
1.36223e-11
1.36223e-11
1.36223e-11
1.36223e-11
1.36223e-11
1.36223e-11
1.36223e-11
1.36223e-11
1.36223e-11
1.36223e-11
1.36223e-11
1.36223e-11
1.36223e-11
1.36223e-11
1.36223e-11
1.36223e-11
1.36223e-11
1.36223e-11
1.36223e-11
1.36223e-11
1.36223e-11
1.36223e-11
1.36223e-11
1.36223e-11
1.36223e-11
1.36223e-11
1.36223e-11
1.36223e-11
1.36223e-11
1.36223e-11
1.36223e-11
1.36223e-11
1.36223e-11
1.36223e-11
1.36223e-11
1.36223e-11
1.36223e-11
1.36223e-11
1.36223e-11
1.36223e-11
1.36223e-11
1.36223e-11
1.36223e-11
1.36223e-11
1.36223e-11
1.36223e-11
1.36223e-11
1.36223e-11
1.36223e-11
1.36223e-11
1.36223e-11
1.36223e-11
1.36223e-11
1.36223e-11
1.36223e-11
1.36223e-11
1.36223e-11
1.36223e-11
1.36223e-11
1.36223e-11
1.36223e-11
1.36223e-11
1.36223e-11
1.36223e-11
1.36223e-11
1.36223e-11
1.36223e-11
1.36223e-11
1.36223e-11
1.36223e-11
1.36223e-11
1.36223e-11
1.36223e-11
1.36223e-11
1.36223e-11
1.36223e-11
1.36223e-11
1.36223e-11
1.36223e-11
1.36223e-11
1.36223e-11
1.36223e-11
1.36223e-11
1.36223e-11
1.36223e-11
1.36223e-11
1.36223e-11
1.36223e-11
1.36223e-11
1.36223e-11
1.36223e-11
1.36223e-11
1.36223e-11
1.36223e-11
1.36223e-11
1.36223e-11
1.36223e-11
1.36223e-11
1.36223e-11
1.36223e-11
1.36223e-11
1.36223e-11
1.36223e-11
1.36223e-11
1.36223e-11
1.36223e-11
1.36223e-11
1.36223e-11
1.36223e-11
1.36223e-11
1.36223e-11
1.36223e-11
1.36223e-11
1.36223e-11
1.36223e-11
1.36223e-11
1.36223e-11
1.36223e-11
1.36223e-11
1.36223e-11
1.36223e-11
1.36223e-11
1.36223e-11
1.36223e-11
1.36223e-11
1.36223e-11
1.36223e-11
1.36223e-11
1.36223e-11
1.36223e-11
1.36223e-11
1.36223e-11
1.36223e-11
1.36223e-11
1.36223e-11
1.36223e-11
1.36223e-11
1.36223e-11
1.36223e-11
1.36223e-11
1.36223e-11
1.36223e-11
1.36223e-11
1.36223e-11
1.36223e-11
1.36223e-11
1.36223e-11
1.36223e-11
1.36223e-11
1.36223e-11
1.36223e-11
1.36223e-11
1.36223e-11
1.36223e-11
1.36223e-11
1.36223e-11
1.36223e-11
1.36223e-11
1.36223e-11
1.36223e-11
1.36223e-11
1.36223e-11
1.36223e-11
1.36223e-11
1.36223e-11
1.36223e-11
1.36223e-11
1.36223e-11
1.36223e-11
1.36223e-11
1.36223e-11
1.36223e-11
1.36223e-11
1.36223e-11
1.36223e-11
1.36223e-11
1.36223e-11
1.36223e-11
1.36223e-11
1.36223e-11
1.36223e-11
1.36223e-11
1.36223e-11
1.36223e-11
1.36223e-11
1.36223e-11
1.36223e-11
1.36223e-11
1.36223e-11
1.36223e-11
1.36223e-11
1.36223e-11
1.36223e-11
1.36223e-11
1.36223e-11
1.36223e-11
1.36223e-11
1.36223e-11
1.36223e-11
1.36223e-11
1.36223e-11
1.36223e-11
1.36223e-11
1.36223e-11
1.36223e-11
1.36223e-11
1.36223e-11
1.36223e-11
1.36223e-11
1.36223e-11
1.36223e-11
1.36223e-11
1.36223e-11
1.36223e-11
1.36223e-11
1.36223e-11
1.36223e-11
1.36223e-11
1.36223e-11
1.36223e-11
1.36223e-11
1.36223e-11
1.36223e-11
1.36223e-11
1.36223e-11
1.36223e-11
1.36223e-11
1.36223e-11
1.36223e-11
1.36223e-11
1.36223e-11
1.36223e-11
1.36223e-11
1.36223e-11
1.36223e-11
1.36223e-11
1.36223e-11
1.36223e-11
1.36223e-11
1.36223e-11
1.36223e-11
1.36223e-11
1.36223e-11
1.36223e-11
1.36223e-11
1.36223e-11
1.36223e-11
1.36223e-11
1.36223e-11
1.36223e-11
1.36223e-11
1.36223e-11
1.36223e-11
1.36223e-11
1.36223e-11
1.36223e-11
1.36223e-11
1.36223e-11
1.36223e-11
1.36223e-11
1.36223e-11
1.36223e-11
1.36223e-11
1.36223e-11
1.36223e-11
1.36223e-11
1.36223e-11
1.36223e-11
1.36223e-11
1.36223e-11
1.36223e-11
1.36223e-11
1.36223e-11
1.36223e-11
1.36223e-11
1.36223e-11
1.36223e-11
1.36223e-11
1.36223e-11
1.36223e-11
1.36223e-11
1.36223e-11
1.36223e-11
1.36223e-11
1.36223e-11
1.36223e-11
1.36223e-11
1.36223e-11
1.36223e-11
1.36223e-11
1.36223e-11
1.36223e-11
1.36223e-11
1.36223e-11
1.36223e-11
1.36223e-11
1.36223e-11
1.36223e-11
1.36223e-11
1.36223e-11
1.36223e-11
1.36223e-11
1.36223e-11
1.36223e-11
1.36223e-11
1.36223e-11
1.36223e-11
1.36223e-11
1.36223e-11
1.36223e-11
1.36223e-11
1.36223e-11
1.36223e-11
1.36223e-11
1.36223e-11
1.36223e-11
1.36223e-11
1.36223e-11
1.36223e-11
1.36223e-11
1.36223e-11
1.36223e-11
1.36223e-11
1.36223e-11
1.36223e-11
1.36223e-11
1.36223e-11
1.36223e-11
1.36223e-11
1.36223e-11
1.36223e-11
1.36223e-11
1.36223e-11
1.36223e-11
1.36223e-11
1.36223e-11
1.36223e-11
1.36223e-11
1.36223e-11
1.36223e-11
1.36223e-11
1.36223e-11
1.36223e-11
1.36223e-11
1.36223e-11
1.36223e-11
1.36223e-11
1.36223e-11
1.36223e-11
1.36223e-11
1.36223e-11
1.36223e-11
1.36223e-11
1.36223e-11
1.36223e-11
1.36223e-11
1.36223e-11
1.36223e-11
1.36223e-11
1.36223e-11
1.36223e-11
1.36223e-11
1.36223e-11
1.36223e-11
1.36223e-11
1.36223e-11
1.36223e-11
1.36223e-11
1.36223e-11
1.36223e-11
1.36223e-11
1.36223e-11
1.36223e-11
1.36223e-11
1.36223e-11
1.36223e-11
1.36223e-11
1.36223e-11
1.36223e-11
1.36223e-11
1.36223e-11
1.36223e-11
1.36223e-11
1.36223e-11
1.36223e-11
1.36223e-11
1.36223e-11
1.36223e-11
1.36223e-11
1.36223e-11
1.36223e-11
1.36223e-11
1.36223e-11
1.36223e-11
1.36223e-11
1.36223e-11
1.36223e-11
1.36223e-11
1.36223e-11
1.36223e-11
1.36223e-11
1.36223e-11
1.36223e-11
1.36223e-11
1.36223e-11
1.36223e-11
1.36223e-11
1.36223e-11
1.36223e-11
1.36223e-11
1.36223e-11
1.36223e-11
1.36223e-11
1.36223e-11
1.36223e-11
1.36223e-11
1.36223e-11
1.36223e-11
1.36223e-11
1.36223e-11
1.36223e-11
1.36223e-11
1.36223e-11
1.36223e-11
1.36223e-11
1.36223e-11
1.36223e-11
1.36223e-11
1.36223e-11
1.36223e-11
1.36223e-11
1.36223e-11
1.36223e-11
1.36223e-11
1.36223e-11
1.36223e-11
1.36223e-11
1.36223e-11
1.36223e-11
1.36223e-11
1.36223e-11
1.36223e-11
1.36223e-11
1.36223e-11
1.36223e-11
1.36223e-11
1.36223e-11
1.36223e-11
1.36223e-11
1.36223e-11
1.36223e-11
1.36223e-11
1.36223e-11
1.36223e-11
1.36223e-11
1.36223e-11
1.36223e-11
1.36223e-11
1.36223e-11
1.36223e-11
1.36223e-11
1.36223e-11
1.36223e-11
1.36223e-11
1.36223e-11
1.36223e-11
1.36223e-11
1.36223e-11
1.36223e-11
1.36223e-11
1.36223e-11
1.36223e-11
1.36223e-11
1.36223e-11
1.36223e-11
1.36223e-11
1.36223e-11
1.36223e-11
1.36223e-11
1.36223e-11
1.36223e-11
1.36223e-11
1.36223e-11
1.36223e-11
1.36223e-11
1.36223e-11
1.36223e-11
1.36223e-11
1.36223e-11
1.36223e-11
1.36223e-11
1.36223e-11
1.36223e-11
1.36223e-11
1.36223e-11
1.36223e-11
1.36223e-11
1.36223e-11
1.36223e-11
1.36223e-11
1.36223e-11
1.36223e-11
1.36223e-11
1.36223e-11
1.36223e-11
1.36223e-11
1.36223e-11
1.36223e-11
1.36223e-11
1.36223e-11
1.36223e-11
1.36223e-11
1.36223e-11
1.36223e-11
1.36223e-11
1.36223e-11
1.36223e-11
1.36223e-11
1.36223e-11
1.36223e-11
1.36223e-11
1.36223e-11
1.36223e-11
1.36223e-11
1.36223e-11
1.36223e-11
1.36223e-11
1.36223e-11
1.36223e-11
1.36223e-11
1.36223e-11
1.36223e-11
1.36223e-11
1.36223e-11
1.36223e-11
1.36223e-11
1.36223e-11
1.36223e-11
1.36223e-11
1.36223e-11
1.36223e-11
1.36223e-11
1.36223e-11
1.36223e-11
1.36223e-11
1.36223e-11
1.36223e-11
1.36223e-11
1.36223e-11
1.36223e-11
1.36223e-11
1.36223e-11
1.36223e-11
1.36223e-11
1.36223e-11
1.36223e-11
1.36223e-11
1.36223e-11
1.36223e-11
1.36223e-11
1.36223e-11
1.36223e-11
1.36223e-11
1.36223e-11
1.36223e-11
1.36223e-11
1.36223e-11
1.36223e-11
1.36223e-11
1.36223e-11
1.36223e-11
1.36223e-11
1.36223e-11
1.36223e-11
1.36223e-11
1.36223e-11
1.36223e-11
1.36223e-11
1.36223e-11
1.36223e-11
1.36223e-11
1.36223e-11
1.36223e-11
1.36223e-11
1.36223e-11
1.36223e-11
1.36223e-11
1.36223e-11
1.36223e-11
1.36223e-11
1.36223e-11
1.36223e-11
1.36223e-11
1.36223e-11
1.36223e-11
1.36223e-11
1.36223e-11
1.36223e-11
1.36223e-11
1.36223e-11
1.36223e-11
1.36223e-11
1.36223e-11
1.36223e-11
1.36223e-11
1.36223e-11
1.36223e-11
1.36223e-11
1.36223e-11
1.36223e-11
1.36223e-11
1.36223e-11
1.36223e-11
1.36223e-11
1.36223e-11
1.36223e-11
1.36223e-11
1.36223e-11
1.36223e-11
1.36223e-11
1.36223e-11
1.36223e-11
1.36223e-11
1.36223e-11
1.36223e-11
1.36223e-11
1.36223e-11
1.36223e-11
1.36223e-11
1.36223e-11
1.36223e-11
1.36223e-11
1.36223e-11
1.36223e-11
1.36223e-11
1.36223e-11
1.36223e-11
1.36223e-11
1.36223e-11
1.36223e-11
1.36223e-11
1.36223e-11
1.36223e-11
1.36223e-11
1.36223e-11
1.36223e-11
1.36223e-11
1.36223e-11
1.36223e-11
1.36223e-11
1.36223e-11
1.36223e-11
1.36223e-11
1.36223e-11
1.36223e-11
1.36223e-11
1.36223e-11
1.36223e-11
1.36223e-11
1.36223e-11
1.36223e-11
1.36223e-11
1.36223e-11
1.36223e-11
1.36223e-11
1.36223e-11
1.36223e-11
1.36223e-11
1.36223e-11
1.36223e-11
1.36223e-11
1.36223e-11
1.36223e-11
1.36223e-11
1.36223e-11
1.36223e-11
1.36223e-11
1.36223e-11
1.36223e-11
1.36223e-11
1.36223e-11
1.36223e-11
1.36223e-11
1.36223e-11
1.36223e-11
1.36223e-11
1.36223e-11
1.36223e-11
1.36223e-11
1.36223e-11
1.36223e-11
1.36223e-11
1.36223e-11
1.36223e-11
1.36223e-11
1.36223e-11
1.36223e-11
1.36223e-11
1.36223e-11
1.36223e-11
1.36223e-11
1.36223e-11
1.36223e-11
1.36223e-11
1.36223e-11
1.36223e-11
1.36223e-11
1.36223e-11
1.36223e-11
1.36223e-11
1.36223e-11
1.36223e-11
1.36223e-11
1.36223e-11
1.36223e-11
1.36223e-11
1.36223e-11
1.36223e-11
1.36223e-11
1.36223e-11
1.36223e-11
1.36223e-11
1.36223e-11
1.36223e-11
1.36223e-11
1.36223e-11
1.36223e-11
1.36223e-11
1.36223e-11
1.36223e-11
1.36223e-11
1.36223e-11
1.36223e-11
1.36223e-11
1.36223e-11
1.36223e-11
1.36223e-11
1.36223e-11
1.36223e-11
1.36223e-11
1.36223e-11
1.36223e-11
1.36223e-11
1.36223e-11
1.36223e-11
1.36223e-11
1.36223e-11
1.36223e-11
1.36223e-11
1.36223e-11
1.36223e-11
1.36223e-11
1.36223e-11
1.36223e-11
1.36223e-11
1.36223e-11
1.36223e-11
1.36223e-11
1.36223e-11
1.36223e-11
1.36223e-11
1.36223e-11
1.36223e-11
1.36223e-11
1.36223e-11
1.36223e-11
1.36223e-11
