1.57363e+06
98035.7
98035.7
1800.88
1800.88
1800.88
1800.88
1800.88
1800.88
1800.88
444.335
328.867
328.867
328.867
328.867
328.867
328.867
328.867
328.867
212.921
130.594
27.6479
27.4581
27.4581
27.4581
27.4581
27.4581
27.4581
27.4581
26.2968
26.2968
26.2968
22.334
22.334
22.334
18.2628
18.2628
18.2628
18.2628
18.2628
18.2628
18.2628
18.2628
18.2628
18.2628
18.2628
18.2628
18.2628
18.2628
18.2628
18.2628
18.2628
17.9596
17.9596
17.9596
15.1681
15.1681
15.1681
15.1681
15.1681
15.1681
15.1681
15.1681
12.5915
12.5915
12.5915
12.5915
12.5915
12.5915
12.5915
12.5915
12.5915
12.5915
12.5915
12.5915
12.5915
12.5915
12.5915
12.5915
12.5915
12.5915
12.5915
12.5915
12.5915
12.5915
12.5915
12.5915
12.5915
12.5915
12.5915
12.5915
12.5915
12.5915
12.5915
12.5915
12.5915
12.5915
12.5915
12.5915
12.5915
12.5915
12.5915
12.5915
12.5915
12.5915
12.5915
12.5915
12.5915
12.5915
12.5915
12.5915
12.5915
12.5915
12.5915
12.5915
12.5915
12.5915
12.5915
12.5915
12.5915
12.5915
12.5915
12.5915
12.5915
12.4909
10.5886
10.5886
10.5886
10.5886
10.5886
10.5886
10.5886
10.5886
10.5886
10.5886
10.5886
10.5886
10.5886
10.5886
10.5886
10.5886
10.5886
10.5886
10.5886
10.5886
10.5886
10.5886
10.5886
10.5886
10.5886
10.5886
10.5886
10.5886
10.5886
10.5886
10.5886
10.5886
10.5886
10.5886
10.5886
10.5886
10.5886
10.5886
10.5886
10.5886
10.5886
10.5886
10.5886
10.5886
10.5886
10.5886
10.5886
10.5886
10.5886
10.5886
10.5886
10.5886
10.5886
10.5886
10.5886
10.5886
10.5886
10.5886
10.5886
10.5886
10.5886
10.5886
10.5886
10.5886
10.5886
10.5886
10.5886
10.5886
10.5886
10.5886
10.5886
10.5886
10.5886
10.5886
10.5886
10.5886
10.5886
10.5886
10.5886
10.5886
10.5886
10.5886
10.5886
10.5886
10.5886
10.5886
10.5886
10.5886
10.5886
10.5886
10.5886
10.5886
10.5886
10.5886
10.5886
10.5886
10.5886
10.5886
10.5886
10.5886
10.5886
10.5886
10.5886
10.5886
10.5886
10.5886
10.5886
10.5886
10.5886
10.5886
10.5886
10.5886
10.5886
10.5886
10.5886
10.5886
10.5886
10.5886
10.5886
10.5886
10.5886
10.5886
10.5886
10.5886
10.5886
10.5886
10.5886
10.5886
10.5886
10.5886
10.5886
10.5886
10.5886
10.5886
10.5886
10.5886
10.5886
10.5886
10.5886
10.5886
10.5886
10.5886
10.5886
10.5886
10.5886
10.5886
10.5886
10.5886
10.5886
10.5886
10.5886
10.5886
9.80937
9.80937
9.80937
9.80937
9.80937
9.80937
3.67944
2.16172
2.16172
2.16172
2.16172
2.16172
2.16172
2.16172
2.16172
2.16172
2.16172
2.16172
2.16172
2.16172
2.16172
2.16172
1.31382
1.31382
0.933157
0.469391
0.382312
0.382312
0.382312
0.361064
0.361064
0.361064
0.361064
0.361064
0.361064
0.361064
0.361064
0.260026
0.220595
0.0917088
0.0693006
0.0656181
0.061982
0.0474813
0.0381144
0.0334307
0.0182583
0.0182583
0.0166238
0.00810032
0.00709506
0.00585708
0.00382913
0.00363822
0.00234645
0.00112128
0.000117546
3.49548e-05
2.19445e-05
1.19181e-05
1.19181e-05
1.19181e-05
1.19181e-05
1.19181e-05
1.19181e-05
1.19181e-05
1.19181e-05
1.19181e-05
1.19181e-05
1.19181e-05
1.19181e-05
1.19181e-05
1.19181e-05
1.19181e-05
1.19181e-05
1.19181e-05
1.19181e-05
1.19181e-05
1.19181e-05
1.19181e-05
1.19181e-05
8.00707e-06
4.63208e-06
3.11181e-06
1.82785e-06
1.82785e-06
1.72823e-06
1.20486e-06
7.11832e-07
3.36537e-07
1.05492e-07
7.36112e-08
7.36112e-08
7.36112e-08
7.36112e-08
5.55019e-08
4.74108e-08
4.74108e-08
4.74108e-08
4.55035e-08
4.55035e-08
4.55035e-08
4.55035e-08
4.55035e-08
4.55035e-08
4.55035e-08
4.55035e-08
4.55035e-08
4.55035e-08
4.55035e-08
4.55035e-08
4.55035e-08
4.55035e-08
4.55035e-08
4.55035e-08
4.55035e-08
4.55035e-08
4.55035e-08
4.55035e-08
4.55035e-08
4.55035e-08
4.55035e-08
4.55035e-08
4.55035e-08
4.55035e-08
4.55035e-08
4.55035e-08
4.55035e-08
4.55035e-08
4.55035e-08
4.55035e-08
4.55035e-08
4.55035e-08
4.55035e-08
4.55035e-08
4.55035e-08
4.55035e-08
4.55035e-08
4.55035e-08
4.55035e-08
4.55035e-08
4.55035e-08
4.55035e-08
4.55035e-08
4.55035e-08
4.55035e-08
4.55035e-08
4.55035e-08
4.55035e-08
4.55035e-08
4.55035e-08
4.55035e-08
4.55035e-08
4.55035e-08
4.55035e-08
4.55035e-08
4.55035e-08
4.55035e-08
4.55035e-08
4.55035e-08
4.55035e-08
4.55035e-08
4.55035e-08
4.55035e-08
4.55035e-08
4.55035e-08
4.55035e-08
4.55035e-08
4.55035e-08
4.55035e-08
4.55035e-08
4.55035e-08
4.55035e-08
4.55035e-08
4.55035e-08
4.55035e-08
4.55035e-08
4.55035e-08
4.55035e-08
4.55035e-08
4.55035e-08
4.55035e-08
4.55035e-08
4.55035e-08
4.55035e-08
4.55035e-08
4.55035e-08
4.55035e-08
4.55035e-08
4.55035e-08
4.55035e-08
4.55035e-08
4.55035e-08
4.55035e-08
4.55035e-08
4.55035e-08
4.55035e-08
4.55035e-08
4.55035e-08
4.55035e-08
4.55035e-08
4.55035e-08
4.55035e-08
4.55035e-08
4.55035e-08
4.55035e-08
4.55035e-08
4.55035e-08
4.55035e-08
4.55035e-08
4.55035e-08
4.55035e-08
4.55035e-08
4.55035e-08
4.55035e-08
4.55035e-08
4.55035e-08
4.55035e-08
4.55035e-08
4.55035e-08
4.55035e-08
4.55035e-08
4.55035e-08
4.55035e-08
4.55035e-08
4.55035e-08
4.55035e-08
4.55035e-08
4.55035e-08
4.55035e-08
4.55035e-08
4.55035e-08
4.55035e-08
4.55035e-08
4.55035e-08
4.55035e-08
4.55035e-08
4.55035e-08
4.55035e-08
4.55035e-08
4.55035e-08
4.55035e-08
4.55035e-08
4.55035e-08
4.55035e-08
4.55035e-08
4.55035e-08
4.55035e-08
4.55035e-08
4.55035e-08
4.55035e-08
4.55035e-08
4.55035e-08
4.55035e-08
4.55035e-08
4.55035e-08
4.55035e-08
4.55035e-08
4.55035e-08
4.55035e-08
4.55035e-08
4.55035e-08
4.55035e-08
4.55035e-08
4.55035e-08
4.55035e-08
4.55035e-08
4.55035e-08
4.55035e-08
4.55035e-08
4.55035e-08
4.55035e-08
4.55035e-08
4.55035e-08
4.55035e-08
4.55035e-08
4.55035e-08
4.55035e-08
4.55035e-08
4.55035e-08
4.55035e-08
4.55035e-08
4.55035e-08
4.55035e-08
4.55035e-08
4.55035e-08
4.55035e-08
4.55035e-08
4.55035e-08
4.55035e-08
4.55035e-08
4.55035e-08
4.55035e-08
4.55035e-08
4.55035e-08
4.55035e-08
4.55035e-08
4.55035e-08
4.55035e-08
4.55035e-08
4.55035e-08
4.55035e-08
4.55035e-08
4.55035e-08
4.55035e-08
4.55035e-08
4.55035e-08
4.55035e-08
4.55035e-08
4.55035e-08
4.55035e-08
4.55035e-08
4.55035e-08
4.55035e-08
4.55035e-08
4.55035e-08
4.55035e-08
4.55035e-08
4.55035e-08
4.55035e-08
4.55035e-08
4.55035e-08
4.55035e-08
4.55035e-08
4.55035e-08
4.55035e-08
4.55035e-08
4.55035e-08
4.55035e-08
4.55035e-08
4.55035e-08
4.55035e-08
4.55035e-08
4.55035e-08
4.55035e-08
4.55035e-08
4.55035e-08
4.55035e-08
4.55035e-08
4.55035e-08
4.55035e-08
4.55035e-08
4.55035e-08
4.55035e-08
4.55035e-08
4.55035e-08
4.55035e-08
4.55035e-08
4.55035e-08
4.55035e-08
2.80265e-08
2.80265e-08
2.80265e-08
2.63684e-08
2.63684e-08
1.5551e-08
1.5551e-08
6.00151e-09
5.66848e-09
4.99898e-09
4.70706e-09
2.03558e-09
1.97872e-09
1.02534e-09
1.02534e-09
1.02534e-09
1.02534e-09
1.02534e-09
1.02534e-09
1.02534e-09
1.02534e-09
1.02534e-09
1.02534e-09
1.02534e-09
1.02534e-09
1.02534e-09
1.02534e-09
1.02534e-09
1.02534e-09
1.02534e-09
1.02534e-09
1.02534e-09
1.02534e-09
1.02534e-09
1.02534e-09
1.02534e-09
1.02534e-09
1.02534e-09
1.02534e-09
1.02534e-09
1.02534e-09
1.02534e-09
1.02534e-09
1.02534e-09
1.02534e-09
1.02534e-09
1.02534e-09
1.02534e-09
1.02534e-09
1.02534e-09
1.02534e-09
1.02534e-09
1.02534e-09
1.02534e-09
1.02534e-09
1.02534e-09
1.02534e-09
1.02534e-09
1.02534e-09
1.02534e-09
1.02534e-09
1.02534e-09
1.02534e-09
1.02534e-09
1.02534e-09
1.02534e-09
1.02534e-09
1.02534e-09
1.02534e-09
1.02534e-09
1.02534e-09
1.02534e-09
1.02534e-09
1.02534e-09
1.02534e-09
1.02534e-09
1.02534e-09
1.02534e-09
1.02534e-09
1.02534e-09
1.02534e-09
1.02534e-09
1.02534e-09
1.02534e-09
1.02534e-09
1.02534e-09
1.02534e-09
1.02534e-09
1.02534e-09
1.02534e-09
1.02534e-09
1.02534e-09
1.02534e-09
1.02534e-09
1.02534e-09
1.02534e-09
1.02534e-09
1.02534e-09
1.02534e-09
1.02534e-09
1.02534e-09
1.02534e-09
1.02534e-09
1.02534e-09
1.02534e-09
1.02534e-09
1.02534e-09
1.02534e-09
1.02534e-09
1.02534e-09
1.02534e-09
1.02534e-09
1.02534e-09
1.02534e-09
1.02534e-09
1.02534e-09
1.02534e-09
1.02534e-09
1.02534e-09
1.02534e-09
1.02534e-09
1.02534e-09
1.02534e-09
1.02534e-09
1.02534e-09
1.02534e-09
1.02534e-09
1.02534e-09
1.02534e-09
1.02534e-09
1.02534e-09
1.02534e-09
1.02534e-09
1.02534e-09
1.02534e-09
1.02534e-09
1.02534e-09
1.02534e-09
1.02534e-09
1.02534e-09
1.02534e-09
1.02534e-09
1.02534e-09
1.02534e-09
1.02534e-09
1.02534e-09
1.02534e-09
1.02534e-09
1.02534e-09
1.02534e-09
1.02534e-09
1.02534e-09
1.02534e-09
1.02534e-09
1.02534e-09
1.02534e-09
1.02534e-09
1.02534e-09
1.02534e-09
1.02534e-09
1.02534e-09
1.02534e-09
1.02534e-09
1.02534e-09
1.02534e-09
1.02534e-09
1.02534e-09
1.02534e-09
1.02534e-09
1.02534e-09
1.02534e-09
1.02534e-09
1.02534e-09
1.02534e-09
1.02534e-09
1.02534e-09
1.02534e-09
1.02534e-09
1.02534e-09
1.02534e-09
1.02534e-09
1.02534e-09
1.02534e-09
1.02534e-09
1.02534e-09
1.02534e-09
1.02534e-09
1.02534e-09
1.02534e-09
1.02534e-09
1.02534e-09
1.02534e-09
1.02534e-09
1.02534e-09
1.02534e-09
1.02534e-09
1.02534e-09
1.02534e-09
1.02534e-09
1.02534e-09
1.02534e-09
1.02534e-09
1.02534e-09
1.02534e-09
1.02534e-09
1.02534e-09
1.02534e-09
1.02534e-09
1.02534e-09
1.02534e-09
1.02534e-09
1.02534e-09
1.02534e-09
1.02534e-09
1.02534e-09
1.02534e-09
1.02534e-09
1.02534e-09
1.02534e-09
1.02534e-09
1.02534e-09
1.02534e-09
1.02534e-09
1.02534e-09
1.02534e-09
1.02534e-09
1.02534e-09
1.02534e-09
1.02534e-09
1.02534e-09
1.02534e-09
1.02534e-09
1.02534e-09
1.02534e-09
1.02534e-09
1.02534e-09
1.02534e-09
1.02534e-09
1.02534e-09
1.02534e-09
1.02534e-09
1.02534e-09
1.02534e-09
1.02534e-09
1.02534e-09
1.02534e-09
1.02534e-09
1.02534e-09
1.02534e-09
1.02534e-09
1.02534e-09
1.02534e-09
1.02534e-09
1.02534e-09
1.02534e-09
1.02534e-09
1.02534e-09
1.02534e-09
1.02534e-09
1.02534e-09
1.02534e-09
1.02534e-09
1.02534e-09
1.02534e-09
1.02534e-09
1.02534e-09
1.02534e-09
1.02534e-09
1.02534e-09
1.02534e-09
1.02534e-09
1.02534e-09
1.02534e-09
1.02534e-09
1.02534e-09
1.02534e-09
1.02534e-09
1.02534e-09
1.02534e-09
1.02534e-09
1.02534e-09
1.02534e-09
1.02534e-09
1.02534e-09
1.02534e-09
1.02534e-09
1.02534e-09
1.02534e-09
1.02534e-09
1.02534e-09
1.02534e-09
1.02534e-09
1.02534e-09
1.02534e-09
1.02534e-09
1.02534e-09
1.02534e-09
1.02534e-09
1.02534e-09
1.02534e-09
1.02534e-09
1.02534e-09
1.02534e-09
1.02534e-09
1.02534e-09
1.02534e-09
1.02534e-09
1.02534e-09
1.02534e-09
1.02534e-09
1.02534e-09
1.02534e-09
1.02534e-09
1.02534e-09
1.02534e-09
1.02534e-09
1.02534e-09
1.02534e-09
1.02534e-09
1.02534e-09
1.02534e-09
1.02534e-09
1.02534e-09
1.02534e-09
1.02534e-09
1.02534e-09
1.02534e-09
1.02534e-09
1.02534e-09
1.02534e-09
1.02534e-09
1.02534e-09
1.02534e-09
1.02534e-09
1.02534e-09
1.02534e-09
1.02534e-09
1.02534e-09
1.02534e-09
1.02534e-09
1.02534e-09
1.02534e-09
1.02534e-09
1.02534e-09
1.02534e-09
1.02534e-09
1.02534e-09
1.02534e-09
1.02534e-09
1.02534e-09
1.02534e-09
1.02534e-09
1.02534e-09
1.02534e-09
1.02534e-09
1.02534e-09
1.02534e-09
1.02534e-09
1.02534e-09
1.02534e-09
1.02534e-09
1.02534e-09
1.02534e-09
1.02534e-09
1.02534e-09
1.02534e-09
1.02534e-09
1.02534e-09
1.02534e-09
1.02534e-09
1.02534e-09
1.02534e-09
1.02534e-09
1.02534e-09
1.02534e-09
1.02534e-09
1.02534e-09
1.02534e-09
1.02534e-09
1.02534e-09
1.02534e-09
1.02534e-09
1.02534e-09
1.02534e-09
1.02534e-09
1.02534e-09
1.02534e-09
1.02534e-09
1.02534e-09
1.02534e-09
1.02534e-09
1.02534e-09
1.02534e-09
1.02534e-09
1.02534e-09
1.02534e-09
1.02534e-09
1.02534e-09
1.02534e-09
1.02534e-09
1.02534e-09
1.02534e-09
1.02534e-09
1.02534e-09
1.02534e-09
1.02534e-09
1.02534e-09
1.02534e-09
1.02534e-09
1.02534e-09
1.02534e-09
1.02534e-09
1.02534e-09
1.02534e-09
1.02534e-09
1.02534e-09
1.02534e-09
1.02534e-09
1.02534e-09
1.02534e-09
1.02534e-09
1.02534e-09
1.02534e-09
1.02534e-09
1.02534e-09
1.02534e-09
1.02534e-09
1.02534e-09
1.02534e-09
1.02534e-09
1.02534e-09
1.02534e-09
1.02534e-09
1.02534e-09
1.02534e-09
1.02534e-09
1.02534e-09
1.02534e-09
1.02534e-09
1.02534e-09
1.02534e-09
1.02534e-09
1.02534e-09
1.02534e-09
1.02534e-09
1.02534e-09
1.02534e-09
1.02534e-09
1.02534e-09
1.02534e-09
1.02534e-09
1.02534e-09
1.02534e-09
1.02534e-09
1.02534e-09
1.02534e-09
1.02534e-09
1.02534e-09
1.02534e-09
1.02534e-09
1.02534e-09
1.02534e-09
1.02534e-09
1.02534e-09
1.02534e-09
1.02534e-09
1.02534e-09
1.02534e-09
1.02534e-09
1.02534e-09
1.02534e-09
1.02534e-09
1.02534e-09
1.02534e-09
1.02534e-09
1.02534e-09
1.02534e-09
1.02534e-09
1.02534e-09
1.02534e-09
1.02534e-09
1.02534e-09
1.02534e-09
1.02534e-09
1.02534e-09
1.02534e-09
1.02534e-09
1.02534e-09
1.02534e-09
1.02534e-09
1.02534e-09
1.02534e-09
1.02534e-09
1.02534e-09
1.02534e-09
1.02534e-09
1.02534e-09
1.02534e-09
1.02534e-09
1.02534e-09
1.02534e-09
1.02534e-09
1.02534e-09
1.02534e-09
1.02534e-09
1.02534e-09
1.02534e-09
1.02534e-09
1.02534e-09
1.02534e-09
1.02534e-09
1.02534e-09
1.02534e-09
1.02534e-09
1.02534e-09
1.02534e-09
1.02534e-09
1.02534e-09
1.02534e-09
1.02534e-09
1.02534e-09
1.02534e-09
1.02534e-09
1.02534e-09
1.02534e-09
1.02534e-09
1.02534e-09
1.02534e-09
1.02534e-09
1.02534e-09
1.02534e-09
1.02534e-09
1.02534e-09
1.02534e-09
1.02534e-09
1.02534e-09
1.02534e-09
1.02534e-09
1.02534e-09
1.02534e-09
1.02534e-09
1.02534e-09
1.02534e-09
1.02534e-09
1.02534e-09
1.02534e-09
1.02534e-09
1.02534e-09
1.02534e-09
1.02534e-09
1.02534e-09
1.02534e-09
1.02534e-09
1.02534e-09
1.02534e-09
1.02534e-09
1.02534e-09
1.02534e-09
1.02534e-09
1.02534e-09
1.02534e-09
1.02534e-09
1.02534e-09
1.02534e-09
1.02534e-09
1.02534e-09
1.02534e-09
1.02534e-09
1.02534e-09
1.02534e-09
1.02534e-09
1.02534e-09
1.02534e-09
1.02534e-09
1.02534e-09
1.02534e-09
1.02534e-09
1.02534e-09
1.02534e-09
1.02534e-09
1.02534e-09
1.02534e-09
1.02534e-09
1.02534e-09
1.02534e-09
1.02534e-09
1.02534e-09
1.02534e-09
1.02534e-09
1.02534e-09
1.02534e-09
1.02534e-09
1.02534e-09
1.02534e-09
1.02534e-09
1.02534e-09
1.02534e-09
1.02534e-09
1.02534e-09
1.02534e-09
1.02534e-09
1.02534e-09
1.02534e-09
1.02534e-09
1.02534e-09
1.02534e-09
1.02534e-09
1.02534e-09
1.02534e-09
1.02534e-09
1.02534e-09
1.02534e-09
1.02534e-09
1.02534e-09
1.02534e-09
1.02534e-09
1.02534e-09
1.02534e-09
1.02534e-09
1.02534e-09
1.02534e-09
1.02534e-09
1.02534e-09
1.02534e-09
1.02534e-09
1.02534e-09
1.02534e-09
1.02534e-09
1.02534e-09
1.02534e-09
1.02534e-09
1.02534e-09
1.02534e-09
1.02534e-09
1.02534e-09
1.02534e-09
1.02534e-09
1.02534e-09
1.02534e-09
1.02534e-09
1.02534e-09
1.02534e-09
1.02534e-09
1.02534e-09
1.02534e-09
1.02534e-09
1.02534e-09
1.02534e-09
1.02534e-09
1.02534e-09
1.02534e-09
1.02534e-09
1.02534e-09
1.02534e-09
1.02534e-09
1.02534e-09
1.02534e-09
1.02534e-09
1.02534e-09
1.02534e-09
1.02534e-09
1.02534e-09
1.02534e-09
1.02534e-09
1.02534e-09
1.02534e-09
1.02534e-09
1.02534e-09
1.02534e-09
1.02534e-09
1.02534e-09
1.02534e-09
1.02534e-09
1.02534e-09
1.02534e-09
1.02534e-09
1.02534e-09
1.02534e-09
1.02534e-09
1.02534e-09
1.02534e-09
1.02534e-09
1.02534e-09
1.02534e-09
1.02534e-09
1.02534e-09
1.02534e-09
1.02534e-09
1.02534e-09
1.02534e-09
1.02534e-09
1.02534e-09
1.02534e-09
1.02534e-09
1.02534e-09
1.02534e-09
1.02534e-09
1.02534e-09
1.02534e-09
1.02534e-09
1.02534e-09
1.02534e-09
1.02534e-09
1.02534e-09
1.02534e-09
1.02534e-09
1.02534e-09
1.02534e-09
1.02534e-09
1.02534e-09
1.02534e-09
1.02534e-09
1.02534e-09
1.02534e-09
1.02534e-09
1.02534e-09
1.02534e-09
1.02534e-09
1.02534e-09
1.02534e-09
1.02534e-09
1.02534e-09
1.02534e-09
1.02534e-09
1.02534e-09
1.02534e-09
1.02534e-09
1.02534e-09
1.02534e-09
1.02534e-09
1.02534e-09
1.02534e-09
1.02534e-09
1.02534e-09
1.02534e-09
1.02534e-09
1.02534e-09
1.02534e-09
1.02534e-09
1.02534e-09
1.02534e-09
1.02534e-09
1.02534e-09
1.02534e-09
1.02534e-09
1.02534e-09
1.02534e-09
1.02534e-09
1.02534e-09
1.02534e-09
1.02534e-09
1.02534e-09
1.02534e-09
1.02534e-09
1.02534e-09
1.02534e-09
1.02534e-09
1.02534e-09
1.02534e-09
1.02534e-09
1.02534e-09
1.02534e-09
1.02534e-09
1.02534e-09
1.02534e-09
1.02534e-09
1.02534e-09
1.02534e-09
1.02534e-09
1.02534e-09
1.02534e-09
1.02534e-09
1.02534e-09
1.02534e-09
1.02534e-09
1.02534e-09
1.02534e-09
1.02534e-09
1.02534e-09
1.02534e-09
1.02534e-09
1.02534e-09
1.02534e-09
1.02534e-09
1.02534e-09
1.02534e-09
1.02534e-09
1.02534e-09
1.02534e-09
1.02534e-09
1.02534e-09
1.02534e-09
1.02534e-09
1.02534e-09
1.02534e-09
1.02534e-09
1.02534e-09
1.02534e-09
1.02534e-09
1.02534e-09
1.02534e-09
1.02534e-09
1.02534e-09
1.02534e-09
1.02534e-09
1.02534e-09
1.02534e-09
1.02534e-09
1.02534e-09
1.02534e-09
1.02534e-09
1.02534e-09
1.02534e-09
1.02534e-09
1.02534e-09
1.02534e-09
1.02534e-09
1.02534e-09
1.02534e-09
1.02534e-09
1.02534e-09
1.02534e-09
1.02534e-09
1.02534e-09
1.02534e-09
1.02534e-09
1.02534e-09
1.02534e-09
1.02534e-09
1.02534e-09
1.02534e-09
1.02534e-09
1.02534e-09
1.02534e-09
1.02534e-09
1.02534e-09
1.02534e-09
1.02534e-09
1.02534e-09
1.02534e-09
1.02534e-09
1.02534e-09
1.02534e-09
1.02534e-09
1.02534e-09
1.02534e-09
1.02534e-09
1.02534e-09
1.02534e-09
1.02534e-09
1.02534e-09
1.02534e-09
1.02534e-09
1.02534e-09
1.02534e-09
1.02534e-09
1.02534e-09
1.02534e-09
1.02534e-09
1.02534e-09
1.02534e-09
1.02534e-09
1.02534e-09
1.02534e-09
1.02534e-09
1.02534e-09
1.02534e-09
1.02534e-09
1.02534e-09
1.02534e-09
1.02534e-09
1.02534e-09
1.02534e-09
1.02534e-09
1.02534e-09
1.02534e-09
1.02534e-09
1.02534e-09
1.02534e-09
1.02534e-09
1.02534e-09
1.02534e-09
1.02534e-09
1.02534e-09
1.02534e-09
1.02534e-09
1.02534e-09
1.02534e-09
1.02534e-09
1.02534e-09
1.02534e-09
1.02534e-09
1.02534e-09
1.02534e-09
1.02534e-09
1.02534e-09
1.02534e-09
1.02534e-09
1.02534e-09
1.02534e-09
1.02534e-09
1.02534e-09
1.02534e-09
1.02534e-09
1.02534e-09
1.02534e-09
1.02534e-09
1.02534e-09
1.02534e-09
1.02534e-09
1.02534e-09
1.02534e-09
1.02534e-09
1.02534e-09
1.02534e-09
1.02534e-09
1.02534e-09
1.02534e-09
1.02534e-09
1.02534e-09
1.02534e-09
1.02534e-09
1.02534e-09
1.02534e-09
1.02534e-09
1.02534e-09
1.02534e-09
1.02534e-09
1.02534e-09
1.02534e-09
1.02534e-09
1.02534e-09
1.02534e-09
1.02534e-09
1.02534e-09
1.02534e-09
1.02534e-09
1.02534e-09
1.02534e-09
1.02534e-09
1.02534e-09
1.02534e-09
1.02534e-09
1.02534e-09
1.02534e-09
1.02534e-09
1.02534e-09
1.02534e-09
1.02534e-09
1.02534e-09
1.02534e-09
1.02534e-09
1.02534e-09
1.02534e-09
1.02534e-09
1.02534e-09
1.02534e-09
1.02534e-09
1.02534e-09
1.02534e-09
1.02534e-09
1.02534e-09
1.02534e-09
1.02534e-09
1.02534e-09
1.02534e-09
1.02534e-09
1.02534e-09
1.02534e-09
1.02534e-09
1.02534e-09
1.02534e-09
1.02534e-09
1.02534e-09
1.02534e-09
1.02534e-09
1.02534e-09
1.02534e-09
1.02534e-09
1.02534e-09
1.02534e-09
1.02534e-09
1.02534e-09
1.02534e-09
1.02534e-09
1.02534e-09
1.02534e-09
1.02534e-09
1.02534e-09
1.02534e-09
1.02534e-09
1.02534e-09
1.02534e-09
1.02534e-09
1.02534e-09
1.02534e-09
1.02534e-09
1.02534e-09
1.02534e-09
1.02534e-09
1.02534e-09
1.02534e-09
1.02534e-09
1.02534e-09
1.02534e-09
1.02534e-09
1.02534e-09
1.02534e-09
1.02534e-09
1.02534e-09
1.02534e-09
1.02534e-09
1.02534e-09
1.02534e-09
1.02534e-09
1.02534e-09
1.02534e-09
1.02534e-09
1.02534e-09
1.02534e-09
1.02534e-09
1.02534e-09
1.02534e-09
1.02534e-09
1.02534e-09
1.02534e-09
1.02534e-09
1.02534e-09
1.02534e-09
1.02534e-09
1.02534e-09
1.02534e-09
1.02534e-09
1.02534e-09
1.02534e-09
1.02534e-09
1.02534e-09
1.02534e-09
1.02534e-09
1.02534e-09
1.02534e-09
1.02534e-09
1.02534e-09
1.02534e-09
1.02534e-09
1.02534e-09
1.02534e-09
1.02534e-09
1.02534e-09
1.02534e-09
1.02534e-09
1.02534e-09
1.02534e-09
1.02534e-09
1.02534e-09
1.02534e-09
1.02534e-09
1.02534e-09
1.02534e-09
1.02534e-09
1.02534e-09
1.02534e-09
1.02534e-09
1.02534e-09
1.02534e-09
1.02534e-09
1.02534e-09
1.02534e-09
1.02534e-09
1.02534e-09
1.02534e-09
1.02534e-09
1.02534e-09
1.02534e-09
1.02534e-09
1.02534e-09
1.02534e-09
1.02534e-09
1.02534e-09
1.02534e-09
1.02534e-09
1.02534e-09
1.02534e-09
1.02534e-09
1.02534e-09
1.02534e-09
1.02534e-09
1.02534e-09
1.02534e-09
1.02534e-09
1.02534e-09
1.02534e-09
1.02534e-09
1.02534e-09
1.02534e-09
1.02534e-09
1.02534e-09
1.02534e-09
1.02534e-09
1.02534e-09
1.02534e-09
1.02534e-09
1.02534e-09
1.02534e-09
1.02534e-09
1.02534e-09
1.02534e-09
1.02534e-09
1.02534e-09
1.02534e-09
1.02534e-09
1.02534e-09
1.02534e-09
1.02534e-09
1.02534e-09
1.02534e-09
1.02534e-09
1.02534e-09
1.02534e-09
1.02534e-09
1.02534e-09
1.02534e-09
1.02534e-09
1.02534e-09
1.02534e-09
1.02534e-09
1.02534e-09
1.02534e-09
1.02534e-09
1.02534e-09
1.02534e-09
1.02534e-09
1.02534e-09
1.02534e-09
1.02534e-09
1.02534e-09
1.02534e-09
1.02534e-09
1.02534e-09
1.02534e-09
1.02534e-09
1.02534e-09
1.02534e-09
1.02534e-09
1.02534e-09
1.02534e-09
1.02534e-09
1.02534e-09
1.02534e-09
1.02534e-09
1.02534e-09
1.02534e-09
1.02534e-09
1.02534e-09
1.02534e-09
1.02534e-09
1.02534e-09
1.02534e-09
1.02534e-09
1.02534e-09
1.02534e-09
1.02534e-09
1.02534e-09
1.02534e-09
1.02534e-09
1.02534e-09
1.02534e-09
1.02534e-09
1.02534e-09
1.02534e-09
1.02534e-09
1.02534e-09
1.02534e-09
1.02534e-09
1.02534e-09
1.02534e-09
1.02534e-09
1.02534e-09
1.02534e-09
1.02534e-09
1.02534e-09
1.02534e-09
1.02534e-09
1.02534e-09
1.02534e-09
1.02534e-09
1.02534e-09
1.02534e-09
1.02534e-09
1.02534e-09
1.02534e-09
1.02534e-09
1.02534e-09
1.02534e-09
1.02534e-09
1.02534e-09
1.02534e-09
1.02534e-09
1.02534e-09
1.02534e-09
1.02534e-09
1.02534e-09
1.02534e-09
1.02534e-09
1.02534e-09
1.02534e-09
1.02534e-09
1.02534e-09
1.02534e-09
1.02534e-09
1.02534e-09
1.02534e-09
1.02534e-09
1.02534e-09
1.02534e-09
1.02534e-09
1.02534e-09
1.02534e-09
1.02534e-09
1.02534e-09
1.02534e-09
1.02534e-09
1.02534e-09
1.02534e-09
1.02534e-09
1.02534e-09
1.02534e-09
1.02534e-09
1.02534e-09
1.02534e-09
1.02534e-09
1.02534e-09
1.02534e-09
1.02534e-09
1.02534e-09
1.02534e-09
1.02534e-09
1.02534e-09
1.02534e-09
1.02534e-09
1.02534e-09
1.02534e-09
1.02534e-09
1.02534e-09
1.02534e-09
1.02534e-09
1.02534e-09
1.02534e-09
1.02534e-09
1.02534e-09
1.02534e-09
1.02534e-09
1.02534e-09
1.02534e-09
1.02534e-09
1.02534e-09
1.02534e-09
1.02534e-09
1.02534e-09
1.02534e-09
1.02534e-09
1.02534e-09
1.02534e-09
1.02534e-09
1.02534e-09
1.02534e-09
1.02534e-09
1.02534e-09
1.02534e-09
1.02534e-09
1.02534e-09
1.02534e-09
1.02534e-09
1.02534e-09
1.02534e-09
1.02534e-09
1.02534e-09
1.02534e-09
1.02534e-09
1.02534e-09
1.02534e-09
1.02534e-09
1.02534e-09
1.02534e-09
1.02534e-09
1.02534e-09
1.02534e-09
1.02534e-09
1.02534e-09
1.02534e-09
1.02534e-09
1.02534e-09
1.02534e-09
1.02534e-09
1.02534e-09
1.02534e-09
1.02534e-09
1.02534e-09
1.02534e-09
1.02534e-09
1.02534e-09
1.02534e-09
1.02534e-09
1.02534e-09
1.02534e-09
1.02534e-09
1.02534e-09
1.02534e-09
1.02534e-09
1.02534e-09
1.02534e-09
1.02534e-09
1.02534e-09
1.02534e-09
1.02534e-09
1.02534e-09
1.02534e-09
1.02534e-09
1.02534e-09
1.02534e-09
1.02534e-09
1.02534e-09
1.02534e-09
1.02534e-09
1.02534e-09
1.02534e-09
1.02534e-09
1.02534e-09
1.02534e-09
1.02534e-09
1.02534e-09
1.02534e-09
1.02534e-09
1.02534e-09
1.02534e-09
1.02534e-09
1.02534e-09
1.02534e-09
1.02534e-09
1.02534e-09
1.02534e-09
1.02534e-09
1.02534e-09
1.02534e-09
1.02534e-09
1.02534e-09
1.02534e-09
1.02534e-09
1.02534e-09
1.02534e-09
1.02534e-09
1.02534e-09
1.02534e-09
1.02534e-09
1.02534e-09
1.02534e-09
1.02534e-09
1.02534e-09
1.02534e-09
1.02534e-09
1.02534e-09
1.02534e-09
1.02534e-09
1.02534e-09
1.02534e-09
1.02534e-09
1.02534e-09
1.02534e-09
1.02534e-09
1.02534e-09
1.02534e-09
1.02534e-09
1.02534e-09
1.02534e-09
1.02534e-09
1.02534e-09
1.02534e-09
1.02534e-09
1.02534e-09
1.02534e-09
1.02534e-09
1.02534e-09
1.02534e-09
1.02534e-09
1.02534e-09
1.02534e-09
1.02534e-09
1.02534e-09
1.02534e-09
1.02534e-09
1.02534e-09
1.02534e-09
1.02534e-09
1.02534e-09
1.02534e-09
1.02534e-09
1.02534e-09
1.02534e-09
1.02534e-09
1.02534e-09
1.02534e-09
1.02534e-09
1.02534e-09
1.02534e-09
1.02534e-09
1.02534e-09
1.02534e-09
1.02534e-09
1.02534e-09
1.02534e-09
1.02534e-09
1.02534e-09
1.02534e-09
1.02534e-09
1.02534e-09
1.02534e-09
1.02534e-09
1.02534e-09
1.02534e-09
1.02534e-09
1.02534e-09
1.02534e-09
1.02534e-09
1.02534e-09
1.02534e-09
1.02534e-09
1.02534e-09
1.02534e-09
1.02534e-09
1.02534e-09
1.02534e-09
1.02534e-09
1.02534e-09
1.02534e-09
1.02534e-09
1.02534e-09
1.02534e-09
1.02534e-09
1.02534e-09
1.02534e-09
1.02534e-09
1.02534e-09
1.02534e-09
1.02534e-09
1.02534e-09
1.02534e-09
1.02534e-09
1.02534e-09
1.02534e-09
1.02534e-09
1.02534e-09
1.02534e-09
1.02534e-09
1.02534e-09
1.02534e-09
1.02534e-09
1.02534e-09
1.02534e-09
1.02534e-09
1.02534e-09
1.02534e-09
1.02534e-09
1.02534e-09
1.02534e-09
1.02534e-09
1.02534e-09
1.02534e-09
1.02534e-09
1.02534e-09
1.02534e-09
1.02534e-09
1.02534e-09
1.02534e-09
1.02534e-09
1.02534e-09
1.02534e-09
1.02534e-09
1.02534e-09
1.02534e-09
1.02534e-09
1.02534e-09
1.02534e-09
1.02534e-09
1.02534e-09
1.02534e-09
1.02534e-09
1.02534e-09
1.02534e-09
1.02534e-09
1.02534e-09
1.02534e-09
1.02534e-09
1.02534e-09
1.02534e-09
1.02534e-09
1.02534e-09
1.02534e-09
1.02534e-09
1.02534e-09
1.02534e-09
1.02534e-09
1.02534e-09
1.02534e-09
1.02534e-09
1.02534e-09
1.02534e-09
1.02534e-09
1.02534e-09
1.02534e-09
1.02534e-09
1.02534e-09
1.02534e-09
1.02534e-09
1.02534e-09
1.02534e-09
1.02534e-09
1.02534e-09
1.02534e-09
1.02534e-09
1.02534e-09
1.02534e-09
1.02534e-09
1.02534e-09
1.02534e-09
1.02534e-09
1.02534e-09
1.02534e-09
1.02534e-09
1.02534e-09
1.02534e-09
1.02534e-09
1.02534e-09
1.02534e-09
1.02534e-09
1.02534e-09
1.02534e-09
1.02534e-09
1.02534e-09
1.02534e-09
1.02534e-09
1.02534e-09
1.02534e-09
1.02534e-09
1.02534e-09
1.02534e-09
1.02534e-09
1.02534e-09
1.02534e-09
1.02534e-09
1.02534e-09
1.02534e-09
1.02534e-09
1.02534e-09
1.02534e-09
1.02534e-09
1.02534e-09
1.02534e-09
1.02534e-09
1.02534e-09
1.02534e-09
1.02534e-09
1.02534e-09
1.02534e-09
1.02534e-09
1.02534e-09
1.02534e-09
1.02534e-09
1.02534e-09
1.02534e-09
1.02534e-09
1.02534e-09
1.02534e-09
1.02534e-09
1.02534e-09
1.02534e-09
1.02534e-09
1.02534e-09
1.02534e-09
1.02534e-09
1.02534e-09
1.02534e-09
1.02534e-09
1.02534e-09
1.02534e-09
1.02534e-09
1.02534e-09
1.02534e-09
1.02534e-09
1.02534e-09
1.02534e-09
1.02534e-09
1.02534e-09
1.02534e-09
1.02534e-09
1.02534e-09
1.02534e-09
1.02534e-09
1.02534e-09
1.02534e-09
1.02534e-09
1.02534e-09
1.02534e-09
1.02534e-09
1.02534e-09
1.02534e-09
1.02534e-09
1.02534e-09
1.02534e-09
1.02534e-09
1.02534e-09
1.02534e-09
1.02534e-09
