2.46286e+08
4.30158e+07
1.63435e+07
2.11379e+06
31183.5
31183.5
31183.5
31183.5
31183.5
31183.5
31183.5
31183.5
31183.5
442.75
442.75
442.75
442.75
442.75
442.75
442.75
442.75
442.75
442.75
442.75
442.75
442.75
442.75
369.447
116.24
116.24
28.0469
28.0469
28.0469
28.0469
28.0469
28.0469
28.0469
28.0469
21.5879
21.5879
20.9283
20.9283
20.9283
20.9283
20.9283
20.9283
20.9283
20.9283
20.9283
20.9283
20.9283
19.1275
19.1275
19.1275
19.1275
18.2766
18.2766
16.8795
16.8795
15.1455
15.1455
15.1455
15.1455
15.1455
15.1455
15.1455
15.1455
15.1455
15.1455
15.1455
15.1455
15.1455
15.1455
15.1455
15.1455
15.1455
15.1455
15.1455
15.1455
15.1455
15.1455
15.1455
15.1455
15.1455
15.1455
15.1455
15.1455
15.1455
15.1455
15.1455
15.1455
15.1455
15.1455
15.1455
15.1455
15.1455
15.1455
15.1455
15.1455
15.1455
15.1455
15.1455
11.5597
11.5597
11.5597
11.5597
11.5597
11.5597
11.5597
11.5597
11.5597
11.5597
11.5597
11.5597
11.5597
11.5597
11.5597
11.5597
11.5597
11.5597
11.5597
11.5597
11.5597
11.5597
11.5597
11.5597
11.5597
11.5597
11.5597
11.5597
11.5597
11.5597
11.5597
11.5597
11.5597
11.5597
11.5597
11.5597
11.5597
11.5597
11.5597
11.5597
11.5597
11.5597
11.5597
11.5597
11.5597
11.5597
11.5597
11.5597
11.5597
11.5597
11.5597
11.5597
11.5597
11.5597
11.5597
11.5597
11.5597
11.5597
11.5597
11.5597
11.5597
11.5597
11.5597
11.5597
11.5597
11.5597
11.5597
11.5597
11.5597
11.5597
11.5597
11.5597
11.5597
11.5597
11.5597
11.5597
11.5597
11.5597
11.5597
11.5597
11.5597
11.5597
11.5597
11.5597
11.5597
11.5597
11.5597
11.5597
11.5597
11.5597
11.5597
11.5597
11.5597
11.5597
11.5597
11.5597
11.5597
11.5597
11.5597
11.5597
11.5597
11.5597
11.5597
11.5597
11.5597
11.5597
11.5597
11.5597
11.5597
11.5597
11.5597
11.5597
11.5597
11.5597
11.5597
11.5597
11.5597
11.5597
11.5597
11.5597
11.5597
11.5597
11.5597
11.5597
11.5597
11.5597
11.5597
11.5597
11.5597
11.5597
11.5597
11.5597
11.5597
11.5597
11.5597
11.5597
11.5597
11.5597
11.5597
11.5597
11.5597
11.5597
11.5597
11.5597
11.5597
11.5597
11.5597
11.5597
11.5597
11.5597
11.5597
11.5597
11.5597
11.5597
11.5597
11.5597
11.5597
11.5597
11.5597
11.5597
11.5597
11.5597
11.5597
10.8869
10.8869
10.8869
7.20585
7.20585
7.20585
7.20585
7.20585
7.20585
7.20585
7.20585
7.20585
7.20585
7.20585
7.20585
7.20585
7.20585
7.20585
7.20585
7.20585
7.20585
7.20585
7.20585
7.20585
7.20585
7.20585
7.20585
7.20585
7.20585
7.20585
7.20585
7.20585
7.20585
7.20585
7.20585
7.20585
7.20585
7.20585
7.20585
7.20585
7.20585
7.20585
7.20585
7.20585
7.20585
7.20585
7.20585
7.20585
7.20585
7.20585
7.20585
7.20585
7.20585
7.20585
7.20585
7.20585
7.20585
7.20585
7.20585
7.20585
7.20585
7.20585
7.20585
7.20585
7.20585
7.20585
7.20585
7.20585
7.20585
7.20585
7.20585
7.20585
7.20585
7.20585
7.20585
7.20585
7.20585
7.20585
7.20585
7.20585
7.20585
7.20585
7.20585
7.20585
7.20585
7.20585
7.20585
7.20585
7.20585
7.20585
7.20585
7.20585
7.20585
7.20585
7.20585
7.20585
7.20585
7.20585
7.20585
7.20585
7.20585
7.20585
7.20585
7.20585
7.20585
7.20585
7.20585
7.20585
7.20585
7.20585
7.20585
7.20585
7.20585
7.20585
7.20585
7.20585
7.20585
7.20585
7.20585
7.20585
7.20585
7.20585
7.20585
7.20585
7.20585
7.20585
7.20585
7.20585
7.20585
7.20585
7.20585
7.20585
7.20585
7.20585
7.20585
7.20585
7.20585
7.20585
7.20585
7.20585
7.20585
7.20585
7.20585
7.20585
7.20585
7.20585
7.20585
7.20585
7.20585
7.20585
7.20585
7.20585
7.20585
7.20585
7.20585
7.20585
7.20585
7.20585
7.20585
7.20585
7.20585
7.20585
7.20585
7.20585
7.20585
7.20585
7.15827
7.15827
7.15827
7.15827
7.15827
7.15827
7.15827
7.15827
7.15827
3.4603
3.4603
3.4603
3.4603
3.4603
3.4603
3.4603
3.4603
3.4603
3.4603
3.4603
3.4603
3.4603
3.4603
3.4603
3.4603
3.4603
3.4603
3.4603
3.4603
3.4603
3.4603
3.4603
3.4603
3.4603
3.4603
3.4603
3.4603
3.4603
3.4603
3.4603
3.4603
3.4603
3.4603
3.4603
3.4603
3.4603
3.4603
3.4603
3.4603
3.4603
3.4603
3.4603
3.4603
3.4603
3.4603
3.4603
3.4603
3.4603
3.4603
3.4603
3.4603
3.4603
3.4603
3.4603
3.4603
3.4603
3.4603
3.4603
3.4603
3.4603
3.4603
3.4603
3.4603
3.4603
3.4603
3.4603
3.4603
3.4603
3.4603
3.4603
3.4603
3.4603
3.4603
3.4603
3.4603
3.4603
3.4603
3.4603
3.4603
3.4603
3.4603
3.4603
3.4603
3.4603
3.4603
3.4603
3.4603
3.4603
3.4603
3.4603
3.4603
3.4603
3.4603
3.4603
3.4603
3.4603
3.4603
3.4603
3.4603
3.4603
3.4603
3.4603
3.4603
3.4603
3.4603
3.4603
3.4603
3.4603
3.4603
3.4603
3.4603
3.4603
3.4603
3.4603
3.4603
3.4603
3.4603
3.4603
3.4603
3.4603
3.4603
3.4603
3.4603
3.4603
3.4603
3.4603
3.4603
3.4603
3.4603
3.4603
3.4603
3.4603
3.4603
3.4603
3.4603
3.4603
3.4603
3.4603
3.4603
3.4603
3.4603
3.4603
3.4603
3.4603
3.4603
3.4603
3.4603
3.4603
3.4603
3.4603
3.4603
3.4603
3.4603
3.4603
3.4603
3.4603
3.4603
3.4603
3.4603
3.4603
3.4603
3.4603
3.4603
3.4603
3.4603
3.4603
3.4603
3.4603
3.4603
3.4603
3.4603
3.4603
3.4603
3.4603
3.4603
3.4603
3.4603
3.4603
3.4603
3.4603
3.4603
3.4603
3.4603
3.4603
3.4603
3.4603
3.4603
3.4603
3.4603
3.4603
3.4603
3.4603
3.4603
3.4603
3.4603
3.4603
3.4603
3.4603
3.4603
3.4603
3.4603
3.4603
3.4603
3.4603
3.4603
3.4603
3.4603
3.4603
3.4603
3.4603
3.4603
3.4603
3.4603
3.4603
3.4603
3.4603
3.4603
3.4603
3.4603
3.4603
3.4603
3.4603
3.4603
3.4603
3.4603
3.4603
3.4603
3.4603
3.4603
3.4603
3.4603
3.4603
3.4603
3.4603
3.4603
2.8615
2.8615
2.8615
2.8615
2.8615
2.8615
2.8615
2.8615
2.8615
2.8615
2.8615
2.8615
2.8615
2.8615
2.8615
2.8615
2.8615
2.8615
2.8615
2.8615
2.8615
2.83188
2.83188
2.60859
2.60859
2.60859
2.60859
2.60859
2.60859
2.60859
2.60859
2.60859
2.60859
2.60859
2.58789
2.50413
2.49757
2.44768
2.44768
2.40086
2.36804
2.36104
2.33108
2.32453
2.32453
2.30284
2.28129
2.27187
2.25698
2.25112
2.24236
2.22383
2.2094
2.20768
2.20555
2.20179
2.19435
2.19058
2.19058
2.19058
2.19058
2.19043
2.18385
2.17883
2.17461
2.17004
2.16688
2.1646
2.16331
2.16145
2.15834
2.15464
2.15109
2.14818
2.14346
2.14018
2.13781
2.13598
2.13256
2.13179
2.12746
2.1239
2.12143
2.1185
2.1185
2.1185
2.1185
2.1185
2.1185
2.1185
2.1185
2.1185
2.1185
2.1185
2.1185
2.1185
2.1185
2.1185
2.1185
2.1185
2.1185
2.1185
2.1185
2.1185
2.1185
2.1185
2.1185
2.1185
2.1185
2.1185
2.1185
2.1185
2.1185
2.1185
2.1185
2.1185
2.1185
2.1185
2.1185
2.1185
2.1185
2.1185
2.1185
2.1185
2.1185
2.1185
2.1185
2.1185
2.1185
2.1185
2.1185
2.1185
2.1185
2.1185
2.1185
2.1185
2.1185
2.1185
2.1185
2.1185
2.1185
2.1185
2.1185
2.1185
2.1185
2.1185
2.1185
2.1185
2.1185
2.1185
2.1185
2.1185
2.1185
2.1185
2.1185
2.1185
2.1185
2.1185
2.1185
2.1185
2.1185
2.1185
2.1185
2.1185
2.1185
2.1185
2.1185
2.1185
2.1185
2.1185
2.1185
2.1185
2.1185
2.1185
2.1185
2.1185
2.1185
2.1185
2.1185
2.1185
2.1185
2.1185
2.1185
2.1185
2.1185
2.1185
2.1185
2.1185
2.1185
2.1185
2.1185
2.1185
2.1185
2.1185
2.1185
2.1185
2.1185
2.1185
2.1185
2.1185
2.1185
2.1185
2.1185
2.1185
2.1185
2.1185
2.1185
2.1185
2.1185
2.1185
2.1185
2.1185
2.1185
2.1185
2.1185
2.1185
2.1185
2.1185
2.1185
2.1185
2.1185
2.1185
2.1185
2.1185
2.1185
2.1185
2.1185
2.1185
2.1185
2.1185
2.1185
2.1185
2.1185
2.1185
2.1185
2.1185
2.1185
2.1185
2.1185
2.1185
2.1185
2.1185
2.1185
2.1185
2.1185
2.1185
2.1185
2.1185
2.1185
2.1185
2.1185
2.1185
2.1185
2.1185
2.1185
2.1185
2.1185
2.1185
2.1185
2.1185
2.1185
2.1185
2.1185
2.1185
2.1185
2.1185
2.1185
2.1185
2.1185
2.1185
2.1185
2.1185
2.1185
2.1185
2.1185
2.1185
2.1185
2.1185
2.1185
2.1185
2.1185
2.1185
2.1185
2.1185
2.1185
2.1185
2.1185
2.1185
2.1185
2.1185
2.1185
2.1185
2.1185
2.1185
2.1185
2.1185
2.1185
2.1185
2.1185
2.1185
2.1185
2.1185
2.1185
2.1185
2.1185
2.1185
2.1185
2.1185
2.1185
2.1185
2.1185
2.1185
2.1185
2.1185
2.1185
2.1185
2.1185
2.1185
2.1185
2.1185
2.1185
2.1185
2.1185
2.1185
2.1185
2.1185
2.1185
2.1185
2.1185
2.1185
2.1185
2.1185
2.1185
2.1185
2.1185
2.1185
2.1185
2.1185
2.1185
2.1185
2.1185
2.1185
2.1185
2.1185
2.1185
2.1185
2.1185
2.1185
2.1185
2.1185
2.1185
2.1185
2.1185
2.1185
2.1185
2.1185
2.1185
2.1185
2.1185
2.1185
2.1185
2.1185
2.1185
2.1185
2.1185
2.1185
2.1185
2.1185
2.1185
2.1185
2.1185
2.1185
2.1185
2.1185
2.1185
2.1185
2.1185
2.1185
2.1185
2.1185
2.1185
2.1185
2.1185
2.1185
2.1185
2.1185
2.1185
2.1185
2.1185
2.1185
2.1185
2.1185
2.1185
2.1185
2.1185
2.1185
2.1185
2.1185
2.1185
2.1185
2.1185
2.1185
2.1185
2.1185
2.1185
2.1185
2.1185
2.1185
2.1185
2.1185
2.1185
2.1185
2.1185
2.1185
2.1185
2.1185
2.1185
2.1185
2.1185
2.1185
2.1185
2.1185
2.1185
2.1185
2.1185
2.1185
2.1185
2.1185
2.1185
2.1185
2.1185
2.1185
2.1185
2.1185
2.1185
2.1185
2.1185
2.1185
2.1185
2.1185
2.1185
2.1185
2.1185
2.1185
2.1185
2.1185
2.1185
2.1185
2.1185
2.1185
2.1185
2.1185
2.1185
2.1185
2.1185
2.1185
2.1185
2.1185
2.1185
2.1185
2.1185
2.1185
2.1185
2.1185
2.1185
2.1185
2.1185
2.1185
2.1185
2.1185
2.1185
2.1185
2.1185
2.1185
2.1185
2.1185
2.1185
2.1185
2.1185
2.1185
2.1185
2.1185
2.1185
2.1185
2.1185
2.1185
2.1185
2.1185
2.1185
2.1185
2.1185
2.1185
2.1185
2.1185
2.1185
2.1185
2.1185
2.1185
2.1185
2.1185
2.1185
2.1185
2.1185
2.1185
2.1185
2.1185
2.1185
2.1185
2.1185
2.1185
2.1185
2.1185
2.1185
2.1185
2.1185
2.1185
2.1185
2.1185
2.1185
2.1185
2.1185
2.1185
2.1185
2.1185
2.1185
2.1185
2.1185
2.1185
2.1185
2.1185
2.1185
2.1185
2.1185
2.1185
2.1185
2.1185
2.1185
2.1185
2.1185
2.1185
2.1185
2.1185
2.1185
2.1185
2.1185
2.1185
2.1185
2.1185
2.1185
2.1185
2.1185
2.1185
2.1185
2.1185
2.1185
2.1185
2.1185
2.1185
2.1185
2.1185
2.1185
2.1185
2.1185
2.1185
2.1185
2.1185
2.1185
2.1185
2.1185
2.1185
2.1185
2.1185
2.1185
2.1185
2.1185
2.1185
2.1185
2.1185
2.1185
2.1185
2.1185
2.1185
2.1185
2.1185
2.1185
2.1185
2.1185
2.1185
2.1185
2.1185
2.1185
2.1185
2.1185
2.1185
2.1185
2.1185
2.1185
2.1185
2.1185
2.1185
2.1185
2.1185
2.1185
2.1185
2.1185
2.1185
2.1185
2.1185
2.1185
2.1185
2.1185
2.1185
2.1185
2.1185
2.1185
2.1185
2.1185
2.1185
2.1185
2.1185
2.1185
2.1185
2.1185
2.1185
2.1185
2.1185
2.1185
2.1185
2.1185
2.1185
2.1185
2.1185
2.1185
2.1185
2.1185
2.1185
2.1185
2.1185
2.1185
2.1185
2.1185
2.1185
2.1185
2.1185
2.1185
2.1185
2.1185
2.1185
2.1185
2.1185
2.1185
2.1185
2.1185
2.1185
2.1185
2.1185
2.1185
2.1185
2.1185
2.1185
2.1185
2.1185
2.1185
2.1185
2.1185
2.1185
2.1185
2.1185
2.1185
2.1185
2.1185
2.1185
2.1185
2.1185
2.1185
2.1185
2.1185
2.1185
2.1185
2.1185
2.1185
2.1185
2.1185
2.1185
2.1185
2.1185
2.1185
2.1185
2.1185
2.1185
2.1185
2.1185
2.1185
2.1185
2.1185
2.1185
2.1185
2.1185
2.1185
2.1185
2.1185
2.1185
2.1185
2.1185
2.1185
2.1185
2.1185
2.1185
2.1185
2.1185
2.1185
2.1185
2.1185
2.1185
2.1185
2.1185
2.1185
2.1185
2.1185
2.1185
2.1185
2.1185
2.1185
2.1185
2.1185
2.1185
2.1185
2.1185
2.1185
2.1185
2.1185
2.1185
2.1185
2.1185
2.1185
2.1185
2.1185
2.1185
2.1185
2.1185
2.1185
2.1185
2.1185
2.1185
2.1185
2.1185
2.1185
2.1185
2.1185
2.1185
2.1185
2.1185
2.1185
2.1185
2.1185
2.1185
2.1185
2.1185
2.1185
2.1185
2.1185
2.1185
2.1185
2.1185
2.1185
2.1185
2.1185
2.1185
2.1185
2.1185
2.1185
2.1185
2.1185
2.1185
2.1185
2.1185
2.1185
2.1185
2.1185
2.1185
2.1185
2.1185
2.1185
2.1185
2.1185
2.1185
2.1185
2.1185
2.1185
2.1185
2.1185
2.1185
2.1185
2.1185
2.1185
2.1185
2.1185
2.1185
2.1185
2.1185
2.1185
2.1185
2.1185
2.1185
2.1185
2.1185
2.1185
2.1185
2.1185
2.1185
2.1185
2.1185
2.1185
2.1185
2.1185
2.1185
2.1185
2.1185
2.1185
2.1185
2.1185
2.1185
2.1185
2.1185
2.1185
2.1185
2.1185
2.1185
2.1185
2.1185
2.1185
2.1185
2.1185
2.1185
2.1185
2.1185
2.1185
2.1185
2.1185
2.1185
2.1185
2.1185
2.1185
2.1185
2.1185
2.1185
2.1185
2.1185
2.1185
2.1185
2.1185
2.1185
2.1185
2.1185
2.1185
2.1185
2.1185
2.1185
2.1185
2.1185
2.1185
2.1185
2.1185
2.1185
2.1185
2.1185
2.1185
2.1185
2.1185
2.1185
2.1185
2.1185
2.1185
2.1185
2.1185
2.1185
2.1185
2.1185
2.1185
2.1185
2.1185
2.1185
2.1185
2.1185
2.1185
2.1185
2.1185
2.1185
2.1185
2.1185
2.1185
2.1185
2.1185
2.1185
2.1185
2.1185
2.1185
2.1185
2.1185
2.1185
2.1185
2.1185
2.1185
2.1185
2.1185
2.1185
2.1185
2.1185
2.1185
2.1185
2.1185
2.1185
2.1185
2.1185
2.1185
2.1185
2.1185
2.1185
2.1185
2.1185
2.1185
2.1185
2.1185
2.1185
2.1185
2.1185
2.1185
2.1185
2.1185
2.1185
2.1185
2.1185
2.1185
2.1185
2.1185
2.1185
2.1185
2.1185
2.1185
2.1185
2.1185
2.1185
2.1185
2.1185
2.1185
2.1185
2.1185
2.1185
2.1185
2.1185
2.1185
2.1185
2.1185
2.1185
2.1185
2.1185
2.1185
2.1185
2.1185
2.1185
2.1185
2.1185
2.1185
2.1185
2.1185
2.1185
2.1185
2.1185
2.1185
2.1185
2.1185
2.1185
2.1185
2.1185
2.1185
2.1185
2.1185
2.1185
2.1185
2.1185
2.1185
2.1185
2.1185
2.1185
2.1185
2.1185
2.1185
2.1185
2.1185
2.1185
2.1185
2.1185
2.1185
2.1185
2.1185
2.1185
2.1185
2.1185
2.1185
2.1185
2.1185
2.1185
2.1185
2.1185
2.1185
2.1185
2.1185
2.1185
2.1185
2.1185
2.1185
2.1185
2.1185
2.1185
2.1185
2.1185
2.1185
2.1185
2.1185
2.1185
2.1185
2.1185
2.1185
2.1185
2.1185
2.1185
2.1185
2.1185
2.1185
2.1185
2.1185
2.1185
2.1185
2.1185
2.1185
2.1185
2.1185
2.1185
2.1185
2.1185
2.1185
2.1185
2.1185
2.1185
2.1185
2.1185
2.1185
2.1185
2.1185
2.1185
2.1185
2.1185
2.1185
2.1185
2.1185
2.1185
2.1185
2.1185
2.1185
2.1185
2.1185
2.1185
2.1185
2.1185
2.1185
2.1185
2.1185
2.1185
2.1185
2.1185
2.1185
2.1185
2.1185
2.1185
2.1185
2.1185
2.1185
2.1185
2.1185
2.1185
2.1185
2.1185
2.1185
2.1185
2.1185
2.1185
2.1185
2.1185
2.1185
2.1185
2.1185
2.1185
2.1185
2.1185
2.1185
2.1185
2.1185
2.1185
2.1185
2.1185
2.1185
2.1185
2.1185
2.1185
2.1185
2.1185
2.1185
2.1185
2.1185
2.1185
2.1185
2.1185
2.1185
2.1185
2.1185
2.1185
2.1185
2.1185
2.1185
2.1185
2.1185
2.1185
2.1185
2.1185
2.1185
2.1185
2.1185
2.1185
2.1185
2.1185
2.1185
2.1185
2.1185
2.1185
2.1185
2.1185
2.1185
2.1185
2.1185
2.1185
2.1185
2.1185
2.1185
2.1185
2.1185
2.1185
2.1185
2.1185
2.1185
2.1185
2.1185
2.1185
2.1185
2.1185
2.1185
2.1185
2.1185
2.1185
2.1185
2.1185
2.1185
2.1185
2.1185
2.1185
2.1185
2.1185
2.1185
2.1185
2.1185
2.1185
2.1185
2.1185
2.1185
2.1185
2.1185
2.1185
2.1185
2.1185
2.1185
2.1185
2.1185
2.1185
2.1185
2.1185
2.1185
2.1185
2.1185
2.1185
2.1185
2.1185
2.1185
2.1185
2.1185
2.1185
2.1185
2.1185
2.1185
2.1185
2.1185
2.1185
2.1185
2.1185
2.1185
2.1185
2.1185
2.1185
2.1185
2.1185
2.1185
2.1185
2.1185
2.1185
2.1185
2.1185
2.1185
2.1185
2.1185
2.1185
2.1185
2.1185
2.1185
2.1185
2.1185
2.1185
2.1185
2.1185
2.1185
2.1185
2.1185
2.1185
2.1185
2.1185
2.1185
2.1185
2.1185
2.1185
2.1185
2.1185
2.1185
2.1185
2.1185
2.1185
2.1185
2.1185
2.1185
2.1185
2.1185
2.1185
2.1185
2.1185
2.1185
2.1185
2.1185
2.1185
2.1185
2.1185
2.1185
2.1185
2.1185
2.1185
2.1185
2.1185
2.1185
2.1185
2.1185
2.1185
2.1185
2.1185
2.1185
2.1185
2.1185
2.1185
2.1185
2.1185
2.1185
2.1185
2.1185
2.1185
2.1185
2.1185
2.1185
2.1185
2.1185
2.1185
2.1185
2.1185
2.1185
2.1185
2.1185
2.1185
2.1185
2.1185
2.1185
2.1185
2.1185
2.1185
2.1185
2.1185
2.1185
2.1185
2.1185
2.1185
2.1185
2.1185
2.1185
2.1185
2.1185
2.1185
2.1185
2.1185
2.1185
2.1185
2.1185
2.1185
2.1185
2.1185
2.1185
2.1185
2.1185
2.1185
2.1185
2.1185
2.1185
2.1185
2.1185
2.1185
2.1185
2.1185
2.1185
2.1185
2.1185
2.1185
2.1185
2.1185
2.1185
2.1185
2.1185
2.1185
2.1185
2.1185
2.1185
2.1185
2.1185
2.1185
2.1185
2.1185
2.1185
2.1185
2.1185
2.1185
2.1185
2.1185
2.1185
2.1185
2.1185
2.1185
2.1185
2.1185
2.1185
2.1185
2.1185
2.1185
2.1185
2.1185
2.1185
2.1185
2.1185
2.1185
2.1185
2.1185
2.1185
2.1185
2.1185
2.1185
2.1185
2.1185
2.1185
2.1185
2.1185
2.1185
2.1185
2.1185
2.1185
2.1185
2.1185
2.1185
2.1185
2.1185
2.1185
2.1185
2.1185
2.1185
2.1185
2.1185
2.1185
2.1185
2.1185
2.1185
2.1185
2.1185
2.1185
2.1185
2.1185
2.1185
2.1185
2.1185
2.1185
2.1185
2.1185
2.1185
2.1185
2.1185
2.1185
2.1185
2.1185
2.1185
2.1185
2.1185
2.1185
2.1185
2.1185
2.1185
2.1185
2.1185
2.1185
2.1185
2.1185
2.1185
2.1185
2.1185
2.1185
2.1185
2.1185
2.1185
2.1185
2.1185
2.1185
2.1185
2.1185
2.1185
2.1185
2.1185
2.1185
2.1185
2.1185
2.1185
2.1185
2.1185
2.1185
2.1185
2.1185
2.1185
2.1185
2.1185
2.1185
2.1185
2.1185
2.1185
2.1185
2.1185
2.1185
2.1185
2.1185
2.1185
2.1185
2.1185
2.1185
2.1185
2.1185
2.1185
2.1185
2.1185
2.1185
2.1185
2.1185
2.1185
2.1185
2.1185
2.1185
2.1185
2.1185
2.1185
2.1185
2.1185
2.1185
2.1185
2.1185
2.1185
2.1185
2.1185
2.1185
2.1185
2.1185
2.1185
2.1185
2.1185
2.1185
2.1185
2.1185
2.1185
2.1185
2.1185
2.1185
2.1185
2.1185
2.1185
2.1185
2.1185
2.1185
2.1185
2.1185
2.1185
2.1185
2.1185
2.1185
2.1185
2.1185
2.1185
2.1185
2.1185
2.1185
2.1185
2.1185
2.1185
2.1185
2.1185
2.1185
2.1185
2.1185
2.1185
2.1185
2.1185
2.1185
2.1185
2.1185
2.1185
2.1185
2.1185
2.1185
2.1185
2.1185
2.1185
2.1185
2.1185
2.1185
2.1185
2.1185
2.1185
2.1185
2.1185
2.1185
2.1185
2.1185
2.1185
2.1185
2.1185
2.1185
2.1185
2.1185
2.1185
2.1185
2.1185
2.1185
2.1185
2.1185
2.1185
2.1185
2.1185
2.1185
2.1185
2.1185
2.1185
2.1185
2.1185
2.1185
2.1185
2.1185
2.1185
2.1185
2.1185
2.1185
2.1185
2.1185
2.1185
2.1185
2.1185
2.1185
2.1185
2.1185
2.1185
2.1185
2.1185
2.1185
2.1185
2.1185
2.1185
2.1185
2.1185
2.1185
2.1185
2.1185
2.1185
2.1185
2.1185
2.1185
2.1185
2.1185
2.1185
2.1185
2.1185
2.1185
2.1185
2.1185
2.1185
2.1185
2.1185
2.1185
2.1185
2.1185
2.1185
2.1185
2.1185
2.1185
2.1185
2.1185
2.1185
2.1185
2.1185
2.1185
2.1185
2.1185
2.1185
2.1185
2.1185
2.1185
2.1185
2.1185
2.1185
2.1185
2.1185
2.1185
2.1185
2.1185
2.1185
2.1185
2.1185
2.1185
2.1185
2.1185
2.1185
2.1185
2.1185
2.1185
2.1185
2.1185
2.1185
2.1185
2.1185
2.1185
2.1185
2.1185
2.1185
2.1185
2.1185
2.1185
2.1185
2.1185
2.1185
2.1185
2.1185
2.1185
2.1185
2.1185
2.1185
2.1185
2.1185
2.1185
2.1185
2.1185
2.1185
2.1185
2.1185
2.1185
2.1185
2.1185
2.1185
2.1185
2.1185
2.1185
2.1185
2.1185
2.1185
2.1185
2.1185
2.1185
2.1185
2.1185
2.1185
2.1185
2.1185
2.1185
2.1185
2.1185
2.1185
2.1185
2.1185
2.1185
2.1185
2.1185
2.1185
2.1185
2.1185
2.1185
2.1185
2.1185
2.1185
2.1185
2.1185
2.1185
2.1185
2.1185
2.1185
2.1185
2.1185
2.1185
2.1185
2.1185
2.1185
2.1185
2.1185
2.1185
2.1185
2.1185
2.1185
2.1185
2.1185
2.1185
2.1185
2.1185
2.1185
2.1185
2.1185
2.1185
2.1185
2.1185
2.1185
2.1185
2.1185
2.1185
2.1185
2.1185
2.1185
2.1185
2.1185
2.1185
2.1185
2.1185
2.1185
2.1185
2.1185
2.1185
2.1185
2.1185
2.1185
2.1185
2.1185
2.1185
2.1185
2.1185
2.1185
2.1185
2.1185
2.1185
2.1185
2.1185
2.1185
2.1185
2.1185
2.1185
2.1185
2.1185
2.1185
2.1185
2.1185
2.1185
2.1185
2.1185
2.1185
2.1185
2.1185
2.1185
2.1185
2.1185
2.1185
2.1185
2.1185
2.1185
2.1185
2.1185
2.1185
2.1185
2.1185
2.1185
2.1185
2.1185
2.1185
2.1185
2.1185
2.1185
2.1185
2.1185
2.1185
2.1185
2.1185
2.1185
2.1185
2.1185
2.1185
2.1185
2.1185
2.1185
2.1185
2.1185
2.1185
2.1185
2.1185
2.1185
2.1185
2.1185
2.1185
2.1185
2.1185
2.1185
2.1185
2.1185
2.1185
2.1185
2.1185
2.1185
2.1185
2.1185
2.1185
2.1185
2.1185
2.1185
2.1185
2.1185
2.1185
2.1185
2.1185
2.1185
2.1185
2.1185
2.1185
2.1185
2.1185
2.1185
2.1185
2.1185
2.1185
2.1185
2.1185
2.1185
2.1185
2.1185
2.1185
2.1185
2.1185
2.1185
2.1185
2.1185
2.1185
2.1185
2.1185
2.1185
2.1185
2.1185
2.1185
2.1185
2.1185
2.1185
2.1185
2.1185
2.1185
2.1185
2.1185
2.1185
2.1185
2.1185
2.1185
2.1185
2.1185
2.1185
2.1185
2.1185
2.1185
2.1185
2.1185
2.1185
2.1185
2.1185
2.1185
2.1185
2.1185
2.1185
2.1185
2.1185
2.1185
2.1185
2.1185
2.1185
2.1185
2.1185
2.1185
2.1185
2.1185
2.1185
2.1185
2.1185
2.1185
2.1185
2.1185
2.1185
2.1185
2.1185
2.1185
2.1185
2.1185
2.1185
2.1185
2.1185
2.1185
2.1185
2.1185
2.1185
2.1185
2.1185
2.1185
2.1185
2.1185
2.1185
2.1185
2.1185
2.1185
2.1185
2.1185
2.1185
2.1185
2.1185
2.1185
2.1185
2.1185
2.1185
2.1185
2.1185
2.1185
2.1185
2.1185
2.1185
2.1185
2.1185
2.1185
2.1185
2.1185
2.1185
2.1185
2.1185
2.1185
2.1185
2.1185
2.1185
2.1185
2.1185
2.1185
2.1185
2.1185
2.1185
2.1185
2.1185
2.1185
2.1185
2.1185
2.1185
2.1185
2.1185
2.1185
2.1185
2.1185
2.1185
2.1185
2.1185
2.1185
2.1185
2.1185
2.1185
2.1185
2.1185
2.1185
2.1185
2.1185
2.1185
2.1185
2.1185
2.1185
2.1185
2.1185
2.1185
2.1185
2.1185
2.1185
2.1185
2.1185
2.1185
2.1185
2.1185
2.1185
2.1185
2.1185
2.1185
2.1185
2.1185
2.1185
2.1185
2.1185
2.1185
2.1185
2.1185
2.1185
2.1185
2.1185
2.1185
2.1185
2.1185
2.1185
2.1185
2.1185
2.1185
2.1185
2.1185
2.1185
2.1185
2.1185
2.1185
2.1185
2.1185
2.1185
2.1185
2.1185
2.1185
2.1185
2.1185
2.1185
2.1185
2.1185
2.1185
2.1185
2.1185
2.1185
2.1185
2.1185
2.1185
2.1185
2.1185
2.1185
2.1185
2.1185
2.1185
2.1185
2.1185
2.1185
2.1185
2.1185
2.1185
2.1185
2.1185
2.1185
2.1185
2.1185
2.1185
2.1185
2.1185
2.1185
