2.99523e+06
2.99523e+06
2.99523e+06
1.98267e+06
1.25211e+06
1.25211e+06
329306
55096.2
1067.18
1067.18
237.604
237.604
237.604
53.5726
53.5726
53.5726
53.5726
53.5726
53.5726
53.5726
53.5726
53.5726
53.5726
53.5726
53.5726
53.5726
53.5726
27.7182
27.7182
27.4794
27.4794
27.4794
27.4794
27.4794
27.4794
27.4794
24.1963
24.1963
24.1963
24.1963
24.1963
24.1963
24.1963
24.1963
24.1963
24.1963
24.1963
21.8746
21.8746
21.8746
21.7909
21.7909
21.7909
21.7909
21.7909
21.7909
21.7909
21.7909
21.7909
19.2681
19.2681
19.2681
19.2681
19.2681
19.2681
18.2604
18.2604
18.2604
18.2604
18.2604
18.2604
18.2604
18.2604
18.2604
18.2604
18.2604
18.2604
18.2604
18.2604
17.9873
17.9873
17.9873
17.9873
17.9873
17.9873
17.9873
17.9873
17.9873
17.9873
17.9873
17.9873
17.9873
17.9873
17.9873
17.9873
17.9873
17.9873
17.9873
17.9873
17.9873
17.9873
17.9873
17.9873
15.8042
15.8042
15.8042
15.8042
15.8042
15.8042
15.8042
15.8042
15.8042
15.8042
15.8042
15.8042
15.8042
15.8042
15.8042
15.8042
15.8042
15.8042
14.192
14.192
14.192
14.192
14.192
14.192
14.192
14.192
14.192
14.192
14.192
14.192
14.192
14.1569
14.1569
14.1569
14.1569
14.1569
14.1569
14.1569
14.1569
14.1569
14.1569
14.1569
14.1569
14.1569
14.1569
14.1569
14.1569
14.1569
14.1569
14.1569
14.1569
14.1569
14.1569
14.1569
14.1569
14.1569
14.1569
14.1569
14.1569
14.1569
14.1569
14.1569
14.1569
14.1569
14.1569
14.1569
14.1569
14.1569
14.1569
14.1569
14.1569
14.1569
14.1569
14.1569
14.1569
14.1569
14.1569
14.1569
14.1569
14.1569
14.1569
14.1569
14.1569
14.1569
14.1569
14.1569
14.1569
14.1569
14.1569
14.1569
14.1569
14.1569
14.1569
14.1569
14.1569
14.1569
14.1569
14.1569
14.1569
14.1569
14.1569
14.1569
14.1569
14.1569
14.1569
14.1569
14.1569
14.1569
14.1569
14.1569
14.1569
14.1569
14.1569
14.1569
14.1569
14.1569
14.1569
14.1569
14.1569
14.1569
14.1569
14.1569
14.1569
14.1569
14.1569
14.1569
14.1569
12.1904
12.1904
12.1904
12.1904
12.1904
12.1904
12.1904
12.1904
12.1904
12.1904
12.1904
12.1904
12.1904
12.1904
12.1904
12.1904
12.1904
12.1904
12.1904
12.1904
12.1904
12.1904
12.1904
12.1904
12.1904
12.1904
12.1904
12.1904
12.1904
12.1904
12.1904
12.1904
12.1904
12.1904
12.1904
12.1904
12.1904
12.1904
12.1904
12.1904
12.1904
12.1904
12.1904
12.1904
12.1904
12.1904
12.1904
12.1904
12.1904
12.1904
12.1904
12.1904
12.1904
12.1904
12.1904
12.1904
12.1904
12.1904
12.1904
12.1904
12.1904
12.1904
12.1904
12.1904
12.1904
12.1904
12.1904
12.1904
12.1904
12.1904
12.1904
12.1904
12.1904
12.1904
12.1904
12.1904
12.1904
12.1904
12.1904
12.1904
12.1904
12.1904
12.1904
12.1904
12.1904
12.1904
12.1904
12.1904
12.1904
12.1904
12.1904
12.1904
12.1904
12.1904
12.1904
12.1904
12.1904
12.1904
12.1904
12.1904
12.1904
12.1904
12.1904
12.1904
12.1904
12.1904
12.1904
12.1904
12.1904
12.1904
12.1904
12.1904
12.1904
12.1904
12.1904
12.1904
12.1904
12.1904
12.1904
12.1904
12.1904
12.1904
12.1904
12.1904
12.1904
12.1904
12.1904
12.1904
12.1904
12.1904
12.1904
12.1904
12.1904
12.1904
12.1904
12.1904
12.1904
11.5656
11.5656
11.5656
11.5656
11.5656
11.5656
11.5656
9.64715
9.64715
9.64715
9.64715
9.64715
9.64715
9.64715
9.64715
9.64715
9.64715
9.64715
9.64715
9.64715
9.64715
9.64715
9.64715
9.64715
9.64715
9.64715
9.64715
9.64715
9.64715
9.64715
9.64715
9.64715
9.64715
9.64715
9.64715
9.6433
9.6433
9.6433
9.29752
9.23381
9.23381
9.23381
9.23381
9.23381
9.23381
9.23381
9.23381
9.23381
9.23381
9.23381
9.23381
9.03622
9.03175
9.03175
9.03175
9.03175
9.03175
9.03175
9.02078
9.02078
9.02078
9.02078
9.02078
9.02078
9.01219
9.01219
9.01219
9.01219
9.01219
9.01219
9.01219
9.01219
9.01219
9.01219
9.01219
9.01219
8.99383
8.99383
8.99383
8.99143
8.98654
8.98488
8.98464
8.98464
8.98464
8.98464
8.98464
8.98464
8.98464
8.98464
8.98464
8.98464
8.98464
8.98464
8.98464
8.98464
8.98464
8.98464
8.98464
8.98464
8.98464
8.98464
8.98464
8.98464
8.98464
8.98464
8.98464
8.98464
8.98464
8.98464
8.98464
8.98464
8.98464
8.98464
8.98464
8.98464
8.98464
8.98464
8.98464
8.98464
8.98464
8.98464
8.98464
8.98464
8.98464
8.98464
8.98464
8.98464
8.98464
8.98464
8.98464
8.98464
8.98464
8.98464
8.98464
8.98464
8.98464
8.98464
8.98464
8.98464
8.98464
8.98464
8.98464
8.98464
8.98464
8.98464
8.98464
8.98464
8.98444
8.98426
8.98426
8.98425
8.98398
8.98398
8.98367
8.98367
8.98367
8.98367
8.98367
8.98367
8.98367
8.98367
8.98367
8.98367
8.98367
8.98367
8.98367
8.98367
8.98367
8.98367
8.98367
8.98367
8.98367
8.98367
8.98367
8.98367
8.98367
8.98367
8.98367
8.98367
8.98367
8.98367
8.98367
8.98367
8.98367
8.98367
8.98367
8.98367
8.98367
8.98367
8.98367
8.98367
8.98367
8.98367
8.98367
8.98367
8.98367
8.98367
8.98367
8.98367
8.98367
8.98367
8.98367
8.98367
8.98367
8.98367
8.98367
8.98367
8.98367
8.98367
8.98367
8.98367
8.98367
8.98367
8.98367
8.98367
8.98367
8.98367
8.98367
8.98367
8.98367
8.98367
8.98367
8.98367
8.98367
8.98367
8.98367
8.98367
8.98367
8.98367
8.98367
8.98367
8.98367
8.98367
8.98367
8.98367
8.98367
8.98367
8.98367
8.98367
8.98367
8.98367
8.98367
8.98367
8.98367
8.98367
8.98367
8.98367
8.98367
8.98367
8.98367
8.98367
8.98367
8.98367
8.98367
8.98367
8.98367
8.98367
8.98367
8.98367
8.98367
8.98367
8.98367
8.98367
8.98367
8.98367
8.98367
8.98367
8.98367
8.98367
8.98367
8.98367
8.98367
8.98367
8.98367
8.98367
8.98367
8.98367
8.98367
8.98367
8.98367
8.98367
8.98367
8.98367
8.98367
8.98367
8.98367
8.98367
8.98367
8.98367
8.98367
8.98367
8.98367
8.98367
8.98367
8.98367
8.98367
8.98367
8.98367
8.98367
8.98367
8.98367
8.98367
8.98367
8.98367
8.98367
8.98367
8.98367
8.98367
8.98367
8.98367
8.98367
8.98367
8.98367
8.98367
8.98367
8.98367
8.98367
8.98367
8.98367
8.98367
8.98367
8.98367
8.98367
8.98367
8.98367
8.98367
8.98367
8.98367
8.98367
8.98367
8.98367
8.98367
8.98367
8.98367
8.98367
8.98367
8.98367
8.98367
8.98367
8.98367
8.98367
8.98367
8.98367
8.98367
8.98367
8.98367
8.98367
8.98367
8.98367
8.98367
8.98367
8.98367
8.98367
8.98367
8.98367
8.98367
8.98367
8.98367
8.98367
8.98367
8.98367
8.98367
8.98367
8.98367
8.98367
8.98367
8.98367
8.98367
8.98367
8.98367
8.98367
8.98367
8.98367
8.98367
8.98367
8.98367
8.98367
8.98367
8.98367
8.98367
8.98367
8.98367
8.98367
8.98367
8.98367
8.98367
8.98367
8.98367
8.98367
8.98367
8.98367
8.98367
8.98367
8.98367
8.98367
8.98367
8.98367
8.98367
8.98367
8.98367
8.98367
8.98367
8.98367
8.98367
8.98367
8.98367
8.98367
8.98367
8.98367
8.98367
8.98367
8.98367
8.98367
8.98367
8.98367
8.98367
8.98367
8.98367
8.98367
8.98367
8.98367
8.98367
8.98367
8.98367
8.98367
8.98367
8.98367
8.98367
8.98367
8.98367
8.98367
8.98367
8.98367
8.98367
8.98367
8.98367
8.98367
8.98367
8.98367
8.98367
8.98367
8.98367
8.98367
8.98367
8.98367
8.98367
8.98367
8.98367
8.98367
8.98367
8.98367
8.98367
8.98367
8.98367
8.98367
8.98367
8.98367
8.98367
8.98367
6.96042
6.96042
6.96042
6.96042
6.96042
6.96042
6.96042
6.96042
6.96042
6.96042
6.96042
6.96042
6.96042
6.96042
6.96042
6.96042
6.96042
6.96042
6.96042
6.96042
6.96042
6.96042
6.96042
6.96042
6.96042
6.96042
6.96042
6.96042
6.96042
6.96042
6.96042
6.96042
6.96042
6.96042
6.96042
6.96042
6.96042
6.96042
6.96042
6.96042
6.96042
6.96042
6.96042
6.96042
6.96042
6.96042
6.96042
6.96042
6.96042
6.96042
6.96042
6.96042
6.96042
6.96042
6.96042
6.96042
6.96042
6.96042
6.96042
6.96042
6.96042
6.96042
6.96042
6.96042
6.96042
6.96042
6.96042
6.96042
6.96042
6.96042
6.96042
6.96042
6.96042
6.96042
6.96042
6.96042
6.96042
6.96042
6.96042
6.96042
6.96042
6.96042
6.96042
6.96042
4.26267
4.26267
4.26267
4.26267
4.26267
4.26267
4.26267
4.26267
4.26267
4.26267
4.26267
4.26267
4.26267
4.26267
4.26267
4.26267
4.26267
4.26267
4.26267
4.26267
4.26267
4.26267
4.26267
4.26267
4.26267
4.26267
4.26267
4.26267
4.26267
4.26267
4.26267
4.26267
4.26267
4.26267
4.26267
4.26267
4.26267
4.26267
4.26267
4.26267
4.26267
4.26267
4.26267
4.26267
4.26267
4.26267
4.26267
4.26267
4.26267
4.26267
4.26267
4.26267
4.26267
4.26267
4.26267
4.26267
4.26267
4.26267
4.26267
4.26267
4.26267
4.26267
4.26267
4.26267
4.26267
4.26267
4.26267
4.26267
4.26267
4.26267
4.26267
4.26267
4.26267
4.26267
4.26267
4.26267
4.26267
4.26267
4.26267
4.26267
4.26267
4.26267
4.26267
4.26267
4.26267
4.26267
4.26267
4.26267
4.26267
4.26267
4.26267
4.26267
4.26267
4.26267
4.26267
4.26267
4.26267
4.26267
4.26267
4.26267
4.26267
4.26267
4.26267
4.26267
4.26267
4.26267
4.26267
4.26267
4.26267
4.26267
4.26267
4.26267
4.26267
4.26267
4.26267
4.26267
4.26267
4.26267
4.26267
4.26267
4.26267
4.26267
4.26267
4.26267
4.26267
4.26267
4.26267
4.26267
4.26267
4.26267
4.26267
4.26267
4.26267
4.26267
4.26267
4.26267
4.26267
4.26267
4.26267
4.26267
4.26267
4.26267
4.26267
4.26267
4.26267
4.26267
4.26267
4.26267
4.26267
4.26267
4.26267
4.26267
4.26267
4.26267
4.26267
4.26267
4.26267
4.26267
4.26267
4.26267
4.26267
4.26267
4.26267
4.26267
4.26267
4.26267
4.26267
4.26267
4.26267
4.26267
4.26267
4.26267
4.26267
4.26267
4.26267
4.26267
4.26267
4.26267
4.26267
4.26267
4.26267
4.26267
4.26267
4.26267
4.26267
4.26267
4.26267
4.26267
4.26267
4.26267
4.26267
4.26267
4.26267
4.26267
4.26267
4.26267
4.26267
4.26267
4.26267
4.26267
4.26267
4.26267
4.26267
4.26267
4.26267
4.26267
4.26267
4.26267
4.26267
4.26267
4.26267
4.26267
4.26267
4.26267
4.26267
4.26267
4.26267
4.26267
4.26267
4.26267
4.26267
4.26267
4.26267
4.26267
4.26267
4.26267
4.26267
4.26267
4.26267
4.26267
4.26267
4.26267
4.26267
4.26267
4.26267
4.26267
4.26267
4.26267
4.26267
4.26267
4.26267
4.26267
4.26267
4.26267
4.26267
4.26267
4.26267
4.26267
4.26267
4.26267
4.26267
4.26267
4.26267
4.26267
4.26267
4.26267
4.26267
4.26267
4.26267
4.26267
4.26267
4.26267
4.26267
4.26267
4.26267
4.26267
4.26267
4.26267
4.26267
4.26267
4.26267
4.26267
4.26267
4.26267
4.26267
4.26267
3.13035
3.13035
3.13035
3.13035
3.13035
3.13035
3.13035
3.13035
3.09187
3.09187
3.09187
3.09187
3.09187
3.09187
3.09187
3.09187
3.09187
3.09187
3.09187
3.09187
3.09187
3.09187
3.09187
3.09187
3.09187
3.09187
3.09187
3.09187
3.09187
3.09187
3.09187
3.09187
3.09187
3.09187
3.09187
3.09187
3.09187
3.09187
3.09187
3.09187
3.09187
3.09187
3.09187
3.09187
2.55451
2.55451
2.55451
2.55451
2.55451
2.55451
2.55451
2.55451
2.55451
2.55451
2.55451
2.55451
2.55451
2.55451
2.54288
2.54288
2.42304
2.42304
2.27494
2.21951
2.21951
2.15916
2.15916
2.15916
2.15916
2.15916
2.15916
2.10909
2.10909
2.10909
2.10909
2.10308
2.10308
2.10308
2.10308
2.10308
2.10308
2.10139
2.10139
2.10139
2.10139
2.10139
2.10139
2.10139
2.10139
2.10139
2.10139
2.10139
2.08082
2.08082
2.08082
2.07468
2.07445
2.06678
2.06306
2.05825
2.05293
2.04721
2.03866
2.02918
2.02672
2.01693
2.01391
2.00894
1.99843
1.99618
1.98328
1.98086
1.97815
1.97505
1.96712
1.96212
1.95911
1.95396
1.94783
1.94519
1.94206
1.93907
1.93696
1.93494
1.93242
1.93077
1.92938
1.92812
1.92812
1.92812
1.92812
1.92812
1.92812
1.92812
1.92812
1.92812
1.92812
1.92812
1.92812
1.92812
1.92812
1.92812
1.92812
1.92812
1.92812
1.92812
1.92812
1.92812
1.92812
1.92812
1.92812
1.92812
1.92812
1.92812
1.92812
1.92812
1.92812
1.92812
1.92812
1.92812
1.92812
1.92812
1.92812
1.92812
1.92812
1.92812
1.92812
1.92812
1.92812
1.92812
1.92812
1.92812
1.92812
1.92812
1.92812
1.92812
1.92812
1.92812
1.92812
1.92812
1.92812
1.92812
1.92812
1.92812
1.92812
1.92812
1.92812
1.92812
1.92812
1.92812
1.92812
1.92812
1.92812
1.92812
1.92812
1.92812
1.92812
1.92812
1.92812
1.92812
1.92812
1.92812
1.92812
1.92812
1.92812
1.92812
1.92812
1.92812
1.92812
1.92812
1.92812
1.92812
1.92812
1.92812
1.92812
1.92812
1.92812
1.92812
1.92812
1.92812
1.92812
1.92812
1.92812
1.92812
1.92812
1.92812
1.92812
1.92812
1.92812
1.92812
1.92812
1.92812
1.92812
1.92812
1.92812
1.92812
1.92812
1.92812
1.92812
1.92812
1.92812
1.92812
1.92812
1.92812
1.92812
1.92812
1.92812
1.92812
1.92812
1.92812
1.92812
1.92812
1.92812
1.92812
1.92812
1.92812
1.92812
1.92812
1.92812
1.92812
1.92812
1.92812
1.92812
1.92812
1.92812
1.92812
1.92812
1.92812
1.92812
1.92812
1.92812
1.92812
1.92812
1.92812
1.92812
1.92812
1.92812
1.92812
1.92812
1.92812
1.92812
1.92812
1.92812
1.92812
1.92812
1.92812
1.92812
1.92812
1.92812
1.92812
1.92812
1.92812
1.92812
1.92812
1.92812
1.92812
1.92812
1.92812
1.92812
1.92812
1.92812
1.92812
1.92812
1.92812
1.92812
1.92812
1.92812
1.92812
1.92812
1.92812
1.92812
1.92812
1.92812
1.92812
1.92812
1.92812
1.92812
1.92812
1.92812
1.92812
1.92812
1.92812
1.92812
1.92812
1.92812
1.92812
1.92812
1.92812
1.92812
1.92812
1.92812
1.92812
1.92812
1.92812
1.92812
1.92812
1.92812
1.92812
1.92812
1.92812
1.92812
1.92812
1.92812
1.92812
1.92812
1.92812
1.92812
1.92812
1.92812
1.92812
1.92812
1.92812
1.92812
1.92812
1.92812
1.92812
1.92812
1.92812
1.92812
1.92812
1.92812
1.92812
1.92812
1.92812
1.92812
1.92812
1.92812
1.92812
1.92812
1.92812
1.92812
1.92812
1.92812
1.92812
1.92812
1.92812
1.92812
1.92812
1.92812
1.92812
1.92812
1.92812
1.92812
1.92812
1.92812
1.92812
1.92812
1.92812
1.92812
1.92812
1.92812
1.92812
1.92812
1.92812
1.92812
1.92812
1.92812
1.92812
1.92812
1.92812
1.92812
1.92812
1.92812
1.92812
1.92812
1.92812
1.92812
1.92812
1.92812
1.92812
1.92812
1.92812
1.92812
1.92812
1.92812
1.92812
1.92812
1.92812
1.92812
1.92812
1.92812
1.92812
1.92812
1.92812
1.92812
1.92812
1.92812
1.92812
1.92812
1.92812
1.92812
1.92812
1.92812
1.92812
1.92812
1.92812
1.92812
1.92812
1.92812
1.92812
1.92812
1.92812
1.92812
1.92812
1.92812
1.92812
1.92812
1.92812
1.92812
1.92812
1.92812
1.92812
1.92812
1.92812
1.92812
1.92812
1.92812
1.92812
1.92812
1.92812
1.92812
1.92812
1.92812
1.92812
1.92812
1.92812
1.92812
1.92812
1.92812
1.92812
1.92812
1.92812
1.92812
1.92812
1.92812
1.92812
1.92812
1.92812
1.92812
1.92812
1.92812
1.92812
1.92812
1.92812
1.92812
1.92812
1.92812
1.92812
1.92812
1.92812
1.92812
1.92812
1.92812
1.92812
1.92812
1.92812
1.92812
1.92812
1.92812
1.92812
1.92812
1.92812
1.92812
1.92812
1.92812
1.92812
1.92812
1.92812
1.92812
1.92812
1.92812
1.92812
1.92812
1.92812
1.92812
1.92812
1.92812
1.92812
1.92812
1.92812
1.92812
1.92812
1.92812
1.92812
1.92812
1.92812
1.92812
1.92812
1.92812
1.92812
1.92812
1.92812
1.92812
1.92812
1.92812
1.92812
1.92812
1.92812
1.92812
1.92812
1.92812
1.92812
1.92812
1.92812
1.92812
1.92812
1.92812
1.92812
1.92812
1.92812
1.92812
1.92812
1.92812
1.92812
1.92812
1.92812
1.92812
1.92812
1.92812
1.92812
1.92812
1.92812
1.92812
1.92812
1.92812
1.92812
1.92812
1.92812
1.92812
1.92812
1.92812
1.92812
1.92812
1.92812
1.92812
1.92812
1.92812
1.92812
1.92812
1.92812
1.92812
1.92812
1.92812
1.92812
1.92812
1.92812
1.92812
1.92812
1.92812
1.92812
1.92812
1.92812
1.92812
1.92812
1.92812
1.92812
1.92812
1.92812
1.92812
1.92812
1.92812
1.92812
1.92812
1.92812
1.92812
1.92812
1.92812
1.92812
1.92812
1.92812
1.92812
1.92812
1.92812
1.92812
1.92812
1.92812
1.92812
1.92812
1.92812
1.92812
1.92812
1.92812
1.92812
1.92812
1.92812
1.92812
1.92812
1.92812
1.92812
1.92812
1.92812
1.92812
1.92812
1.92812
1.92812
1.92812
1.92812
1.92812
1.92812
1.92812
1.92812
1.92812
1.92812
1.92812
1.92812
1.92812
1.92812
1.92812
1.92812
1.92812
1.92812
1.92812
1.92812
1.92812
1.92812
1.92812
1.92812
1.92812
1.92812
1.92812
1.92812
1.92812
1.92812
1.92812
1.92812
1.92812
1.92812
1.92812
1.92812
1.92812
1.92812
1.92812
1.92812
1.92812
1.92812
1.92812
1.92812
1.92812
1.92812
1.92812
1.92812
1.92812
1.92812
1.92812
1.92812
1.92812
1.92812
1.92812
1.92812
1.92812
1.92812
1.92812
1.92812
1.92812
1.92812
1.92812
1.92812
1.92812
1.92812
1.92812
1.92812
1.92812
1.92812
1.92812
1.92812
1.92812
1.92812
1.92812
1.92812
1.92812
1.92812
1.92812
1.92812
1.92812
1.92812
1.92812
1.92812
1.92812
1.92812
1.92812
1.92812
1.92812
1.92812
1.92812
1.92812
1.92812
1.92812
1.92812
1.92812
1.92812
1.92812
1.92812
1.92812
1.92812
1.92812
1.92812
1.92812
1.92812
1.92812
1.92812
1.92812
1.92812
1.92812
1.92812
1.92812
1.92812
1.92812
1.92812
1.92812
1.92812
1.92812
1.92812
1.92812
1.92812
1.92812
1.92812
1.92812
1.92812
1.92812
1.92812
1.92812
1.92812
1.92812
1.92812
1.92812
1.92812
1.92812
1.92812
1.92812
1.92812
1.92812
1.92812
1.92812
1.92812
1.92812
1.92812
1.92812
1.92812
1.92812
1.92812
1.92812
1.92812
1.92812
1.92812
1.92812
1.92812
1.92812
1.92812
1.92812
1.92812
1.92812
1.92812
1.92812
1.92812
1.92812
1.92812
1.92812
1.92812
1.92812
1.92812
1.92812
1.92812
1.92812
1.92812
1.92812
1.92812
1.92812
1.92812
1.92812
1.92812
1.92812
1.92812
1.92812
1.92812
1.92812
1.92812
1.92812
1.92812
1.92812
1.92812
1.92812
1.92812
1.92812
1.92812
1.92812
1.92812
1.92812
1.92812
1.92812
1.92812
1.92812
1.92812
1.92812
1.92812
1.92812
1.92812
1.92812
1.92812
1.92812
1.92812
1.92812
1.92812
1.92812
1.92812
1.92812
1.92812
1.92812
1.92812
1.92812
1.92812
1.92812
1.92812
1.92812
1.92812
1.92812
1.92812
1.92812
1.92812
1.92812
1.92812
1.92812
1.92812
1.92812
1.92812
1.92812
1.92812
1.92812
1.92812
1.92812
1.92812
1.92812
1.92812
1.92812
1.92812
1.92812
1.92812
1.92812
1.92812
1.92812
1.92812
1.92812
1.92812
1.92812
1.92812
1.92812
1.92812
1.92812
1.92812
1.92812
1.92812
1.92812
1.92812
1.92812
1.92812
1.92812
1.92812
1.92812
1.92812
1.92812
1.92812
1.92812
1.92812
1.92812
1.92812
1.92812
1.92812
1.92812
1.92812
1.92812
1.92812
1.92812
1.92812
1.92812
1.92812
1.92812
1.92812
1.92812
1.92812
1.92812
1.92812
1.92812
1.92812
1.92812
1.92812
1.92812
1.92812
1.92812
1.92812
1.92812
1.92812
1.92812
1.92812
1.92812
1.92812
1.92812
1.92812
1.92812
1.92812
1.92812
1.92812
1.92812
1.92812
1.92812
1.92812
1.92812
1.92812
1.92812
1.92812
1.92812
1.92812
1.92812
1.92812
1.92812
1.92812
1.92812
1.92812
1.92812
1.92812
1.92812
1.92812
1.92812
1.92812
1.92812
1.92812
1.92812
1.92812
1.92812
1.92812
1.92812
1.92812
1.92812
1.92812
1.92812
1.92812
1.92812
1.92812
1.92812
1.92812
1.92812
1.92812
1.92812
1.92812
1.92812
1.92812
1.92812
1.92812
1.92812
1.92812
1.92812
1.92812
1.92812
1.92812
1.92812
1.92812
1.92812
1.92812
1.92812
1.92812
1.92812
1.92812
1.92812
1.92812
1.92812
1.92812
1.92812
1.92812
1.92812
1.92812
1.92812
1.92812
1.92812
1.92812
1.92812
1.92812
1.92812
1.92812
1.92812
1.92812
1.92812
1.92812
1.92812
1.92812
1.92812
1.92812
1.92812
1.92812
1.83364
1.4364
1.4364
1.4364
1.2676
0.48047
0.229458
0.229458
0.229458
0.229458
0.229458
0.229458
0.229458
0.229458
0.229458
0.229458
0.229458
0.229458
0.229458
0.136043
0.110066
0.0855154
0.0410603
0.0410603
0.0410603
0.0410603
0.00827262
0.00570369
0.00570369
0.00392962
0.00139966
0.000386099
0.000386099
0.000386099
0.000386099
0.000261506
0.000261506
0.000261506
3.93428e-05
3.93428e-05
3.93428e-05
3.11556e-05
1.85209e-05
1.85209e-05
4.07518e-06
4.07518e-06
4.07518e-06
4.07518e-06
4.07518e-06
2.12194e-06
2.12194e-06
1.46217e-06
1.46217e-06
6.25273e-07
2.72783e-07
1.23101e-07
1.23101e-07
1.23101e-07
4.2393e-09
4.2393e-09
4.2393e-09
1.02456e-09
1.02456e-09
7.2598e-10
7.2598e-10
7.2598e-10
7.2598e-10
2.28317e-10
2.28317e-10
2.28317e-10
2.28317e-10
1.29361e-10
1.29361e-10
1.15239e-10
1.15239e-10
9.84919e-11
3.49006e-11
3.49006e-11
3.49006e-11
3.49006e-11
3.49006e-11
3.49006e-11
3.49006e-11
3.49006e-11
3.49006e-11
3.49006e-11
3.49006e-11
3.49006e-11
3.49006e-11
3.49006e-11
3.49006e-11
3.49006e-11
3.49006e-11
3.49006e-11
3.49006e-11
3.49006e-11
3.49006e-11
3.49006e-11
3.49006e-11
3.49006e-11
3.49006e-11
3.49006e-11
3.49006e-11
3.49006e-11
3.49006e-11
3.49006e-11
3.49006e-11
3.49006e-11
3.49006e-11
3.49006e-11
3.49006e-11
3.49006e-11
3.49006e-11
3.49006e-11
3.49006e-11
3.49006e-11
3.49006e-11
3.49006e-11
3.49006e-11
3.49006e-11
3.49006e-11
3.49006e-11
3.49006e-11
3.49006e-11
3.49006e-11
3.49006e-11
3.49006e-11
3.49006e-11
3.49006e-11
3.49006e-11
3.49006e-11
3.49006e-11
3.49006e-11
3.49006e-11
3.49006e-11
3.49006e-11
3.49006e-11
3.49006e-11
3.49006e-11
3.49006e-11
3.49006e-11
3.49006e-11
3.49006e-11
3.49006e-11
3.49006e-11
3.49006e-11
3.49006e-11
3.49006e-11
3.49006e-11
3.49006e-11
3.49006e-11
3.49006e-11
3.49006e-11
3.49006e-11
3.49006e-11
3.49006e-11
3.49006e-11
3.49006e-11
3.49006e-11
3.49006e-11
3.49006e-11
3.49006e-11
3.49006e-11
3.49006e-11
3.49006e-11
3.49006e-11
3.49006e-11
3.49006e-11
3.49006e-11
3.49006e-11
3.49006e-11
3.49006e-11
3.49006e-11
3.49006e-11
3.49006e-11
3.49006e-11
3.49006e-11
3.49006e-11
3.49006e-11
3.49006e-11
3.49006e-11
3.49006e-11
3.49006e-11
3.49006e-11
3.49006e-11
3.49006e-11
3.49006e-11
3.49006e-11
3.49006e-11
3.49006e-11
3.49006e-11
3.49006e-11
3.49006e-11
3.49006e-11
3.49006e-11
3.49006e-11
3.49006e-11
3.49006e-11
3.49006e-11
3.49006e-11
3.49006e-11
3.49006e-11
3.49006e-11
3.49006e-11
3.49006e-11
3.49006e-11
3.49006e-11
3.49006e-11
3.49006e-11
3.49006e-11
3.49006e-11
3.49006e-11
3.49006e-11
3.49006e-11
3.49006e-11
3.49006e-11
3.49006e-11
3.49006e-11
3.49006e-11
3.49006e-11
3.49006e-11
3.49006e-11
3.49006e-11
3.49006e-11
3.49006e-11
3.49006e-11
3.49006e-11
3.49006e-11
3.49006e-11
3.49006e-11
3.49006e-11
3.49006e-11
3.49006e-11
3.49006e-11
3.49006e-11
3.49006e-11
3.49006e-11
3.49006e-11
3.49006e-11
3.49006e-11
3.49006e-11
3.49006e-11
3.49006e-11
3.49006e-11
3.49006e-11
3.49006e-11
3.49006e-11
3.49006e-11
3.49006e-11
3.49006e-11
3.49006e-11
3.49006e-11
3.49006e-11
3.49006e-11
3.49006e-11
3.49006e-11
3.49006e-11
3.49006e-11
3.49006e-11
3.49006e-11
3.49006e-11
3.49006e-11
3.49006e-11
3.49006e-11
3.49006e-11
3.49006e-11
3.49006e-11
3.49006e-11
3.49006e-11
3.49006e-11
3.49006e-11
3.49006e-11
3.49006e-11
3.49006e-11
3.49006e-11
3.49006e-11
3.49006e-11
3.49006e-11
3.49006e-11
3.49006e-11
3.49006e-11
3.49006e-11
3.49006e-11
3.49006e-11
3.49006e-11
3.49006e-11
3.49006e-11
3.49006e-11
3.49006e-11
3.49006e-11
3.49006e-11
3.49006e-11
3.49006e-11
3.49006e-11
3.49006e-11
3.49006e-11
3.49006e-11
3.49006e-11
3.49006e-11
3.49006e-11
3.49006e-11
3.49006e-11
3.49006e-11
3.49006e-11
3.49006e-11
3.49006e-11
3.49006e-11
3.49006e-11
3.49006e-11
3.49006e-11
3.49006e-11
3.49006e-11
3.49006e-11
3.49006e-11
3.49006e-11
3.49006e-11
3.49006e-11
3.49006e-11
3.49006e-11
3.49006e-11
3.49006e-11
3.49006e-11
3.49006e-11
3.49006e-11
3.49006e-11
3.49006e-11
3.49006e-11
3.49006e-11
3.49006e-11
3.49006e-11
3.49006e-11
3.49006e-11
3.49006e-11
3.49006e-11
3.49006e-11
3.49006e-11
3.49006e-11
3.49006e-11
3.49006e-11
3.49006e-11
3.49006e-11
3.49006e-11
3.49006e-11
3.49006e-11
3.49006e-11
3.49006e-11
3.49006e-11
3.49006e-11
3.49006e-11
3.49006e-11
3.49006e-11
3.49006e-11
3.49006e-11
3.49006e-11
3.49006e-11
3.49006e-11
3.49006e-11
3.49006e-11
3.49006e-11
3.49006e-11
3.49006e-11
3.49006e-11
3.49006e-11
3.49006e-11
3.49006e-11
3.49006e-11
3.49006e-11
3.49006e-11
3.49006e-11
3.49006e-11
3.49006e-11
3.49006e-11
3.49006e-11
3.49006e-11
3.49006e-11
3.49006e-11
3.49006e-11
3.49006e-11
3.49006e-11
3.49006e-11
3.49006e-11
3.49006e-11
3.49006e-11
3.49006e-11
3.49006e-11
3.49006e-11
3.49006e-11
3.49006e-11
3.49006e-11
3.49006e-11
3.49006e-11
3.49006e-11
3.49006e-11
3.49006e-11
3.49006e-11
3.49006e-11
3.49006e-11
3.49006e-11
3.49006e-11
3.49006e-11
3.49006e-11
3.49006e-11
3.49006e-11
3.49006e-11
3.49006e-11
3.49006e-11
3.49006e-11
3.49006e-11
3.49006e-11
3.49006e-11
3.49006e-11
3.49006e-11
3.49006e-11
3.49006e-11
3.49006e-11
3.49006e-11
3.49006e-11
3.49006e-11
3.49006e-11
3.49006e-11
3.49006e-11
3.49006e-11
3.49006e-11
3.49006e-11
3.49006e-11
3.49006e-11
3.49006e-11
3.49006e-11
3.49006e-11
3.49006e-11
3.49006e-11
3.49006e-11
3.49006e-11
3.49006e-11
3.49006e-11
3.49006e-11
3.49006e-11
3.49006e-11
3.49006e-11
3.49006e-11
3.49006e-11
3.49006e-11
3.49006e-11
3.49006e-11
3.49006e-11
3.49006e-11
3.49006e-11
3.49006e-11
3.49006e-11
3.49006e-11
3.49006e-11
3.49006e-11
3.49006e-11
3.49006e-11
3.49006e-11
3.49006e-11
3.49006e-11
3.49006e-11
3.49006e-11
3.49006e-11
3.49006e-11
3.49006e-11
3.49006e-11
3.49006e-11
3.49006e-11
3.49006e-11
3.49006e-11
3.49006e-11
3.49006e-11
3.49006e-11
3.49006e-11
3.49006e-11
3.49006e-11
3.49006e-11
3.49006e-11
3.49006e-11
3.49006e-11
3.49006e-11
3.49006e-11
3.49006e-11
3.49006e-11
3.49006e-11
3.49006e-11
3.49006e-11
3.49006e-11
3.49006e-11
3.49006e-11
3.49006e-11
3.49006e-11
3.49006e-11
3.49006e-11
3.49006e-11
3.49006e-11
3.49006e-11
3.49006e-11
3.49006e-11
3.49006e-11
3.49006e-11
3.49006e-11
3.49006e-11
3.49006e-11
3.49006e-11
3.49006e-11
3.49006e-11
3.49006e-11
3.49006e-11
3.49006e-11
3.49006e-11
3.49006e-11
3.49006e-11
3.49006e-11
3.49006e-11
3.49006e-11
3.49006e-11
3.49006e-11
3.49006e-11
3.49006e-11
3.49006e-11
3.49006e-11
3.49006e-11
3.49006e-11
3.49006e-11
3.49006e-11
3.49006e-11
3.49006e-11
3.49006e-11
3.49006e-11
3.49006e-11
3.49006e-11
3.49006e-11
3.49006e-11
3.49006e-11
3.49006e-11
3.49006e-11
3.49006e-11
3.49006e-11
3.49006e-11
3.49006e-11
3.49006e-11
3.49006e-11
3.49006e-11
3.49006e-11
3.49006e-11
3.49006e-11
3.49006e-11
3.49006e-11
3.49006e-11
3.49006e-11
3.49006e-11
3.49006e-11
3.49006e-11
3.49006e-11
3.49006e-11
3.49006e-11
3.49006e-11
3.49006e-11
3.49006e-11
3.49006e-11
3.49006e-11
3.49006e-11
3.49006e-11
3.49006e-11
3.49006e-11
3.49006e-11
3.49006e-11
3.49006e-11
3.49006e-11
3.49006e-11
3.49006e-11
3.49006e-11
3.49006e-11
3.49006e-11
3.49006e-11
3.49006e-11
3.49006e-11
3.49006e-11
3.49006e-11
3.49006e-11
3.49006e-11
3.49006e-11
3.49006e-11
3.49006e-11
3.49006e-11
3.49006e-11
3.49006e-11
3.49006e-11
3.49006e-11
3.49006e-11
3.49006e-11
3.49006e-11
3.49006e-11
3.49006e-11
3.49006e-11
3.49006e-11
3.49006e-11
3.49006e-11
3.49006e-11
3.49006e-11
3.49006e-11
3.49006e-11
3.49006e-11
3.49006e-11
3.49006e-11
3.49006e-11
3.49006e-11
3.49006e-11
3.49006e-11
3.49006e-11
3.49006e-11
3.49006e-11
3.49006e-11
3.49006e-11
3.49006e-11
3.49006e-11
3.49006e-11
3.49006e-11
3.49006e-11
3.49006e-11
3.49006e-11
3.49006e-11
3.49006e-11
3.49006e-11
3.49006e-11
3.49006e-11
3.49006e-11
3.49006e-11
3.49006e-11
3.49006e-11
3.49006e-11
3.49006e-11
3.49006e-11
3.49006e-11
3.49006e-11
3.49006e-11
3.49006e-11
3.49006e-11
3.49006e-11
3.49006e-11
3.49006e-11
3.49006e-11
3.49006e-11
3.49006e-11
3.49006e-11
3.49006e-11
3.49006e-11
3.49006e-11
3.49006e-11
3.49006e-11
3.49006e-11
3.49006e-11
3.49006e-11
3.49006e-11
3.49006e-11
3.49006e-11
3.49006e-11
3.49006e-11
3.49006e-11
3.49006e-11
3.49006e-11
3.49006e-11
3.49006e-11
9.00935e-12
9.00935e-12
9.00935e-12
9.00935e-12
9.00935e-12
9.00935e-12
9.00935e-12
9.00935e-12
9.00935e-12
9.00935e-12
9.00935e-12
9.00935e-12
9.00935e-12
9.00935e-12
9.00935e-12
9.00935e-12
9.00935e-12
9.00935e-12
9.00935e-12
9.00935e-12
9.00935e-12
9.00935e-12
9.00935e-12
9.00935e-12
9.00935e-12
9.00935e-12
9.00935e-12
9.00935e-12
9.00935e-12
9.00935e-12
9.00935e-12
9.00935e-12
9.00935e-12
9.00935e-12
9.00935e-12
9.00935e-12
9.00935e-12
9.00935e-12
9.00935e-12
9.00935e-12
9.00935e-12
9.00935e-12
9.00935e-12
9.00935e-12
9.00935e-12
9.00935e-12
9.00935e-12
9.00935e-12
9.00935e-12
9.00935e-12
9.00935e-12
9.00935e-12
9.00935e-12
9.00935e-12
9.00935e-12
9.00935e-12
9.00935e-12
9.00935e-12
9.00935e-12
9.00935e-12
9.00935e-12
9.00935e-12
9.00935e-12
9.00935e-12
9.00935e-12
9.00935e-12
9.00935e-12
9.00935e-12
9.00935e-12
9.00935e-12
9.00935e-12
9.00935e-12
9.00935e-12
