4.20946e+07
9.98412e+06
9.55103e+06
1.23754e+06
666424
666424
666424
28792.8
28792.8
49.209
49.209
49.209
49.209
49.209
49.209
49.209
24.1414
24.1414
22.0696
21.2045
21.2045
21.2045
20.784
20.784
20.5781
20.5781
20.5781
20.5781
20.5781
20.5781
20.5781
20.5781
20.5781
20.5781
20.5781
20.5781
20.5781
17.8628
17.8628
17.8628
17.8628
17.8628
17.8628
17.8628
17.8628
17.8628
17.8628
17.8628
17.8628
17.8628
17.8628
17.8628
17.8628
17.8628
15.319
15.319
15.319
15.319
15.319
15.319
15.319
15.319
15.319
15.319
14.4415
14.4415
14.4415
14.4415
14.4415
14.4415
14.4415
14.4415
14.4415
14.4415
14.4415
14.4415
14.4415
14.4415
14.4415
14.4415
14.4415
14.4415
14.4415
14.4415
14.4415
14.4415
14.4415
14.4415
14.4415
14.4415
14.4415
14.4415
14.4415
14.4415
14.4415
10.1164
10.1164
10.1164
10.1164
10.1164
10.1164
10.1164
10.1164
10.1164
10.1164
10.1164
10.1164
10.1164
10.1164
10.1164
10.1164
10.1164
10.1164
10.1164
10.1164
10.1164
10.1164
10.1164
10.1164
10.1164
10.1164
10.1164
10.1164
10.1164
10.1164
10.1164
10.1164
10.1164
10.1164
10.1164
10.1164
10.1164
10.1164
10.1164
10.1164
10.1164
10.1164
10.1164
10.1164
10.1164
10.1164
10.1164
10.1164
10.1164
10.1164
10.1164
10.1164
10.1164
10.1164
10.1164
10.1164
10.1164
10.1164
10.1164
10.1164
10.1164
10.1164
10.1164
10.1164
10.1164
10.1164
10.1164
10.1164
10.1164
10.1164
10.1164
10.1164
10.1164
10.1164
10.1164
10.1164
10.1164
10.1164
10.1164
10.1164
10.1164
10.1164
10.1164
10.1164
10.1164
10.1164
10.1164
10.1164
10.1164
10.1164
10.1164
10.1164
10.1164
10.1164
10.1164
10.1164
9.74449
9.74449
9.74449
9.74449
9.74449
9.74449
9.74449
9.74449
9.74449
9.74449
9.74449
9.74449
9.74449
9.74449
9.74449
9.74449
9.74449
9.74449
9.74449
9.74449
9.74449
9.74449
9.74449
9.74449
9.74449
9.74449
9.74449
9.74449
9.74449
9.74449
9.74449
9.74449
9.74449
9.74449
9.74449
9.74449
9.74449
9.74449
9.74449
9.74449
9.74449
9.74449
9.74449
9.74449
9.74449
9.74449
9.74449
9.74449
9.74449
9.74449
9.74449
9.74449
9.74449
9.74449
9.74449
9.74449
9.74449
9.74449
9.74449
9.74449
9.74449
9.74449
9.74449
9.74449
9.74449
9.74449
9.74449
9.74449
9.74449
9.74449
9.74449
9.74449
9.74449
9.74449
9.74449
9.74449
9.74449
9.74449
9.74449
9.74449
9.74449
9.74449
9.74449
9.74449
9.74449
9.74449
9.74449
9.74449
9.74449
9.74449
9.74449
9.74449
9.74449
9.74449
9.74449
9.74449
9.74449
9.74449
9.74449
9.74449
9.74449
9.74449
9.74449
9.74449
9.74449
9.74449
9.74449
9.74449
9.74449
9.74449
9.74449
9.74449
9.74449
9.74449
9.74449
9.74449
9.74449
9.74449
9.74449
9.74449
9.74449
9.74449
9.74449
9.74449
9.74449
9.74449
9.74449
9.74449
9.74449
9.74449
9.74449
9.74449
9.74449
9.74449
9.74449
9.74449
9.74449
9.74449
9.74449
9.74449
9.74449
9.74449
9.74449
9.74449
9.74449
9.74449
9.74449
9.74449
9.74449
9.74449
9.74449
9.74449
9.74449
9.74449
9.74449
9.74449
9.74449
9.74449
9.74449
9.74449
9.74449
9.74449
9.74449
9.74449
9.74449
9.74449
9.74449
9.74449
9.74449
9.74449
9.74449
9.74449
9.74449
9.74449
9.74449
9.74449
9.74449
9.74449
9.74449
9.74449
9.74449
9.74449
9.74449
9.74449
9.74449
9.74449
9.74449
9.74449
9.74449
9.74449
9.74449
9.74449
9.74449
9.74449
9.74449
9.74449
9.74449
9.74449
9.74449
9.74449
9.74449
9.74449
9.74449
9.74449
9.74449
9.74449
9.74449
9.74449
9.74449
9.74449
9.74449
9.74449
9.74449
9.74449
9.74449
9.74449
9.74449
9.74449
9.74449
9.74449
9.74449
9.74449
9.74449
9.74449
9.74449
9.74449
9.74449
9.74449
9.74449
9.74449
9.74449
9.74449
9.74449
9.74449
9.74449
9.74449
9.74449
9.74449
9.74449
9.74449
9.74449
9.74449
9.74449
9.74449
9.74449
9.74449
9.74449
9.74449
9.74449
9.74449
9.74449
9.74449
9.74449
9.74449
9.74449
9.74449
9.74449
9.74449
9.74449
9.74449
9.74449
9.74449
9.74449
9.74449
9.74449
9.74449
9.74449
9.74449
9.74449
9.74449
9.74449
9.74449
9.74449
9.74449
9.74449
9.74449
9.74449
9.74449
9.74449
9.74449
9.74449
9.74449
9.74449
9.74449
9.74449
9.74449
9.74449
9.74449
9.74449
9.74449
9.74449
9.74449
9.74449
9.74449
9.74449
9.74449
9.74449
9.74449
9.74449
9.74449
9.74449
9.74449
9.74449
9.74449
9.74449
9.74449
9.74449
9.74449
9.74449
9.74449
9.74449
9.74449
9.74449
9.74449
9.74449
9.74449
9.74449
9.74449
9.74449
9.74449
9.74449
9.74449
9.74449
9.74449
9.74449
9.74449
9.74449
9.74449
9.74449
9.74449
9.74449
9.74449
9.74449
9.74449
9.74449
9.74449
9.74449
9.74449
9.74449
9.74449
9.74449
9.74449
9.74449
9.74449
9.74449
9.74449
9.74449
9.74449
9.74449
9.74449
9.74449
9.74449
9.74449
9.74449
9.74449
9.74449
9.74449
9.74449
9.74449
9.74449
9.74449
9.74449
9.74449
9.74449
9.74449
9.74449
9.74449
9.74449
9.74449
9.74449
9.74449
9.74449
9.74449
9.74449
9.74449
9.74449
9.74449
9.74449
9.74449
9.74449
9.74449
9.74449
9.74449
9.74449
9.74449
9.74449
9.74449
9.74449
9.74449
9.74449
9.74449
9.74449
9.74449
9.74449
9.74449
9.74449
9.74449
9.74449
9.74449
9.74449
9.74449
9.74449
9.74449
9.74449
9.74449
9.74449
9.74449
9.74449
9.74449
9.74449
9.74449
9.74449
9.74449
9.74449
9.74449
9.74449
9.74449
9.74449
9.74449
9.74449
9.74449
9.74449
9.74449
9.74449
9.74449
9.74449
9.74449
9.74449
9.74449
9.74449
9.74449
9.74449
9.74449
9.74449
9.74449
9.74449
9.74449
9.74449
9.74449
9.74449
9.74449
9.74449
9.74449
9.74449
9.74449
9.74449
9.74449
9.74449
9.74449
9.74449
9.74449
9.74449
9.74449
9.74449
9.74449
9.74449
9.74449
9.74449
9.74449
9.74449
9.74449
9.74449
9.74449
9.74449
9.74449
9.74449
9.74449
9.74449
9.74449
9.74449
9.74449
9.74449
9.74449
9.74449
9.74449
9.74449
9.74449
9.74449
9.74449
9.74449
9.74449
9.74449
9.74449
9.74449
9.74449
9.74449
9.74449
9.74449
9.74449
9.74449
9.74449
9.74449
9.74449
9.74449
9.74449
9.74449
9.74449
9.74449
9.74449
9.74449
9.74449
9.74449
9.74449
9.74449
9.74449
9.74449
9.74449
9.74449
9.74449
9.74449
9.74449
9.74449
9.74449
9.74449
9.74449
9.74449
9.74449
9.74449
9.74449
9.74449
9.74449
9.74449
9.74449
9.74449
9.74449
9.74449
9.74449
9.74449
9.74449
9.74449
9.74449
9.74449
9.74449
9.74449
9.74449
9.74449
9.74449
9.74449
9.74449
9.74449
7.09683
7.09683
7.09683
7.09683
7.09683
7.09683
7.09683
7.09683
7.09683
7.09683
7.09683
7.09683
7.09683
7.09683
7.09683
7.09683
7.09683
7.09683
7.09683
7.09683
7.09683
7.09683
7.09683
7.09683
7.09683
7.09683
7.09683
7.09683
7.09683
7.09683
7.09683
7.09683
7.09683
7.09683
7.09683
7.09683
7.09683
7.09683
7.09683
7.09683
7.09683
7.09683
7.09683
7.09683
7.09683
7.09683
7.09683
7.09683
7.09683
7.09683
7.09683
7.09683
7.09683
7.09683
7.09683
7.09683
7.09683
7.09683
7.09683
7.09683
7.09683
7.09683
7.09683
7.09683
7.09683
7.09683
7.09683
7.09683
7.09683
7.09683
7.09683
7.09683
7.09683
7.09683
7.09683
7.09683
7.09683
7.09683
7.09683
7.09683
7.09683
7.09683
7.09683
7.09683
7.09683
7.09683
7.09683
7.09683
7.09683
7.09683
7.09683
7.09683
7.09683
7.09683
7.09683
7.09683
7.09683
7.09683
7.09683
7.09683
7.09683
7.09683
7.09683
7.09683
7.09683
7.09683
7.09683
7.09683
7.09683
7.09683
7.09683
7.09683
7.09683
7.09683
7.09683
7.09683
6.34238
4.99327
4.99327
4.99327
4.99327
4.84553
4.84553
3.5912
3.5912
3.5912
3.5912
3.5912
3.5912
3.5912
3.5912
3.5912
3.5912
3.5912
3.5912
2.98043
2.98043
2.98043
2.98043
2.98043
2.98043
2.98043
2.98043
2.98043
2.98043
2.98043
2.98043
2.98043
2.98043
2.98043
2.98043
2.98043
2.98043
2.98043
2.98043
2.98043
2.98043
2.98043
2.98043
2.98043
2.98043
2.98043
2.98043
2.98043
2.98043
2.98043
2.98043
2.98043
2.98043
2.98043
2.98043
2.98043
2.98043
2.98043
2.98043
2.98043
2.98043
2.98043
2.98043
2.98043
2.98043
2.98043
2.98043
2.81098
2.38558
2.2561
2.1948
2.1948
2.1948
2.1948
2.1948
2.1948
2.1948
2.1948
2.1948
2.1948
2.1948
2.1948
2.1948
2.1948
2.1948
2.1948
2.1948
2.1948
2.1948
2.18834
2.14145
2.11952
2.11952
2.11674
2.11113
2.10961
2.10961
2.10706
2.1062
2.09923
2.09923
2.09502
2.09344
2.09344
2.09344
2.09344
2.09344
2.09344
2.09344
2.09344
2.09344
2.09344
2.09344
2.09344
2.09344
2.09344
2.09344
2.09344
2.09344
2.09344
2.09344
2.09344
2.09344
2.09344
2.09344
2.09344
2.09344
2.09344
2.09344
2.09344
2.09344
2.09344
2.09344
2.09344
2.09337
2.09325
2.09325
2.09282
2.09262
2.09247
2.0919
2.09171
2.09126
2.09126
2.09126
2.09126
2.09126
2.09126
2.09126
2.09126
2.09126
2.09126
2.09126
2.09126
2.09126
2.09126
2.09126
2.09126
2.09126
2.09126
2.09126
2.09126
2.09126
2.09126
2.09126
2.09126
2.09126
2.09126
2.09126
2.09126
2.09126
2.09126
2.09126
2.09126
2.09126
2.09126
2.09126
2.09126
2.09126
2.09126
2.09126
2.09126
2.09126
2.09126
2.09126
2.09126
2.09126
2.09126
2.09126
2.09126
2.09126
2.09126
2.09126
2.09126
2.09126
2.09126
2.09126
2.09126
2.09126
2.09126
2.09126
2.09126
2.09126
2.09126
2.09126
2.09126
2.09126
2.09126
2.09126
2.09126
2.09126
2.09126
2.09126
2.09126
2.09126
2.09126
2.09126
2.09126
2.09126
2.09126
2.09126
2.09126
2.09126
2.09126
2.09126
2.09126
2.09126
2.09126
2.09126
2.09126
2.09126
2.09126
2.09126
2.09126
2.09126
2.09126
2.09126
2.09126
2.09126
2.09126
2.09126
2.09126
2.09126
2.09126
2.09126
2.09126
2.09126
2.09126
2.09126
2.09126
2.09126
2.09126
2.09126
2.09126
2.09126
2.09126
2.09126
2.09126
2.09126
2.09126
2.09126
2.09126
2.09126
2.09126
2.09126
2.09126
2.09126
2.09126
2.09126
2.09126
2.09126
2.09126
2.09126
2.09126
2.09126
2.09126
2.09126
2.09126
2.09126
2.09126
2.09126
2.09126
2.09126
2.09126
2.09126
2.09126
2.09126
2.09126
2.09126
2.09126
2.09126
2.09126
2.09126
2.09126
2.09126
2.09126
2.09126
2.09126
2.09126
2.09126
2.09126
2.09126
2.09126
2.09126
2.09126
2.09126
2.09126
2.09126
2.09126
2.09126
2.09126
2.09126
2.09126
2.09126
2.09126
2.09126
2.09126
2.09126
2.09126
2.09126
2.09126
2.09126
2.09126
2.09126
2.09126
2.09126
2.09126
2.09126
2.09126
2.09126
2.09126
2.09126
2.09126
2.09126
2.09126
2.09126
2.09126
2.09126
2.09126
2.09126
2.09126
2.09126
2.09126
2.09126
2.09126
2.09126
2.09126
2.09126
2.09126
2.09126
2.09126
2.09126
2.09126
2.09126
2.09126
2.09126
2.09126
2.09126
2.09126
2.09126
2.09126
2.09126
2.09126
2.09126
2.09126
2.09126
2.09126
2.09126
2.09126
2.09126
2.09126
2.09126
2.09126
2.09126
2.09126
2.09126
2.09126
2.09126
2.09126
2.09126
2.09126
2.09126
2.09126
2.09126
2.09126
2.09126
2.09126
2.09126
2.09126
2.09126
2.09126
2.09126
2.09126
2.09126
2.09126
2.09126
2.09126
2.09126
2.09126
2.09126
2.09126
2.09126
2.09126
2.09126
2.09126
2.09126
2.09126
2.09126
2.09126
2.09126
2.09126
2.09126
2.09126
2.09126
2.09126
2.09126
2.09126
2.09126
2.09126
2.09126
2.09126
2.09126
2.09126
2.09126
2.09126
2.09126
2.09126
2.09126
2.09126
2.09126
2.09126
2.09126
2.09126
2.09126
2.09126
2.09126
2.09126
2.09126
2.09126
2.09126
2.09126
2.09126
2.09126
2.09126
2.09126
2.09126
2.09126
2.09126
2.09126
2.09126
2.09126
2.09126
2.09126
2.09126
2.09126
2.09126
2.09126
2.09126
2.09126
2.09126
2.09126
2.09126
2.09126
2.09126
2.09126
2.09126
2.09126
2.09126
2.09126
2.09126
2.09126
2.09126
2.09126
2.09126
2.09126
2.09126
2.09126
2.09126
2.09126
2.09126
2.09126
2.09126
2.09126
2.09126
2.09126
2.09126
2.09126
2.09126
2.09126
2.09126
2.09126
2.09126
2.09126
2.09126
2.09126
2.09126
2.09126
2.09126
2.09126
2.09126
2.09126
2.09126
2.09126
2.09126
2.09126
2.09126
2.09126
2.09126
2.09126
2.09126
2.09126
2.09126
2.09126
2.09126
2.09126
2.09126
2.09126
2.09126
2.09126
2.09126
2.09126
2.09126
2.09126
2.09126
2.09126
2.09126
2.09126
2.09126
2.09126
2.09126
2.09126
2.09126
2.09126
2.09126
2.09126
2.09126
2.09126
2.09126
2.09126
2.09126
2.09126
2.09126
2.09126
2.09126
2.09126
2.09126
2.09126
2.09126
2.09126
2.09126
2.09126
2.09126
2.09126
2.09126
2.09126
2.09126
2.09126
2.09126
2.09126
2.09126
2.09126
2.09126
2.09126
1.86151
1.86151
1.86151
1.86151
1.86151
1.86151
1.86151
1.86151
1.86151
1.86151
1.86151
1.86151
1.86151
1.86151
1.86151
1.86151
1.86151
1.86151
1.86151
1.86151
1.86151
1.86151
1.86151
1.86151
1.86151
1.86151
1.86151
1.86151
1.86151
1.86151
1.86151
1.86151
1.86151
1.86151
1.86151
1.86151
1.86151
1.86151
1.86151
1.86151
1.86151
1.86151
1.86151
1.86151
1.86151
1.86151
1.86151
1.86151
1.86151
1.86151
1.86151
1.86151
1.86151
1.86151
1.86151
1.86151
1.86151
1.86151
1.86151
1.86151
1.86151
1.86151
1.86151
1.86151
1.86151
1.86151
1.86151
1.86151
1.86151
1.86151
1.86151
1.86151
1.86151
1.86151
1.86151
1.86151
1.86151
1.86151
1.86151
1.86151
1.86151
1.86151
1.86151
1.86151
1.86151
1.86151
1.86151
1.86151
1.86151
1.86151
1.86151
1.86151
1.86151
1.86151
1.86151
1.86151
1.86151
1.86151
1.86151
1.86151
1.86151
1.86151
1.86151
1.86151
1.86151
1.86151
1.86151
1.86151
1.86151
1.86151
1.86151
1.86151
1.86151
1.86151
1.86151
1.86151
1.86151
1.86151
1.86151
1.86151
1.86151
1.86151
1.86151
1.86151
1.86151
1.86151
1.86151
1.86151
1.86151
1.86151
1.86151
1.86151
1.86151
1.86151
1.86151
1.86151
1.86151
1.86151
1.86151
1.86151
1.86151
1.86151
1.86151
1.86151
1.86151
1.86151
1.86151
1.86151
1.86151
1.86151
1.86151
1.86151
1.86151
1.86151
1.86151
1.86151
1.86151
1.86151
1.86151
1.86151
1.86151
1.86151
1.86151
1.86151
1.86151
1.86151
1.86151
1.86151
1.86151
1.86151
1.86151
1.86151
1.86151
1.86151
1.86151
1.86151
1.86151
1.86151
1.86151
1.86151
1.86151
1.86151
1.86151
1.86151
1.86151
1.86151
1.86151
1.86151
1.86151
1.86151
1.86151
1.86151
1.86151
1.86151
1.86151
1.86151
1.86151
1.86151
1.86151
1.86151
1.86151
1.86151
1.86151
1.86151
1.86151
1.86151
1.86151
1.86151
1.86151
1.86151
1.86151
1.86151
1.86151
1.86151
1.86151
1.86151
1.56579
1.56579
1.56579
1.56579
1.56579
1.56579
1.56579
1.56579
1.56579
1.56579
1.56579
1.56579
1.56579
1.56579
1.56579
1.56579
1.56579
1.56579
1.56579
1.56579
1.56579
1.56579
1.56579
1.56579
1.56579
1.56579
1.56579
1.56579
1.56579
1.56579
1.56579
1.56579
1.56579
1.56579
1.56579
1.56579
1.56579
1.56579
1.56579
0.186422
0.186422
0.186422
0.186422
0.17966
0.113411
0.113411
0.113411
0.113411
0.113411
0.0550906
0.00676432
0.00676432
0.00542416
0.00333738
0.00235793
0.00123795
0.000896823
0.000363108
0.000339679
0.00013158
9.85732e-05
6.61426e-05
5.99522e-05
4.31869e-05
3.18309e-05
2.4702e-05
1.70794e-05
1.34896e-05
7.53454e-06
3.82886e-06
3.82886e-06
2.68505e-06
1.09427e-06
1.08893e-06
5.36582e-07
3.54144e-07
1.86094e-07
1.29705e-07
5.40424e-08
4.61952e-08
1.48452e-08
1.48452e-08
6.74173e-09
6.17125e-09
3.41462e-09
2.32077e-09
2.32077e-09
2.32077e-09
2.32077e-09
2.32077e-09
2.32077e-09
2.32077e-09
2.32077e-09
2.32077e-09
2.32077e-09
2.32077e-09
2.32077e-09
2.32077e-09
2.32077e-09
2.32077e-09
2.32077e-09
2.32077e-09
2.32077e-09
2.32077e-09
2.32077e-09
2.32077e-09
2.32077e-09
2.32077e-09
2.32077e-09
2.32077e-09
2.32077e-09
2.32077e-09
2.32077e-09
2.32077e-09
2.32077e-09
2.32077e-09
2.32077e-09
2.32077e-09
2.32077e-09
2.32077e-09
2.32077e-09
2.32077e-09
2.32077e-09
2.32077e-09
2.32077e-09
2.32077e-09
2.32077e-09
2.32077e-09
2.32077e-09
2.32077e-09
2.32077e-09
2.32077e-09
2.32077e-09
2.32077e-09
2.32077e-09
2.32077e-09
2.32077e-09
2.32077e-09
2.32077e-09
2.32077e-09
2.32077e-09
2.32077e-09
2.32077e-09
2.32077e-09
2.32077e-09
2.32077e-09
2.32077e-09
2.32077e-09
2.32077e-09
2.32077e-09
2.32077e-09
2.32077e-09
2.32077e-09
2.32077e-09
2.32077e-09
2.32077e-09
2.32077e-09
2.32077e-09
2.32077e-09
2.32077e-09
2.32077e-09
2.32077e-09
2.32077e-09
2.32077e-09
2.32077e-09
2.32077e-09
2.32077e-09
2.32077e-09
2.32077e-09
2.32077e-09
2.32077e-09
2.32077e-09
2.32077e-09
2.32077e-09
2.32077e-09
2.32077e-09
2.32077e-09
2.32077e-09
2.32077e-09
2.32077e-09
2.32077e-09
2.32077e-09
2.32077e-09
2.32077e-09
2.32077e-09
2.32077e-09
2.32077e-09
2.32077e-09
2.32077e-09
2.32077e-09
2.32077e-09
2.32077e-09
2.32077e-09
2.32077e-09
2.32077e-09
2.32077e-09
2.32077e-09
2.32077e-09
2.32077e-09
2.32077e-09
2.32077e-09
2.32077e-09
2.32077e-09
2.32077e-09
2.32077e-09
2.32077e-09
2.32077e-09
2.32077e-09
2.32077e-09
2.32077e-09
2.32077e-09
2.32077e-09
2.32077e-09
2.32077e-09
2.32077e-09
2.32077e-09
2.32077e-09
2.32077e-09
2.32077e-09
2.32077e-09
2.32077e-09
2.32077e-09
2.32077e-09
2.32077e-09
2.32077e-09
2.32077e-09
2.32077e-09
2.32077e-09
2.32077e-09
2.32077e-09
2.32077e-09
2.32077e-09
2.32077e-09
2.32077e-09
2.32077e-09
2.32077e-09
2.32077e-09
2.32077e-09
2.32077e-09
2.32077e-09
2.32077e-09
2.32077e-09
2.32077e-09
2.32077e-09
2.32077e-09
2.32077e-09
2.32077e-09
2.32077e-09
2.32077e-09
2.32077e-09
2.32077e-09
2.32077e-09
2.32077e-09
2.32077e-09
2.32077e-09
2.32077e-09
2.32077e-09
2.32077e-09
2.32077e-09
2.32077e-09
2.32077e-09
2.32077e-09
2.32077e-09
2.32077e-09
2.32077e-09
2.32077e-09
2.32077e-09
2.32077e-09
2.32077e-09
2.32077e-09
2.32077e-09
2.32077e-09
2.32077e-09
2.32077e-09
2.32077e-09
2.32077e-09
2.32077e-09
2.32077e-09
2.32077e-09
2.32077e-09
2.32077e-09
2.32077e-09
2.32077e-09
2.32077e-09
2.32077e-09
2.32077e-09
2.32077e-09
2.32077e-09
2.32077e-09
2.32077e-09
2.32077e-09
2.32077e-09
2.32077e-09
2.32077e-09
2.32077e-09
2.32077e-09
2.32077e-09
2.32077e-09
2.32077e-09
2.32077e-09
2.32077e-09
2.32077e-09
2.32077e-09
2.32077e-09
2.32077e-09
2.32077e-09
2.32077e-09
2.32077e-09
2.32077e-09
2.32077e-09
2.32077e-09
2.32077e-09
2.32077e-09
2.32077e-09
2.32077e-09
2.32077e-09
2.32077e-09
2.32077e-09
2.32077e-09
2.32077e-09
2.32077e-09
2.32077e-09
2.32077e-09
2.32077e-09
2.32077e-09
2.32077e-09
2.32077e-09
2.32077e-09
2.32077e-09
2.32077e-09
2.32077e-09
2.32077e-09
2.32077e-09
2.32077e-09
2.32077e-09
2.32077e-09
2.32077e-09
2.32077e-09
2.32077e-09
2.32077e-09
2.32077e-09
2.32077e-09
2.32077e-09
2.32077e-09
2.32077e-09
2.32077e-09
2.32077e-09
2.32077e-09
2.32077e-09
2.32077e-09
2.32077e-09
2.32077e-09
2.32077e-09
2.32077e-09
2.32077e-09
2.32077e-09
2.32077e-09
2.32077e-09
2.32077e-09
2.32077e-09
2.32077e-09
2.32077e-09
2.32077e-09
2.32077e-09
2.32077e-09
2.32077e-09
2.32077e-09
2.32077e-09
2.32077e-09
2.32077e-09
2.32077e-09
2.32077e-09
2.32077e-09
2.32077e-09
2.32077e-09
2.32077e-09
2.32077e-09
2.32077e-09
2.32077e-09
2.32077e-09
2.32077e-09
2.32077e-09
2.32077e-09
2.32077e-09
2.32077e-09
2.32077e-09
2.32077e-09
2.32077e-09
2.32077e-09
2.32077e-09
2.32077e-09
2.32077e-09
2.32077e-09
2.32077e-09
2.32077e-09
2.32077e-09
2.32077e-09
2.32077e-09
2.32077e-09
2.32077e-09
2.32077e-09
2.32077e-09
2.32077e-09
2.32077e-09
2.32077e-09
2.32077e-09
2.32077e-09
2.32077e-09
2.32077e-09
2.32077e-09
2.32077e-09
2.32077e-09
2.32077e-09
2.32077e-09
2.32077e-09
2.32077e-09
2.32077e-09
2.32077e-09
2.32077e-09
2.32077e-09
2.32077e-09
2.32077e-09
2.32077e-09
2.32077e-09
2.32077e-09
2.32077e-09
2.32077e-09
2.32077e-09
2.32077e-09
2.32077e-09
2.32077e-09
2.32077e-09
2.32077e-09
2.32077e-09
2.32077e-09
2.32077e-09
2.32077e-09
2.32077e-09
2.32077e-09
2.32077e-09
2.32077e-09
2.32077e-09
2.32077e-09
2.32077e-09
2.32077e-09
2.32077e-09
2.32077e-09
2.32077e-09
2.32077e-09
2.32077e-09
2.32077e-09
2.32077e-09
2.32077e-09
2.32077e-09
2.32077e-09
2.32077e-09
2.32077e-09
2.32077e-09
2.32077e-09
2.32077e-09
2.32077e-09
2.32077e-09
2.32077e-09
2.32077e-09
2.32077e-09
2.32077e-09
2.32077e-09
2.32077e-09
2.32077e-09
2.32077e-09
2.32077e-09
2.32077e-09
2.32077e-09
2.32077e-09
2.32077e-09
2.32077e-09
2.32077e-09
2.32077e-09
2.32077e-09
2.32077e-09
2.32077e-09
2.32077e-09
2.32077e-09
2.32077e-09
2.32077e-09
2.32077e-09
2.32077e-09
2.32077e-09
2.32077e-09
2.32077e-09
2.32077e-09
2.32077e-09
2.32077e-09
2.32077e-09
2.32077e-09
2.32077e-09
2.32077e-09
2.32077e-09
2.32077e-09
2.32077e-09
2.32077e-09
2.32077e-09
2.32077e-09
2.32077e-09
2.32077e-09
2.32077e-09
2.32077e-09
2.32077e-09
2.32077e-09
2.32077e-09
2.32077e-09
2.32077e-09
2.32077e-09
2.32077e-09
2.32077e-09
2.32077e-09
2.32077e-09
2.32077e-09
2.32077e-09
2.32077e-09
2.32077e-09
2.32077e-09
2.32077e-09
2.32077e-09
2.32077e-09
2.32077e-09
2.32077e-09
2.32077e-09
2.32077e-09
2.32077e-09
2.32077e-09
2.32077e-09
2.32077e-09
2.32077e-09
2.32077e-09
2.32077e-09
2.32077e-09
2.32077e-09
2.32077e-09
2.32077e-09
2.32077e-09
2.32077e-09
2.32077e-09
2.32077e-09
2.32077e-09
2.32077e-09
2.32077e-09
2.32077e-09
2.32077e-09
2.32077e-09
2.32077e-09
2.32077e-09
2.32077e-09
2.32077e-09
2.32077e-09
2.32077e-09
2.32077e-09
2.32077e-09
2.32077e-09
2.32077e-09
2.32077e-09
2.32077e-09
2.32077e-09
2.32077e-09
2.32077e-09
2.32077e-09
2.32077e-09
2.32077e-09
2.32077e-09
2.32077e-09
2.32077e-09
2.32077e-09
2.32077e-09
2.32077e-09
2.32077e-09
2.32077e-09
2.32077e-09
2.32077e-09
2.32077e-09
2.32077e-09
2.32077e-09
2.32077e-09
2.32077e-09
2.32077e-09
2.32077e-09
2.32077e-09
2.32077e-09
2.32077e-09
2.32077e-09
2.32077e-09
2.32077e-09
2.32077e-09
2.32077e-09
2.32077e-09
2.32077e-09
2.32077e-09
2.32077e-09
2.32077e-09
2.32077e-09
2.32077e-09
2.32077e-09
2.32077e-09
2.32077e-09
2.32077e-09
2.32077e-09
2.32077e-09
2.32077e-09
2.32077e-09
2.32077e-09
2.32077e-09
2.32077e-09
2.32077e-09
2.32077e-09
2.32077e-09
2.32077e-09
2.32077e-09
2.32077e-09
2.32077e-09
2.32077e-09
2.32077e-09
2.32077e-09
2.32077e-09
2.32077e-09
2.32077e-09
2.32077e-09
2.32077e-09
2.32077e-09
2.32077e-09
2.32077e-09
2.32077e-09
2.32077e-09
2.32077e-09
2.32077e-09
2.32077e-09
2.32077e-09
2.32077e-09
2.32077e-09
2.32077e-09
2.32077e-09
2.32077e-09
2.32077e-09
2.32077e-09
2.32077e-09
2.32077e-09
2.32077e-09
2.32077e-09
2.32077e-09
2.32077e-09
2.32077e-09
2.32077e-09
2.32077e-09
2.32077e-09
2.32077e-09
2.32077e-09
2.32077e-09
2.32077e-09
2.32077e-09
2.32077e-09
2.32077e-09
2.32077e-09
2.32077e-09
2.32077e-09
2.32077e-09
2.32077e-09
2.32077e-09
2.32077e-09
2.32077e-09
2.32077e-09
2.32077e-09
2.32077e-09
2.32077e-09
2.32077e-09
2.32077e-09
2.32077e-09
2.32077e-09
2.32077e-09
2.32077e-09
2.32077e-09
2.32077e-09
2.32077e-09
2.32077e-09
2.32077e-09
2.32077e-09
2.32077e-09
2.32077e-09
2.32077e-09
2.32077e-09
2.32077e-09
2.32077e-09
2.32077e-09
2.32077e-09
2.32077e-09
2.32077e-09
2.32077e-09
2.32077e-09
2.32077e-09
2.32077e-09
2.32077e-09
2.32077e-09
2.32077e-09
2.32077e-09
2.32077e-09
2.32077e-09
2.32077e-09
2.32077e-09
2.32077e-09
2.32077e-09
2.32077e-09
2.32077e-09
2.32077e-09
2.32077e-09
2.32077e-09
2.32077e-09
2.32077e-09
2.32077e-09
2.32077e-09
2.32077e-09
2.32077e-09
2.32077e-09
2.32077e-09
2.32077e-09
2.32077e-09
2.32077e-09
2.32077e-09
2.32077e-09
2.32077e-09
2.32077e-09
2.32077e-09
2.32077e-09
2.32077e-09
2.32077e-09
2.32077e-09
2.32077e-09
2.32077e-09
2.32077e-09
2.32077e-09
2.32077e-09
2.32077e-09
2.32077e-09
2.32077e-09
2.32077e-09
2.32077e-09
2.32077e-09
2.32077e-09
2.32077e-09
2.32077e-09
2.32077e-09
2.32077e-09
2.32077e-09
2.32077e-09
2.32077e-09
2.32077e-09
2.32077e-09
2.32077e-09
2.32077e-09
2.32077e-09
2.32077e-09
2.32077e-09
2.32077e-09
2.32077e-09
2.32077e-09
2.32077e-09
2.32077e-09
2.32077e-09
2.32077e-09
2.32077e-09
2.32077e-09
2.32077e-09
2.32077e-09
2.32077e-09
2.32077e-09
2.32077e-09
2.32077e-09
2.32077e-09
2.32077e-09
2.32077e-09
2.32077e-09
2.32077e-09
2.32077e-09
2.32077e-09
2.32077e-09
2.32077e-09
2.32077e-09
2.32077e-09
2.32077e-09
2.32077e-09
2.32077e-09
2.32077e-09
2.32077e-09
2.32077e-09
2.32077e-09
2.32077e-09
2.32077e-09
2.32077e-09
2.32077e-09
2.32077e-09
2.32077e-09
2.32077e-09
2.32077e-09
2.32077e-09
2.32077e-09
2.32077e-09
2.32077e-09
2.32077e-09
2.32077e-09
2.32077e-09
2.32077e-09
2.32077e-09
2.32077e-09
2.32077e-09
2.32077e-09
2.32077e-09
2.32077e-09
2.32077e-09
2.32077e-09
2.32077e-09
2.32077e-09
2.32077e-09
2.32077e-09
2.32077e-09
2.32077e-09
2.32077e-09
2.32077e-09
2.32077e-09
2.32077e-09
2.32077e-09
2.32077e-09
2.32077e-09
2.32077e-09
2.32077e-09
2.32077e-09
2.32077e-09
2.32077e-09
2.32077e-09
2.32077e-09
2.32077e-09
2.32077e-09
2.32077e-09
2.32077e-09
2.32077e-09
2.32077e-09
2.32077e-09
2.32077e-09
2.32077e-09
2.32077e-09
2.32077e-09
2.32077e-09
2.32077e-09
2.32077e-09
2.32077e-09
2.32077e-09
2.32077e-09
2.32077e-09
2.32077e-09
2.32077e-09
2.32077e-09
2.32077e-09
2.32077e-09
2.32077e-09
2.32077e-09
2.32077e-09
2.32077e-09
2.32077e-09
2.32077e-09
2.32077e-09
2.32077e-09
2.32077e-09
2.32077e-09
2.32077e-09
2.32077e-09
2.32077e-09
2.32077e-09
2.32077e-09
2.32077e-09
2.32077e-09
2.32077e-09
2.32077e-09
2.32077e-09
2.32077e-09
2.32077e-09
2.32077e-09
2.32077e-09
2.32077e-09
2.32077e-09
2.32077e-09
2.32077e-09
2.32077e-09
2.32077e-09
2.32077e-09
2.32077e-09
2.32077e-09
2.32077e-09
2.32077e-09
2.32077e-09
2.32077e-09
2.32077e-09
2.32077e-09
2.32077e-09
2.32077e-09
2.32077e-09
2.32077e-09
2.32077e-09
2.32077e-09
2.32077e-09
2.32077e-09
2.32077e-09
2.32077e-09
2.32077e-09
2.32077e-09
2.32077e-09
2.32077e-09
2.32077e-09
2.32077e-09
2.32077e-09
2.32077e-09
2.32077e-09
2.32077e-09
2.32077e-09
2.32077e-09
2.32077e-09
2.32077e-09
2.32077e-09
2.32077e-09
2.32077e-09
2.32077e-09
2.32077e-09
2.32077e-09
2.32077e-09
2.32077e-09
2.32077e-09
2.32077e-09
2.32077e-09
2.32077e-09
2.32077e-09
2.32077e-09
2.32077e-09
2.32077e-09
2.32077e-09
2.32077e-09
2.32077e-09
2.32077e-09
2.32077e-09
2.32077e-09
2.32077e-09
2.32077e-09
2.32077e-09
2.32077e-09
2.32077e-09
2.32077e-09
2.32077e-09
2.32077e-09
2.32077e-09
2.32077e-09
2.32077e-09
2.32077e-09
2.32077e-09
2.32077e-09
2.32077e-09
2.32077e-09
2.32077e-09
2.32077e-09
2.32077e-09
2.32077e-09
2.32077e-09
2.32077e-09
2.32077e-09
2.32077e-09
2.32077e-09
2.32077e-09
2.32077e-09
2.32077e-09
2.32077e-09
2.32077e-09
2.32077e-09
2.32077e-09
2.32077e-09
2.32077e-09
2.32077e-09
2.32077e-09
2.32077e-09
2.32077e-09
2.32077e-09
2.32077e-09
2.32077e-09
2.32077e-09
2.32077e-09
2.32077e-09
2.32077e-09
2.32077e-09
2.32077e-09
2.32077e-09
2.32077e-09
2.32077e-09
2.32077e-09
2.32077e-09
2.32077e-09
2.32077e-09
2.32077e-09
2.32077e-09
2.32077e-09
2.32077e-09
2.32077e-09
2.32077e-09
2.32077e-09
2.32077e-09
2.32077e-09
2.32077e-09
2.32077e-09
2.32077e-09
2.32077e-09
2.32077e-09
2.32077e-09
2.32077e-09
2.32077e-09
2.32077e-09
2.32077e-09
2.32077e-09
2.32077e-09
2.32077e-09
2.32077e-09
2.32077e-09
2.32077e-09
2.32077e-09
2.32077e-09
2.32077e-09
2.32077e-09
2.32077e-09
2.32077e-09
2.32077e-09
2.32077e-09
2.32077e-09
2.32077e-09
2.32077e-09
2.32077e-09
2.32077e-09
2.32077e-09
2.32077e-09
2.32077e-09
2.32077e-09
2.32077e-09
2.32077e-09
2.32077e-09
2.32077e-09
2.32077e-09
2.32077e-09
2.32077e-09
2.32077e-09
2.32077e-09
2.32077e-09
2.32077e-09
2.32077e-09
2.32077e-09
2.32077e-09
2.32077e-09
2.32077e-09
2.32077e-09
2.32077e-09
2.32077e-09
2.32077e-09
2.32077e-09
2.32077e-09
2.32077e-09
2.32077e-09
2.32077e-09
2.32077e-09
2.32077e-09
2.32077e-09
2.32077e-09
2.32077e-09
2.32077e-09
2.32077e-09
2.32077e-09
2.32077e-09
2.32077e-09
2.32077e-09
2.32077e-09
2.32077e-09
2.32077e-09
2.32077e-09
2.32077e-09
2.32077e-09
2.32077e-09
2.32077e-09
2.32077e-09
2.32077e-09
2.32077e-09
2.32077e-09
2.32077e-09
2.32077e-09
2.32077e-09
2.32077e-09
2.32077e-09
2.32077e-09
2.32077e-09
2.32077e-09
2.32077e-09
2.32077e-09
2.32077e-09
2.32077e-09
2.32077e-09
2.32077e-09
2.32077e-09
2.32077e-09
2.32077e-09
2.32077e-09
2.32077e-09
2.32077e-09
2.32077e-09
2.32077e-09
2.32077e-09
2.32077e-09
2.32077e-09
2.32077e-09
2.32077e-09
2.32077e-09
2.32077e-09
2.32077e-09
2.32077e-09
2.32077e-09
2.32077e-09
2.32077e-09
2.32077e-09
2.32077e-09
2.32077e-09
2.32077e-09
2.32077e-09
2.32077e-09
2.32077e-09
2.32077e-09
2.32077e-09
2.32077e-09
2.32077e-09
2.32077e-09
2.32077e-09
2.32077e-09
2.32077e-09
2.32077e-09
2.32077e-09
2.32077e-09
2.32077e-09
2.32077e-09
2.32077e-09
2.32077e-09
2.32077e-09
2.32077e-09
2.32077e-09
2.32077e-09
2.32077e-09
2.32077e-09
2.32077e-09
2.32077e-09
2.32077e-09
2.32077e-09
2.32077e-09
2.32077e-09
2.32077e-09
2.32077e-09
2.32077e-09
2.32077e-09
2.32077e-09
2.32077e-09
2.32077e-09
2.32077e-09
2.32077e-09
2.32077e-09
2.32077e-09
2.32077e-09
2.32077e-09
2.32077e-09
2.32077e-09
2.32077e-09
2.32077e-09
2.32077e-09
2.32077e-09
2.32077e-09
2.32077e-09
2.32077e-09
2.32077e-09
2.32077e-09
2.32077e-09
2.32077e-09
2.32077e-09
2.32077e-09
2.32077e-09
2.32077e-09
2.32077e-09
2.32077e-09
2.32077e-09
2.32077e-09
2.32077e-09
2.32077e-09
2.32077e-09
2.32077e-09
2.32077e-09
2.32077e-09
2.32077e-09
2.32077e-09
2.32077e-09
2.32077e-09
2.32077e-09
2.32077e-09
2.32077e-09
2.32077e-09
2.32077e-09
2.32077e-09
2.32077e-09
2.32077e-09
2.32077e-09
2.32077e-09
2.32077e-09
2.32077e-09
2.32077e-09
2.32077e-09
2.32077e-09
2.32077e-09
2.32077e-09
2.32077e-09
2.32077e-09
2.32077e-09
2.32077e-09
2.32077e-09
2.32077e-09
2.32077e-09
2.32077e-09
2.32077e-09
2.32077e-09
2.32077e-09
2.32077e-09
2.32077e-09
2.32077e-09
2.32077e-09
2.32077e-09
2.32077e-09
2.32077e-09
2.32077e-09
2.32077e-09
2.32077e-09
2.32077e-09
2.32077e-09
2.32077e-09
2.32077e-09
2.32077e-09
2.32077e-09
2.32077e-09
2.32077e-09
2.32077e-09
2.32077e-09
2.32077e-09
2.32077e-09
2.32077e-09
2.32077e-09
2.32077e-09
2.32077e-09
2.32077e-09
2.32077e-09
2.32077e-09
2.32077e-09
2.32077e-09
2.32077e-09
2.32077e-09
2.32077e-09
2.32077e-09
2.32077e-09
2.32077e-09
2.32077e-09
2.32077e-09
2.32077e-09
2.32077e-09
2.32077e-09
2.32077e-09
2.32077e-09
2.32077e-09
2.32077e-09
2.32077e-09
2.32077e-09
2.32077e-09
2.32077e-09
2.32077e-09
2.32077e-09
2.32077e-09
2.32077e-09
2.32077e-09
2.32077e-09
2.32077e-09
2.32077e-09
2.32077e-09
2.32077e-09
2.32077e-09
2.32077e-09
2.32077e-09
2.32077e-09
2.32077e-09
2.32077e-09
2.32077e-09
2.32077e-09
2.32077e-09
2.32077e-09
2.32077e-09
2.32077e-09
2.32077e-09
2.32077e-09
2.32077e-09
2.32077e-09
2.32077e-09
2.32077e-09
2.32077e-09
2.32077e-09
2.32077e-09
2.32077e-09
2.32077e-09
2.32077e-09
2.32077e-09
2.32077e-09
2.32077e-09
2.32077e-09
2.32077e-09
2.32077e-09
2.32077e-09
2.32077e-09
2.32077e-09
2.32077e-09
2.32077e-09
2.32077e-09
2.32077e-09
2.32077e-09
2.32077e-09
2.32077e-09
2.32077e-09
2.32077e-09
2.32077e-09
2.32077e-09
2.32077e-09
2.32077e-09
2.32077e-09
2.32077e-09
2.32077e-09
2.32077e-09
2.32077e-09
2.32077e-09
2.32077e-09
2.32077e-09
2.32077e-09
2.32077e-09
2.32077e-09
2.32077e-09
2.32077e-09
2.32077e-09
2.32077e-09
2.32077e-09
2.32077e-09
2.32077e-09
2.32077e-09
2.32077e-09
2.32077e-09
2.32077e-09
2.32077e-09
2.32077e-09
2.32077e-09
2.32077e-09
2.32077e-09
2.32077e-09
2.32077e-09
2.32077e-09
2.32077e-09
2.32077e-09
2.32077e-09
2.32077e-09
2.32077e-09
2.32077e-09
2.32077e-09
2.32077e-09
2.32077e-09
2.32077e-09
2.32077e-09
2.32077e-09
2.32077e-09
2.32077e-09
2.32077e-09
2.32077e-09
2.32077e-09
2.32077e-09
2.32077e-09
2.32077e-09
2.32077e-09
2.32077e-09
2.32077e-09
2.32077e-09
