3.25265e+06
611130
4691.95
4691.95
4691.95
4691.95
3500.21
3500.21
3500.21
3500.21
3500.21
3500.21
3500.21
3500.21
3500.21
2641.46
2641.46
1766.53
1112.37
630.599
630.599
630.599
349.803
307.318
218.31
115.519
115.519
115.519
115.519
66.3698
62.2196
36.8876
24.2977
24.2977
22.1824
18.2906
18.2906
14.0641
14.0641
14.0641
14.0641
13.7628
13.7628
13.7628
12.2448
12.2448
12.2448
12.2448
12.2448
12.2448
12.2448
12.2448
11.2009
11.2009
11.2009
6.54119
6.54119
6.54119
6.54119
6.54119
6.54119
6.54119
6.54119
6.54119
6.54119
6.54119
6.54119
6.54119
6.54119
6.54119
6.54119
6.54119
6.54119
6.54119
6.54119
6.54119
6.54119
6.54119
6.54119
6.54119
6.54119
6.54119
6.54119
6.54119
6.54119
6.54119
6.54119
6.54119
6.54119
6.54119
6.54119
6.54119
6.54119
6.54119
6.54119
6.54119
6.54119
6.54119
6.54119
6.54119
6.54119
6.54119
6.54119
6.54119
6.54119
6.54119
6.54119
6.54119
6.54119
6.54119
6.54119
6.54119
6.54119
6.54119
6.54119
6.54119
6.54119
6.54119
6.54119
6.54119
5.71991
5.71991
5.71991
5.71991
5.02224
5.02224
5.02224
4.07603
3.82895
3.7994
3.7994
3.66388
3.66388
3.66388
3.66388
3.66388
3.66388
3.64121
3.64121
3.64121
3.59764
3.59764
3.59764
3.59764
3.59764
3.59764
3.59764
3.52393
3.52393
3.51807
3.51807
3.51807
3.50145
3.49261
3.49261
3.49261
3.49261
3.49261
3.49261
3.49261
3.49261
3.49261
3.49261
3.49101
3.48753
3.48372
3.4818
3.48088
3.47711
3.47511
3.47503
3.47433
3.47392
3.47346
3.47333
3.47303
3.47303
3.47303
3.47303
3.47303
3.47303
3.47303
3.47303
3.47303
3.47303
3.47303
3.47303
3.47303
3.47303
3.47303
3.47303
3.47303
3.47303
3.47303
3.47303
3.47303
3.47303
3.47303
3.47303
3.47303
3.47303
3.47303
3.47303
3.47303
3.47303
3.47303
3.47303
3.47303
3.47303
3.47303
3.47303
3.47303
3.47303
3.47303
3.47303
3.47303
3.47303
3.47303
3.47303
3.47303
3.47303
3.47303
3.47303
3.47303
3.47303
3.47303
3.47303
3.47303
3.47303
3.47303
3.47303
3.47303
3.47303
3.47303
3.47303
3.47303
3.47303
3.47303
3.47303
3.47303
3.47303
3.47303
3.47303
3.47303
3.47303
3.47303
3.47303
3.47303
3.47303
3.47303
3.47303
3.47303
3.47303
3.47303
3.47303
3.47303
3.47303
3.47303
3.47303
3.47303
3.47303
3.47303
3.47303
3.47303
3.47303
3.47303
3.47303
3.47303
3.47303
3.47303
3.47303
3.47303
3.47303
3.47303
3.47303
3.47303
3.47303
3.47303
3.47303
3.47303
3.47303
3.47303
3.47303
3.47303
3.47303
3.47303
3.47303
3.47303
3.47303
3.47303
3.47303
3.47303
3.47303
3.47303
3.47303
3.47303
3.47303
3.47303
3.47303
3.47303
3.47303
3.47303
3.47303
3.47303
3.47303
3.47303
3.47303
3.47303
3.47303
3.47303
3.47303
3.47303
3.47303
3.47303
3.47303
3.47303
3.47303
3.47303
3.47303
3.47303
3.47303
3.47303
3.47303
3.47303
3.47303
3.47303
3.47303
3.47303
3.47303
3.47303
3.47303
3.47303
3.47303
3.47303
3.47303
3.47303
3.47303
3.47303
3.47303
3.47303
3.47303
3.47303
3.47303
3.47303
3.47303
3.47303
3.47303
3.47303
3.47303
3.47303
3.47303
3.47303
3.47303
3.47303
3.47303
3.47303
3.47303
3.47303
3.47303
3.47303
3.47303
3.47303
3.47303
3.47303
3.47303
3.47303
3.47303
3.47303
3.47303
3.47303
3.47303
3.47303
3.47303
3.47303
3.47303
3.47303
3.47303
3.47303
3.47303
3.47303
3.47303
3.47303
3.47303
3.47303
3.47303
3.47303
3.47303
3.47303
3.47303
3.47303
3.47303
3.47303
3.47303
3.47303
3.47303
3.47303
3.47303
3.47303
3.47303
3.47303
3.47303
3.47303
3.47303
3.47303
3.47303
3.47303
3.47303
3.47303
3.47303
3.47303
3.47303
3.47303
3.47303
3.47303
3.47303
3.47303
3.47303
3.47303
3.47303
3.47303
3.47303
3.47303
3.47303
3.47303
3.47303
3.47303
3.47303
3.47303
3.47303
3.47303
3.47303
3.47303
3.47303
3.47303
3.47303
3.47303
3.47303
3.47303
3.47303
3.47303
3.47303
3.47303
3.47303
3.47303
3.47303
3.47303
3.47303
3.47303
3.47303
3.47303
3.47303
3.47303
3.47303
3.47303
3.47303
3.47303
3.47303
3.47303
3.47303
3.47303
3.47303
3.47303
3.47303
3.47303
3.47303
3.47303
3.47303
3.47303
3.47303
3.47303
3.47303
3.47303
3.47303
3.47303
3.47303
3.47303
3.47303
3.47303
3.47303
3.47303
3.47303
3.47303
3.47303
3.47303
3.47303
3.47303
3.47303
3.47303
3.47303
3.47303
3.47303
3.47303
3.47303
3.47303
3.47303
3.47303
3.47303
3.47303
3.47303
3.47303
3.47303
3.47303
3.47303
3.47303
3.47303
3.47303
3.47303
3.47303
3.47303
3.47303
3.47303
3.47303
3.47303
3.47303
3.47303
3.47303
3.47303
3.47303
3.47303
3.47303
3.47303
3.47303
3.47303
3.47303
3.47303
3.47303
3.47303
3.47303
3.47303
3.47303
3.47303
3.47303
3.47303
3.47303
3.47303
3.47303
3.47303
3.47303
3.47303
3.47303
3.47303
3.47303
3.47303
3.47303
3.47303
3.47303
3.47303
3.47303
3.47303
3.47303
3.47303
3.47303
3.47303
3.47303
3.47303
3.47303
3.47303
3.47303
3.47303
3.47303
3.47303
3.47303
3.47303
3.47303
3.47303
3.47303
3.47303
3.47303
3.47303
3.47303
3.47303
3.47303
3.47303
3.47303
3.47303
3.47303
3.47303
3.47303
3.47303
3.47303
3.47303
3.47303
3.47303
3.47303
3.47303
3.47303
3.47303
3.47303
3.47303
3.47303
3.47303
3.47303
3.47303
3.47303
3.47303
3.47303
3.47303
3.47303
3.47303
3.47303
3.47303
3.47303
3.47303
3.47303
3.47303
3.47303
3.47303
3.47303
3.47303
3.47303
3.47303
3.47303
3.47303
3.47303
3.47303
3.47303
3.47303
3.47303
3.47303
3.47303
3.47303
3.47303
3.47303
3.47303
3.47303
3.47303
3.47303
3.47303
3.47303
3.47303
3.47303
3.47303
3.47303
3.47303
3.47303
3.47303
3.47303
3.47303
3.47303
3.47303
3.47303
3.47303
3.47303
3.47303
3.47303
3.47303
3.47303
3.47303
3.47303
3.47303
3.47303
3.47303
3.47303
3.47303
3.47303
3.47303
3.47303
3.47303
3.47303
3.47303
3.47303
3.47303
3.47303
3.47303
3.47303
3.47303
3.47303
3.47303
3.47303
3.47303
3.47303
3.47303
3.47303
3.47303
3.47303
3.47303
3.47303
3.47303
3.47303
3.47303
3.47303
3.47303
3.47303
3.47303
3.47303
3.47303
3.47303
3.47303
3.47303
3.47303
3.47303
3.47303
3.47303
3.47303
3.47303
3.47303
3.47303
3.47303
3.47303
3.47303
3.47303
3.47303
3.47303
3.47303
3.47303
3.47303
3.47303
3.47303
3.47303
3.47303
3.47303
3.47303
3.47303
3.47303
3.47303
3.47303
3.47303
3.47303
3.47303
3.47303
3.47303
3.47303
3.47303
3.47303
3.47303
3.47303
3.47303
3.47303
3.47303
3.47303
3.47303
3.47303
3.47303
3.47303
3.47303
3.47303
3.47303
3.47303
3.47303
3.47303
3.47303
3.47303
3.47303
3.47303
3.47303
3.47303
3.47303
3.47303
3.47303
3.47303
3.47303
3.47303
3.47303
3.47303
3.47303
3.47303
3.47303
3.47303
3.47303
3.47303
3.47303
3.47303
3.47303
3.47303
3.47303
3.47303
3.47303
3.47303
3.47303
3.47303
3.47303
3.47303
3.47303
3.47303
3.47303
3.47303
3.47303
3.47303
3.47303
3.47303
3.47303
3.47303
3.47303
3.47303
3.47303
3.47303
3.47303
3.47303
3.47303
3.47303
3.47303
3.47303
3.47303
3.47303
3.47303
3.47303
3.47303
3.47303
3.47303
3.47303
3.47303
3.47303
3.47303
3.47303
3.47303
3.47303
3.47303
3.47303
3.47303
3.47303
3.47303
3.47303
3.47303
3.47303
3.47303
3.47303
3.47303
3.47303
3.47303
3.47303
3.47303
3.47303
3.47303
3.47303
3.47303
3.47303
3.47303
3.47303
3.47303
3.47303
3.47303
3.47303
3.47303
3.47303
3.47303
3.47303
3.47303
3.47303
3.47303
3.47303
3.47303
3.47303
3.47303
3.47303
3.47303
3.47303
3.47303
3.47303
3.47303
3.47303
3.43633
3.38253
3.34916
3.30477
3.27589
3.26369
3.2545
3.24751
3.22712
3.215
3.21021
3.19761
3.19761
3.19265
3.19255
3.19255
3.19121
3.19054
3.19054
3.19036
3.18981
3.18981
3.18972
3.18972
3.18972
3.18972
3.18972
3.18972
3.18972
3.18972
3.18972
3.18972
3.18972
3.18972
3.18972
3.18972
3.18972
3.18972
3.18972
3.18972
3.18972
3.18972
3.18972
3.18972
3.18972
3.18972
3.18972
3.18972
3.18972
3.18972
3.18972
3.18972
3.18972
3.18972
3.18972
3.18972
3.18972
3.18972
3.18972
3.18972
3.18972
3.18972
3.18972
3.18972
3.18972
3.18972
3.18972
3.18972
3.18972
3.18972
3.18972
3.18972
3.18972
3.18972
3.18972
3.18972
3.18972
3.18972
3.18972
3.18972
3.18972
3.18972
3.18972
3.18972
3.18972
3.18972
3.18972
3.18972
3.18972
3.18972
3.18972
3.18972
3.18972
3.18972
3.18972
3.18972
3.18972
3.18972
3.18972
3.18972
3.18972
3.18972
3.18972
3.18972
3.18972
3.18972
3.18972
3.18972
3.18972
3.18972
3.18972
3.18972
3.18972
3.18972
3.18972
3.18972
3.18972
3.18972
3.18972
3.18972
3.18972
3.18972
3.18972
3.18972
3.18972
3.18972
3.18972
3.18972
3.18972
3.18972
3.18972
3.18972
3.18972
3.18972
3.18972
3.18972
3.18972
3.18972
3.18972
3.18972
3.18972
3.18972
3.18972
3.18972
3.18972
3.18972
3.18972
3.18972
3.18972
3.18972
3.18972
3.18972
3.18972
3.18972
3.18972
3.18972
3.18972
3.18972
3.18972
3.18972
3.18972
3.18972
3.18972
3.18972
3.18972
3.18972
3.18972
3.18972
3.18972
3.18972
3.18972
3.18972
3.18972
3.18972
3.18972
3.18972
3.18972
3.18972
3.18972
3.18972
3.18972
3.18972
3.18972
3.18972
3.18972
3.18972
3.18972
3.18972
3.18972
3.18972
3.18972
3.18972
3.18972
3.18972
3.18972
3.18972
3.18972
3.18972
3.18972
3.18972
3.18972
3.18972
3.18972
3.18972
3.18972
3.18972
3.18972
3.18972
3.18972
3.18972
3.18972
3.18972
3.18972
3.18972
3.18972
3.18972
3.18972
3.18972
3.18972
3.18972
3.18972
3.18972
3.18972
3.18972
3.18972
3.18972
3.18972
3.18972
3.18972
3.18972
3.18972
3.18972
3.18972
3.18972
3.18972
3.18972
3.18972
3.18972
3.18972
3.18972
3.18972
3.18972
3.18972
3.18972
3.18972
3.18972
3.18972
3.18972
3.18972
3.18972
3.18972
3.18972
3.18972
3.18972
3.18972
3.18972
3.18972
3.18972
3.18972
3.18972
3.18972
3.18972
3.18972
3.18972
3.18972
3.18972
3.18972
3.18972
3.18972
3.18972
3.18972
3.18972
3.18972
3.18972
3.18972
3.18972
3.18972
3.18972
3.18972
3.18972
3.18972
3.18972
3.18972
3.18972
3.18972
3.18972
3.18972
3.18972
3.18972
3.18972
3.18972
3.18972
3.18972
3.18972
3.18972
3.18972
3.18972
3.18972
3.18972
3.18972
3.18972
3.18972
3.18972
3.18972
3.18972
3.18972
3.18972
3.18972
3.18972
3.18972
3.18972
3.18972
3.18972
3.18972
3.18972
3.18972
3.18972
3.18972
3.18972
3.18972
3.18972
3.18972
3.18972
3.18972
3.18972
3.18972
3.18972
3.18972
3.18972
3.18972
3.18972
3.18972
3.18972
3.18972
3.18972
3.18972
3.18972
3.18972
3.18972
3.18972
3.18972
3.18972
3.18972
3.18972
3.18972
3.18972
3.18972
3.18972
3.18972
3.18972
3.18972
3.18972
3.18972
3.18972
3.18972
3.18972
3.18972
3.18972
3.18972
3.18972
3.18972
3.18972
3.18972
3.18972
3.18972
3.18972
3.18972
3.18972
3.18972
3.18972
3.18972
3.18972
3.18972
3.18972
3.18972
3.18972
3.18972
3.18972
3.18972
3.18972
3.18972
3.18972
3.18972
3.18972
3.18972
3.18972
3.18972
3.18972
3.18972
3.18972
3.18972
3.18972
3.18972
3.18972
3.18972
3.18972
3.18972
3.18972
3.18972
3.18972
3.18972
3.18972
3.18972
3.18972
3.18972
3.18972
3.18972
3.18972
3.18972
3.18972
3.18972
3.18972
3.18972
3.18972
3.18972
3.18972
3.18972
3.18972
3.18972
3.18972
3.18972
3.18972
3.18972
3.18972
3.18972
3.18972
3.18972
3.18972
3.18972
3.18972
3.18972
3.18972
3.18972
3.18972
3.18972
3.18972
3.18972
3.18972
3.18972
3.18972
3.18972
3.18972
3.18972
3.18972
3.18972
3.18972
3.18972
3.18972
3.18972
3.18972
3.18972
3.18972
3.18972
3.18972
3.18972
3.18972
3.18972
3.18972
3.18972
3.18972
3.18972
3.18972
3.18972
3.18972
3.18972
3.18972
3.18972
3.18972
3.18972
3.18972
3.18972
3.18972
3.18972
3.18972
3.18972
3.18972
3.18972
3.18972
3.18972
3.18972
3.18972
3.18972
3.18972
3.18972
3.18972
3.18972
3.18972
3.18972
3.18972
3.18972
3.18972
3.18972
3.18972
3.18972
3.18972
3.18972
3.18972
3.18972
3.18972
3.18972
3.18972
3.18972
3.18972
3.18972
3.18972
3.18972
3.18972
3.18972
3.18972
3.18972
3.18972
3.18972
3.18972
3.18972
3.18972
3.18972
3.18972
3.18972
3.18972
3.18972
3.18972
3.18972
3.18972
3.18972
3.18972
3.18972
3.18972
3.18972
3.18972
3.18972
3.18972
3.18972
3.18972
3.18972
3.18972
3.18972
3.18972
3.18972
3.18972
3.18972
3.18972
3.18972
3.18972
3.18972
3.18972
3.18972
3.18972
3.18972
3.18972
3.18972
3.18972
3.18972
3.18972
3.18972
3.18972
3.18972
3.18972
3.18972
3.18972
3.18972
3.18972
3.18972
3.18972
3.18972
3.18972
3.18972
3.18972
3.18972
3.18972
3.18972
3.18972
3.18972
3.18972
3.18972
3.18972
3.18972
3.18972
3.18972
3.18972
3.18972
3.18972
3.18972
3.18972
3.18972
3.18972
3.18972
3.18972
3.18972
3.18972
3.18972
3.18972
3.18972
3.18972
3.18972
3.18972
3.18972
3.18972
3.18972
3.18972
3.18972
3.18972
3.18972
3.18972
3.18972
3.18972
3.18972
3.18972
3.18972
3.18972
3.18972
3.18972
3.18972
3.18972
3.18972
3.18972
3.18972
3.18972
3.18972
3.18972
3.18972
3.18972
3.18972
3.18972
3.18972
3.18972
3.18972
3.18972
3.18972
3.18972
3.18972
3.18972
3.18972
3.18972
3.18972
3.18972
3.18972
3.18972
3.18972
3.18972
3.18972
3.18972
3.18972
3.18972
3.18972
3.18972
3.18972
3.18972
3.18972
3.18972
3.18972
3.18972
3.18972
3.18972
3.18972
3.18972
3.18972
3.18972
3.18972
3.18972
3.18972
3.18972
3.18972
3.18972
3.18972
3.18972
3.18972
3.18972
3.18972
3.18972
3.18972
3.18972
3.18972
3.18972
3.18972
3.18972
3.18972
3.18972
3.18972
3.18972
3.18972
3.18972
3.18972
3.18972
3.18972
3.18972
3.18972
3.18972
3.18972
3.18972
3.18972
3.18972
3.18972
3.18972
3.18972
3.18972
3.18972
3.18972
3.18972
3.18972
3.18972
3.18972
3.18972
3.18972
3.18972
3.18972
3.18972
3.18972
3.18972
3.18972
3.18972
3.18972
3.18972
3.18972
3.18972
3.18972
3.18972
3.18972
3.18972
3.18972
3.18972
3.18972
3.18972
3.18972
3.18972
3.18972
3.18972
3.18972
3.18972
3.18972
3.18972
3.18972
3.18972
3.18972
3.18972
3.18972
3.18972
3.18972
3.18972
3.18972
3.18972
3.18972
3.18972
3.18972
3.18972
3.18972
3.18972
3.18972
3.18972
3.18972
3.18972
3.18972
3.18972
3.18972
3.18972
3.18972
3.18972
3.18972
3.18972
3.18972
3.18972
3.18972
3.18972
3.18972
3.18972
3.18972
3.18972
3.18972
3.18972
3.18972
3.18972
3.18972
3.18972
3.18972
3.18972
3.18972
3.18972
3.18972
3.18972
3.18972
3.18972
3.18972
3.18972
3.18972
3.18972
3.18972
3.18972
3.18972
3.18972
3.18972
3.18972
3.18972
3.18972
3.18972
3.18972
3.18972
3.18972
3.18972
3.18972
3.18972
3.18972
3.18972
3.18972
3.18972
3.18972
3.18972
3.18972
3.18972
3.18972
3.18972
3.18972
3.18972
3.18972
3.18972
3.18972
3.18972
3.18972
3.18972
3.18972
3.18972
3.18972
3.18972
3.18972
3.18972
3.18972
3.18972
3.18972
3.18972
3.18972
3.18972
3.18972
3.18972
3.18972
3.18972
3.18972
3.18972
3.18972
3.18972
3.18972
3.18972
3.18972
3.18972
3.18972
3.18972
3.18972
3.18972
3.18972
3.18972
3.18972
3.18972
3.18972
3.18972
3.18972
3.18972
3.18972
3.18972
3.18972
3.18972
3.18972
3.18972
3.18972
3.18972
3.18972
3.18972
3.18972
3.18972
3.18972
3.18972
3.18972
3.18972
3.18972
3.18972
3.18972
3.18972
3.18972
3.18972
3.18972
3.18972
3.18972
3.18972
3.18972
3.18972
3.18972
3.18972
3.18972
3.18972
3.18972
3.18972
3.18972
3.18972
3.18972
3.18972
3.18972
3.18972
3.18972
3.18972
3.18972
3.18972
3.18972
3.18972
3.18972
3.18972
3.18972
3.18972
3.18972
3.18972
3.18972
3.18972
3.18972
3.18972
3.18972
3.18972
3.18972
3.18972
3.18972
3.18972
3.18972
3.18972
3.18972
3.18972
3.18972
3.18972
3.18972
3.18972
3.18972
3.18972
3.18972
3.18972
3.18972
3.18972
3.18972
3.18972
3.18972
3.18972
3.18972
3.18972
3.18972
3.18972
3.18972
3.18972
3.18972
3.18972
3.18972
3.18972
3.18972
3.18972
3.18972
3.18972
3.18972
3.18972
3.18972
3.18972
3.18972
3.18972
3.18972
3.18972
3.18972
3.18972
3.18972
3.18972
3.18972
3.18972
3.18972
3.18972
3.18972
3.18972
3.18972
3.18972
3.18972
3.18972
3.18972
3.18972
3.18972
3.18972
3.18972
3.18972
3.18972
3.18972
3.18972
3.18972
3.18972
3.18972
3.18972
3.18972
3.18972
3.18972
3.18972
3.18972
3.18972
3.18972
3.18972
3.18972
3.18972
3.18972
3.18972
3.18972
3.18972
3.18972
3.18972
3.18972
3.18972
3.18972
3.18972
3.18972
3.18972
3.18972
3.18972
3.18972
3.18972
3.18972
3.18972
3.18972
3.18972
3.18972
3.18972
3.18972
3.18972
3.18972
3.18972
3.18972
3.18972
3.18972
3.18972
3.18972
3.18972
3.18972
3.18972
3.18972
3.18972
3.18972
3.18972
3.18972
3.18972
3.18972
3.18972
3.18972
3.18972
3.18972
3.18972
3.18972
3.18972
3.18972
3.18972
3.18972
3.18972
3.18972
3.18972
3.18972
3.18972
3.18972
3.18972
3.18972
3.18972
3.18972
3.18972
3.18972
3.18972
3.18972
3.18972
3.18972
3.18972
3.18972
3.18972
3.18972
3.18972
3.18972
3.18972
3.18972
3.18972
3.18972
3.18972
3.18972
3.18972
3.18972
3.18972
3.18972
3.18972
3.18972
3.18972
3.18972
2.67535
2.67535
2.67535
2.67535
2.67535
2.67535
2.67535
2.67535
2.67535
2.67535
2.67535
2.67535
2.67535
2.67535
2.67535
2.67535
2.67535
2.67535
2.67535
2.67535
2.67535
2.67535
2.67535
2.67535
2.67535
2.67535
2.67535
2.67535
2.67535
2.67535
2.67535
2.67535
2.67535
2.67535
2.67535
2.67535
2.67535
2.67535
2.67535
2.67535
2.67535
2.67535
2.67535
2.67535
2.67535
2.67535
2.67535
2.67535
2.67535
2.67535
2.67535
2.67535
2.67535
2.67535
2.67535
2.67535
2.67535
2.67535
2.67535
2.67535
2.67535
2.67535
2.67535
2.67535
2.67535
2.67535
2.67535
2.67535
2.67535
2.67535
2.67535
2.67535
2.67535
2.67535
2.67535
2.67535
2.67535
2.67535
2.67535
2.67535
2.67535
2.67535
2.67535
2.67535
2.67535
2.67535
2.67535
2.67535
2.67535
2.67535
2.67535
2.67535
2.67535
2.67535
2.67535
2.67535
2.67535
2.67535
2.67535
2.67535
2.67535
2.67535
2.67535
2.67535
2.67535
2.67535
2.67535
2.67535
2.67535
2.67535
2.67535
2.67535
2.67535
2.67535
2.67535
2.67535
2.67535
2.67535
2.67535
2.67535
2.67535
2.67535
2.67535
2.67535
2.67535
2.67535
2.67535
2.67535
2.67535
2.67535
2.67535
2.67535
2.67535
2.67535
2.67535
2.67535
2.67535
2.67535
2.67535
2.67535
2.67535
2.67535
2.67535
2.67535
2.67535
2.67535
2.67535
2.67535
2.67535
2.67535
2.67535
2.67535
2.67535
2.67535
2.67535
2.67535
2.67535
2.67535
2.67535
2.67535
2.67535
2.67535
2.67535
2.67535
2.67535
2.67535
2.67535
2.67535
2.67535
2.67535
2.67535
2.67535
2.67535
2.67535
2.67535
2.67535
2.67535
2.67535
2.67535
2.67535
2.67535
2.67535
2.67535
2.67535
2.67535
2.67535
2.67535
2.67535
2.67535
2.67535
2.67535
2.67535
2.67535
2.67535
2.67535
2.67535
2.67535
2.67535
2.67535
2.67535
2.67535
2.67535
2.67535
2.67535
2.67535
2.67535
2.67535
2.67535
2.67535
2.67535
2.67535
2.67535
2.67535
2.67535
2.67535
2.67535
2.67535
2.67535
2.67535
2.67535
2.67535
2.67535
2.67535
2.67535
2.67535
2.67535
2.67535
2.67535
2.67535
2.67535
2.67535
2.67535
2.67535
2.67535
2.67535
2.67535
2.67535
2.67535
2.67535
2.67535
2.67535
2.67535
2.67535
2.67535
2.67535
2.67535
2.67535
2.67535
2.67535
2.67535
2.67535
2.67535
2.67535
2.67535
2.67535
2.67535
2.67535
2.67535
2.67535
2.67535
2.67535
2.67535
2.67535
2.67535
2.67535
2.67535
2.67535
2.67535
2.67535
2.67535
2.67535
2.67535
2.67535
2.67535
2.67535
2.67535
2.67535
2.67535
2.67535
2.67535
2.67535
2.67535
2.67535
2.67535
2.67535
2.67535
2.67535
2.67535
2.67535
2.67535
2.67535
2.67535
2.67535
2.67535
2.67535
2.67535
2.67535
2.67535
2.67535
2.67535
2.67535
2.67535
2.67535
2.67535
2.67535
2.67535
2.67535
2.67535
2.67535
2.67535
2.67535
2.67535
2.67535
2.67535
2.67535
2.67535
2.67535
2.67535
2.67535
2.67535
2.67535
2.67535
2.67535
2.67535
2.67535
2.67535
2.67535
2.67535
2.67535
2.67535
2.67535
2.67535
2.67535
2.67535
2.67535
2.67535
2.67535
2.67535
2.67535
2.67535
2.67535
2.67535
2.67535
2.67535
2.67535
2.67535
2.67535
2.67535
2.67535
2.67535
2.67535
2.67535
2.67535
2.67535
2.67535
2.67535
2.67535
2.67535
2.67535
2.67535
2.67535
2.67535
2.67535
2.67535
2.67535
2.67535
2.67535
2.67535
2.67535
2.67535
2.67535
2.67535
2.67535
2.67535
2.67535
2.67535
2.67535
2.67535
2.67535
2.67535
2.67535
2.67535
2.67535
2.67535
2.67535
2.67535
2.67535
2.67535
2.67535
2.67535
2.67535
2.67535
2.67535
2.67535
2.67535
2.67535
2.67535
2.67535
2.67535
2.67535
2.67535
2.67535
2.67535
2.67535
2.67535
2.67535
2.67535
2.67535
2.67535
2.67535
2.67535
2.67535
2.67535
2.67535
2.67535
2.67535
2.67535
2.67535
2.67535
2.67535
2.67535
2.67535
2.67535
2.67535
2.67535
2.67535
2.67535
2.67535
2.67535
2.67535
2.67535
2.67535
2.67535
2.67535
2.67535
2.67535
2.67535
2.67535
2.67535
2.67535
2.67535
2.67535
2.67535
2.67535
2.67535
2.67535
2.67535
2.67535
2.67535
2.67535
2.67535
2.67535
2.67535
2.67535
2.67535
2.67535
2.67535
2.67535
2.67535
2.67535
2.67535
2.67535
2.67535
2.67535
2.67535
2.67535
2.67535
2.67535
2.67535
2.67535
2.67535
2.67535
2.67535
2.67535
2.67535
2.67535
2.67535
2.67535
2.67535
2.67535
2.67535
2.67535
2.67535
2.67535
2.67535
2.67535
2.67535
2.67535
2.67535
2.67535
2.67535
2.67535
2.67535
2.67535
2.67535
2.67535
2.67535
2.67535
2.67535
2.67535
2.67535
2.67535
2.67535
2.67535
2.67535
2.67535
2.67535
2.67535
2.67535
2.67535
2.67535
2.67535
2.67535
2.67535
2.67535
2.67535
2.67535
2.67535
2.67535
2.67535
2.67535
2.67535
2.67535
2.67535
2.67535
2.67535
2.67535
2.67535
2.67535
2.67535
2.67535
2.67535
2.67535
2.67535
2.67535
2.67535
2.67535
2.67535
2.67535
2.67535
2.67535
2.67535
2.67535
2.67535
2.67535
2.67535
2.67535
2.67535
2.67535
2.67535
2.67535
2.67535
2.67535
2.67535
2.67535
2.67535
2.67535
2.67535
2.67535
2.67535
2.67535
2.67535
2.67535
2.67535
2.67535
2.67535
2.67535
2.67535
2.67535
2.67535
2.67535
2.67535
2.67535
2.67535
2.67535
2.67535
2.67535
2.67535
2.67535
2.67535
2.67535
2.67535
2.67535
2.67535
2.67535
2.67535
2.67535
2.67535
2.67535
2.67535
2.67535
2.67535
2.67535
2.67535
2.67535
2.67535
2.67535
2.67535
2.67535
2.67535
2.67535
2.67535
2.67535
2.67535
2.67535
2.67535
2.67535
2.67535
2.67535
2.67535
2.67535
2.67535
2.67535
2.67535
2.67535
2.67535
2.67535
2.67535
2.67535
2.67535
2.67535
2.67535
2.67535
