7.42522e+06
95299
17206.4
17206.4
17206.4
17206.4
17206.4
17206.4
17206.4
17206.4
17206.4
17206.4
17206.4
17206.4
17206.4
17206.4
7636.24
7636.24
7636.24
7636.24
7636.24
7636.24
7636.24
7636.24
7636.24
7636.24
7636.24
7636.24
7636.24
7636.24
7636.24
7636.24
7636.24
7636.24
7636.24
7636.24
7636.24
2467.21
1287.91
170.234
32.9616
32.9616
32.9616
32.9616
32.9616
32.9616
32.9616
32.9616
32.9616
32.9616
32.9616
32.9616
32.9616
32.9616
32.9616
32.9616
32.9616
28.6284
26.3554
26.3554
26.3554
18.5969
18.5969
18.5969
18.5969
13.8877
13.8877
13.8877
13.8877
13.8877
13.8877
13.8877
13.8877
13.8877
13.8877
13.8877
13.8877
13.8877
13.8877
13.8877
13.8877
13.8877
13.8877
13.8877
13.8877
13.8877
13.8877
13.8877
13.8877
13.8877
13.8877
13.8877
13.8877
13.8877
13.8877
13.8877
13.8877
13.8877
13.8877
13.8877
13.8877
13.8877
13.8877
13.8877
13.8877
13.8877
13.8877
13.8877
13.8877
13.8877
13.8877
13.8877
13.8877
13.8877
13.8877
13.8877
13.8877
13.8877
13.8877
13.8877
13.8877
13.8877
13.8877
13.8877
13.8877
13.8877
13.8877
13.8877
13.8877
13.8877
13.8877
13.8877
13.8877
13.8877
13.8877
13.8877
13.8877
13.8877
13.8877
13.8877
13.8877
13.8877
13.8877
13.8877
13.8877
13.8877
13.8877
13.8877
13.8877
13.8877
13.8877
13.8877
13.8877
13.8877
13.8877
13.8877
13.8877
13.8877
13.8877
13.8877
13.8877
13.8877
13.8877
13.8877
13.8877
13.8877
13.8877
13.8877
13.8877
13.8877
13.8877
13.8877
13.8877
13.8877
13.8877
13.8877
13.8877
13.8877
13.8877
13.8877
13.8877
13.8877
13.8877
13.8877
13.8877
13.8877
13.8877
13.8877
13.8877
13.8877
13.8877
13.8877
13.8877
13.8877
13.8877
13.8877
13.8877
13.8877
13.8877
13.8877
13.8877
13.8877
13.8877
13.8877
13.8877
13.8877
13.8877
13.8877
13.8877
13.8877
13.8877
13.8877
13.8877
13.8877
13.8877
13.8877
13.8877
13.8877
13.8877
13.8877
13.8877
13.8877
13.8877
13.8877
13.8877
13.8877
13.8877
13.8877
13.8877
13.8877
13.8877
13.8877
13.8877
13.8877
13.8877
13.8877
13.8877
13.8877
13.8877
13.8877
13.8877
13.8877
13.8877
13.8837
13.8795
13.8706
13.8694
13.8647
13.8615
13.8581
13.8511
13.8423
13.8361
13.8293
13.8293
13.8226
13.819
13.819
13.8117
13.8117
13.8102
13.8095
13.8095
13.8095
13.8095
13.806
13.8052
13.8036
13.7997
13.7997
13.7963
13.7936
13.7899
13.7879
13.7855
13.7836
13.7818
13.7795
13.7795
13.7795
13.7795
13.7795
13.7795
13.7787
13.7774
13.775
13.775
13.775
13.775
13.775
13.775
13.775
13.775
13.775
13.775
13.775
13.775
13.775
13.7737
13.7732
13.7732
13.7732
13.7727
13.7727
13.7727
13.7727
13.7727
13.7727
13.7727
13.7727
13.7727
13.7727
13.7727
13.7727
13.7727
13.7727
13.7727
13.7727
13.7727
13.7727
13.7727
13.7727
13.7727
13.7727
13.7727
13.7727
13.7727
13.7727
13.7727
13.7727
13.7727
13.7727
13.7727
13.7727
13.7727
13.7727
13.7727
13.7727
13.7727
13.7727
13.7727
13.7727
13.7727
13.7727
13.7727
13.7727
13.7727
13.7727
13.7727
13.7727
13.7727
13.7727
13.7727
13
13
13
13
13
13
13
13
13
13
13
13
13
13
13
13
13
13
13
13
13
13
13
13
13
13
13
13
13
13
13
13
13
13
13
13
13
13
13
13
13
13
13
13
13
13
13
13
13
12.3244
12.3244
12.3244
12.3244
12.3244
12.3244
12.3244
12.3244
12.3244
12.3244
12.3244
12.3244
12.3244
12.3244
12.3244
12.3244
12.3244
12.3244
12.3244
12.3244
12.3244
12.3244
12.3244
12.3244
12.3244
12.3244
12.3244
12.3244
12.3244
12.3244
12.3244
12.3244
12.3244
12.3244
12.3244
12.3244
12.3244
12.3244
12.3244
12.3244
12.3244
12.3244
12.3244
12.3244
12.3244
12.3244
12.3244
12.3244
12.3244
12.3244
12.3244
12.3244
12.3244
12.3244
12.3244
12.3244
12.3244
12.3244
12.3244
12.3244
12.3244
12.3244
12.3244
12.3244
12.3244
12.3244
12.3244
12.3244
12.3244
12.3244
12.3244
12.3244
12.3244
12.3244
12.3244
12.3244
12.3244
12.3244
12.3244
12.3244
12.3244
12.3244
12.3244
12.3244
12.3244
12.3244
12.3244
12.3244
12.3244
12.3244
12.3244
12.3244
12.3244
12.3244
12.3244
12.3244
12.3244
12.3244
12.3244
12.3244
12.3244
12.3244
12.3244
11.2584
11.2584
11.2584
11.2584
11.2584
11.2584
11.2584
11.2584
11.2584
11.2584
11.2584
11.2584
11.2584
11.2584
11.2584
11.2584
11.2584
11.2584
11.2584
11.2584
11.2584
11.2584
11.2584
11.2584
11.2584
11.2584
11.2584
11.2584
11.2584
11.2584
11.2584
11.2584
11.2584
11.2584
11.2584
11.2584
11.2584
11.2584
11.2584
11.2584
10.026
10.026
10.026
10.026
10.026
10.026
10.026
10.026
10.026
10.026
10.026
10.026
10.026
10.026
10.026
10.026
10.026
10.026
10.026
10.026
10.026
10.026
10.026
10.026
10.026
10.026
10.026
10.026
10.026
10.026
10.026
10.026
10.026
10.026
10.026
10.026
10.026
10.026
10.026
10.026
10.026
10.026
10.026
10.026
10.026
10.026
10.026
10.026
10.026
10.026
10.026
10.026
10.026
10.026
10.026
10.026
10.026
10.026
10.026
10.026
10.026
10.026
10.026
10.026
10.026
10.026
10.026
10.026
10.026
10.026
10.026
10.026
10.026
10.026
10.026
10.026
10.026
10.026
10.026
10.026
10.026
10.026
10.026
10.026
10.026
10.026
10.026
10.026
10.026
10.026
10.026
10.026
10.026
10.026
10.026
10.026
10.026
10.026
10.026
10.026
10.026
10.026
10.026
10.026
10.026
10.026
10.026
10.026
10.026
10.026
8.3822
8.3822
8.3822
8.3822
8.3822
8.3822
8.3822
8.3822
8.3822
8.3822
8.3822
8.3822
8.3822
8.3822
8.3822
8.3822
8.3822
8.3822
8.3822
8.3822
8.3822
8.3822
8.3822
8.3822
8.3822
8.3822
8.3822
8.3822
8.3822
8.3822
8.3822
8.3822
8.3822
8.3822
8.3822
8.3822
8.3822
8.3822
8.3822
8.3822
8.3822
8.3822
8.3822
8.3822
8.3822
8.3822
8.3822
8.3822
8.3822
8.3822
8.3822
8.3822
8.3822
8.3822
8.3822
8.3822
8.3822
8.3822
8.3822
8.3822
8.3822
8.3822
8.3822
8.3822
4.70525
4.70525
4.70525
4.70525
4.70525
4.70525
4.70525
4.70525
4.70525
4.70525
4.70525
4.70525
4.70525
4.70525
4.70525
4.70525
4.70525
4.70525
4.70525
4.70525
4.70525
4.70525
4.70525
4.70525
4.70525
4.70525
4.70525
4.70525
4.70525
4.70525
4.70525
4.70525
4.70525
4.70525
4.70525
4.70525
4.70525
4.70525
4.70525
4.70525
4.70525
4.70525
4.70525
4.70525
4.70525
4.70525
4.70525
4.70525
4.70525
4.70525
4.70525
4.70525
4.70525
4.70525
4.70525
4.70525
4.70525
4.70525
4.70525
4.70525
4.70525
4.70525
4.70525
4.70525
4.70525
4.70525
4.70525
4.70525
4.70525
4.70525
4.70525
4.70525
4.70525
4.70525
4.70525
4.70525
4.70525
4.70525
4.70525
4.70525
4.70525
4.70525
4.70525
4.70525
4.70525
4.70525
4.70525
4.70525
4.70525
4.70525
4.70525
4.70525
4.70525
4.70525
4.70525
4.70525
4.70525
4.70525
4.70525
4.70525
4.70525
4.70525
4.70525
4.70525
4.70525
4.70525
4.70525
4.70525
4.70525
4.70525
4.70525
4.70525
4.70525
4.70525
4.70525
4.70525
4.70525
4.70525
4.70525
4.70525
4.70525
4.70525
4.70525
4.70525
4.70525
4.70525
4.70525
4.70525
4.70525
4.70525
4.70525
4.70525
4.70525
4.70525
4.70525
4.70525
4.70525
4.70525
4.70525
4.70525
4.70525
4.70525
4.70525
4.70525
4.70525
4.70525
4.70525
4.70525
4.70525
4.70525
4.70525
4.70525
4.70525
4.70525
4.70525
4.70525
4.70525
4.70525
4.70525
4.70525
4.70525
4.70525
4.70525
4.70525
4.70525
4.70525
4.70525
4.70525
4.70525
4.70525
4.70525
4.70525
4.70525
4.70525
4.70525
4.70525
4.70525
4.70525
4.70525
4.70525
4.70525
4.70525
4.70525
4.70525
4.70525
4.70525
4.70525
4.70525
4.70525
4.70525
4.70525
4.70525
4.70525
4.70525
4.70525
4.70525
4.70525
4.70525
4.70525
4.70525
4.70525
4.70525
4.70525
4.70525
4.70525
4.70525
4.70525
4.70525
4.70525
4.70525
4.70525
4.70525
4.70525
4.70525
4.70525
4.70525
4.70525
4.70525
4.70525
4.70525
4.70525
4.70525
4.70525
4.70525
4.70525
4.70525
4.70525
4.70525
4.70525
4.70525
4.70525
4.70525
4.70525
4.70525
4.70525
4.70525
4.70525
4.70525
4.70525
4.70525
4.70525
4.70525
4.70525
4.70525
4.70525
4.70525
4.70525
4.70525
4.70525
4.70525
4.70525
4.70525
4.70525
4.70525
4.70525
4.70525
4.70525
4.70525
4.70525
4.70525
4.70525
4.70525
4.70525
4.70525
4.70525
4.70525
4.70525
4.70525
4.70525
4.70525
4.70525
4.70525
4.70525
4.70525
4.70525
4.70525
4.70525
4.70525
4.70525
4.70525
4.70525
4.70525
4.70525
4.70525
4.70525
4.70525
4.70525
4.70525
4.70525
4.70525
4.70525
4.70525
4.70525
4.70525
4.70525
4.70525
4.70525
4.70525
4.70525
4.70525
4.70525
4.70525
4.70525
4.70525
4.70525
4.70525
4.70525
4.70525
4.70525
4.70525
4.70525
4.70525
4.70525
4.70525
4.70525
4.70525
4.70525
4.70525
4.70525
4.70525
4.70525
4.70525
4.70525
4.70525
4.70525
4.70525
4.70525
4.70525
4.70525
4.70525
4.70525
4.70525
4.70525
4.70525
4.70525
4.70525
4.70525
4.70525
4.70525
4.70525
4.70525
4.70525
4.70525
4.70525
4.70525
4.70525
4.70525
4.70525
4.70525
4.70525
4.70525
4.70525
4.70525
4.70525
4.70525
4.70525
4.70525
4.70525
4.70525
4.70525
4.70525
4.70525
4.70525
4.70525
4.70525
4.70525
4.70525
4.70525
4.70525
4.70525
4.70525
4.70525
4.70525
4.70525
4.70525
4.70525
4.70525
4.70525
4.70525
4.70525
4.70525
4.70525
4.70525
4.70525
4.70525
4.70525
4.70525
4.70525
4.70525
4.70525
4.70525
4.70525
4.70525
4.70525
4.70525
4.70525
4.70525
4.70525
4.70525
4.70525
4.70525
4.70525
4.70525
4.70525
4.70525
4.70525
4.70525
4.70525
4.70525
4.70525
4.70525
4.70525
4.70525
4.70525
4.70525
4.70525
4.70525
4.70525
4.70525
4.70525
4.70525
4.70525
4.70525
4.70525
4.70525
4.70525
4.70525
4.70525
4.70525
4.70525
4.70525
4.70525
4.70525
4.70525
4.70525
4.70525
4.70525
4.70525
4.70525
4.70525
4.70525
4.70525
4.70525
4.70525
4.70525
4.70525
4.70525
4.70525
4.70525
4.70525
4.70525
4.70525
4.70525
4.70525
4.70525
4.70525
4.70525
4.70525
4.70525
4.70525
4.70525
4.70525
4.70525
4.70525
4.70525
4.70525
4.70525
4.70525
4.70525
4.70525
4.70525
4.70525
4.70525
4.70525
4.70525
4.70525
4.70525
4.70525
4.70525
4.70525
4.70525
4.70525
4.70525
4.70525
4.70525
4.70525
4.70525
4.70525
4.70525
4.70525
4.70525
4.70525
4.70525
4.70525
4.70525
4.70525
4.70525
4.70525
4.70525
4.70525
4.70525
4.70525
4.70525
4.70525
4.70525
4.70525
4.70525
4.70525
4.70525
4.70525
4.70525
4.70525
4.70525
4.70525
4.70525
4.70525
4.70525
4.70525
4.70525
4.70525
4.70525
4.70525
4.70525
4.70525
4.70525
4.70525
4.70525
4.70525
4.70525
4.70525
4.70525
4.70525
4.70525
4.70525
4.70525
4.70525
4.70525
4.70525
4.70525
4.70525
4.70525
4.70525
4.70525
4.70525
4.70525
4.70525
4.70525
4.70525
4.70525
4.70525
4.69961
4.69961
4.69961
4.69961
4.69961
4.69961
4.69961
4.69961
4.69961
4.69961
4.69961
4.69961
4.69961
4.69961
4.69961
4.69961
4.69961
4.69961
4.69961
4.69961
4.69961
4.69961
4.69961
4.69961
4.69961
4.69961
4.69961
4.69961
4.69961
4.69961
4.69961
4.69961
4.69961
4.69961
4.69961
4.69961
4.69961
4.69961
4.69961
4.69961
4.69961
4.69961
4.69961
4.69961
4.69961
4.69961
4.69961
4.69961
4.69961
4.69961
4.69961
4.69961
4.69961
4.69961
4.69961
4.69961
4.69961
4.69961
4.69961
4.69961
4.69961
4.69961
4.69961
4.69961
4.69961
4.69961
4.69961
4.69961
4.69961
4.69961
4.69961
4.69961
4.69961
4.69961
4.69961
4.69961
4.69961
4.69961
4.69961
4.69961
4.69961
4.69961
4.69961
4.69961
4.69961
4.69961
4.69961
4.69961
4.69961
4.69961
4.69961
4.69961
4.69961
4.69961
4.69961
4.69961
4.69961
4.69961
4.69961
4.69961
4.69961
4.69961
4.69961
4.69961
4.69961
4.69961
4.69961
4.69961
4.69961
4.69961
4.69961
4.69961
4.69961
4.69961
4.69961
4.69961
4.69961
4.69961
4.69961
4.69961
4.69961
4.69961
4.69961
4.69961
4.69961
4.69961
4.69961
4.69961
4.69961
4.69961
4.69961
4.69961
4.69961
4.69961
4.69961
4.69961
4.69961
4.69961
4.69961
4.69961
4.69961
4.69961
4.69961
4.69961
4.69961
4.69961
4.69961
4.69961
4.69961
4.69961
4.69961
4.69961
4.69961
4.69961
4.69961
4.69961
4.69961
4.69961
4.69961
4.69961
4.69961
4.69961
4.69961
4.69961
4.69961
4.69961
4.69961
4.69961
4.69961
4.69961
4.69961
4.69961
4.69961
4.69961
4.69961
4.69961
4.69961
4.69961
4.69961
4.69961
4.69961
4.69961
4.69961
4.69961
4.69961
4.69961
4.69961
4.69961
4.69961
4.69961
4.69961
4.69961
4.69961
4.69961
4.69961
4.69961
4.69961
4.69961
4.69961
4.69961
4.69961
4.69961
4.69961
4.69961
4.69961
4.69961
4.69961
4.69961
4.69961
4.69961
4.69961
4.69961
4.69961
4.69961
4.69961
4.69961
4.69961
4.69961
4.69961
4.69961
4.69961
4.69961
4.69961
4.69961
4.69961
4.69961
4.69961
4.69961
4.69961
4.69961
4.69961
4.69961
4.69961
4.69961
4.69961
4.69961
4.69961
4.69961
4.69961
4.69961
4.69961
4.69961
4.69961
4.69961
4.69961
4.69961
4.69961
4.69961
4.69961
4.69961
4.69961
4.69961
4.69961
4.69961
4.69961
4.69961
4.69961
4.69961
4.69961
4.69961
4.69961
4.69961
4.69961
4.69961
4.69961
4.69961
4.69961
4.69961
4.69961
4.69961
4.69961
4.69961
4.69961
4.69961
4.69961
4.69961
4.69961
4.638
4.638
4.49363
4.42852
4.42852
4.19341
4.19341
4.19341
4.19341
4.19341
4.19341
4.19341
4.15109
4.15109
4.1456
4.13977
4.13977
4.1192
4.1192
4.1192
4.09739
4.09739
4.08796
4.07092
4.05978
4.03627
4.03074
4.02549
4.00115
3.98166
3.96947
3.94972
3.9274
3.92278
3.9033
3.88755
3.88095
3.86449
3.85397
3.84308
3.82978
3.82523
3.81714
3.80562
3.80291
3.80053
3.79231
3.7882
3.785
3.78417
3.78254
3.7797
3.77777
3.77434
3.77105
3.7704
3.76623
3.76337
3.75722
3.75661
3.7536
3.75089
3.74862
3.74428
3.74264
3.74065
3.73775
3.73685
3.73511
3.73302
3.73302
3.73302
3.73302
3.73302
3.73302
3.73302
3.73302
3.73302
3.73302
3.73302
3.73302
3.73302
3.73302
3.73302
3.73302
3.73302
3.73302
3.73302
3.73302
3.73302
3.73302
3.73302
3.73302
3.73302
3.73302
3.73302
3.73302
3.73302
3.73302
3.73302
3.73302
3.73302
3.73302
3.73302
3.73302
3.73302
3.73302
3.73302
3.73302
3.73302
3.73302
3.73302
3.73302
3.73302
3.73302
3.73302
3.73302
3.73302
3.73302
3.73302
3.73302
3.73302
3.73302
3.73302
3.73302
3.73302
3.73302
3.73302
3.73302
3.73302
3.73302
3.73302
3.73302
3.73302
3.73302
3.73302
3.73302
3.73302
3.73302
3.73302
3.73302
3.73302
3.73302
3.73302
3.73302
3.73302
3.73302
3.73302
3.73302
3.73302
3.73302
3.73302
3.73302
3.73302
3.73302
3.73302
3.73302
3.73302
3.73302
3.73302
3.73302
3.73302
3.73302
3.73302
3.73302
3.73302
3.73302
3.73302
3.73302
3.73302
3.73302
3.73302
3.73302
3.73302
3.73302
3.73302
3.73302
3.73302
3.73302
3.73302
3.73302
3.73302
3.73302
3.73302
3.73302
3.73302
3.73302
3.73302
3.73302
3.73302
3.73302
3.73302
3.73302
3.73302
3.73302
3.73302
3.73302
3.73302
3.73302
3.73302
3.73302
3.73302
3.73302
3.73302
3.73302
3.73302
3.73302
3.73302
3.73302
3.73302
3.73302
3.73302
3.73302
3.73302
3.73302
3.73302
3.73302
3.73302
3.73302
3.73302
3.73302
3.73302
3.73302
3.73302
3.73302
3.73302
3.73302
3.73302
3.73302
3.73302
3.73302
3.73302
3.73302
3.73302
3.73302
3.73302
3.73302
3.73302
3.73302
3.73302
3.73302
3.73302
3.73302
3.73302
3.73302
3.73302
3.73302
3.73302
3.73302
3.73302
3.73302
3.73302
3.73302
3.73302
3.73302
3.73302
3.73302
3.73302
3.73302
3.73302
3.73302
3.73302
3.73302
3.73302
3.73302
3.73302
3.73302
3.73302
3.73302
3.73302
3.73302
3.73302
3.73302
3.73302
3.73302
3.73302
3.73302
3.73302
3.73302
3.73302
3.73302
3.73302
3.73302
3.73302
3.73302
3.73302
3.73302
3.73302
3.73302
3.73302
3.73302
3.73302
3.73302
3.73302
3.73302
3.73302
3.73302
3.73302
3.73302
3.73302
3.73302
3.73302
3.73302
3.73302
3.73302
3.73302
3.73302
3.73302
3.73302
3.73302
3.73302
3.73302
3.73302
3.73302
3.73302
3.73302
3.73302
3.73302
3.73302
3.73302
3.73302
3.73302
3.73302
3.73302
3.73302
3.73302
3.73302
3.73302
3.73302
3.73302
3.73302
3.73302
3.73302
3.73302
3.73302
3.73302
3.73302
3.73302
3.73302
3.73302
3.73302
3.73302
3.73302
3.73302
3.73302
3.73302
3.73302
3.73302
3.73302
3.73302
3.73302
3.73302
3.73302
3.73302
3.73302
3.73302
3.73302
3.73302
3.73302
3.73302
3.73302
3.73302
3.73302
3.73302
3.73302
3.73302
3.73302
3.73302
3.73302
3.73302
3.73302
3.73302
3.73302
3.73302
3.73302
3.73302
3.73302
3.73302
3.73302
3.73302
3.73302
3.73302
3.73302
3.73302
3.73302
3.73302
3.73302
3.73302
3.73302
3.73302
3.73302
3.73302
3.73302
3.73302
3.73302
3.73302
3.73302
3.73302
3.73302
3.73302
3.73302
3.73302
3.73302
3.73302
3.73302
3.73302
3.73302
3.73302
3.73302
3.73302
3.73302
3.73302
3.73302
3.73302
3.73302
3.73302
3.73302
3.73302
3.73302
3.73302
3.73302
3.73302
3.73302
3.73302
3.73302
3.73302
3.73302
3.73302
3.73302
3.73302
3.73302
3.73302
3.73302
3.73302
3.73302
3.73302
3.73302
3.73302
3.73302
3.73302
3.73302
3.73302
3.73302
3.73302
3.73302
3.73302
3.73302
3.73302
3.73302
3.73302
3.73302
3.73302
3.73302
3.73302
3.73302
3.73302
3.73302
3.73302
3.73302
3.73302
3.73302
3.73302
3.73302
3.73302
3.73302
3.73302
3.73302
3.73302
3.73302
3.73302
3.73302
3.73302
3.73302
3.73302
3.73302
3.73302
3.73302
3.73302
3.73302
3.73302
3.73302
3.73302
3.73302
3.73302
3.73302
3.73302
3.73302
3.73302
3.73302
3.73302
3.73302
3.73302
3.73302
3.73302
3.73302
3.73302
3.73302
3.73302
3.73302
3.73302
3.73302
3.73302
3.73302
3.73302
3.73302
3.73302
3.73302
3.73302
3.73302
3.73302
3.73302
3.73302
3.73302
3.73302
3.73302
3.73302
3.73302
3.73302
3.73302
3.73302
3.73302
3.73302
3.73302
3.73302
3.73302
3.73302
3.73302
3.73302
3.73302
3.73302
3.73302
3.73302
3.73302
3.73302
3.73302
3.73302
3.73302
3.73302
3.73302
3.73302
3.73302
3.73302
3.73302
3.73302
3.73302
3.73302
3.73302
3.73302
3.73302
3.73302
3.73302
3.73302
3.73302
3.73302
3.73302
3.73302
3.73302
3.73302
3.73302
3.73302
3.73302
3.73302
3.73302
3.73302
3.73302
3.73302
3.73302
3.73302
3.73302
3.73302
3.73302
3.73302
3.73302
3.73302
3.73302
3.73302
3.73302
3.73302
3.73302
3.73302
3.73302
3.73302
3.73302
3.73302
3.73302
3.73302
3.73302
3.73302
3.73302
3.73302
3.73302
3.73302
3.73302
3.73302
3.73302
3.73302
3.73302
3.73302
3.73302
3.73302
3.73302
3.73302
3.73302
3.73302
3.73302
3.73302
3.73302
3.73302
3.73302
3.73302
3.73302
3.73302
3.73302
3.73302
3.73302
3.73302
3.73302
3.73302
3.73302
3.73302
3.73302
3.73302
3.73302
3.73302
3.73302
3.73302
3.73302
3.73302
3.73302
3.73302
3.73302
3.73302
3.73302
3.73302
3.73302
3.73302
3.73302
3.73302
3.73302
3.73302
3.73302
3.73302
3.73302
3.73302
3.73302
3.73302
3.73302
3.73302
3.73302
3.73302
3.73302
3.73302
3.73302
3.73302
3.73302
3.73302
3.73302
3.73302
3.73302
3.73302
3.73302
3.73302
3.73302
3.73302
3.73302
3.73302
3.73302
3.73302
3.73302
3.73302
3.73302
3.73302
3.73302
3.73302
3.73302
3.73302
3.73302
3.73302
3.73302
3.73302
3.73302
3.73302
3.73302
3.73302
3.73302
3.73302
3.73302
3.73302
3.73302
3.73302
3.73302
3.73302
3.73302
3.73302
3.73302
3.73302
3.73302
3.73302
3.73302
3.73302
3.73302
3.73302
3.73302
3.73302
3.73302
3.73302
3.73302
3.73302
3.73302
3.73302
3.73302
3.73302
3.73302
3.73302
3.73302
3.73302
3.73302
3.73302
3.73302
3.73302
3.73302
3.73302
3.73302
3.73302
3.73302
3.73302
3.73302
3.73302
3.73302
3.73302
3.73302
3.73302
3.73302
3.73302
3.73302
3.73302
3.73302
3.73302
3.73302
3.73302
3.73302
3.73302
3.73302
3.73302
3.73302
3.73302
3.73302
3.73302
3.73302
3.73302
3.73302
3.73302
3.73302
3.73302
3.73302
3.73302
3.73302
3.73302
3.73302
3.73302
3.73302
3.73302
3.73302
3.73302
3.73302
3.73302
3.73302
3.73302
3.73302
3.73302
3.73302
3.73302
3.73302
3.73302
3.73302
3.73302
3.73302
3.73302
3.73302
3.73302
3.73302
3.73302
3.73302
3.73302
3.73302
3.73302
3.73302
3.73302
3.73302
3.73302
3.73302
3.73302
3.73302
3.73302
3.73302
3.73302
3.73302
3.73302
3.73302
3.73302
3.73302
3.73302
3.73302
3.73302
3.73302
3.73302
3.73302
3.73302
3.73302
3.73302
3.73302
3.73302
3.73302
3.73302
3.73302
3.73302
3.73302
3.73302
3.73302
3.73302
3.73302
3.73302
3.73302
3.73302
3.73302
3.73302
3.73302
3.73302
3.73302
3.73302
3.73302
3.73302
3.73302
3.73302
3.73302
3.73302
3.73302
3.73302
3.73302
3.73302
3.73302
3.73302
3.73302
3.73302
3.73302
3.73302
3.73302
3.73302
3.73302
3.73302
3.73302
3.73302
3.73302
3.73302
3.73302
3.73302
3.73302
3.73302
3.73302
3.73302
3.73302
3.73302
3.73302
3.73302
3.73302
3.73302
3.73302
3.73302
3.73302
3.73302
3.73302
3.73302
3.73302
3.73302
3.73302
3.73302
3.73302
3.73302
3.73302
3.73302
3.73302
3.73302
3.73302
3.73302
3.73302
3.73302
3.73302
3.73302
3.73302
3.73302
3.73302
3.73302
3.73302
3.73302
3.73302
3.73302
3.73302
3.73302
3.73302
3.73302
3.73302
3.73302
3.73302
3.73302
3.73302
3.73302
3.73302
3.73302
3.73302
3.73302
3.73302
3.73302
3.73302
3.73302
3.73302
3.73302
3.73302
3.73302
3.73302
3.73302
3.73302
3.73302
3.73302
3.73302
3.73302
3.73302
3.73302
3.73302
3.73302
3.73302
3.73302
3.73302
3.73302
3.73302
3.73302
3.73302
3.73302
3.73302
3.73302
3.73302
3.73302
3.73302
3.73302
3.73302
3.73302
3.73302
3.73302
3.73302
3.73302
3.73302
3.73302
3.73302
3.73302
3.73302
3.73302
3.73302
3.73302
3.73302
3.73302
3.73302
3.73302
3.73302
3.73302
3.73302
3.73302
3.73302
3.73302
3.73302
3.73302
3.73302
3.73302
3.73302
3.73302
3.73302
3.73302
3.73302
3.73302
3.73302
3.73302
3.73302
3.73302
3.73302
3.73302
3.73302
3.73302
3.73302
3.73302
3.73302
3.73302
3.73302
3.73302
3.73302
3.73302
3.73302
3.73302
3.73302
3.73302
3.73302
3.73302
3.73302
3.73302
3.73302
3.73302
3.73302
3.73302
3.73302
3.73302
3.73302
3.73302
3.73302
3.73302
3.73302
3.73302
3.73302
3.73302
3.73302
3.73302
3.73302
3.73302
3.73302
3.73302
3.73302
3.73302
3.73302
3.73302
3.73302
3.73302
3.73302
3.73302
3.73302
3.73302
3.73302
3.73302
3.73302
3.73302
3.73302
3.73302
3.73302
3.73302
3.73302
3.73302
3.73302
3.73302
3.73302
3.73302
3.73302
3.73302
3.73302
3.73302
3.73302
3.73302
3.73302
3.73302
3.73302
3.73302
3.73302
3.73302
3.73302
3.73302
3.73302
3.73302
3.73302
3.73302
3.73302
3.73302
3.73302
3.73302
3.73302
3.73302
3.73302
3.73302
3.73302
3.73302
3.73302
3.73302
3.73302
3.73302
3.73302
3.73302
3.73302
3.73302
3.73302
3.73302
3.73302
3.73302
3.73302
3.73302
3.73302
3.73302
3.73302
3.73302
3.73302
3.73302
3.73302
3.73302
3.73302
3.73302
3.73302
3.73302
3.73302
3.73302
3.73302
3.73302
3.73302
3.73302
3.73302
3.73302
3.73302
3.73302
3.73302
3.73302
3.73302
3.73302
3.73302
3.73302
3.73302
3.73302
3.73302
3.73302
3.73302
3.73302
3.73302
3.73302
3.73302
3.73302
3.73302
3.73302
3.73302
3.73302
3.73302
3.73302
3.73302
3.73302
3.73302
3.73302
3.73302
3.73302
3.73302
3.73302
3.73302
3.73302
3.73302
3.73302
3.73302
3.73302
3.73302
3.73302
3.73302
3.73302
3.73302
3.73302
3.73302
3.73302
3.73302
3.73302
3.73302
3.73302
3.73302
3.73302
3.73302
3.73302
3.73302
3.73302
3.73302
3.73302
3.73302
3.73302
3.73302
3.73302
3.73302
3.73302
3.73302
3.73302
3.73302
3.73302
3.73302
3.73302
3.73302
3.73302
3.73302
3.73302
3.73302
3.73302
3.73302
3.73302
3.73302
3.73302
3.73302
3.73302
3.73302
3.73302
3.73302
3.73302
3.73302
3.73302
3.73302
3.73302
3.73302
3.73302
3.73302
3.73302
