8.36995e+06
3.32225e+06
2.65031e+06
2.65031e+06
2.65031e+06
1.13173e+06
874711
874711
783720
262919
262919
262919
178121
100434
100434
100434
100434
100434
100434
53970.7
41865.6
41865.6
33391.5
33391.5
9590.16
9590.16
9590.16
9590.16
8880.85
8880.85
5613.78
5613.78
5613.78
5613.78
4373.82
4228.21
1047.36
1047.36
1047.36
1047.36
1047.36
1047.36
1047.36
1047.36
998.847
998.847
998.847
556.835
556.835
556.835
556.835
458.299
458.299
370.559
370.559
180.517
180.517
180.517
176.017
166.984
128.507
128.507
126.086
126.086
126.086
115.191
107.962
107.962
76.6732
71.969
71.969
71.969
65.5893
65.5893
60.2432
60.2432
53.9164
50.0093
39.4422
32.4684
26.0951
20.2944
18.7129
18.0915
18.0915
18.0915
18.0915
18.0915
18.0915
17.0542
17.0542
17.0542
15.4146
15.4146
15.4146
15.4146
15.4146
15.4146
15.4146
14.7679
14.7365
14.5616
14.4594
14.1903
14.1717
14.1717
14.1717
13.7492
13.7385
13.6939
13.543
13.543
13.543
13.4628
13.4628
13.4628
13.4628
13.4628
13.4129
13.3772
13.3772
13.3116
13.3116
13.1907
13.1907
13.1753
13.1634
13.1546
13.1205
13.0582
13.0582
13.0582
13.0537
13.0329
13.0224
12.9878
12.9812
12.9488
12.9397
12.9177
12.8928
12.8759
12.8468
12.8259
12.8147
12.7933
12.7731
12.7584
12.7387
12.7295
12.7154
12.7023
12.6896
12.674
12.6608
12.6457
12.62
12.6064
12.5887
12.572
12.5385
12.5272
12.4991
12.4824
12.4637
12.4445
12.4219
12.4004
12.3781
12.3586
12.3281
12.3042
12.2816
12.2555
12.2308
12.2064
12.1843
12.1646
12.1421
12.1229
12.0893
12.066
12.0415
12.0191
11.9928
11.9703
11.9402
11.9177
11.8899
11.8583
11.8338
11.8023
11.7776
11.7498
11.7157
11.6865
11.6534
11.62
11.5921
11.5635
11.527
11.4974
11.4684
11.4452
11.4126
11.3831
11.3555
11.3267
11.3017
11.2746
11.2415
11.2165
11.189
11.1578
11.1248
11.0986
11.0705
11.0292
11.0096
10.987
10.959
10.9279
10.9032
10.8813
10.8542
10.8309
10.8024
10.7774
10.7489
10.7251
10.7014
10.6735
10.6525
10.6262
10.6014
10.5706
10.546
10.523
10.4979
10.4708
10.4474
10.4217
10.3841
10.3705
10.3447
10.3187
10.2946
10.2688
10.2509
10.2246
10.2022
10.178
10.1508
10.1237
10.1088
10.0708
10.0599
10.0296
10.0137
9.99284
9.97138
9.94874
9.9336
9.9124
9.89605
9.86662
9.8466
9.81794
9.79982
9.77511
9.75899
9.73583
9.71581
9.68841
9.66674
9.64694
9.62611
9.60266
9.58526
9.55974
9.53136
9.51064
9.47628
9.45761
9.42752
9.40112
9.36881
9.33334
9.30146
9.27529
9.25064
9.22112
9.19416
9.1697
9.13162
9.10804
9.07966
9.05509
9.03814
9.01362
8.99178
8.96606
8.94796
8.92207
8.90069
8.87342
8.85244
8.83134
8.8016
8.78217
8.75954
8.73783
8.70986
8.68016
8.65493
8.63423
8.61934
8.59804
8.58169
8.56077
8.54217
8.52361
8.50797
8.49176
8.47314
8.45814
8.44421
8.42728
8.41331
8.39467
8.38135
8.36697
8.3527
8.33955
8.32361
8.30842
8.29127
8.2792
8.26243
8.24479
8.23106
8.20963
8.19768
8.1828
8.168
8.15276
8.13649
8.11764
8.10362
8.08541
8.06593
8.049
8.02624
8.00527
7.98383
7.96754
7.94329
7.92769
7.90327
7.88387
7.86065
7.84395
7.81527
7.79566
7.77518
7.74544
7.72005
7.69821
7.67098
7.64478
7.62118
7.59737
7.57555
7.53587
7.52521
7.49328
7.4725
7.45493
7.43291
7.41407
7.39441
7.37544
7.34766
7.32636
7.30334
7.28552
7.26177
7.23874
7.2124
7.1909
7.16675
7.14207
7.12405
7.09312
7.06534
7.04444
7.01607
6.98543
6.96165
6.93977
6.91346
6.89298
6.86663
6.84671
6.82311
6.80159
6.77803
6.75774
6.74028
6.7152
6.69372
6.67614
6.64612
6.62784
6.6075
6.5829
6.55467
6.52898
6.5063
6.48292
6.4487
6.4242
6.40704
6.38435
6.35306
6.33666
6.30753
6.28187
6.25731
6.23108
6.2081
6.18844
6.16023
6.1393
6.12022
6.09613
6.07072
6.04862
6.02336
5.998
5.97405
5.94172
5.91359
5.89664
5.86622
5.84037
5.81625
5.79131
5.76831
5.73496
5.71121
5.68955
5.6662
5.64327
5.615
5.59561
5.57364
5.54894
5.52827
5.51461
5.49068
5.47887
5.4609
5.4457
5.4283
5.41303
5.39682
5.38031
5.36689
5.34471
5.33076
5.31027
5.2941
5.27504
5.25124
5.23111
5.21049
5.19617
5.17666
5.15405
5.13298
5.11174
5.09222
5.06973
5.04245
5.02887
5.00838
4.98539
4.968
4.94518
4.92569
4.90902
4.88991
4.87129
4.85071
4.83195
4.81542
4.7967
4.78381
4.76556
4.74926
4.73026
4.71782
4.69952
4.68405
4.66808
4.65249
4.63428
4.61477
4.59765
4.58338
4.56177
4.54857
4.5325
4.50935
4.48673
4.46872
4.45257
4.42515
4.4071
4.3793
4.35039
4.32725
4.30567
4.27291
4.25581
4.22828
4.20126
4.17548
4.15175
4.11698
4.09501
4.05857
4.03958
4.01305
3.97007
3.9511
3.92657
3.89799
3.87037
3.84553
3.82692
3.80037
3.77567
3.75386
3.72619
3.70456
3.67601
3.64397
3.61477
3.59238
3.56758
3.54492
3.51958
3.4896
3.4718
3.44184
3.42621
3.40358
3.37776
3.35915
3.3384
3.31376
3.29669
3.26577
3.25385
3.23122
3.20968
3.18654
3.17374
3.15343
3.13592
3.11639
3.08973
3.07421
3.05118
3.03433
3.00962
2.99142
2.97502
2.95583
2.93492
2.92138
2.90194
2.88781
2.86946
2.8525
2.83656
2.82018
2.80362
2.78656
2.77071
2.74867
2.73565
2.72186
2.70709
2.68791
2.68082
2.66495
2.65032
2.6375
2.62553
2.61256
2.59924
2.5876
2.57074
2.56221
2.54924
2.5336
2.51693
2.50123
2.481
2.46601
2.4473
2.43045
2.41274
2.39526
2.38313
2.36202
2.34574
2.32995
2.30972
2.29197
2.27599
2.25856
2.23983
2.22286
2.20178
2.18376
2.16768
2.14735
2.1306
2.10909
2.09224
2.07215
2.0512
2.0323
2.01228
1.99593
1.97576
1.96144
1.94271
1.92712
1.91298
1.90061
1.88289
1.869
1.85984
1.85005
1.83617
1.82305
1.8118
1.80273
1.79097
1.77893
1.76612
1.75645
1.74325
1.73106
1.72142
1.71048
1.69872
1.68753
1.67673
1.66536
1.6523
1.64374
1.63066
1.61572
1.60428
1.5906
1.57699
1.56732
1.55192
1.54119
1.52794
1.51313
1.50465
1.49382
1.48104
1.46824
1.45859
1.44654
1.43411
1.4227
1.41247
1.39684
1.38735
1.37597
1.36612
1.35609
1.34168
1.33336
1.32073
1.30883
1.29147
1.28693
1.27477
1.26425
1.25288
1.24093
1.23005
1.21536
1.20565
1.19433
1.18363
1.17291
1.16231
1.1497
1.13776
1.12208
1.11061
1.09964
1.08217
1.06912
1.05725
1.03979
1.02428
1.01858
1.00422
0.992971
0.979233
0.966257
0.958218
0.947069
0.935279
0.925084
0.915406
0.905287
0.895405
0.885731
0.875572
0.866434
0.855219
0.847519
0.839178
0.828581
0.818625
0.810503
0.801731
0.789697
0.778883
0.769462
0.759338
0.752612
0.742584
0.735228
0.725255
0.716731
0.708128
0.698595
0.690933
0.680068
0.671947
0.662547
0.655193
0.647226
0.637497
0.63091
0.62344
0.614845
0.606414
0.596812
0.588717
0.582014
0.57541
0.567892
0.562997
0.556162
0.547859
0.542357
0.537045
0.530055
0.524466
0.518826
0.512884
0.508061
0.503415
0.497779
0.491728
0.485528
0.479504
0.47507
0.468344
0.464692
0.460502
0.456203
0.450415
0.447429
0.443215
0.439041
0.43653
0.432335
0.428876
0.425271
0.422467
0.419643
0.416736
0.413347
0.41027
0.407629
0.404703
0.402089
0.399123
0.396013
0.393966
0.391378
0.388867
0.386101
0.383881
0.381644
0.379174
0.376228
0.373765
0.371088
0.36778
0.365668
0.362297
0.359675
0.357066
0.35413
0.351948
0.348976
0.34644
0.343708
0.34086
0.338351
0.3357
0.332215
0.32978
0.326626
0.324845
0.322255
0.319537
0.317234
0.314122
0.311357
0.309309
0.306595
0.303917
0.302359
0.300062
0.297597
0.295002
0.292597
0.289169
0.28752
0.285023
0.282377
0.279769
0.276966
0.275275
0.272389
0.270293
0.267987
0.266291
0.263297
0.261667
0.259294
0.257405
0.255168
0.253411
0.251502
0.249478
0.247634
0.24558
0.244245
0.242379
0.240392
0.238959
0.237271
0.235478
0.233824
0.232445
0.231107
0.229544
0.227863
0.22606
0.223841
0.222482
0.22081
0.21936
0.217629
0.21583
0.214283
0.212718
0.211245
0.209365
0.207739
0.206576
0.204885
0.203879
0.202214
0.200869
0.199555
0.198186
0.196727
0.195416
0.194308
0.193206
0.191677
0.190444
0.189196
0.188078
0.18656
0.18566
0.184093
0.183053
0.181625
0.180267
0.179545
0.178208
0.177201
0.175817
0.17488
0.173914
0.17297
0.171967
0.170946
0.17015
0.169137
0.168161
0.167283
0.166152
0.165263
0.16423
0.163356
0.162407
0.161596
0.160641
0.15969
0.15855
0.157326
0.15674
0.155905
0.155038
0.153936
0.153034
0.152146
0.151299
0.150611
0.149444
0.148669
0.147598
0.146493
0.145283
0.144497
0.143758
0.142812
0.141989
0.141162
0.140333
0.139413
0.138762
0.137888
0.137184
0.136241
0.135504
0.134359
0.133456
0.132563
0.131526
0.130487
0.129191
0.128583
0.127599
0.126306
0.125102
0.124109
0.123112
0.122107
0.121279
0.119977
0.119457
0.11847
0.117305
0.116559
0.115872
0.115154
0.114381
0.113483
0.112785
0.112194
0.111448
0.1108
0.110096
0.109423
0.108829
0.108137
0.107433
0.10677
0.106208
0.105501
0.104874
0.104324
0.10346
0.103126
0.102458
0.101863
0.101379
0.100774
0.100279
0.0997485
0.0991761
0.0987507
0.0981126
0.0977554
0.0972583
0.0966036
0.0960902
0.0956156
0.094944
0.0944637
0.0939488
0.0933192
0.0927835
0.0922906
0.0918513
0.0914325
0.0908742
0.090372
0.0896195
0.0893258
0.088796
0.0883143
0.0877662
0.0873475
0.086801
0.086425
0.0859945
0.0854862
0.0850169
0.0845241
0.0840782
0.0833799
0.0829273
0.0823983
0.0820155
0.0815699
0.0811
0.0806148
0.0801627
0.0797003
0.0791752
0.0786567
0.0781069
0.0775747
0.0770288
0.0766203
0.0760587
0.0755408
0.0751902
0.0747541
0.0743416
0.073909
0.0735085
0.0731215
0.0727973
0.072216
0.0720086
0.0717387
0.0714027
0.0710779
0.0707522
0.070527
0.0701715
0.0698777
0.0696476
0.0692973
0.0690038
0.0688569
0.0685211
0.0681812
0.067888
0.0676451
0.0673713
0.0671367
0.0669238
0.0665815
0.0663187
0.0660686
0.0658088
0.0655017
0.0652183
0.0649573
0.0646301
0.0643252
0.0640358
0.0636634
0.0632953
0.0629613
0.0625522
0.0621354
0.0616545
0.0611921
0.06091
0.060448
0.0600913
0.059704
0.0594135
0.058853
0.058426
0.0580069
0.0575829
0.0572212
0.0567747
0.056462
0.0560449
0.055501
0.0551394
0.0546996
0.0541722
0.0539259
0.0532324
0.0528679
0.0522376
0.0518521
0.0512963
0.0507873
0.0503688
0.0498597
0.0495447
0.0490717
0.0485898
0.0483263
0.0478954
0.0475371
0.0471528
0.0468093
0.0463596
0.0459765
0.0456148
0.0452622
0.0448837
0.044494
0.0441745
0.0437975
0.0433798
0.0430613
0.0427055
0.0424291
0.0420971
0.041803
0.0414398
0.0411017
0.0407588
0.0404828
0.040111
0.0398427
0.0394287
0.0392022
0.0388494
0.0386362
0.0383224
0.038054
0.0377116
0.0374393
0.0371336
0.036892
0.0365834
0.0363237
0.0360576
0.0358223
0.0355047
0.0352797
0.0349654
0.0346817
0.0344831
0.0342435
0.0339825
0.0337413
0.0335575
0.0333289
0.0331033
0.0328288
0.0325937
0.0323819
0.0321166
0.0319218
0.0316003
0.0313312
0.0311696
0.0308791
0.0306614
0.0304555
0.0302083
0.0300032
0.0297097
0.0295294
0.0293102
0.0290125
0.0287672
0.0285722
0.0283609
0.0280805
0.0278586
0.0276726
0.0274336
0.0272627
0.0270682
0.0268737
0.0266795
0.0264297
0.0262532
0.0260905
0.0259112
0.0257481
0.0255838
0.0253866
0.0253015
0.0253015
0.0253015
0.0253015
0.0253015
0.0253015
0.0253015
0.0253015
0.0253015
0.0253015
0.0253015
0.0253015
0.0253015
0.0253015
0.0253015
0.0253015
0.0253015
0.0253015
0.0253015
0.0253015
0.0253015
0.0253015
0.0253015
0.0253015
0.0253015
0.0253015
0.0253015
0.0253015
0.0253015
0.0253015
0.0253015
0.0253015
0.0253015
0.0253015
0.0253015
0.0253015
0.0253015
0.0253015
0.0253015
0.0253015
0.0253015
0.0253015
0.0253015
0.0253015
0.0253015
0.0253015
0.0253015
0.0253015
0.0253015
0.0253015
0.0253015
0.0253015
0.0253015
0.0253015
0.0253015
0.0253015
0.0253015
0.0253015
0.0253015
0.0253015
0.0253015
0.0253015
0.0253015
0.0253015
0.0253015
0.0253015
0.0253015
0.0253015
0.0253015
0.0253015
0.0253015
0.0253015
0.0253015
0.0253015
0.0253015
0.0253015
0.0253015
0.0253015
0.0253015
0.0253015
0.0253015
0.0253015
0.0253015
0.0253015
0.0253015
0.0253015
0.0253015
0.0253015
0.0253015
0.0253015
0.0253015
0.0253015
0.0253015
0.0253015
0.0253015
0.0253015
0.0253015
0.0253015
0.0253015
0.0253015
0.0253015
0.0253015
0.0253015
0.0253015
0.0253015
0.0253015
0.0253015
0.0253015
0.0253015
0.0253015
0.0253015
0.0253015
0.0253015
0.0253015
0.0253015
0.0253015
0.0253015
0.0253015
0.0253015
0.0253015
0.0253015
0.0253015
0.0253015
0.0253015
0.0253015
0.0253015
0.0253015
0.0253015
0.0253015
0.0253015
0.0253015
0.0253015
0.0253015
0.0253015
0.0253015
0.0253015
0.0253015
0.0253015
0.0253015
0.0253015
0.0253015
0.0253015
0.0253015
0.0253015
0.0253015
0.0253015
0.0253015
0.0253015
0.0253015
0.0253015
0.0253015
0.0253015
0.0253015
0.0253015
0.0253015
0.0253015
0.0253015
0.0253015
0.0253015
0.0253015
0.0253015
0.0253015
0.0253015
0.0253015
0.0253015
0.0253015
0.0253015
0.0253015
0.0253015
0.0253015
0.0253015
0.0253015
0.0253015
0.0253015
0.0253015
0.0253015
0.0253015
0.0253015
0.0253015
0.0253015
0.0253015
0.0253015
0.0253015
0.0253015
0.0253015
0.0253015
0.0253015
0.0253015
0.0253015
0.0253015
0.0253015
0.0253015
0.0253015
0.0253015
0.0253015
0.0253015
0.0253015
0.0253015
0.0253015
0.0253015
0.0253015
0.0253015
0.0253015
0.0253015
0.0253015
0.0253015
0.0253015
0.0253015
0.0253015
0.0253015
0.0253015
0.0253015
0.0253015
0.0253015
0.0253015
0.0253015
0.0253015
0.0253015
0.0253015
0.0253015
0.0253015
0.0253015
0.0253015
0.0253015
0.0253015
0.0253015
0.0253015
0.0253015
0.0253015
0.0253015
0.0253015
0.0253015
0.0253015
0.0253015
0.0253015
0.0253015
0.0253015
0.0253015
0.0253015
0.0253015
0.0253015
0.0253015
0.0253015
0.0253015
0.0253015
0.0253015
0.0253015
0.0253015
0.0253015
0.0253015
0.0253015
0.0253015
0.0253015
0.0253015
0.0253015
0.0253015
0.0253015
0.0253015
0.0253015
0.0253015
0.0253015
0.0253015
0.0253015
0.0253015
0.0253015
0.0253015
0.0253015
0.0253015
0.0253015
0.0253015
0.0253015
0.0253015
0.0253015
0.0253015
0.0253015
0.0253015
0.0253015
0.0253015
0.0253015
0.0253015
0.0253015
0.0253015
0.0253015
0.0253015
0.0253015
0.0253015
0.0253015
0.0253015
0.0253015
0.0253015
0.0253015
0.0253015
0.0253015
0.0253015
0.0253015
0.0253015
0.0253015
0.0253015
0.0253015
0.0253015
0.0253015
0.0253015
0.0253015
0.0253015
0.0253015
0.0253015
0.0253015
0.0253015
0.0253015
0.0253015
0.0253015
0.0253015
0.0253015
0.0253015
0.0253015
0.0253015
0.0253015
0.0253015
0.0253015
0.0253015
0.0253015
0.0253015
0.0253015
0.0253015
0.0253015
0.0253015
0.0253015
0.0253015
0.0253015
0.0253015
0.0253015
0.0253015
0.0253015
0.0253015
0.0253015
0.0253015
0.0253015
0.0253015
0.0253015
0.0253015
0.0253015
0.0253015
0.0253015
0.0253015
0.0253015
0.0253015
0.0253015
0.0253015
0.0253015
0.0253015
0.0253015
0.0253015
0.0253015
0.0253015
0.0253015
0.0253015
0.0253015
0.0253015
0.0253015
0.0253015
0.0253015
0.0253015
0.0253015
0.0253015
0.0253015
0.0253015
0.0253015
0.0253015
0.0253015
0.0253015
0.0253015
0.0253015
0.0253015
0.0253015
0.0253015
0.0253015
0.0253015
0.0253015
0.0253015
0.0253015
0.0253015
0.0253015
0.0253015
0.0253015
0.0253015
0.0253015
0.0253015
0.0253015
0.0253015
0.0253015
0.0253015
0.0253015
0.0253015
0.0253015
0.0253015
0.0253015
0.0253015
0.0253015
0.0253015
0.0253015
0.0253015
0.0253015
0.0253015
0.0253015
0.0253015
0.0253015
0.0253015
0.0253015
0.0253015
0.0253015
0.0253015
0.0253015
0.0253015
0.0253015
0.0253015
0.0253015
0.0253015
0.0253015
0.0253015
0.0253015
0.0253015
0.0253015
0.0253015
0.0253015
0.0253015
0.0253015
0.0253015
0.0253015
0.0253015
0.0253015
0.0253015
0.0253015
0.0253015
0.0253015
0.0253015
0.0253015
0.0253015
0.0253015
0.0253015
0.0253015
0.0253015
0.0253015
0.0253015
0.0253015
0.0253015
0.0253015
0.0253015
0.0253015
0.0253015
0.0253015
0.0253015
0.0253015
0.0253015
0.0253015
0.0253015
0.0253015
0.0253015
0.0253015
0.0253015
0.0253015
0.0253015
0.0253015
0.0253015
0.0253015
0.0253015
0.0253015
0.0253015
0.0253015
0.0253015
0.0253015
0.0253015
0.0253015
0.0253015
0.0253015
0.0253015
0.0253015
0.0253015
0.0253015
0.0253015
0.0253015
0.0253015
0.0253015
0.0253015
0.0253015
0.0253015
0.0253015
0.0253015
0.0253015
0.0253015
0.0253015
0.0253015
0.0253015
0.0253015
0.0253015
0.0253015
0.0253015
0.0253015
0.0253015
0.0253015
0.0253015
0.0253015
0.0253015
0.0253015
0.0253015
0.0253015
0.0253015
0.0253015
0.0253015
0.0253015
0.0253015
0.0253015
0.0253015
0.0253015
0.0253015
0.0253015
0.0253015
0.0253015
0.0253015
0.0253015
0.0253015
0.0253015
0.0253015
0.0253015
0.0253015
0.0253015
0.0253015
0.0253015
0.0253015
0.0253015
0.0253015
0.0253015
0.0253015
0.0253015
0.0253015
0.0253015
0.0253015
0.0253015
0.0253015
0.0253015
0.0253015
0.0253015
0.0253015
0.0253015
0.0253015
0.0253015
0.0253015
0.0253015
0.0253015
0.0253015
0.0253015
0.0253015
0.0253015
0.0253015
0.0253015
0.0253015
0.0253015
0.0253015
0.0253015
0.0253015
0.0253015
0.0253015
0.0253015
0.0253015
0.0253015
0.0253015
0.0253015
0.0253015
0.0253015
0.0253015
0.0253015
0.0253015
0.0253015
0.0253015
0.0253015
0.0253015
0.0253015
0.0253015
0.0253015
0.0253015
0.0253015
0.0253015
0.0253015
0.0253015
0.0253015
0.0253015
0.0253015
0.0253015
0.0253015
0.0253015
0.0253015
0.0253015
0.0253015
0.0253015
0.0253015
0.0253015
0.0253015
0.0253015
0.0253015
0.0253015
0.0253015
0.0253015
0.0253015
0.0253015
0.0253015
0.0253015
0.0253015
0.0253015
0.0253015
0.0253015
0.0253015
0.0253015
0.0253015
0.0253015
0.0253015
0.0253015
0.0253015
0.0253015
0.0253015
0.0253015
0.0253015
0.0253015
0.0253015
0.0253015
0.0253015
0.0253015
0.0253015
0.0253015
0.0253015
0.0253015
0.0253015
0.0253015
0.0253015
0.0253015
0.0253015
0.0253015
0.0253015
0.0253015
0.0253015
0.0253015
0.0253015
0.0253015
0.0253015
0.0253015
0.0253015
0.0253015
0.0253015
0.0253015
0.0253015
0.0253015
0.0253015
0.0253015
0.0253015
0.0253015
0.0253015
0.0253015
0.0253015
0.0253015
0.0253015
0.0253015
0.0253015
0.0253015
0.0253015
0.0253015
0.0253015
0.0253015
0.0253015
0.0253015
0.0253015
0.0253015
0.0253015
0.0253015
0.0253015
0.0253015
0.0253015
0.0253015
0.0253015
0.0253015
0.0253015
0.0253015
0.0253015
0.0253015
0.0253015
0.0253015
0.0253015
0.0253015
0.0253015
0.0253015
0.0253015
0.0253015
0.0253015
0.0253015
0.0253015
0.0253015
0.0253015
0.0253015
0.0253015
0.0253015
0.0253015
0.0253015
0.0253015
0.0253015
0.0253015
0.0253015
0.0253015
0.0253015
0.0253015
0.0253015
0.0253015
0.0253015
0.0253015
0.0253015
0.0253015
0.0253015
0.0253015
0.0253015
0.0253015
0.0253015
0.0253015
0.0253015
0.0253015
0.0253015
0.0253015
0.0253015
0.0253015
0.0253015
0.0253015
0.0253015
0.0253015
0.0253015
0.0253015
0.0253015
0.0253015
0.0253015
0.0253015
0.0253015
0.0253015
0.0253015
0.0253015
0.0253015
0.0253015
0.0253015
0.0253015
0.0253015
0.0253015
0.0253015
0.0253015
0.0253015
0.0253015
0.0253015
0.0253015
0.0253015
0.0253015
0.0253015
0.0253015
0.0253015
0.0253015
0.0253015
0.0253015
0.0253015
0.0253015
0.0253015
0.0253015
0.0253015
0.0253015
0.0253015
0.0253015
0.0253015
0.0253015
0.0253015
0.0253015
0.0253015
0.0253015
0.0253015
0.0253015
0.0253015
0.0253015
0.0253015
0.0253015
0.0253015
0.0253015
0.0253015
0.0253015
0.0253015
0.0253015
0.0253015
0.0253015
0.0253015
0.0253015
0.0253015
0.0253015
0.0253015
0.0253015
0.0253015
0.0253015
0.0253015
0.0253015
0.0253015
0.0253015
0.0253015
0.0253015
0.0253015
0.0253015
0.0253015
0.0253015
0.0253015
0.0253015
0.0253015
0.0253015
0.0253015
0.0253015
0.0253015
0.0253015
0.0253015
0.0253015
0.0253015
0.0253015
0.0253015
0.0253015
0.0253015
0.0253015
0.0253015
0.0253015
0.0253015
0.0253015
0.0253015
0.0253015
0.0253015
0.0253015
0.0253015
0.0253015
0.0253015
0.0253015
0.0253015
0.0253015
0.0253015
0.0253015
0.0253015
0.0253015
0.0253015
0.0253015
0.0253015
0.0253015
0.0253015
0.0253015
0.0253015
0.0253015
0.0253015
0.0253015
0.0253015
0.0253015
0.0253015
0.0253015
0.0253015
0.0253015
0.0253015
0.0253015
0.0253015
0.0253015
0.0253015
0.0253015
0.0253015
0.0253015
0.0253015
0.0253015
0.0253015
0.0253015
0.0253015
0.0253015
0.0253015
0.0253015
0.0253015
0.0253015
0.0253015
0.0253015
0.0253015
0.0253015
0.0253015
0.0253015
0.0253015
0.0253015
0.0253015
0.0253015
0.0253015
0.0253015
0.0253015
0.0253015
0.0253015
0.0253015
0.0253015
0.0253015
0.0253015
0.0253015
0.0253015
0.0253015
0.0253015
0.0253015
0.0253015
0.0253015
0.0253015
0.0253015
0.0253015
0.0253015
0.0253015
0.0253015
0.0253015
0.0253015
0.0253015
0.0253015
0.0253015
0.0253015
0.0253015
0.0253015
0.0253015
0.0253015
0.0253015
0.0253015
0.0253015
0.0253015
0.0253015
0.0253015
0.0253015
0.0253015
0.0253015
0.0253015
0.0253015
0.0253015
0.0253015
0.0253015
0.0253015
0.0253015
0.0253015
0.0253015
0.0253015
0.0253015
0.0253015
0.0253015
0.0253015
0.0253015
0.0253015
0.0253015
0.0253015
0.0253015
0.0253015
0.0253015
0.0253015
0.0253015
0.0253015
0.0253015
0.0253015
0.0253015
0.0253015
0.0253015
0.0253015
0.0253015
0.0253015
0.0253015
0.0253015
0.0253015
0.0253015
0.0253015
0.0253015
0.0253015
0.0253015
0.0253015
0.0253015
0.0253015
0.0253015
0.0253015
0.0253015
0.0253015
0.0253015
0.0253015
0.0253015
0.0253015
0.0253015
0.0253015
0.0253015
0.0253015
0.0253015
0.0253015
0.0253015
0.0253015
0.0253015
0.0253015
0.0253015
0.0253015
0.0253015
0.0253015
0.0253015
0.0253015
0.0253015
0.0253015
0.0253015
0.0253015
0.0253015
0.0253015
0.0253015
0.0253015
0.0253015
0.0253015
0.0253015
0.0253015
0.0253015
0.0253015
0.0253015
0.0253015
0.0253015
0.0253015
0.0253015
0.0253015
0.0253015
0.0253015
0.0253015
0.0253015
0.0253015
0.0253015
0.0253015
0.0253015
0.0253015
0.0253015
0.0253015
0.0253015
0.0253015
0.0253015
0.0253015
0.0253015
0.0253015
0.0253015
0.0253015
0.0253015
0.0253015
0.0253015
0.0253015
0.0253015
0.0253015
0.0253015
0.0253015
0.0253015
0.0253015
0.0253015
0.0253015
0.0253015
0.0253015
0.0253015
0.0253015
0.0253015
0.0253015
0.0253015
0.0253015
0.0253015
0.0253015
0.0253015
0.0253015
0.0253015
0.0253015
0.0253015
0.0253015
0.0253015
0.0253015
0.0253015
0.0253015
0.0253015
0.0253015
0.0253015
0.0253015
0.0253015
0.0253015
0.0253015
0.0253015
0.0253015
0.0253015
0.0253015
0.0253015
0.0253015
0.0253015
0.0253015
0.0253015
0.0253015
0.0253015
0.0253015
0.0253015
0.0253015
0.0253015
0.0253015
0.0253015
0.0253015
0.0253015
0.0253015
0.0253015
0.0253015
0.0253015
0.0253015
0.0253015
0.0253015
0.0253015
0.0253015
0.0253015
0.0253015
0.0253015
0.0253015
0.0253015
0.0253015
0.0253015
0.0253015
0.0253015
0.0253015
0.0253015
0.0253015
0.0253015
0.0253015
0.0253015
0.0253015
0.0253015
0.0253015
0.0253015
0.0253015
0.0253015
0.0253015
0.0253015
0.0253015
0.0253015
0.0253015
0.0253015
0.0253015
0.0253015
0.0253015
0.0253015
0.0253015
0.0253015
0.0253015
0.0253015
0.0253015
0.0253015
0.0253015
0.0253015
0.0253015
0.0253015
0.0253015
0.0253015
0.0253015
0.0253015
0.0253015
0.0253015
0.0253015
0.0253015
0.0253015
0.0253015
0.0253015
0.0253015
0.0253015
0.0253015
0.0253015
0.0253015
0.0253015
0.0253015
0.0253015
0.0253015
0.0253015
0.0253015
0.0253015
0.0253015
0.0253015
0.0253015
0.0253015
0.0253015
0.0253015
0.0253015
0.0253015
0.0253015
0.0253015
0.0253015
0.0253015
0.0253015
0.0253015
0.0253015
0.0253015
0.0253015
0.0253015
0.0253015
0.0253015
0.0253015
0.0253015
0.0253015
0.0253015
0.0253015
0.0253015
0.0253015
0.0253015
0.0253015
0.0253015
0.0253015
0.0253015
0.0253015
0.0253015
0.0253015
0.0253015
0.0253015
0.0253015
0.0253015
0.0253015
0.0253015
0.0253015
0.0253015
0.0253015
0.0253015
0.0253015
0.0253015
0.0253015
0.0253015
0.0253015
0.0253015
0.0253015
0.0253015
0.0253015
0.0253015
0.0253015
0.0253015
0.0253015
0.0253015
0.0253015
0.0253015
0.0253015
0.0253015
0.0253015
0.0253015
0.0253015
0.0253015
0.0253015
0.0253015
0.0253015
0.0253015
0.0253015
0.0253015
0.0253015
0.0253015
0.0253015
0.0253015
0.0253015
0.0253015
0.0253015
0.0253015
0.0253015
0.0253015
0.0253015
0.0253015
0.0253015
0.0253015
0.0253015
0.0253015
0.0253015
0.0253015
0.0253015
0.0253015
0.0253015
0.0253015
0.0253015
0.0253015
0.0253015
0.0253015
0.0253015
0.0253015
0.0253015
0.0253015
0.0253015
0.0253015
0.0253015
0.0253015
0.0253015
0.0253015
0.0253015
0.0253015
0.0253015
0.0253015
0.0253015
0.0253015
0.0253015
0.0253015
0.0253015
0.0253015
0.0253015
0.0253015
0.0253015
0.0253015
0.0253015
0.0253015
0.0253015
0.0253015
0.0253015
0.0253015
0.0253015
0.0253015
0.0253015
0.0253015
0.0253015
0.0253015
0.0253015
0.0253015
0.0253015
0.0253015
0.0253015
0.0253015
0.0253015
0.0253015
0.0253015
0.0253015
0.0253015
0.0253015
0.0253015
0.0253015
0.0253015
0.0253015
0.0253015
0.0253015
0.0253015
0.0253015
0.0253015
0.0253015
0.0253015
0.0253015
0.0253015
0.0253015
0.0253015
0.0253015
0.0253015
0.0253015
0.0253015
0.0253015
0.0253015
0.0253015
0.0253015
0.0253015
0.0253015
0.0253015
0.0253015
0.0253015
0.0253015
0.0253015
0.0253015
0.0253015
0.0253015
0.0253015
0.0253015
0.0253015
0.0253015
0.0253015
0.0253015
0.0253015
0.0253015
0.0253015
0.0253015
0.0253015
0.0253015
0.0253015
0.0253015
0.0253015
0.0253015
0.0253015
0.0253015
0.0253015
0.0253015
0.0253015
0.0253015
0.0253015
0.0253015
0.0253015
0.0253015
0.0253015
0.0253015
0.0253015
0.0253015
0.0253015
0.0253015
0.0253015
0.0253015
0.0253015
0.0253015
0.0253015
0.0253015
0.0253015
0.0253015
0.0253015
0.0253015
0.0253015
0.0253015
0.0253015
0.0253015
0.0253015
0.0253015
0.0253015
0.0253015
0.0253015
0.0253015
0.0253015
0.0253015
0.0253015
0.0253015
0.0253015
0.0253015
0.0253015
0.0253015
0.0253015
0.0253015
0.0253015
0.0253015
0.0253015
0.0253015
0.0253015
0.0253015
0.0253015
0.0253015
0.0253015
0.0253015
0.0253015
0.0253015
0.0253015
0.0253015
0.0253015
0.0253015
0.0253015
0.0253015
0.0253015
0.0253015
0.0253015
0.0253015
0.0253015
0.0253015
0.0253015
0.0253015
0.0253015
0.0253015
0.0253015
0.0253015
0.0253015
0.0253015
0.0253015
0.0253015
0.0253015
0.0253015
0.0253015
0.0253015
0.0253015
0.0253015
0.0253015
0.0253015
0.0253015
0.0253015
0.0253015
0.0253015
0.0253015
0.0253015
0.0253015
0.0253015
0.0253015
0.0253015
0.0253015
0.0253015
0.0253015
0.0253015
0.0253015
0.0253015
0.0253015
0.0253015
0.0253015
0.0253015
0.0253015
0.0253015
0.0253015
0.0253015
0.0253015
0.0253015
0.0253015
0.0253015
0.0253015
0.0253015
0.0253015
0.0253015
0.0253015
0.0253015
0.0253015
0.0253015
0.0253015
0.0253015
0.0253015
0.0253015
0.0253015
0.0253015
0.0253015
0.0253015
0.0253015
0.0253015
0.0253015
0.0253015
0.0253015
0.0253015
0.0253015
0.0253015
0.0253015
0.0253015
0.0253015
0.0253015
0.0253015
0.0253015
0.0253015
0.0253015
0.0253015
0.0253015
0.0253015
0.0253015
0.0253015
0.0253015
0.0253015
0.0253015
0.0253015
0.0253015
0.0253015
0.0253015
0.0253015
0.0253015
0.0253015
0.0253015
0.0253015
0.0253015
0.0253015
0.0253015
0.0253015
0.0253015
0.0253015
0.0253015
0.0253015
0.0253015
0.0253015
0.0253015
0.0253015
0.0253015
0.0253015
0.0253015
0.0253015
0.0253015
0.0253015
0.0253015
0.0253015
0.0253015
0.0253015
0.0253015
0.0253015
0.0253015
0.0253015
0.0253015
0.0253015
0.0253015
0.0253015
0.0253015
0.0253015
0.0253015
0.0253015
0.0253015
0.0253015
0.0253015
0.0253015
0.0253015
0.0253015
0.0253015
0.0253015
0.0253015
0.0253015
0.0253015
0.0253015
0.0253015
0.0253015
0.0253015
0.0253015
0.0253015
0.0253015
0.0253015
0.0253015
0.0253015
0.0253015
0.0253015
0.0253015
0.0253015
0.0253015
0.0253015
0.0253015
0.0253015
0.0253015
0.0253015
0.0253015
0.0253015
