5.93088e+06
5.93088e+06
2.90563e+06
2.90563e+06
1.65967e+06
1.65967e+06
1.65967e+06
1.65967e+06
1.18281e+06
767565
586154
586154
586154
506104
506104
398299
255699
255699
255699
166206
166206
159481
159481
159481
159481
149889
149889
86641
77262
62180
9568.88
9568.88
9568.88
9568.88
9568.88
8009.47
8009.47
8009.47
8009.47
8009.47
8009.47
7307.27
6312.19
4064.58
3833.4
3833.4
3715.37
3628.13
3318.05
3318.05
3318.05
3013.57
2867.71
2867.71
2375.32
2375.32
2375.32
1928.23
1801.24
1801.24
1571.53
1494.41
1308.8
1106.69
1101.07
937.565
839.974
771.241
604.174
529.105
479.636
421.006
309.353
241.788
196.508
143.853
95.9466
65.4743
49.4594
41.1959
32.1311
32.1311
32.1311
32.1311
32.1311
32.1311
32.1311
32.1311
32.1311
32.1311
32.1311
28.1871
28.1871
24.63
23.4413
19.419
19.4142
19.4142
16.5478
16.3794
15.7689
14.9397
14.9397
14.4056
13.8011
13.6306
13.242
13.1724
12.8787
12.8199
12.8114
12.8016
12.7095
12.7095
12.6269
12.5673
12.4111
12.4111
12.4111
12.329
12.329
12.297
12.2469
12.1882
12.1392
12.0906
11.9901
11.9656
11.9335
11.8247
11.7976
11.7538
11.7469
11.7009
11.6638
11.6183
11.5834
11.5603
11.4974
11.4676
11.449
11.4212
11.3885
11.3589
11.3429
11.3307
11.3098
11.2798
11.2531
11.2312
11.2111
11.1831
11.1615
11.1371
11.1116
11.0873
11.0646
11.0408
11.0215
10.9967
10.9788
10.9586
10.9385
10.9191
10.8979
10.8805
10.8637
10.8434
10.822
10.806
10.7906
10.7694
10.7539
10.731
10.7159
10.6965
10.6796
10.6568
10.6392
10.6147
10.5926
10.5706
10.548
10.522
10.4934
10.473
10.4444
10.4254
10.3982
10.373
10.3512
10.3256
10.3035
10.2814
10.2548
10.2338
10.2114
10.1936
10.1711
10.1541
10.1317
10.1156
10.099
10.081
10.0637
10.0483
10.0332
10.0164
9.9975
9.98335
9.96814
9.95382
9.93755
9.92195
9.90725
9.89255
9.87756
9.86399
9.84793
9.83294
9.81102
9.7995
9.77581
9.76136
9.73552
9.72062
9.70273
9.68402
9.66318
9.64233
9.6251
9.60578
9.58087
9.55526
9.53288
9.51133
9.49169
9.46788
9.44466
9.42125
9.39686
9.37672
9.35483
9.3231
9.31072
9.28821
9.25785
9.23877
9.21018
9.18735
9.16693
9.13892
9.11353
9.08029
9.05508
9.0354
9.00991
8.98693
8.97061
8.95007
8.93369
8.91573
8.90097
8.88112
8.86452
8.84595
8.83074
8.80833
8.7926
8.75866
8.74522
8.71024
8.67382
8.65911
8.63078
8.61415
8.58999
8.57568
8.55714
8.53985
8.51966
8.4988
8.47793
8.4623
8.44031
8.42343
8.40622
8.38553
8.37446
8.35869
8.33585
8.31394
8.28934
8.26786
8.24512
8.22546
8.20006
8.17849
8.15498
8.13504
8.11344
8.09223
8.07001
8.04193
8.02547
8.00707
7.98524
7.96618
7.94395
7.92169
7.90753
7.88808
7.86365
7.84732
7.82872
7.80988
7.78654
7.76985
7.74787
7.72583
7.70934
7.6809
7.67223
7.64536
7.62548
7.58725
7.56561
7.54307
7.51785
7.48939
7.46924
7.4466
7.42062
7.40404
7.37756
7.35739
7.33123
7.30718
7.2813
7.26315
7.23427
7.2121
7.18581
7.162
7.13953
7.11452
7.09735
7.07433
7.05319
7.02534
6.99893
6.97202
6.95447
6.93373
6.91046
6.88845
6.87487
6.85442
6.83562
6.81392
6.79412
6.77563
6.75704
6.73733
6.71655
6.6937
6.67695
6.65636
6.63363
6.62147
6.59882
6.58064
6.56325
6.54276
6.52408
6.50196
6.48526
6.46563
6.44665
6.42824
6.40961
6.39098
6.37529
6.35861
6.34232
6.32522
6.31364
6.29875
6.28754
6.27545
6.26139
6.24667
6.23305
6.21962
6.20465
6.1892
6.17741
6.16183
6.14799
6.13482
6.12142
6.1087
6.0946
6.07967
6.06896
6.05486
6.03916
6.02503
6.01192
5.99699
5.97919
5.96271
5.94714
5.93158
5.92033
5.90675
5.89102
5.87627
5.85985
5.84813
5.83091
5.81377
5.79623
5.78351
5.76585
5.75214
5.73645
5.71655
5.70438
5.68622
5.6738
5.65674
5.64371
5.62834
5.61376
5.59889
5.58415
5.57094
5.55
5.53762
5.52151
5.50305
5.48288
5.47027
5.44533
5.43127
5.41534
5.40116
5.38309
5.36622
5.34789
5.32906
5.31605
5.3002
5.28688
5.27261
5.25517
5.2404
5.22071
5.20893
5.18556
5.16983
5.15221
5.13453
5.11224
5.08424
5.0726
5.05116
5.02997
5.00553
4.98119
4.96307
4.94465
4.92913
4.90453
4.88728
4.86271
4.84184
4.82507
4.80596
4.78066
4.76305
4.73888
4.72187
4.70003
4.68098
4.65547
4.63632
4.61573
4.59462
4.57046
4.55411
4.53009
4.5102
4.48454
4.46046
4.44981
4.43036
4.40768
4.38766
4.3698
4.34373
4.33503
4.3163
4.2938
4.26892
4.25607
4.22686
4.2109
4.19201
4.17505
4.15793
4.14098
4.12095
4.1076
4.09253
4.07938
4.05972
4.04688
4.03337
4.01688
4.00567
3.99047
3.97253
3.95355
3.94181
3.92349
3.90767
3.88769
3.8672
3.84293
3.82784
3.81607
3.80122
3.78324
3.76716
3.75078
3.73143
3.7111
3.69119
3.67163
3.65188
3.63218
3.61434
3.59669
3.57661
3.5595
3.54025
3.52101
3.50012
3.4841
3.46318
3.44495
3.42577
3.40066
3.38597
3.36584
3.34904
3.32759
3.31116
3.29503
3.27608
3.25984
3.24659
3.22923
3.21424
3.20134
3.18753
3.17361
3.15579
3.1416
3.13094
3.11211
3.10033
3.08624
3.07289
3.06013
3.04388
3.03482
3.0175
3.00265
2.97904
2.95593
2.93811
2.91717
2.89836
2.87799
2.85796
2.84016
2.81485
2.79612
2.77936
2.76207
2.74293
2.72552
2.70977
2.68975
2.66304
2.6474
2.62637
2.60252
2.58139
2.55939
2.53636
2.50577
2.48676
2.45677
2.43999
2.41847
2.39203
2.37017
2.35319
2.32396
2.307
2.28903
2.25753
2.24167
2.21256
2.19355
2.17362
2.14639
2.13504
2.115
2.09202
2.06953
2.04797
2.02724
2.01027
1.9963
1.97032
1.95874
1.93695
1.92349
1.90433
1.88416
1.86719
1.85005
1.82934
1.8128
1.79664
1.77391
1.76199
1.74186
1.72608
1.71361
1.69188
1.67897
1.66078
1.64478
1.62455
1.60724
1.59142
1.57679
1.5589
1.53837
1.52262
1.50482
1.4882
1.47318
1.46036
1.44125
1.42866
1.41599
1.40309
1.38985
1.37945
1.36867
1.3479
1.33969
1.32691
1.31256
1.29884
1.28833
1.27755
1.26491
1.25171
1.23474
1.22484
1.21014
1.19543
1.18515
1.16891
1.15758
1.14711
1.13217
1.12389
1.11192
1.10134
1.09217
1.07739
1.06816
1.05852
1.04877
1.03998
1.03136
1.02313
1.01494
1.00535
0.995202
0.989388
0.980926
0.971631
0.964834
0.955769
0.947809
0.940798
0.932236
0.923207
0.915765
0.908178
0.895525
0.883242
0.874239
0.861699
0.853261
0.841948
0.830371
0.818021
0.810529
0.799017
0.78799
0.778183
0.769187
0.761008
0.749499
0.738975
0.731274
0.719779
0.711987
0.702866
0.691022
0.681875
0.672326
0.664412
0.655083
0.643862
0.63576
0.624545
0.615393
0.610241
0.595891
0.590462
0.583375
0.577092
0.567208
0.558671
0.551455
0.544697
0.536707
0.529885
0.52326
0.51592
0.510092
0.502343
0.497012
0.490526
0.483966
0.479098
0.47381
0.467237
0.462249
0.456675
0.449987
0.442898
0.437722
0.433058
0.427387
0.421082
0.41674
0.409413
0.404537
0.401142
0.394546
0.390116
0.385417
0.381144
0.376811
0.370991
0.368667
0.364081
0.359432
0.355368
0.35118
0.348044
0.343496
0.339746
0.336685
0.332257
0.329047
0.324606
0.319798
0.317342
0.313002
0.310459
0.305324
0.302685
0.299653
0.296462
0.293474
0.290382
0.286714
0.283266
0.279579
0.277459
0.274341
0.269956
0.266398
0.263761
0.260825
0.258006
0.254684
0.251602
0.249904
0.24708
0.24506
0.24254
0.240483
0.237994
0.235895
0.233983
0.231661
0.229346
0.227489
0.224871
0.223398
0.22136
0.219616
0.217442
0.21578
0.213977
0.212439
0.210593
0.208748
0.207472
0.206676
0.204798
0.203621
0.20249
0.201034
0.199168
0.198142
0.196401
0.195235
0.193883
0.192103
0.190314
0.189
0.187106
0.185237
0.184011
0.182008
0.180788
0.178931
0.177533
0.176172
0.174372
0.172995
0.170999
0.169863
0.168759
0.167164
0.165984
0.16494
0.163606
0.162389
0.16133
0.160076
0.158832
0.157656
0.156653
0.155536
0.154291
0.153374
0.152301
0.151088
0.150371
0.149042
0.148041
0.147082
0.146072
0.145116
0.14412
0.143087
0.142127
0.141403
0.14024
0.139083
0.138267
0.137049
0.136255
0.135024
0.13416
0.133156
0.131786
0.131009
0.130189
0.128998
0.127888
0.126808
0.125179
0.124558
0.123321
0.122017
0.120805
0.1195
0.118807
0.117458
0.116659
0.115281
0.114424
0.11326
0.11214
0.11101
0.109931
0.109204
0.108249
0.107297
0.106207
0.105257
0.104419
0.103355
0.102474
0.101592
0.100781
0.099778
0.0988684
0.0981817
0.0976044
0.0968742
0.0961132
0.0953849
0.0948854
0.0938985
0.09346
0.092815
0.0921334
0.0916098
0.0911127
0.0906121
0.0900055
0.0892515
0.0888806
0.0883333
0.0877835
0.0872286
0.0862916
0.0860461
0.0855215
0.0849487
0.0844494
0.0839325
0.083529
0.0829762
0.0824087
0.081844
0.0813227
0.0808715
0.0804175
0.0798643
0.0795084
0.0790596
0.0785181
0.0781113
0.0775716
0.0769349
0.0765234
0.0760325
0.0755402
0.0748486
0.0744449
0.0738093
0.0734033
0.0727581
0.0720763
0.0716143
0.0712133
0.0706327
0.0701608
0.0696557
0.0691475
0.0685531
0.0681612
0.0676063
0.0671101
0.0664447
0.0660092
0.0656507
0.0650988
0.064599
0.0641323
0.0637475
0.0633183
0.0628089
0.0624153
0.0620016
0.0614263
0.0611279
0.0607424
0.0603708
0.0600631
0.0595965
0.0588004
0.0586243
0.0581903
0.0578212
0.057444
0.0570178
0.0565518
0.0562354
0.0557435
0.0554513
0.0550516
0.0547233
0.0543479
0.0539007
0.0535434
0.0531534
0.0527599
0.0524081
0.0520338
0.0515157
0.051218
0.0507168
0.0501755
0.0499409
0.0493084
0.0489238
0.0485605
0.0482131
0.0478425
0.0474618
0.0469362
0.0464459
0.0459669
0.0456149
0.0452452
0.0448533
0.0445378
0.0441489
0.0438536
0.0435627
0.0430829
0.0428336
0.0424603
0.0420052
0.0417478
0.0414811
0.0411569
0.0408805
0.040598
0.0402125
0.0399102
0.0395374
0.0390878
0.0387658
0.0385304
0.0381738
0.037917
0.0375322
0.0372387
0.0370201
0.0367867
0.0364747
0.0361775
0.0359281
0.0356226
0.0353154
0.0351034
0.034749
0.0345183
0.0342506
0.0339221
0.0337458
0.0334642
0.0331102
0.0329207
0.0327633
0.0325624
0.0322824
0.0321015
0.031896
0.0316305
0.0314971
0.0312983
0.0311084
0.0309032
0.0307017
0.0305115
0.0302932
0.0301287
0.0299393
0.0296088
0.0294384
0.0292155
0.0290719
0.0288664
0.0287004
0.0284875
0.0283327
0.0281097
0.0278947
0.0276867
0.0274533
0.0271686
0.0270131
0.0267866
0.026468
0.026389
0.0261453
0.0259324
0.0256221
0.0254736
0.025233
0.0249874
0.024794
0.0245646
0.0243724
0.0242076
0.0240382
0.0238693
0.0237096
0.0235256
0.0234016
0.0234016
0.0234016
0.0234016
0.0234016
0.0234016
0.0234016
0.0234016
0.0234016
0.0234016
0.0234016
0.0234016
0.0234016
0.0234016
0.0234016
0.0234016
0.0234016
0.0234016
0.0234016
0.0234016
0.0234016
0.0234016
0.0234016
0.0234016
0.0234016
0.0234016
0.0234016
0.0234016
0.0234016
0.0234016
0.0234016
0.0234016
0.0234016
0.0234016
0.0234016
0.0234016
0.0234016
0.0234016
0.0234016
0.0234016
0.0234016
0.0234016
0.0234016
0.0234016
0.0234016
0.0234016
0.0234016
0.0234016
0.0234016
0.0234016
0.0234016
0.0234016
0.0234016
0.0234016
0.0234016
0.0234016
0.0234016
0.0234016
0.0234016
0.0234016
0.0234016
0.0234016
0.0234016
0.0234016
0.0234016
0.0234016
0.0234016
0.0234016
0.0234016
0.0234016
0.0234016
0.0234016
0.0234016
0.0234016
0.0234016
0.0234016
0.0234016
0.0234016
0.0234016
0.0234016
0.0234016
0.0234016
0.0234016
0.0234016
0.0234016
0.0234016
0.0234016
0.0234016
0.0234016
0.0234016
0.0234016
0.0234016
0.0234016
0.0234016
0.0234016
0.0234016
0.0234016
0.0234016
0.0234016
0.0234016
0.0234016
0.0234016
0.0234016
0.0234016
0.0234016
0.0234016
0.0234016
0.0234016
0.0234016
0.0234016
0.0234016
0.0234016
0.0234016
0.0234016
0.0234016
0.0234016
0.0234016
0.0234016
0.0234016
0.0234016
0.0234016
0.0234016
0.0234016
0.0234016
0.0234016
0.0234016
0.0234016
0.0234016
0.0234016
0.0234016
0.0234016
0.0234016
0.0234016
0.0234016
0.0234016
0.0234016
0.0234016
0.0234016
0.0234016
0.0234016
0.0234016
0.0234016
0.0234016
0.0234016
0.0234016
0.0234016
0.0234016
0.0234016
0.0234016
0.0234016
0.0234016
0.0234016
0.0234016
0.0234016
0.0234016
0.0234016
0.0234016
0.0234016
0.0234016
0.0234016
0.0234016
0.0234016
0.0234016
0.0234016
0.0234016
0.0234016
0.0234016
0.0234016
0.0234016
0.0234016
0.0234016
0.0234016
0.0234016
0.0234016
0.0234016
0.0234016
0.0234016
0.0234016
0.0234016
0.0234016
0.0234016
0.0234016
0.0234016
0.0234016
0.0234016
0.0234016
0.0234016
0.0234016
0.0234016
0.0234016
0.0234016
0.0234016
0.0234016
0.0234016
0.0234016
0.0234016
0.0234016
0.0234016
0.0234016
0.0234016
0.0234016
0.0234016
0.0234016
0.0234016
0.0234016
0.0234016
0.0234016
0.0234016
0.0234016
0.0234016
0.0234016
0.0234016
0.0234016
0.0234016
0.0234016
0.0234016
0.0234016
0.0234016
0.0234016
0.0234016
0.0234016
0.0234016
0.0234016
0.0234016
0.0234016
0.0234016
0.0234016
0.0234016
0.0234016
0.0234016
0.0234016
0.0234016
0.0234016
0.0234016
0.0234016
0.0234016
0.0234016
0.0234016
0.0234016
0.0234016
0.0234016
0.0234016
0.0234016
0.0234016
0.0234016
0.0234016
0.0234016
0.0234016
0.0234016
0.0234016
0.0234016
0.0234016
0.0234016
0.0234016
0.0234016
0.0234016
0.0234016
0.0234016
0.0234016
0.0234016
0.0234016
0.0234016
0.0234016
0.0234016
0.0234016
0.0234016
0.0234016
0.0234016
0.0234016
0.0234016
0.0234016
0.0234016
0.0234016
0.0234016
0.0234016
0.0234016
0.0234016
0.0234016
0.0234016
0.0234016
0.0234016
0.0234016
0.0234016
0.0234016
0.0234016
0.0234016
0.0234016
0.0234016
0.0234016
0.0234016
0.0234016
0.0234016
0.0234016
0.0234016
0.0234016
0.0234016
0.0234016
0.0234016
0.0234016
0.0234016
0.0234016
0.0234016
0.0234016
0.0234016
0.0234016
0.0234016
0.0234016
0.0234016
0.0234016
0.0234016
0.0234016
0.0234016
0.0234016
0.0234016
0.0234016
0.0234016
0.0234016
0.0234016
0.0234016
0.0234016
0.0234016
0.0234016
0.0234016
0.0234016
0.0234016
0.0234016
0.0234016
0.0234016
0.0234016
0.0234016
0.0234016
0.0234016
0.0234016
0.0234016
0.0234016
0.0234016
0.0234016
0.0234016
0.0234016
0.0234016
0.0234016
0.0234016
0.0234016
0.0234016
0.0234016
0.0234016
0.0234016
0.0234016
0.0234016
0.0234016
0.0234016
0.0234016
0.0234016
0.0234016
0.0234016
0.0234016
0.0234016
0.0234016
0.0234016
0.0234016
0.0234016
0.0234016
0.0234016
0.0234016
0.0234016
0.0234016
0.0234016
0.0234016
0.0234016
0.0234016
0.0234016
0.0234016
0.0234016
0.0234016
0.0234016
0.0234016
0.0234016
0.0234016
0.0234016
0.0234016
0.0234016
0.0234016
0.0234016
0.0234016
0.0234016
0.0234016
0.0234016
0.0234016
0.0234016
0.0234016
0.0234016
0.0234016
0.0234016
0.0234016
0.0234016
0.0234016
0.0234016
0.0234016
0.0234016
0.0234016
0.0234016
0.0234016
0.0234016
0.0234016
0.0234016
0.0234016
0.0234016
0.0234016
0.0234016
0.0234016
0.0234016
0.0234016
0.0234016
0.0234016
0.0234016
0.0234016
0.0234016
0.0234016
0.0234016
0.0234016
0.0234016
0.0234016
0.0234016
0.0234016
0.0234016
0.0234016
0.0234016
0.0234016
0.0234016
0.0234016
0.0234016
0.0234016
0.0234016
0.0234016
0.0234016
0.0234016
0.0234016
0.0234016
0.0234016
0.0234016
0.0234016
0.0234016
0.0234016
0.0234016
0.0234016
0.0234016
0.0234016
0.0234016
0.0234016
0.0234016
0.0234016
0.0234016
0.0234016
0.0234016
0.0234016
0.0234016
0.0234016
0.0234016
0.0234016
0.0234016
0.0234016
0.0234016
0.0234016
0.0234016
0.0234016
0.0234016
0.0234016
0.0234016
0.0234016
0.0234016
0.0234016
0.0234016
0.0234016
0.0234016
0.0234016
0.0234016
0.0234016
0.0234016
0.0234016
0.0234016
0.0234016
0.0234016
0.0234016
0.0234016
0.0234016
0.0234016
0.0234016
0.0234016
0.0234016
0.0234016
0.0234016
0.0234016
0.0234016
0.0234016
0.0234016
0.0234016
0.0234016
0.0234016
0.0234016
0.0234016
0.0234016
0.0234016
0.0234016
0.0234016
0.0234016
0.0234016
0.0234016
0.0234016
0.0234016
0.0234016
0.0234016
0.0234016
0.0234016
0.0234016
0.0234016
0.0234016
0.0234016
0.0234016
0.0234016
0.0234016
0.0234016
0.0234016
0.0234016
0.0234016
0.0234016
0.0234016
0.0234016
0.0234016
0.0234016
0.0234016
0.0234016
0.0234016
0.0234016
0.0234016
0.0234016
0.0234016
0.0234016
0.0234016
0.0234016
0.0234016
0.0234016
0.0234016
0.0234016
0.0234016
0.0234016
0.0234016
0.0234016
0.0234016
0.0234016
0.0234016
0.0234016
0.0234016
0.0234016
0.0234016
0.0234016
0.0234016
0.0234016
0.0234016
0.0234016
0.0234016
0.0234016
0.0234016
0.0234016
0.0234016
0.0234016
0.0234016
0.0234016
0.0234016
0.0234016
0.0234016
0.0234016
0.0234016
0.0234016
0.0234016
0.0234016
0.0234016
0.0234016
0.0234016
0.0234016
0.0234016
0.0234016
0.0234016
0.0234016
0.0234016
0.0234016
0.0234016
0.0234016
0.0234016
0.0234016
0.0234016
0.0234016
0.0234016
0.0234016
0.0234016
0.0234016
0.0234016
0.0234016
0.0234016
0.0234016
0.0234016
0.0234016
0.0234016
0.0234016
0.0234016
0.0234016
0.0234016
0.0234016
0.0234016
0.0234016
0.0234016
0.0234016
0.0234016
0.0234016
0.0234016
0.0234016
0.0234016
0.0234016
0.0234016
0.0234016
0.0234016
0.0234016
0.0234016
0.0234016
0.0234016
0.0234016
0.0234016
0.0234016
0.0234016
0.0234016
0.0234016
0.0234016
0.0234016
0.0234016
0.0234016
0.0234016
0.0234016
0.0234016
0.0234016
0.0234016
0.0234016
0.0234016
0.0234016
0.0234016
0.0234016
0.0234016
0.0234016
0.0234016
0.0234016
0.0234016
0.0234016
0.0234016
0.0234016
0.0234016
0.0234016
0.0234016
0.0234016
0.0234016
0.0234016
0.0234016
0.0234016
0.0234016
0.0234016
0.0234016
0.0234016
0.0234016
0.0234016
0.0234016
0.0234016
0.0234016
0.0234016
0.0234016
0.0234016
0.0234016
0.0234016
0.0234016
0.0234016
0.0234016
0.0234016
0.0234016
0.0234016
0.0234016
0.0234016
0.0234016
0.0234016
0.0234016
0.0234016
0.0234016
0.0234016
0.0234016
0.0234016
0.0234016
0.0234016
0.0234016
0.0234016
0.0234016
0.0234016
0.0234016
0.0234016
0.0234016
0.0234016
0.0234016
0.0234016
0.0234016
0.0234016
0.0234016
0.0234016
0.0234016
0.0234016
0.0234016
0.0234016
0.0234016
0.0234016
0.0234016
0.0234016
0.0234016
0.0234016
0.0234016
0.0234016
0.0234016
0.0234016
0.0234016
0.0234016
0.0234016
0.0234016
0.0234016
0.0234016
0.0234016
0.0234016
0.0234016
0.0234016
0.0234016
0.0234016
0.0234016
0.0234016
0.0234016
0.0234016
0.0234016
0.0234016
0.0234016
0.0234016
0.0234016
0.0234016
0.0234016
0.0234016
0.0234016
0.0234016
0.0234016
0.0234016
0.0234016
0.0234016
0.0234016
0.0234016
0.0234016
0.0234016
0.0234016
0.0234016
0.0234016
0.0234016
0.0234016
0.0234016
0.0234016
0.0234016
0.0234016
0.0234016
0.0234016
0.0234016
0.0234016
0.0234016
0.0234016
0.0234016
0.0234016
0.0234016
0.0234016
0.0234016
0.0234016
0.0234016
0.0234016
0.0234016
0.0234016
0.0234016
0.0234016
0.0234016
0.0234016
0.0234016
0.0234016
0.0234016
0.0234016
0.0234016
0.0234016
0.0234016
0.0234016
0.0234016
0.0234016
0.0234016
0.0234016
0.0234016
0.0234016
0.0234016
0.0234016
0.0234016
0.0234016
0.0234016
0.0234016
0.0234016
0.0234016
0.0234016
0.0234016
0.0234016
0.0234016
0.0234016
0.0234016
0.0234016
0.0234016
0.0234016
0.0234016
0.0234016
0.0234016
0.0234016
0.0234016
0.0234016
0.0234016
0.0234016
0.0234016
0.0234016
0.0234016
0.0234016
0.0234016
0.0234016
0.0234016
0.0234016
0.0234016
0.0234016
0.0234016
0.0234016
0.0234016
0.0234016
0.0234016
0.0234016
0.0234016
0.0234016
0.0234016
0.0234016
0.0234016
0.0234016
0.0234016
0.0234016
0.0234016
0.0234016
0.0234016
0.0234016
0.0234016
0.0234016
0.0234016
0.0234016
0.0234016
0.0234016
0.0234016
0.0234016
0.0234016
0.0234016
0.0234016
0.0234016
0.0234016
0.0234016
0.0234016
0.0234016
0.0234016
0.0234016
0.0234016
0.0234016
0.0234016
0.0234016
0.0234016
0.0234016
0.0234016
0.0234016
0.0234016
0.0234016
0.0234016
0.0234016
0.0234016
0.0234016
0.0234016
0.0234016
0.0234016
0.0234016
0.0234016
0.0234016
0.0234016
0.0234016
0.0234016
0.0234016
0.0234016
0.0234016
0.0234016
0.0234016
0.0234016
0.0234016
0.0234016
0.0234016
0.0234016
0.0234016
0.0234016
0.0234016
0.0234016
0.0234016
0.0234016
0.0234016
0.0234016
0.0234016
0.0234016
0.0234016
0.0234016
0.0234016
0.0234016
0.0234016
0.0234016
0.0234016
0.0234016
0.0234016
0.0234016
0.0234016
0.0234016
0.0234016
0.0234016
0.0234016
0.0234016
0.0234016
0.0234016
0.0234016
0.0234016
0.0234016
0.0234016
0.0234016
0.0234016
0.0234016
0.0234016
0.0234016
0.0234016
0.0234016
0.0234016
0.0234016
0.0234016
0.0234016
0.0234016
0.0234016
0.0234016
0.0234016
0.0234016
0.0234016
0.0234016
0.0234016
0.0234016
0.0234016
0.0234016
0.0234016
0.0234016
0.0234016
0.0234016
0.0234016
0.0234016
0.0234016
0.0234016
0.0234016
0.0234016
0.0234016
0.0234016
0.0234016
0.0234016
0.0234016
0.0234016
0.0234016
0.0234016
0.0234016
0.0234016
0.0234016
0.0234016
0.0234016
0.0234016
0.0234016
0.0234016
0.0234016
0.0234016
0.0234016
0.0234016
0.0234016
0.0234016
0.0234016
0.0234016
0.0234016
0.0234016
0.0234016
0.0234016
0.0234016
0.0234016
0.0234016
0.0234016
0.0234016
0.0234016
0.0234016
0.0234016
0.0234016
0.0234016
0.0234016
0.0234016
0.0234016
0.0234016
0.0234016
0.0234016
0.0234016
0.0234016
0.0234016
0.0234016
0.0234016
0.0234016
0.0234016
0.0234016
0.0234016
0.0234016
0.0234016
0.0234016
0.0234016
0.0234016
0.0234016
0.0234016
0.0234016
0.0234016
0.0234016
0.0234016
0.0234016
0.0234016
0.0234016
0.0234016
0.0234016
0.0234016
0.0234016
0.0234016
0.0234016
0.0234016
0.0234016
0.0234016
0.0234016
0.0234016
0.0234016
0.0234016
0.0234016
0.0234016
0.0234016
0.0234016
0.0234016
0.0234016
0.0234016
0.0234016
0.0234016
0.0234016
0.0234016
0.0234016
0.0234016
0.0234016
0.0234016
0.0234016
0.0234016
0.0234016
0.0234016
0.0234016
0.0234016
0.0234016
0.0234016
0.0234016
0.0234016
0.0234016
0.0234016
0.0234016
0.0234016
0.0234016
0.0234016
0.0234016
0.0234016
0.0234016
0.0234016
0.0234016
0.0234016
0.0234016
0.0234016
0.0234016
0.0234016
0.0234016
0.0234016
0.0234016
0.0234016
0.0234016
0.0234016
0.0234016
0.0234016
0.0234016
0.0234016
0.0234016
0.0234016
0.0234016
0.0234016
0.0234016
0.0234016
0.0234016
0.0234016
0.0234016
0.0234016
0.0234016
0.0234016
0.0234016
0.0234016
0.0234016
0.0234016
0.0234016
0.0234016
0.0234016
0.0234016
0.0234016
0.0234016
0.0234016
0.0234016
0.0234016
0.0234016
0.0234016
0.0234016
0.0234016
0.0234016
0.0234016
0.0234016
0.0234016
0.0234016
0.0234016
0.0234016
0.0234016
0.0234016
0.0234016
0.0234016
0.0234016
0.0234016
0.0234016
0.0234016
0.0234016
0.0234016
0.0234016
0.0234016
0.0234016
0.0234016
0.0234016
0.0234016
0.0234016
0.0234016
0.0234016
0.0234016
0.0234016
0.0234016
0.0234016
0.0234016
0.0234016
0.0234016
0.0234016
0.0234016
0.0234016
0.0234016
0.0234016
0.0234016
0.0234016
0.0234016
0.0234016
0.0234016
0.0234016
0.0234016
0.0234016
0.0234016
0.0234016
0.0234016
0.0234016
0.0234016
0.0234016
0.0234016
0.0234016
0.0234016
0.0234016
0.0234016
0.0234016
0.0234016
0.0234016
0.0234016
0.0234016
0.0234016
0.0234016
0.0234016
0.0234016
0.0234016
0.0234016
0.0234016
0.0234016
0.0234016
0.0234016
0.0234016
0.0234016
0.0234016
0.0234016
0.0234016
0.0234016
0.0234016
0.0234016
0.0234016
0.0234016
0.0234016
0.0234016
0.0234016
0.0234016
0.0234016
0.0234016
0.0234016
0.0234016
0.0234016
0.0234016
0.0234016
0.0234016
0.0234016
0.0234016
0.0234016
0.0234016
0.0234016
0.0234016
0.0234016
0.0234016
0.0234016
0.0234016
0.0234016
0.0234016
0.0234016
0.0234016
0.0234016
0.0234016
0.0234016
0.0234016
0.0234016
0.0234016
0.0234016
0.0234016
0.0234016
0.0234016
0.0234016
0.0234016
0.0234016
0.0234016
0.0234016
0.0234016
0.0234016
0.0234016
0.0234016
0.0234016
0.0234016
0.0234016
0.0234016
0.0234016
0.0234016
0.0234016
0.0234016
0.0234016
0.0234016
0.0234016
0.0234016
0.0234016
0.0234016
0.0234016
0.0234016
0.0234016
0.0234016
0.0234016
0.0234016
0.0234016
0.0234016
0.0234016
0.0234016
0.0234016
0.0234016
0.0234016
0.0234016
0.0234016
0.0234016
0.0234016
0.0234016
0.0234016
0.0234016
0.0234016
0.0234016
0.0234016
0.0234016
0.0234016
0.0234016
0.0234016
0.0234016
0.0234016
0.0234016
0.0234016
0.0234016
0.0234016
0.0234016
0.0234016
0.0234016
0.0234016
0.0234016
0.0234016
0.0234016
0.0234016
0.0234016
0.0234016
0.0234016
0.0234016
0.0234016
0.0234016
0.0234016
0.0234016
0.0234016
0.0234016
0.0234016
0.0234016
0.0234016
0.0234016
0.0234016
0.0234016
0.0234016
0.0234016
0.0234016
0.0234016
0.0234016
0.0234016
0.0234016
0.0234016
0.0234016
0.0234016
0.0234016
0.0234016
0.0234016
0.0234016
0.0234016
0.0234016
0.0234016
0.0234016
0.0234016
0.0234016
0.0234016
0.0234016
0.0234016
0.0234016
0.0234016
0.0234016
0.0234016
0.0234016
0.0234016
0.0234016
0.0234016
0.0234016
0.0234016
0.0234016
0.0234016
0.0234016
0.0234016
0.0234016
0.0234016
0.0234016
0.0234016
0.0234016
0.0234016
0.0234016
0.0234016
0.0234016
0.0234016
0.0234016
0.0234016
0.0234016
0.0234016
0.0234016
0.0234016
0.0234016
0.0234016
0.0234016
0.0234016
0.0234016
0.0234016
0.0234016
0.0234016
0.0234016
0.0234016
0.0234016
0.0234016
0.0234016
0.0234016
0.0234016
0.0234016
0.0234016
0.0234016
0.0234016
0.0234016
0.0234016
0.0234016
0.0234016
0.0234016
0.0234016
0.0234016
0.0234016
0.0234016
0.0234016
0.0234016
0.0234016
0.0234016
0.0234016
0.0234016
0.0234016
0.0234016
0.0234016
0.0234016
0.0234016
0.0234016
0.0234016
0.0234016
0.0234016
0.0234016
0.0234016
0.0234016
0.0234016
0.0234016
0.0234016
0.0234016
0.0234016
0.0234016
0.0234016
0.0234016
0.0234016
0.0234016
0.0234016
0.0234016
0.0234016
0.0234016
0.0234016
0.0234016
0.0234016
0.0234016
0.0234016
0.0234016
0.0234016
0.0234016
0.0234016
0.0234016
0.0234016
0.0234016
0.0234016
0.0234016
0.0234016
0.0234016
0.0234016
0.0234016
0.0234016
0.0234016
0.0234016
0.0234016
0.0234016
0.0234016
0.0234016
0.0234016
0.0234016
0.0234016
0.0234016
0.0234016
0.0234016
0.0234016
0.0234016
0.0234016
0.0234016
0.0234016
0.0234016
0.0234016
0.0234016
0.0234016
0.0234016
0.0234016
0.0234016
0.0234016
0.0234016
0.0234016
0.0234016
0.0234016
0.0234016
0.0234016
0.0234016
0.0234016
0.0234016
0.0234016
0.0234016
0.0234016
0.0234016
0.0234016
0.0234016
0.0234016
0.0234016
0.0234016
0.0234016
0.0234016
0.0234016
0.0234016
0.0234016
0.0234016
0.0234016
0.0234016
0.0234016
0.0234016
0.0234016
0.0234016
0.0234016
0.0234016
0.0234016
0.0234016
0.0234016
0.0234016
0.0234016
0.0234016
0.0234016
0.0234016
0.0234016
0.0234016
0.0234016
0.0234016
0.0234016
0.0234016
0.0234016
0.0234016
0.0234016
0.0234016
0.0234016
0.0234016
0.0234016
0.0234016
0.0234016
0.0234016
0.0234016
0.0234016
0.0234016
0.0234016
0.0234016
0.0234016
0.0234016
0.0234016
0.0234016
0.0234016
0.0234016
0.0234016
0.0234016
0.0234016
0.0234016
0.0234016
0.0234016
0.0234016
0.0234016
0.0234016
0.0234016
0.0234016
0.0234016
0.0234016
0.0234016
0.0234016
0.0234016
0.0234016
0.0234016
0.0234016
0.0234016
0.0234016
0.0234016
0.0234016
0.0234016
0.0234016
0.0234016
0.0234016
0.0234016
0.0234016
0.0234016
0.0234016
0.0234016
0.0234016
0.0234016
0.0234016
0.0234016
0.0234016
0.0234016
0.0234016
0.0234016
0.0234016
0.0234016
0.0234016
0.0234016
0.0234016
0.0234016
0.0234016
0.0234016
0.0234016
0.0234016
0.0234016
0.0234016
0.0234016
0.0234016
0.0234016
0.0234016
0.0234016
0.0234016
0.0234016
0.0234016
0.0234016
0.0234016
0.0234016
0.0234016
0.0234016
0.0234016
0.0234016
0.0234016
0.0234016
0.0234016
0.0234016
0.0234016
0.0234016
0.0234016
0.0234016
0.0234016
0.0234016
0.0234016
0.0234016
0.0234016
0.0234016
0.0234016
0.0234016
0.0234016
0.0234016
0.0234016
0.0234016
0.0234016
0.0234016
0.0234016
0.0234016
0.0234016
0.0234016
0.0234016
0.0234016
0.0234016
0.0234016
0.0234016
0.0234016
0.0234016
0.0234016
0.0234016
0.0234016
0.0234016
0.0234016
0.0234016
0.0234016
0.0234016
0.0234016
0.0234016
0.0234016
0.0234016
0.0234016
0.0234016
0.0234016
0.0234016
0.0234016
0.0234016
0.0234016
0.0234016
0.0234016
0.0234016
0.0234016
0.0234016
0.0234016
0.0234016
0.0234016
0.0234016
0.0234016
0.0234016
0.0234016
0.0234016
0.0234016
0.0234016
0.0234016
0.0234016
0.0234016
0.0234016
0.0234016
0.0234016
0.0234016
0.0234016
0.0234016
0.0234016
0.0234016
0.0234016
0.0234016
0.0234016
0.0234016
0.0234016
0.0234016
0.0234016
0.0234016
0.0234016
0.0234016
0.0234016
0.0234016
0.0234016
0.0234016
0.0234016
0.0234016
0.0234016
0.0234016
0.0234016
0.0234016
0.0234016
0.0234016
0.0234016
0.0234016
0.0234016
0.0234016
0.0234016
0.0234016
0.0234016
0.0234016
0.0234016
0.0234016
0.0234016
0.0234016
0.0234016
0.0234016
0.0234016
0.0234016
0.0234016
0.0234016
0.0234016
0.0234016
0.0234016
0.0234016
0.0234016
0.0234016
0.0234016
0.0234016
0.0234016
0.0234016
0.0234016
0.0234016
0.0234016
0.0234016
0.0234016
0.0234016
0.0234016
0.0234016
0.0234016
