1.17469e+07
4.88563e+06
2.98617e+06
2.98617e+06
2.98617e+06
2.98617e+06
2.98617e+06
2.98617e+06
2.98617e+06
981913
774974
579125
579125
531027
494294
494294
297004
220115
130996
21234.8
21234.8
21234.8
13720.5
13720.5
13720.5
12590.8
12590.8
12590.8
12590.8
12590.8
12590.8
12590.8
12590.8
12590.8
12590.8
9731.99
9731.99
5602.5
5026.11
3628.63
3142.8
3142.8
1558.62
1558.62
1093.93
1093.93
1093.93
1093.93
897.951
730.083
730.083
730.083
730.083
730.083
730.083
725.559
725.559
491.87
491.87
491.87
446.758
446.758
375.438
375.438
302.342
302.342
302.342
301.114
270.567
270.567
270.567
251.081
240.999
240.999
240.999
240.999
240.999
240.999
240.999
240.999
236.228
233.463
227.411
226.407
221.559
219.979
214.083
214.083
212.6
206.992
206.992
202.645
202.645
202.645
202.645
202.645
202.645
202.645
202.645
202.645
202.275
201.363
200.053
200.053
199.745
199.345
199.345
198.893
198.686
198.548
198.108
197.796
197.459
197.459
197.378
197.179
197.036
196.854
196.77
196.705
196.678
196.527
196.337
196.174
196.057
196.057
195.866
195.644
195.515
195.375
195.235
195.03
194.891
194.797
194.663
194.529
194.388
194.227
194.166
194.063
193.929
193.811
193.697
193.563
193.429
193.349
193.271
193.175
193.064
192.97
192.874
192.791
192.705
192.613
192.507
192.418
192.41
192.343
192.265
192.195
192.143
192.092
192.045
191.983
191.915
191.864
191.808
191.759
191.717
191.658
191.6
191.555
191.487
191.441
191.404
191.36
191.297
191.263
191.215
191.154
191.119
191.073
191.016
190.966
190.938
190.895
190.859
190.805
190.756
190.722
190.672
190.638
190.591
190.556
190.516
190.478
190.434
190.402
190.35
190.318
190.27
190.229
190.183
190.127
190.088
190.033
189.97
189.91
189.852
189.817
189.757
189.713
189.623
189.584
189.516
189.446
189.382
189.324
189.265
189.21
189.14
189.061
188.984
188.915
188.85
188.75
188.684
188.606
188.546
188.456
188.363
188.304
188.223
188.088
188.035
187.943
187.837
187.773
187.663
187.601
187.498
187.405
187.265
187.191
187.096
186.994
186.895
186.758
186.633
186.492
186.393
186.263
186.134
186.07
185.95
185.853
185.752
185.642
185.501
185.36
185.267
185.12
184.986
184.85
184.714
184.586
184.43
184.29
184.097
184.028
183.905
183.768
183.652
183.513
183.387
183.22
183.113
182.96
182.849
182.669
182.544
182.391
182.272
182.129
181.992
181.861
181.729
181.601
181.432
181.277
181.137
180.952
180.813
180.676
180.461
180.376
180.233
180.101
179.922
179.812
179.647
179.545
179.421
179.255
179.105
178.949
178.856
178.725
178.62
178.473
178.355
178.215
178.09
177.98
177.891
177.79
177.683
177.586
177.453
177.357
177.223
177.127
177.015
176.912
176.787
176.668
176.574
176.442
176.335
176.238
176.125
176.022
175.909
175.77
175.68
175.545
175.353
175.188
175.105
174.968
174.835
174.731
174.594
174.523
174.415
174.28
174.156
174.045
173.919
173.785
173.657
173.553
173.405
173.248
173.141
173.004
172.849
172.746
172.621
172.499
172.383
172.275
172.185
172.064
171.938
171.817
171.707
171.575
171.476
171.366
171.232
171.128
171.03
170.891
170.805
170.683
170.562
170.448
170.302
170.137
170.071
169.932
169.789
169.608
169.497
169.334
169.181
169.029
168.817
168.679
168.536
168.371
168.193
168.041
167.839
167.686
167.439
167.302
167.089
166.918
166.703
166.52
166.302
166.135
165.891
165.736
165.541
165.264
165.056
164.668
164.544
164.326
164.095
163.824
163.601
163.386
163.137
162.894
162.713
162.497
162.3
162.038
161.835
161.621
161.391
161.195
160.941
160.698
160.527
160.262
160.074
159.837
159.573
159.418
159.207
159.041
158.788
158.562
158.277
158.193
157.951
157.766
157.593
157.342
157.225
156.947
156.807
156.623
156.452
156.3
156.083
155.859
155.606
155.406
155.154
154.868
154.67
154.381
154.108
153.857
153.601
153.351
153.085
152.818
152.545
152.236
151.932
151.521
151.24
150.946
150.65
150.351
149.948
149.546
149.252
148.957
148.622
148.317
147.988
147.583
147.062
146.805
146.396
146.05
145.713
145.3
144.863
144.512
144.187
143.762
143.379
142.975
142.588
142.015
141.588
141.242
140.739
140.347
139.882
139.436
138.995
138.587
138.125
137.645
137.337
136.766
136.237
135.571
135.179
134.61
134.184
133.817
133.404
132.923
132.439
131.999
131.569
131.186
130.863
130.518
130.137
129.803
129.381
129.098
128.645
128.154
127.776
127.316
126.939
126.358
126.015
125.611
125.101
124.662
124.326
123.883
123.498
123.122
122.767
122.294
121.92
121.391
120.829
120.098
119.744
119.077
118.444
117.91
117.022
116.431
115.389
114.781
113.835
112.737
112.114
110.668
109.701
108.239
107.173
105.663
104.663
103.15
101.759
100.229
99.2169
97.6942
96.0089
94.3361
92.8895
91.3926
89.5904
88.3383
86.3054
84.7215
82.9706
81.1944
79.2777
76.8695
75.2638
72.3685
69.804
67.3109
64.5418
61.1786
57.7457
54.4049
50.8648
47.4134
43.6564
38.8308
33.924
29.4561
23.4603
19.0291
13.9607
9.91528
8.67762
7.84386
7.84386
7.84386
7.84386
7.84386
7.84386
7.70525
7.70525
7.6589
7.6589
7.61276
7.61276
7.50845
7.50845
7.46336
7.46281
7.4095
7.4095
7.4095
7.4095
7.37806
7.33398
7.33398
7.33398
7.30427
7.30427
7.29194
7.28981
7.28779
7.27348
7.25928
7.24188
7.22202
7.21794
7.20538
7.19167
7.18147
7.17232
7.16117
7.14967
7.13776
7.11971
7.10992
7.09299
7.08149
7.06465
7.04657
7.02566
7.01253
6.99444
6.97571
6.96076
6.95195
6.93693
6.92183
6.91055
6.89406
6.8858
6.87122
6.86023
6.84671
6.83206
6.81667
6.80227
6.78922
6.77472
6.75864
6.74507
6.73233
6.71882
6.69996
6.69009
6.67881
6.66635
6.65345
6.64059
6.62744
6.61155
6.6003
6.58596
6.57109
6.55669
6.54379
6.52826
6.51828
6.50368
6.48493
6.47027
6.44919
6.43297
6.41489
6.39891
6.37823
6.35762
6.33674
6.31155
6.28836
6.2659
6.2406
6.21267
6.19072
6.16561
6.13522
6.11766
6.09385
6.05812
6.04508
6.0256
6.00516
5.98891
5.96465
5.94007
5.91296
5.89415
5.86868
5.85092
5.8238
5.80116
5.78347
5.76574
5.74117
5.71939
5.70118
5.67887
5.65887
5.63886
5.60948
5.58541
5.55644
5.53816
5.52066
5.49281
5.46757
5.44556
5.42629
5.39956
5.38639
5.36585
5.34894
5.32406
5.30771
5.28606
5.26252
5.24391
5.2203
5.20149
5.18484
5.16543
5.14933
5.12963
5.11101
5.08798
5.07433
5.05578
5.03981
5.02183
5.00704
4.98772
4.97198
4.95361
4.93799
4.92241
4.90939
4.89066
4.87634
4.85867
4.84335
4.82747
4.80966
4.7974
4.77832
4.76315
4.75262
4.72955
4.71698
4.69209
4.67944
4.65359
4.63771
4.61549
4.59488
4.58038
4.55491
4.53501
4.51121
4.48447
4.4631
4.44575
4.42476
4.40143
4.38324
4.3615
4.33706
4.31994
4.30071
4.27749
4.25791
4.23126
4.21063
4.18627
4.16486
4.1478
4.12028
4.0905
4.07503
4.04824
4.02446
3.99709
3.97139
3.94736
3.92699
3.90025
3.8778
3.85871
3.82979
3.81016
3.79107
3.76027
3.74142
3.71485
3.69896
3.67658
3.64678
3.63181
3.60514
3.58435
3.56098
3.53862
3.5149
3.49061
3.46449
3.44532
3.42051
3.39729
3.37242
3.34426
3.32184
3.29711
3.2717
3.23242
3.22289
3.19315
3.16751
3.14775
3.11452
3.09032
3.06979
3.03899
3.0184
2.98799
2.96284
2.93783
2.92355
2.90049
2.88448
2.86171
2.84626
2.82174
2.81141
2.7956
2.78132
2.77224
2.76059
2.74371
2.73307
2.72039
2.70622
2.69397
2.68175
2.67081
2.65632
2.64687
2.63297
2.62275
2.61048
2.59625
2.58868
2.57821
2.56767
2.55676
2.54483
2.53675
2.52478
2.5139
2.50498
2.497
2.48678
2.47147
2.46134
2.44614
2.43901
2.42707
2.41917
2.40758
2.39691
2.38649
2.37726
2.36866
2.35835
2.34927
2.34017
2.33074
2.32467
2.31552
2.30586
2.29566
2.28842
2.27739
2.26709
2.2567
2.24267
2.23541
2.22665
2.21153
2.20035
2.18677
2.17798
2.16182
2.15092
2.13246
2.12041
2.09896
2.08742
2.06725
2.05129
2.02831
2.01647
1.99783
1.97541
1.94972
1.93223
1.91153
1.88375
1.86364
1.8409
1.82021
1.78844
1.77174
1.74752
1.72454
1.69509
1.67199
1.64782
1.62785
1.6027
1.58168
1.56101
1.53844
1.51906
1.49755
1.47133
1.44752
1.43078
1.40971
1.3826
1.36476
1.342
1.32093
1.30037
1.28094
1.2572
1.23606
1.21884
1.19995
1.18403
1.16604
1.14553
1.12867
1.11277
1.09429
1.07931
1.06365
1.0458
1.03049
1.01372
0.995661
0.982093
0.969118
0.949854
0.933337
0.917477
0.905654
0.888249
0.877141
0.86147
0.85091
0.838916
0.824141
0.811886
0.800414
0.783918
0.775415
0.762934
0.749859
0.739055
0.725188
0.710974
0.698892
0.6876
0.677297
0.66475
0.657713
0.646548
0.632113
0.624166
0.610204
0.600772
0.5822
0.564746
0.559501
0.541531
0.530548
0.521698
0.509562
0.494943
0.488927
0.47771
0.467452
0.459496
0.451428
0.443261
0.435422
0.427626
0.421029
0.413266
0.405109
0.400357
0.393078
0.385683
0.381468
0.374926
0.370463
0.365227
0.360186
0.354941
0.350303
0.345619
0.342364
0.33806
0.333332
0.329352
0.325547
0.321334
0.31609
0.313068
0.306229
0.301434
0.2978
0.294099
0.289353
0.285009
0.279757
0.27639
0.272234
0.268364
0.264865
0.261106
0.257325
0.254244
0.250933
0.247145
0.244406
0.240664
0.238405
0.235745
0.232128
0.229495
0.227221
0.224797
0.222523
0.219967
0.217972
0.215657
0.213532
0.211508
0.209726
0.207947
0.206401
0.204568
0.203074
0.201603
0.199843
0.198589
0.197087
0.195921
0.194761
0.193191
0.19145
0.190959
0.18941
0.187768
0.186951
0.185496
0.184278
0.182812
0.181895
0.180717
0.179429
0.178296
0.177147
0.175812
0.174895
0.173884
0.172941
0.172107
0.171165
0.170404
0.16937
0.168631
0.167669
0.167061
0.166232
0.165423
0.16475
0.164331
0.163743
0.163051
0.162448
0.161702
0.161135
0.160373
0.15983
0.159055
0.158497
0.157746
0.156981
0.156413
0.155743
0.155138
0.154474
0.153732
0.153241
0.152367
0.151555
0.150989
0.150335
0.149554
0.148865
0.14794
0.147167
0.146334
0.145651
0.144893
0.143899
0.143024
0.141335
0.140547
0.139392
0.13851
0.137378
0.136576
0.135289
0.13432
0.133308
0.132337
0.131405
0.130356
0.129605
0.128693
0.127884
0.127023
0.126301
0.125289
0.124597
0.12377
0.123073
0.12236
0.121513
0.120662
0.119965
0.118751
0.118491
0.117377
0.116591
0.115964
0.115163
0.114578
0.113828
0.112985
0.112325
0.111509
0.110886
0.110267
0.109421
0.108875
0.108247
0.107726
0.107167
0.106658
0.106106
0.105438
0.104706
0.104252
0.103763
0.103246
0.102691
0.102023
0.10146
0.101001
0.100483
0.0999925
0.0992828
0.0988315
0.0981025
0.0976361
0.0970667
0.0962611
0.0956845
0.0950045
0.094324
0.093648
0.0930135
0.0924759
0.0917793
0.091265
0.090495
0.0898157
0.089074
0.088723
0.0880457
0.0875214
0.0867988
0.0862491
0.0856805
0.085014
0.0841625
0.0834591
0.0829963
0.0824164
0.0816326
0.0808757
0.0803819
0.0796297
0.0790482
0.0782269
0.0777839
0.0771652
0.0764927
0.0759505
0.0753162
0.0746928
0.0740995
0.0735712
0.0730654
0.0725663
0.0720595
0.0715145
0.0709429
0.0705633
0.0700902
0.0696354
0.0692148
0.0688537
0.0685319
0.0680771
0.0676327
0.0674054
0.0669514
0.066659
0.066325
0.0658256
0.0654709
0.0650389
0.0646851
0.0642453
0.0639569
0.0636588
0.0633322
0.0629704
0.0626582
0.0623199
0.0619873
0.0616164
0.0612655
0.0609437
0.0605309
0.059967
0.0598004
0.059376
0.0590795
0.0586703
0.058335
0.058019
0.0575793
0.0572631
0.0568757
0.0564933
0.0560924
0.0557884
0.055368
0.0549898
0.0545188
0.0541655
0.0538072
0.0534587
0.053082
0.0526595
0.0523291
0.0519371
0.0516527
0.0513972
0.0510363
0.050746
0.0504739
0.0502213
0.0497733
0.0494879
0.0491918
0.0489695
0.0487095
0.0484248
0.0481578
0.0478844
0.047618
0.0472807
0.047056
0.0468074
0.0465286
0.0465286
0.0465286
0.0465286
0.0465286
0.0465286
0.0465286
0.0465286
0.0465286
0.0465286
0.0465286
0.0465286
0.0465286
0.0465286
0.0465286
0.0465286
0.0465286
0.0465286
0.0465286
0.0465286
0.0465286
0.0465286
0.0465286
0.0465286
0.0465286
0.0465286
0.0465286
0.0465286
0.0465286
0.0465286
0.0465286
0.0465286
0.0465286
0.0465286
0.0465286
0.0465286
0.0465286
0.0465286
0.0465286
0.0465286
0.0465286
0.0465286
0.0465286
0.0465286
0.0465286
0.0465286
0.0465286
0.0465286
0.0465286
0.0465286
0.0465286
0.0465286
0.0465286
0.0465286
0.0465286
0.0465286
0.0465286
0.0465286
0.0465286
0.0465286
0.0465286
0.0465286
0.0465286
0.0465286
0.0465286
0.0465286
0.0465286
0.0465286
0.0465286
0.0465286
0.0465286
0.0465286
0.0465286
0.0465286
0.0465286
0.0465286
0.0465286
0.0465286
0.0465286
0.0465286
0.0465286
0.0465286
0.0465286
0.0465286
0.0465286
0.0465286
0.0465286
0.0465286
0.0465286
0.0465286
0.0465286
0.0465286
0.0465286
0.0465286
0.0465286
0.0465286
0.0465286
0.0465286
0.0465286
0.0465286
0.0465286
0.0465286
0.0465286
0.0465286
0.0465286
0.0465286
0.0465286
0.0465286
0.0465286
0.0465286
0.0465286
0.0465286
0.0465286
0.0465286
0.0465286
0.0465286
0.0465286
0.0465286
0.0465286
0.0465286
0.0465286
0.0465286
0.0465286
0.0465286
0.0465286
0.0465286
0.0465286
0.0465286
0.0465286
0.0465286
0.0465286
0.0465286
0.0465286
0.0465286
0.0465286
0.0465286
0.0465286
0.0465286
0.0465286
0.0465286
0.0465286
0.0465286
0.0465286
0.0465286
0.0465286
0.0465286
0.0465286
0.0465286
0.0465286
0.0465286
0.0465286
0.0465286
0.0465286
0.0465286
0.0465286
0.0465286
0.0465286
0.0465286
0.0465286
0.0465286
0.0465286
0.0465286
0.0465286
0.0465286
0.0465286
0.0465286
0.0465286
0.0465286
0.0465286
0.0465286
0.0465286
0.0465286
0.0465286
0.0465286
0.0465286
0.0465286
0.0465286
0.0465286
0.0465286
0.0465286
0.0465286
0.0465286
0.0465286
0.0465286
0.0465286
0.0465286
0.0465286
0.0465286
0.0465286
0.0465286
0.0465286
0.0465286
0.0465286
0.0465286
0.0465286
0.0465286
0.0465286
0.0465286
0.0465286
0.0465286
0.0465286
0.0465286
0.0465286
0.0465286
0.0465286
0.0465286
0.0465286
0.0465286
0.0465286
0.0465286
0.0465286
0.0465286
0.0465286
0.0465286
0.0465286
0.0465286
0.0465286
0.0465286
0.0465286
0.0465286
0.0465286
0.0465286
0.0465286
0.0465286
0.0465286
0.0465286
0.0465286
0.0465286
0.0465286
0.0465286
0.0465286
0.0465286
0.0465286
0.0465286
0.0465286
0.0465286
0.0465286
0.0465286
0.0465286
0.0465286
0.0465286
0.0465286
0.0465286
0.0465286
0.0465286
0.0465286
0.0465286
0.0465286
0.0465286
0.0465286
0.0465286
0.0465286
0.0465286
0.0465286
0.0465286
0.0465286
0.0465286
0.0465286
0.0465286
0.0465286
0.0465286
0.0465286
0.0465286
0.0465286
0.0465286
0.0465286
0.0465286
0.0465286
0.0465286
0.0465286
0.0465286
0.0465286
0.0465286
0.0465286
0.0465286
0.0465286
0.0465286
0.0465286
0.0465286
0.0465286
0.0465286
0.0465286
0.0465286
0.0465286
0.0465286
0.0465286
0.0465286
0.0465286
0.0465286
0.0465286
0.0465286
0.0465286
0.0465286
0.0465286
0.0465286
0.0465286
0.0465286
0.0465286
0.0465286
0.0465286
0.0465286
0.0465286
0.0465286
0.0465286
0.0465286
0.0465286
0.0465286
0.0465286
0.0465286
0.0465286
0.0465286
0.0465286
0.0465286
0.0465286
0.0465286
0.0465286
0.0465286
0.0465286
0.0465286
0.0465286
0.0465286
0.0465286
0.0465286
0.0465286
0.0465286
0.0465286
0.0465286
0.0465286
0.0465286
0.0465286
0.0465286
0.0465286
0.0465286
0.0465286
0.0465286
0.0465286
0.0465286
0.0465286
0.0465286
0.0465286
0.0465286
0.0465286
0.0465286
0.0465286
0.0465286
0.0465286
0.0465286
0.0465286
0.0465286
0.0465286
0.0465286
0.0465286
0.0465286
0.0465286
0.0465286
0.0465286
0.0465286
0.0465286
0.0465286
0.0465286
0.0465286
0.0465286
0.0465286
0.0465286
0.0465286
0.0465286
0.0465286
0.0465286
0.0465286
0.0465286
0.0465286
0.0465286
0.0465286
0.0465286
0.0465286
0.0465286
0.0465286
0.0465286
0.0465286
0.0465286
0.0465286
0.0465286
0.0465286
0.0465286
0.0465286
0.0465286
0.0465286
0.0465286
0.0465286
0.0465286
0.0465286
0.0465286
0.0465286
0.0465286
0.0465286
0.0465286
0.0465286
0.0465286
0.0465286
0.0465286
0.0465286
0.0465286
0.0465286
0.0465286
0.0465286
0.0465286
0.0465286
0.0465286
0.0465286
0.0465286
0.0465286
0.0465286
0.0465286
0.0465286
0.0465286
0.0465286
0.0465286
0.0465286
0.0465286
0.0465286
0.0465286
0.0465286
0.0465286
0.0465286
0.0465286
0.0465286
0.0465286
0.0465286
0.0465286
0.0465286
0.0465286
0.0465286
0.0465286
0.0465286
0.0465286
0.0465286
0.0465286
0.0465286
0.0465286
0.0465286
0.0465286
0.0465286
0.0465286
0.0465286
0.0465286
0.0465286
0.0465286
0.0465286
0.0465286
0.0465286
0.0465286
0.0465286
0.0465286
0.0465286
0.0465286
0.0465286
0.0465286
0.0465286
0.0465286
0.0465286
0.0465286
0.0465286
0.0465286
0.0465286
0.0465286
0.0465286
0.0465286
0.0465286
0.0465286
0.0465286
0.0465286
0.0465286
0.0465286
0.0465286
0.0465286
0.0465286
0.0465286
0.0465286
0.0465286
0.0465286
0.0465286
0.0465286
0.0465286
0.0465286
0.0465286
0.0465286
0.0465286
0.0465286
0.0465286
0.0465286
0.0465286
0.0465286
0.0465286
0.0465286
0.0465286
0.0465286
0.0465286
0.0465286
0.0465286
0.0465286
0.0465286
0.0465286
0.0465286
0.0465286
0.0465286
0.0465286
0.0465286
0.0465286
0.0465286
0.0465286
0.0465286
0.0465286
0.0465286
0.0465286
0.0465286
0.0465286
0.0465286
0.0465286
0.0465286
0.0465286
0.0465286
0.0465286
0.0465286
0.0465286
0.0465286
0.0465286
0.0465286
0.0465286
0.0465286
0.0465286
0.0465286
0.0465286
0.0465286
0.0465286
0.0465286
0.0465286
0.0465286
0.0465286
0.0465286
0.0465286
0.0465286
0.0465286
0.0465286
0.0465286
0.0465286
0.0465286
0.0465286
0.0465286
0.0465286
0.0465286
0.0465286
0.0465286
0.0465286
0.0465286
0.0465286
0.0465286
0.0465286
0.0465286
0.0465286
0.0465286
0.0465286
0.0465286
0.0465286
0.0465286
0.0465286
0.0465286
0.0465286
0.0465286
0.0465286
0.0465286
0.0465286
0.0465286
0.0465286
0.0465286
0.0465286
0.0465286
0.0465286
0.0465286
0.0465286
0.0465286
0.0465286
0.0465286
0.0465286
0.0465286
0.0465286
0.0465286
0.0465286
0.0465286
0.0465286
0.0465286
0.0465286
0.0465286
0.0465286
0.0465286
0.0465286
0.0465286
0.0465286
0.0465286
0.0465286
0.0465286
0.0465286
0.0465286
0.0465286
0.0465286
0.0465286
0.0465286
0.0465286
0.0465286
0.0465286
0.0465286
0.0465286
0.0465286
0.0465286
0.0465286
0.0465286
0.0465286
0.0465286
0.0465286
0.0465286
0.0465286
0.0465286
0.0465286
0.0465286
0.0465286
0.0465286
0.0465286
0.0465286
0.0465286
0.0465286
0.0465286
0.0465286
0.0465286
0.0465286
0.0465286
0.0465286
0.0465286
0.0465286
0.0465286
0.0465286
0.0465286
0.0465286
0.0465286
0.0465286
0.0465286
0.0465286
0.0465286
0.0465286
0.0465286
0.0465286
0.0465286
0.0465286
0.0465286
0.0465286
0.0465286
0.0465286
0.0465286
0.0465286
0.0465286
0.0465286
0.0465286
0.0465286
0.0465286
0.0465286
0.0465286
0.0465286
0.0465286
0.0465286
0.0465286
0.0465286
0.0465286
0.0465286
0.0465286
0.0465286
0.0465286
0.0465286
0.0465286
0.0465286
0.0465286
0.0465286
0.0465286
0.0465286
0.0465286
0.0465286
0.0465286
0.0465286
0.0465286
0.0465286
0.0465286
0.0465286
0.0465286
0.0465286
0.0465286
0.0465286
0.0465286
0.0465286
0.0465286
0.0465286
0.0465286
0.0465286
0.0465286
0.0465286
0.0465286
0.0465286
0.0465286
0.0465286
0.0465286
0.0465286
0.0465286
0.0465286
0.0465286
0.0465286
0.0465286
0.0465286
0.0465286
0.0465286
0.0465286
0.0465286
0.0465286
0.0465286
0.0465286
0.0465286
0.0465286
0.0465286
0.0465286
0.0465286
0.0465286
0.0465286
0.0465286
0.0465286
0.0465286
0.0465286
0.0465286
0.0465286
0.0465286
0.0465286
0.0465286
0.0465286
0.0465286
0.0465286
0.0465286
0.0465286
0.0465286
0.0465286
0.0465286
0.0465286
0.0465286
0.0465286
0.0465286
0.0465286
0.0465286
0.0465286
0.0465286
0.0465286
0.0465286
0.0465286
0.0465286
0.0465286
0.0465286
0.0465286
0.0465286
0.0465286
0.0465286
0.0465286
0.0465286
0.0465286
0.0465286
0.0465286
0.0465286
0.0465286
0.0465286
0.0465286
0.0465286
0.0465286
0.0465286
0.0465286
0.0465286
0.0465286
0.0465286
0.0465286
0.0465286
0.0465286
0.0465286
0.0465286
0.0465286
0.0465286
0.0465286
0.0465286
0.0465286
0.0465286
0.0465286
0.0465286
0.0465286
0.0465286
0.0465286
0.0465286
0.0465286
0.0465286
0.0465286
0.0465286
0.0465286
0.0465286
0.0465286
0.0465286
0.0465286
0.0465286
0.0465286
0.0465286
0.0465286
0.0465286
0.0465286
0.0465286
0.0465286
0.0465286
0.0465286
0.0465286
0.0465286
0.0465286
0.0465286
0.0465286
0.0465286
0.0465286
0.0465286
0.0465286
0.0465286
0.0465286
0.0465286
0.0465286
0.0465286
0.0465286
0.0465286
0.0465286
0.0465286
0.0465286
0.0465286
0.0465286
0.0465286
0.0465286
0.0465286
0.0465286
0.0465286
0.0465286
0.0465286
0.0465286
0.0465286
0.0465286
0.0465286
0.0465286
0.0465286
0.0465286
0.0465286
0.0465286
0.0465286
0.0465286
0.0465286
0.0465286
0.0465286
0.0465286
0.0465286
0.0465286
0.0465286
0.0465286
0.0465286
0.0464754
0.0461069
0.045764
0.0454515
0.0450221
0.0447162
0.04433
0.0439173
0.0435789
0.0431912
0.042823
0.0425115
0.0421852
0.0418656
0.0415221
0.0410895
0.0408704
0.0405325
0.0401983
0.0399249
0.0395963
0.0393383
0.0390535
0.0386347
0.0383567
0.0380715
0.0377674
0.0374095
0.0372009
0.0369009
0.0365688
0.0361843
0.0358927
0.0355346
0.0351185
0.0348407
0.0344724
0.0341466
0.0338047
0.0334808
0.0331543
0.0327647
0.0324657
0.0321749
0.0319039
0.0315941
0.0313765
0.0311724
0.0308483
0.0307098
0.030479
0.0302542
0.0302542
0.0302542
0.0302542
0.0302542
0.0302542
0.0302542
0.0302542
0.0302542
0.0302542
0.0302542
0.0302542
0.0302542
0.0302542
0.0302542
0.0302542
0.0302542
0.0302542
0.0302542
0.0302542
0.0302542
0.0302542
0.0302542
0.0302542
0.0302542
0.0302542
0.0302542
0.0302542
0.0302542
0.0302542
0.0302542
0.0302542
0.0302542
0.0302542
0.0302542
0.0302542
0.0302542
0.0302542
0.0302542
0.0302542
0.0302542
0.0302542
0.0302542
0.0302542
0.0302542
0.0302542
0.0302542
0.0302542
0.0302542
0.0302542
0.0302542
0.0302542
0.0302542
0.0302542
0.0302542
0.0302542
0.0302542
0.0302542
0.0302542
0.0302542
0.0302542
0.0302542
0.0302542
0.0302542
0.0302542
0.0302542
0.0302542
0.0302542
0.0302542
0.0302542
0.0302542
0.0302542
0.0302542
0.0302542
0.0302542
0.0302542
0.0302542
0.0302542
0.0302542
0.0302542
0.0302542
0.0302542
0.0302542
0.0302542
0.0302542
0.0302542
0.0302542
0.0302542
0.0302542
0.0302542
0.0302542
0.0302542
0.0302542
0.0302542
0.0302542
0.0302542
0.0302542
0.0302542
0.0302542
0.0302542
0.0302542
0.0302542
0.0302542
0.0302542
0.0302542
0.0302542
0.0302542
0.0302542
0.0302542
0.0302542
0.0302542
0.0302542
0.0302542
0.0302542
0.0302542
0.0302542
0.0302542
0.0302542
0.0302542
0.0302542
0.0302542
0.0302542
0.0302542
0.0302542
0.0302542
0.0302542
0.0302542
0.0302542
0.0302542
0.0302542
0.0302542
0.0302542
0.0302542
0.0302542
0.0302542
0.0302542
0.0302542
0.0302542
0.0302542
0.0302542
0.0302542
0.0302542
0.0302542
0.0302542
0.0302542
0.0302542
0.0302542
0.0302542
0.0302542
0.0302542
0.0302542
0.0302542
0.0302542
0.0302542
0.0302542
0.0302542
0.0302542
0.0302542
0.0302542
0.0302542
0.0302542
0.0302542
0.0302542
0.0302542
0.0302542
0.0302542
0.0302542
0.0302542
0.0302542
0.0302542
0.0302542
0.0302542
0.0302542
0.0302542
0.0302542
0.0302542
0.0302542
0.0302542
0.0302542
0.0302542
0.0302542
0.0302542
0.0302542
0.0302542
0.0302542
0.0302542
0.0302542
0.0302542
0.0302542
0.0302542
0.0302542
0.0302542
0.0302542
0.0302542
0.0302542
0.0302542
0.0302542
0.0302542
0.0302542
0.0302542
0.0302542
0.0302542
0.0302542
0.0302542
0.0302542
0.0302542
0.0302542
0.0302542
0.0302542
0.0302542
0.0302542
0.0302542
0.0302542
0.0302542
0.0302542
0.0302542
0.0302542
0.0302542
0.0302542
0.0302542
0.0302542
0.0302542
0.0302542
0.0302542
0.0302542
0.0302542
0.0302542
0.0302542
0.0302542
0.0302542
0.0302542
0.0302542
0.0302542
0.0302542
0.0302542
0.0302542
0.0302542
0.0302542
0.0302542
0.0302542
0.0302542
0.0302542
0.0302542
0.0302542
0.0302542
0.0302542
0.0302542
0.0302542
0.0302542
0.0302542
0.0302542
0.0302542
0.0302542
0.0302542
0.0302542
0.0302542
0.0302542
0.0302542
0.0302542
0.0302542
0.0302542
0.0302542
0.0302542
0.0302542
0.0302542
0.0302542
0.0302542
0.0302542
0.0302542
0.0302542
0.0302542
0.0302542
0.0302542
0.0302542
0.0302542
0.0302542
0.0302542
0.0302542
0.0302542
0.0302542
0.0302542
0.0302542
0.0302542
0.0302542
0.0302542
0.0302542
0.0302542
0.0302542
0.0302542
0.0302542
0.0302542
0.0302542
0.0302542
0.0302542
0.0302542
0.0302542
0.0302542
0.0302542
0.0302542
0.0302542
0.0302542
0.0302542
0.0302542
0.0302542
0.0302542
0.0302542
0.0302542
0.0302542
0.0302542
0.0302542
0.0302542
0.0302542
0.0302542
0.0302542
0.0302542
0.0302542
0.0302542
0.0302542
0.0302542
0.0302542
0.0302542
0.0302542
0.0302542
0.0302542
0.0302542
0.0302542
0.0302542
0.0302542
0.0302542
0.0302542
0.0302542
0.0302542
0.0302542
0.0302542
0.0302542
0.0302542
0.0302542
0.0302542
0.0302542
0.0302542
0.0302542
0.0302542
0.0302542
0.0302542
0.0302542
0.0302542
0.0302542
0.0302542
0.0302542
0.0302542
0.0302542
0.0302542
0.0302542
0.0302542
0.0302542
0.0302542
0.0302542
0.0302542
0.0302542
0.0302542
0.0302542
0.0302542
0.0302542
0.0302542
0.0302542
0.0302542
0.0302542
0.0302542
0.0302542
0.0302542
0.0302542
0.0302542
0.0302542
0.0302542
0.0302542
0.0302542
0.0302542
0.0302542
0.0302542
0.0302542
0.0302542
0.0302542
0.0302542
0.0302542
0.0302542
0.0302542
0.0302542
0.0302542
0.0302542
0.0302542
0.0302542
0.0302542
0.0302542
0.0302542
0.0302542
0.0302542
0.0302542
0.0302542
0.0302542
0.0302542
0.0302542
0.0302542
0.0302542
0.0302542
0.0302542
0.0302542
0.0302542
0.0302542
0.0302542
0.0302542
0.0302542
0.0302542
0.0302542
0.0302542
0.0302542
0.0302542
0.0302542
0.0302542
0.0302542
0.0302542
0.0302542
0.0302542
0.0302542
0.0302542
0.0302542
0.0302542
0.0302542
0.0302542
0.0302542
0.0302542
0.0302542
0.0302542
0.0302542
0.0302542
0.0302542
0.0302542
0.0302542
0.0302542
0.0302542
0.0302542
0.0302542
0.0302542
0.0302542
0.0302542
0.0302542
0.0302542
0.0302542
0.0302542
0.0302542
0.0302542
0.0302542
0.0302542
0.0302542
0.0302542
0.0302542
0.0302542
0.0302542
0.0302542
0.0302542
0.0302542
0.0302542
0.0302542
0.0302542
0.0302542
0.0302542
0.0302542
0.0302542
0.0302542
0.0302542
0.0302542
0.0302542
0.0302542
0.0302542
