1.04683e+07
2.52436e+06
2.52436e+06
2.52436e+06
1.89338e+06
1.89338e+06
1.89338e+06
1.89338e+06
1.89338e+06
1.7917e+06
1.7917e+06
1.53656e+06
1.53656e+06
643428
514732
271045
271045
253802
212539
70437.8
54333.1
54333.1
54333.1
54333.1
54333.1
30281.1
30281.1
30281.1
30281.1
30281.1
30281.1
30281.1
23070.3
22971.8
22971.8
15865.6
15865.6
14943.1
3895.34
3895.34
3895.34
3895.34
2801.31
1592.71
1398.15
1398.15
1135.17
1135.17
622.351
622.351
622.351
622.351
573.072
573.072
573.072
543.127
247.348
247.348
247.348
247.348
212.078
212.078
212.078
212.078
212.078
199.071
199.071
140.707
120.16
120.16
103.354
98.9587
98.9587
98.9587
93.5835
77.7852
55.6712
55.6712
44.027
44.027
38.3116
33.6654
27.2434
27.2434
27.2434
27.2299
27.2299
27.2299
21.7693
20.7388
20.441
20.441
19.9877
18.0011
18.0011
18.0011
18.0011
18.0011
18.0011
18.0011
17.6075
17.6075
16.9636
16.9636
16.4208
16.4208
16.3332
15.5524
14.8173
14.474
14.0086
13.0926
13.0926
13.0926
13.0926
13.0516
13.0516
13.0516
12.53
12.53
12.53
12.53
12.53
12.4925
12.3382
12.3382
12.2991
12.2445
12.2445
12.0719
12.0293
11.9157
11.8739
11.8739
11.77
11.6652
11.6652
11.6089
11.5868
11.515
11.5085
11.461
11.3894
11.335
11.2741
11.2481
11.2008
11.1496
11.1496
11.0633
11.0397
11.0169
10.9775
10.9385
10.914
10.8851
10.8653
10.8225
10.8053
10.7731
10.7497
10.7113
10.7043
10.6842
10.6494
10.634
10.609
10.5927
10.5775
10.5597
10.5421
10.523
10.5069
10.4909
10.4731
10.4543
10.4412
10.4249
10.4088
10.3944
10.377
10.3663
10.352
10.334
10.316
10.3008
10.2845
10.2686
10.2494
10.2325
10.2167
10.2022
10.1877
10.1742
10.1619
10.1451
10.1323
10.1155
10.1059
10.0916
10.0772
10.0627
10.0495
10.0401
10.0273
10.0161
10.0016
9.99037
9.97832
9.96733
9.95677
9.94656
9.93465
9.92485
9.9095
9.90123
9.89033
9.87775
9.86805
9.85778
9.84746
9.83613
9.82622
9.80892
9.79934
9.78532
9.77324
9.75672
9.74224
9.73021
9.71417
9.6979
9.68506
9.66899
9.65074
9.63487
9.61511
9.60263
9.58299
9.56424
9.54277
9.52082
9.5054
9.47797
9.45942
9.43677
9.41591
9.39508
9.37615
9.34471
9.33008
9.3103
9.29416
9.27568
9.2601
9.24534
9.22629
9.21599
9.19983
9.18427
9.17224
9.15622
9.14652
9.12984
9.11577
9.10503
9.08933
9.07459
9.05976
9.04799
9.02931
9.01741
9.00446
8.991
8.97819
8.96638
8.95711
8.944
8.93539
8.92481
8.91698
8.90856
8.90039
8.89222
8.88358
8.87571
8.86859
8.86257
8.85212
8.84975
8.84219
8.83545
8.8289
8.82036
8.81429
8.80944
8.80239
8.79355
8.78432
8.77595
8.76731
8.75961
8.75163
8.7399
8.73057
8.72288
8.71181
8.69991
8.6891
8.67805
8.67037
8.65875
8.65098
8.6411
8.63236
8.62275
8.61371
8.60292
8.59157
8.58332
8.57006
8.56045
8.54987
8.53085
8.52361
8.50894
8.4988
8.48525
8.47182
8.45763
8.44104
8.42525
8.40535
8.39153
8.37395
8.35527
8.33991
8.32243
8.30335
8.28371
8.26118
8.24113
8.22549
8.20824
8.18559
8.17344
8.14595
8.13457
8.11341
8.09459
8.07455
8.06
8.04011
8.02406
8.00031
7.98364
7.93661
7.93661
7.91301
7.88916
7.86793
7.84634
7.81262
7.78628
7.75906
7.71823
7.68834
7.66477
7.63408
7.59647
7.56739
7.53227
7.49721
7.46795
7.43664
7.40373
7.37406
7.3427
7.31856
7.29171
7.26912
7.2354
7.20356
7.17696
7.14064
7.11605
7.08936
7.06285
7.02981
7.00391
6.97268
6.95086
6.92738
6.8978
6.87348
6.83627
6.81068
6.78282
6.7623
6.73177
6.70744
6.68418
6.66117
6.63344
6.60438
6.58734
6.56481
6.54059
6.5138
6.49495
6.47579
6.45834
6.43139
6.41674
6.39042
6.37075
6.3521
6.32759
6.30566
6.28711
6.27135
6.25591
6.24115
6.22351
6.20707
6.18789
6.17102
6.15735
6.14689
6.13132
6.11722
6.1034
6.08801
6.07321
6.05808
6.04467
6.03123
6.00824
5.99678
5.98641
5.96769
5.9546
5.93938
5.92256
5.89911
5.88263
5.86919
5.85093
5.83609
5.82019
5.79967
5.78583
5.77224
5.75527
5.74469
5.72723
5.71493
5.70093
5.68649
5.67237
5.66099
5.64243
5.63123
5.61543
5.59937
5.5835
5.56912
5.5556
5.54068
5.52356
5.51181
5.49594
5.47518
5.46187
5.44729
5.42992
5.41785
5.40155
5.38999
5.36855
5.35355
5.33965
5.32334
5.30587
5.28274
5.26887
5.25447
5.23702
5.22129
5.20941
5.18197
5.16
5.13425
5.11509
5.0827
5.06136
5.04374
5.01891
4.99532
4.9644
4.94654
4.92402
4.90506
4.87168
4.83567
4.80294
4.78019
4.75654
4.72604
4.69746
4.67081
4.63025
4.60434
4.58102
4.55331
4.52549
4.49167
4.45151
4.42543
4.39739
4.36619
4.33341
4.29656
4.27054
4.23789
4.21369
4.18597
4.16621
4.13367
4.12172
4.09738
4.07496
4.05517
4.03419
4.01097
3.99358
3.97257
3.95478
3.93842
3.91567
3.89375
3.87517
3.85556
3.83171
3.81535
3.79741
3.77579
3.75646
3.73272
3.71816
3.69793
3.67723
3.65725
3.63292
3.61174
3.58866
3.57133
3.55189
3.52561
3.48672
3.47276
3.45179
3.42713
3.39967
3.37855
3.35763
3.33959
3.31895
3.29995
3.28026
3.26522
3.2487
3.23077
3.21618
3.20108
3.18598
3.16542
3.15588
3.13968
3.1315
3.11037
3.09634
3.07824
3.06629
3.04756
3.03041
3.01326
2.99699
2.97766
2.95189
2.93283
2.92024
2.90325
2.88787
2.87192
2.85171
2.83936
2.82397
2.80819
2.79457
2.77755
2.76555
2.74672
2.73063
2.7122
2.69746
2.68771
2.67362
2.66166
2.64696
2.63281
2.61766
2.6038
2.5913
2.57451
2.55929
2.54463
2.5291
2.51766
2.50266
2.48642
2.46923
2.45342
2.43433
2.41954
2.39855
2.38
2.35997
2.34057
2.32161
2.2999
2.28528
2.2669
2.24476
2.22098
2.20257
2.18037
2.15465
2.13255
2.10343
2.09082
2.06382
2.0495
2.02813
2.00472
1.98907
1.97533
1.95777
1.93823
1.92792
1.90798
1.89499
1.88008
1.86372
1.84388
1.83299
1.81625
1.79935
1.78337
1.76884
1.74996
1.73583
1.71899
1.70619
1.69325
1.67972
1.66524
1.65614
1.64443
1.63295
1.62022
1.60993
1.59829
1.58908
1.57963
1.56634
1.55959
1.54943
1.53813
1.53018
1.51941
1.51123
1.49864
1.4878
1.4752
1.46022
1.4471
1.43629
1.42361
1.41179
1.39859
1.38651
1.37177
1.36177
1.34384
1.33177
1.31976
1.30885
1.28807
1.27619
1.26153
1.2427
1.2279
1.21241
1.19338
1.18424
1.16508
1.1556
1.14148
1.12879
1.11525
1.10067
1.08916
1.07804
1.06079
1.04793
1.03482
1.02059
1.00297
0.98401
0.973037
0.954305
0.938995
0.926073
0.903809
0.899404
0.881618
0.867029
0.855095
0.839303
0.825138
0.809616
0.799092
0.783254
0.768596
0.751871
0.739525
0.727846
0.716604
0.702653
0.690147
0.677384
0.665112
0.652545
0.639938
0.633428
0.622569
0.614735
0.607332
0.599352
0.58895
0.583284
0.575344
0.569766
0.560498
0.554595
0.548098
0.541377
0.533895
0.52854
0.521984
0.514704
0.509045
0.502008
0.497225
0.49045
0.483654
0.479437
0.472295
0.465371
0.460894
0.454811
0.450429
0.44553
0.439657
0.43627
0.431742
0.427821
0.423181
0.419348
0.415803
0.411737
0.406961
0.404216
0.399362
0.395967
0.392013
0.388839
0.385507
0.382213
0.378991
0.376584
0.372937
0.37021
0.367433
0.364424
0.361781
0.359451
0.358049
0.355275
0.352884
0.350196
0.348089
0.34604
0.342919
0.340908
0.338586
0.335932
0.334322
0.332191
0.32991
0.328064
0.325886
0.323646
0.321957
0.319183
0.317046
0.315178
0.312931
0.310304
0.306964
0.305789
0.303322
0.300952
0.299348
0.297335
0.295262
0.293038
0.290267
0.288317
0.286143
0.283964
0.281312
0.279021
0.276991
0.274197
0.2722
0.26973
0.268546
0.265971
0.263653
0.261618
0.259331
0.257217
0.254793
0.252408
0.250211
0.24731
0.244924
0.242401
0.239952
0.237788
0.235068
0.233085
0.230974
0.228375
0.225985
0.223816
0.221131
0.218797
0.217411
0.21514
0.212897
0.210826
0.209371
0.207156
0.205134
0.203303
0.201542
0.199388
0.197538
0.195695
0.194118
0.192677
0.190909
0.18939
0.188106
0.186546
0.184739
0.183466
0.181856
0.180635
0.179278
0.177582
0.17659
0.174904
0.173498
0.171967
0.170656
0.169469
0.168179
0.167015
0.165568
0.164169
0.163208
0.162023
0.160683
0.159659
0.158593
0.157534
0.156597
0.155727
0.15428
0.1535
0.15275
0.151899
0.151234
0.150276
0.14937
0.148328
0.1476
0.14667
0.145976
0.145097
0.144416
0.143584
0.143033
0.14232
0.141663
0.141048
0.14036
0.13982
0.138862
0.138281
0.137621
0.136791
0.135969
0.135387
0.134642
0.133595
0.13289
0.131896
0.131104
0.130162
0.129532
0.128806
0.127833
0.126916
0.126027
0.12515
0.124448
0.123481
0.122652
0.121691
0.121008
0.120363
0.119607
0.118638
0.11794
0.117185
0.116274
0.115427
0.114452
0.113708
0.113074
0.112274
0.111264
0.110678
0.110008
0.108998
0.108442
0.107642
0.106795
0.106159
0.105363
0.104561
0.103723
0.102937
0.102191
0.101298
0.10037
0.0995873
0.0988911
0.0981695
0.097415
0.0967664
0.0959354
0.095332
0.0943993
0.0938349
0.0931205
0.0923286
0.0911127
0.0906668
0.0900736
0.0890567
0.0884937
0.0876199
0.0868313
0.0861886
0.0854692
0.0847807
0.0841183
0.0833746
0.082527
0.0819574
0.0813473
0.080722
0.0800694
0.0794296
0.0787351
0.0782222
0.0776585
0.0771388
0.0765293
0.0761344
0.0756692
0.0753211
0.074884
0.0745332
0.0740959
0.0736995
0.0733362
0.0730963
0.0728106
0.0724125
0.0720402
0.0717698
0.071414
0.0710828
0.0705366
0.0703433
0.0700821
0.0697023
0.0693815
0.0690732
0.068656
0.0683198
0.0678123
0.0674118
0.0671301
0.0668372
0.0664427
0.0661014
0.0657087
0.0653649
0.0650434
0.064586
0.0642903
0.0638824
0.0636043
0.0632426
0.0628303
0.0625332
0.0621996
0.0618455
0.0615046
0.061222
0.0609682
0.0605082
0.0602261
0.0597555
0.0593801
0.0589013
0.0586245
0.0582646
0.0578279
0.0575121
0.0571646
0.0568248
0.0564787
0.05611
0.0558819
0.0556455
0.0553033
0.0549557
0.054665
0.0543816
0.0540809
0.0538434
0.0535421
0.0532893
0.0530102
0.0527093
0.0524473
0.0522112
0.0519229
0.0516621
0.0513942
0.0511872
0.0509295
0.0506718
0.0502988
0.0501363
0.0497428
0.0495386
0.0493126
0.0490027
0.0487738
0.0484634
0.0481742
0.0479017
0.0476755
0.0474477
0.0471741
0.0469768
0.0467851
0.0465303
0.0463377
0.0460932
0.0458525
0.0455904
0.0453528
0.0451111
0.044726
0.0445708
0.044256
0.0440013
0.0438226
0.0435309
0.0433922
0.043126
0.0428479
0.042644
0.0424398
0.0422266
0.0419798
0.0417902
0.0415702
0.0413254
0.0411675
0.0409952
0.0408178
0.0405867
0.0403968
0.0402158
0.0400425
0.0398535
0.0396555
0.0395021
0.0393349
0.0393349
0.0393349
0.0393349
0.0393349
0.0393349
0.0393349
0.0393349
0.0393349
0.0393349
0.0393349
0.0393349
0.0393349
0.0393349
0.0393349
0.0393349
0.0393349
0.0393349
0.0393349
0.0393349
0.0393349
0.0393349
0.0393349
0.0393349
0.0393349
0.0393349
0.0393349
0.0393349
0.0393349
0.0393349
0.0393349
0.0393349
0.0393349
0.0393349
0.0393349
0.0393349
0.0393349
0.0393349
0.0393349
0.0393349
0.0393349
0.0393349
0.0393349
0.0393349
0.0393349
0.0393349
0.0393349
0.0393349
0.0393349
0.0393349
0.0393349
0.0393349
0.0393349
0.0393349
0.0393349
0.0393349
0.0393349
0.0393349
0.0393349
0.0393349
0.0393349
0.0393349
0.0393349
0.0393349
0.0393349
0.0393349
0.0393349
0.0393349
0.0393349
0.0393349
0.0393349
0.0393349
0.0393349
0.0393349
0.0393349
0.0393349
0.0393349
0.0393349
0.0393349
0.0393349
0.0393349
0.0393349
0.0393349
0.0393349
0.0393349
0.0393349
0.0393349
0.0393349
0.0393349
0.0393349
0.0393349
0.0393349
0.0393349
0.0393349
0.0393349
0.0393349
0.0393349
0.0393349
0.0393349
0.0393349
0.0393349
0.0393349
0.0393349
0.0393349
0.0393349
0.0393349
0.0393349
0.0393349
0.0393349
0.0393349
0.0393349
0.0393349
0.0393349
0.0393349
0.0393349
0.0393349
0.0393349
0.0393349
0.0393349
0.0393349
0.0393349
0.0393349
0.0393349
0.0393349
0.0393349
0.0393349
0.0393349
0.0393349
0.0393349
0.0393349
0.0393349
0.0393349
0.0393349
0.0393349
0.0393349
0.0393349
0.0393349
0.0393349
0.0393349
0.0393349
0.0393349
0.0393349
0.0393349
0.0393349
0.0393349
0.0393349
0.0393349
0.0393349
0.0393349
0.0393349
0.0393349
0.0393349
0.0393349
0.0393349
0.0393349
0.0393349
0.0393349
0.0393349
0.0393349
0.0393349
0.0393349
0.0393349
0.0393349
0.0393349
0.0393349
0.0393349
0.0393349
0.0393349
0.0393349
0.0393349
0.0393349
0.0393349
0.0393349
0.0393349
0.0393349
0.0393349
0.0393349
0.0393349
0.0393349
0.0393349
0.0393349
0.0393349
0.0393349
0.0393349
0.0393349
0.0393349
0.0393349
0.0393349
0.0393349
0.0393349
0.0393349
0.0393349
0.0393349
0.0393349
0.0393349
0.0393349
0.0393349
0.0393349
0.0393349
0.0393349
0.0393349
0.0393349
0.0393349
0.0393349
0.0393349
0.0393349
0.0393349
0.0393349
0.0393349
0.0393349
0.0393349
0.0393349
0.0393349
0.0393349
0.0393349
0.0393349
0.0393349
0.0393349
0.0393349
0.0393349
0.0393349
0.0393349
0.0393349
0.0393349
0.0393349
0.0393349
0.0393349
0.0393349
0.0393349
0.0393349
0.0393349
0.0393349
0.0393349
0.0393349
0.0393349
0.0393349
0.0393349
0.0393349
0.0393349
0.0393349
0.0393349
0.0393349
0.0393349
0.0393349
0.0393349
0.0393349
0.0393349
0.0393349
0.0393349
0.0393349
0.0393349
0.0393349
0.0393349
0.0393349
0.0393349
0.0393349
0.0393349
0.0393349
0.0393349
0.0393349
0.0393349
0.0393349
0.0393349
0.0393349
0.0393349
0.0393349
0.0393349
0.0393349
0.0393349
0.0393349
0.0393349
0.0393349
0.0393349
0.0393349
0.0393349
0.0393349
0.0393349
0.0393349
0.0393349
0.0393349
0.0393349
0.0393349
0.0393349
0.0393349
0.0393349
0.0393349
0.0393349
0.0393349
0.0393349
0.0393349
0.0393349
0.0393349
0.0393349
0.0393349
0.0393349
0.0393349
0.0393349
0.0393349
0.0393349
0.0393349
0.0393349
0.0393349
0.0393349
0.0393349
0.0393349
0.0393349
0.0393349
0.0393349
0.0393349
0.0393349
0.0393349
0.0393349
0.0393349
0.0393349
0.0393349
0.0393349
0.0393349
0.0393349
0.0393349
0.0393349
0.0393349
0.0393349
0.0393349
0.0393349
0.0393349
0.0393349
0.0393349
0.0393349
0.0393349
0.0393349
0.0393349
0.0393349
0.0393349
0.0393349
0.0393349
0.0393349
0.0393349
0.0393349
0.0393349
0.0393349
0.0393349
0.0393349
0.0393349
0.0393349
0.0393349
0.0393349
0.0393349
0.0393349
0.0393349
0.0393349
0.0393349
0.0393349
0.0393349
0.0393349
0.0393349
0.0393349
0.0393349
0.0393349
0.0393349
0.0393349
0.0393349
0.0393349
0.0393349
0.0393349
0.0393349
0.0393349
0.0393349
0.0393349
0.0393349
0.0393349
0.0393349
0.0393349
0.0393349
0.0393349
0.0393349
0.0393349
0.0393349
0.0393349
0.0393349
0.0393349
0.0393349
0.0393349
0.0393349
0.0393349
0.0393349
0.0393349
0.0393349
0.0393349
0.0393349
0.0393349
0.0393349
0.0393349
0.0393349
0.0393349
0.0393349
0.0393349
0.0393349
0.0393349
0.0393349
0.0393349
0.0393349
0.0393349
0.0393349
0.0393349
0.0393349
0.0393349
0.0393349
0.0393349
0.0393349
0.0393349
0.0393349
0.0393349
0.0393349
0.0393349
0.0393349
0.0393349
0.0393349
0.0393349
0.0393349
0.0393349
0.0393349
0.0393349
0.0393349
0.0393349
0.0393349
0.0393349
0.0393349
0.0393349
0.0393349
0.0393349
0.0393349
0.0393349
0.0393349
0.0393349
0.0393349
0.0393349
0.0393349
0.0393349
0.0393349
0.0393349
0.0393349
0.0393349
0.0393349
0.0393349
0.0393349
0.0393349
0.0393349
0.0393349
0.0393349
0.0393349
0.0393349
0.0393349
0.0393349
0.0393349
0.0393349
0.0393349
0.0393349
0.0393349
0.0393349
0.0393349
0.0393349
0.0393349
0.0393349
0.0393349
0.0393349
0.0393349
0.0393349
0.0393349
0.0393349
0.0393349
0.0393349
0.0393349
0.0393349
0.0393349
0.0393349
0.0393349
0.0393349
0.0393349
0.0393349
0.0393349
0.0393349
0.0393349
0.0393349
0.0393349
0.0393349
0.0393349
0.0393349
0.0393349
0.0393349
0.0393349
0.0393349
0.0393349
0.0393349
0.0393349
0.0393349
0.0393349
0.0393349
0.0393349
0.0393349
0.0393349
0.0393349
0.0393349
0.0393349
0.0393349
0.0393349
0.0393349
0.0393349
0.0393349
0.0393349
0.0393349
0.0393349
0.0393349
0.0393349
0.0393349
0.0393349
0.0393349
0.0393349
0.0393349
0.0393349
0.0393349
0.0393349
0.0393349
0.0393349
0.0393349
0.0393349
0.0393349
0.0393349
0.0393349
0.0393349
0.0393349
0.0393349
0.0393349
0.0393349
0.0393349
0.0393349
0.0393349
0.0393349
0.0393349
0.0393349
0.0393349
0.0393349
0.0393349
0.0393349
0.0393349
0.0393349
0.0393349
0.0393349
0.0393349
0.0393349
0.0393349
0.0393349
0.0393349
0.0393349
0.0393349
0.0393349
0.0393349
0.0393349
0.0393349
0.0393349
0.0393349
0.0393349
0.0393349
0.0393349
0.0393349
0.0393349
0.0393349
0.0393349
0.0393349
0.0393349
0.0393349
0.0393349
0.0393349
0.0393349
0.0393349
0.0393349
0.0393349
0.0393349
0.0393349
0.0393349
0.0393349
0.0393349
0.0393349
0.0393349
0.0393349
0.0393349
0.0393349
0.0393349
0.0393349
0.0393349
0.0393349
0.0393349
0.0393349
0.0393349
0.0393349
0.0393349
0.0393349
0.0393349
0.0393349
0.0393349
0.0393349
0.0393349
0.0393349
0.0393349
0.0393349
0.0393349
0.0393349
0.0393349
0.0393349
0.0393349
0.0393349
0.0393349
0.0393349
0.0393349
0.0393349
0.0393349
0.0393349
0.0393349
0.0393349
0.0393349
0.0393349
0.0393349
0.0393349
0.0393349
0.0393349
0.0393349
0.0393349
0.0393349
0.0393349
0.0393349
0.0393349
0.0393349
0.0393349
0.0393349
0.0393349
0.0393349
0.0393349
0.0393349
0.0393349
0.0393349
0.0393349
0.0393349
0.0393349
0.0393349
0.0393349
0.0393349
0.0393349
0.0393349
0.0393349
0.0393349
0.0393349
0.0393349
0.0393349
0.0393349
0.0393349
0.0393349
0.0393349
0.0393349
0.0393349
0.0393349
0.0393349
0.0393349
0.0393349
0.0393349
0.0393349
0.0393349
0.0393349
0.0393349
0.0393349
0.0393349
0.0393349
0.0393349
0.0393349
0.0393349
0.0393349
0.0393349
0.0393349
0.0393349
0.0393349
0.0393349
0.0393349
0.0393349
0.0393349
0.0393349
0.0393349
0.0393349
0.0393349
0.0393349
0.0393349
0.0393349
0.0393349
0.0393349
0.0393349
0.0393349
0.0393349
0.0393349
0.0393349
0.0393349
0.0393349
0.0393349
0.0393349
0.0393349
0.0393349
0.0393349
0.0393349
0.0393349
0.0393349
0.0393349
0.0393349
0.0393349
0.0393349
0.0393349
0.0393349
0.0393349
0.0393349
0.0393349
0.0393349
0.0393349
0.0393349
0.0393349
0.0393349
0.0393349
0.0393349
0.0393349
0.0393349
0.0393349
0.0393349
0.0393349
0.0393349
0.0393349
0.0393349
0.0393349
0.0393349
0.0393349
0.0393349
0.0393349
0.0393349
0.0393349
0.0393349
0.0393349
0.0393349
0.0393349
0.0393349
0.0393349
0.0393349
0.0393349
0.0393349
0.0393349
0.0393349
0.0393349
0.0393349
0.0393349
0.0393349
0.0393349
0.0393349
0.0393349
0.0393349
0.0393349
0.0393349
0.0393349
0.0393349
0.0393349
0.0393349
0.0393349
0.0393349
0.0393349
0.0393349
0.0393349
0.0393349
0.0393349
0.0393349
0.0393349
0.0393349
0.0393349
0.0393349
0.0393349
0.0393349
0.0393349
0.0393349
0.0393349
0.0393349
0.0393349
0.0393349
0.0393349
0.0393349
0.0393349
0.0393349
0.0393349
0.0393349
0.0393349
0.0393349
0.0393349
0.0393349
0.0393349
0.0393349
0.0393349
0.0393349
0.0393349
0.0393349
0.0393349
0.0393349
0.0393349
0.0393349
0.0393349
0.0393349
0.0393349
0.0393349
0.0393349
0.0393349
0.0393349
0.0393349
0.0393349
0.0393349
0.0393349
0.0393349
0.0393349
0.0393349
0.0393349
0.0393349
0.0393349
0.0393349
0.0393349
0.0393349
0.0393349
0.0393349
0.0393349
0.0393349
0.0393349
0.0393349
0.0393349
0.0393349
0.0393349
0.0393349
0.0393349
0.0393349
0.0393349
0.0393349
0.0393349
0.0393349
0.0393349
0.0393349
0.0393349
0.0393349
0.0393349
0.0393349
0.0393349
0.0393349
0.0393349
0.0393349
0.0393349
0.0393349
0.0393349
0.0393349
0.0393349
0.0393349
0.0393349
0.0393349
0.0393349
0.0393349
0.0393349
0.0393349
0.0393349
0.0393349
0.0393349
0.0393349
0.0393349
0.0393349
0.0393349
0.0393349
0.0393349
0.0393349
0.0393349
0.0393349
0.0393349
0.0393349
0.0393349
0.0393349
0.0393349
0.0393349
0.0393349
0.0393349
0.0393349
0.0393349
0.0393349
0.0393349
0.0393349
0.0393349
0.0393349
0.0393349
0.0393349
0.0393349
0.0393349
0.0393349
0.0393349
0.0393349
0.0393349
0.0393349
0.0393349
0.0393349
0.0393349
0.0393349
0.0393349
0.0393349
0.0393349
0.0393349
0.0393349
0.0393349
0.0393349
0.0393349
0.0393349
0.0393349
0.0393349
0.0393349
0.0393349
0.0393349
0.0393349
0.0393349
0.0393349
0.0393349
0.0393349
0.0393349
0.0393349
0.0393349
0.0393349
0.0393349
0.0393349
0.0393349
0.0393349
0.0393349
0.0393349
0.0393349
0.0393349
0.0393349
0.0393349
0.0393349
0.0393349
0.0393349
0.0393349
0.0393349
0.0393349
0.0393349
0.0393349
0.0393349
0.0393349
0.0393349
0.0393349
0.0393349
0.0393349
0.0393349
0.0393349
0.0393349
0.0393349
0.0393349
0.0393349
0.0393349
0.0393349
0.0393349
0.0393349
0.0393349
0.0393349
0.0393349
0.0393349
0.0393349
0.0393349
0.0393349
0.0393349
0.0393349
0.0393349
0.0393349
0.0393349
0.0393349
0.0393349
0.0393349
0.0393349
0.0393349
0.0393349
0.0393349
0.0393349
0.0393349
0.0393349
0.0393349
0.0393349
0.0393349
0.0393349
0.0393349
0.0393349
0.0393349
0.0393349
0.0393349
0.0393349
0.0393349
0.0393349
0.0393349
0.0393349
0.0393349
0.0393349
0.0393349
0.0393349
0.0393349
0.0393349
0.0393349
0.0393349
0.0393349
0.0393349
0.0393349
0.0393349
0.0393349
0.0393349
0.0393349
0.0393349
0.0393349
0.0393349
0.0393349
0.0393349
0.0393349
0.0393349
0.0393349
0.0393349
0.0393349
0.0393349
0.0393349
0.0393349
0.0393349
0.0393349
0.0393349
0.0393349
0.0393349
0.0393349
0.0393349
0.0393349
0.0393349
0.0393349
0.0393349
0.0393349
0.0393349
0.0393349
0.0393349
0.0393349
0.0393349
0.0393349
0.0393349
0.0393349
0.0393349
0.0393349
0.0393349
0.0393349
0.0393349
0.0393349
0.0393349
0.0393349
0.0393349
0.0393349
0.0393349
0.0393349
0.0393349
0.0393349
0.0393349
0.0393349
0.0393349
0.0393349
0.0393349
0.0393349
0.0393349
0.0393349
0.0393349
0.0393349
0.0393349
0.0393349
0.0393349
0.0393349
0.0393349
0.0393349
0.0393349
0.0393349
0.0393349
0.0393349
0.0393349
0.0393349
0.0393349
0.0393349
0.0393349
0.0393349
0.0393349
0.0393349
0.0393349
0.0393349
0.0393349
0.0393349
0.0393349
0.0393349
0.0393349
0.0393349
0.0393349
0.0393349
0.0393349
0.0393349
0.0393349
0.0393349
0.0393349
0.0393349
0.0393349
0.0393349
0.0393349
0.0393349
0.0393349
0.0393349
0.0393349
0.0393349
0.0393349
0.0393349
0.0393349
0.0393349
0.0393349
0.0393349
0.0393349
0.0393349
0.0393349
0.0393349
0.0393349
0.0393349
0.0393349
0.0393349
0.0393349
0.0393349
0.0393349
0.0393349
0.0393349
0.0393349
0.0393349
0.0393349
0.0393349
0.0393349
0.0393349
0.0393349
0.0393349
0.0393349
0.0393349
0.0393349
0.0393349
0.0393349
0.0393349
0.0393349
0.0393349
0.0393349
0.0393349
0.0393349
0.0393349
0.0393349
0.0393349
0.0393349
0.0393349
0.0393349
0.0393349
0.0393349
0.0393349
0.0393349
0.0393349
0.0393349
0.0393349
0.0393349
0.0393349
0.0393349
0.0393349
0.0393349
0.0393349
0.0393349
0.0393349
0.0393349
0.0393349
0.0393349
0.0393349
0.0393349
0.0393349
0.0393349
0.0393349
0.0393349
0.0393349
0.0393349
0.0393349
0.0393349
0.0393349
0.0393349
0.0393349
0.0393349
0.0393349
0.0393349
0.0393349
0.0393349
0.0393349
0.0393349
0.0393349
0.0393349
0.0393349
0.0393349
0.0393349
0.0393349
0.0393349
0.0393349
0.0393349
0.0393349
0.0393349
0.0393349
0.0393349
0.0393349
0.0393349
0.0393349
0.0393349
0.0393349
0.0393349
0.0393349
0.0393349
0.0393349
0.0393349
0.0393349
0.0393349
0.0393349
0.0393349
0.0393349
0.0393349
0.0393349
0.0393349
0.0393349
0.0393349
0.0393349
0.0393349
0.0393349
0.0393349
0.0393349
0.0393349
0.0393349
0.0393349
0.0393349
0.0393349
0.0393349
0.0393349
0.0393349
0.0393349
0.0393349
0.0393349
0.0393349
0.0393349
0.0393349
0.0393349
0.0393349
0.0393349
0.0393349
0.0393349
0.0393349
0.0393349
0.0393349
0.0393349
0.0393349
0.0393349
0.0393349
0.0393349
0.0393349
0.0393349
0.0393349
0.0393349
0.0393349
0.0393349
0.0393349
0.0393349
0.0393349
0.0393349
0.0393349
0.0393349
0.0393349
0.0393349
0.0393349
0.0393349
0.0393349
0.0393349
0.0393349
0.0393349
0.0393349
0.0393349
0.0393349
0.0393349
0.0393349
0.0393349
0.0393349
0.0393349
0.0393349
0.0393349
0.0393349
0.0393349
0.0393349
0.0393349
0.0393349
0.0393349
0.0393349
0.0393349
0.0393349
0.0393349
0.0393349
0.0393349
0.0393349
0.0393349
0.0393349
0.0393349
0.0393349
0.0393349
0.0393349
0.0393349
0.0393349
0.0393349
0.0393349
0.0393349
0.0393349
0.0393349
0.0393349
0.0393349
0.0393349
0.0393349
0.0393349
0.0393349
0.0393349
0.0393349
0.0393349
0.0393349
0.0393349
0.0393349
0.0393349
0.0393349
0.0393349
0.0393349
0.0393349
0.0393349
0.0393349
0.0393349
0.0393349
0.0393349
0.0393349
0.0393349
0.0393349
0.0393349
0.0393349
0.0393349
0.0393349
0.0393349
0.0393349
0.0393349
0.0393349
0.0393349
0.0393349
0.0393349
0.0393349
0.0393349
0.0393349
0.0393349
0.0393349
0.0393349
0.0393349
0.0393349
0.0393349
0.0393349
0.0393349
0.0393349
0.0393349
0.0393349
0.0393349
0.0393349
0.0393349
0.0393349
0.0393349
0.0393349
0.0393349
0.0393349
0.0393349
0.0393349
0.0393349
0.0393349
0.0393349
0.0393349
0.0393349
0.0393349
0.0393349
0.0393349
0.0393349
0.0393349
0.0393349
0.0393349
0.0393349
0.0393349
0.0393349
0.0393349
0.0393349
0.0393349
0.0393349
0.0393349
0.0393349
0.0393349
0.0393349
0.0393349
0.0393349
0.0393349
0.0393349
0.0393349
0.0393349
0.0393349
0.0393349
0.0393349
0.0393349
0.0393349
0.0393349
0.0393349
0.0393349
0.0393349
0.0393349
0.0393349
0.0393349
0.0393349
0.0393349
0.0393349
0.0393349
0.0393349
0.0393349
0.0393349
0.0393349
0.0393349
0.0393349
0.0393349
0.0393349
0.0393349
0.0393349
0.0393349
0.0393349
0.0393349
0.0393349
0.0393349
0.0393349
0.0393349
0.0393349
0.0393349
0.0393349
0.0393349
0.0393349
0.0393349
0.0393349
0.0393349
0.0393349
0.0393349
0.0393349
0.0393349
0.0393349
0.0393349
0.0393349
0.0393349
0.0393349
0.0393349
0.0393349
0.0393349
0.0393349
0.0393349
0.0393349
0.0393349
0.0393349
0.0393349
0.0393349
0.0393349
0.0393349
0.0393349
0.0393349
0.0393349
0.0393349
0.0393349
0.0393349
0.0393349
0.0393349
0.0393349
0.0393349
0.0393349
0.0393349
0.0393349
0.0393349
0.0393349
0.0393349
0.0393349
0.0393349
0.0393349
0.0393349
0.0393349
0.0393349
0.0393349
0.0393349
0.0393349
0.0393349
0.0393349
0.0393349
0.0393349
0.0393349
0.0393349
0.0393349
0.0393349
0.0393349
0.0393349
0.0393349
0.0393349
0.0393349
0.0393349
