6.5409e+06
1.18786e+06
1.18786e+06
1.18786e+06
1.18786e+06
1.18786e+06
1.18786e+06
1.1152e+06
613997
613997
613997
613997
584383
584383
521447
199356
199356
165682
123118
123118
78536.6
54538.3
53644.6
53644.6
53644.6
39711.9
39711.9
26773.9
26773.9
16787.7
7436.13
6037.85
3872.72
3872.72
3872.72
3872.72
3872.72
3872.72
3872.72
3872.72
3872.72
3872.72
1404.46
1404.46
1404.46
1404.46
1166.67
1166.67
1166.67
1166.67
1166.67
1166.67
579.586
576.215
576.215
521.111
521.111
398.78
357.155
357.155
357.155
327.758
246.377
245.302
224.722
202.108
131.242
131.242
85.2133
66.784
65.5194
42.6506
42.6506
42.6506
42.6506
42.6506
42.0413
42.0413
42.0413
42.0413
40.7383
36.9814
31.3096
29.8305
25.4211
17.9862
17.9862
16.8528
16.6669
15.6587
14.7734
13.9448
13.9448
12.6436
12.6436
12.6436
12.17
12.1282
12.1282
11.9408
11.9408
11.9408
11.9378
11.8247
11.8247
11.8247
11.7116
11.697
11.697
11.697
11.5562
11.5369
11.4476
11.3917
11.3784
11.3533
11.1782
11.1129
10.9393
10.832
10.7588
10.6469
10.5697
10.5194
10.5108
10.4804
10.4394
10.4146
10.3886
10.3866
10.3754
10.35
10.3229
10.308
10.2892
10.2654
10.2203
10.2064
10.1829
10.1629
10.1313
10.1065
10.0721
10.0557
10.0326
9.98931
9.97738
9.95779
9.9348
9.92071
9.89297
9.88057
9.86107
9.84046
9.82394
9.80802
9.79074
9.76862
9.75062
9.73212
9.71814
9.69628
9.67702
9.65832
9.63906
9.61975
9.60295
9.58483
9.57059
9.54954
9.53127
9.51559
9.49051
9.47718
9.46286
9.44383
9.42948
9.41249
9.39824
9.38081
9.3615
9.3455
9.32568
9.30792
9.29111
9.27553
9.26032
9.24021
9.22451
9.20855
9.19059
9.1796
9.16449
9.14932
9.12897
9.11441
9.09915
9.08533
9.06769
9.04788
9.03064
9.01321
8.99421
8.97614
8.95978
8.94375
8.92358
8.90833
8.89334
8.87927
8.86118
8.85018
8.83481
8.81883
8.80709
8.79148
8.77683
8.75714
8.74622
8.7324
8.71614
8.70306
8.68749
8.67204
8.65917
8.6458
8.63122
8.6179
8.60372
8.58872
8.5763
8.56231
8.54802
8.535
8.52125
8.50897
8.49601
8.48143
8.46823
8.45409
8.43972
8.42612
8.41237
8.3988
8.38432
8.36948
8.35505
8.3392
8.33039
8.31559
8.30148
8.29118
8.28193
8.26663
8.25606
8.24329
8.22569
8.21602
8.20535
8.19211
8.17919
8.16544
8.15084
8.13542
8.12258
8.11067
8.09652
8.08152
8.06474
8.05024
8.03437
8.02271
8.00824
7.99052
7.9747
7.95635
7.93816
7.92417
7.90111
7.8805
7.86373
7.84915
7.82641
7.80787
7.77719
7.76352
7.74447
7.72403
7.7019
7.68543
7.66189
7.64475
7.62544
7.60725
7.58886
7.56702
7.54985
7.53596
7.51664
7.50356
7.48466
7.47381
7.45684
7.43994
7.4285
7.41384
7.40013
7.3848
7.37753
7.36177
7.35273
7.33845
7.3282
7.31859
7.30041
7.29218
7.28005
7.26955
7.25766
7.24663
7.23436
7.22715
7.2063
7.20112
7.18909
7.16379
7.15799
7.14332
7.12623
7.11781
7.10059
7.08609
7.06974
7.0551
7.04306
7.02635
7.01118
6.98763
6.96989
6.95476
6.94235
6.92007
6.9019
6.8805
6.86346
6.84401
6.82147
6.78869
6.7676
6.74911
6.73335
6.71486
6.68626
6.67118
6.64964
6.62075
6.60041
6.57818
6.5507
6.5203
6.50548
6.4736
6.45854
6.43402
6.4043
6.37989
6.36091
6.33145
6.30359
6.2828
6.2493
6.22243
6.19862
6.1684
6.15291
6.12281
6.10467
6.07587
6.04784
6.02505
5.99906
5.97049
5.94192
5.912
5.88474
5.87483
5.84711
5.82284
5.80158
5.7731
5.74339
5.73175
5.71086
5.69169
5.67022
5.65788
5.63812
5.6174
5.60193
5.5788
5.56407
5.54001
5.52092
5.49979
5.47705
5.44765
5.4318
5.41127
5.39097
5.3644
5.34542
5.3185
5.29474
5.27875
5.25967
5.23774
5.22103
5.19327
5.17293
5.15469
5.14288
5.12687
5.10221
5.08716
5.06752
5.04885
5.02748
5.00799
4.98791
4.97982
4.96169
4.93955
4.9276
4.90629
4.89315
4.87579
4.85539
4.8377
4.82398
4.80784
4.79075
4.77612
4.75912
4.7418
4.72576
4.70108
4.68499
4.67184
4.65028
4.63232
4.61514
4.5973
4.58086
4.56154
4.54958
4.53145
4.49673
4.4965
4.47295
4.4547
4.43459
4.41587
4.39073
4.36774
4.34991
4.3299
4.30183
4.28657
4.266
4.24579
4.2309
4.21298
4.19427
4.17484
4.15282
4.13677
4.11735
4.09953
4.07691
4.0471
4.03677
4.01445
3.9969
3.9787
3.95484
3.93726
3.90819
3.89358
3.87467
3.84332
3.83083
3.80726
3.79196
3.77406
3.75932
3.73796
3.71844
3.70126
3.68354
3.66349
3.64704
3.62374
3.60664
3.59141
3.57526
3.55375
3.54379
3.52706
3.5087
3.49099
3.47411
3.45781
3.4392
3.42545
3.40915
3.39527
3.37751
3.35121
3.33557
3.31963
3.30713
3.28615
3.27171
3.25265
3.23761
3.21752
3.1979
3.1787
3.15775
3.14088
3.12666
3.10452
3.08675
3.07296
3.05712
3.04163
3.02738
3.01274
2.9942
2.98183
2.9635
2.94896
2.93297
2.91704
2.89633
2.88033
2.86253
2.83887
2.82046
2.80226
2.78267
2.765
2.74398
2.72306
2.69532
2.67914
2.65539
2.62551
2.60948
2.58803
2.55762
2.53462
2.52284
2.49895
2.4776
2.4554
2.42932
2.41284
2.38378
2.36478
2.33993
2.32279
2.29444
2.27462
2.23602
2.21954
2.19322
2.16707
2.13733
2.11657
2.08852
2.06388
2.04283
2.01993
2.00325
1.98421
1.96098
1.94375
1.92702
1.91119
1.89309
1.87493
1.8583
1.84095
1.81492
1.80177
1.78423
1.76759
1.74661
1.73236
1.71911
1.70196
1.69057
1.6754
1.66441
1.65116
1.64053
1.62804
1.61824
1.60808
1.59997
1.59215
1.58262
1.57419
1.56743
1.56087
1.55001
1.53944
1.53137
1.51977
1.51014
1.49798
1.48904
1.47546
1.46803
1.45808
1.44905
1.44179
1.43119
1.42153
1.41453
1.40236
1.39588
1.38841
1.37899
1.36986
1.36218
1.35652
1.35012
1.34372
1.33456
1.32704
1.31827
1.3071
1.29727
1.28931
1.27849
1.27069
1.26047
1.25313
1.24355
1.2358
1.22723
1.22044
1.20977
1.20136
1.19245
1.18504
1.17669
1.16968
1.16088
1.15373
1.14481
1.13702
1.12874
1.12013
1.11256
1.10378
1.09547
1.08817
1.07942
1.07139
1.06268
1.05439
1.04359
1.03529
1.02394
1.01311
1.00264
0.995074
0.984239
0.972889
0.959872
0.946486
0.936545
0.923856
0.913908
0.904023
0.893263
0.883629
0.872454
0.862374
0.852599
0.841153
0.831092
0.82086
0.812412
0.802349
0.794429
0.785453
0.777553
0.768399
0.760841
0.754044
0.746669
0.738263
0.731328
0.722724
0.715177
0.707861
0.698166
0.691147
0.684358
0.676294
0.667711
0.656587
0.649098
0.640717
0.634873
0.625825
0.616741
0.608923
0.599848
0.592694
0.579486
0.575294
0.566064
0.557608
0.54912
0.540179
0.531837
0.525022
0.517746
0.510811
0.505896
0.498523
0.49203
0.48747
0.480566
0.475574
0.469761
0.465279
0.460024
0.45626
0.45065
0.446038
0.439222
0.434149
0.429565
0.422547
0.419664
0.414897
0.410799
0.405344
0.400039
0.393879
0.390542
0.383948
0.379964
0.374879
0.368567
0.365058
0.358571
0.353735
0.34811
0.343253
0.337885
0.333644
0.328707
0.32266
0.319214
0.315324
0.310148
0.306332
0.301869
0.297605
0.294528
0.290273
0.287478
0.284491
0.280698
0.277009
0.270983
0.269871
0.265916
0.26226
0.25964
0.257097
0.253893
0.250486
0.247777
0.243517
0.240681
0.23795
0.235584
0.232846
0.229936
0.227894
0.22592
0.223153
0.221244
0.219175
0.217207
0.215073
0.212777
0.209354
0.207614
0.205686
0.203019
0.200071
0.198377
0.194752
0.192923
0.190856
0.189061
0.186352
0.184489
0.182521
0.180621
0.179057
0.177126
0.175564
0.173823
0.171673
0.170039
0.168854
0.167065
0.165758
0.164525
0.162832
0.161145
0.159763
0.157877
0.157236
0.155572
0.154761
0.153449
0.152486
0.151181
0.149635
0.148429
0.147327
0.146026
0.145029
0.144016
0.142982
0.142394
0.141486
0.140703
0.139633
0.138786
0.137995
0.137224
0.136525
0.135602
0.134844
0.134447
0.133823
0.133227
0.132613
0.131796
0.131149
0.130827
0.130226
0.129757
0.129239
0.128679
0.128213
0.127703
0.127163
0.126591
0.126103
0.125497
0.125024
0.124073
0.123574
0.123152
0.12257
0.121866
0.121332
0.120639
0.120049
0.119609
0.118999
0.118336
0.117749
0.117146
0.116584
0.115837
0.115311
0.114779
0.114222
0.11352
0.113144
0.112524
0.111897
0.111159
0.110509
0.10992
0.109236
0.108891
0.108107
0.107656
0.106877
0.106268
0.105758
0.105184
0.104703
0.104152
0.103656
0.103138
0.102504
0.10195
0.101418
0.100826
0.100077
0.0996453
0.099265
0.0985831
0.0980699
0.0973748
0.0969245
0.0964044
0.0959149
0.0953754
0.0945722
0.0942179
0.0935744
0.0930175
0.0923433
0.0918174
0.0911956
0.0906901
0.0900856
0.0895888
0.0891038
0.0885571
0.0880254
0.0876735
0.0871417
0.086599
0.086102
0.0856839
0.0852246
0.0848352
0.0843104
0.0839211
0.0834538
0.0828981
0.0825045
0.0820546
0.0816607
0.081197
0.0807491
0.0803129
0.079849
0.0792601
0.0788989
0.0785
0.0780067
0.0776244
0.0771726
0.076796
0.0764028
0.0759463
0.0755801
0.0751741
0.0748628
0.074485
0.0740504
0.0736855
0.073288
0.0729475
0.0726248
0.0721806
0.0718519
0.071507
0.0711258
0.070847
0.0705386
0.0702479
0.0699367
0.0696637
0.0693873
0.0690322
0.0687973
0.0685107
0.0681934
0.067936
0.0676436
0.0674131
0.0671483
0.066876
0.0666763
0.0664155
0.0661229
0.0658735
0.0655955
0.0652883
0.0649533
0.0647334
0.0644535
0.0642061
0.0638993
0.0636532
0.0634306
0.0631961
0.0629908
0.0629908
0.0629908
0.0629908
0.0629908
0.0629908
0.0629908
0.0629908
0.0629908
0.0629908
0.0629908
0.0629908
0.0629908
0.0629908
0.0629908
0.0629908
0.0629908
0.0629908
0.0629908
0.0629908
0.0629908
0.0629908
0.0629908
0.0629908
0.0629908
0.0629908
0.0629908
0.0629908
0.0629908
0.0629908
0.0629908
0.0629908
0.0629908
0.0629908
0.0629908
0.0629908
0.0629908
0.0629908
0.0629908
0.0629908
0.0629908
0.0629908
0.0629908
0.0629908
0.0629908
0.0629908
0.0629908
0.0629908
0.0629908
0.0629908
0.0629908
0.0629908
0.0629908
0.0629908
0.0629908
0.0629908
0.0629908
0.0629908
0.0629908
0.0629908
0.0629908
0.0629908
0.0629908
0.0629908
0.0629908
0.0629908
0.0629908
0.0629908
0.0629908
0.0629908
0.0629908
0.0629908
0.0629908
0.0629908
0.0629908
0.0629908
0.0629908
0.0629908
0.0629908
0.0629908
0.0629908
0.0629908
0.0629908
0.0629908
0.0629908
0.0629908
0.0629908
0.0629908
0.0629908
0.0629908
0.0629908
0.0629908
0.0629908
0.0629908
0.0629908
0.0629908
0.0629908
0.0629908
0.0629908
0.0629908
0.0629908
0.0629908
0.0629908
0.0629908
0.0629908
0.0629908
0.0629908
0.0629908
0.0629908
0.0629908
0.0629908
0.0629908
0.0629908
0.0629908
0.0629908
0.0629908
0.0629908
0.0629908
0.0629908
0.0629908
0.0629908
0.0629908
0.0629908
0.0629908
0.0629908
0.0629908
0.0629908
0.0629908
0.0629908
0.0629908
0.0629908
0.0629908
0.0629908
0.0629908
0.0629908
0.0629908
0.0629908
0.0629908
0.0629908
0.0629908
0.0629908
0.0629908
0.0629908
0.0629908
0.0629908
0.0629908
0.0629908
0.0629908
0.0629908
0.0629908
0.0629908
0.0629908
0.0629908
0.0629908
0.0629908
0.0629908
0.0629908
0.0629908
0.0629908
0.0629908
0.0629908
0.0629908
0.0629908
0.0629908
0.0629908
0.0629908
0.0629908
0.0629908
0.0629908
0.0629908
0.0629908
0.0629908
0.0629908
0.0629908
0.0629908
0.0629908
0.0629908
0.0629908
0.0629908
0.0629908
0.0629908
0.0629908
0.0629908
0.0629908
0.0629908
0.0629908
0.0629908
0.0629908
0.0629908
0.0629908
0.0629908
0.0629908
0.0629908
0.0629908
0.0629908
0.0629908
0.0629908
0.0629908
0.0629908
0.0629908
0.0629908
0.0629908
0.0629908
0.0629908
0.0629908
0.0629908
0.0629908
0.0629908
0.0629908
0.0629908
0.0629908
0.0629908
0.0629908
0.0629908
0.0629908
0.0629908
0.0629908
0.0629908
0.0629908
0.0629908
0.0629908
0.0629908
0.0629908
0.0629908
0.0629908
0.0629908
0.0629908
0.0629908
0.0629908
0.0629908
0.0629908
0.0629908
0.0629908
0.0629908
0.0629908
0.0629908
0.0629908
0.0629908
0.0629908
0.0629908
0.0629908
0.0629908
0.0629908
0.0629908
0.0629908
0.0629908
0.0629908
0.0629908
0.0629908
0.0629908
0.0629908
0.0629908
0.0629908
0.0629908
0.0629908
0.0629908
0.0629908
0.0629908
0.0629908
0.0629908
0.0629908
0.0629908
0.0629908
0.0629908
0.0629908
0.0629908
0.0629908
0.0629908
0.0629908
0.0629908
0.0629908
0.0629908
0.0629908
0.0629908
0.0629908
0.0629908
0.0629908
0.0629908
0.0629908
0.0629908
0.0629908
0.0629908
0.0629908
0.0629908
0.0629908
0.0629908
0.0629908
0.0629908
0.0629908
0.0629908
0.0629908
0.0629908
0.0629908
0.0629908
0.0629908
0.0629908
0.0629908
0.0629908
0.0629908
0.0629908
0.0629908
0.0629908
0.0629908
0.0629908
0.0629908
0.0629908
0.0629908
0.0629908
0.0629908
0.0629908
0.0629908
0.0629908
0.0629908
0.0629908
0.0629908
0.0629908
0.0629908
0.0629908
0.0629908
0.0629908
0.0629908
0.0629908
0.0629908
0.0629908
0.0629908
0.0629908
0.0629908
0.0629908
0.0629908
0.0629908
0.0629908
0.0629908
0.0629908
0.0629908
0.0629908
0.0629908
0.0629908
0.0629908
0.0629908
0.0629908
0.0629908
0.0629908
0.0629908
0.0629908
0.0629908
0.0629908
0.0629908
0.0629908
0.0629908
0.0629908
0.0629908
0.0629908
0.0629908
0.0629908
0.0629908
0.0629908
0.0629908
0.0629908
0.0629908
0.0629908
0.0629908
0.0629908
0.0629908
0.0629908
0.0629908
0.0629908
0.0629908
0.0629908
0.0629908
0.0629908
0.0629908
0.0629908
0.0629908
0.0629908
0.0629908
0.0629908
0.0629908
0.0629908
0.0629908
0.0629908
0.0629908
0.0629908
0.0629908
0.0629908
0.0629908
0.0629908
0.0629908
0.0629908
0.0629908
0.0629908
0.0629908
0.0629908
0.0629908
0.0629908
0.0629908
0.0629908
0.0629908
0.0629908
0.0629908
0.0629908
0.0629908
0.0629908
0.0629908
0.0629908
0.0629908
0.0629908
0.0629908
0.0629908
0.0629908
0.0629908
0.0629908
0.0629908
0.0629908
0.0629908
0.0629908
0.0629908
0.0629908
0.0629908
0.0629908
0.0629908
0.0629908
0.0629908
0.0629908
0.0629908
0.0629908
0.0629908
0.0629908
0.0629908
0.0629908
0.0629908
0.0629908
0.0629908
0.0629908
0.0629908
0.0629908
0.0629908
0.0629908
0.0629908
0.0629908
0.0629908
0.0629908
0.0629908
0.0629908
0.0629908
0.0629908
0.0629908
0.0629908
0.0629908
0.0629908
0.0629908
0.0629908
0.0629908
0.0629908
0.0629908
0.0629908
0.0629908
0.0629908
0.0629908
0.0629908
0.0629908
0.0629908
0.0629908
0.0629908
0.0629908
0.0629908
0.0629908
0.0629908
0.0629908
0.0629908
0.0629908
0.0629908
0.0629908
0.0629908
0.0629908
0.0629908
0.0629908
0.0629908
0.0629908
0.0629908
0.0629908
0.0629908
0.0629908
0.0629908
0.0629908
0.0629908
0.0629908
0.0629908
0.0629908
0.0629908
0.0629908
0.0629908
0.0629908
0.0629908
0.0629908
0.0629908
0.0629908
0.0629908
0.0629908
0.0629908
0.0629908
0.0629908
0.0629908
0.0629908
0.0629908
0.0629908
0.0629908
0.0629908
0.0629908
0.0629908
0.0629908
0.0629908
0.0629908
0.0629908
0.0629908
0.0629908
0.0629908
0.0629908
0.0629908
0.0629908
0.0629908
0.0629908
0.0629908
0.0629908
0.0629908
0.0629908
0.0629908
0.0629908
0.0629908
0.0629908
0.0629908
0.0629908
0.0629908
0.0629908
0.0629908
0.0629908
0.0629908
0.0629908
0.0629908
0.0629908
0.0629908
0.0629908
0.0629908
0.0629908
0.0629908
0.0629908
0.0629908
0.0629908
0.0629908
0.0629908
0.0629908
0.0629908
0.0629908
0.0629908
0.0629908
0.0629908
0.0629908
0.0629908
0.0629908
0.0629908
0.0629908
0.0629908
0.0629908
0.0629908
0.0629908
0.0629908
0.0629908
0.0629908
0.0629908
0.0629908
0.0629908
0.0629908
0.0629908
0.0629908
0.0629908
0.0629908
0.0629908
0.0629908
0.0629908
0.0629908
0.0629908
0.0629908
0.0629908
0.0629908
0.0629908
0.0629908
0.0629908
0.0629908
0.0629908
0.0629908
0.0629908
0.0629908
0.0629908
0.0629908
0.0629908
0.0629908
0.0629908
0.0629908
0.0629908
0.0629908
0.0629908
0.0629908
0.0629908
0.0629908
0.0629908
0.0629908
0.0629908
0.0629908
0.0629908
0.0629908
0.0629908
0.0629908
0.0629908
0.0629908
0.0629908
0.0629908
0.0629908
0.0629908
0.0629908
0.0629908
0.0629908
0.0629908
0.0629908
0.0629908
0.0629908
0.0629908
0.0629908
0.0629908
0.0629908
0.0629908
0.0629908
0.0629908
0.0629908
0.0629908
0.0629908
0.0629908
0.0629908
0.0629908
0.0629908
0.0629908
0.0629908
0.0629908
0.0629908
0.0629908
0.0629908
0.0629908
0.0629908
0.0629908
0.0629908
0.0629908
0.0629908
0.0629908
0.0629908
0.0629908
0.0629908
0.0629908
0.0629908
0.0629908
0.0629908
0.0629908
0.0629908
0.0629908
0.0629908
0.0629908
0.0629908
0.0629908
0.0629908
0.0629908
0.0629908
0.0629908
0.0629908
0.0629908
0.0629908
0.0629908
0.0629908
0.0629908
0.0629908
0.0629908
0.0629908
0.0629908
0.0629908
0.0629908
0.0629908
0.0629908
0.0629908
0.0629908
0.0629908
0.0629908
0.0629908
0.0629908
0.0629908
0.0629908
0.0629908
0.0629908
0.0629908
0.0629908
0.0629908
0.0629908
0.0629908
0.0629908
0.0629908
0.0629908
0.0629908
0.0629908
0.0629908
0.0629908
0.0629908
0.0629908
0.0629908
0.0629908
0.0629908
0.0629908
0.0629908
0.0629908
0.0629908
0.0629908
0.0629908
0.0629908
0.0629908
0.0629908
0.0629908
0.0629908
0.0629908
0.0629908
0.0629908
0.0629908
0.0629908
0.0629908
0.0629908
0.0629908
0.0629908
0.0629908
0.0629908
0.0629908
0.0629908
0.0629908
0.0629908
0.0629908
0.0629908
0.0629908
0.0629908
0.0629908
0.0629908
0.0629908
0.0629908
0.0629908
0.0629908
0.0629908
0.0629908
0.0629908
0.0629908
0.0629908
0.0629908
0.0629908
0.0629908
0.0629908
0.0629908
0.0629908
0.0629908
0.0629908
0.0629908
0.0629908
0.0629908
0.0629908
0.0629908
0.0629908
0.0629908
0.0629908
0.0629908
0.0629908
0.0629908
0.0629908
0.0629908
0.0629908
0.0629908
0.0629908
0.0629908
0.0629908
0.0629908
0.0629908
0.0629908
0.0629908
0.0629908
0.0629908
0.0629908
0.0629908
0.0629908
0.0629908
0.0629908
0.0629908
0.0629908
0.0629908
0.0629908
0.0629908
0.0629908
0.0629908
0.0629908
0.0629908
0.0629908
0.0629908
0.0629908
0.0629908
0.0629908
0.0629908
0.0629908
0.0629908
0.0629908
0.0629908
0.0629908
0.0629908
0.0629908
0.0629908
0.0629908
0.0629908
0.0629908
0.0629908
0.0629908
0.0629908
0.0629908
0.0629908
0.0629908
0.0629908
0.0629908
0.0629908
0.0629908
0.0629908
0.0629908
0.0629908
0.0629908
0.0629908
0.0629908
0.0629908
0.0629908
0.0629908
0.0629908
0.0629908
0.0629908
0.0629908
0.0629908
0.0629908
0.0629908
0.0629908
0.0629908
0.0629908
0.0629908
0.0629908
0.0629908
0.0629908
0.0629908
0.0629908
0.0629908
0.0629908
0.0629908
0.0629908
0.0629908
0.0629908
0.0629908
0.0629908
0.0629908
0.0629908
0.0629908
0.0629908
0.0629908
0.0629908
0.0629908
0.0629908
0.0629908
0.0629908
0.0629908
0.0629908
0.0629908
0.0629908
0.0629908
0.0629908
0.0629908
0.0629908
0.0629908
0.0629908
0.0629908
0.0629908
0.0629908
0.0629908
0.0629908
0.0629908
0.0629908
0.0629908
0.0629908
0.0629908
0.0629908
0.0629908
0.0629908
0.0629908
0.0629908
0.0629908
0.0629908
0.0629908
0.0629908
0.0629908
0.0629908
0.0629908
0.0629908
0.0627878
0.0618807
0.0613158
0.0606037
0.0598282
0.0590907
0.0584551
0.0577622
0.0569155
0.056443
0.0554683
0.0549688
0.0541933
0.0536068
0.0531386
0.0526131
0.051987
0.0515246
0.0509124
0.0502904
0.0499432
0.0494166
0.0488528
0.048278
0.0477137
0.0473903
0.0468283
0.046333
0.0458673
0.0453748
0.0448875
0.0444596
0.0440215
0.0434721
0.0430594
0.042593
0.0422226
0.0418702
0.0414628
0.0410966
0.040754
0.0404256
0.040012
0.0397178
0.0393877
0.0390805
0.0387531
0.0384888
0.0381303
0.0377757
0.0374566
0.0371632
0.0368775
0.0366309
0.0363153
0.0361009
0.035827
0.0354908
0.035243
0.0349784
0.0347287
0.0345092
0.0342807
0.0339777
0.0338035
0.0335452
0.0332319
0.0330984
0.0328504
0.0326147
0.0323172
0.0321381
0.0319403
0.031693
0.0314789
0.031278
0.0311349
0.0309182
0.0307161
0.0305103
0.0305103
0.0305103
0.0305103
0.0305103
0.0305103
0.0305103
0.0305103
0.0305103
0.0305103
0.0305103
0.0305103
0.0305103
0.0305103
0.0305103
0.0305103
0.0305103
0.0305103
0.0305103
0.0305103
0.0305103
0.0305103
0.0305103
0.0305103
0.0305103
0.0305103
0.0305103
0.0305103
0.0305103
0.0305103
0.0305103
0.0305103
0.0305103
0.0305103
0.0305103
0.0305103
0.0305103
0.0305103
0.0305103
0.0305103
0.0305103
0.0305103
0.0305103
0.0305103
0.0305103
0.0305103
0.0305103
0.0305103
0.0305103
0.0305103
0.0305103
0.0305103
0.0305103
0.0305103
0.0305103
0.0305103
0.0305103
0.0305103
0.0305103
0.0305103
0.0305103
0.0305103
0.0305103
0.0305103
0.0305103
0.0305103
0.0305103
0.0305103
0.0305103
0.0305103
0.0305103
0.0305103
0.0305103
0.0305103
0.0305103
0.0305103
0.0305103
0.0305103
0.0305103
0.0305103
0.0305103
0.0305103
0.0305103
0.0305103
0.0305103
0.0305103
0.0305103
0.0305103
0.0305103
0.0305103
0.0305103
0.0305103
0.0305103
0.0305103
0.0305103
0.0305103
0.0305103
0.0305103
0.0305103
0.0305103
0.0305103
0.0305103
0.0305103
0.0305103
0.0305103
0.0305103
0.0305103
0.0305103
0.0305103
0.0305103
0.0305103
0.0305103
0.0305103
0.0305103
0.0305103
0.0305103
0.0305103
0.0305103
0.0305103
0.0305103
0.0305103
0.0305103
0.0305103
0.0305103
0.0305103
0.0305103
0.0305103
0.0305103
0.0305103
0.0305103
0.0305103
0.0305103
0.0305103
0.0305103
0.0305103
0.0305103
0.0305103
0.0305103
0.0305103
0.0305103
0.0305103
0.0305103
0.0305103
0.0305103
0.0305103
0.0305103
0.0305103
0.0305103
0.0305103
0.0305103
0.0305103
0.0305103
0.0305103
0.0305103
0.0305103
0.0305103
0.0305103
0.0305103
0.0305103
0.0305103
0.0305103
0.0305103
0.0305103
0.0305103
0.0305103
0.0305103
0.0305103
0.0305103
0.0305103
0.0305103
0.0305103
0.0305103
0.0305103
0.0305103
0.0305103
0.0305103
0.0305103
0.0305103
0.0305103
0.0305103
0.0305103
0.0305103
0.0305103
0.0305103
0.0305103
0.0305103
0.0305103
0.0305103
0.0305103
0.0305103
0.0305103
0.0305103
0.0305103
0.0305103
0.0305103
0.0305103
0.0305103
0.0305103
0.0305103
0.0305103
0.0305103
0.0305103
0.0305103
0.0305103
0.0305103
0.0305103
0.0305103
0.0305103
0.0305103
0.0305103
0.0305103
0.0305103
0.0305103
0.0305103
0.0305103
0.0305103
0.0305103
0.0305103
0.0305103
0.0305103
0.0305103
0.0305103
0.0305103
0.0305103
0.0305103
0.0305103
0.0305103
0.0305103
0.0305103
0.0305103
0.0305103
0.0305103
0.0305103
0.0305103
0.0305103
0.0305103
0.0305103
0.0305103
0.0305103
0.0305103
0.0305103
0.0305103
0.0305103
0.0305103
0.0305103
0.0305103
0.0305103
0.0305103
0.0305103
0.0305103
0.0305103
0.0305103
0.0305103
0.0305103
0.0305103
0.0305103
0.0305103
0.0305103
0.0305103
0.0305103
0.0305103
0.0305103
0.0305103
0.0305103
0.0305103
0.0305103
0.0305103
0.0305103
0.0305103
0.0305103
0.0305103
0.0305103
0.0305103
0.0305103
0.0305103
0.0305103
0.0305103
0.0305103
0.0305103
0.0305103
0.0305103
0.0305103
0.0305103
0.0305103
0.0305103
0.0305103
0.0305103
0.0305103
0.0305103
0.0305103
0.0305103
0.0305103
0.0305103
0.0305103
0.0305103
0.0305103
0.0305103
0.0305103
0.0305103
0.0305103
0.0305103
0.0305103
0.0305103
0.0305103
0.0305103
0.0305103
0.0305103
0.0305103
0.0305103
0.0305103
0.0305103
0.0305103
0.0305103
0.0305103
0.0305103
0.0305103
0.0305103
0.0305103
0.0305103
0.0305103
0.0305103
0.0305103
0.0305103
0.0305103
0.0305103
0.0305103
0.0305103
0.0305103
0.0305103
0.0305103
0.0305103
0.0305103
0.0305103
0.0305103
0.0305103
0.0305103
0.0305103
0.0305103
0.0305103
0.0305103
0.0305103
0.0305103
0.0305103
0.0305103
0.0305103
0.0305103
0.0305103
0.0305103
0.0305103
0.0305103
0.0305103
0.0305103
0.0305103
0.0305103
0.0305103
0.0305103
0.0305103
0.0305103
0.0305103
0.0305103
0.0305103
0.0305103
0.0305103
0.0305103
0.0305103
0.0305103
0.0305103
0.0305103
0.0305103
0.0305103
0.0305103
0.0305103
0.0305103
0.0305103
0.0305103
0.0305103
0.0305103
0.0305103
0.0305103
0.0305103
0.0305103
0.0305103
0.0305103
0.0305103
0.0305103
0.0305103
0.0305103
0.0305103
0.0305103
0.0305103
0.0305103
0.0305103
0.0305103
0.0305103
0.0305103
0.0305103
0.0305103
0.0305103
0.0305103
0.0305103
0.0305103
0.0305103
0.0305103
0.0305103
0.0305103
0.0305103
0.0305103
0.0305103
0.0305103
0.0305103
0.0305103
0.0305103
0.0305103
0.0305103
0.0305103
0.0305103
0.0305103
0.0305103
0.0305103
0.0305103
0.0305103
0.0305103
0.0305103
0.0305103
0.0305103
0.0305103
0.0305103
0.0305103
0.0305103
0.0305103
0.0305103
0.0305103
0.0305103
0.0305103
0.0305103
0.0305103
0.0305103
0.0305103
0.0305103
0.0305103
0.0305103
0.0305103
0.0305103
0.0305103
0.0305103
0.0305103
0.0305103
0.0305103
0.0305103
0.0305103
0.0305103
0.0305103
0.0305103
0.0305103
0.0305103
0.0305103
0.0305103
0.0305103
0.0305103
0.0305103
0.0305103
0.0305103
0.0305103
0.0305103
0.0305103
0.0305103
0.0305103
0.0305103
0.0305103
0.0305103
0.0305103
0.0305103
0.0305103
0.0305103
0.0305103
0.0305103
0.0305103
0.0305103
0.0305103
0.0305103
0.0305103
0.0305103
0.0305103
0.0305103
0.0305103
0.0305103
0.0305103
0.0305103
0.0305103
0.0305103
0.0305103
0.0305103
0.0305103
0.0305103
0.0305103
0.0305103
0.0305103
0.0305103
0.0305103
0.0305103
0.0305103
0.0305103
0.0305103
0.0305103
0.0305103
0.0305103
0.0305103
0.0305103
0.0305103
0.0305103
0.0305103
0.0305103
0.0305103
0.0305103
0.0305103
0.0305103
0.0305103
0.0305103
0.0305103
0.0305103
0.0305103
0.0305103
0.0305103
0.0305103
0.0305103
0.0305103
0.0305103
0.0305103
0.0305103
0.0305103
0.0305103
0.0305103
0.0305103
0.0305103
0.0305103
0.0305103
0.0305103
0.0305103
0.0305103
0.0305103
0.0305103
0.0305103
0.0305103
0.0305103
0.0305103
0.0305103
0.0305103
0.0305103
0.0305103
0.0305103
0.0305103
0.0305103
0.0305103
0.0305103
0.0305103
0.0305103
0.0305103
0.0305103
0.0305103
0.0305103
0.0305103
0.0305103
0.0305103
0.0305103
0.0305103
