3.03196e+06
2.53587e+06
2.53587e+06
2.53587e+06
1.63563e+06
1.63563e+06
1.00925e+06
1.00925e+06
915992
915992
915992
849833
609199
609199
343427
208218
81880.5
81880.5
81880.5
81880.5
81880.5
81880.5
81880.5
81880.5
81880.5
81880.5
46013.2
27894.7
26474.1
26474.1
26474.1
8060.44
8060.44
8060.44
8060.44
4588.59
4588.59
4588.59
4588.59
4588.59
4588.59
4588.59
4588.59
4588.59
4588.59
4588.59
4588.59
4588.59
4588.59
3096.26
3013.38
3013.38
2843.5
2269.96
1320.31
1320.31
1302.35
1238.31
574.408
574.408
574.408
574.408
574.408
461.333
440.692
440.692
440.692
389.505
389.505
262.984
262.984
262.984
262.984
262.984
200.484
192.34
192.34
184.446
180.434
134.339
103.977
81.2288
62.6338
56.8637
39.35
39.35
39.35
39.35
39.35
39.35
33.8748
25.2573
21.0989
21.0989
17.9227
17.9227
17.9227
17.9227
17.9227
17.9227
17.9227
17.9227
17.7856
17.7856
15.4143
15.4143
15.4143
14.5404
14.2424
14.1879
14.0415
14.0415
14.0415
14.0415
14.0415
13.9844
13.9844
13.9844
13.9844
13.7855
13.7544
13.7544
13.7544
13.6945
13.6945
13.6629
13.6629
13.6021
13.5933
13.5131
13.5131
13.4928
13.4722
13.4068
13.4068
13.3692
13.3435
13.3272
13.3161
13.2996
13.2714
13.2566
13.2348
13.208
13.207
13.1765
13.172
13.1534
13.139
13.1118
13.0918
13.0781
13.0581
13.0308
13.012
12.9949
12.9772
12.9574
12.9442
12.929
12.9132
12.8977
12.8819
12.8664
12.8524
12.8322
12.822
12.8066
12.792
12.7842
12.7734
12.762
12.7496
12.737
12.7259
12.7172
12.7038
12.6915
12.6812
12.6685
12.6557
12.6438
12.6348
12.6259
12.6153
12.6063
12.5923
12.5824
12.5727
12.562
12.5527
12.5429
12.5312
12.5197
12.5079
12.4984
12.4874
12.477
12.4628
12.4561
12.4445
12.4353
12.4219
12.4084
12.3986
12.3869
12.3751
12.364
12.3504
12.3383
12.3267
12.3127
12.3007
12.2876
12.2728
12.2566
12.2456
12.2298
12.212
12.1986
12.1798
12.165
12.152
12.133
12.12
12.1084
12.0938
12.0769
12.0668
12.0533
12.037
12.0232
12.0113
11.9988
11.9871
11.9744
11.9641
11.9521
11.9427
11.9316
11.9206
11.9117
11.8934
11.8867
11.8706
11.8627
11.8531
11.8398
11.829
11.8147
11.8043
11.7929
11.7789
11.7641
11.7525
11.739
11.7275
11.7121
11.6992
11.6852
11.6687
11.6558
11.6438
11.6276
11.6176
11.6051
11.59
11.5736
11.5584
11.547
11.529
11.5208
11.5047
11.4886
11.477
11.4581
11.4455
11.4224
11.408
11.3924
11.3772
11.3602
11.343
11.3203
11.3058
11.2829
11.2669
11.2533
11.235
11.2061
11.1965
11.1782
11.1557
11.137
11.1179
11.1001
11.0739
11.0558
11.0343
11.012
10.9822
10.9605
10.9415
10.9162
10.893
10.8686
10.8414
10.8094
10.7934
10.7576
10.7315
10.7079
10.6766
10.6514
10.6143
10.585
10.5537
10.5221
10.4811
10.4479
10.4117
10.3761
10.3431
10.3108
10.2832
10.2524
10.2209
10.1942
10.1628
10.1381
10.1074
10.0804
10.0456
10.0262
10.0017
9.97915
9.95107
9.9209
9.90896
9.88075
9.8533
9.83095
9.79839
9.77675
9.75547
9.72271
9.70595
9.68125
9.65537
9.6249
9.60599
9.57473
9.55892
9.53012
9.50345
9.47992
9.45837
9.43262
9.41104
9.38673
9.37007
9.35024
9.32853
9.30869
9.28707
9.26358
9.24913
9.23556
9.21629
9.20101
9.18269
9.16793
9.14917
9.13444
9.11607
9.10013
9.08428
9.05867
9.04276
9.02564
9.00648
8.99097
8.97584
8.95859
8.94085
8.92427
8.90637
8.88712
8.86952
8.85152
8.83017
8.80566
8.78609
8.76354
8.74172
8.71626
8.69361
8.6725
8.63379
8.61765
8.59353
8.56859
8.54891
8.53045
8.50071
8.48331
8.45745
8.43026
8.40843
8.38792
8.36041
8.33871
8.31372
8.29991
8.27905
8.25391
8.22965
8.2122
8.18013
8.16262
8.1324
8.10637
8.05866
8.03624
8.00782
7.97685
7.9525
7.92047
7.88924
7.85957
7.84099
7.80163
7.78167
7.75237
7.72613
7.69735
7.66807
7.63841
7.61382
7.58935
7.56025
7.52533
7.50463
7.46491
7.44232
7.42601
7.39554
7.36762
7.34666
7.31732
7.29337
7.26544
7.25189
7.22709
7.21151
7.19659
7.17988
7.16498
7.15398
7.14094
7.12578
7.11191
7.09559
7.08514
7.06887
7.05907
7.04573
7.03258
7.02242
7.01102
6.99671
6.98764
6.97363
6.96287
6.95427
6.94505
6.93703
6.92601
6.9177
6.90648
6.89828
6.88851
6.87968
6.86919
6.86052
6.84774
6.83664
6.82522
6.81469
6.79886
6.79204
6.78288
6.76929
6.75457
6.73357
6.72952
6.71644
6.70515
6.69164
6.68084
6.6727
6.65984
6.64795
6.63512
6.6184
6.60816
6.59307
6.58084
6.56103
6.54667
6.53117
6.51048
6.49284
6.46991
6.45519
6.43523
6.41733
6.40154
6.38089
6.35897
6.35109
6.3357
6.32519
6.31555
6.30558
6.29344
6.28011
6.26643
6.25818
6.24596
6.23094
6.22257
6.21079
6.1969
6.18786
6.1761
6.15857
6.14719
6.1338
6.11663
6.10014
6.08919
6.07517
6.0608
6.04436
6.03032
6.01511
6.00125
5.98692
5.97383
5.95748
5.94033
5.92391
5.9089
5.89115
5.87126
5.85977
5.84277
5.82789
5.81566
5.78791
5.77925
5.76121
5.74586
5.73312
5.70937
5.69968
5.68027
5.65559
5.64458
5.62491
5.6014
5.58346
5.56545
5.5469
5.52258
5.50825
5.48692
5.46658
5.44271
5.42302
5.40324
5.38308
5.36066
5.34293
5.31923
5.30129
5.28033
5.25855
5.24515
5.22613
5.20353
5.18227
5.16666
5.15221
5.13168
5.11491
5.09578
5.0817
5.06626
5.0483
5.03218
5.01582
4.99559
4.98243
4.97054
4.95005
4.93576
4.92244
4.90819
4.89093
4.87714
4.86271
4.84799
4.83272
4.81905
4.80582
4.79328
4.77965
4.76717
4.75435
4.7437
4.73274
4.72184
4.71405
4.70357
4.69438
4.68581
4.67821
4.66759
4.65684
4.64953
4.64086
4.63276
4.62487
4.61813
4.61028
4.5996
4.59113
4.58383
4.57612
4.56895
4.55905
4.54971
4.54196
4.53371
4.52512
4.51718
4.51063
4.5021
4.49379
4.48524
4.47744
4.4712
4.46705
4.45972
4.45398
4.44733
4.44281
4.43752
4.4328
4.42798
4.42352
4.41885
4.41531
4.4118
4.40776
4.4038
4.40117
4.3982
4.39457
4.39159
4.38912
4.38558
4.38329
4.37954
4.3775
4.37485
4.37082
4.3671
4.36429
4.36076
4.357
4.35356
4.34937
4.34606
4.34335
4.33941
4.33548
4.33222
4.329
4.32455
4.3203
4.31727
4.31272
4.30918
4.30588
4.30165
4.2997
4.29618
4.29274
4.2899
4.28653
4.2838
4.28003
4.27514
4.27185
4.26761
4.26545
4.26176
4.25902
4.25601
4.25328
4.24968
4.24718
4.24461
4.24236
4.24005
4.23718
4.2346
4.2324
4.2301
4.22772
4.2258
4.22345
4.22143
4.21888
4.217
4.21462
4.21271
4.21081
4.20901
4.20719
4.20602
4.20431
4.20294
4.20163
4.20007
4.19872
4.19718
4.19594
4.1941
4.19212
4.19086
4.1885
4.18679
4.18491
4.18319
4.18104
4.17921
4.17721
4.17564
4.17346
4.17184
4.16992
4.16858
4.16652
4.16525
4.16399
4.1619
4.16069
4.15914
4.15798
4.15645
4.15483
4.15295
4.15156
4.15021
4.14831
4.14538
4.14534
4.14363
4.14227
4.14067
4.13947
4.13803
4.13656
4.13514
4.13341
4.13157
4.1304
4.12913
4.1279
4.12626
4.1252
4.12414
4.12276
4.12086
4.12008
4.11897
4.11769
4.11627
4.115
4.11418
4.11281
4.11167
4.10983
4.10893
4.10759
4.10636
4.10508
4.10346
4.10205
4.1004
4.0991
4.0978
4.09683
4.09572
4.09462
4.09326
4.09217
4.09127
4.09015
4.08909
4.08815
4.08717
4.08626
4.08534
4.08438
4.08329
4.08235
4.08148
4.08057
4.07975
4.07858
4.07784
4.07683
4.07601
4.07498
4.07428
4.07346
4.07269
4.07202
4.07127
4.07049
4.06979
4.06912
4.06835
4.06771
4.06707
4.06632
4.06565
4.06501
4.06435
4.06384
4.0633
4.06274
4.0623
4.06188
4.06153
4.06116
4.06076
4.06037
4.05997
4.05954
4.05915
4.05882
4.05846
4.05816
4.0578
4.05743
4.05708
4.0567
4.05646
4.05604
4.05574
4.05541
4.05508
4.05473
4.05436
4.054
4.05362
4.05329
4.05295
4.05254
4.05208
4.05171
4.05127
4.05106
4.05054
4.05022
4.04982
4.04942
4.04901
4.04863
4.0482
4.04789
4.0474
4.04705
4.04675
4.0464
4.04604
4.04561
4.04518
4.04484
4.04454
4.04428
4.04388
4.04348
4.04319
4.0429
4.04257
4.04226
4.04179
4.04147
4.04117
4.04078
4.04033
4.03999
4.03941
4.03908
4.03869
4.03823
4.03784
4.03747
4.03706
4.03668
4.03636
4.03602
4.03574
4.03539
4.03506
4.03482
4.03458
4.03429
4.03404
4.03404
4.03404
4.03404
4.03404
4.03404
4.03404
4.03404
4.03404
4.03404
4.03404
4.03404
4.03404
4.03404
4.03404
4.03404
4.03404
4.03404
4.03404
4.03404
4.03404
4.03404
4.03404
4.03404
4.03404
4.03404
4.03404
4.03404
4.03404
4.03404
4.03404
4.03404
4.03404
4.03404
4.03404
4.03404
4.03404
4.03404
4.03404
4.03404
4.03404
4.03404
4.03404
4.03404
4.03404
4.03404
4.03404
4.03404
4.03404
4.03404
4.03404
4.03404
4.03404
4.03404
4.03404
4.03404
4.03404
4.03404
4.03404
4.03404
4.03404
4.03404
4.03404
4.03404
4.03404
4.03404
4.03404
4.03404
4.03404
4.03404
4.03404
4.03404
4.03404
4.03404
4.03404
4.03404
4.03404
4.03404
4.03404
4.03404
4.03404
4.03404
4.03404
4.03404
4.03404
4.03404
4.03404
4.03404
4.03404
4.03404
4.03404
4.03404
4.03404
4.03404
4.03404
4.03404
4.03404
4.03404
4.03404
4.03404
4.03404
4.03404
4.03404
4.03404
4.03404
4.03404
4.03404
4.03404
4.03404
4.03404
4.03404
4.03404
4.03404
4.03404
4.03404
4.03404
4.03404
4.03404
4.03404
4.03404
4.03404
4.03404
4.03404
4.03404
4.03404
4.03404
4.03404
4.03404
4.03404
4.03404
4.03404
4.03404
4.03404
4.03404
4.03404
4.03404
4.03404
4.03404
4.03404
4.03404
4.03404
4.03404
4.03404
4.03404
4.03404
4.03404
4.03404
4.03404
4.03404
4.03404
4.03404
4.03404
4.03404
4.03404
4.03404
4.03404
4.03404
4.03404
4.03404
4.03404
4.03404
4.03404
4.03404
4.03404
4.03404
4.03404
4.03404
4.03404
4.03404
4.03404
4.03404
4.03404
4.03404
4.03404
4.03404
4.03404
4.03404
4.03404
4.03404
4.03404
4.03404
4.03404
4.03404
4.03404
4.03404
4.03404
4.03404
4.03404
4.03404
4.03404
4.03404
4.03404
4.03404
4.03404
4.03404
4.03404
4.03404
4.03404
4.03404
4.03404
4.03404
4.03404
4.03404
4.03404
4.03404
4.03404
4.03404
4.03404
4.03404
4.03404
4.03404
4.03404
4.03404
4.03404
4.03404
4.03404
4.03404
4.03404
4.03404
4.03404
4.03404
4.03404
4.03404
4.03404
4.03404
4.03404
4.03404
4.03404
4.03404
4.03404
4.03404
4.03404
4.03404
4.03404
4.03404
4.03404
4.03404
4.03404
4.03404
4.03404
4.03404
4.03404
4.03404
4.03404
4.03404
4.03404
4.03404
4.03404
4.03404
4.03404
4.03404
4.03404
4.03404
4.03404
4.03404
4.03404
4.03404
4.03404
4.03404
4.03404
4.03404
4.03404
4.03404
4.03404
4.03404
4.03404
4.03404
4.03404
4.03404
4.03404
4.03404
4.03404
4.03404
4.03404
4.03404
4.03404
4.03404
4.03404
4.03404
4.03404
4.03404
4.03404
4.03404
4.03404
4.03404
4.03404
4.03404
4.03404
4.03404
4.03404
4.03404
4.03404
4.03404
4.03404
4.03404
4.03404
4.03404
4.03404
4.03404
4.03404
4.03404
4.03404
4.03404
4.03404
4.03404
4.03404
4.03404
4.03404
4.03404
4.03404
4.03404
4.03404
4.03404
4.03404
4.03404
4.03404
4.03404
4.03404
4.03404
4.03404
4.03404
4.03404
4.03404
4.03404
4.03404
4.03404
4.03404
4.03404
4.03404
4.03404
4.03404
4.03404
4.03404
4.03404
4.03404
4.03404
4.03404
4.03404
4.03404
4.03404
4.03404
4.03404
4.03404
4.03404
4.03404
4.03404
4.03404
4.03404
4.03404
4.03404
4.03404
4.03404
4.03404
4.03404
4.03404
4.03404
4.03404
4.03404
4.03404
4.03404
4.03404
4.03404
4.03404
4.03404
4.03404
4.03404
4.03404
4.03404
4.03404
4.03404
4.03404
4.03404
4.03404
4.03404
4.03404
4.03404
4.03404
4.03404
4.03404
4.03404
4.03404
4.03404
4.03404
4.03404
4.02974
4.00279
3.9801
3.95133
3.92179
3.9041
3.8731
3.84697
3.81778
3.78161
3.75972
3.72761
3.70011
3.6749
3.64849
3.62546
3.6
3.57165
3.54957
3.5294
3.50431
3.48259
3.46127
3.42608
3.40476
3.38577
3.35729
3.33492
3.31008
3.28524
3.26027
3.23573
3.21533
3.18511
3.16236
3.14335
3.11432
3.09558
3.07163
3.04362
3.02436
2.99875
2.9768
2.94901
2.9263
2.89754
2.8745
2.8534
2.82808
2.80082
2.78765
2.76588
2.74611
2.72284
2.701
2.68033
2.65961
2.63816
2.61612
2.59388
2.5742
2.55473
2.53205
2.51039
2.48057
2.45538
2.42636
2.40541
2.38558
2.35749
2.33827
2.31356
2.29149
2.26695
2.24371
2.21536
2.18915
2.16919
2.1478
2.12219
2.10214
2.07968
2.05196
2.02615
1.99964
1.97372
1.94762
1.91787
1.89089
1.87305
1.8472
1.82352
1.79528
1.77419
1.74827
1.7181
1.7045
1.67848
1.65376
1.62989
1.60399
1.57924
1.55912
1.5362
1.51235
1.49441
1.47375
1.45401
1.43392
1.41037
1.38825
1.36413
1.34258
1.32147
1.30282
1.28147
1.25434
1.23484
1.21427
1.19066
1.17171
1.15138
1.13034
1.11312
1.09128
1.07748
1.05895
1.04327
1.02445
1.00685
0.993173
0.980165
0.966158
0.94887
0.93395
0.916475
0.905469
0.892512
0.876554
0.862942
0.849026
0.835462
0.823379
0.812249
0.800586
0.786777
0.776369
0.765164
0.753473
0.743073
0.733308
0.724006
0.712088
0.703418
0.694808
0.685544
0.67757
0.666982
0.658024
0.650137
0.641665
0.633258
0.623958
0.615524
0.606403
0.598736
0.592056
0.584661
0.576335
0.570117
0.563176
0.55674
0.549562
0.543264
0.534819
0.529723
0.52366
0.517381
0.510403
0.504763
0.498989
0.492753
0.485405
0.481645
0.475889
0.470901
0.463705
0.458369
0.454586
0.449352
0.444177
0.439997
0.435881
0.430779
0.425771
0.421667
0.417286
0.412055
0.407386
0.402961
0.398024
0.393037
0.387949
0.382819
0.376965
0.371505
0.366862
0.36138
0.356124
0.349856
0.345673
0.339838
0.335555
0.330097
0.32403
0.320769
0.316023
0.31198
0.308042
0.303253
0.299723
0.294896
0.290819
0.287589
0.283129
0.280196
0.276108
0.272471
0.269608
0.266311
0.263041
0.260178
0.256443
0.253961
0.250853
0.248094
0.245479
0.242676
0.240331
0.237759
0.235186
0.232511
0.230689
0.228171
0.225872
0.223782
0.220921
0.218999
0.21623
0.213712
0.210972
0.208516
0.206045
0.203965
0.20066
0.198519
0.195284
0.191781
0.189921
0.187601
0.184474
0.182325
0.179209
0.176753
0.174658
0.172036
0.169663
0.16786
0.165097
0.16332
0.1607
0.158947
0.157444
0.155876
0.15406
0.151755
0.150499
0.148845
0.147279
0.146015
0.144336
0.14301
0.141915
0.140429
0.139182
0.137931
0.136706
0.135562
0.134405
0.13327
0.132305
0.13087
0.130069
0.128963
0.12809
0.126483
0.125948
0.124978
0.12376
0.122888
0.122075
0.121147
0.120219
0.119313
0.118218
0.117625
0.116644
0.115708
0.115042
0.114171
0.11362
0.112964
0.111968
0.111263
0.110221
0.109349
0.10841
0.107805
0.107005
0.106128
0.105297
0.104372
0.103586
0.102534
0.101689
0.10075
0.0998889
0.0989273
0.0981021
0.0972989
0.096268
0.0956825
0.0949182
0.0941269
0.0934018
0.0927055
0.0913813
0.0909453
0.0902598
0.0895721
0.0887101
0.0879638
0.0870061
0.0863997
0.0855181
0.0849111
0.0841183
0.0833741
0.0826508
0.0818693
0.081125
0.0804968
0.0797168
0.0791526
0.0784516
0.0778538
0.0771927
0.0765036
0.075864
0.0752732
0.0746444
0.0741545
0.0735059
0.0729103
0.0720864
0.0713945
0.0707051
0.0699645
0.0691593
0.0685405
0.0678325
0.0671295
0.0663682
0.0657904
0.0651708
0.0645571
0.0639867
0.0634209
0.062733
0.0620167
0.0613613
0.0608022
0.0599435
0.0595344
0.0589142
0.0583221
0.0576942
0.057149
0.0562915
0.0558656
0.0553044
0.0547667
0.0541087
0.0537131
0.0531422
0.0525136
0.052023
0.0514728
0.0508541
0.0504222
0.0497396
0.0491726
0.0486549
0.0480563
0.0474305
0.0470703
0.046619
0.0460905
0.0454717
0.0450792
0.0445258
0.044036
0.0435846
0.0432244
0.0427796
0.0424415
0.0420459
0.0417132
0.0413604
0.0410006
0.0407227
0.0403695
0.0400726
0.0397903
0.0395029
0.0391734
0.0387762
0.0386258
0.0383696
0.0380584
0.0378723
0.037597
0.0373486
0.037081
0.036794
0.0365196
0.0362744
0.0360727
0.0358124
0.0355413
0.035344
0.0351215
0.0348374
0.0346114
0.0343502
0.0340517
0.0337698
0.0335657
0.0333837
0.0331257
0.0328616
0.0326411
0.0324383
0.0322204
0.0319898
0.0318144
0.0318144
0.0318144
0.0318144
0.0318144
0.0318144
0.0318144
0.0318144
0.0318144
0.0318144
0.0318144
0.0318144
0.0318144
0.0318144
0.0318144
0.0318144
0.0318144
0.0318144
0.0318144
0.0318144
0.0318144
0.0318144
0.0318144
0.0318144
0.0318144
0.0318144
0.0318144
0.0318144
0.0318144
0.0318144
0.0318144
0.0318144
0.0318144
0.0318144
0.0318144
0.0318144
0.0318144
0.0318144
0.0318144
0.0318144
0.0318144
0.0318144
0.0318144
0.0318144
0.0318144
0.0318144
0.0318144
0.0318144
0.0318144
0.0318144
0.0318144
0.0318144
0.0318144
0.0318144
0.0318144
0.0318144
0.0318144
0.0318144
0.0318144
0.0318144
0.0318144
0.0318144
0.0318144
0.0318144
0.0318144
0.0318144
0.0318144
0.0318144
0.0318144
0.0318144
0.0318144
0.0318144
0.0318144
0.0318144
0.0318144
0.0318144
0.0318144
0.0318144
0.0318144
0.0318144
0.0318144
0.0318144
0.0318144
0.0318144
0.0318144
0.0318144
0.0318144
0.0318144
0.0318144
0.0318144
0.0318144
0.0318144
0.0318144
0.0318144
0.0318144
0.0318144
0.0318144
0.0318144
0.0318144
0.0318144
0.0318144
0.0318144
0.0318144
0.0318144
0.0318144
0.0318144
0.0318144
0.0318144
0.0318144
0.0318144
0.0318144
0.0318144
0.0318144
0.0318144
0.0318144
0.0318144
0.0318144
0.0318144
0.0318144
0.0318144
0.0318144
0.0318144
0.0318144
0.0318144
0.0318144
0.0318144
0.0318144
0.0318144
0.0318144
0.0318144
0.0318144
0.0318144
0.0318144
0.0318144
0.0318144
0.0318144
0.0318144
0.0318144
0.0318144
0.0318144
0.0318144
0.0318144
0.0318144
0.0318144
0.0318144
0.0318144
0.0318144
0.0318144
0.0318144
0.0318144
0.0318144
0.0318144
0.0318144
0.0318144
0.0318144
0.0318144
0.0318144
0.0318144
0.0318144
0.0318144
0.0318144
0.0318144
0.0318144
0.0318144
0.0318144
0.0318144
0.0318144
0.0318144
0.0318144
0.0318144
0.0318144
0.0318144
0.0318144
0.0318144
0.0318144
0.0318144
0.0318144
0.0318144
0.0318144
0.0318144
0.0318144
0.0318144
0.0318144
0.0318144
0.0318144
0.0318144
0.0318144
0.0318144
0.0318144
0.0318144
0.0318144
0.0318144
0.0318144
0.0318144
0.0318144
0.0318144
0.0318144
0.0318144
0.0318144
0.0318144
0.0318144
0.0318144
0.0318144
0.0318144
0.0318144
0.0318144
0.0318144
0.0318144
0.0318144
0.0318144
0.0318144
0.0318144
0.0318144
0.0318144
0.0318144
0.0318144
0.0318144
0.0318144
0.0318144
0.0318144
0.0318144
0.0318144
0.0318144
0.0318144
0.0318144
0.0318144
0.0318144
0.0318144
0.0318144
0.0318144
0.0318144
0.0318144
0.0318144
0.0318144
0.0318144
0.0318144
0.0318144
0.0318144
0.0318144
0.0318144
0.0318144
0.0318144
0.0318144
0.0318144
0.0318144
0.0318144
0.0318144
0.0318144
0.0318144
0.0318144
0.0318144
0.0318144
0.0318144
0.0318144
0.0318144
0.0318144
0.0318144
0.0318144
0.0318144
0.0318144
0.0318144
0.0318144
0.0318144
0.0318144
0.0318144
0.0318144
0.0318144
0.0318144
0.0318144
0.0318144
0.0318144
0.0318144
0.0318144
0.0318144
0.0318144
0.0318144
0.0318144
0.0318144
0.0318144
0.0318144
0.0318144
0.0318144
0.0318144
0.0318144
0.0318144
0.0318144
0.0318144
0.0318144
0.0318144
0.0318144
0.0318144
0.0318144
0.0318144
0.0318144
0.0318144
0.0318144
0.0318144
0.0318144
0.0318144
0.0318144
0.0318144
0.0318144
0.0318144
0.0318144
0.0318144
0.0318144
0.0318144
0.0318144
0.0318144
0.0318144
0.0318144
0.0318144
0.0318144
0.0318144
0.0318144
0.0318144
0.0318144
0.0318144
0.0318144
0.0318144
0.0318144
0.0318144
0.0318144
0.0318144
0.0318144
0.0318144
0.0318144
0.0318144
0.0318144
0.0318144
0.0318144
0.0318144
0.0318144
0.0318144
0.0318144
0.0318144
0.0318144
0.0318144
0.0318144
0.0318144
0.0318144
0.0318144
0.0318144
0.0318144
0.0318144
0.0318144
0.0318144
0.0318144
0.0318144
0.0318144
0.0318144
0.0318144
0.0318144
0.0318144
0.0318144
0.0318144
0.0318144
0.0318144
0.0318144
0.0318144
0.0318144
0.0318144
0.0318144
0.0318144
0.0318144
0.0318144
0.0318144
0.0318144
0.0318144
0.0318144
0.0318144
0.0318144
0.0318144
0.0318144
0.0318144
0.0318144
0.0318144
0.0318144
0.0318144
0.0318144
0.0318144
0.0318144
0.0318144
0.0318144
0.0318144
0.0318144
0.0318144
0.0318144
0.0318144
0.0318144
0.0318144
0.0318144
0.0318144
0.0318144
0.0318144
0.0318144
0.0318144
0.0318144
0.0318144
0.0318144
0.0318144
0.0318144
0.0318144
0.0318144
0.0318144
0.0318144
0.0318144
0.0318144
0.0318144
0.0318144
0.0318144
0.0318144
0.0318144
0.0318144
0.0318144
0.0318144
0.0318144
0.0318144
0.0318144
0.0318144
0.0318144
0.0318144
0.0318144
0.0318144
0.0318144
0.0318144
0.0318144
0.0318144
0.0318144
0.0318144
0.0318144
0.0318144
0.0318144
0.0318144
0.0318144
0.0318144
0.0318144
0.0318144
0.0318144
0.0318144
0.0318144
0.0318144
0.0318144
0.0318144
0.0318144
0.0318144
0.0318144
0.0318144
0.0318144
0.0318144
0.0318144
0.0318144
0.0318144
0.0318144
0.0318144
0.0318144
0.0318144
0.0318144
0.0318144
0.0318144
0.0318144
0.0318144
0.0318144
0.0318144
0.0318144
0.0318144
0.0318144
0.0318144
0.0318144
0.0318144
0.0318144
0.0318144
0.0318144
0.0318144
0.0318144
0.0318144
0.0318144
0.0318144
0.0318144
0.0318144
0.0318144
0.0318144
0.0318144
0.0318144
0.0318144
0.0318144
0.0318144
0.0318144
0.0318144
0.0318144
0.0318144
0.0318144
0.0318144
0.0318144
0.0318144
0.0318144
0.0318144
0.0318144
0.0318144
0.0318144
0.0318144
0.0318144
0.0318144
0.0318144
0.0318144
0.0318144
0.0318144
0.0318144
0.0318144
0.0318144
0.0318144
0.0318144
0.0318144
0.0318144
0.0318144
0.0318144
0.0318144
0.0318144
0.0318144
0.0318144
0.0318144
0.0318144
0.0318144
0.0318144
0.0318144
0.0318144
0.0318144
0.0318144
0.0318144
0.0318144
0.0318144
0.0318144
0.0318144
0.0318144
0.0318144
0.0318144
0.0318144
0.0318144
0.0318144
0.0318144
0.0318144
0.0318144
0.0318144
0.0318144
0.0318144
0.0318144
0.0318144
0.0318144
0.0318144
0.0318144
0.0318144
0.0318144
0.0318144
0.0318144
0.0318144
0.0318144
0.0318144
0.0318144
0.0318144
0.0318144
0.0318144
0.0318144
0.0318144
0.0318144
0.0318144
0.0318144
0.0318144
0.0318144
0.0318144
0.0318144
0.0318144
0.0318144
0.0318144
0.0318144
0.0318144
0.0318144
0.0318144
0.0318144
0.0318144
0.0318144
0.0318144
0.0318144
0.0318144
0.0318144
0.0318144
0.0318144
0.0318144
0.0318144
0.0318144
0.0318144
0.0318144
0.0318144
0.0318144
0.0318144
0.0318144
0.0318144
0.0318144
0.0318144
0.0318144
0.0318144
0.0318144
0.0318144
0.0318144
0.0318144
0.0318144
0.0318144
0.0318144
0.0318144
0.0318144
0.0318144
0.0318144
0.0318144
0.0318144
0.0318144
0.0318144
0.0318144
0.0318144
0.0318144
0.0318144
0.0318144
0.0318144
0.0318144
0.0318144
0.0318144
0.0318144
0.0318144
0.0318144
0.0318144
0.0318144
0.0318144
0.0318144
0.0318144
0.0318144
0.0318144
0.0318144
0.0318144
0.0318144
0.0318144
0.0318144
0.0318144
0.0318144
0.0318144
0.0318144
0.0318144
0.0318144
0.0318144
0.0318144
0.0318144
0.0318144
0.0318144
0.0318144
0.0318144
0.0318144
0.0318144
0.0318144
0.0318144
0.0318144
0.0318144
0.0318144
0.0318144
0.0318144
0.0318144
0.0318144
0.0318144
0.0318144
0.0318144
0.0318144
0.0318144
0.0318144
0.0318144
0.0318144
0.0318144
0.0318144
0.0318144
0.0318144
0.0318144
0.0318144
0.0318144
0.0318144
0.0318144
0.0318144
0.0318144
0.0318144
0.0318144
0.0318144
0.0318144
0.0318144
0.0318144
0.0318144
0.0318144
0.0318144
0.0318144
0.0318144
0.0318144
0.0318144
