1.07554e+07
1.07554e+07
5.87654e+06
3.17616e+06
2.77846e+06
2.77846e+06
2.13225e+06
2.11888e+06
1.25484e+06
705229
246186
246186
178457
104267
104267
104267
70800.7
70800.7
55613.6
55613.6
55613.6
55613.6
55393.3
27903.8
27903.8
23068.4
23068.4
23068.4
23068.4
22882.3
19740.9
10511.7
2894.91
2894.91
2894.91
2894.91
2894.91
2240.68
2240.68
1153.69
1153.69
1153.69
1153.69
1153.69
1098.29
760.458
760.458
760.458
760.458
542.282
542.282
542.282
541.61
507.555
412.909
412.909
273.511
273.511
187
187
187
140.23
119.881
114.446
87.1643
87.1643
77.0436
76.8259
57.4799
57.4799
53.3641
53.3641
50.8605
33.7534
33.7534
33.7534
33.7534
33.7534
33.7534
29.7263
25.4124
25.4124
21.0773
21.0773
21.0773
19.8572
19.8572
19.8572
17.4708
17.4708
17.4708
15.729
15.729
15.729
15.729
15.729
15.729
15.1719
14.662
14.662
14.1037
14.1037
14.1037
13.7208
13.7208
13.7208
13.7208
13.4416
13.4416
13.4387
13.4387
13.3471
13.3471
13.2405
13.1306
13.1306
13.0678
13.0461
13.0249
13.006
13.0004
12.9901
12.9577
12.9477
12.9456
12.9214
12.9003
12.8591
12.8207
12.8024
12.7818
12.7638
12.735
12.7337
12.7055
12.687
12.6782
12.6533
12.6357
12.6197
12.5971
12.5757
12.5586
12.5397
12.5185
12.4949
12.4765
12.4543
12.4319
12.4146
12.3959
12.3833
12.3571
12.3378
12.3176
12.299
12.2877
12.2588
12.2504
12.2304
12.2111
12.1932
12.1851
12.166
12.149
12.1311
12.1203
12.1008
12.0884
12.0724
12.0577
12.0432
12.0321
12.0183
12.0038
11.9893
11.9692
11.9563
11.948
11.925
11.9118
11.8948
11.8781
11.8644
11.8519
11.8361
11.8181
11.8056
11.79
11.7713
11.7656
11.7509
11.7372
11.7242
11.711
11.6988
11.6867
11.6756
11.6636
11.6532
11.6407
11.6301
11.6205
11.6106
11.6025
11.5926
11.5838
11.5765
11.5687
11.5618
11.5546
11.5477
11.5373
11.5328
11.524
11.5159
11.5103
11.5028
11.4938
11.487
11.48
11.4728
11.4652
11.4551
11.4476
11.4397
11.4289
11.4225
11.4099
11.4023
11.3939
11.3747
11.367
11.3523
11.3375
11.3241
11.3093
11.2961
11.2796
11.2628
11.2511
11.2297
11.2099
11.1983
11.1785
11.1557
11.1387
11.116
11.0952
11.0789
11.0474
11.0264
11.0096
10.9789
10.9557
10.9381
10.9073
10.8871
10.8702
10.85
10.8331
10.8115
10.7889
10.7681
10.7487
10.728
10.7003
10.6798
10.6609
10.6415
10.6185
10.5999
10.5735
10.5566
10.538
10.5175
10.4959
10.476
10.4489
10.4244
10.3937
10.3753
10.3467
10.3246
10.3044
10.2887
10.2542
10.2361
10.2084
10.1868
10.1693
10.1453
10.1162
10.0938
10.0664
10.053
10.0281
10.0092
9.98023
9.96001
9.93746
9.91462
9.89015
9.87618
9.85263
9.83577
9.80441
9.78514
9.77036
9.74801
9.72668
9.70888
9.68725
9.66769
9.64542
9.62872
9.60403
9.58378
9.55987
9.53497
9.51637
9.49608
9.47601
9.45554
9.43255
9.41531
9.3914
9.37537
9.35127
9.32879
9.30795
9.28481
9.2614
9.2397
9.21819
9.19456
9.1729
9.15575
9.13264
9.11631
9.09377
9.07409
9.05258
9.0335
9.01212
8.98866
8.97433
8.94648
8.92465
8.90409
8.88593
8.86752
8.85013
8.82969
8.81614
8.79768
8.7806
8.76391
8.74435
8.72757
8.71047
8.68974
8.67628
8.65995
8.64317
8.62842
8.61277
8.59146
8.57541
8.56042
8.54537
8.5287
8.51512
8.49189
8.47437
8.45712
8.43645
8.41689
8.40191
8.38032
8.36439
8.34791
8.33079
8.30894
8.28274
8.27592
8.2509
8.23894
8.2147
8.19802
8.17856
8.16015
8.14354
8.12578
8.11005
8.0923
8.0796
8.06474
8.04863
8.03504
8.01985
8.00228
7.98819
7.97398
7.95851
7.94077
7.92213
7.90903
7.89245
7.87354
7.8597
7.84464
7.83291
7.81945
7.80136
7.79147
7.77706
7.76502
7.75441
7.73546
7.72452
7.71738
7.7054
7.69251
7.68395
7.6724
7.6601
7.64846
7.64097
7.62872
7.61964
7.60792
7.59605
7.58603
7.57495
7.56279
7.55236
7.54248
7.52529
7.51879
7.50787
7.49422
7.48525
7.47208
7.46277
7.44948
7.43556
7.42506
7.40616
7.39912
7.38396
7.36861
7.3535
7.33854
7.32648
7.3125
7.29938
7.28287
7.26996
7.25581
7.23953
7.227
7.21262
7.20008
7.18813
7.17419
7.16199
7.14709
7.13653
7.12564
7.11234
7.09925
7.08435
7.07013
7.05312
7.0401
7.022
7.00813
6.99578
6.97882
6.96261
6.94377
6.9211
6.90862
6.88881
6.86958
6.85132
6.83285
6.81363
6.79201
6.77744
6.76076
6.74398
6.72341
6.7049
6.68913
6.67419
6.66156
6.64149
6.62409
6.61154
6.59688
6.58127
6.5634
6.54756
6.53229
6.51073
6.49361
6.47107
6.45098
6.43159
6.41811
6.39374
6.37638
6.35855
6.34279
6.32346
6.30551
6.28457
6.2676
6.24906
6.22819
6.21482
6.19716
6.17748
6.15941
6.14876
6.12382
6.10865
6.09084
6.06938
6.05596
6.03447
6.01998
6.00231
5.98792
5.97258
5.95404
5.92828
5.91701
5.89986
5.87351
5.85446
5.82927
5.81192
5.79034
5.77079
5.74461
5.72506
5.7046
5.68745
5.66857
5.64178
5.62534
5.60563
5.59485
5.57582
5.55824
5.54173
5.51864
5.49915
5.48676
5.46981
5.45074
5.43025
5.41055
5.39202
5.3758
5.34945
5.33351
5.3119
5.29055
5.27191
5.25529
5.22949
5.21003
5.18587
5.16498
5.14402
5.12471
5.10303
5.08379
5.06554
5.04998
5.03379
5.01907
5.00339
4.98944
4.97401
4.96243
4.94929
4.93335
4.91831
4.90657
4.89109
4.88007
4.86648
4.85601
4.84173
4.83063
4.81801
4.8081
4.797
4.78705
4.77561
4.76512
4.75539
4.74309
4.73157
4.72212
4.7134
4.70301
4.69011
4.67898
4.66796
4.6632
4.65394
4.64589
4.63634
4.62814
4.61949
4.61158
4.60113
4.59606
4.58643
4.57749
4.57153
4.56322
4.55615
4.54945
4.54206
4.5347
4.52486
4.52008
4.51246
4.50688
4.49994
4.49532
4.48933
4.48387
4.47804
4.47266
4.46773
4.46343
4.45926
4.45525
4.45105
4.44701
4.44369
4.44045
4.43705
4.43337
4.43053
4.4273
4.42423
4.42175
4.41872
4.41555
4.4133
4.41031
4.40678
4.40508
4.40252
4.40011
4.39748
4.39482
4.39194
4.39011
4.38778
4.38392
4.38219
4.37939
4.37689
4.37439
4.37186
4.36814
4.36583
4.36307
4.35918
4.35625
4.35314
4.34933
4.34523
4.34198
4.33911
4.33517
4.33219
4.32845
4.32478
4.32084
4.31702
4.31311
4.30906
4.30598
4.30175
4.29662
4.29416
4.2884
4.28488
4.27994
4.27731
4.27054
4.26756
4.26337
4.25738
4.25472
4.25077
4.2487
4.24435
4.24117
4.23817
4.23508
4.23255
4.22901
4.22602
4.22291
4.2206
4.21743
4.21472
4.21178
4.20909
4.2055
4.20363
4.20146
4.19934
4.197
4.19403
4.19191
4.18991
4.187
4.18549
4.18308
4.18099
4.17884
4.17689
4.17502
4.17249
4.17124
4.16939
4.16789
4.1664
4.16434
4.16322
4.16207
4.16024
4.15804
4.15647
4.15488
4.15263
4.15127
4.14998
4.14756
4.14594
4.14438
4.14296
4.14163
4.13999
4.13879
4.13744
4.13618
4.13492
4.13378
4.13223
4.13139
4.12999
4.12886
4.1277
4.12706
4.12585
4.12477
4.12383
4.1227
4.12171
4.12089
4.12007
4.11902
4.11824
4.11733
4.11622
4.11547
4.11468
4.11381
4.11272
4.11152
4.111
4.10973
4.10894
4.10816
4.10754
4.10629
4.10544
4.10432
4.10322
4.10204
4.10107
4.10003
4.09887
4.09796
4.09693
4.09607
4.09487
4.09405
4.0928
4.09178
4.09071
4.08963
4.08891
4.0881
4.08699
4.08612
4.08531
4.08446
4.08356
4.08262
4.08193
4.0809
4.08024
4.07951
4.07888
4.07784
4.07719
4.07648
4.07581
4.07512
4.07429
4.07362
4.07308
4.0723
4.07181
4.07069
4.07027
4.06934
4.06875
4.06792
4.06717
4.06649
4.06578
4.06513
4.06457
4.064
4.06348
4.06295
4.0625
4.06198
4.06149
4.06106
4.06054
4.06005
4.05947
4.05898
4.0584
4.05794
4.05741
4.05688
4.05629
4.05576
4.05528
4.05456
4.05424
4.05371
4.05317
4.05288
4.05244
4.0521
4.0516
4.05126
4.05075
4.05051
4.05017
4.04986
4.04952
4.04926
4.049
4.0487
4.04845
4.04816
4.04795
4.04773
4.04773
4.04773
4.04773
4.04773
4.04773
4.04773
4.04773
4.04773
4.04773
4.04773
4.04773
4.04773
4.04773
4.04773
4.04773
4.04773
4.04773
4.04773
4.04773
4.04773
4.04773
4.04773
4.04773
4.04773
4.04773
4.04773
4.04773
4.04773
4.04773
4.04773
4.04773
4.04773
4.04773
4.04773
4.04773
4.04773
4.04773
4.04773
4.04773
4.04773
4.04773
4.04773
4.04773
4.04773
4.04773
4.04773
4.04773
4.04773
4.04773
4.04773
4.04773
4.04773
4.04773
4.04773
4.04773
4.04773
4.04773
4.04773
4.04773
4.04773
4.04773
4.04773
4.04773
4.04773
4.04773
4.04773
4.04773
4.04773
4.04773
4.04773
4.04773
4.04773
4.04773
4.04773
4.04773
4.04773
4.04773
4.04773
4.04773
4.04773
4.04773
4.04773
4.04773
4.04773
4.04773
4.04773
4.04773
4.04773
4.04773
4.04773
4.04773
4.04773
4.04773
4.04773
4.04773
4.04773
4.04773
4.04773
4.04773
4.04773
4.04773
4.04773
4.04773
4.04773
4.04773
4.04773
4.04773
4.04773
4.04773
4.04773
4.04773
4.04773
4.04773
4.04773
4.04773
4.04773
4.04773
4.04773
4.04773
4.04773
4.04773
4.04773
4.04773
4.04773
4.04773
4.04773
4.04773
4.04773
4.04773
4.04773
4.04773
4.04773
4.04773
4.04773
4.04773
4.04773
4.04773
4.04773
4.04773
4.04773
4.04773
4.04773
4.04773
4.04773
4.04773
4.04773
4.04773
4.04773
4.04773
4.04773
4.04773
4.04773
4.04773
4.04773
4.04773
4.04773
4.04773
4.04773
4.04773
4.04773
4.04773
4.04773
4.04773
4.04773
4.04773
4.04773
4.04773
4.04773
4.04773
4.04773
4.04773
4.04773
4.04773
4.04773
4.04773
4.04773
4.04773
4.04773
4.04773
4.04773
4.04773
4.04773
4.04773
4.04773
4.04773
4.04773
4.04773
4.04773
4.04773
4.04773
4.04773
4.04773
4.04773
4.04773
4.04773
4.04773
4.04773
4.04773
4.04773
4.04773
4.04773
4.04773
4.04773
4.04773
4.04773
4.04773
4.04773
4.04773
4.04773
4.04773
4.04773
4.04773
4.04773
4.04773
4.04773
4.04773
4.04773
4.04773
4.04773
4.04773
4.04773
4.04773
4.04773
4.04773
4.04773
4.04773
4.04773
4.04773
4.04773
4.04773
4.04773
4.04773
4.04773
4.04773
4.04773
4.04773
4.04773
4.04773
4.04773
4.04773
4.04773
4.04773
4.04773
4.04773
4.04773
4.04773
4.04773
4.04773
4.04773
4.04773
4.04773
4.04773
4.04773
4.04773
4.04773
4.04773
4.04773
4.04773
4.04773
4.04773
4.04773
4.04773
4.04773
4.04773
4.04773
4.04773
4.04773
4.04773
4.04773
4.04773
4.04773
4.04773
4.04773
4.04773
4.04773
4.04773
4.04773
4.04773
4.04773
4.04773
4.04773
4.04773
4.04773
4.04773
4.04773
4.04773
4.04773
4.04773
4.04773
4.04773
4.04773
4.04773
4.04773
4.04773
4.04773
4.04773
4.04773
4.04773
4.04773
4.04773
4.04773
4.04773
4.04773
4.04773
4.04773
4.04773
4.04773
4.04773
4.04773
4.04773
4.04773
4.04773
4.04773
4.04773
4.04773
4.04773
4.04773
4.04773
4.04773
4.04773
4.04773
4.04773
4.04773
4.04773
4.04773
4.04773
4.04773
4.04773
4.04773
4.04773
4.04773
4.04773
4.04773
4.04773
4.04773
4.04773
4.04773
4.04773
4.04773
4.04773
4.04773
4.04773
4.04773
4.04773
4.04773
4.04773
4.04773
4.04773
4.04773
4.04773
4.04773
4.04773
4.04773
4.04773
4.04773
4.04773
4.04773
4.04773
4.04773
4.04773
4.04773
4.04773
4.04773
4.04773
4.04773
4.04773
4.04773
4.04773
4.04773
4.04773
4.04773
4.04773
4.04773
4.04773
4.04773
4.04773
4.04773
4.04773
4.04773
4.04773
4.04773
4.04773
4.04773
4.04773
4.04773
4.04773
4.04773
4.04773
4.04773
4.04773
4.04773
4.04773
4.04773
4.04773
4.04773
4.04773
4.04773
4.04773
4.04773
4.04773
4.04773
4.04773
4.04773
4.04773
4.04773
4.04773
4.04773
4.04773
4.04773
4.04773
4.04773
4.04773
4.04773
4.04773
4.04773
4.04773
4.04773
4.04773
4.04773
4.04773
4.04773
4.04773
4.04773
4.04773
4.04773
4.04773
4.04773
4.04773
4.04773
4.04773
4.04773
4.04773
4.04773
4.04773
4.04773
4.04773
4.04773
4.04773
4.04773
4.04773
4.04773
4.04773
4.04773
4.04773
4.04773
4.04773
4.04773
4.04235
4.01021
3.99143
3.96075
3.93479
3.90849
3.88103
3.85126
3.83066
3.8041
3.77812
3.75742
3.73904
3.71318
3.69547
3.67099
3.64335
3.62356
3.60289
3.58051
3.55567
3.5278
3.50707
3.47856
3.45276
3.42542
3.38766
3.35615
3.3379
3.29958
3.27845
3.25096
3.22819
3.20011
3.17021
3.14638
3.11703
3.09124
3.06613
3.04488
3.01558
2.99069
2.96983
2.94148
2.91799
2.88818
2.868
2.84077
2.81994
2.78914
2.76737
2.73921
2.71887
2.68626
2.66369
2.64025
2.61245
2.59026
2.5678
2.54288
2.51816
2.49431
2.46877
2.44809
2.41621
2.38983
2.37015
2.34478
2.32088
2.30032
2.27356
2.25468
2.23134
2.21127
2.1926
2.17289
2.15403
2.13887
2.11494
2.0922
2.06731
2.04574
2.02556
1.99673
1.98778
1.96565
1.94559
1.92331
1.9035
1.8863
1.86504
1.84158
1.82757
1.80749
1.78259
1.75997
1.74741
1.72724
1.70267
1.68641
1.66797
1.65375
1.63728
1.61913
1.60316
1.58766
1.56906
1.55712
1.54091
1.51903
1.50568
1.49029
1.47186
1.44731
1.43397
1.41987
1.39804
1.38207
1.36311
1.34912
1.32524
1.31106
1.29148
1.27103
1.25979
1.23837
1.21848
1.20381
1.19115
1.17383
1.16071
1.14527
1.12967
1.1168
1.10032
1.08194
1.07026
1.05677
1.04362
1.03022
1.0144
1.0005
0.989277
0.974764
0.960538
0.944339
0.934636
0.92079
0.908848
0.894515
0.882536
0.869043
0.851055
0.838666
0.825705
0.810322
0.795704
0.783009
0.771816
0.760747
0.749155
0.737227
0.722902
0.714167
0.704119
0.692139
0.684055
0.675278
0.665231
0.656127
0.647815
0.639445
0.629842
0.624991
0.616021
0.607598
0.60077
0.591671
0.584647
0.576742
0.566657
0.560601
0.550794
0.544308
0.535528
0.529127
0.521494
0.514253
0.506912
0.499214
0.492929
0.486118
0.47955
0.473846
0.46738
0.46042
0.456416
0.448647
0.443137
0.437279
0.431371
0.425019
0.418617
0.413636
0.408259
0.402847
0.396263
0.391118
0.385508
0.380113
0.375436
0.371163
0.367196
0.361109
0.357927
0.353809
0.34803
0.344813
0.341429
0.336991
0.33335
0.329066
0.325786
0.322377
0.316641
0.314293
0.311244
0.306982
0.303922
0.30017
0.297183
0.293657
0.290803
0.288125
0.284653
0.281442
0.278445
0.274826
0.272134
0.269357
0.26655
0.263782
0.261022
0.258579
0.256084
0.253026
0.250881
0.2481
0.245054
0.242834
0.240449
0.237805
0.235274
0.233453
0.230857
0.228295
0.226127
0.223169
0.221473
0.219633
0.217298
0.21476
0.212769
0.210616
0.208346
0.205616
0.202866
0.200853
0.198569
0.196731
0.194341
0.192561
0.190606
0.188535
0.186719
0.184945
0.182611
0.181202
0.17939
0.176703
0.175304
0.173438
0.171643
0.169643
0.168152
0.166403
0.164184
0.162608
0.16031
0.158789
0.15728
0.155792
0.154444
0.152783
0.151496
0.149766
0.148651
0.147227
0.145851
0.144447
0.142894
0.141575
0.140079
0.138742
0.13758
0.136359
0.135121
0.133764
0.132841
0.131631
0.129889
0.128875
0.127405
0.126617
0.125117
0.124021
0.122787
0.121604
0.120102
0.118948
0.11785
0.116775
0.115481
0.114393
0.113004
0.111892
0.110661
0.109644
0.108451
0.107249
0.106228
0.105319
0.104144
0.103378
0.102421
0.101551
0.100739
0.0998475
0.099097
0.0982832
0.0975885
0.0968124
0.0961461
0.0952781
0.0947329
0.0939699
0.0932903
0.0923902
0.0917681
0.0910194
0.090338
0.0896523
0.0889844
0.0882158
0.0875863
0.0868363
0.0860446
0.0855703
0.0849861
0.0843817
0.0836826
0.0831203
0.082612
0.0818907
0.0813824
0.0808703
0.0802836
0.0796482
0.0791688
0.0785494
0.0780633
0.0775815
0.0770652
0.0765717
0.0760939
0.0756991
0.0751652
0.0746937
0.0741812
0.0737914
0.0733501
0.0729444
0.0725636
0.0720348
0.0716352
0.0712595
0.0708781
0.0703979
0.0700458
0.0695538
0.0691803
0.0687445
0.0682322
0.0678212
0.0674882
0.0671675
0.0668354
0.0664392
0.0659668
0.0656289
0.0653477
0.0649167
0.064649
0.0642151
0.0638597
0.0634693
0.0630947
0.0627708
0.0624
0.0619953
0.0616079
0.061303
0.0609364
0.0605386
0.0601726
0.0596548
0.059411
0.0591093
0.0586354
0.0582448
0.0579117
0.057523
0.0571113
0.0567518
0.0563678
0.0559235
0.0555822
0.0551435
0.0547906
0.0544011
0.0540035
0.0536238
0.0532635
0.0529212
0.0525478
0.0522215
0.0518187
0.051487
0.0511523
0.0507124
0.0502364
0.0499358
0.0495096
0.0491016
0.0486719
0.048339
0.0479273
0.0476397
0.0471488
0.0468419
0.0464657
0.0461166
0.0456578
0.0452161
0.0448715
0.0444679
0.0438791
0.0437176
0.0433277
0.0430239
0.0426845
0.0423567
0.0420069
0.0417653
0.0414596
0.0411324
0.0408159
0.0405745
0.040332
0.0400729
0.0396469
0.0395357
0.0393043
0.0390018
0.0387951
0.0385226
0.0382597
0.0380127
0.0377957
0.0375558
0.0373749
0.0373749
0.0373749
0.0373749
0.0373749
0.0373749
0.0373749
0.0373749
0.0373749
0.0373749
0.0373749
0.0373749
0.0373749
0.0373749
0.0373749
0.0373749
0.0373749
0.0373749
0.0373749
0.0373749
0.0373749
0.0373749
0.0373749
0.0373749
0.0373749
0.0373749
0.0373749
0.0373749
0.0373749
0.0373749
0.0373749
0.0373749
0.0373749
0.0373749
0.0373749
0.0373749
0.0373749
0.0373749
0.0373749
0.0373749
0.0373749
0.0373749
0.0373749
0.0373749
0.0373749
0.0373749
0.0373749
0.0373749
0.0373749
0.0373749
0.0373749
0.0373749
0.0373749
0.0373749
0.0373749
0.0373749
0.0373749
0.0373749
0.0373749
0.0373749
0.0373749
0.0373749
0.0373749
0.0373749
0.0373749
0.0373749
0.0373749
0.0373749
0.0373749
0.0373749
0.0373749
0.0373749
0.0373749
0.0373749
0.0373749
0.0373749
0.0373749
0.0373749
0.0373749
0.0373749
0.0373749
0.0373749
0.0373749
0.0373749
0.0373749
0.0373749
0.0373749
0.0373749
0.0373749
0.0373749
0.0373749
0.0373749
0.0373749
0.0373749
0.0373749
0.0373749
0.0373749
0.0373749
0.0373749
0.0373749
0.0373749
0.0373749
0.0373749
0.0373749
0.0373749
0.0373749
0.0373749
0.0373749
0.0373749
0.0373749
0.0373749
0.0373749
0.0373749
0.0373749
0.0373749
0.0373749
0.0373749
0.0373749
0.0373749
0.0373749
0.0373749
0.0373749
0.0373749
0.0373749
0.0373749
0.0373749
0.0373749
0.0373749
0.0373749
0.0373749
0.0373749
0.0373749
0.0373749
0.0373749
0.0373749
0.0373749
0.0373749
0.0373749
0.0373749
0.0373749
0.0373749
0.0373749
0.0373749
0.0373749
0.0373749
0.0373749
0.0373749
0.0373749
0.0373749
0.0373749
0.0373749
0.0373749
0.0373749
0.0373749
0.0373749
0.0373749
0.0373749
0.0373749
0.0373749
0.0373749
0.0373749
0.0373749
0.0373749
0.0373749
0.0373749
0.0373749
0.0373749
0.0373749
0.0373749
0.0373749
0.0373749
0.0373749
0.0373749
0.0373749
0.0373749
0.0373749
0.0373749
0.0373749
0.0373749
0.0373749
0.0373749
0.0373749
0.0373749
0.0373749
0.0373749
0.0373749
0.0373749
0.0373749
0.0373749
0.0373749
0.0373749
0.0373749
0.0373749
0.0373749
0.0373749
0.0373749
0.0373749
0.0373749
0.0373749
0.0373749
0.0373749
0.0373749
0.0373749
0.0373749
0.0373749
0.0373749
0.0373749
0.0373749
0.0373749
0.0373749
0.0373749
0.0373749
0.0373749
0.0373749
0.0373749
0.0373749
0.0373749
0.0373749
0.0373749
0.0373749
0.0373749
0.0373749
0.0373749
0.0373749
0.0373749
0.0373749
0.0373749
0.0373749
0.0373749
0.0373749
0.0373749
0.0373749
0.0373749
0.0373749
0.0373749
0.0373749
0.0373749
0.0373749
0.0373749
0.0373749
0.0373749
0.0373749
0.0373749
0.0373749
0.0373749
0.0373749
0.0373749
0.0373749
0.0373749
0.0373749
0.0373749
0.0373749
0.0373749
0.0373749
0.0373749
0.0373749
0.0373749
0.0373749
0.0373749
0.0373749
0.0373749
0.0373749
0.0373749
0.0373749
0.0373749
0.0373749
0.0373749
0.0373749
0.0373749
0.0373749
0.0373749
0.0373749
0.0373749
0.0373749
0.0373749
0.0373749
0.0373749
0.0373749
0.0373749
0.0373749
0.0373749
0.0373749
0.0373749
0.0373749
0.0373749
0.0373749
0.0373749
0.0373749
0.0373749
0.0373749
0.0373749
0.0373749
0.0373749
0.0373749
0.0373749
0.0373749
0.0373749
0.0373749
0.0373749
0.0373749
0.0373749
0.0373749
0.0373749
0.0373749
0.0373749
0.0373749
0.0373749
0.0373749
0.0373749
0.0373749
0.0373749
0.0373749
0.0373749
0.0373749
0.0373749
0.0373749
0.0373749
0.0373749
0.0373749
0.0373749
0.0373749
0.0373749
0.0373749
0.0373749
0.0373749
0.0373749
0.0373749
0.0373749
0.0373749
0.0373749
0.0373749
0.0373749
0.0373749
0.0373749
0.0373749
0.0373749
0.0373749
0.0373749
0.0373749
0.0373749
0.0373749
0.0373749
0.0373749
0.0373749
0.0373749
0.0373749
0.0373749
0.0373749
0.0373749
0.0373749
0.0373749
0.0373749
0.0373749
0.0373749
0.0373749
0.0373749
0.0373749
0.0373749
0.0373749
0.0373749
0.0373749
0.0373749
0.0373749
0.0373749
0.0373749
0.0373749
0.0373749
0.0373749
0.0373749
0.0373749
0.0373749
0.0373749
0.0373749
0.0373749
0.0373749
0.0373749
0.0373749
0.0373749
0.0373749
0.0373749
0.0373749
0.0373749
0.0373749
0.0373749
0.0373749
0.0373749
0.0373749
0.0373749
0.0373749
0.0373749
0.0373749
0.0373749
0.0373749
0.0373749
0.0373749
0.0373749
0.0373749
0.0373749
0.0373749
0.0373749
0.0373749
0.0373749
0.0373749
0.0373749
0.0373749
0.0373749
0.0373749
0.0373749
0.0373749
0.0373749
0.0373749
0.0373749
0.0373749
0.0373749
0.0373749
0.0373749
0.0373749
0.0373749
0.0373749
0.0373749
0.0373749
0.0373749
0.0373749
0.0373749
0.0373749
0.0373749
0.0373749
0.0373749
0.0373749
0.0373749
0.0373749
0.0373749
0.0373749
0.0373749
0.0373749
0.0373749
0.0373749
0.0373749
0.0373749
0.0373749
0.0373749
0.0373749
0.0373749
0.0373749
0.0373749
0.0373749
0.0373749
0.0373749
0.0373749
0.0373749
0.0373749
0.0373749
0.0373749
0.0373749
0.0373749
0.0373749
0.0373749
0.0373749
0.0373749
0.0373749
0.0373749
0.0373749
0.0373749
0.0373749
0.0373749
0.0373749
0.0373749
0.0373749
0.0373749
0.0373749
0.0373749
0.0373749
0.0373749
0.0373749
0.0373749
0.0373749
0.0373749
0.0373749
0.0373749
0.0373749
0.0373749
0.0373749
0.0373749
0.0373749
0.0373749
0.0373749
0.0373749
0.0373749
0.0373749
0.0373749
0.0373749
0.0373749
0.0373749
0.0373749
0.0373749
0.0373749
0.0373749
0.0373749
0.0373749
0.0373749
0.0373749
0.0373749
0.0373749
0.0373749
0.0373749
0.0373749
0.0373749
0.0373749
0.0373749
0.0373749
0.0373749
0.0373749
0.0373749
0.0373749
0.0373749
0.0373749
0.0373749
0.0373749
0.0373749
0.0373749
0.0373749
0.0373749
0.0373749
0.0373749
0.0373749
0.0373749
0.0373749
0.0373749
0.0373749
0.0373749
0.0373749
0.0373749
0.0373749
0.0373749
0.0373749
0.0373749
0.0373749
0.0373749
0.0373749
0.0373749
0.0373749
0.0373749
0.0373749
0.0373749
0.0373749
0.0373749
0.0373749
0.0373749
0.0373749
0.0373749
0.0373749
0.0373749
0.0373749
0.0373749
0.0373749
0.0373749
0.0373749
0.0373749
0.0373749
0.0373749
0.0373749
0.0373749
0.0373749
0.0373749
0.0373749
0.0373749
0.0373749
0.0373749
0.0373749
0.0373749
0.0373749
0.0373749
0.0373749
0.0373749
0.0373749
0.0373749
0.0373749
0.0373749
0.0373749
0.0373749
0.0373749
0.0373749
0.0373749
0.0373749
0.0373749
0.0373749
0.0373749
0.0373749
0.0373749
0.0373749
0.0373749
0.0373749
0.0373749
0.0373749
0.0373749
0.0373749
0.0373749
0.0373749
0.0373749
0.0373749
0.0373749
0.0373749
0.0373749
0.0373749
0.0373749
0.0373749
0.0373749
0.0373749
0.0373749
0.0373749
0.0373749
0.0373749
0.0373749
0.0373749
0.0373749
0.0373749
0.0373749
0.0373749
0.0373749
0.0373749
0.0373749
0.0373749
0.0373749
0.0373749
0.0373749
0.0373749
0.0373749
0.0373749
0.0373749
0.0373749
0.0373749
0.0373749
0.0373749
0.0373749
0.0373749
0.0373749
0.0373749
0.0373749
0.0373749
0.0373749
0.0373749
0.0373749
0.0373749
0.0373749
0.0373749
0.0373749
0.0373749
0.0373749
0.0373749
0.0373749
0.0373749
0.0373749
0.0373749
0.0373749
0.0373749
0.0373749
0.0373749
