5.59484e+08
2.45408e+08
1.23825e+08
3.66524e+07
1.33813e+07
6.54355e+06
6.54355e+06
6.54355e+06
6.54355e+06
6.54355e+06
6.54355e+06
6.54355e+06
6.54355e+06
6.54355e+06
3.90127e+06
3.90127e+06
3.06951e+06
2.95713e+06
1.80253e+06
1.80253e+06
1.80253e+06
1.67025e+06
1.67025e+06
1.14362e+06
1.10946e+06
826991
826991
736058
381828
381828
381828
381828
371114
371114
371114
234256
234256
165125
89388.2
89388.2
89388.2
89388.2
89388.2
89388.2
77993.2
77993.2
66099
66099
37218.6
37218.6
37218.6
28102.4
17070.3
16401.3
15784.7
15784.7
15784.7
8619.31
6775.63
6775.63
6161.4
5293.79
3095.85
2669.47
2669.47
1711.72
1597.36
1597.36
1597.36
1411.64
1273.15
1241
750.349
750.349
750.349
750.349
750.349
750.349
750.349
750.349
750.349
750.349
750.349
745.073
588.949
534.026
474.202
326.431
326.431
322.021
293.768
226.056
226.056
226.056
194.309
177.991
154.098
131.942
104.243
104.243
103.079
103.079
103.079
97.9123
92.7909
83.7797
77.3101
62.6747
56.2642
56.2642
56.2642
45.2581
41.5913
41.5913
41.5913
41.5913
41.5913
41.5913
40.9031
40.9031
40.2494
39.3428
36.8008
35.5574
35.1094
33.3949
31.7122
31.5869
31.5869
31.4432
30.923
30.5815
30.3491
30.3491
29.5159
29.5159
29.0617
29.0455
28.9595
28.707
28.4577
28.3123
28.3123
28.0734
28.0734
28.0663
27.7595
27.6261
27.3921
27.333
27.2762
27.1829
27.1769
27.1541
27.0159
26.9581
26.8189
26.8189
26.6195
26.5432
26.5347
26.4812
26.4403
26.3489
26.3114
26.274
26.1952
26.1183
26.0728
26.0243
25.9783
25.906
25.8612
25.8117
25.7801
25.7203
25.6803
25.6252
25.555
25.5227
25.4816
25.4194
25.3728
25.3248
25.2718
25.2307
25.1811
25.1267
25.0803
25.0347
24.9785
24.9341
24.8905
24.8414
24.7961
24.7523
24.7078
24.6636
24.6243
24.5747
24.5353
24.4933
24.4535
24.4094
24.3744
24.3328
24.2895
24.2533
24.2148
24.1775
24.1267
24.0924
24.0524
24.015
23.9694
23.9354
23.8909
23.8522
23.8107
23.7711
23.7303
23.691
23.6492
23.6067
23.5652
23.5238
23.4819
23.4357
23.3981
23.3517
23.3081
23.2626
23.2137
23.1673
23.1236
23.0767
23.0341
22.9881
22.9413
22.8922
22.8451
22.8038
22.7553
22.7102
22.6562
22.612
22.5695
22.5192
22.4738
22.43
22.3811
22.3247
22.2816
22.2348
22.1832
22.1336
22.0878
22.0325
21.9824
21.9299
21.8804
21.8255
21.7787
21.7275
21.6766
21.6227
21.5668
21.5157
21.4601
21.3996
21.358
21.3062
21.2532
21.2038
21.1497
21.0982
21.0528
21.0015
20.9507
20.8932
20.8446
20.7986
20.7362
20.6877
20.6287
20.5752
20.5254
20.4659
20.4134
20.3594
20.3013
20.2448
20.186
20.1295
20.0743
20.0143
19.9626
19.9063
19.8457
19.7922
19.7389
19.6871
19.6279
19.5776
19.5291
19.4783
19.4317
19.3867
19.3311
19.2857
19.2328
19.1758
19.1279
19.0751
19.0215
18.9655
18.9118
18.8656
18.8135
18.7562
18.7062
18.6496
18.6026
18.5543
18.502
18.446
18.3867
18.3387
18.2904
18.2176
18.1796
18.1233
18.0671
18.0106
17.9595
17.9027
17.8383
17.7758
17.7224
17.6541
17.5891
17.5263
17.4704
17.4105
17.3462
17.2714
17.2258
17.1694
17.1048
17.0546
16.9873
16.9324
16.8778
16.826
16.7672
16.6912
16.656
16.5868
16.5301
16.4616
16.4053
16.3545
16.2982
16.2444
16.1761
16.128
16.0674
16.0069
15.9569
15.897
15.8478
15.7882
15.7379
15.6816
15.6263
15.5722
15.5155
15.4512
15.4009
15.3476
15.2802
15.2336
15.1801
15.1316
15.0728
15.0271
14.9787
14.9238
14.8735
14.8268
14.7811
14.7352
14.6863
14.6367
14.5953
14.5435
14.4946
14.4535
14.4027
14.3471
14.3003
14.2584
14.2075
14.1603
14.1178
14.0693
14.0237
13.9797
13.9263
13.8835
13.8339
13.7889
13.7371
13.6938
13.6458
13.5997
13.5483
13.5015
13.4548
13.4049
13.3587
13.3131
13.263
13.2212
13.1719
13.1252
13.0828
13.036
12.9876
12.9444
12.896
12.8454
12.7951
12.7419
12.6884
12.6457
12.5916
12.5404
12.4867
12.434
12.381
12.3266
12.2717
12.2123
12.1588
12.1046
12.0404
11.9837
11.9289
11.8682
11.8066
11.7478
11.6924
11.6315
11.5723
11.5136
11.4682
11.4091
11.3506
11.2878
11.2302
11.1719
11.112
11.0545
10.9989
10.9407
10.8803
10.8242
10.7595
10.7093
10.6559
10.5994
10.5422
10.4891
10.4275
10.3742
10.3152
10.2542
10.204
10.1426
10.0946
10.0398
9.98285
9.92533
9.86112
9.80411
9.73839
9.69093
9.63114
9.57131
9.51791
9.46267
9.40734
9.34952
9.29635
9.23717
9.18947
9.13693
9.08557
9.03191
8.97858
8.9314
8.8718
8.82494
8.77836
8.72341
8.66697
8.61182
8.56135
8.50806
8.44851
8.39678
8.33513
8.27784
8.22434
8.16347
8.10296
8.04526
7.99058
7.93001
7.8798
7.82766
7.76835
7.71653
7.6604
7.61215
7.55891
7.51012
7.45447
7.40316
7.34472
7.2897
7.25235
7.20061
7.15445
7.10973
7.04961
7.01305
6.95728
6.9157
6.86768
6.81075
6.76887
6.72199
6.67033
6.60936
6.5658
6.52149
6.47084
6.42622
6.37837
6.33256
6.29398
6.24708
6.20087
6.15303
6.10863
6.06363
6.02127
5.97777
5.92986
5.8873
5.84575
5.80169
5.75966
5.716
5.67416
5.62872
5.59096
5.54999
5.50391
5.45808
5.42198
5.38575
5.33919
5.29447
5.24925
5.20509
5.16145
5.10888
5.07557
5.03287
4.98616
4.94044
4.89888
4.84258
4.81068
4.76342
4.71619
4.67235
4.627
4.57953
4.53696
4.48904
4.43607
4.38996
4.34281
4.29229
4.24189
4.19315
4.1477
4.09604
4.03989
3.99731
3.94304
3.90262
3.85544
3.79416
3.7474
3.69024
3.6414
3.59121
3.53919
3.49011
3.43785
3.38388
3.34288
3.28637
3.24009
3.18381
3.13177
3.09617
3.04765
2.9948
2.94964
2.89974
2.84707
2.80274
2.75321
2.70176
2.65604
2.60977
2.55723
2.51229
2.46784
2.41042
2.36309
2.31724
2.26532
2.21262
2.16339
2.10937
2.0621
1.99912
1.95316
1.90544
1.85116
1.79579
1.74694
1.697
1.64717
1.60123
1.55139
1.50725
1.46049
1.41848
1.37996
1.33713
1.29529
1.25564
1.21786
1.18146
1.13875
1.1083
1.06629
1.02855
0.989746
0.956704
0.917873
0.882132
0.84841
0.819912
0.78802
0.755415
0.727529
0.696735
0.673444
0.642947
0.61692
0.592834
0.568397
0.543684
0.520697
0.49859
0.479657
0.454886
0.437797
0.420389
0.403184
0.386299
0.370531
0.352658
0.341609
0.323562
0.310842
0.295044
0.283984
0.270667
0.259414
0.246803
0.236761
0.226796
0.214825
0.207644
0.199562
0.191174
0.182604
0.175636
0.168215
0.161434
0.155436
0.149095
0.143429
0.137481
0.132122
0.126983
0.122704
0.117326
0.112404
0.108596
0.104361
0.100727
0.0968416
0.092995
0.0892346
0.0863131
0.0831251
0.0800203
0.0774869
0.0746048
0.0721606
0.0693614
0.0672869
0.064889
0.0628369
0.0610108
0.058949
0.0570932
0.055231
0.0535629
0.0518899
0.0503579
0.0489236
0.0474908
0.0461422
0.044867
0.0437148
0.0425413
0.0414645
0.0404515
0.0394029
0.0384486
0.0374998
0.0365203
0.0357462
0.0349448
0.0341126
0.0333778
0.0326523
0.031848
0.0311974
0.0305616
0.0298712
0.0292526
0.0292526
0.0292526
0.0292526
0.0292526
0.0292526
0.0292526
0.0292526
0.0292526
0.0292526
0.0292526
0.0292526
0.0292526
0.0292526
0.0292526
0.0292526
0.0292526
0.0292526
0.0292526
0.0292526
0.0292526
0.0292526
0.0292526
0.0292526
0.0292526
0.0292526
0.0292526
0.0292526
0.0292526
0.0292526
0.0292526
0.0292526
0.0292526
0.0292526
0.0292526
0.0292526
0.0292526
0.0292526
0.0292526
0.0292526
0.0292526
0.0292526
0.0292526
0.0292526
0.0292526
0.0292526
0.0292526
0.0292526
0.0292526
0.0292526
0.0292526
0.0292526
0.0292526
0.0292526
0.0292526
0.0292526
0.0292526
0.0292526
0.0292526
0.0292526
0.0292526
0.0292526
0.0292526
0.0292526
0.0292526
0.0292526
0.0292526
0.0292526
0.0292526
0.0292526
0.0292526
0.0292526
0.0292526
0.0292526
0.0292526
0.0292526
0.0292526
0.0292526
0.0292526
0.0292526
0.0292526
0.0292526
0.0292526
0.0292526
0.0292526
0.0292526
0.0292526
0.0292526
0.0292526
0.0292526
0.0292526
0.0292526
0.0292526
0.0292526
0.0292526
0.0292526
0.0292526
0.0292526
0.0292526
0.0292526
0.0292526
0.0292526
0.0292526
0.0292526
0.0292526
0.0292526
0.0292526
0.0292526
0.0292526
0.0292526
0.0292526
0.0292526
0.0292526
0.0292526
0.0292526
0.0292526
0.0292526
0.0292526
0.0292526
0.0292526
0.0292526
0.0292526
0.0292526
0.0292526
0.0292526
0.0292526
0.0292526
0.0292526
0.0292526
0.0292526
0.0292526
0.0292526
0.0292526
0.0292526
0.0292526
0.0292526
0.0292526
0.0292526
0.0292526
0.0292526
0.0292526
0.0292526
0.0292526
0.0292526
0.0292526
0.0292526
0.0292526
0.0292526
0.0292526
0.0292526
0.0292526
0.0292526
0.0292526
0.0292526
0.0292526
0.0292526
0.0292526
0.0292526
0.0292526
0.0292526
0.0292526
0.0292526
0.0292526
0.0292526
0.0292526
0.0292526
0.0292526
0.0292526
0.0292526
0.0292526
0.0292526
0.0292526
0.0292526
0.0292526
0.0292526
0.0292526
0.0292526
0.0292526
0.0292526
0.0292526
0.0292526
0.0292526
0.0292526
0.0292526
0.0292526
0.0292526
0.0292526
0.0292526
0.0292526
0.0292526
0.0292526
0.0292526
0.0292526
0.0292526
0.0292526
0.0292526
0.0292526
0.0292526
0.0292526
0.0292526
0.0292526
0.0292526
0.0292526
0.0292526
0.0292526
0.0292526
0.0292526
0.0292526
0.0292526
0.0292526
0.0292526
0.0292526
0.0292526
0.0292526
0.0292526
0.0292526
0.0292526
0.0292526
0.0292526
0.0292526
0.0292526
0.0292526
0.0292526
0.0292526
0.0292526
0.0292526
0.0292526
0.0292526
0.0292526
0.0292526
0.0292526
0.0292526
0.0292526
0.0292526
0.0292526
0.0292526
0.0292526
0.0292526
0.0292526
0.0292526
0.0292526
0.0292526
0.0292526
0.0292526
0.0292526
0.0292526
0.0292526
0.0292526
0.0292526
0.0292526
0.0292526
0.0292526
0.0292526
0.0292526
0.0292526
0.0292526
0.0292526
0.0292526
0.0292526
0.0292526
0.0292526
0.0292526
0.0292526
0.0292526
0.0292526
0.0292526
0.0292526
0.0292526
0.0292526
0.0292526
0.0292526
0.0292526
0.0292526
0.0292526
0.0292526
0.0292526
0.0292526
0.0292526
0.0292526
0.0292526
0.0292526
0.0292526
0.0292526
0.0292526
0.0292526
0.0292526
0.0292526
0.0292526
0.0292526
0.0292526
0.0292526
0.0292526
0.0292526
0.0292526
0.0292526
0.0292526
0.0292526
0.0292526
0.0292526
0.0292526
0.0292526
0.0292526
0.0292526
0.0292526
0.0292526
0.0292526
0.0292526
0.0292526
0.0292526
0.0292526
0.0292526
0.0292526
0.0292526
0.0292526
0.0292526
0.0292526
0.0292526
0.0292526
0.0292526
0.0292526
0.0292526
0.0292526
0.0292526
0.0292526
0.0292526
0.0292526
0.0292526
0.0292526
0.0292526
0.0292526
0.0292526
0.0292526
0.0292526
0.0292526
0.0292526
0.0292526
0.0292526
0.0292526
0.0292526
0.0292526
0.0292526
0.0292526
0.0292526
0.0292526
0.0292526
0.0292526
0.0292526
0.0292526
0.0292526
0.0292526
0.0292526
0.0292526
0.0292526
0.0292526
0.0292526
0.0292526
0.0292526
0.0292526
0.0292526
0.0292526
0.0292526
0.0292526
0.0292526
0.0292526
0.0292526
0.0292526
0.0292526
0.0292526
0.0292526
0.0292526
0.0292526
0.0292526
0.0292526
0.0292526
0.0292526
0.0292526
0.0292526
0.0292526
0.0292526
0.0292526
0.0292526
0.0292526
0.0292526
0.0292526
0.0292526
0.0292526
0.0292526
0.0292526
0.0292526
0.0292526
0.0292526
0.0292526
0.0292526
0.0292526
0.0292526
0.0292526
0.0292526
0.0292526
0.0292526
0.0292526
0.0292526
0.0292526
0.0292526
0.0292526
0.0292526
0.0292526
0.0292526
0.0292526
0.0292526
0.0292526
0.0292526
0.0292526
0.0292526
0.0292526
0.0292526
0.0292526
0.0292526
0.0292526
0.0292526
0.0292526
0.0292526
0.0292526
0.0292526
0.0292526
0.0292526
0.0292526
0.0292526
0.0292526
0.0292526
0.0292526
0.0292526
0.0292526
0.0292526
0.0292526
0.0292526
0.0292526
0.0292526
0.0292526
0.0292526
0.0292526
0.0292526
0.0292526
0.0292526
0.0292526
0.0292526
0.0292526
0.0292526
0.0292526
0.0292526
0.0292526
0.0292526
0.0292526
0.0292526
0.0292526
0.0292526
0.0292526
0.0292526
0.0292526
0.0292526
0.0292526
0.0292526
0.0292526
0.0292526
0.0292526
0.0292526
0.0292526
0.0292526
0.0292526
0.0292526
0.0292526
0.0292526
0.0292526
0.0292526
0.0292526
0.0292526
0.0292526
0.0292526
0.0292526
0.0292526
0.0292526
0.0292526
0.0292526
0.0292526
0.0292526
0.0292526
0.0292526
0.0292526
0.0292526
0.0292526
0.0292526
0.0292526
0.0292526
0.0292526
0.0292526
0.0292526
0.0292526
0.0292526
0.0292526
0.0292526
0.0292526
0.0292526
0.0292526
0.0292526
0.0292526
0.0292526
0.0292526
0.0292526
0.0292526
0.0292526
0.0292526
0.0292526
0.0292526
0.0292526
0.0292526
0.0292526
0.0292526
0.0292526
0.0292526
0.0292526
0.0292526
0.0292526
0.0292526
0.0292526
0.0292526
0.0292526
0.0292526
0.0292526
0.0292526
0.0292526
0.0292526
0.0292526
0.0292526
0.0292526
0.0292526
0.0292526
0.0292526
0.0292526
0.0292526
0.0292526
0.0292526
0.0292526
0.0292526
0.0292526
0.0292526
0.0292526
0.0292526
0.0292526
0.0292526
0.0292526
0.0292526
0.0292526
0.0292526
0.0292526
0.0292526
0.0292526
0.0292526
0.0292526
0.0292526
0.0292526
0.0292526
0.0292526
0.0292526
0.0292526
0.0292526
0.0292526
0.0292526
0.0292526
0.0292526
0.0292526
0.0292526
0.0292526
0.0292526
0.0292526
0.0292526
0.0292526
0.0292526
0.0292526
0.0292526
0.0292526
0.0292526
0.0292526
0.0292526
0.0292526
0.0292526
0.0292526
0.0292526
0.0292526
0.0292526
0.0292526
0.0292526
0.0292526
0.0292526
0.0292526
0.0292526
0.0292526
0.0292526
0.0292526
0.0292526
0.0292526
0.0292526
0.0292526
0.0292526
0.0292526
0.0292526
0.0292526
0.0292526
0.0292526
0.0292526
0.0292526
0.0292526
0.0292526
0.0292526
0.0292526
0.0292526
0.0292526
0.0292526
0.0292526
0.0292526
0.0292526
0.0292526
0.0292526
0.0292526
0.0292526
0.0292526
0.0292526
0.0292526
0.0292526
0.0292526
0.0292526
0.0292526
0.0292526
0.0292526
0.0292526
0.0292526
0.0292526
0.0292526
0.0292526
0.0292526
0.0292526
0.0292526
0.0292526
0.0292526
0.0292526
0.0292526
0.0292526
0.0292526
0.0292526
0.0292526
0.0292526
0.0292526
0.0292526
0.0292526
0.0292526
0.0292526
0.0292526
0.0292526
0.0292526
0.0292526
0.0292526
0.0292526
0.0292526
0.0292526
0.0292526
0.0292526
0.0292526
0.0292526
0.0292526
0.0292526
0.0292526
0.0292526
0.0292526
0.0292526
0.0292526
0.0292526
0.0292526
0.0292526
0.0292526
0.0292526
0.0292526
0.0292526
0.0292526
0.0292526
0.0292526
0.0292526
0.0292526
0.0292526
0.0292526
0.0292526
0.0292526
0.0292526
0.0292526
0.0292526
0.0292526
0.0292526
0.0292526
0.0292526
0.0292526
0.0292526
0.0292526
0.0292526
0.0292526
0.0292526
0.0292526
0.0285068
0.0273898
0.0263135
0.0252089
0.0242041
0.0233237
0.0224353
0.0215462
0.0207544
0.0199544
0.0191756
0.0185121
0.0178629
0.0172486
0.0166518
0.0166518
0.0166518
0.0166518
0.0166518
0.0166518
0.0166518
0.0166518
0.0166518
0.0166518
0.0166518
0.0166518
0.0166518
0.0166518
0.0166518
0.0166518
0.0166518
0.0166518
0.0166518
0.0166518
0.0166518
0.0166518
0.0166518
0.0166518
0.0166518
0.0166518
0.0166518
0.0166518
0.0166518
0.0166518
0.0166518
0.0166518
0.0166518
0.0166518
0.0166518
0.0166518
0.0166518
0.0166518
0.0166518
0.0166518
0.0166518
0.0166518
0.0166518
0.0166518
0.0166518
0.0166518
0.0166518
0.0166518
0.0166518
0.0166518
0.0166518
0.0166518
0.0166518
0.0166518
0.0166518
0.0166518
0.0166518
0.0166518
0.0166518
0.0166518
0.0166518
0.0166518
0.0166518
0.0166518
0.0166518
0.0166518
0.0166518
0.0166518
0.0166518
0.0166518
0.0166518
0.0166518
0.0166518
0.0166518
0.0166518
0.0166518
0.0166518
0.0166518
0.0166518
0.0166518
0.0166518
0.0166518
0.0166518
0.0166518
0.0166518
0.0166518
0.0166518
0.0166518
0.0166518
0.0166518
0.0166518
0.0166518
0.0166518
0.0166518
0.0166518
0.0166518
0.0166518
0.0166518
0.0166518
0.0166518
0.0166518
0.0166518
0.0166518
0.0166518
0.0166518
0.0166518
0.0166518
0.0166518
0.0166518
0.0166518
0.0166518
0.0166518
0.0166518
0.0166518
0.0166518
0.0166518
0.0166518
0.0166518
0.0166518
0.0166518
0.0166518
0.0166518
0.0166518
0.0166518
0.0166518
0.0166518
0.0166518
0.0166518
0.0166518
0.0166518
0.0166518
0.0166518
0.0166518
0.0166518
0.0166518
0.0166518
0.0166518
0.0166518
0.0166518
0.0166518
0.0166518
0.0166518
0.0166518
0.0166518
0.0166518
0.0166518
0.0166518
0.0166518
0.0166518
0.0166518
0.0166518
0.0166518
0.0166518
0.0166518
0.0166518
0.0166518
0.0166518
0.0166518
0.0166518
0.0166518
0.0166518
0.0166518
0.0166518
0.0166518
0.0166518
0.0166518
0.0166518
0.0166518
0.0166518
0.0166518
0.0166518
0.0166518
0.0166518
0.0166518
0.0166518
0.0166518
0.0166518
0.0166518
0.0166518
0.0166518
0.0166518
0.0166518
0.0166518
0.0166518
0.0166518
0.0166518
0.0166518
0.0166518
0.0166518
0.0166518
0.0166518
0.0166518
0.0166518
0.0166518
0.0166518
0.0166518
0.0166518
0.0166518
0.0166518
0.0166518
0.0166518
0.0166518
0.0166518
0.0166518
0.0166518
0.0166518
0.0166518
0.0166518
0.0166518
0.0166518
0.0166518
0.0166518
0.0166518
0.0166518
0.0166518
0.0166518
0.0166518
0.0166518
0.0166518
0.0166518
0.0166518
0.0166518
0.0166518
0.0166518
0.0166518
0.0166518
0.0166518
0.0166518
0.0166518
0.0166518
0.0166518
0.0166518
0.0166518
0.0166518
0.0166518
0.0166518
0.0166518
0.0166518
0.0166518
0.0166518
0.0166518
0.0166518
0.0166518
0.0166518
0.0166518
0.0166518
0.0166518
0.0166518
0.0166518
0.0166518
0.0166518
0.0166518
0.0166518
0.0166518
0.0166518
0.0166518
0.0166518
0.0166518
0.0166518
0.0166518
0.0166518
0.0166518
0.0166518
0.0166518
0.0166518
0.0166518
0.0166518
0.0166518
0.0166518
0.0166518
0.0166518
0.0166518
0.0166518
0.0166518
0.0166518
0.0166518
0.0166518
0.0166518
0.0166518
0.0166518
0.0166518
0.0166518
0.0166518
0.0166518
0.0166518
0.0166518
0.0166518
0.0166518
0.0166518
0.0166518
0.0166518
0.0166518
0.0166518
