4.23496e+08
1.87263e+08
8.72323e+07
3.28652e+07
8.27452e+06
8.27452e+06
8.27452e+06
8.27452e+06
8.27452e+06
8.27452e+06
8.27452e+06
8.27452e+06
8.27452e+06
8.27452e+06
8.27452e+06
7.15647e+06
4.27564e+06
2.28655e+06
1.57606e+06
1.57606e+06
1.57606e+06
1.57606e+06
1.57606e+06
1.57606e+06
1.57606e+06
1.28069e+06
1.28069e+06
645086
389371
311163
311163
164804
161006
137785
137785
137785
137785
109783
109783
103678
84904.5
45255.2
38085
23706
12285.6
12285.6
9377.01
9377.01
9377.01
9377.01
9377.01
8694.29
7902.61
7369.1
7369.1
4564.62
4323.71
2568.8
2198.85
1469.8
1469.8
1129.56
1129.56
914.401
914.401
914.401
791.071
758.952
758.952
714.623
584.085
544.529
542.772
343.891
309.478
225.655
225.655
197.502
168.394
168.394
148.849
148.849
114.232
114.232
114.232
104.8
74.2286
74.2286
74.2286
74.2286
64.2447
64.2447
60.8162
54.6468
46.294
46.294
46.294
46.294
45.3484
45.3484
39.5519
39.5519
39.244
39.244
37.4383
37.4383
36.9317
34.8838
34.3973
34.3973
34.3973
34.3973
33.1467
33.1467
33.1467
32.6336
32.066
31.3437
30.0864
29.7537
29.7537
29.5291
29.3212
29.2667
29.2667
29.1184
28.5996
28.5996
28.3555
28.3481
28.1708
28.1517
27.9358
27.8458
27.6391
27.604
27.3602
27.2642
27.1975
26.9992
26.9992
26.9177
26.75
26.6992
26.607
26.4901
26.4376
26.3698
26.3001
26.2331
26.1726
26.0495
26.0058
25.9429
25.9046
25.8512
25.7926
25.7597
25.7107
25.619
25.5842
25.5335
25.4713
25.4249
25.363
25.3084
25.2538
25.213
25.1569
25.0972
25.0542
24.9993
24.9542
24.9096
24.8662
24.8184
24.7758
24.7283
24.6802
24.6419
24.595
24.5428
24.5095
24.46
24.4228
24.3776
24.3368
24.2957
24.256
24.214
24.171
24.1316
24.0919
24.0476
24.0108
23.9669
23.9272
23.8923
23.85
23.8085
23.7642
23.7315
23.6921
23.6521
23.6154
23.574
23.5342
23.5004
23.4594
23.4188
23.3828
23.3452
23.3078
23.2675
23.2333
23.1963
23.1551
23.1162
23.0827
23.0396
23.0013
22.9613
22.9236
22.8826
22.8388
22.8034
22.7616
22.7246
22.6804
22.6434
22.6061
22.5665
22.5255
22.4891
22.4487
22.4102
22.3675
22.3351
22.2952
22.2594
22.2174
22.178
22.1382
22.1006
22.0579
22.0243
21.9845
21.9446
21.9091
21.8678
21.826
21.7889
21.7505
21.7124
21.6724
21.6384
21.5986
21.5614
21.5134
21.4813
21.4413
21.4
21.3571
21.3212
21.2829
21.2443
21.2043
21.1646
21.1261
21.0885
21.0484
21.0109
20.9713
20.9295
20.8855
20.8476
20.8067
20.7634
20.7195
20.679
20.6393
20.5983
20.5547
20.5131
20.4711
20.4294
20.3902
20.3469
20.3087
20.2715
20.234
20.1935
20.1546
20.1242
20.0855
20.0548
20.0227
19.9949
19.9642
19.9359
19.907
19.8828
19.8564
19.8281
19.8027
19.7796
19.7507
19.7108
19.6907
19.6589
19.6241
19.5851
19.5374
19.5039
19.4712
19.4216
19.3885
19.3514
19.3181
19.2793
19.252
19.2209
19.1879
19.1571
19.1283
19.0908
19.0627
19.0248
18.9929
18.9634
18.9301
18.8928
18.8605
18.8244
18.7875
18.7481
18.7072
18.6729
18.6286
18.5912
18.5581
18.5197
18.4839
18.4472
18.4079
18.3713
18.3337
18.2973
18.2629
18.2279
18.1938
18.1552
18.1211
18.0884
18.055
18.0182
17.9825
17.9473
17.9136
17.8773
17.8321
17.8008
17.7637
17.7218
17.6835
17.6468
17.6062
17.563
17.5273
17.4844
17.4471
17.4086
17.3628
17.3257
17.2838
17.2439
17.2005
17.1575
17.1192
17.0676
17.0326
16.9894
16.9474
16.8981
16.8547
16.8051
16.7629
16.7167
16.6697
16.619
16.5701
16.518
16.4769
16.4263
16.3797
16.3331
16.2883
16.2441
16.1945
16.153
16.1015
16.0528
16.0117
15.9651
15.9198
15.8783
15.8351
15.7916
15.7486
15.7007
15.658
15.6191
15.5725
15.5322
15.491
15.4496
15.4053
15.3616
15.3167
15.2717
15.2317
15.1892
15.146
15.1061
15.0672
15.0247
14.9855
14.9461
14.8998
14.8617
14.819
14.785
14.7456
14.7062
14.6673
14.6221
14.5882
14.5463
14.5084
14.4654
14.4259
14.386
14.3445
14.3012
14.2631
14.2257
14.1856
14.1484
14.1098
14.0667
14.0304
13.9927
13.9496
13.8986
13.8643
13.823
13.7812
13.7369
13.6978
13.6505
13.6051
13.5624
13.52
13.4808
13.4373
13.3969
13.3562
13.3175
13.2735
13.2292
13.1875
13.1458
13.1046
13.0651
13.0195
12.9852
12.9462
12.9066
12.8671
12.8254
12.7893
12.751
12.7069
12.6698
12.6265
12.5859
12.5442
12.5072
12.4683
12.4287
12.385
12.3447
12.304
12.2623
12.2214
12.1782
12.1342
12.0882
12.0543
12.0113
11.9678
11.9278
11.8829
11.8438
11.8068
11.7596
11.7193
11.681
11.6358
11.5941
11.5569
11.5119
11.4705
11.4236
11.3843
11.3381
11.2877
11.2521
11.2036
11.161
11.1163
11.0744
11.027
10.986
10.9431
10.8928
10.854
10.8111
10.7588
10.7162
10.6695
10.6258
10.5806
10.5346
10.4781
10.4416
10.3954
10.3439
10.3035
10.2608
10.2129
10.1706
10.1263
10.0777
10.0379
9.99092
9.94537
9.90229
9.8561
9.80902
9.76454
9.71332
9.66436
9.62266
9.57555
9.52321
9.47915
9.42251
9.38204
9.3312
9.28222
9.23106
9.18329
9.12856
9.08128
9.03042
8.98024
8.93116
8.87958
8.8253
8.77413
8.73184
8.67898
8.62975
8.58015
8.52869
8.47872
8.42731
8.37467
8.31703
8.25897
8.20288
8.14398
8.09502
8.04165
7.98033
7.92585
7.85982
7.80695
7.74146
7.6838
7.62209
7.56363
7.50485
7.44392
7.38353
7.32713
7.26322
7.21146
7.1589
7.10232
7.05441
7.00352
6.95134
6.8932
6.85064
6.80083
6.75721
6.71159
6.66246
6.61464
6.56834
6.52343
6.47574
6.42194
6.38296
6.33899
6.28879
6.25287
6.20358
6.16009
6.11039
6.06267
6.01531
5.97845
5.93937
5.89123
5.84595
5.80354
5.76442
5.72227
5.68274
5.6359
5.59355
5.55274
5.5139
5.4711
5.42867
5.38748
5.35213
5.31256
5.27447
5.23939
5.20054
5.16414
5.12074
5.07504
5.04684
5.0092
4.9639
4.92331
4.88918
4.84119
4.80688
4.76912
4.7205
4.68244
4.6417
4.60557
4.56577
4.52783
4.48538
4.44728
4.41211
4.36679
4.33091
4.28796
4.25483
4.21052
4.17314
4.13178
4.08437
4.05097
4.00561
3.96547
3.92319
3.88627
3.85264
3.80378
3.76981
3.72877
3.68916
3.64397
3.59451
3.55716
3.50802
3.46556
3.42429
3.38319
3.33563
3.2913
3.24694
3.20635
3.16266
3.11961
3.08314
3.03879
3.00337
2.96193
2.91909
2.879
2.8315
2.79004
2.75064
2.70342
2.65266
2.61194
2.55722
2.51925
2.47888
2.42967
2.38499
2.34174
2.29685
2.25643
2.21635
2.17281
2.12719
2.08333
2.03982
1.99761
1.96233
1.92075
1.87799
1.84514
1.79545
1.76284
1.72834
1.68497
1.65011
1.60636
1.57086
1.52923
1.49055
1.44806
1.41469
1.38023
1.34188
1.30628
1.27166
1.23871
1.1991
1.16493
1.1371
1.10517
1.0727
1.04121
1.0115
0.983857
0.952429
0.925992
0.89842
0.866854
0.843777
0.819199
0.792876
0.766398
0.744858
0.721694
0.696873
0.673322
0.653854
0.631834
0.612393
0.59351
0.570145
0.554427
0.536052
0.519322
0.502911
0.486964
0.47
0.456139
0.440204
0.42737
0.414307
0.40145
0.388164
0.37641
0.363786
0.352802
0.342382
0.331204
0.321124
0.310834
0.302485
0.293206
0.284486
0.276014
0.267802
0.259765
0.251933
0.245012
0.23793
0.230326
0.223821
0.217253
0.210989
0.204391
0.198119
0.192253
0.186535
0.181203
0.175716
0.170353
0.165308
0.159735
0.155567
0.150821
0.14588
0.141791
0.137369
0.133741
0.129628
0.126335
0.122779
0.119378
0.116029
0.11284
0.109699
0.106572
0.103923
0.101115
0.0985568
0.0960126
0.0935783
0.0910712
0.0886188
0.0863982
0.0842302
0.0820248
0.0797694
0.077898
0.075905
0.074048
0.0722088
0.0705119
0.0688288
0.0671296
0.0655669
0.0642292
0.0626853
0.0613141
0.059952
0.0586849
0.0572377
0.0560976
0.0548027
0.0536717
0.0523625
0.0513259
0.0502274
0.0491006
0.0481165
0.047143
0.0462198
0.0453194
0.044394
0.0435735
0.0427442
0.0419629
0.041126
0.0403699
0.0396262
0.0388869
0.0381842
0.0375088
0.0367609
0.0367609
0.0367609
0.0367609
0.0367609
0.0367609
0.0367609
0.0367609
0.0367609
0.0367609
0.0367609
0.0367609
0.0367609
0.0367609
0.0367609
0.0367609
0.0367609
0.0367609
0.0367609
0.0367609
0.0367609
0.0367609
0.0367609
0.0367609
0.0367609
0.0367609
0.0367609
0.0367609
0.0367609
0.0367609
0.0367609
0.0367609
0.0367609
0.0367609
0.0367609
0.0367609
0.0367609
0.0367609
0.0367609
0.0367609
0.0367609
0.0367609
0.0367609
0.0367609
0.0367609
0.0367609
0.0367609
0.0367609
0.0367609
0.0367609
0.0367609
0.0367609
0.0367609
0.0367609
0.0367609
0.0367609
0.0367609
0.0367609
0.0367609
0.0367609
0.0367609
0.0367609
0.0367609
0.0367609
0.0367609
0.0367609
0.0367609
0.0367609
0.0367609
0.0367609
0.0367609
0.0367609
0.0367609
0.0367609
0.0367609
0.0367609
0.0367609
0.0367609
0.0367609
0.0367609
0.0367609
0.0367609
0.0367609
0.0367609
0.0367609
0.0367609
0.0367609
0.0367609
0.0367609
0.0367609
0.0367609
0.0367609
0.0367609
0.0367609
0.0367609
0.0367609
0.0367609
0.0367609
0.0367609
0.0367609
0.0367609
0.0367609
0.0367609
0.0367609
0.0367609
0.0367609
0.0367609
0.0367609
0.0367609
0.0367609
0.0367609
0.0367609
0.0367609
0.0367609
0.0367609
0.0367609
0.0367609
0.0367609
0.0367609
0.0367609
0.0367609
0.0367609
0.0367609
0.0367609
0.0367609
0.0367609
0.0367609
0.0367609
0.0367609
0.0367609
0.0367609
0.0367609
0.0367609
0.0367609
0.0367609
0.0367609
0.0367609
0.0367609
0.0367609
0.0367609
0.0367609
0.0367609
0.0367609
0.0367609
0.0367609
0.0367609
0.0367609
0.0367609
0.0367609
0.0367609
0.0367609
0.0367609
0.0367609
0.0367609
0.0367609
0.0367609
0.0367609
0.0367609
0.0367609
0.0367609
0.0367609
0.0367609
0.0367609
0.0367609
0.0367609
0.0367609
0.0367609
0.0367609
0.0367609
0.0367609
0.0367609
0.0367609
0.0367609
0.0367609
0.0367609
0.0367609
0.0367609
0.0367609
0.0367609
0.0367609
0.0367609
0.0367609
0.0367609
0.0367609
0.0367609
0.0367609
0.0367609
0.0367609
0.0367609
0.0367609
0.0367609
0.0367609
0.0367609
0.0367609
0.0367609
0.0367609
0.0367609
0.0367609
0.0367609
0.0367609
0.0367609
0.0367609
0.0367609
0.0367609
0.0367609
0.0367609
0.0367609
0.0367609
0.0367609
0.0367609
0.0367609
0.0367609
0.0367609
0.0367609
0.0367609
0.0367609
0.0367609
0.0367609
0.0367609
0.0367609
0.0367609
0.0367609
0.0367609
0.0367609
0.0367609
0.0367609
0.0367609
0.0367609
0.0367609
0.0367609
0.0367609
0.0367609
0.0367609
0.0367609
0.0367609
0.0367609
0.0367609
0.0367609
0.0367609
0.0367609
0.0367609
0.0367609
0.0367609
0.0367609
0.0367609
0.0367609
0.0367609
0.0367609
0.0367609
0.0367609
0.0367609
0.0367609
0.0367609
0.0367609
0.0367609
0.0367609
0.0367609
0.0367609
0.0367609
0.0367609
0.0367609
0.0367609
0.0367609
0.0367609
0.0367609
0.0367609
0.0367609
0.0367609
0.0367609
0.0367609
0.0367609
0.0367609
0.0367609
0.0367609
0.0367609
0.0367609
0.0367609
0.0367609
0.0367609
0.0367609
0.0367609
0.0367609
0.0367609
0.0367609
0.0367609
0.0367609
0.0367609
0.0367609
0.0367609
0.0367609
0.0367609
0.0367609
0.0367609
0.0367609
0.0367609
0.0367609
0.0367609
0.0367609
0.0367609
0.0367609
0.0367609
0.0367609
0.0367609
0.0367609
0.0367609
0.0367609
0.0367609
0.0367609
0.0367609
0.0367609
0.0367609
0.0367609
0.0367609
0.0367609
0.0367609
0.0367609
0.0367609
0.0367609
0.0367609
0.0367609
0.0367609
0.0367609
0.0367609
0.0367609
0.0367609
0.0367609
0.0367609
0.0367609
0.0367609
0.0367609
0.0367609
0.0367609
0.0367609
0.0367609
0.0367609
0.0367609
0.0367609
0.0367609
0.0367609
0.0367609
0.0367609
0.0367609
0.0367609
0.0367609
0.0367609
0.0367609
0.0367609
0.0367609
0.0367609
0.0367609
0.0367609
0.0367609
0.0367609
0.0367609
0.0367609
0.0367609
0.0367609
0.0367609
0.0367609
0.0367609
0.0367609
0.0367609
0.0367609
0.0367609
0.0367609
0.0367609
0.0367609
0.0367609
0.0367609
0.0367609
0.0367609
0.0367609
0.0367609
0.0367609
0.0367609
0.0367609
0.0367609
0.0367609
0.0367609
0.0367609
0.0367609
0.0367609
0.0367609
0.0367609
0.0367609
0.0367609
0.0367609
0.0367609
0.0367609
0.0367609
0.0367609
0.0367609
0.0367609
0.0367609
0.0367609
0.0367609
0.0367609
0.0367609
0.0367609
0.0367609
0.0367609
0.0367609
0.0367609
0.0367609
0.0367609
0.0367609
0.0367609
0.0367609
0.0367609
0.0367609
0.0367609
0.0367609
0.0367609
0.0367609
0.0367609
0.0367609
0.0367609
0.0367609
0.0367609
0.0367609
0.0367609
0.0367609
0.0367609
0.0367609
0.0367609
0.0367609
0.0367609
0.0367609
0.0367609
0.0367609
0.0367609
0.0367609
0.0367609
0.0367609
0.0367609
0.0367609
0.0367609
0.0367609
0.0367609
0.0367609
0.0367609
0.0367609
0.0367609
0.0367609
0.0367609
0.0367609
0.0367609
0.0367609
0.0367609
0.0367609
0.0367609
0.0367609
0.0367609
0.0367609
0.0367609
0.0367609
0.0367609
0.0367609
0.0367609
0.0367609
0.0367609
0.0367609
0.0367609
0.0367609
0.0367609
0.0367609
0.0367609
0.0367609
0.0367609
0.0367609
0.0367609
0.0367609
0.0367609
0.0367609
0.0367609
0.0367609
0.0367609
0.0367609
0.0367609
0.0367609
0.0367609
0.0367609
0.0367609
0.0367609
0.0367609
0.0367609
0.0367609
0.0367609
0.0367609
0.0367609
0.0367609
0.0367609
0.0367609
0.0367609
0.0367609
0.0367609
0.0367609
0.0367609
0.0367609
0.0367609
0.0367609
0.0367609
0.0367609
0.0367609
0.0367609
0.0367609
0.0367609
0.0367609
0.0367609
0.0367609
0.0367609
0.0367609
0.0367609
0.0367609
0.0367609
0.0367609
0.0367609
0.0367609
0.0367609
0.0367609
0.0367609
0.0367609
0.0367609
0.0367609
0.0367609
0.0367609
0.0367609
0.0367609
0.0367609
0.0367609
0.0367609
0.0367609
0.0367609
0.0367609
0.0367609
0.0367609
0.0367609
0.0367609
0.0367609
0.0367609
0.0367609
0.0367609
0.0367609
0.0367609
0.0367609
0.0367609
0.0367609
0.0367609
0.0367609
0.0367609
0.0367609
0.0367609
0.0367609
0.0367609
0.0367609
0.0367609
0.0367609
0.0367609
0.0367609
0.0367609
0.0367609
0.0367609
0.0367609
0.0367609
0.0367609
0.0367609
0.0367609
0.0367609
0.0367609
0.0367609
0.0367609
0.0367609
0.0367609
0.0367609
0.0367609
0.0367609
0.0367609
0.0367609
0.0367609
0.0367609
0.0367609
0.0367609
0.0367609
0.0367609
0.0367609
0.0367609
0.0367609
0.0367609
0.0367609
0.0367609
0.0367609
0.0367609
0.0367609
0.0367609
0.0367609
0.0367609
0.0367609
0.0367609
0.0367609
0.0367609
0.0367609
0.0367609
0.0367609
0.0367609
0.0367609
0.0367609
0.0367609
0.0367609
0.0367609
0.0367609
0.0367609
0.0367609
0.0367609
0.0367609
0.0367609
0.0367609
0.0367609
0.0367609
0.0367609
0.0367609
0.0367609
0.0367609
0.0367609
0.0367609
0.0367609
0.0367609
0.0367609
0.0367609
0.0367609
0.0367609
0.0367609
0.0367609
0.0367609
0.0367609
0.0367609
0.0367609
0.0367609
0.0367609
0.0367609
0.0367609
0.0367609
0.0367609
0.0367609
0.0367609
0.0367609
0.0367609
0.0367609
0.0367609
0.0367609
0.0367609
0.0367609
0.0367609
0.0367609
0.0367609
0.0367609
0.0367609
0.0367609
0.0367609
0.0367609
0.0367609
0.0367609
0.0367609
0.0367609
0.0367609
0.0367609
0.0367609
0.0367609
0.0367609
0.0367609
0.0367609
0.0367609
0.0367609
0.0367609
0.0367609
0.0367609
0.0367609
0.0367609
0.0367609
0.0367609
0.0367609
0.0367609
0.0367609
0.0367609
0.0367609
0.0367609
0.0367609
0.0367609
0.0367609
0.0367609
0.0367609
0.0367609
0.0367609
0.0367609
0.0367609
0.0367609
0.0367609
0.0367609
0.0367609
0.0367609
0.0367609
0.0367609
0.0367609
0.0367609
0.0367609
0.0367609
0.0367609
0.0367609
0.0367609
0.0367609
0.0367609
0.0367609
0.0367609
0.0367609
0.0367609
0.0367609
0.0367609
0.0367609
0.0367609
0.0367609
0.0367609
0.0367609
0.0367609
0.0367609
0.0367609
0.0367609
0.0367609
0.0367609
0.0367609
0.0367609
0.0367609
0.0367609
0.0367609
0.0367609
0.0367609
0.0367609
0.0367609
0.0367609
0.0367609
0.0367609
0.0367609
0.0367609
0.0367609
0.0366261
0.0358
0.0350298
0.0342048
0.0334532
0.0326875
0.0319543
0.0312713
0.0306111
0.0306111
0.0306111
0.0306111
0.0306111
0.0306111
0.0306111
0.0306111
0.0306111
0.0306111
0.0306111
0.0306111
0.0306111
0.0306111
0.0306111
0.0306111
0.0306111
0.0306111
0.0306111
0.0306111
0.0306111
0.0306111
0.0306111
0.0306111
0.0306111
0.0306111
0.0306111
0.0306111
0.0306111
0.0306111
0.0306111
0.0306111
0.0306111
0.0306111
0.0306111
0.0306111
0.0306111
0.0306111
0.0306111
0.0306111
0.0306111
0.0306111
0.0306111
0.0306111
0.0306111
0.0306111
0.0306111
0.0306111
0.0306111
0.0306111
0.0306111
0.0306111
0.0306111
0.0306111
0.0306111
0.0306111
0.0306111
0.0306111
0.0306111
0.0306111
0.0306111
0.0306111
0.0306111
0.0306111
0.0306111
0.0306111
0.0306111
0.0306111
0.0306111
0.0306111
0.0306111
0.0306111
0.0306111
0.0306111
0.0306111
0.0306111
0.0306111
0.0306111
0.0306111
0.0306111
0.0306111
0.0306111
0.0306111
0.0306111
0.0306111
0.0306111
0.0306111
0.0306111
0.0306111
0.0306111
0.0306111
0.0306111
0.0306111
0.0306111
0.0306111
0.0306111
0.0306111
0.0306111
0.0306111
0.0306111
0.0306111
0.0306111
0.0306111
0.0306111
0.0306111
0.0306111
0.0306111
0.0306111
0.0306111
0.0306111
0.0306111
0.0306111
0.0306111
0.0306111
0.0306111
0.0306111
0.0306111
0.0306111
0.0306111
0.0306111
0.0306111
0.0306111
0.0306111
0.0306111
0.0306111
0.0306111
0.0306111
0.0306111
0.0306111
0.0306111
0.0306111
0.0306111
0.0306111
0.0306111
0.0306111
0.0306111
0.0306111
0.0306111
0.0306111
0.0306111
0.0306111
0.0306111
0.0306111
0.0306111
0.0306111
0.0306111
0.0306111
0.0306111
0.0306111
0.0306111
0.0306111
0.0306111
0.0306111
0.0306111
0.0306111
0.0306111
0.0306111
0.0306111
0.0306111
0.0306111
0.0306111
0.0306111
0.0306111
0.0306111
0.0306111
0.0306111
0.0306111
0.0306111
0.0306111
0.0306111
0.0306111
0.0306111
0.0306111
0.0306111
0.0306111
0.0306111
0.0306111
0.0306111
0.0306111
0.0306111
0.0306111
0.0306111
0.0306111
0.0306111
0.0306111
0.0306111
0.0306111
0.0306111
0.0306111
0.0306111
0.0306111
0.0306111
0.0306111
0.0306111
0.0306111
0.0306111
0.0306111
0.0306111
0.0306111
0.0306111
0.0306111
0.0306111
0.0306111
0.0306111
0.0306111
0.0306111
0.0306111
0.0306111
0.0306111
0.0306111
0.0306111
0.0306111
0.0306111
0.0306111
0.0306111
0.0306111
0.0306111
0.0306111
0.0306111
0.0306111
0.0306111
0.0306111
0.0306111
0.0306111
0.0306111
