4.58362e+08
2.25639e+08
1.31885e+08
3.62846e+07
1.61016e+07
1.61016e+07
1.61016e+07
1.61016e+07
1.61016e+07
1.61016e+07
1.61016e+07
1.61016e+07
1.24473e+07
1.24473e+07
1.24473e+07
8.88822e+06
3.47577e+06
3.47577e+06
3.07631e+06
2.68526e+06
1.0825e+06
1.0825e+06
1.0825e+06
893849
893849
893849
801631
801631
460397
460397
401334
290083
290083
147930
147930
74526.1
74526.1
74526.1
74526.1
74526.1
74526.1
74526.1
74526.1
74526.1
72510.6
47543.2
47543.2
47543.2
47543.2
47543.2
47543.2
44575
29390.8
27755.1
18822.7
16320.4
10298.7
5942.42
5942.42
3248.39
2698.43
2458.74
1883.56
1883.56
1883.56
1883.56
1883.56
1883.56
1883.56
1883.56
1685.7
1676.61
1458.9
1458.9
1179.78
1179.78
1042.45
916.188
916.188
823.196
759.456
515.802
515.802
515.802
515.802
499.713
483.268
483.268
359.957
359.957
334.786
314.557
257.076
215.346
171.602
171.602
171.602
170.761
132.182
129.772
129.772
113.394
104.898
102.462
102.198
85.6557
85.6557
74.432
63.0133
63.0133
56.5588
52.785
52.785
52.785
52.785
50.3213
50.3213
39.4832
39.4832
38.894
38.894
38.1696
36.3918
35.5887
35.5887
35.5887
33.9863
32.3112
31.9157
31.9157
30.5886
30.5886
30.5886
30.5886
30.2042
29.6432
29.2694
29.2694
29.2694
28.9464
28.9464
28.6566
28.4415
28.3148
28.1337
28.1337
27.9883
27.8562
27.6989
27.6989
27.588
27.588
27.5286
27.3764
27.1899
27.1899
26.9674
26.9674
26.9495
26.9032
26.8215
26.7716
26.7306
26.6337
26.5783
26.5425
26.4932
26.4336
26.3285
26.3216
26.2492
26.2366
26.1466
26.1077
26.0437
26.0109
25.9657
25.9172
25.8681
25.8215
25.7845
25.7334
25.685
25.6454
25.5948
25.5521
25.5076
25.4611
25.4012
25.3728
25.3332
25.2949
25.2571
25.2191
25.1858
25.1466
25.103
25.0689
25.031
24.9886
24.9561
24.9226
24.8837
24.8476
24.8126
24.7775
24.7408
24.7003
24.666
24.6323
24.5964
24.5636
24.5289
24.495
24.4603
24.4257
24.3921
24.3577
24.3235
24.2896
24.2547
24.2208
24.1868
24.1557
24.1117
24.0851
24.0486
24.0166
23.9762
23.9468
23.9053
23.8731
23.8363
23.7987
23.7647
23.7311
23.691
23.6557
23.6202
23.5825
23.5431
23.5105
23.4692
23.4344
23.3961
23.3587
23.3135
23.2753
23.2351
23.2006
23.1575
23.1133
23.0751
23.0341
22.9925
22.9533
22.9104
22.8647
22.8232
22.7779
22.7342
22.683
22.6416
22.598
22.5491
22.5078
22.4617
22.4165
22.3691
22.3253
22.2778
22.2298
22.1868
22.1353
22.0834
22.0428
21.9905
21.9378
21.8972
21.8474
21.8074
21.7602
21.7147
21.6729
21.6308
21.5858
21.5397
21.4966
21.4503
21.4132
21.3615
21.3222
21.2769
21.2302
21.1886
21.1479
21.1047
21.0541
21.0218
20.976
20.9343
20.8965
20.8503
20.8084
20.7709
20.7224
20.6845
20.6417
20.6029
20.5573
20.5172
20.4709
20.4304
20.3872
20.3502
20.3075
20.2696
20.2295
20.1885
20.1497
20.1052
20.0599
20.0232
19.9811
19.941
19.894
19.8537
19.8101
19.7713
19.7196
19.6817
19.6366
19.5934
19.5487
19.5064
19.46
19.4232
19.3742
19.3299
19.2912
19.2442
19.1992
19.1503
19.109
19.0591
19.0218
18.9739
18.9323
18.8862
18.8433
18.8011
18.7553
18.7123
18.6749
18.629
18.5863
18.5405
18.5008
18.4566
18.4126
18.3676
18.3244
18.2826
18.2368
18.1968
18.1551
18.1151
18.073
18.0345
17.9931
17.9495
17.9112
17.8697
17.8285
17.7899
17.7518
17.7097
17.6755
17.6335
17.5969
17.5526
17.5126
17.4773
17.4326
17.387
17.3503
17.3119
17.2664
17.224
17.1797
17.1391
17.0962
17.0493
17.0032
16.9586
16.9169
16.8714
16.827
16.7776
16.7301
16.6869
16.6397
16.5939
16.5449
16.4928
16.4444
16.3943
16.3441
16.2961
16.2453
16.1962
16.1475
16.0978
16.0425
15.9961
15.9495
15.9062
15.8565
15.8128
15.7632
15.7242
15.6836
15.6372
15.5994
15.5452
15.5108
15.4729
15.4208
15.3843
15.349
15.301
15.2605
15.2186
15.1751
15.1359
15.094
15.0545
15.0091
14.9674
14.9301
14.886
14.8487
14.8063
14.7728
14.7341
14.6946
14.6501
14.6153
14.5781
14.5419
14.5027
14.4635
14.4229
14.3913
14.3528
14.3185
14.2762
14.2467
14.2119
14.1752
14.1452
14.1076
14.0706
14.0326
13.9968
13.9606
13.9238
13.8876
13.8484
13.8148
13.7773
13.7399
13.6996
13.6597
13.6241
13.5896
13.5475
13.5098
13.4705
13.4344
13.3909
13.3532
13.3189
13.2794
13.2389
13.2045
13.1638
13.1306
13.0947
13.0619
13.0264
12.9944
12.9538
12.9251
12.8913
12.8569
12.8228
12.7876
12.7485
12.7076
12.6749
12.6341
12.5993
12.5593
12.5253
12.4836
12.4468
12.4115
12.3698
12.3305
12.2887
12.2474
12.2062
12.1717
12.1263
12.0908
12.0518
12.0152
11.9754
11.937
11.8977
11.864
11.8251
11.7899
11.7572
11.7244
11.6893
11.6543
11.6228
11.5863
11.5511
11.5186
11.4844
11.4479
11.4119
11.3743
11.3394
11.3022
11.2574
11.2262
11.1908
11.1501
11.1141
11.0815
11.0418
11.0072
10.9715
10.9314
10.8956
10.8534
10.8195
10.7767
10.744
10.7069
10.6684
10.6309
10.5954
10.5499
10.5118
10.473
10.4285
10.3849
10.3492
10.3088
10.2698
10.2295
10.1902
10.1558
10.1161
10.0775
10.0365
9.99537
9.9565
9.91376
9.86721
9.82987
9.78993
9.75083
9.71033
9.66925
9.62918
9.59047
9.55118
9.51458
9.47487
9.43147
9.39879
9.35958
9.32309
9.28904
9.25122
9.21558
9.17597
9.14039
9.10038
9.06663
9.02856
8.99682
8.96214
8.92581
8.88893
8.85562
8.81793
8.78565
8.74701
8.71313
8.67942
8.64389
8.6085
8.57251
8.5389
8.5023
8.46931
8.43537
8.39953
8.36698
8.32909
8.29831
8.26194
8.22865
8.19705
8.16284
8.13206
8.09876
8.06033
8.03239
7.99862
7.96706
7.9337
7.89942
7.86808
7.83653
7.80516
7.77181
7.7378
7.7072
7.67338
7.64217
7.60583
7.57833
7.54476
7.51548
7.47969
7.44973
7.41649
7.38547
7.34927
7.32043
7.2856
7.25268
7.22044
7.18555
7.15435
7.12026
7.0868
7.05236
7.02145
6.98739
6.95662
6.92643
6.89119
6.86253
6.82678
6.79578
6.76768
6.72187
6.70133
6.66255
6.63024
6.59603
6.56254
6.52926
6.49638
6.46237
6.42036
6.3908
6.35574
6.32244
6.28909
6.25151
6.21583
6.18061
6.14101
6.11091
6.07556
6.03853
6.0041
5.95891
5.9277
5.89094
5.85381
5.81297
5.77216
5.73211
5.69044
5.65634
5.60746
5.57161
5.53137
5.49136
5.45343
5.40823
5.3718
5.32257
5.284
5.23554
5.19802
5.15434
5.11355
5.06499
5.0242
4.97969
4.93513
4.88945
4.84725
4.79956
4.75491
4.70518
4.66531
4.62064
4.57783
4.52481
4.48363
4.43458
4.38573
4.34348
4.29736
4.25652
4.21134
4.16367
4.11589
4.07301
4.0194
3.9773
3.92713
3.88271
3.83018
3.78677
3.73842
3.6851
3.63447
3.58775
3.5298
3.47972
3.42823
3.38089
3.32618
3.27751
3.22308
3.17393
3.12321
3.07104
3.01822
2.97058
2.92475
2.87141
2.82803
2.77799
2.73602
2.67295
2.63261
2.58156
2.53066
2.47834
2.42672
2.37714
2.33217
2.28328
2.23128
2.18767
2.13679
2.0953
2.049
1.99517
1.95206
1.90565
1.85852
1.80858
1.76992
1.7196
1.66993
1.62701
1.58544
1.5442
1.48682
1.45837
1.4094
1.37288
1.33469
1.28842
1.25033
1.21277
1.17471
1.1406
1.10052
1.06785
1.03389
1.00152
0.96966
0.940291
0.909351
0.877738
0.851383
0.823626
0.796492
0.770638
0.74563
0.722669
0.698761
0.676117
0.653465
0.633352
0.6105
0.591374
0.573337
0.552675
0.536064
0.520367
0.503336
0.486239
0.471354
0.455656
0.443276
0.427575
0.413502
0.400395
0.387615
0.375826
0.363256
0.351339
0.340209
0.330241
0.318239
0.308943
0.299256
0.29006
0.281367
0.272804
0.263986
0.256029
0.248637
0.241016
0.233673
0.227121
0.219862
0.213453
0.206551
0.200475
0.194373
0.188867
0.183311
0.177511
0.172585
0.167316
0.162215
0.156827
0.152674
0.148332
0.1444
0.140169
0.136059
0.132372
0.128428
0.124745
0.120956
0.117375
0.114162
0.110922
0.107322
0.104479
0.101653
0.0988647
0.0961263
0.0933482
0.0910118
0.0884882
0.0859503
0.0836892
0.0814437
0.0792382
0.0770911
0.0751442
0.0729125
0.0712944
0.0693091
0.0675281
0.0659622
0.0642213
0.0626541
0.0610268
0.0595106
0.058043
0.0565349
0.0550448
0.0538387
0.0524864
0.051169
0.0499075
0.0487623
0.0476125
0.0464138
0.0452071
0.0442919
0.0432631
0.0422794
0.0413328
0.0403987
0.0395298
0.0387368
0.0378849
0.036986
0.0361664
0.0353594
0.0346489
0.0338823
0.0331178
0.0325017
0.0317929
0.0310983
0.0304939
0.0298903
0.0298903
0.0298903
0.0298903
0.0298903
0.0298903
0.0298903
0.0298903
0.0298903
0.0298903
0.0298903
0.0298903
0.0298903
0.0298903
0.0298903
0.0298903
0.0298903
0.0298903
0.0298903
0.0298903
0.0298903
0.0298903
0.0298903
0.0298903
0.0298903
0.0298903
0.0298903
0.0298903
0.0298903
0.0298903
0.0298903
0.0298903
0.0298903
0.0298903
0.0298903
0.0298903
0.0298903
0.0298903
0.0298903
0.0298903
0.0298903
0.0298903
0.0298903
0.0298903
0.0298903
0.0298903
0.0298903
0.0298903
0.0298903
0.0298903
0.0298903
0.0298903
0.0298903
0.0298903
0.0298903
0.0298903
0.0298903
0.0298903
0.0298903
0.0298903
0.0298903
0.0298903
0.0298903
0.0298903
0.0298903
0.0298903
0.0298903
0.0298903
0.0298903
0.0298903
0.0298903
0.0298903
0.0298903
0.0298903
0.0298903
0.0298903
0.0298903
0.0298903
0.0298903
0.0298903
0.0298903
0.0298903
0.0298903
0.0298903
0.0298903
0.0298903
0.0298903
0.0298903
0.0298903
0.0298903
0.0298903
0.0298903
0.0298903
0.0298903
0.0298903
0.0298903
0.0298903
0.0298903
0.0298903
0.0298903
0.0298903
0.0298903
0.0298903
0.0298903
0.0298903
0.0298903
0.0298903
0.0298903
0.0298903
0.0298903
0.0298903
0.0298903
0.0298903
0.0298903
0.0298903
0.0298903
0.0298903
0.0298903
0.0298903
0.0298903
0.0298903
0.0298903
0.0298903
0.0298903
0.0298903
0.0298903
0.0298903
0.0298903
0.0298903
0.0298903
0.0298903
0.0298903
0.0298903
0.0298903
0.0298903
0.0298903
0.0298903
0.0298903
0.0298903
0.0298903
0.0298903
0.0298903
0.0298903
0.0298903
0.0298903
0.0298903
0.0298903
0.0298903
0.0298903
0.0298903
0.0298903
0.0298903
0.0298903
0.0298903
0.0298903
0.0298903
0.0298903
0.0298903
0.0298903
0.0298903
0.0298903
0.0298903
0.0298903
0.0298903
0.0298903
0.0298903
0.0298903
0.0298903
0.0298903
0.0298903
0.0298903
0.0298903
0.0298903
0.0298903
0.0298903
0.0298903
0.0298903
0.0298903
0.0298903
0.0298903
0.0298903
0.0298903
0.0298903
0.0298903
0.0298903
0.0298903
0.0298903
0.0298903
0.0298903
0.0298903
0.0298903
0.0298903
0.0298903
0.0298903
0.0298903
0.0298903
0.0298903
0.0298903
0.0298903
0.0298903
0.0298903
0.0298903
0.0298903
0.0298903
0.0298903
0.0298903
0.0298903
0.0298903
0.0298903
0.0298903
0.0298903
0.0298903
0.0298903
0.0298903
0.0298903
0.0298903
0.0298903
0.0298903
0.0298903
0.0298903
0.0298903
0.0298903
0.0298903
0.0298903
0.0298903
0.0298903
0.0298903
0.0298903
0.0298903
0.0298903
0.0298903
0.0298903
0.0298903
0.0298903
0.0298903
0.0298903
0.0298903
0.0298903
0.0298903
0.0298903
0.0298903
0.0298903
0.0298903
0.0298903
0.0298903
0.0298903
0.0298903
0.0298903
0.0298903
0.0298903
0.0298903
0.0298903
0.0298903
0.0298903
0.0298903
0.0298903
0.0298903
0.0298903
0.0298903
0.0298903
0.0298903
0.0298903
0.0298903
0.0298903
0.0298903
0.0298903
0.0298903
0.0298903
0.0298903
0.0298903
0.0298903
0.0298903
0.0298903
0.0298903
0.0298903
0.0298903
0.0298903
0.0298903
0.0298903
0.0298903
0.0298903
0.0298903
0.0298903
0.0298903
0.0298903
0.0298903
0.0298903
0.0298903
0.0298903
0.0298903
0.0298903
0.0298903
0.0298903
0.0298903
0.0298903
0.0298903
0.0298903
0.0298903
0.0298903
0.0298903
0.0298903
0.0298903
0.0298903
0.0298903
0.0298903
0.0298903
0.0298903
0.0298903
0.0298903
0.0298903
0.0298903
0.0298903
0.0298903
0.0298903
0.0298903
0.0298903
0.0298903
0.0298903
0.0298903
0.0298903
0.0298903
0.0298903
0.0298903
0.0298903
0.0298903
0.0298903
0.0298903
0.0298903
0.0298903
0.0298903
0.0298903
0.0298903
0.0298903
0.0298903
0.0298903
0.0298903
0.0298903
0.0298903
0.0298903
0.0298903
0.0298903
0.0298903
0.0298903
0.0298903
0.0298903
0.0298903
0.0298903
0.0298903
0.0298903
0.0298903
0.0298903
0.0298903
0.0298903
0.0298903
0.0298903
0.0298903
0.0298903
0.0298903
0.0298903
0.0298903
0.0298903
0.0298903
0.0298903
0.0298903
0.0298903
0.0298903
0.0298903
0.0298903
0.0298903
0.0298903
0.0298903
0.0298903
0.0298903
0.0298903
0.0298903
0.0298903
0.0298903
0.0298903
0.0298903
0.0298903
0.0298903
0.0298903
0.0298903
0.0298903
0.0298903
0.0298903
0.0298903
0.0298903
0.0298903
0.0298903
0.0298903
0.0298903
0.0298903
0.0298903
0.0298903
0.0298903
0.0298903
0.0298903
0.0298903
0.0298903
0.0298903
0.0298903
0.0298903
0.0298903
0.0298903
0.0298903
0.0298903
0.0298903
0.0298903
0.0298903
0.0298903
0.0298903
0.0298903
0.0298903
0.0298903
0.0298903
0.0298903
0.0298903
0.0298903
0.0298903
0.0298903
0.0298903
0.0298903
0.0298903
0.0298903
0.0298903
0.0298903
0.0298903
0.0298903
0.0298903
0.0298903
0.0298903
0.0298903
0.0298903
0.0298903
0.0298903
0.0298903
0.0298903
0.0298903
0.0298903
0.0298903
0.0298903
0.0298903
0.0298903
0.0298903
0.0298903
0.0298903
0.0298903
0.0298903
0.0298903
0.0298903
0.0298903
0.0298903
0.0298903
0.0298903
0.0298903
0.0298903
0.0298903
0.0298903
0.0298903
0.0298903
0.0298903
0.0298903
0.0298903
0.0298903
0.0298903
0.0298903
0.0298903
0.0298903
0.0298903
0.0298903
0.0298903
0.0298903
0.0298903
0.0298903
0.0298903
0.0298903
0.0298903
0.0298903
0.0298903
0.0298903
0.0298903
0.0298903
0.0298903
0.0298903
0.0298903
0.0298903
0.0298903
0.0298903
0.0298903
0.0298903
0.0298903
0.0298903
0.0298903
0.0298903
0.0298903
0.0298903
0.0298903
0.0298903
0.0298903
0.0298903
0.0298903
0.0298903
0.0298903
0.0298903
0.0298903
0.0298903
0.0298903
0.0298903
0.0298903
0.0298903
0.0298903
0.0298903
0.0298903
0.0298903
0.0298903
0.0298903
0.0298903
0.0298903
0.0298903
0.0298903
0.0298903
0.0298903
0.0298903
0.0298903
0.0298903
0.0298903
0.0298903
0.0298903
0.0298903
0.0298903
0.0298903
0.0298903
0.0298903
0.0298903
0.0298903
0.0298903
0.0298903
0.0298903
0.0298903
0.0298903
0.0298903
0.0298903
0.0298903
0.0298903
0.0298903
0.0298903
0.0298903
0.0298903
0.0298903
0.0298903
0.0298903
0.0298903
0.0298903
0.0298903
0.0298903
0.0298903
0.0298903
0.0298903
0.0298903
0.0298903
0.0298903
0.0298903
0.0298903
0.0298903
0.0298903
0.0298903
0.0298903
0.0298903
0.0298903
0.0298903
0.0298903
0.0298903
0.0298903
0.0298903
0.0298903
0.0298903
0.0298903
0.0298903
0.0298903
0.0298903
0.0298903
0.0298903
0.0298903
0.0298903
0.0298903
0.0298903
0.0298903
0.0298903
0.0298903
0.0298903
0.0298903
0.0298903
0.0298903
0.0298903
0.0298903
0.0298903
0.0298903
0.0298903
0.0298903
0.0298903
0.0298903
0.0298903
0.0298903
0.0298903
0.0298903
0.0298903
0.0298903
0.0298903
0.0298903
0.0298903
0.0298903
0.0298903
0.0298903
0.0298903
0.0298903
0.0298903
0.0298903
0.0298903
0.0298903
0.0298903
0.0298903
0.0298903
0.0298903
0.0298903
0.0298903
0.0298903
0.0298903
0.0298903
0.0298903
0.0298903
0.0298903
0.0298903
0.0298903
0.0298903
0.0298903
0.0298903
0.0298903
0.0298903
0.0298903
0.0298903
0.0298903
0.0298903
0.0298903
0.0298903
0.0298903
0.0298903
0.0298903
0.0298903
0.0298903
0.0298903
0.0298903
0.0298903
0.0298903
0.0298903
0.0298903
0.0298903
0.0298903
0.0298903
0.0298903
0.0298903
0.0298903
0.0298903
0.0298903
0.0298903
0.0298903
0.0298903
0.0298903
0.0298903
0.0298903
0.0298903
0.0298903
0.0298903
0.0298903
0.0298903
0.0298903
0.0298903
0.0298903
0.0298903
0.0298903
0.0298903
0.0298903
0.0298903
0.0298903
0.0298903
0.0298903
0.0298903
0.0298903
0.0298903
0.0298903
0.0298903
0.0298903
0.0298903
0.0298903
0.0298903
0.0298903
0.0298903
0.0298903
0.0298903
0.0298903
0.0298903
0.0298903
0.0298903
0.0298903
0.0298903
0.0298903
0.0298903
0.0298903
0.0298903
0.0298903
0.0298903
0.0298903
0.0298903
0.0298903
0.0298903
0.0298903
0.0298903
0.0298903
0.0298903
0.0298903
0.0298903
0.0298903
0.0298903
0.0298903
0.0298903
0.0298903
0.0298903
0.0298903
0.0298903
0.0298903
0.0298903
0.0298903
0.0298903
0.0298903
0.0298903
0.0298903
0.0298903
0.0298903
0.0298903
0.0298903
0.0298903
0.0298903
0.0298903
0.0298903
0.0298903
0.0298903
0.0298903
0.0298903
0.0298903
0.0298903
0.0298903
0.0298903
0.0298903
0.0298903
0.0298903
0.0298903
0.0298903
0.0298903
0.0298903
0.0298903
0.0298903
0.0298903
0.0298903
0.0298903
0.0298903
0.0298903
0.0298903
0.0298903
0.0298903
0.0298903
0.0298903
0.0298903
0.0298903
0.0298903
0.0298903
0.0298903
0.0298903
0.0298903
0.0298903
0.0298903
0.0298903
0.0298903
0.0298903
0.0298903
0.0298903
0.0298903
0.0298903
0.0298903
0.0298903
0.0298903
0.0298903
0.0298903
0.0298903
0.0298903
0.0298903
0.0298903
0.0298903
0.0298903
0.0298903
0.0298903
0.0298903
0.0298903
0.0298903
0.0298903
0.0298903
0.0298903
0.0298903
0.0298903
0.0298903
0.0298903
0.0298903
0.0298903
0.0298903
0.0298903
0.0298903
0.0298903
0.0298903
0.0298903
0.0298903
0.0298903
0.0298903
0.0298903
0.0298903
0.0298903
0.0298903
0.0298903
0.0298903
0.0298903
0.0298903
0.0298903
0.0298903
0.0298903
0.0298903
0.0298903
0.0298903
0.0298903
0.0298903
0.0298903
0.0298903
0.0298903
0.0298903
0.0298903
0.0298903
0.0298903
0.0298903
0.0298903
0.0298903
0.0298903
0.0298903
0.0298903
0.0298903
0.0298903
0.0298903
0.0298903
0.0298903
0.0298903
0.0298903
0.0298903
0.0298903
0.0298903
0.0298903
0.0298903
0.0298903
0.0298903
0.0298903
0.0298903
0.0298903
0.0298903
0.0298903
0.0298903
0.0298903
0.0298903
0.0298903
0.0298903
0.0298903
0.0298903
0.0298903
0.0298903
0.0298903
0.0298903
0.0298903
0.0298903
0.0298903
0.0298903
0.0298903
0.0298903
0.0298903
0.0298903
0.0298903
0.0298903
0.0298903
0.0298903
0.0298903
0.0298903
0.0298903
0.0298903
0.0298903
0.0298903
0.0298903
0.0298903
0.0298903
0.0298903
0.0298903
0.0298903
0.0298903
0.0298903
0.0298903
0.0298903
0.0298903
0.0298903
0.0298903
0.0298903
0.0298903
0.0298903
0.0298903
0.0298903
0.0298903
0.0298903
0.0298903
0.0298903
0.0298903
0.0298903
0.0298903
0.0298903
0.0298903
0.0298903
0.0298903
0.0298903
0.0298903
0.0298903
0.0298903
0.0298903
0.0298903
0.0298903
0.0298903
0.0298903
0.0298903
0.0298903
0.0298903
0.0298903
0.0298903
0.0298903
0.0298903
0.0298903
0.0298903
0.0298903
0.0298903
0.0298903
0.0298903
0.0298903
0.0298903
0.0298903
0.0298903
0.0298903
0.0298903
0.0298903
0.0298903
0.0298903
0.0298903
0.0298903
0.0298903
0.0298903
0.0298903
0.0298903
0.0298903
0.0298903
0.0298903
0.0298903
0.0298903
0.0298903
0.0298903
0.0298903
0.0298903
0.0298903
0.0298903
0.0298903
0.0298903
0.0298903
0.0298903
0.0298903
0.0298903
0.0298903
0.0298903
0.0298903
0.0298903
0.0298903
0.0298903
0.0298903
0.0298903
0.0298903
0.0298903
0.0298903
0.0298903
