5.2596e+08
2.7994e+08
7.90409e+07
3.48142e+07
1.24374e+07
1.24374e+07
1.24374e+07
1.24374e+07
1.24374e+07
1.24374e+07
1.24374e+07
1.24374e+07
1.24374e+07
1.24374e+07
1.24374e+07
1.24374e+07
1.24374e+07
7.52173e+06
5.05417e+06
3.13605e+06
2.50223e+06
2.29065e+06
2.29065e+06
2.21048e+06
750213
750213
457725
457725
306597
289530
289530
288912
288912
196563
127862
127862
113059
113059
106887
73047.6
43185.6
26850.8
26850.8
26171.5
26171.5
21906.7
15789.8
14284.5
14284.5
13830.1
8340.41
8340.41
6470.79
6470.79
6335.29
4417.4
3048.28
2649.85
2166.9
1862.2
1728.61
816.513
816.513
816.513
816.513
629.181
438.737
438.737
438.737
438.737
438.737
437.517
369.02
261.701
261.701
261.701
248.084
248.084
248.084
248.084
248.084
248.084
248.084
248.084
248.084
212.614
157.831
157.831
157.831
157.831
153.84
143.154
139.179
136.869
116.776
102.204
91.9128
87.4581
82.5623
71.026
63.5298
53.5536
53.5536
50.6602
44.1908
43.2151
43.2151
43.2151
43.2151
43.2151
43.2151
43.2151
38.7422
38.7422
38.0297
36.5726
34.7842
33.9515
33.5357
31.8851
31.8851
31.8851
31.8851
31.8851
31.8851
31.683
31.683
30.8382
30.8382
30.0703
29.7014
29.7014
29.7014
29.3964
29.2922
29.2922
29.2316
28.9872
28.7621
28.5535
28.4577
28.1708
28.1708
28.1708
28.0267
28.0267
27.8588
27.8588
27.7826
27.5064
27.4059
27.2842
27.2064
27.173
27.0147
27.0094
26.8943
26.8106
26.7871
26.709
26.6616
26.5109
26.4583
26.3515
26.2887
26.2285
26.1461
26.0691
26.0127
25.9574
25.8983
25.8126
25.7635
25.7013
25.6371
25.5722
25.5167
25.4631
25.3967
25.351
25.3016
25.2462
25.1926
25.1319
25.0836
25.0363
24.9834
24.9313
24.8896
24.8322
24.7872
24.7292
24.6821
24.6359
24.5769
24.5357
24.4819
24.4387
24.3911
24.3415
24.2921
24.2507
24.2026
24.1524
24.1079
24.0631
24.0177
23.9755
23.9272
23.8873
23.8448
23.8024
23.76
23.7199
23.6822
23.6404
23.6036
23.5632
23.5275
23.4878
23.452
23.4166
23.3809
23.3448
23.3096
23.2717
23.2411
23.2034
23.1688
23.1359
23.1037
23.0666
23.0345
23.001
22.9635
22.9322
22.896
22.8671
22.8347
22.7997
22.7672
22.7335
22.7023
22.6709
22.6362
22.6038
22.5734
22.541
22.511
22.4794
22.4457
22.4164
22.3861
22.3525
22.3219
22.2861
22.2592
22.2263
22.1916
22.1639
22.1234
22.0945
22.0606
22.0269
21.9868
21.958
21.9249
21.886
21.856
21.8196
21.7881
21.7511
21.7171
21.6854
21.6518
21.6209
21.5873
21.5534
21.513
21.4835
21.4523
21.4179
21.3865
21.3516
21.3205
21.2858
21.2539
21.2146
21.1861
21.1506
21.1174
21.0786
21.0469
21.0115
20.9758
20.9424
20.9053
20.87
20.8324
20.7989
20.7626
20.7266
20.6911
20.6539
20.6198
20.5837
20.5464
20.5054
20.4733
20.4386
20.3975
20.3684
20.3343
20.2939
20.2621
20.2282
20.1908
20.158
20.1228
20.0841
20.05
20.0098
19.9768
19.942
19.9054
19.8628
19.8292
19.7932
19.7578
19.7205
19.6824
19.6429
19.6087
19.5717
19.532
19.4956
19.4542
19.4176
19.3796
19.3355
19.2998
19.2621
19.2234
19.1814
19.1454
19.1096
19.0713
19.0328
18.9964
18.9587
18.9207
18.8773
18.8389
18.8052
18.7583
18.7262
18.6867
18.6485
18.6074
18.5684
18.5318
18.4897
18.4452
18.4055
18.3631
18.3241
18.2887
18.2462
18.2026
18.1666
18.1259
18.0881
18.0461
18.0071
17.9697
17.9329
17.8972
17.8512
17.8195
17.781
17.7434
17.708
17.6644
17.6329
17.5937
17.5471
17.5166
17.4792
17.4394
17.399
17.3581
17.3223
17.2786
17.2455
17.2057
17.168
17.1251
17.0881
17.0473
17.014
16.9714
16.9358
16.8978
16.8571
16.8173
16.7814
16.7411
16.6947
16.6613
16.6184
16.5815
16.5443
16.5046
16.4649
16.4283
16.3874
16.3529
16.3122
16.2727
16.2305
16.1973
16.158
16.1196
16.0841
16.0439
16.0071
15.9611
15.9254
15.8916
15.8527
15.8135
15.7714
15.7347
15.6942
15.6616
15.6217
15.5872
15.5472
15.5112
15.4685
15.4291
15.3917
15.35
15.3079
15.2687
15.2295
15.1882
15.1477
15.1098
15.0663
15.0295
14.991
14.9479
14.9063
14.8692
14.8269
14.7849
14.7422
14.6996
14.6615
14.6181
14.5769
14.5383
14.4984
14.4571
14.4179
14.3781
14.3369
14.2995
14.2559
14.221
14.1799
14.1404
14.0939
14.0563
14.0219
13.9798
13.9371
13.8998
13.8581
13.8203
13.7813
13.7412
13.7003
13.6627
13.6232
13.5805
13.5414
13.5033
13.4596
13.4191
13.382
13.3349
13.2968
13.2479
13.2031
13.1584
13.1203
13.0746
13.0299
12.9766
12.9357
12.8821
12.8417
12.7941
12.7447
12.6998
12.6434
12.601
12.5534
12.5017
12.449
12.4083
12.3587
12.3118
12.2595
12.2202
12.174
12.1218
12.0737
12.0267
11.9832
11.9344
11.8897
11.8439
11.795
11.7532
11.7034
11.6532
11.6007
11.5483
11.4938
11.4564
11.4051
11.3547
11.3067
11.2589
11.2039
11.1558
11.1053
11.06
11.0139
10.9669
10.9167
10.8709
10.8212
10.7836
10.7202
10.6829
10.6323
10.5685
10.5212
10.474
10.4244
10.3699
10.3224
10.2697
10.2191
10.1672
10.1142
10.0645
10.0125
9.9682
9.91782
9.864
9.81026
9.76526
9.72609
9.66641
9.63187
9.58205
9.54018
9.50062
9.45936
9.42053
9.37556
9.34213
9.29601
9.25268
9.19982
9.15673
9.11738
9.07611
9.02706
8.98286
8.93599
8.89121
8.83669
8.79847
8.74775
8.70855
8.65232
8.61697
8.56912
8.51735
8.47353
8.42626
8.3797
8.33324
8.28589
8.23611
8.19084
8.14533
8.09766
8.05946
8.01945
7.97092
7.92733
7.88249
7.84695
7.80819
7.76778
7.72514
7.68961
7.63466
7.60607
7.56103
7.51559
7.47063
7.43369
7.38111
7.34353
7.29424
7.24937
7.20513
7.16157
7.10969
7.06534
7.01076
6.96699
6.92395
6.87527
6.83291
6.78996
6.74672
6.70369
6.66373
6.617
6.57852
6.53612
6.49202
6.45142
6.41071
6.36328
6.31859
6.27973
6.23265
6.18365
6.14113
6.09831
6.05007
6.00297
5.95778
5.90343
5.86121
5.81361
5.7694
5.72558
5.67844
5.6414
5.59285
5.55263
5.51275
5.46756
5.42275
5.38789
5.34945
5.30797
5.26767
5.22927
5.18922
5.1537
5.1142
5.07619
5.04034
5.00631
4.9676
4.93012
4.89738
4.86027
4.82073
4.78976
4.75382
4.71847
4.68231
4.64274
4.60611
4.57432
4.53859
4.50387
4.46926
4.43476
4.39963
4.36639
4.33072
4.29437
4.26182
4.22539
4.19205
4.15664
4.1196
4.07547
4.04699
4.01209
3.97656
3.93905
3.89962
3.86152
3.82411
3.78605
3.75197
3.71431
3.67764
3.64283
3.60819
3.56809
3.5333
3.49523
3.45901
3.41989
3.38466
3.34822
3.31135
3.27569
3.23637
3.20144
3.15802
3.12195
3.08518
3.04449
3.00962
2.9671
2.93082
2.88672
2.85346
2.81745
2.77907
2.73738
2.69915
2.66171
2.62475
2.58573
2.54952
2.51315
2.47543
2.43237
2.40421
2.36841
2.33332
2.29858
2.25478
2.22176
2.18691
2.14858
2.11467
2.07738
2.02542
2.00204
1.96329
1.92693
1.88943
1.85561
1.8125
1.77917
1.73846
1.70186
1.66444
1.62806
1.58873
1.55439
1.51523
1.47829
1.44106
1.39999
1.36511
1.33135
1.29367
1.26007
1.22347
1.19336
1.15913
1.12646
1.09811
1.06566
1.02605
1.00155
0.967735
0.937562
0.908412
0.877606
0.848881
0.817179
0.789738
0.762241
0.735641
0.707604
0.679109
0.654372
0.630855
0.609874
0.58551
0.564364
0.545463
0.523786
0.503724
0.487217
0.46783
0.451159
0.436025
0.419206
0.403526
0.388741
0.377195
0.360386
0.348603
0.335248
0.322742
0.311985
0.300409
0.288619
0.278127
0.267346
0.258623
0.249049
0.239367
0.230672
0.222134
0.214549
0.206258
0.19856
0.191456
0.184229
0.177817
0.171348
0.164956
0.158991
0.152024
0.147372
0.141973
0.136901
0.13136
0.126614
0.121514
0.117698
0.113061
0.108707
0.104973
0.101038
0.0973645
0.0938151
0.0905551
0.0871096
0.0839443
0.0811161
0.0783946
0.0755301
0.0730815
0.0705796
0.0679932
0.0659006
0.0636127
0.0614238
0.0596858
0.0576968
0.0558304
0.0542469
0.0525907
0.050859
0.0491847
0.0477224
0.0461951
0.044798
0.0435562
0.0423657
0.0411173
0.0397601
0.0386673
0.0376452
0.0365456
0.0354894
0.0344874
0.0335268
0.0325492
0.0317192
0.0308133
0.0301074
0.0292933
0.0285249
0.0278345
0.0271048
0.0264504
0.0257442
0.0251491
0.0245364
0.0239191
0.023371
0.0228101
0.0222965
0.0217882
0.0217882
0.0217882
0.0217882
0.0217882
0.0217882
0.0217882
0.0217882
0.0217882
0.0217882
0.0217882
0.0217882
0.0217882
0.0217882
0.0217882
0.0217882
0.0217882
0.0217882
0.0217882
0.0217882
0.0217882
0.0217882
0.0217882
0.0217882
0.0217882
0.0217882
0.0217882
0.0217882
0.0217882
0.0217882
0.0217882
0.0217882
0.0217882
0.0217882
0.0217882
0.0217882
0.0217882
0.0217882
0.0217882
0.0217882
0.0217882
0.0217882
0.0217882
0.0217882
0.0217882
0.0217882
0.0217882
0.0217882
0.0217882
0.0217882
0.0217882
0.0217882
0.0217882
0.0217882
0.0217882
0.0217882
0.0217882
0.0217882
0.0217882
0.0217882
0.0217882
0.0217882
0.0217882
0.0217882
0.0217882
0.0217882
0.0217882
0.0217882
0.0217882
0.0217882
0.0217882
0.0217882
0.0217882
0.0217882
0.0217882
0.0217882
0.0217882
0.0217882
0.0217882
0.0217882
0.0217882
0.0217882
0.0217882
0.0217882
0.0217882
0.0217882
0.0217882
0.0217882
0.0217882
0.0217882
0.0217882
0.0217882
0.0217882
0.0217882
0.0217882
0.0217882
0.0217882
0.0217882
0.0217882
0.0217882
0.0217882
0.0217882
0.0217882
0.0217882
0.0217882
0.0217882
0.0217882
0.0217882
0.0217882
0.0217882
0.0217882
0.0217882
0.0217882
0.0217882
0.0217882
0.0217882
0.0217882
0.0217882
0.0217882
0.0217882
0.0217882
0.0217882
0.0217882
0.0217882
0.0217882
0.0217882
0.0217882
0.0217882
0.0217882
0.0217882
0.0217882
0.0217882
0.0217882
0.0217882
0.0217882
0.0217882
0.0217882
0.0217882
0.0217882
0.0217882
0.0217882
0.0217882
0.0217882
0.0217882
0.0217882
0.0217882
0.0217882
0.0217882
0.0217882
0.0217882
0.0217882
0.0217882
0.0217882
0.0217882
0.0217882
0.0217882
0.0217882
0.0217882
0.0217882
0.0217882
0.0217882
0.0217882
0.0217882
0.0217882
0.0217882
0.0217882
0.0217882
0.0217882
0.0217882
0.0217882
0.0217882
0.0217882
0.0217882
0.0217882
0.0217882
0.0217882
0.0217882
0.0217882
0.0217882
0.0217882
0.0217882
0.0217882
0.0217882
0.0217882
0.0217882
0.0217882
0.0217882
0.0217882
0.0217882
0.0217882
0.0217882
0.0217882
0.0217882
0.0217882
0.0217882
0.0217882
0.0217882
0.0217882
0.0217882
0.0217882
0.0217882
0.0217882
0.0217882
0.0217882
0.0217882
0.0217882
0.0217882
0.0217882
0.0217882
0.0217882
0.0217882
0.0217882
0.0217882
0.0217882
0.0217882
0.0217882
0.0217882
0.0217882
0.0217882
0.0217882
0.0217882
0.0217882
0.0217882
0.0217882
0.0217882
0.0217882
0.0217882
0.0217882
0.0217882
0.0217882
0.0217882
0.0217882
0.0217882
0.0217882
0.0217882
0.0217882
0.0217882
0.0217882
0.0217882
0.0217882
0.0217882
0.0217882
0.0217882
0.0217882
0.0217882
0.0217882
0.0217882
0.0217882
0.0217882
0.0217882
0.0217882
0.0217882
0.0217882
0.0217882
0.0217882
0.0217882
0.0217882
0.0217882
0.0217882
0.0217882
0.0217882
0.0217882
0.0217882
0.0217882
0.0217882
0.0217882
0.0217882
0.0217882
0.0217882
0.0217882
0.0217882
0.0217882
0.0217882
0.0217882
0.0217882
0.0217882
0.0217882
0.0217882
0.0217882
0.0217882
0.0217882
0.0217882
0.0217882
0.0217882
0.0217882
0.0217882
0.0217882
0.0217882
0.0217882
0.0217882
0.0217882
0.0217882
0.0217882
0.0217882
0.0217882
0.0217882
0.0217882
0.0217882
0.0217882
0.0217882
0.0217882
0.0217882
0.0217882
0.0217882
0.0217882
0.0217882
0.0217882
0.0217882
0.0217882
0.0217882
0.0217882
0.0217882
0.0217882
0.0217882
0.0217882
0.0217882
0.0217882
0.0217882
0.0217882
0.0217882
0.0217882
0.0217882
0.0217882
0.0217882
0.0217882
0.0217882
0.0217882
0.0217882
0.0217882
0.0217882
0.0217882
0.0217882
0.0217882
0.0217882
0.0217882
0.0217882
0.0217882
0.0217882
0.0217882
0.0217882
0.0217882
0.0217882
0.0217882
0.0217882
0.0217882
0.0217882
0.0217882
0.0217882
0.0217882
0.0217882
0.0217882
0.0217882
0.0217882
0.0217882
0.0217882
0.0217882
0.0217882
0.0217882
0.0217882
0.0217882
0.0217882
0.0217882
0.0217882
0.0217882
0.0217882
0.0217882
0.0217882
0.0217882
0.0217882
0.0217882
0.0217882
0.0217882
0.0217882
0.0217882
0.0217882
0.0217882
0.0217882
0.0217882
0.0217882
0.0217882
0.0217882
0.0217882
0.0217882
0.0217882
0.0217882
0.0217882
0.0217882
0.0217882
0.0217882
0.0217882
0.0217882
0.0217882
0.0217882
0.0217882
0.0217882
0.0217882
0.0217882
0.0217882
0.0217882
0.0217882
0.0217882
0.0217882
0.0217882
0.0217882
0.0217882
0.0217882
0.0217882
0.0217882
0.0217882
0.0217882
0.0217882
0.0217882
0.0217882
0.0217882
0.0217882
0.0217882
0.0217882
0.0217882
0.0217882
0.0217882
0.0217882
0.0217882
0.0217882
0.0217882
0.0217882
0.0217882
0.0217882
0.0217882
0.0217882
0.0217882
0.0217882
0.0217882
0.0217882
0.0217882
0.0217882
0.0217882
0.0217882
0.0217882
0.0217882
0.0217882
0.0217882
0.0217882
0.0217882
0.0217882
0.0217882
0.0217882
0.0217882
0.0217882
0.0217882
0.0217882
0.0217882
0.0217882
0.0217882
0.0217882
0.0217882
0.0217882
0.0217882
0.0217882
0.0217882
0.0217882
0.0217882
0.0217882
0.0217882
0.0217882
0.0217882
0.0217882
0.0217882
0.0217882
0.0217882
0.0217882
0.0217882
0.0217882
0.0217882
0.0217882
0.0217882
0.0217882
0.0217882
0.0217882
0.0217882
0.0217882
0.0217882
0.0217882
0.0217882
0.0217882
0.0217882
0.0217882
0.0217882
0.0217882
0.0217882
0.0217882
0.0217882
0.0217882
0.0217882
0.0217882
0.0217882
0.0217882
0.0217882
0.0217882
0.0217882
0.0217882
0.0217882
0.0217882
0.0217882
0.0217882
0.0217882
0.0217882
0.0217882
0.0217882
0.0217882
0.0217882
0.0217882
0.0217882
0.0217882
0.0217882
0.0217882
0.0217882
0.0217882
0.0217882
0.0217882
0.0217882
0.0217882
0.0217882
0.0217882
0.0217882
0.0217882
0.0217882
0.0217882
0.0217882
0.0217882
0.0217882
0.0217882
0.0217882
0.0217882
0.0217882
0.0217882
0.0217882
0.0217882
0.0217882
0.0217882
0.0217882
0.0217882
0.0217882
0.0217882
0.0217882
0.0217882
0.0217882
0.0217882
0.0217882
0.0217882
0.0217882
0.0217882
0.0217882
0.0217882
0.0217882
0.0217882
0.0217882
0.0217882
0.0217882
0.0217882
0.0217882
0.0217882
0.0217882
0.0217882
0.0217882
0.0217882
0.0217882
0.0217882
0.0217882
0.0217882
0.0217882
0.0217882
0.0217882
0.0217882
0.0217882
0.0217882
0.0217882
0.0217882
0.0217882
0.0217882
0.0217882
0.0217882
0.0217882
0.0217882
0.0217882
0.0217882
0.0217882
0.0217882
0.0217882
0.0217882
0.0217882
0.0217882
0.0217882
0.0217882
0.0217882
0.0217882
0.0217882
0.0217882
0.0217882
0.0217882
0.0217882
0.0217882
0.0217882
0.0217882
0.0217882
0.0217882
0.0217882
0.0217882
0.0217882
0.0217882
0.0217882
0.0217882
0.0217882
0.0217882
0.0217882
0.0217882
0.0217882
0.0217882
0.0217882
0.0217882
0.0217882
0.0217882
0.0217882
0.0217882
0.0217882
0.0217882
0.0217882
0.0217882
0.0217882
0.0217882
0.0217882
0.0217882
0.0217882
0.0217882
0.0217882
0.0217882
0.0217882
0.0217882
0.0217882
0.0217882
0.0217882
0.0217882
0.0217882
0.0217882
0.0217882
0.0217882
0.0217882
0.0217882
0.0217882
0.0217882
0.0217882
0.0217882
0.0217882
0.0217882
0.0217882
0.0217882
0.0217882
0.0217882
0.0217882
0.0217882
0.0217882
0.0217882
0.0217882
0.0217882
0.0217882
0.0217882
0.0217882
0.0217882
0.0217882
0.0217882
0.0217882
0.0217882
0.0217882
0.0217882
0.0217882
0.0217882
0.0217882
0.0217882
0.0217882
0.0217882
0.0217882
0.0217882
0.0217882
0.0217882
0.0217882
0.0217882
0.0217882
0.0217882
0.0217882
0.0217882
0.0217882
0.0217882
0.0217882
0.0217882
0.0217882
0.0217882
0.0217882
0.0217882
0.0217882
0.0217882
0.0217882
0.0217882
0.0217882
0.0217882
0.0217882
0.0217882
0.0217882
0.0217882
0.0217882
0.0217882
0.0217882
0.0217882
0.0217882
0.0217882
0.0217882
0.0217882
0.0217882
0.0217882
0.0217882
0.0217882
0.0217882
0.0217882
0.0217882
0.0217882
0.0217882
0.0217882
0.0217882
0.0217882
0.0217882
0.0217882
0.0217882
0.0217882
0.0217882
0.0217882
0.0217882
0.0217882
0.0217882
0.0217882
0.0217882
0.0217882
0.0217882
0.0217882
0.0217882
0.0217882
0.0217882
0.0217882
0.0217882
0.0217882
0.0217882
0.0217882
0.0217882
0.0217882
0.0217882
0.0217882
0.0217882
0.0217882
0.0217882
0.0217882
0.0217882
0.0217882
0.0217882
0.0217882
0.0217882
0.0217882
0.0217882
0.0217882
0.0217882
0.0217882
0.0217882
0.0217882
0.0217882
0.0217882
0.0217882
0.0217882
0.0217882
0.0217882
0.0217882
0.0217882
0.0217882
0.0217882
0.0217882
0.0217882
0.0217882
0.0217882
0.0217882
0.0217882
0.0217882
0.0217882
0.0217882
0.0217882
0.0217882
0.0217882
0.0217882
0.0217882
0.0217882
0.0217882
0.0217882
0.0217882
0.0217882
0.0217882
0.0217882
0.0217882
0.0217882
0.0217882
0.0217882
0.0217882
0.0217882
0.0217882
0.0217882
0.0217882
0.0217882
0.0217882
0.0217882
0.0217882
0.0217882
0.0217882
0.0217882
0.0217882
0.0217882
0.0217882
0.0217882
0.0217882
0.0217882
0.0217882
0.0217882
0.0217882
0.0217882
0.0217882
0.0217882
0.0217882
0.0217882
0.0217882
0.0217882
0.0217882
0.0217882
0.0217882
0.0217882
0.0217882
0.0217882
0.0217882
0.0217882
0.0217882
0.0217882
0.0217882
0.0217882
0.0217882
0.0217882
0.0217882
0.0217882
0.0217882
0.0217882
0.0217882
0.0217882
0.0217882
0.0217882
0.0217882
0.0217882
0.0217882
0.0217882
0.0217882
0.0217882
0.0217882
0.0217882
0.0217882
0.0217882
0.0217882
0.0217882
0.0217882
0.0217882
0.0217882
0.0217882
0.0217882
0.0217882
0.0217882
0.0217882
0.0217882
0.0217882
0.0217882
0.0217882
0.0217882
0.0217882
0.0217882
0.0217882
0.0217882
0.0217882
0.0217882
0.0217882
0.0217882
0.0217882
0.0217882
0.0217882
0.0217882
0.0217882
0.0217882
0.0217882
0.0217882
0.0217882
0.0217882
0.0217882
0.0217882
0.0217882
0.0217882
0.0217882
0.0217882
0.0217882
0.0217882
0.0217882
0.0217882
0.0217882
0.0217882
0.0217882
0.0217882
0.0217882
0.0217882
0.0217882
0.0217882
0.0217882
0.0217882
0.0217882
0.0217882
0.0217882
0.0217882
0.0217882
0.0217882
0.0217882
0.0217882
0.0217882
0.0217882
0.0217882
0.0217882
0.0217882
0.0217882
0.0217882
0.0217882
0.0217882
0.0217882
0.0217882
0.0217882
0.0217882
0.0217882
0.0217882
0.0217882
0.0217882
0.0217882
0.0217882
0.0217882
0.0217882
0.0217882
0.0217882
0.0217882
0.0217882
0.0217882
0.0217882
0.0217882
0.0217882
0.0217882
0.0217882
0.0217882
0.0217882
0.0217882
0.0217882
0.0217882
0.0217882
0.0217882
0.0217882
0.0217882
0.0217882
0.0217882
0.0217882
0.0217882
