4.73767e+08
2.03969e+08
8.99036e+07
3.25306e+07
8.08024e+06
8.08024e+06
8.08024e+06
8.08024e+06
8.08024e+06
8.08024e+06
8.08024e+06
8.08024e+06
8.08024e+06
8.08024e+06
3.97879e+06
3.97879e+06
2.13038e+06
1.93943e+06
1.12596e+06
1.12596e+06
1.12596e+06
953103
642343
642343
642343
642343
534819
247655
196720
179921
94076.9
94076.9
68786.4
61861.7
61861.7
39751
39751
39751
33360
33360
24224.1
21423.7
18661.5
14233.1
7510.51
7510.51
7442.14
7442.14
5320
4375.76
3049.48
3049.48
2375.73
1827.63
1827.63
1825.34
1498.22
1226.96
981.995
981.995
981.995
981.995
620.142
620.142
620.142
571.914
392.807
376.124
376.124
376.124
376.124
376.124
346.717
261.76
223.334
204.986
180.941
180.941
180.941
134.091
134.091
134.091
134.091
119.343
119.343
103.772
103.772
79.7038
79.7038
79.7038
70.3184
70.3184
70.3184
65.0206
57.825
57.825
56.2441
56.2441
46.518
46.518
45.3528
45.3528
44.7903
43.6925
41.87
36.5811
36.5811
36.5811
35.4777
35.4777
34.0829
32.6845
32.6845
32.1205
32.1205
31.9496
31.9394
31.7558
31.7326
31.7326
31.5409
31.2523
30.8184
30.4852
30.1534
30.1534
30.1534
29.9477
29.9477
29.9287
29.9286
29.7493
29.7493
29.7328
29.7263
29.6636
29.6081
29.587
29.587
29.5285
29.5176
29.4656
29.4255
29.394
29.3755
29.3399
29.3261
29.2515
29.2358
29.1873
29.182
29.1452
29.1208
29.0835
29.0521
28.9822
28.9617
28.9067
28.8614
28.7911
28.7219
28.6598
28.6062
28.5551
28.4891
28.4462
28.3841
28.3636
28.3106
28.2485
28.1926
28.0751
28.0145
27.955
27.9
27.8226
27.7575
27.6552
27.6099
27.5287
27.4564
27.3921
27.3241
27.2639
27.1963
27.1246
27.0563
26.99
26.9341
26.8687
26.8077
26.737
26.6812
26.6274
26.5716
26.5064
26.4482
26.3832
26.323
26.2562
26.1904
26.1334
26.0712
26.015
25.9522
25.898
25.8378
25.7826
25.7285
25.6833
25.6259
25.5748
25.527
25.4742
25.4155
25.3643
25.3006
25.2543
25.1823
25.1295
25.0688
25.0086
24.946
24.8967
24.8401
24.7891
24.7252
24.6786
24.6224
24.5629
24.5082
24.4439
24.3886
24.3375
24.2752
24.2188
24.1538
24.0982
24.0435
23.9733
23.927
23.8688
23.8074
23.7489
23.6886
23.6356
23.582
23.5196
23.4692
23.3942
23.342
23.2868
23.2439
23.1923
23.1301
23.0864
23.0251
22.9837
22.9395
22.888
22.8332
22.7896
22.7522
22.7022
22.6506
22.5982
22.5609
22.5061
22.4542
22.3977
22.3519
22.2951
22.242
22.1947
22.1477
22.0958
22.0503
21.9959
21.9522
21.9021
21.8609
21.817
21.7641
21.7255
21.6848
21.6417
21.6045
21.562
21.5117
21.475
21.436
21.3939
21.3587
21.3158
21.2748
21.2381
21.1868
21.1533
21.1106
21.0714
21.03
20.9944
20.9537
20.9056
20.8687
20.8307
20.7859
20.7411
20.7029
20.6574
20.6162
20.5688
20.529
20.4864
20.4402
20.3952
20.3557
20.3084
20.2643
20.222
20.1782
20.1304
20.0869
20.0439
19.9959
19.9547
19.9063
19.857
19.8011
19.7576
19.7079
19.6637
19.6134
19.572
19.5251
19.4767
19.4293
19.3773
19.333
19.2858
19.2324
19.1898
19.128
19.0838
19.0381
18.9908
18.941
18.8902
18.8437
18.7927
18.7383
18.6849
18.6362
18.5855
18.5322
18.4825
18.4279
18.3746
18.3149
18.2652
18.2126
18.163
18.1035
18.0484
17.9932
17.9364
17.887
17.8283
17.7749
17.7129
17.6574
17.5972
17.5499
17.4903
17.436
17.3799
17.3236
17.2712
17.2216
17.1638
17.1154
17.0587
17.0129
16.9546
16.9053
16.8547
16.8041
16.7593
16.6981
16.657
16.6039
16.5571
16.5023
16.4531
16.4108
16.3626
16.3151
16.271
16.2156
16.1706
16.1269
16.0866
16.0359
15.9951
15.9447
15.9083
15.8624
15.817
15.7772
15.7414
15.6982
15.6592
15.6167
15.5785
15.5386
15.4945
15.4517
15.4139
15.3768
15.3336
15.2957
15.254
15.2143
15.1728
15.1348
15.094
15.0544
15.0108
14.9752
14.9334
14.8929
14.8529
14.8109
14.7702
14.7252
14.6855
14.6451
14.6057
14.5634
14.5291
14.4855
14.4476
14.4095
14.3699
14.3343
14.2945
14.2568
14.2136
14.1836
14.1448
14.1074
14.0703
14.0342
13.9982
13.966
13.9277
13.8943
13.8663
13.8356
13.8077
13.7842
13.7574
13.7349
13.7107
13.6902
13.6697
13.6431
13.624
13.597
13.5682
13.5459
13.5207
13.4917
13.4592
13.4275
13.3817
13.338
13.2988
13.2593
13.2234
13.1863
13.1502
13.1218
13.0847
13.044
13.0129
12.9798
12.9393
12.906
12.8618
12.8326
12.7925
12.7555
12.7191
12.6803
12.6421
12.6077
12.5648
12.5272
12.4884
12.4535
12.4128
12.3762
12.3375
12.3033
12.2625
12.2131
12.1709
12.1328
12.1001
12.0419
12.0083
11.9589
11.9077
11.8636
11.8183
11.7658
11.7188
11.6701
11.6219
11.5631
11.5246
11.4706
11.4183
11.362
11.3149
11.2636
11.2134
11.1537
11.0999
11.043
10.9908
10.9367
10.8823
10.828
10.7676
10.7072
10.6481
10.597
10.5336
10.4769
10.4124
10.3561
10.2913
10.2291
10.1737
10.1094
10.0562
9.99574
9.93829
9.88113
9.82402
9.77046
9.71646
9.65946
9.60285
9.55148
9.49465
9.43601
9.39379
9.33075
9.27453
9.22855
9.17689
9.12136
9.07485
9.02088
8.97178
8.92047
8.87504
8.81717
8.77256
8.72433
8.66397
8.61862
8.56125
8.51607
8.46164
8.41448
8.36554
8.30631
8.25882
8.21674
8.16409
8.11893
8.07049
8.01879
7.96364
7.91655
7.86733
7.81926
7.76629
7.71735
7.66798
7.62279
7.56512
7.52417
7.47179
7.42157
7.37562
7.32444
7.27508
7.22965
7.18475
7.1333
7.0809
7.02812
6.99141
6.93865
6.89281
6.84331
6.79691
6.74495
6.69796
6.65404
6.60286
6.55789
6.50828
6.45958
6.41305
6.36569
6.3134
6.26342
6.21023
6.15664
6.10865
6.05753
6.00877
5.95022
5.90559
5.85473
5.80194
5.75205
5.70299
5.64768
5.59759
5.5521
5.49698
5.44171
5.39453
5.3508
5.29376
5.25504
5.21083
5.16479
5.1224
5.07592
5.03686
4.98633
4.95514
4.90907
4.86821
4.82813
4.78095
4.74048
4.69334
4.65035
4.61144
4.56946
4.52644
4.48381
4.44258
4.39997
4.35819
4.32198
4.28405
4.24549
4.2043
4.16851
4.13405
4.09834
4.0636
4.02569
3.98985
3.95079
3.91897
3.88237
3.84635
3.80927
3.77215
3.73879
3.70336
3.66606
3.6309
3.59081
3.55745
3.52067
3.48273
3.44553
3.4063
3.36882
3.33721
3.29972
3.25716
3.22486
3.1908
3.15327
3.11577
3.07768
3.03492
2.99966
2.96003
2.92372
2.88341
2.84141
2.80399
2.76058
2.71486
2.66817
2.63417
2.58829
2.5467
2.50587
2.45787
2.41999
2.37534
2.33482
2.29426
2.24869
2.20449
2.16834
2.12511
2.08342
2.0401
1.99781
1.95622
1.91459
1.86679
1.83188
1.7909
1.74032
1.70777
1.66074
1.62436
1.58728
1.54708
1.51212
1.46918
1.43319
1.39626
1.36051
1.32687
1.28854
1.25804
1.22347
1.19311
1.15723
1.131
1.10131
1.06655
1.03732
1.00483
0.977152
0.944887
0.91583
0.884689
0.86152
0.834227
0.807957
0.781124
0.758321
0.733541
0.711566
0.686772
0.665071
0.644715
0.624827
0.603296
0.584035
0.565966
0.548664
0.533188
0.513527
0.498644
0.481479
0.467071
0.450388
0.436489
0.423365
0.408683
0.395759
0.383276
0.370255
0.357597
0.346452
0.335281
0.325445
0.315419
0.304816
0.295435
0.285562
0.276622
0.26782
0.2592
0.250786
0.24217
0.234999
0.226475
0.21894
0.212602
0.206001
0.198565
0.191861
0.186414
0.180824
0.175254
0.169933
0.165037
0.16041
0.155002
0.151126
0.146629
0.142566
0.1381
0.134339
0.130782
0.127023
0.123658
0.120509
0.117266
0.113765
0.111383
0.108251
0.105557
0.102643
0.0998759
0.0973617
0.0946307
0.0923438
0.0900404
0.0879109
0.0857003
0.083614
0.0817731
0.0796677
0.077953
0.0760426
0.0742836
0.0726184
0.0709272
0.0692693
0.067801
0.0661951
0.064711
0.0632647
0.0619046
0.0605224
0.0593458
0.0580043
0.0566985
0.055451
0.0542582
0.053132
0.0519408
0.0508924
0.0497904
0.0487861
0.0476812
0.0467606
0.0458127
0.0448785
0.0439181
0.0429902
0.0421478
0.0413059
0.0403901
0.0396022
0.0388165
0.0380484
0.0372086
0.0364542
0.0357598
0.0350629
0.0343154
0.0336608
0.0329986
0.0323263
0.0316452
0.0310854
0.0305125
0.0298997
0.0293535
0.0287846
0.0281729
0.0277612
0.0272929
0.0267467
0.0262485
0.025772
0.0253404
0.0249067
0.0244546
0.0244546
0.0244546
0.0244546
0.0244546
0.0244546
0.0244546
0.0244546
0.0244546
0.0244546
0.0244546
0.0244546
0.0244546
0.0244546
0.0244546
0.0244546
0.0244546
0.0244546
0.0244546
0.0244546
0.0244546
0.0244546
0.0244546
0.0244546
0.0244546
0.0244546
0.0244546
0.0244546
0.0244546
0.0244546
0.0244546
0.0244546
0.0244546
0.0244546
0.0244546
0.0244546
0.0244546
0.0244546
0.0244546
0.0244546
0.0244546
0.0244546
0.0244546
0.0244546
0.0244546
0.0244546
0.0244546
0.0244546
0.0244546
0.0244546
0.0244546
0.0244546
0.0244546
0.0244546
0.0244546
0.0244546
0.0244546
0.0244546
0.0244546
0.0244546
0.0244546
0.0244546
0.0244546
0.0244546
0.0244546
0.0244546
0.0244546
0.0244546
0.0244546
0.0244546
0.0244546
0.0244546
0.0244546
0.0244546
0.0244546
0.0244546
0.0244546
0.0244546
0.0244546
0.0244546
0.0244546
0.0244546
0.0244546
0.0244546
0.0244546
0.0244546
0.0244546
0.0244546
0.0244546
0.0244546
0.0244546
0.0244546
0.0244546
0.0244546
0.0244546
0.0244546
0.0244546
0.0244546
0.0244546
0.0244546
0.0244546
0.0244546
0.0244546
0.0244546
0.0244546
0.0244546
0.0244546
0.0244546
0.0244546
0.0244546
0.0244546
0.0244546
0.0244546
0.0244546
0.0244546
0.0244546
0.0244546
0.0244546
0.0244546
0.0244546
0.0244546
0.0244546
0.0244546
0.0244546
0.0244546
0.0244546
0.0244546
0.0244546
0.0244546
0.0244546
0.0244546
0.0244546
0.0244546
0.0244546
0.0244546
0.0244546
0.0244546
0.0244546
0.0244546
0.0244546
0.0244546
0.0244546
0.0244546
0.0244546
0.0244546
0.0244546
0.0244546
0.0244546
0.0244546
0.0244546
0.0244546
0.0244546
0.0244546
0.0244546
0.0244546
0.0244546
0.0244546
0.0244546
0.0244546
0.0244546
0.0244546
0.0244546
0.0244546
0.0244546
0.0244546
0.0244546
0.0244546
0.0244546
0.0244546
0.0244546
0.0244546
0.0244546
0.0244546
0.0244546
0.0244546
0.0244546
0.0244546
0.0244546
0.0244546
0.0244546
0.0244546
0.0244546
0.0244546
0.0244546
0.0244546
0.0244546
0.0244546
0.0244546
0.0244546
0.0244546
0.0244546
0.0244546
0.0244546
0.0244546
0.0244546
0.0244546
0.0244546
0.0244546
0.0244546
0.0244546
0.0244546
0.0244546
0.0244546
0.0244546
0.0244546
0.0244546
0.0244546
0.0244546
0.0244546
0.0244546
0.0244546
0.0244546
0.0244546
0.0244546
0.0244546
0.0244546
0.0244546
0.0244546
0.0244546
0.0244546
0.0244546
0.0244546
0.0244546
0.0244546
0.0244546
0.0244546
0.0244546
0.0244546
0.0244546
0.0244546
0.0244546
0.0244546
0.0244546
0.0244546
0.0244546
0.0244546
0.0244546
0.0244546
0.0244546
0.0244546
0.0244546
0.0244546
0.0244546
0.0244546
0.0244546
0.0244546
0.0244546
0.0244546
0.0244546
0.0244546
0.0244546
0.0244546
0.0244546
0.0244546
0.0244546
0.0244546
0.0244546
0.0244546
0.0244546
0.0244546
0.0244546
0.0244546
0.0244546
0.0244546
0.0244546
0.0244546
0.0244546
0.0244546
0.0244546
0.0244546
0.0244546
0.0244546
0.0244546
0.0244546
0.0244546
0.0244546
0.0244546
0.0244546
0.0244546
0.0244546
0.0244546
0.0244546
0.0244546
0.0244546
0.0244546
0.0244546
0.0244546
0.0244546
0.0244546
0.0244546
0.0244546
0.0244546
0.0244546
0.0244546
0.0244546
0.0244546
0.0244546
0.0244546
0.0244546
0.0244546
0.0244546
0.0244546
0.0244546
0.0244546
0.0244546
0.0244546
0.0244546
0.0244546
0.0244546
0.0244546
0.0244546
0.0244546
0.0244546
0.0244546
0.0244546
0.0244546
0.0244546
0.0244546
0.0244546
0.0244546
0.0244546
0.0244546
0.0244546
0.0244546
0.0244546
0.0244546
0.0244546
0.0244546
0.0244546
0.0244546
0.0244546
0.0244546
0.0244546
0.0244546
0.0244546
0.0244546
0.0244546
0.0244546
0.0244546
0.0244546
0.0244546
0.0244546
0.0244546
0.0244546
0.0244546
0.0244546
0.0244546
0.0244546
0.0244546
0.0244546
0.0244546
0.0244546
0.0244546
0.0244546
0.0244546
0.0244546
0.0244546
0.0244546
0.0244546
0.0244546
0.0244546
0.0244546
0.0244546
0.0244546
0.0244546
0.0244546
0.0244546
0.0244546
0.0244546
0.0244546
0.0244546
0.0244546
0.0244546
0.0244546
0.0244546
0.0244546
0.0244546
0.0244546
0.0244546
0.0244546
0.0244546
0.0244546
0.0244546
0.0244546
0.0244546
0.0244546
0.0244546
0.0244546
0.0244546
0.0244546
0.0244546
0.0244546
0.0244546
0.0244546
0.0244546
0.0244546
0.0244546
0.0244546
0.0244546
0.0244546
0.0244546
0.0244546
0.0244546
0.0244546
0.0244546
0.0244546
0.0244546
0.0244546
0.0244546
0.0244546
0.0244546
0.0244546
0.0244546
0.0244546
0.0244546
0.0244546
0.0244546
0.0244546
0.0244546
0.0244546
0.0244546
0.0244546
0.0244546
0.0244546
0.0244546
0.0244546
0.0244546
0.0244546
0.0244546
0.0244546
0.0244546
0.0244546
0.0244546
0.0244546
0.0244546
0.0244546
0.0244546
0.0244546
0.0244546
0.0244546
0.0244546
0.0244546
0.0244546
0.0244546
0.0244546
0.0244546
0.0244546
0.0244546
0.0244546
0.0244546
0.0244546
0.0244546
0.0244546
0.0244546
0.0244546
0.0244546
0.0244546
0.0244546
0.0244546
0.0244546
0.0244546
0.0244546
0.0244546
0.0244546
0.0244546
0.0244546
0.0244546
0.0244546
0.0244546
0.0244546
0.0244546
0.0244546
0.0244546
0.0244546
0.0244546
0.0244546
0.0244546
0.0244546
0.0244546
0.0244546
0.0244546
0.0244546
0.0244546
0.0244546
0.0244546
0.0244546
0.0244546
0.0244546
0.0244546
0.0244546
0.0244546
0.0244546
0.0244546
0.0244546
0.0244546
0.0244546
0.0244546
0.0244546
0.0244546
0.0244546
0.0244546
0.0244546
0.0244546
0.0244546
0.0244546
0.0244546
0.0244546
0.0244546
0.0244546
0.0244546
0.0244546
0.0244546
0.0244546
0.0244546
0.0244546
0.0244546
0.0244546
0.0244546
0.0244546
0.0244546
0.0244546
0.0244546
0.0244546
0.0244546
0.0244546
0.0244546
0.0244546
0.0244546
0.0244546
0.0244546
0.0244546
0.0244546
0.0244546
0.0244546
0.0244546
0.0244546
0.0244546
0.0244546
0.0244546
0.0244546
0.0244546
0.0244546
0.0244546
0.0244546
0.0244546
0.0244546
0.0244546
0.0244546
0.0244546
0.0244546
0.0244546
0.0244546
0.0244546
0.0244546
0.0244546
0.0244546
0.0244546
0.0244546
0.0244546
0.0244546
0.0244546
0.0244546
0.0244546
0.0244546
0.0244546
0.0244546
0.0244546
0.0244546
0.0244546
0.0244546
0.0244546
0.0244546
0.0244546
0.0244546
0.0244546
0.0244546
0.0244546
0.0244546
0.0244546
0.0244546
0.0244546
0.0244546
0.0244546
0.0244546
0.0244546
0.0244546
0.0244546
0.0244546
0.0244546
0.0244546
0.0244546
0.0244546
0.0244546
0.0244546
0.0244546
0.0244546
0.0244546
0.0244546
0.0244546
0.0244546
0.0244546
0.0244546
0.0244546
0.0244546
0.0244546
0.0244546
0.0244546
0.0244546
0.0244546
0.0244546
0.0244546
0.0244546
0.0244546
0.0244546
0.0244546
0.0244546
0.0244546
0.0244546
0.0244546
0.0244546
0.0244546
0.0244546
0.0244546
0.0244546
0.0244546
0.0244546
0.0244546
0.0244546
0.0244546
0.0244546
0.0244546
0.0244546
0.0244546
0.0244546
0.0244546
0.0244546
0.0244546
0.0244546
0.0244546
0.0244546
0.0244546
0.0244546
0.0244546
0.0244546
0.0244546
0.0244546
0.0244546
0.0244546
0.0244546
0.0244546
0.0244546
0.0244546
0.0244546
0.0244546
0.0244546
0.0244546
0.0244546
0.0244546
0.0244546
0.0244546
0.0244546
0.0244546
0.0244546
0.0244546
0.0244546
0.0244546
0.0244546
0.0244546
0.0244546
0.0244546
0.0244546
0.0244546
0.0244546
0.0244546
0.0244546
0.0244546
0.0244546
0.0244546
0.0244546
0.0244546
0.0244546
0.0244546
0.0244546
0.0244546
0.0244546
0.0244546
0.0244546
0.0244546
0.0244546
0.0244546
0.0244546
0.0244546
0.0244546
0.0244546
0.0244546
0.0244546
0.0244546
0.0244546
0.0244546
0.0244546
0.0244546
0.0244546
0.0244546
0.0244546
0.0244546
0.0244546
0.0244546
0.0244546
0.0244546
0.0244546
0.0244546
0.0244546
0.0244546
0.0244546
0.0244546
0.0244546
0.0244546
0.0244546
0.0244546
0.0244546
0.0244546
0.0244546
0.0244546
0.0244546
0.0244546
0.0244546
0.0244546
0.0244546
0.0244546
0.0244546
0.0244546
0.0244546
0.0244546
0.0244546
0.0244546
0.0244546
0.0244546
0.0244546
0.0244546
0.0244546
0.0244546
0.0244546
0.0244546
0.0244546
0.0244546
0.0244546
0.0244546
0.0244546
0.0244546
0.0244546
0.0244546
0.0244546
0.0244546
0.0244546
0.0244546
0.0244546
0.0244546
0.0244546
0.0244546
0.0244546
0.0244546
0.0244546
0.0244546
0.0244546
0.0244546
0.0244546
0.0244546
0.0244546
0.0244546
0.0244546
0.0244546
0.0244546
0.0244546
0.0244546
0.0244546
0.0244546
0.0244546
0.0244546
0.0244546
0.0244546
0.0244546
0.0244546
0.0244546
0.0244546
0.0244546
0.0244546
0.0244546
0.0244546
0.0244546
0.0244546
0.0244546
0.0244546
0.0244546
0.0244546
0.0244546
0.0244546
0.0244546
0.0244546
0.0244546
0.0244546
0.0244546
0.0244546
0.0244546
0.0244546
0.0244546
0.0244546
0.0244546
0.0244546
0.0244546
0.0244546
0.0244546
0.0244546
0.0244546
0.0244546
0.0244546
0.0244546
0.0244546
0.0244546
0.0244546
0.0244546
0.0244546
0.0244546
0.0244546
0.0244546
0.0244546
0.0244546
0.0244546
0.0244546
0.0244546
0.0244546
0.0244546
0.0244546
0.0244546
0.0244546
0.0244546
0.0244546
0.0244546
0.0244546
0.0244546
0.0244546
0.0244546
0.0244546
0.0244546
0.0244546
0.0244546
0.0244546
0.0244546
0.0244546
0.0244546
0.0244546
0.0244546
0.0244546
0.0244546
0.0244546
0.0244546
0.0244546
0.0244546
0.0244546
0.0244546
0.0244546
0.0244546
0.0244546
0.0244546
0.0244546
0.0244546
0.0244546
0.0244546
0.0244546
0.0244546
0.0244546
0.0244546
0.0244546
0.0244546
0.0244546
0.0244546
0.0244546
0.0244546
0.0244546
0.0244546
0.0244546
0.0244546
0.0244546
0.0244546
0.0244546
0.0244546
0.0244546
0.0244546
0.0244546
0.0244546
0.0244546
0.0244546
0.0244546
0.0244546
0.0244546
0.0244546
0.0244546
0.0244546
0.0244546
0.0244546
0.0244546
0.0244546
0.0244546
0.0244546
0.0244546
0.0244546
0.0244546
0.0244546
0.0244546
0.0244546
0.0244546
0.0244546
0.0244546
0.0244546
0.0244546
0.0244546
0.0244546
0.0244546
0.0244546
0.0244546
0.0244546
0.0244546
0.0244546
0.0244546
0.0244546
0.0244546
0.0244546
0.0244546
0.0244546
0.0244546
0.0244546
0.0244546
0.0244546
0.0244546
0.0244546
0.0244546
0.0244546
0.0244546
0.0244546
0.0244546
0.0244546
0.0244546
0.0244546
0.0244546
0.0244546
0.0244546
0.0244546
0.0244546
0.0244546
0.0244546
0.0244546
0.0244546
0.0244546
0.0244546
