4.07192e+08
1.61233e+08
7.08459e+07
1.63507e+07
1.23424e+07
1.23424e+07
1.23424e+07
1.23424e+07
1.23424e+07
1.23424e+07
1.23424e+07
1.23424e+07
9.57602e+06
6.98227e+06
6.98227e+06
3.99153e+06
3.99153e+06
3.70889e+06
1.93497e+06
1.93497e+06
1.93497e+06
1.93232e+06
1.26808e+06
1.26808e+06
1.26808e+06
1.26808e+06
996056
726790
550164
550164
298088
298088
242108
242108
242108
187197
125480
83205.1
83205.1
83205.1
83205.1
83205.1
71108.1
60229.5
60229.5
36901.1
32618.2
11827.9
11827.9
11827.9
11827.9
11827.9
11827.9
6891.82
6891.82
6891.82
6535.48
6535.48
6535.48
2925.18
2925.18
2925.18
2231.66
1863.29
1863.29
1464.27
1464.27
1261.16
1072.81
931.903
931.903
931.903
931.903
931.903
692.916
644.05
610.178
537.318
537.318
529.872
428.804
377.833
377.833
377.833
272.692
203.057
203.057
197.939
173.415
161.074
161.074
140.995
137.992
106.062
102.569
102.569
72.4157
72.4157
72.4157
72.4157
65.0447
59.4742
59.4742
59.4742
50.2562
50.2562
50.2562
50.2562
44.48
40.2982
40.2982
40.2982
40.2982
37.2059
37.2059
36.9134
35.5686
35.2113
34.1611
34.1611
32.9777
32.9777
32.9777
32.7871
31.5192
31.5192
31.1886
31.1886
31.0025
30.4008
30.4008
30.3274
30.2847
29.9634
29.5227
29.5227
29.5094
29.3571
29.0563
28.9859
28.5528
28.5528
28.5021
28.4763
28.352
28.1744
28.0939
28.0105
27.9407
27.7532
27.7532
27.6642
27.5792
27.4377
27.3865
27.3512
27.3052
27.2368
27.1384
27.0597
26.9948
26.9277
26.8468
26.7874
26.7202
26.667
26.5999
26.5422
26.475
26.41
26.356
26.3087
26.2579
26.1855
26.1281
26.0926
26.0315
25.9775
25.9213
25.8671
25.8156
25.7571
25.7119
25.6584
25.6072
25.5545
25.5048
25.458
25.4108
25.3682
25.3195
25.2788
25.2241
25.1847
25.1444
25.0992
25.0547
25.0064
24.9641
24.92
24.8787
24.8357
24.7918
24.7498
24.7088
24.6673
24.6298
24.5892
24.5497
24.5038
24.4696
24.4283
24.3917
24.3505
24.3128
24.2723
24.2319
24.1909
24.1527
24.112
24.0739
24.0333
23.9925
23.9549
23.9147
23.8735
23.8328
23.7948
23.7555
23.7143
23.6734
23.6327
23.5931
23.5504
23.5069
23.4722
23.4256
23.3869
23.3485
23.31
23.2703
23.2307
23.1913
23.1534
23.1142
23.0753
23.0374
23.0001
22.9585
22.9229
22.8799
22.8479
22.8039
22.7729
22.7317
22.6944
22.6608
22.6212
22.5849
22.5404
22.5041
22.4701
22.4304
22.3903
22.3517
22.3186
22.2783
22.2402
22.2051
22.1658
22.1325
22.0968
22.0604
22.0289
21.9897
21.9613
21.9259
21.8943
21.8642
21.8315
21.8053
21.771
21.7428
21.7117
21.678
21.644
21.6023
21.5733
21.5324
21.5036
21.4695
21.4311
21.3999
21.3643
21.3321
21.298
21.2594
21.2285
21.1902
21.1553
21.1241
21.0893
21.0541
21.0188
20.9841
20.9466
20.9092
20.8706
20.8392
20.8017
20.7646
20.7341
20.697
20.6651
20.6264
20.5939
20.5595
20.5242
20.4829
20.4515
20.4123
20.3782
20.3393
20.3006
20.2624
20.2297
20.1881
20.1472
20.1132
20.0778
20.034
19.9892
19.9567
19.9151
19.873
19.8313
19.7906
19.7516
19.7138
19.6647
19.624
19.5799
19.5359
19.4906
19.4577
19.4122
19.3712
19.321
19.2794
19.2359
19.1918
19.1516
19.1084
19.0695
19.0253
18.9825
18.9424
18.8957
18.8582
18.8075
18.7693
18.7237
18.6833
18.6406
18.5983
18.5489
18.5047
18.4566
18.4122
18.3682
18.3164
18.271
18.2338
18.1871
18.1423
18.092
18.0555
18.0067
17.969
17.9291
17.8871
17.8538
17.8106
17.7668
17.7354
17.6972
17.6538
17.6149
17.5571
17.5237
17.4806
17.4348
17.3924
17.3475
17.3076
17.2669
17.2263
17.1836
17.1392
17.0971
17.0527
17.009
16.962
16.913
16.8734
16.8234
16.7807
16.7323
16.6883
16.6404
16.5892
16.5399
16.4877
16.4434
16.3891
16.3416
16.2986
16.2384
16.1984
16.1504
16.1048
16.0538
16.0102
15.9633
15.9119
15.8709
15.8217
15.7827
15.7329
15.6979
15.6511
15.612
15.5782
15.5312
15.4913
15.449
15.4059
15.3684
15.328
15.2824
15.2502
15.2131
15.1767
15.1356
15.0962
15.0639
15.0249
14.9865
14.9634
14.9236
14.8963
14.8635
14.8271
14.8
14.7645
14.7211
14.6947
14.6557
14.6216
14.5668
14.5328
14.496
14.4523
14.4154
14.3782
14.3426
14.309
14.272
14.242
14.201
14.1723
14.1316
14.1007
14.0685
14.0332
14.0027
13.968
13.929
13.8977
13.8608
13.8166
13.7739
13.7349
13.7062
13.657
13.6158
13.573
13.5344
13.4945
13.4603
13.419
13.382
13.3437
13.3031
13.2695
13.2304
13.1953
13.1607
13.1248
13.0891
13.0545
13.0249
12.9909
12.9554
12.9223
12.8902
12.8561
12.8195
12.783
12.7469
12.7083
12.6739
12.6332
12.5997
12.5601
12.5236
12.4795
12.4431
12.4071
12.3707
12.3335
12.2915
12.2574
12.2184
12.1752
12.1372
12.0928
12.053
12.0117
11.9696
11.9265
11.884
11.8392
11.7956
11.7512
11.7032
11.6631
11.6197
11.5747
11.5292
11.4932
11.4495
11.4047
11.3519
11.3094
11.2648
11.2099
11.159
11.1141
11.0602
11.0127
10.9608
10.9084
10.8578
10.8073
10.7519
10.6979
10.6503
10.5928
10.5397
10.492
10.4403
10.3909
10.3389
10.2779
10.2354
10.1891
10.1326
10.083
10.0386
9.98335
9.93647
9.89387
9.85373
9.80732
9.75617
9.70946
9.66436
9.61235
9.56099
9.51661
9.45785
9.41385
9.36646
9.32068
9.2719
9.22286
9.1753
9.12618
9.08292
9.04377
8.99033
8.93635
8.8916
8.84343
8.79268
8.74749
8.68757
8.6403
8.59601
8.53491
8.48935
8.44598
8.39321
8.34423
8.29025
8.2407
8.19138
8.14754
8.09457
8.04658
8.00089
7.95228
7.90134
7.85092
7.8094
7.75895
7.71105
7.66173
7.61338
7.56818
7.51649
7.47393
7.42848
7.37816
7.32656
7.28292
7.23588
7.19295
7.14169
7.08865
7.04978
6.99978
6.94967
6.90549
6.8607
6.8118
6.76493
6.71319
6.66177
6.6133
6.55812
6.51437
6.4632
6.41032
6.36256
6.30792
6.25949
6.21062
6.15462
6.10087
6.05312
5.99928
5.94024
5.88963
5.83474
5.78071
5.72191
5.66222
5.60611
5.55074
5.49286
5.43857
5.38095
5.3258
5.26585
5.21499
5.15444
5.09715
5.04175
4.99208
4.94415
4.89161
4.82467
4.78101
4.72636
4.66985
4.61951
4.56225
4.49789
4.45646
4.40272
4.35068
4.29436
4.23689
4.18756
4.12993
4.0675
4.0209
3.96617
3.91843
3.85809
3.81816
3.75537
3.69019
3.6488
3.59911
3.54566
3.49118
3.44799
3.39622
3.34689
3.29976
3.25087
3.20525
3.15895
3.11781
3.06961
3.01518
2.9926
2.95236
2.90464
2.87605
2.82734
2.78463
2.74715
2.70997
2.66102
2.62018
2.57896
2.54424
2.50079
2.46119
2.42127
2.3803
2.34095
2.29925
2.26151
2.22218
2.18209
2.14655
2.1081
2.07343
2.03594
1.99895
1.96433
1.92846
1.89667
1.85864
1.8273
1.79597
1.76311
1.73093
1.69904
1.66892
1.63964
1.60814
1.57961
1.55181
1.52021
1.49244
1.4631
1.43558
1.40788
1.37979
1.35187
1.32429
1.29971
1.27442
1.24806
1.22263
1.19869
1.17639
1.15212
1.13024
1.10746
1.08591
1.0625
1.03956
1.0213
0.998692
0.974284
0.953094
0.926031
0.910392
0.887834
0.867666
0.847641
0.825082
0.807231
0.787299
0.76873
0.749605
0.731909
0.715157
0.696555
0.680853
0.664502
0.648174
0.631717
0.619753
0.603622
0.589158
0.575589
0.560923
0.548148
0.534179
0.521148
0.509416
0.497506
0.484087
0.473124
0.462212
0.449942
0.440235
0.428805
0.418874
0.409374
0.400267
0.390753
0.38195
0.372572
0.364686
0.356651
0.348218
0.340622
0.332416
0.325754
0.318585
0.311717
0.304645
0.297763
0.291591
0.285022
0.278893
0.273213
0.268106
0.262603
0.256455
0.251256
0.246442
0.241849
0.236875
0.232055
0.2277
0.223227
0.219057
0.215048
0.210846
0.206937
0.203237
0.199496
0.195873
0.191951
0.188237
0.185531
0.182093
0.179153
0.176026
0.173038
0.169982
0.167028
0.164421
0.161552
0.158858
0.156093
0.153732
0.151212
0.148577
0.146352
0.143778
0.141318
0.139151
0.136609
0.134553
0.13234
0.130216
0.128119
0.126049
0.123961
0.122001
0.120057
0.118128
0.116109
0.11451
0.11259
0.11088
0.109224
0.107363
0.105722
0.104126
0.102511
0.100859
0.0992574
0.097583
0.0959846
0.0946643
0.0931998
0.0916197
0.090168
0.0886757
0.0873317
0.085557
0.0843183
0.0828673
0.0815559
0.0801236
0.0787757
0.0772382
0.0760447
0.074758
0.0735181
0.0721804
0.0709134
0.0697041
0.0682646
0.0670527
0.0658661
0.0645898
0.0634073
0.0622873
0.0611054
0.0599509
0.0587573
0.0575709
0.0566106
0.0555099
0.0544132
0.053424
0.0524742
0.051495
0.0504853
0.0495285
0.0486222
0.0477404
0.0468433
0.0458291
0.045011
0.0441714
0.0432245
0.0423896
0.041612
0.0406586
0.0399152
0.0390705
0.038292
0.0375094
0.036692
0.0359141
0.0353064
0.0345477
0.0338621
0.033247
0.032568
0.0319547
0.0312968
0.0307465
0.0307465
0.0307465
0.0307465
0.0307465
0.0307465
0.0307465
0.0307465
0.0307465
0.0307465
0.0307465
0.0307465
0.0307465
0.0307465
0.0307465
0.0307465
0.0307465
0.0307465
0.0307465
0.0307465
0.0307465
0.0307465
0.0307465
0.0307465
0.0307465
0.0307465
0.0307465
0.0307465
0.0307465
0.0307465
0.0307465
0.0307465
0.0307465
0.0307465
0.0307465
0.0307465
0.0307465
0.0307465
0.0307465
0.0307465
0.0307465
0.0307465
0.0307465
0.0307465
0.0307465
0.0307465
0.0307465
0.0307465
0.0307465
0.0307465
0.0307465
0.0307465
0.0307465
0.0307465
0.0307465
0.0307465
0.0307465
0.0307465
0.0307465
0.0307465
0.0307465
0.0307465
0.0307465
0.0307465
0.0307465
0.0307465
0.0307465
0.0307465
0.0307465
0.0307465
0.0307465
0.0307465
0.0307465
0.0307465
0.0307465
0.0307465
0.0307465
0.0307465
0.0307465
0.0307465
0.0307465
0.0307465
0.0307465
0.0307465
0.0307465
0.0307465
0.0307465
0.0307465
0.0307465
0.0307465
0.0307465
0.0307465
0.0307465
0.0307465
0.0307465
0.0307465
0.0307465
0.0307465
0.0307465
0.0307465
0.0307465
0.0307465
0.0307465
0.0307465
0.0307465
0.0307465
0.0307465
0.0307465
0.0307465
0.0307465
0.0307465
0.0307465
0.0307465
0.0307465
0.0307465
0.0307465
0.0307465
0.0307465
0.0307465
0.0307465
0.0307465
0.0307465
0.0307465
0.0307465
0.0307465
0.0307465
0.0307465
0.0307465
0.0307465
0.0307465
0.0307465
0.0307465
0.0307465
0.0307465
0.0307465
0.0307465
0.0307465
0.0307465
0.0307465
0.0307465
0.0307465
0.0307465
0.0307465
0.0307465
0.0307465
0.0307465
0.0307465
0.0307465
0.0307465
0.0307465
0.0307465
0.0307465
0.0307465
0.0307465
0.0307465
0.0307465
0.0307465
0.0307465
0.0307465
0.0307465
0.0307465
0.0307465
0.0307465
0.0307465
0.0307465
0.0307465
0.0307465
0.0307465
0.0307465
0.0307465
0.0307465
0.0307465
0.0307465
0.0307465
0.0307465
0.0307465
0.0307465
0.0307465
0.0307465
0.0307465
0.0307465
0.0307465
0.0307465
0.0307465
0.0307465
0.0307465
0.0307465
0.0307465
0.0307465
0.0307465
0.0307465
0.0307465
0.0307465
0.0307465
0.0307465
0.0307465
0.0307465
0.0307465
0.0307465
0.0307465
0.0307465
0.0307465
0.0307465
0.0307465
0.0307465
0.0307465
0.0307465
0.0307465
0.0307465
0.0307465
0.0307465
0.0307465
0.0307465
0.0307465
0.0307465
0.0307465
0.0307465
0.0307465
0.0307465
0.0307465
0.0307465
0.0307465
0.0307465
0.0307465
0.0307465
0.0307465
0.0307465
0.0307465
0.0307465
0.0307465
0.0307465
0.0307465
0.0307465
0.0307465
0.0307465
0.0307465
0.0307465
0.0307465
0.0307465
0.0307465
0.0307465
0.0307465
0.0307465
0.0307465
0.0307465
0.0307465
0.0307465
0.0307465
0.0307465
0.0307465
0.0307465
0.0307465
0.0307465
0.0307465
0.0307465
0.0307465
0.0307465
0.0307465
0.0307465
0.0307465
0.0307465
0.0307465
0.0307465
0.0307465
0.0307465
0.0307465
0.0307465
0.0307465
0.0307465
0.0307465
0.0307465
0.0307465
0.0307465
0.0307465
0.0307465
0.0307465
0.0307465
0.0307465
0.0307465
0.0307465
0.0307465
0.0307465
0.0307465
0.0307465
0.0307465
0.0307465
0.0307465
0.0307465
0.0307465
0.0307465
0.0307465
0.0307465
0.0307465
0.0307465
0.0307465
0.0307465
0.0307465
0.0307465
0.0307465
0.0307465
0.0307465
0.0307465
0.0307465
0.0307465
0.0307465
0.0307465
0.0307465
0.0307465
0.0307465
0.0307465
0.0307465
0.0307465
0.0307465
0.0307465
0.0307465
0.0307465
0.0307465
0.0307465
0.0307465
0.0307465
0.0307465
0.0307465
0.0307465
0.0307465
0.0307465
0.0307465
0.0307465
0.0307465
0.0307465
0.0307465
0.0307465
0.0307465
0.0307465
0.0307465
0.0307465
0.0307465
0.0307465
0.0307465
0.0307465
0.0307465
0.0307465
0.0307465
0.0307465
0.0307465
0.0307465
0.0307465
0.0307465
0.0307465
0.0307465
0.0307465
0.0307465
0.0307465
0.0307465
0.0307465
0.0307465
0.0307465
0.0307465
0.0307465
0.0307465
0.0307465
0.0307465
0.0307465
0.0307465
0.0307465
0.0307465
0.0307465
0.0307465
0.0307465
0.0307465
0.0307465
0.0307465
0.0307465
0.0307465
0.0307465
0.0307465
0.0307465
0.0307465
0.0307465
0.0307465
0.0307465
0.0307465
0.0307465
0.0307465
0.0307465
0.0307465
0.0307465
0.0307465
0.0307465
0.0307465
0.0307465
0.0307465
0.0307465
0.0307465
0.0307465
0.0307465
0.0307465
0.0307465
0.0307465
0.0307465
0.0307465
0.0307465
0.0307465
0.0307465
0.0307465
0.0307465
0.0307465
0.0307465
0.0307465
0.0307465
0.0307465
0.0307465
0.0307465
0.0307465
0.0307465
0.0307465
0.0307465
0.0307465
0.0307465
0.0307465
0.0307465
0.0307465
0.0307465
0.0307465
0.0307465
0.0307465
0.0307465
0.0307465
0.0307465
0.0307465
0.0307465
0.0307465
0.0307465
0.0307465
0.0307465
0.0307465
0.0307465
0.0307465
0.0307465
0.0307465
0.0307465
0.0307465
0.0307465
0.0307465
0.0307465
0.0307465
0.0307465
0.0307465
0.0307465
0.0307465
0.0307465
0.0307465
0.0307465
0.0307465
0.0307465
0.0307465
0.0307465
0.0307465
0.0307465
0.0307465
0.0307465
0.0307465
0.0307465
0.0307465
0.0307465
0.0307465
0.0307465
0.0307465
0.0307465
0.0307465
0.0307465
0.0307465
0.0307465
0.0307465
0.0307465
0.0307465
0.0307465
0.0307465
0.0307465
0.0307465
0.0307465
0.0307465
0.0307465
0.0307465
0.0307465
0.0307465
0.0307465
0.0307465
0.0307465
0.0307465
0.0307465
0.0307465
0.0307465
0.0307465
0.0307465
0.0307465
0.0307465
0.0307465
0.0307465
0.0307465
0.0307465
0.0307465
0.0307465
0.0307465
0.0307465
0.0307465
0.0307465
0.0307465
0.0307465
0.0307465
0.0307465
0.0307465
0.0307465
0.0307465
0.0307465
0.0307465
0.0307465
0.0307465
0.0307465
0.0307465
0.0307465
0.0307465
0.0307465
0.0307465
0.0307465
0.0307465
0.0307465
0.0307465
0.0307465
0.0307465
0.0307465
0.0307465
0.0307465
0.0307465
0.0307465
0.0307465
0.0307465
0.0307465
0.0307465
0.0307465
0.0307465
0.0307465
0.0307465
0.0307465
0.0307465
0.0307465
0.0307465
0.0307465
0.0307465
0.0307465
0.0307465
0.0307465
0.0307465
0.0307465
0.0307465
0.0307465
0.0307465
0.0307465
0.0307465
0.0307465
0.0307465
0.0307465
0.0307465
0.0307465
0.0307465
0.0307465
0.0307465
0.0307465
0.0307465
0.0307465
0.0307465
0.0307465
0.0307465
0.0307465
0.0307465
0.0307465
0.0307465
0.0307465
0.0307465
0.0307465
0.0307465
0.0307465
0.0307465
0.0307465
0.0307465
0.0307465
0.0307465
0.0307465
0.0307465
0.0307465
0.0307465
0.0307465
0.0307465
0.0307465
0.0307465
0.0307465
0.0307465
0.0307465
0.0307465
0.0307465
0.0307465
0.0307465
0.0307465
0.0307465
0.0307465
0.0307465
0.0307465
0.0307465
0.0307465
0.0307465
0.0307465
0.0307465
0.0307465
0.0307465
0.0307465
0.0307465
0.0307465
0.0307465
0.0307465
0.0307465
0.0307465
0.0307465
0.0307465
0.0307465
0.0307465
0.0307465
0.0307465
0.0307465
0.0307465
0.0307465
0.0307465
0.0307465
0.0307465
0.0307465
0.0307465
0.0307465
0.0307465
0.0307465
0.0307465
0.0307465
0.0307465
0.0307465
0.0307465
0.0307465
0.0307465
0.0307465
0.0307465
0.0307465
0.0307465
0.0307465
0.0307465
0.0307465
0.0307465
0.0307465
0.0307465
0.0307465
0.0307465
0.0307465
0.0307465
0.0307465
0.0307465
0.0307465
0.0307465
0.0307465
0.0307465
0.0307465
0.0307465
0.0307465
0.0307465
0.0307465
0.0307465
0.0307465
0.0307465
0.0307465
0.0307465
0.0307465
0.0307465
0.0307465
0.0307465
0.0307465
0.0307465
0.0307465
0.0307465
0.0307465
0.0307465
0.0307465
0.0307465
0.0307465
0.0307465
0.0307465
0.0307465
0.0307465
0.0307465
0.0307465
0.0307465
0.0307465
0.0307465
0.0307465
0.0307465
0.0307465
0.0307465
0.0307465
0.0307465
0.0307465
0.0307465
0.0307465
0.0307465
0.0307465
0.0307465
0.0307465
0.0307465
0.0307465
0.0307465
0.0307465
0.0307465
0.0307465
0.0307465
0.0307465
0.0307465
0.0307465
0.0307465
0.0307465
0.0307465
0.0307465
0.0307465
0.0307465
0.0307465
0.0307465
0.0307465
0.0307465
0.0307465
0.0307465
0.0307465
0.0307465
0.0307465
0.0307465
0.0307465
0.0307465
0.0307465
0.0307465
0.0307465
0.0307465
0.0307465
0.0307465
0.0307465
0.0307465
0.0307465
0.0307465
0.0307465
0.0307465
0.0307465
0.0307465
0.0307465
0.0307465
0.0307465
0.0307465
0.0307465
0.0307465
0.0307465
0.0307465
0.0307465
0.0307465
0.0307465
0.0307465
0.0307465
0.0307465
0.0307465
0.0307465
0.0307465
0.0307465
0.0307465
0.0307465
0.0307465
0.0307465
0.0307465
0.0307465
0.0307465
0.0307465
0.0307465
0.0307465
0.0307465
0.0307465
0.0307465
0.0307465
0.0307465
0.0307465
0.0307465
0.0307465
0.0307465
0.0307465
0.0307465
0.0307465
0.0307465
0.0307465
0.0307465
0.0307465
0.0307465
0.0307465
0.0307465
0.0307465
0.0307465
0.0307465
0.0307465
0.0307465
0.0307465
0.0307465
0.0307465
0.0307465
0.0307465
0.0307465
0.0307465
0.0307465
0.0307465
0.0307465
0.0307465
0.0307465
0.0307465
0.0307465
0.0307465
0.0307465
0.0307465
0.0307465
0.0307465
0.0307465
0.0307465
0.0307465
0.0307465
0.0307465
0.0307465
0.0307465
0.0307465
0.0307465
0.0307465
0.0307465
0.0307465
0.0307465
0.0307465
0.0307465
0.0307465
0.0307465
0.0307465
0.0307465
0.0307465
0.0307465
0.0307465
0.0307465
0.0307465
0.0307465
0.0307465
0.0307465
0.0307465
0.0307465
0.0307465
0.0307465
0.0307465
0.0307465
0.0307465
0.0307465
0.0307465
0.0307465
0.0307465
0.0307465
0.0307465
0.0307465
0.0307465
0.0307465
0.0307465
0.0307465
0.0307465
0.0307465
0.0307465
0.0307465
0.0307465
0.0307465
0.0307465
0.0307465
0.0307465
0.0307465
0.0307465
0.0307465
0.0307465
0.0307465
0.0307465
0.0307465
0.0307465
0.0307465
0.0307465
0.0307465
0.0307465
0.0307465
0.0307465
0.0307465
0.0307465
0.0307465
0.0307465
0.0307465
0.0307465
0.0307465
0.0307465
0.0307465
0.0307465
0.0307465
0.0307465
0.0307465
0.0307465
0.0307465
0.0307465
0.0307465
0.0307465
0.0307465
0.0307465
0.0307465
0.0307465
0.0307465
0.0307465
0.0307465
0.0307465
0.0307465
0.0307465
0.0307465
0.0307465
0.0307465
0.0307465
0.0307465
0.0307465
0.0307465
0.0307465
0.0307465
0.0307465
0.0307465
0.0307465
0.0307465
0.0307465
0.0307465
0.0307465
0.0307465
0.0307465
0.0307465
0.0307465
0.0307465
0.0307465
0.0307465
