5.08225e+08
2.8798e+08
1.41026e+08
3.84299e+07
2.0467e+07
2.0467e+07
1.03099e+07
1.03099e+07
1.03099e+07
1.03099e+07
1.03099e+07
1.03099e+07
1.03099e+07
1.03099e+07
9.69268e+06
5.22464e+06
2.87585e+06
2.04229e+06
1.5266e+06
1.5266e+06
1.5266e+06
1.49825e+06
1.3212e+06
1.17496e+06
1.10632e+06
905725
710830
710830
437156
317925
287241
281997
264840
199174
199174
158493
40340.1
40340.1
40340.1
27043.6
27043.6
27043.6
27043.6
13185.8
13185.8
7274.98
7274.98
7274.98
7274.98
7274.98
7274.98
5400.76
5400.76
3810.97
3252.43
3138.26
2418.6
2418.6
1835.77
1684.3
1684.3
1684.3
1684.3
1684.3
1223.1
1223.1
1067.05
832.156
832.156
832.156
832.156
721.653
636.018
636.018
596.649
591.958
388.223
388.223
388.223
388.223
339.332
300.724
300.724
300.001
300.001
295.919
267.456
267.456
217.339
217.339
217.339
212.593
200.135
188.894
180.323
177.894
177.579
166.935
166.359
162.337
162.337
161.568
161.568
155.406
155.217
152.354
141.882
141.882
137.258
137.258
137.258
135.635
134.807
133.261
132.036
131.431
131.074
130.751
129.376
128.691
127.808
127.336
127.022
126.585
126.204
125.771
125.375
124.418
124.418
124.284
124.097
123.662
123.27
123.11
122.746
122.548
122.14
121.901
121.744
121.514
121.326
120.942
120.891
120.607
120.481
120.225
120.1
119.844
119.666
119.551
119.392
119.219
119.045
118.838
118.637
118.5
118.257
118.082
117.935
117.729
117.549
117.393
117.205
117.024
116.821
116.688
116.502
116.33
116.143
115.956
115.749
115.585
115.415
115.211
115.004
114.843
114.637
114.446
114.269
114.074
113.842
113.611
113.443
113.232
113.001
112.786
112.602
112.34
112.133
111.921
111.663
111.454
111.191
110.959
110.661
110.412
110.101
109.88
109.579
109.275
108.945
108.716
108.376
108.059
107.74
107.437
107.116
106.769
106.426
106.112
105.729
105.414
105.042
104.654
104.31
103.845
103.486
103.054
102.678
102.239
101.816
101.359
100.874
100.414
99.9056
99.3984
98.8019
98.2758
97.6636
97.107
96.4938
95.7327
95.1322
94.4478
93.7057
92.8812
92.0705
91.0334
90.3171
89.2721
88.2248
87.2385
85.7833
84.7718
83.3719
82.0275
80.7135
79.1961
77.2794
75.8461
73.5386
71.679
69.6794
67.1493
64.5002
60.574
57.889
53.75
49.3813
45.4015
40.4526
34.9118
30.919
28.0927
25.6365
25.4429
25.4429
25.4429
25.4429
25.4429
25.4429
25.4429
25.4429
25.4429
25.4429
24.9368
24.6123
24.6123
24.4061
24.3179
24.254
24.1977
23.8929
23.8929
23.8321
23.7955
23.7955
23.7452
23.6335
23.6335
23.6335
23.5425
23.5425
23.5273
23.4877
23.4877
23.424
23.424
23.424
23.3997
23.3952
23.3496
23.3237
23.2807
23.2807
23.2708
23.1989
23.1989
23.1743
23.1485
23.1226
23.0991
23.0701
23.0515
23.0221
23.0064
22.9826
22.9604
22.9346
22.9096
22.8857
22.8615
22.8364
22.8045
22.7839
22.7605
22.7348
22.6995
22.6805
22.6477
22.6249
22.5992
22.5664
22.5421
22.5119
22.4797
22.4512
22.4148
22.3898
22.3515
22.323
22.2922
22.2564
22.2192
22.1895
22.1523
22.1194
22.0865
22.0456
22.0129
21.971
21.9377
21.8995
21.8634
21.825
21.785
21.7447
21.708
21.6683
21.6315
21.5923
21.553
21.5135
21.4767
21.4392
21.4011
21.3608
21.3206
21.2808
21.2392
21.1984
21.1596
21.1165
21.0721
21.0332
20.9909
20.9514
20.9025
20.8602
20.8129
20.7713
20.7308
20.684
20.6375
20.5903
20.5482
20.5021
20.4557
20.4132
20.3648
20.3241
20.2698
20.2319
20.1855
20.1435
20.1007
20.0582
20.0136
19.9714
19.9316
19.8905
19.8493
19.8097
19.7723
19.7354
19.6964
19.6509
19.6206
19.5756
19.54
19.4937
19.4517
19.4056
19.3711
19.3263
19.2867
19.2451
19.2024
19.1567
19.1205
19.0757
19.031
18.9906
18.948
18.9052
18.8582
18.8163
18.7755
18.7346
18.6914
18.6543
18.6002
18.5653
18.5276
18.4879
18.4465
18.4048
18.3612
18.3156
18.2733
18.2338
18.1906
18.1482
18.1067
18.0649
18.025
17.9828
17.9382
17.8929
17.8492
17.8124
17.7675
17.7263
17.6856
17.6344
17.6001
17.5543
17.5102
17.4719
17.4262
17.3816
17.3387
17.2913
17.242
17.202
17.1534
17.1095
17.0592
17.0185
16.9663
16.9237
16.8714
16.8233
16.7768
16.7283
16.6824
16.633
16.5854
16.5403
16.4843
16.4398
16.3883
16.3386
16.2852
16.2388
16.1878
16.1327
16.0804
16.0334
15.9784
15.9323
15.8788
15.8335
15.78
15.7307
15.6701
15.6295
15.5807
15.5287
15.4767
15.4257
15.3643
15.319
15.2643
15.2032
15.155
15.0967
15.042
14.9836
14.9256
14.8673
14.8085
14.7475
14.6918
14.6333
14.5749
14.5166
14.462
14.4019
14.3475
14.2897
14.2321
14.1784
14.1233
14.0649
14.0131
13.9571
13.9052
13.8557
13.8024
13.7523
13.6947
13.6524
13.5933
13.5419
13.4833
13.4298
13.3755
13.3213
13.2641
13.205
13.1523
13.0881
13.0356
12.9669
12.9235
12.864
12.8129
12.7545
12.6926
12.6414
12.5861
12.5288
12.4729
12.4239
12.3731
12.3225
12.2656
12.2252
12.1771
12.1259
12.0902
12.0459
12.0079
11.9777
11.9388
11.9116
11.8742
11.8691
11.8459
11.8198
11.8041
11.7691
11.7392
11.719
11.6917
11.6501
11.6152
11.5667
11.5255
11.4685
11.4269
11.3626
11.3187
11.2854
11.2329
11.2114
11.1712
11.1472
11.1089
11.0735
11.0391
11.0014
10.9663
10.9276
10.8945
10.8555
10.8172
10.7733
10.7336
10.6986
10.6589
10.6209
10.5805
10.5467
10.5126
10.4734
10.4344
10.3976
10.3605
10.3227
10.284
10.2417
10.2073
10.1716
10.132
10.0952
10.0568
10.0207
9.98112
9.94205
9.90812
9.87143
9.83416
9.7998
9.75934
9.72374
9.69241
9.65476
9.61529
9.57937
9.53823
9.49957
9.4661
9.42548
9.39051
9.34918
9.3097
9.27407
9.23426
9.19746
9.15776
9.12039
9.08295
9.03744
9.00368
8.96543
8.92307
8.88095
8.84317
8.79777
8.76381
8.71506
8.6751
8.63428
8.59423
8.55403
8.51348
8.47258
8.43069
8.38586
8.34696
8.30359
8.25431
8.22021
8.1742
8.12986
8.08428
8.05265
8.01319
7.97395
7.92873
7.89399
7.85121
7.81687
7.77669
7.74094
7.69747
7.65482
7.60749
7.56971
7.52507
7.48307
7.43798
7.39015
7.35183
7.31264
7.2674
7.22807
7.18479
7.1406
7.09725
7.05548
7.01553
6.97185
6.93273
6.89338
6.85135
6.81101
6.77245
6.73183
6.69154
6.65401
6.61301
6.56886
6.53067
6.49136
6.44691
6.40287
6.36862
6.32247
6.28719
6.25048
6.20643
6.16739
6.12213
6.08347
6.04377
6.0027
5.96296
5.92287
5.88186
5.84375
5.8038
5.76654
5.73099
5.69016
5.65088
5.60822
5.56423
5.52442
5.47879
5.43961
5.39394
5.35614
5.31631
5.27579
5.23213
5.19113
5.15245
5.1149
5.07201
5.03535
4.99363
4.95386
4.91366
4.87256
4.83424
4.79142
4.75348
4.71156
4.66773
4.62709
4.5866
4.54732
4.50481
4.46257
4.42186
4.37951
4.33775
4.2929
4.2509
4.2093
4.15965
4.12281
4.07933
4.03262
3.99246
3.94842
3.904
3.8604
3.81674
3.76805
3.72773
3.68271
3.62361
3.57808
3.54037
3.49558
3.44932
3.39885
3.35898
3.31866
3.27126
3.22964
3.18896
3.13705
3.10606
3.05959
3.01951
2.97608
2.93365
2.88774
2.8449
2.79303
2.747
2.70178
2.65383
2.60619
2.55744
2.50918
2.45737
2.41276
2.36636
2.31839
2.26867
2.22619
2.17972
2.12871
2.08253
2.04035
1.98798
1.94406
1.89481
1.84578
1.79333
1.75072
1.69827
1.65789
1.61132
1.56059
1.52081
1.47578
1.42716
1.38728
1.33699
1.29557
1.24983
1.21216
1.16853
1.13412
1.09705
1.05203
1.02555
0.992156
0.958674
0.928817
0.888809
0.85935
0.82939
0.791852
0.766494
0.735529
0.707897
0.677684
0.65434
0.628518
0.603145
0.577977
0.557044
0.533359
0.515701
0.496283
0.476844
0.460093
0.440348
0.423322
0.405659
0.391586
0.377044
0.362829
0.349597
0.334687
0.322776
0.311545
0.297518
0.289745
0.279275
0.267795
0.25884
0.249766
0.239718
0.232572
0.224141
0.215797
0.207489
0.201128
0.194579
0.187607
0.181049
0.174507
0.16864
0.162866
0.157321
0.151191
0.146386
0.14143
0.13624
0.131624
0.126913
0.122828
0.118393
0.114682
0.111065
0.107329
0.104181
0.100691
0.0976418
0.0947481
0.0917729
0.0890801
0.0863817
0.0835903
0.0810733
0.0787721
0.0761468
0.0737609
0.0712974
0.0690991
0.0668234
0.0649103
0.0629038
0.0608402
0.0589982
0.0572677
0.0552769
0.0535994
0.0517902
0.0501158
0.0484187
0.0469121
0.0453711
0.0440014
0.042615
0.0412207
0.0399101
0.0387706
0.037473
0.0363641
0.0353072
0.0342374
0.0332267
0.0322414
0.031382
0.030494
0.0296277
0.0288282
0.0278936
0.0270951
0.0263318
0.025681
0.0249441
0.0243408
0.0236681
0.0229994
0.0224545
0.0218341
0.0212449
0.0212449
0.0212449
0.0212449
0.0212449
0.0212449
0.0212449
0.0212449
0.0212449
0.0212449
0.0212449
0.0212449
0.0212449
0.0212449
0.0212449
0.0212449
0.0212449
0.0212449
0.0212449
0.0212449
0.0212449
0.0212449
0.0212449
0.0212449
0.0212449
0.0212449
0.0212449
0.0212449
0.0212449
0.0212449
0.0212449
0.0212449
0.0212449
0.0212449
0.0212449
0.0212449
0.0212449
0.0212449
0.0212449
0.0212449
0.0212449
0.0212449
0.0212449
0.0212449
0.0212449
0.0212449
0.0212449
0.0212449
0.0212449
0.0212449
0.0212449
0.0212449
0.0212449
0.0212449
0.0212449
0.0212449
0.0212449
0.0212449
0.0212449
0.0212449
0.0212449
0.0212449
0.0212449
0.0212449
0.0212449
0.0212449
0.0212449
0.0212449
0.0212449
0.0212449
0.0212449
0.0212449
0.0212449
0.0212449
0.0212449
0.0212449
0.0212449
0.0212449
0.0212449
0.0212449
0.0212449
0.0212449
0.0212449
0.0212449
0.0212449
0.0212449
0.0212449
0.0212449
0.0212449
0.0212449
0.0212449
0.0212449
0.0212449
0.0212449
0.0212449
0.0212449
0.0212449
0.0212449
0.0212449
0.0212449
0.0212449
0.0212449
0.0212449
0.0212449
0.0212449
0.0212449
0.0212449
0.0212449
0.0212449
0.0212449
0.0212449
0.0212449
0.0212449
0.0212449
0.0212449
0.0212449
0.0212449
0.0212449
0.0212449
0.0212449
0.0212449
0.0212449
0.0212449
0.0212449
0.0212449
0.0212449
0.0212449
0.0212449
0.0212449
0.0212449
0.0212449
0.0212449
0.0212449
0.0212449
0.0212449
0.0212449
0.0212449
0.0212449
0.0212449
0.0212449
0.0212449
0.0212449
0.0212449
0.0212449
0.0212449
0.0212449
0.0212449
0.0212449
0.0212449
0.0212449
0.0212449
0.0212449
0.0212449
0.0212449
0.0212449
0.0212449
0.0212449
0.0212449
0.0212449
0.0212449
0.0212449
0.0212449
0.0212449
0.0212449
0.0212449
0.0212449
0.0212449
0.0212449
0.0212449
0.0212449
0.0212449
0.0212449
0.0212449
0.0212449
0.0212449
0.0212449
0.0212449
0.0212449
0.0212449
0.0212449
0.0212449
0.0212449
0.0212449
0.0212449
0.0212449
0.0212449
0.0212449
0.0212449
0.0212449
0.0212449
0.0212449
0.0212449
0.0212449
0.0212449
0.0212449
0.0212449
0.0212449
0.0212449
0.0212449
0.0212449
0.0212449
0.0212449
0.0212449
0.0212449
0.0212449
0.0212449
0.0212449
0.0212449
0.0212449
0.0212449
0.0212449
0.0212449
0.0212449
0.0212449
0.0212449
0.0212449
0.0212449
0.0212449
0.0212449
0.0212449
0.0212449
0.0212449
0.0212449
0.0212449
0.0212449
0.0212449
0.0212449
0.0212449
0.0212449
0.0212449
0.0212449
0.0212449
0.0212449
0.0212449
0.0212449
0.0212449
0.0212449
0.0212449
0.0212449
0.0212449
0.0212449
0.0212449
0.0212449
0.0212449
0.0212449
0.0212449
0.0212449
0.0212449
0.0212449
0.0212449
0.0212449
0.0212449
0.0212449
0.0212449
0.0212449
0.0212449
0.0212449
0.0212449
0.0212449
0.0212449
0.0212449
0.0212449
0.0212449
0.0212449
0.0212449
0.0212449
0.0212449
0.0212449
0.0212449
0.0212449
0.0212449
0.0212449
0.0212449
0.0212449
0.0212449
0.0212449
0.0212449
0.0212449
0.0212449
0.0212449
0.0212449
0.0212449
0.0212449
0.0212449
0.0212449
0.0212449
0.0212449
0.0212449
0.0212449
0.0212449
0.0212449
0.0212449
0.0212449
0.0212449
0.0212449
0.0212449
0.0212449
0.0212449
0.0212449
0.0212449
0.0212449
0.0212449
0.0212449
0.0212449
0.0212449
0.0212449
0.0212449
0.0212449
0.0212449
0.0212449
0.0212449
0.0212449
0.0212449
0.0212449
0.0212449
0.0212449
0.0212449
0.0212449
0.0212449
0.0212449
0.0212449
0.0212449
0.0212449
0.0212449
0.0212449
0.0212449
0.0212449
0.0212449
0.0212449
0.0212449
0.0212449
0.0212449
0.0212449
0.0212449
0.0212449
0.0212449
0.0212449
0.0212449
0.0212449
0.0212449
0.0212449
0.0212449
0.0212449
0.0212449
0.0212449
0.0212449
0.0212449
0.0212449
0.0212449
0.0212449
0.0212449
0.0212449
0.0212449
0.0212449
0.0212449
0.0212449
0.0212449
0.0212449
0.0212449
0.0212449
0.0212449
0.0212449
0.0212449
0.0212449
0.0212449
0.0212449
0.0212449
0.0212449
0.0212449
0.0212449
0.0212449
0.0212449
0.0212449
0.0212449
0.0212449
0.0212449
0.0212449
0.0212449
0.0212449
0.0212449
0.0212449
0.0212449
0.0212449
0.0212449
0.0212449
0.0212449
0.0212449
0.0212449
0.0212449
0.0212449
0.0212449
0.0212449
0.0212449
0.0212449
0.0212449
0.0212449
0.0212449
0.0212449
0.0212449
0.0212449
0.0212449
0.0212449
0.0212449
0.0212449
0.0212449
0.0212449
0.0212449
0.0212449
0.0212449
0.0212449
0.0212449
0.0212449
0.0212449
0.0212449
0.0212449
0.0212449
0.0212449
0.0212449
0.0212449
0.0212449
0.0212449
0.0212449
0.0212449
0.0212449
0.0212449
0.0212449
0.0212449
0.0212449
0.0212449
0.0212449
0.0212449
0.0212449
0.0212449
0.0212449
0.0212449
0.0212449
0.0212449
0.0212449
0.0212449
0.0212449
0.0212449
0.0212449
0.0212449
0.0212449
0.0212449
0.0212449
0.0212449
0.0212449
0.0212449
0.0212449
0.0212449
0.0212449
0.0212449
0.0212449
0.0212449
0.0212449
0.0212449
0.0212449
0.0212449
0.0212449
0.0212449
0.0212449
0.0212449
0.0212449
0.0212449
0.0212449
0.0212449
0.0212449
0.0212449
0.0212449
0.0212449
0.0212449
0.0212449
0.0212449
0.0212449
0.0212449
0.0212449
0.0212449
0.0212449
0.0212449
0.0212449
0.0212449
0.0212449
0.0212449
0.0212449
0.0212449
0.0212449
0.0212449
0.0212449
0.0212449
0.0212449
0.0212449
0.0212449
0.0212449
0.0212449
0.0212449
0.0212449
0.0212449
0.0212449
0.0212449
0.0212449
0.0212449
0.0212449
0.0212449
0.0212449
0.0212449
0.0212449
0.0212449
0.0212449
0.0212449
0.0212449
0.0212449
0.0212449
0.0212449
0.0212449
0.0212449
0.0212449
0.0212449
0.0212449
0.0212449
0.0212449
0.0212449
0.0212449
0.0212449
0.0212449
0.0212449
0.0212449
0.0212449
0.0212449
0.0212449
0.0212449
0.0212449
0.0212449
0.0212449
0.0212449
0.0212449
0.0212449
0.0212449
0.0212449
0.0212449
0.0212449
0.0212449
0.0212449
0.0212449
0.0212449
0.0212449
0.0212449
0.0212449
0.0212449
0.0212449
0.0212449
0.0212449
0.0212449
0.0212449
0.0212449
0.0212449
0.0212449
0.0212449
0.0212449
0.0212449
0.0212449
0.0212449
0.0212449
0.0212449
0.0212449
0.0212449
0.0212449
0.0212449
0.0212449
0.0212449
0.0212449
0.0212449
0.0212449
0.0212449
0.0212449
0.0212449
0.0212449
0.0212449
0.0212449
0.0212449
0.0212449
0.0212449
0.0212449
0.0212449
0.0212449
0.0212449
0.0212449
0.0212449
0.0212449
0.0212449
0.0212449
0.0212449
0.0212449
0.0212449
0.0212449
0.0212449
0.0212449
0.0212449
0.0212449
0.0212449
0.0212449
0.0212449
0.0212449
0.0212449
0.0212449
0.0212449
0.0212449
0.0212449
0.0212449
0.0212449
0.0212449
0.0212449
0.0212449
0.0212449
0.0212449
0.0212449
0.0212449
0.0212449
0.0212449
0.0212449
0.0212449
0.0212449
0.0212449
0.0212449
0.0212449
0.0212449
0.0212449
0.0212449
0.0212449
0.0212449
0.0212449
0.0212449
0.0212449
0.0212449
0.0212449
0.0212449
0.0212449
0.0212449
0.0212449
0.0212449
0.0212449
0.0212449
0.0212449
0.0212449
0.0212449
0.0212449
0.0212449
0.0212449
0.0212449
0.0212449
0.0212449
0.0212449
0.0212449
0.0212449
0.0212449
0.0212449
0.0212449
0.0212449
0.0212449
0.0212449
0.0212449
0.0212449
0.0212449
0.0212449
0.0212449
0.0212449
0.0212449
0.0212449
0.0212449
0.0212449
0.0212449
0.0212449
0.0212449
0.0212449
0.0212449
0.0212449
0.0212449
0.0212449
0.0212449
0.0212449
0.0212449
0.0212449
0.0212449
0.0212449
0.0212449
0.0212449
0.0212449
0.0212449
0.0212449
0.0212449
0.0212449
0.0212449
0.0212449
0.0212449
0.0212449
0.0212449
0.0212449
0.0212449
0.0212449
0.0212449
0.0212449
0.0212449
0.0212449
0.0212449
0.0212449
0.0212449
0.0212449
0.0212449
0.0212449
0.0212449
0.0212449
0.0212449
0.0212449
0.0212449
0.0212449
0.0212449
0.0212449
0.0212449
0.0212449
0.0212449
0.0212449
0.0212449
0.0212449
0.0212449
0.0212449
0.0212449
0.0212449
0.0212449
0.0212449
0.0212449
0.0212449
0.0212449
0.0212449
0.0212449
0.0212449
0.0212449
0.0212449
0.0212449
0.0212449
0.0212449
0.0212449
0.0212449
0.0212449
0.0212449
0.0212449
0.0212449
0.0212449
0.0212449
0.0212449
0.0212449
0.0212449
0.0212449
0.0212449
0.0212449
0.0212449
0.0212449
0.0212449
0.0212449
0.0212449
0.0212449
0.0212449
0.0212449
0.0212449
0.0212449
0.0212449
0.0212449
0.0212449
0.0212449
0.0212449
0.0212449
0.0212449
0.0212449
0.0212449
0.0212449
0.0212449
0.0212449
0.0212449
0.0212449
0.0212449
0.0212449
0.0212449
0.0212449
0.0212449
0.0212449
0.0212449
0.0212449
0.0212449
0.0212449
0.0212449
0.0212449
0.0212449
0.0212449
0.0212449
0.0212449
0.0212449
0.0212449
0.0212449
0.0212449
0.0212449
0.0212449
0.0212449
0.0212449
0.0212449
0.0212449
0.0212449
0.0212449
0.0212449
0.0212449
0.0212449
0.0212449
0.0212449
0.0212449
0.0212449
0.0212449
0.0212449
0.0212449
0.0212449
0.0212449
0.0212449
0.0212449
0.0212449
0.0212449
0.0212449
0.0212449
0.0212449
0.0212449
0.0212449
0.0212449
0.0212449
0.0212449
0.0212449
0.0212449
0.0212449
0.0212449
0.0212449
0.0212449
0.0212449
0.0212449
0.0212449
0.0212449
0.0212449
0.0212449
0.0212449
0.0212449
0.0212449
0.0212449
0.0212449
0.0212449
0.0212449
0.0212449
0.0212449
0.0212449
0.0212449
0.0212449
0.0212449
0.0212449
0.0212449
0.0212449
0.0212449
0.0212449
0.0212449
0.0212449
0.0212449
0.0212449
0.0212449
0.0212449
0.0212449
0.0212449
0.0212449
0.0212449
0.0212449
0.0212449
0.0212449
0.0212449
0.0212449
0.0212449
0.0212449
0.0212449
0.0212449
0.0212449
0.0212449
0.0212449
0.0212449
0.0212449
0.0212449
0.0212449
0.0212449
0.0212449
0.0212449
0.0212449
0.0212449
0.0212449
0.0212449
0.0212449
0.0212449
0.0212449
0.0212449
0.0212449
0.0212449
0.0212449
0.0212449
0.0212449
0.0212449
0.0212449
0.0212449
0.0212449
0.0212449
0.0212449
0.0212449
0.0212449
0.0212449
0.0212449
0.0212449
0.0212449
0.0212449
0.0212449
0.0212449
0.0212449
0.0212449
0.0212449
0.0212449
0.0212449
0.0212449
0.0212449
0.0212449
0.0212449
0.0212449
0.0212449
0.0212449
0.0212449
0.0212449
0.0212449
0.0212449
0.0212449
0.0212449
0.0212449
0.0212449
0.0212449
0.0212449
0.0212449
0.0212449
0.0212449
0.0212449
0.0212449
0.0212449
0.0212449
0.0212449
