6.16631e+08
2.92512e+08
1.32002e+08
3.21173e+07
1.86758e+07
1.29919e+07
1.29919e+07
1.29919e+07
1.29919e+07
1.29919e+07
1.29919e+07
1.29919e+07
1.29919e+07
1.29919e+07
1.29919e+07
1.29919e+07
1.1141e+07
4.08033e+06
1.64198e+06
1.64198e+06
1.47302e+06
1.36961e+06
1.36961e+06
1.36961e+06
1.36961e+06
651761
651761
651761
651761
564949
529881
223989
223989
175077
95238.2
95238.2
95238.2
95238.2
92700.6
72180.7
66044.9
62212.4
29721.7
28718.6
28718.6
20767.8
20767.8
19926
18104.1
18104.1
18104.1
12247
9231.49
6760.27
6658.83
6154.54
2933.94
2933.94
2418.1
2418.1
1913.65
1649.08
1649.08
1156.09
938.791
938.791
938.791
938.791
828.592
653.826
569.24
569.24
557.666
356.318
356.318
356.318
340.936
298.269
281.737
217.083
217.083
217.083
209.746
184.511
140.531
140.531
133.532
104.241
104.241
104.241
95.5344
82.6712
72.8008
65.9678
65.9678
53.5559
53.5559
53.5559
53.0594
53.0594
52.3865
52.3865
46.2349
43.6135
40.3352
38.9832
38.7625
37.5806
34.856
34.856
34.856
34.1818
31.7759
31.7759
31.7759
30.5606
30.3345
30.3345
29.0478
29.0478
29.0478
28.9982
28.6042
28.0921
28.068
27.8421
27.805
27.4084
27.2893
27.2893
27.0291
27.0291
27.0291
26.9673
26.8305
26.6658
26.6658
26.5657
26.4818
26.371
26.3326
26.2339
26.1107
26.0483
26.018
25.9354
25.8987
25.8098
25.7687
25.6959
25.6165
25.5519
25.5111
25.4323
25.3737
25.3216
25.2569
25.2068
25.1621
25.0704
25.0412
24.9586
24.9198
24.8702
24.8085
24.7461
24.6805
24.6215
24.569
24.5132
24.4631
24.4129
24.3535
24.2903
24.2372
24.1829
24.1214
24.0803
24.0209
23.9525
23.8953
23.8439
23.7862
23.7258
23.6745
23.6217
23.569
23.5069
23.4609
23.4025
23.3506
23.2814
23.2358
23.1845
23.1179
23.075
23.0214
22.9691
22.9179
22.8657
22.8152
22.7658
22.7105
22.6553
22.6088
22.5511
22.5034
22.4518
22.4008
22.3513
22.3006
22.2427
22.1869
22.1379
22.0832
22.03
21.9804
21.9253
21.8762
21.8273
21.775
21.7217
21.6753
21.6267
21.5772
21.5251
21.479
21.4286
21.3791
21.3307
21.2804
21.226
21.1776
21.1299
21.0806
21.0323
20.984
20.9389
20.89
20.8431
20.7905
20.7542
20.7135
20.6771
20.6238
20.5974
20.5501
20.5081
20.4616
20.4238
20.3726
20.3301
20.2947
20.2477
20.1934
20.1559
20.1046
20.0646
20.0288
19.9785
19.9404
19.8968
19.8558
19.8078
19.7639
19.7184
19.6696
19.6202
19.5768
19.5238
19.4895
19.4433
19.4022
19.3514
19.3066
19.2651
19.2165
19.1568
19.1238
19.0788
19.0368
18.9931
18.9454
18.9014
18.8517
18.8017
18.7581
18.7144
18.667
18.6161
18.5716
18.5253
18.477
18.4306
18.3811
18.3357
18.2876
18.2384
18.189
18.1495
18.1005
18.0578
18.0098
17.9677
17.9169
17.8757
17.8295
17.7816
17.7407
17.6871
17.6444
17.5975
17.5498
17.5005
17.4575
17.4131
17.3614
17.3152
17.2746
17.2234
17.1784
17.1352
17.0892
17.0454
16.999
16.9459
16.9015
16.8576
16.806
16.7639
16.7157
16.659
16.6168
16.566
16.5255
16.4756
16.4274
16.3751
16.3323
16.2827
16.2329
16.1861
16.1332
16.0857
16.0372
15.986
15.9327
15.8917
15.8381
15.7936
15.7456
15.699
15.6543
15.6028
15.5521
15.5077
15.4681
15.4179
15.3726
15.3266
15.2823
15.2385
15.1814
15.145
15.0941
15.0577
15.0116
14.9688
14.9277
14.8825
14.8416
14.7942
14.7551
14.7116
14.6648
14.6203
14.5766
14.5271
14.4745
14.4362
14.3929
14.3427
14.297
14.2592
14.2089
14.1643
14.1112
14.0683
14.0111
13.9688
13.9234
13.8777
13.8353
13.7904
13.7411
13.6938
13.6514
13.6008
13.5525
13.5079
13.4611
13.4132
13.3678
13.3203
13.2712
13.2227
13.1761
13.1308
13.0777
13.0283
12.9786
12.9374
12.8815
12.836
12.7887
12.7331
12.683
12.6338
12.5861
12.5373
12.4885
12.4408
12.3971
12.3487
12.2942
12.2559
12.2041
12.15
12.1035
12.0467
11.9989
11.9561
11.9003
11.8594
11.8135
11.7663
11.7149
11.657
11.6134
11.5632
11.5167
11.4641
11.4096
11.3548
11.2998
11.2557
11.2012
11.1525
11.1031
11.0443
10.9989
10.946
10.9035
10.8499
10.801
10.7462
10.7021
10.6456
10.6057
10.5563
10.5071
10.463
10.4115
10.3621
10.3236
10.2756
10.2366
10.1978
10.1643
10.1272
10.0974
10.0675
10.0438
10.0189
10.0013
9.98439
9.96141
9.93983
9.92407
9.90031
9.87248
9.84881
9.8295
9.7998
9.76356
9.72299
9.67791
9.64144
9.59711
9.55288
9.48949
9.44572
9.4049
9.36093
9.3232
9.29733
9.26679
9.22952
9.20614
9.17046
9.13049
9.08813
9.05116
9.01417
8.97593
8.93952
8.89822
8.85901
8.82276
8.78804
8.75736
8.71284
8.68282
8.64728
8.60969
8.57136
8.53845
8.50389
8.46634
8.43062
8.39007
8.3488
8.31494
8.27811
8.23558
8.19937
8.16359
8.11875
8.08313
8.04182
8.00574
7.96322
7.92492
7.88734
7.85054
7.80994
7.76961
7.73342
7.69852
7.6641
7.62709
7.58935
7.55724
7.51829
7.48471
7.44969
7.40754
7.37058
7.33572
7.2978
7.2575
7.22115
7.18238
7.14099
7.10344
7.06644
7.02449
6.9901
6.94939
6.9132
6.87153
6.82657
6.7919
6.75372
6.71557
6.67721
6.63222
6.59636
6.55726
6.51498
6.47823
6.43555
6.39582
6.3534
6.31592
6.2742
6.23484
6.19355
6.15219
6.10053
6.06625
6.02009
5.98113
5.9357
5.89794
5.85916
5.81998
5.7758
5.74006
5.6988
5.65955
5.61566
5.5744
5.53527
5.4971
5.45792
5.4106
5.37007
5.33115
5.28514
5.24299
5.19409
5.15359
5.10736
5.06653
5.0225
4.97404
4.92978
4.88445
4.83749
4.79354
4.73664
4.69473
4.65396
4.60641
4.5639
4.51678
4.47194
4.42701
4.38044
4.33695
4.29279
4.2469
4.19996
4.15479
4.1094
4.05707
4.01376
3.9646
3.91663
3.86678
3.81788
3.76368
3.72136
3.67534
3.62211
3.56838
3.52346
3.47416
3.42747
3.3829
3.33296
3.28676
3.2442
3.19715
3.15279
3.10632
3.06409
3.0182
2.97155
2.91838
2.87828
2.83184
2.78415
2.73441
2.69057
2.64202
2.59397
2.55252
2.50649
2.4643
2.42011
2.38247
2.34096
2.29908
2.26089
2.22183
2.17697
2.14525
2.10207
2.06149
2.02533
1.98306
1.93677
1.90126
1.86569
1.81429
1.78077
1.73495
1.69181
1.65028
1.60719
1.56737
1.52194
1.48968
1.44744
1.41081
1.36926
1.33253
1.29684
1.26257
1.22633
1.19498
1.1621
1.13134
1.10122
1.06605
1.04411
1.0166
0.987177
0.959954
0.935245
0.905852
0.882405
0.857031
0.830153
0.808308
0.785573
0.762034
0.739015
0.715931
0.698782
0.678004
0.658489
0.638124
0.620648
0.602604
0.584393
0.568182
0.551808
0.536001
0.520565
0.504734
0.488856
0.475472
0.462413
0.447628
0.434853
0.422654
0.409316
0.397756
0.385555
0.374016
0.363061
0.352401
0.342994
0.333616
0.324458
0.315096
0.306289
0.298113
0.289662
0.281534
0.27388
0.266265
0.25913
0.252445
0.245114
0.237734
0.232271
0.225999
0.21931
0.213204
0.207715
0.20174
0.196121
0.191506
0.186404
0.181382
0.17649
0.171762
0.167742
0.163343
0.159139
0.155126
0.151147
0.147174
0.143515
0.139862
0.136346
0.133002
0.129962
0.126735
0.123877
0.121027
0.118212
0.115242
0.112809
0.110085
0.107554
0.105399
0.103139
0.100807
0.0985988
0.0966978
0.0947578
0.0928955
0.0908612
0.0891544
0.0874635
0.0856788
0.0841115
0.0826269
0.0809549
0.0796171
0.0781305
0.0767209
0.0754952
0.0741854
0.0729392
0.0716877
0.0705999
0.0694373
0.0682926
0.0671519
0.066186
0.0651753
0.0641156
0.0632182
0.062259
0.061329
0.060315
0.0595586
0.0585969
0.057893
0.0570443
0.0562396
0.0554846
0.0547163
0.0539266
0.0532233
0.0524629
0.0518055
0.0511031
0.0503956
0.0497516
0.0497516
0.0497516
0.0497516
0.0497516
0.0497516
0.0497516
0.0497516
0.0497516
0.0497516
0.0497516
0.0497516
0.0497516
0.0497516
0.0497516
0.0497516
0.0497516
0.0497516
0.0497516
0.0497516
0.0497516
0.0497516
0.0497516
0.0497516
0.0497516
0.0497516
0.0497516
0.0497516
0.0497516
0.0497516
0.0497516
0.0497516
0.0497516
0.0497516
0.0497516
0.0497516
0.0497516
0.0497516
0.0497516
0.0497516
0.0497516
0.0497516
0.0497516
0.0497516
0.0497516
0.0497516
0.0497516
0.0497516
0.0497516
0.0497516
0.0497516
0.0497516
0.0497516
0.0497516
0.0497516
0.0497516
0.0497516
0.0497516
0.0497516
0.0497516
0.0497516
0.0497516
0.0497516
0.0497516
0.0497516
0.0497516
0.0497516
0.0497516
0.0497516
0.0497516
0.0497516
0.0497516
0.0497516
0.0497516
0.0497516
0.0497516
0.0497516
0.0497516
0.0497516
0.0497516
0.0497516
0.0497516
0.0497516
0.0497516
0.0497516
0.0497516
0.0497516
0.0497516
0.0497516
0.0497516
0.0497516
0.0497516
0.0497516
0.0497516
0.0497516
0.0497516
0.0497516
0.0497516
0.0497516
0.0497516
0.0497516
0.0497516
0.0497516
0.0497516
0.0497516
0.0497516
0.0497516
0.0497516
0.0497516
0.0497516
0.0497516
0.0497516
0.0497516
0.0497516
0.0497516
0.0497516
0.0497516
0.0497516
0.0497516
0.0497516
0.0497516
0.0497516
0.0497516
0.0497516
0.0497516
0.0497516
0.0497516
0.0497516
0.0497516
0.0497516
0.0497516
0.0497516
0.0497516
0.0497516
0.0497516
0.0497516
0.0497516
0.0497516
0.0497516
0.0497516
0.0497516
0.0497516
0.0497516
0.0497516
0.0497516
0.0497516
0.0497516
0.0497516
0.0497516
0.0497516
0.0497516
0.0497516
0.0497516
0.0497516
0.0497516
0.0497516
0.0497516
0.0497516
0.0497516
0.0497516
0.0497516
0.0497516
0.0497516
0.0497516
0.0497516
0.0497516
0.0497516
0.0497516
0.0497516
0.0497516
0.0497516
0.0497516
0.0497516
0.0497516
0.0497516
0.0497516
0.0497516
0.0497516
0.0497516
0.0497516
0.0497516
0.0497516
0.0497516
0.0497516
0.0497516
0.0497516
0.0497516
0.0497516
0.0497516
0.0497516
0.0497516
0.0497516
0.0497516
0.0497516
0.0497516
0.0497516
0.0497516
0.0497516
0.0497516
0.0497516
0.0497516
0.0497516
0.0497516
0.0497516
0.0497516
0.0497516
0.0497516
0.0497516
0.0497516
0.0497516
0.0497516
0.0497516
0.0497516
0.0497516
0.0497516
0.0497516
0.0497516
0.0497516
0.0497516
0.0497516
0.0497516
0.0497516
0.0497516
0.0497516
0.0497516
0.0497516
0.0497516
0.0497516
0.0497516
0.0497516
0.0497516
0.0497516
0.0497516
0.0497516
0.0497516
0.0497516
0.0497516
0.0497516
0.0497516
0.0497516
0.0497516
0.0497516
0.0497516
0.0497516
0.0497516
0.0497516
0.0497516
0.0497516
0.0497516
0.0497516
0.0497516
0.0497516
0.0497516
0.0497516
0.0497516
0.0497516
0.0497516
0.0497516
0.0497516
0.0497516
0.0497516
0.0497516
0.0497516
0.0497516
0.0497516
0.0497516
0.0497516
0.0497516
0.0497516
0.0497516
0.0497516
0.0497516
0.0497516
0.0497516
0.0497516
0.0497516
0.0497516
0.0497516
0.0497516
0.0497516
0.0497516
0.0497516
0.0497516
0.0497516
0.0497516
0.0497516
0.0497516
0.0497516
0.0497516
0.0497516
0.0497516
0.0497516
0.0497516
0.0497516
0.0497516
0.0497516
0.0497516
0.0497516
0.0497516
0.0497516
0.0497516
0.0497516
0.0497516
0.0497516
0.0497516
0.0497516
0.0497516
0.0497516
0.0497516
0.0497516
0.0497516
0.0497516
0.0497516
0.0497516
0.0497516
0.0497516
0.0497516
0.0497516
0.0497516
0.0497516
0.0497516
0.0497516
0.0497516
0.0497516
0.0497516
0.0497516
0.0497516
0.0497516
0.0497516
0.0497516
0.0497516
0.0497516
0.0497516
0.0497516
0.0497516
0.0497516
0.0497516
0.0497516
0.0497516
0.0497516
0.0497516
0.0497516
0.0497516
0.0497516
0.0497516
0.0497516
0.0497516
0.0497516
0.0497516
0.0497516
0.0497516
0.0497516
0.0497516
0.0497516
0.0497516
0.0497516
0.0497516
0.0497516
0.0497516
0.0497516
0.0497516
0.0497516
0.0497516
0.0497516
0.0497516
0.0497516
0.0497516
0.0497516
0.0497516
0.0497516
0.0497516
0.0497516
0.0497516
0.0497516
0.0497516
0.0497516
0.0497516
0.0497516
0.0497516
0.0497516
0.0497516
0.0497516
0.0497516
0.0497516
0.0497516
0.0497516
0.0497516
0.0497516
0.0497516
0.0497516
0.0497516
0.0497516
0.0497516
0.0497516
0.0497516
0.0497516
0.0497516
0.0497516
0.0497516
0.0497516
0.0497516
0.0497516
0.0497516
0.0497516
0.0497516
0.0497516
0.0497516
0.0497516
0.0497516
0.0497516
0.0497516
0.0497516
0.0497516
0.0497516
0.0497516
0.0497516
0.0497516
0.0497516
0.0497516
0.0497516
0.0497516
0.0497516
0.0497516
0.0497516
0.0497516
0.0497516
0.0497516
0.0497516
0.0497516
0.0497516
0.0497516
0.0497516
0.0497516
0.0497516
0.0497516
0.0497516
0.0497516
0.0497516
0.0497516
0.0497516
0.0497516
0.0497516
0.0497516
0.0497516
0.0497516
0.0497516
0.0497516
0.0497516
0.0497516
0.0497516
0.0497516
0.0497516
0.0497516
0.0497516
0.0497516
0.0497516
0.0497516
0.0497516
0.0497516
0.0497516
0.0497516
0.0497516
0.0497516
0.0497516
0.0497516
0.0497516
0.0497516
0.0497516
0.0497516
0.0497516
0.0497516
0.0497516
0.0497516
0.0497516
0.0497516
0.0497516
0.0497516
0.0497516
0.0497516
0.0497516
0.0497516
0.0497516
0.0497516
0.0497516
0.0497516
0.0497516
0.0497516
0.0497516
0.0497516
0.0497516
0.0497516
0.0497516
0.0497516
0.0497516
0.0497516
0.0497516
0.0497516
0.0497516
0.0497516
0.0497516
0.0497516
0.0497516
0.0497516
0.0497516
0.0497516
0.0497516
0.0497516
0.0497516
0.0497516
0.0497516
0.0497516
0.0497516
0.0497516
0.0497516
0.0497516
0.0497516
0.0497516
0.0497516
0.0497516
0.0497516
0.0497516
0.0497516
0.0497516
0.0497516
0.0497516
0.0497516
0.0497516
0.0497516
0.0497516
0.0497516
0.0497516
0.0497516
0.0497516
0.0497516
0.0497516
0.0497516
0.0497516
0.0497516
0.0497516
0.0497516
0.0497516
0.0497516
0.0497516
0.0497516
0.0497516
0.0497516
0.0497516
0.0497516
0.0497516
0.0497516
0.0497516
0.0497516
0.0497516
0.0497516
0.0497516
0.0497516
0.0497516
0.0497516
0.0497516
0.0497516
0.0497516
0.0497516
0.0497516
0.0497516
0.0497516
0.0497516
0.0497516
0.0497516
0.0497516
0.0497516
0.0497516
0.0497516
0.0497516
0.0497516
0.0497516
0.0497516
0.0497516
0.0497516
0.0497516
0.0497516
0.0497516
0.0497516
0.0497516
0.0497516
0.0497516
0.0497516
0.0497516
0.0497516
0.0497516
0.0497516
0.0497516
0.0497516
0.0497516
0.0497516
0.0497516
0.0497516
0.0497516
0.0497516
0.0497516
0.0497516
0.0497516
0.0497516
0.0497516
0.0497516
0.0497516
0.0497516
0.0497516
0.0497516
0.0497516
0.0497516
0.0497516
0.0497516
0.0497516
0.0497516
0.0497516
0.0497516
0.0497516
0.0497516
0.0497516
0.0497516
0.0497516
0.0497516
0.0497516
0.0497516
0.0497516
0.0497516
0.0497516
0.0497516
0.0497516
0.0497516
0.0497516
0.0497516
0.0497516
0.0497516
0.0497516
0.0497516
0.0497516
0.0497516
0.0497516
0.0497516
0.0497516
0.0497516
0.0497516
0.0497516
0.0497516
0.0497516
0.0497516
0.0497516
0.0497516
0.0497516
0.0497516
0.0497516
0.0497516
0.0497516
0.0497516
0.0497516
0.0497516
0.0497516
0.0497516
0.0497516
0.0497516
0.0497516
0.0497516
0.0497516
0.0497516
0.0497516
0.0497516
0.0497516
0.0497516
0.0497516
0.0497516
0.0497516
0.0497516
0.0497516
0.0497516
0.0497516
0.0497516
0.0497516
0.0497516
0.0497516
0.0497516
0.0497516
0.0497516
0.0497516
0.0497516
0.0497516
0.0497516
0.0497516
0.0497516
0.0497516
0.0497516
0.0497516
0.0497516
0.0497516
0.0497516
0.0497516
0.0497516
0.0497516
0.0497516
0.0497516
0.0497516
0.0497516
0.0497516
0.0497516
0.0497516
0.0497516
0.0497516
0.0497516
0.0497516
0.0497516
0.0497516
0.0497516
0.0497516
0.0497516
0.0497516
0.0497516
0.0497516
0.0497516
0.0497516
0.0497516
0.0497516
0.0497516
0.0497516
0.0496751
0.0480534
0.0465348
0.0451265
0.0437535
0.0424174
0.0412426
0.0400674
0.039002
0.0378724
0.0368388
0.0358483
0.0349082
0.0340275
0.0331628
0.0323585
0.0315085
0.0308084
0.0301294
0.0294289
0.0294289
0.0294289
0.0294289
0.0294289
0.0294289
0.0294289
0.0294289
0.0294289
0.0294289
0.0294289
0.0294289
0.0294289
0.0294289
0.0294289
0.0294289
0.0294289
0.0294289
0.0294289
0.0294289
0.0294289
0.0294289
0.0294289
0.0294289
0.0294289
0.0294289
0.0294289
0.0294289
0.0294289
0.0294289
0.0294289
0.0294289
0.0294289
0.0294289
0.0294289
0.0294289
0.0294289
0.0294289
0.0294289
0.0294289
0.0294289
0.0294289
0.0294289
0.0294289
0.0294289
0.0294289
0.0294289
0.0294289
0.0294289
0.0294289
0.0294289
0.0294289
0.0294289
0.0294289
0.0294289
0.0294289
0.0294289
0.0294289
0.0294289
0.0294289
0.0294289
0.0294289
0.0294289
0.0294289
0.0294289
0.0294289
0.0294289
0.0294289
0.0294289
0.0294289
0.0294289
0.0294289
0.0294289
0.0294289
0.0294289
0.0294289
0.0294289
0.0294289
0.0294289
0.0294289
0.0294289
0.0294289
0.0294289
0.0294289
0.0294289
0.0294289
0.0294289
0.0294289
0.0294289
0.0294289
0.0294289
0.0294289
0.0294289
0.0294289
0.0294289
0.0294289
0.0294289
0.0294289
0.0294289
0.0294289
0.0294289
0.0294289
0.0294289
0.0294289
0.0294289
0.0294289
0.0294289
0.0294289
0.0294289
0.0294289
0.0294289
0.0294289
0.0294289
0.0294289
0.0294289
0.0294289
0.0294289
0.0294289
0.0294289
0.0294289
0.0294289
0.0294289
0.0294289
0.0294289
0.0294289
0.0294289
0.0294289
0.0294289
0.0294289
0.0294289
0.0294289
0.0294289
0.0294289
0.0294289
0.0294289
0.0294289
0.0294289
0.0294289
0.0294289
0.0294289
0.0294289
0.0294289
0.0294289
0.0294289
0.0294289
0.0294289
0.0294289
0.0294289
0.0294289
0.0294289
0.0294289
0.0294289
0.0294289
0.0294289
0.0294289
0.0294289
0.0294289
0.0294289
0.0294289
0.0294289
0.0294289
0.0294289
0.0294289
0.0294289
0.0294289
0.0294289
0.0294289
0.0294289
0.0294289
0.0294289
0.0294289
0.0294289
0.0294289
0.0294289
0.0294289
0.0294289
0.0294289
0.0294289
0.0294289
0.0294289
0.0294289
0.0294289
0.0294289
0.0294289
0.0294289
0.0294289
0.0294289
0.0294289
0.0294289
0.0294289
0.0294289
0.0294289
0.0294289
0.0294289
0.0294289
0.0294289
0.0294289
0.0294289
0.0294289
0.0294289
0.0294289
0.0294289
0.0294289
0.0294289
0.0294289
0.0294289
0.0294289
0.0294289
0.0294289
0.0294289
0.0294289
0.0294289
0.0294289
0.0294289
0.0294289
0.0294289
0.0294289
0.0294289
0.0294289
0.0294289
0.0294289
0.0294289
0.0294289
0.0294289
0.0294289
0.0294289
0.0294289
0.0294289
0.0294289
0.0294289
0.0294289
0.0294289
0.0294289
0.0294289
0.0294289
0.0294289
0.0294289
0.0294289
0.0294289
0.0294289
0.0294289
0.0294289
0.0294289
0.0294289
0.0294289
0.0294289
0.0294289
0.0294289
0.0294289
