4.98208e+08
2.82518e+08
8.24243e+07
3.09599e+07
8.4949e+06
8.4949e+06
8.4949e+06
8.4949e+06
8.4949e+06
8.4949e+06
8.4949e+06
8.4949e+06
8.4949e+06
8.4949e+06
8.4949e+06
7.96437e+06
3.49864e+06
2.10014e+06
1.49733e+06
1.49733e+06
1.49733e+06
1.49733e+06
1.49733e+06
1.49733e+06
1.49733e+06
1.49733e+06
873866
470871
373562
373562
310067
310067
310067
254982
177602
177602
177602
177602
165668
110577
105469
42183.1
42183.1
39753.2
39753.2
39753.2
39753.2
28379.6
28379.6
28379.6
23090.2
21361.4
21361.4
18996.7
11113.3
11113.3
11113.3
8771.58
8280.68
5361.8
4223.58
4223.58
4223.58
3968.91
3699.73
3398.27
2276.11
2276.11
2276.11
2276.11
2276.11
2276.11
1716.45
1564.1
1511.23
1264.5
1134.62
1134.62
945.963
921.137
834.861
764.829
695.207
610.256
493.284
453.93
371.303
343.169
302.639
210.492
198.135
145.996
135.221
93.06
88.3405
84.1866
82.0434
77.9617
77.9617
77.9617
77.9617
77.9617
77.9617
77.9617
77.9617
77.9617
77.9617
77.9617
77.6348
71.4931
63.4946
59.7807
55.6671
51.8535
49.0912
47.4697
44.2179
40.7992
37.8645
35.6127
34.6922
34.0078
33.4114
33.4114
33.4114
33.4114
32.868
32.4803
32.4803
31.6268
31.1936
31.1936
29.7029
29.3103
29.1493
29.0084
29.0084
29.0084
28.5393
28.5393
28.5393
28.2734
28.2734
28.2694
28.2666
28.0118
27.9631
27.7336
27.6708
27.556
27.4619
27.3556
27.2557
27.1733
27.0704
27.0232
26.9494
26.8581
26.8581
26.785
26.722
26.6707
26.6151
26.5306
26.4877
26.411
26.3594
26.3067
26.2507
26.2059
26.1563
26.1139
26.0662
25.991
25.9398
25.8836
25.8358
25.7937
25.732
25.6653
25.6175
25.5728
25.5155
25.4745
25.4237
25.3744
25.3243
25.2728
25.2239
25.1763
25.1324
25.0696
25.0342
24.9857
24.9346
24.8913
24.847
24.801
24.7551
24.7024
24.6645
24.6153
24.5762
24.526
24.48
24.4375
24.3931
24.3491
24.3052
24.259
24.2173
24.1745
24.1291
24.0857
24.0438
24.0045
23.9592
23.9164
23.8759
23.8294
23.7884
23.7471
23.699
23.6584
23.6166
23.574
23.528
23.4849
23.4385
23.3968
23.3517
23.3062
23.2617
23.2142
23.1684
23.1174
23.0656
23.0236
22.9726
22.9168
22.8715
22.822
22.7696
22.7149
22.6619
22.6078
22.5579
22.5027
22.4512
22.3951
22.3382
22.2942
22.2387
22.1767
22.1232
22.0656
22.0033
21.9478
21.8916
21.8418
21.7834
21.7201
21.6693
21.6124
21.5568
21.4926
21.435
21.3748
21.3122
21.253
21.1863
21.1255
21.0647
20.9933
20.9352
20.8712
20.8052
20.7478
20.6736
20.6133
20.5578
20.4863
20.4277
20.3586
20.2983
20.2424
20.1773
20.1206
20.0503
19.999
19.9525
19.8985
19.8485
19.8073
19.7577
19.7093
19.6525
19.6195
19.573
19.5199
19.4658
19.4318
19.3682
19.3233
19.2699
19.2233
19.1845
19.1372
19.0945
19.0527
18.9999
18.9622
18.9194
18.8796
18.8356
18.7917
18.7542
18.7099
18.6643
18.6353
18.5958
18.5521
18.515
18.4751
18.432
18.3972
18.359
18.32
18.2786
18.2437
18.2028
18.1689
18.1289
18.0956
18.0577
18.0232
17.9907
17.9545
17.9216
17.8865
17.8489
17.8197
17.7858
17.7527
17.7213
17.6855
17.6572
17.623
17.5896
17.5593
17.5287
17.4953
17.4568
17.4305
17.392
17.3574
17.3282
17.2948
17.2614
17.2223
17.1938
17.1568
17.122
17.0888
17.0486
17.0153
16.9816
16.9442
16.9028
16.8713
16.8301
16.794
16.7562
16.7125
16.6775
16.6391
16.599
16.5594
16.5213
16.4853
16.4434
16.4098
16.3711
16.3307
16.297
16.2591
16.222
16.1917
16.1529
16.1235
16.0909
16.0579
16.0262
15.9945
15.9639
15.9321
15.897
15.8766
15.844
15.8109
15.7821
15.7469
15.7167
15.6784
15.638
15.6014
15.5632
15.522
15.4854
15.4439
15.4057
15.3697
15.3334
15.3002
15.2617
15.2299
15.1838
15.1535
15.1162
15.0806
15.0399
15.0054
14.9671
14.9307
14.8899
14.8556
14.8181
14.7794
14.7466
14.7104
14.6732
14.6351
14.6002
14.5616
14.523
14.4808
14.4488
14.4119
14.3727
14.34
14.3021
14.2635
14.2295
14.1906
14.1566
14.1184
14.0785
14.0441
14.0072
13.9705
13.9305
13.8935
13.8573
13.8232
13.7871
13.7518
13.7169
13.6819
13.6475
13.6164
13.5823
13.5471
13.5094
13.4768
13.4413
13.4077
13.3732
13.3368
13.2997
13.2651
13.2225
13.1913
13.1545
13.1199
13.0851
13.0449
13.0098
12.9715
12.936
12.8994
12.864
12.8287
12.7908
12.7581
12.7222
12.686
12.6527
12.6197
12.5882
12.5534
12.5171
12.4854
12.4503
12.4176
12.383
12.3544
12.3205
12.2872
12.2502
12.2171
12.1835
12.1501
12.1189
12.0869
12.0508
12.0213
11.9857
11.9539
11.9214
11.8883
11.8568
11.8175
11.7867
11.7525
11.7157
11.679
11.6447
11.6044
11.5665
11.5316
11.4915
11.4529
11.4177
11.3736
11.3328
11.2934
11.2542
11.2128
11.1714
11.1238
11.0856
11.0455
11.0025
10.9605
10.9149
10.8739
10.8317
10.7829
10.7442
10.7029
10.6557
10.6146
10.5663
10.5218
10.4745
10.4219
10.3833
10.3347
10.2915
10.2451
10.199
10.1524
10.1065
10.062
10.0184
9.97347
9.92797
9.87956
9.84423
9.80053
9.75764
9.71288
9.67367
9.63032
9.58194
9.5427
9.49941
9.44916
9.40447
9.36322
9.32885
9.2815
9.24004
9.20182
9.16059
9.12206
9.07937
9.04413
9.00524
8.96185
8.93002
8.88286
8.85248
8.80921
8.77215
8.73755
8.70053
8.66298
8.62347
8.58054
8.54513
8.5067
8.46822
8.42886
8.39132
8.35054
8.31105
8.27138
8.2289
8.18837
8.15024
8.10955
8.06817
8.02337
7.98189
7.9386
7.90216
7.85984
7.81832
7.77893
7.7348
7.68774
7.65047
7.61514
7.56342
7.52542
7.48532
7.44401
7.39974
7.35833
7.31622
7.26692
7.22759
7.18497
7.13799
7.09267
7.04877
6.99835
6.95816
6.90935
6.86511
6.81453
6.76946
6.7208
6.67437
6.63082
6.58169
6.53074
6.48027
6.43878
6.38864
6.34426
6.29832
6.24851
6.20529
6.16312
6.11462
6.07076
6.02815
5.98394
5.93275
5.89399
5.84144
5.79764
5.75307
5.70938
5.66737
5.61997
5.56794
5.53167
5.48874
5.44623
5.40408
5.36032
5.31801
5.27927
5.2307
5.19829
5.15741
5.11283
5.07718
5.0376
4.99484
4.9444
4.9099
4.86444
4.81818
4.76959
4.72983
4.68539
4.64068
4.60368
4.55439
4.51044
4.47142
4.4225
4.37867
4.33447
4.29152
4.24815
4.19984
4.15722
4.1075
4.06639
4.01863
3.97608
3.92847
3.88646
3.84152
3.79429
3.74243
3.7022
3.65626
3.60807
3.55859
3.50876
3.46405
3.41531
3.3675
3.32228
3.27135
3.2273
3.17768
3.12962
3.085
3.03551
2.99064
2.94511
2.89572
2.8508
2.80352
2.75465
2.70725
2.667
2.62083
2.57775
2.5264
2.47656
2.44259
2.39051
2.34936
2.30995
2.25857
2.21833
2.17735
2.13606
2.09026
2.05133
2.00728
1.96306
1.92593
1.882
1.84187
1.80512
1.76187
1.7262
1.68804
1.64915
1.61136
1.5756
1.54071
1.50384
1.47013
1.43521
1.40043
1.36947
1.33761
1.30342
1.27231
1.24426
1.2133
1.18365
1.15514
1.12363
1.09613
1.06899
1.03638
1.01038
0.983687
0.957016
0.927867
0.903026
0.876473
0.849851
0.826315
0.802272
0.77839
0.75621
0.734684
0.713209
0.689656
0.67088
0.651197
0.62978
0.610236
0.591499
0.571909
0.555187
0.538107
0.520772
0.505574
0.487765
0.472687
0.457944
0.443901
0.42839
0.415192
0.400879
0.388541
0.376149
0.361801
0.351166
0.339787
0.328684
0.318048
0.307132
0.296505
0.287326
0.276929
0.268072
0.260002
0.250845
0.243082
0.234442
0.226701
0.21912
0.212027
0.20501
0.198506
0.191497
0.185251
0.179008
0.173518
0.168033
0.162515
0.157116
0.152288
0.147217
0.142952
0.138274
0.133759
0.129769
0.12597
0.121743
0.118569
0.114999
0.111482
0.108344
0.104911
0.101872
0.0986909
0.09589
0.0929531
0.0903088
0.0873705
0.0849874
0.0824559
0.0801342
0.0777026
0.0754537
0.0734396
0.0713078
0.0694034
0.0674445
0.0655038
0.0637041
0.0618251
0.0601753
0.0584824
0.0569413
0.0553447
0.0539407
0.0525933
0.0512352
0.0498895
0.0486687
0.0474445
0.0462815
0.0451876
0.0440444
0.0430484
0.0420188
0.0410057
0.0400313
0.0390745
0.0381917
0.0372833
0.0363724
0.0356531
0.0347892
0.0340215
0.0332916
0.0326393
0.0318384
0.0311722
0.0305498
0.0298618
0.0292613
0.0285981
0.0285981
0.0285981
0.0285981
0.0285981
0.0285981
0.0285981
0.0285981
0.0285981
0.0285981
0.0285981
0.0285981
0.0285981
0.0285981
0.0285981
0.0285981
0.0285981
0.0285981
0.0285981
0.0285981
0.0285981
0.0285981
0.0285981
0.0285981
0.0285981
0.0285981
0.0285981
0.0285981
0.0285981
0.0285981
0.0285981
0.0285981
0.0285981
0.0285981
0.0285981
0.0285981
0.0285981
0.0285981
0.0285981
0.0285981
0.0285981
0.0285981
0.0285981
0.0285981
0.0285981
0.0285981
0.0285981
0.0285981
0.0285981
0.0285981
0.0285981
0.0285981
0.0285981
0.0285981
0.0285981
0.0285981
0.0285981
0.0285981
0.0285981
0.0285981
0.0285981
0.0285981
0.0285981
0.0285981
0.0285981
0.0285981
0.0285981
0.0285981
0.0285981
0.0285981
0.0285981
0.0285981
0.0285981
0.0285981
0.0285981
0.0285981
0.0285981
0.0285981
0.0285981
0.0285981
0.0285981
0.0285981
0.0285981
0.0285981
0.0285981
0.0285981
0.0285981
0.0285981
0.0285981
0.0285981
0.0285981
0.0285981
0.0285981
0.0285981
0.0285981
0.0285981
0.0285981
0.0285981
0.0285981
0.0285981
0.0285981
0.0285981
0.0285981
0.0285981
0.0285981
0.0285981
0.0285981
0.0285981
0.0285981
0.0285981
0.0285981
0.0285981
0.0285981
0.0285981
0.0285981
0.0285981
0.0285981
0.0285981
0.0285981
0.0285981
0.0285981
0.0285981
0.0285981
0.0285981
0.0285981
0.0285981
0.0285981
0.0285981
0.0285981
0.0285981
0.0285981
0.0285981
0.0285981
0.0285981
0.0285981
0.0285981
0.0285981
0.0285981
0.0285981
0.0285981
0.0285981
0.0285981
0.0285981
0.0285981
0.0285981
0.0285981
0.0285981
0.0285981
0.0285981
0.0285981
0.0285981
0.0285981
0.0285981
0.0285981
0.0285981
0.0285981
0.0285981
0.0285981
0.0285981
0.0285981
0.0285981
0.0285981
0.0285981
0.0285981
0.0285981
0.0285981
0.0285981
0.0285981
0.0285981
0.0285981
0.0285981
0.0285981
0.0285981
0.0285981
0.0285981
0.0285981
0.0285981
0.0285981
0.0285981
0.0285981
0.0285981
0.0285981
0.0285981
0.0285981
0.0285981
0.0285981
0.0285981
0.0285981
0.0285981
0.0285981
0.0285981
0.0285981
0.0285981
0.0285981
0.0285981
0.0285981
0.0285981
0.0285981
0.0285981
0.0285981
0.0285981
0.0285981
0.0285981
0.0285981
0.0285981
0.0285981
0.0285981
0.0285981
0.0285981
0.0285981
0.0285981
0.0285981
0.0285981
0.0285981
0.0285981
0.0285981
0.0285981
0.0285981
0.0285981
0.0285981
0.0285981
0.0285981
0.0285981
0.0285981
0.0285981
0.0285981
0.0285981
0.0285981
0.0285981
0.0285981
0.0285981
0.0285981
0.0285981
0.0285981
0.0285981
0.0285981
0.0285981
0.0285981
0.0285981
0.0285981
0.0285981
0.0285981
0.0285981
0.0285981
0.0285981
0.0285981
0.0285981
0.0285981
0.0285981
0.0285981
0.0285981
0.0285981
0.0285981
0.0285981
0.0285981
0.0285981
0.0285981
0.0285981
0.0285981
0.0285981
0.0285981
0.0285981
0.0285981
0.0285981
0.0285981
0.0285981
0.0285981
0.0285981
0.0285981
0.0285981
0.0285981
0.0285981
0.0285981
0.0285981
0.0285981
0.0285981
0.0285981
0.0285981
0.0285981
0.0285981
0.0285981
0.0285981
0.0285981
0.0285981
0.0285981
0.0285981
0.0285981
0.0285981
0.0285981
0.0285981
0.0285981
0.0285981
0.0285981
0.0285981
0.0285981
0.0285981
0.0285981
0.0285981
0.0285981
0.0285981
0.0285981
0.0285981
0.0285981
0.0285981
0.0285981
0.0285981
0.0285981
0.0285981
0.0285981
0.0285981
0.0285981
0.0285981
0.0285981
0.0285981
0.0285981
0.0285981
0.0285981
0.0285981
0.0285981
0.0285981
0.0285981
0.0285981
0.0285981
0.0285981
0.0285981
0.0285981
0.0285981
0.0285981
0.0285981
0.0285981
0.0285981
0.0285981
0.0285981
0.0285981
0.0285981
0.0285981
0.0285981
0.0285981
0.0285981
0.0285981
0.0285981
0.0285981
0.0285981
0.0285981
0.0285981
0.0285981
0.0285981
0.0285981
0.0285981
0.0285981
0.0285981
0.0285981
0.0285981
0.0285981
0.0285981
0.0285981
0.0285981
0.0285981
0.0285981
0.0285981
0.0285981
0.0285981
0.0285981
0.0285981
0.0285981
0.0285981
0.0285981
0.0285981
0.0285981
0.0285981
0.0285981
0.0285981
0.0285981
0.0285981
0.0285981
0.0285981
0.0285981
0.0285981
0.0285981
0.0285981
0.0285981
0.0285981
0.0285981
0.0285981
0.0285981
0.0285981
0.0285981
0.0285981
0.0285981
0.0285981
0.0285981
0.0285981
0.0285981
0.0285981
0.0285981
0.0285981
0.0285981
0.0285981
0.0285981
0.0285981
0.0285981
0.0285981
0.0285981
0.0285981
0.0285981
0.0285981
0.0285981
0.0285981
0.0285981
0.0285981
0.0285981
0.0285981
0.0285981
0.0285981
0.0285981
0.0285981
0.0285981
0.0285981
0.0285981
0.0285981
0.0285981
0.0285981
0.0285981
0.0285981
0.0285981
0.0285981
0.0285981
0.0285981
0.0285981
0.0285981
0.0285981
0.0285981
0.0285981
0.0285981
0.0285981
0.0285981
0.0285981
0.0285981
0.0285981
0.0285981
0.0285981
0.0285981
0.0285981
0.0285981
0.0285981
0.0285981
0.0285981
0.0285981
0.0285981
0.0285981
0.0285981
0.0285981
0.0285981
0.0285981
0.0285981
0.0285981
0.0285981
0.0285981
0.0285981
0.0285981
0.0285981
0.0285981
0.0285981
0.0285981
0.0285981
0.0285981
0.0285981
0.0285981
0.0285981
0.0285981
0.0285981
0.0285981
0.0285981
0.0285981
0.0285981
0.0285981
0.0285981
0.0285981
0.0285981
0.0285981
0.0285981
0.0285981
0.0285981
0.0285981
0.0285981
0.0285981
0.0285981
0.0285981
0.0285981
0.0285981
0.0285981
0.0285981
0.0285981
0.0285981
0.0285981
0.0285981
0.0285981
0.0285981
0.0285981
0.0285981
0.0285981
0.0285981
0.0285981
0.0285981
0.0285981
0.0285981
0.0285981
0.0285981
0.0285981
0.0285981
0.0285981
0.0285981
0.0285981
0.0285981
0.0285981
0.0285981
0.0285981
0.0285981
0.0285981
0.0285981
0.0285981
0.0285981
0.0285981
0.0285981
0.0285981
0.0285981
0.0285981
0.0285981
0.0285981
0.0285981
0.0285981
0.0285981
0.0285981
0.0285981
0.0285981
0.0285981
0.0285981
0.0285981
0.0285981
0.0285981
0.0285981
0.0285981
0.0285981
0.0285981
0.0285981
0.0285981
0.0285981
0.0285981
0.0285981
0.0285981
0.0285981
0.0285981
0.0285981
0.0285981
0.0285981
0.0285981
0.0285981
0.0285981
0.0285981
0.0285981
0.0285981
0.0285981
0.0285981
0.0285981
0.0285981
0.0285981
0.0285981
0.0285981
0.0285981
0.0285981
0.0285981
0.0285981
0.0285981
0.0285981
0.0285981
0.0285981
0.0285981
0.0285981
0.0285981
0.0285981
0.0285981
0.0285981
0.0285981
0.0285981
0.0285981
0.0285981
0.0285981
0.0285981
0.0285981
0.0285981
0.0285981
0.0285981
0.0285981
0.0285981
0.0285981
0.0285981
0.0285981
0.0285981
0.0285981
0.0285981
0.0285981
0.0285981
0.0285981
0.0285981
0.0285981
0.0285981
0.0285981
0.0285981
0.0285981
0.0285981
0.0285981
0.0285981
0.0285981
0.0285981
0.0285981
0.0285981
0.0285981
0.0285981
0.0285981
0.0285981
0.0285981
0.0285981
0.0285981
0.0285981
0.0285981
0.0285981
0.0285981
0.0285981
0.0285981
0.0285981
0.0285981
0.0285981
0.0285981
0.0285981
0.0285981
0.0285981
0.0285981
0.0285981
0.0285981
0.0285981
0.0285981
0.0285981
0.0285981
0.0285981
0.0285981
0.0285981
0.0285981
0.0285981
0.0285981
0.0285981
0.0285981
0.0285981
0.0285981
0.0285981
0.0285981
0.0285981
0.0285981
0.0285981
0.0285981
0.0285981
0.0285981
0.0285981
0.0285981
0.0285981
0.0285981
0.0285981
0.0285981
0.0285981
0.0285981
0.0285981
0.0285981
0.0285981
0.0285981
0.0285981
0.0285981
0.0285981
0.0285981
0.0285981
0.0285981
0.0285981
0.0285981
0.0285981
0.0285981
0.0285981
0.0285981
0.0285981
0.0285981
0.0285981
0.0285981
0.0285981
0.0285981
0.0285981
0.0285981
0.0285981
0.0285981
0.0285981
0.0285981
0.0285981
0.0285981
0.0285981
0.0285981
0.0285981
0.0285981
0.0285981
0.0285981
0.0285981
0.0285981
0.0285981
0.0285981
0.0285981
0.0285981
0.0285981
0.0285981
0.0285981
0.0285981
0.0285981
0.0285981
0.0285981
0.0285981
0.0285981
0.0285981
0.0285981
0.0285981
0.0285981
0.0285981
0.0285981
0.0285981
0.0285981
0.0285981
0.0285981
0.0285981
0.0285981
0.0285981
0.0285981
0.0285981
0.0285981
0.0285981
0.0285981
0.0285981
0.0285981
0.0285981
0.0285981
0.0285981
0.0285981
0.0285981
0.0285981
0.0285981
0.0285981
0.0285981
0.0285981
0.0285981
0.0285981
0.0285981
0.0285981
0.0285981
0.0285981
0.0285981
0.0285981
0.0285981
0.0285981
0.0285981
0.0285981
0.0285981
0.0285981
0.0285981
0.0285981
0.0285981
0.0285981
0.0285981
0.0285981
0.0285981
0.0285981
0.0285981
0.0285981
0.0285981
0.0285981
0.0285981
0.0285981
0.0285981
0.0285981
0.0285981
0.0285981
0.0285981
0.0285981
0.0285981
0.0285981
0.0285981
0.0285981
0.0285981
0.0285981
0.0285981
0.0285981
0.0285981
0.0285981
0.0285981
0.0285981
0.0285981
0.0285981
0.0285981
0.0285981
0.0285981
0.0285981
0.0285981
0.0285981
0.0285981
0.0285981
0.0285981
0.0285981
0.0285981
0.0285981
0.0285981
0.0285981
0.0285981
0.0285981
0.0285981
0.0285504
0.0279961
0.0273182
0.0266778
0.0260304
0.0254363
0.02482
0.0242515
0.0236354
0.0230393
0.0225577
0.0220218
0.021455
0.0209505
0.0209505
0.0209505
0.0209505
0.0209505
0.0209505
0.0209505
0.0209505
0.0209505
0.0209505
0.0209505
0.0209505
0.0209505
0.0209505
0.0209505
0.0209505
0.0209505
0.0209505
0.0209505
0.0209505
0.0209505
0.0209505
0.0209505
0.0209505
0.0209505
0.0209505
0.0209505
0.0209505
0.0209505
0.0209505
0.0209505
0.0209505
0.0209505
0.0209505
0.0209505
0.0209505
0.0209505
0.0209505
0.0209505
0.0209505
0.0209505
0.0209505
0.0209505
0.0209505
0.0209505
0.0209505
0.0209505
0.0209505
0.0209505
0.0209505
0.0209505
0.0209505
0.0209505
0.0209505
0.0209505
0.0209505
0.0209505
0.0209505
0.0209505
0.0209505
0.0209505
0.0209505
0.0209505
0.0209505
0.0209505
0.0209505
0.0209505
0.0209505
0.0209505
0.0209505
0.0209505
0.0209505
0.0209505
0.0209505
0.0209505
0.0209505
0.0209505
0.0209505
0.0209505
0.0209505
0.0209505
0.0209505
0.0209505
0.0209505
0.0209505
0.0209505
0.0209505
0.0209505
0.0209505
0.0209505
0.0209505
0.0209505
0.0209505
0.0209505
0.0209505
0.0209505
0.0209505
0.0209505
0.0209505
0.0209505
0.0209505
0.0209505
0.0209505
0.0209505
0.0209505
0.0209505
0.0209505
0.0209505
0.0209505
0.0209505
0.0209505
0.0209505
0.0209505
0.0209505
0.0209505
0.0209505
0.0209505
0.0209505
0.0209505
0.0209505
0.0209505
0.0209505
0.0209505
0.0209505
0.0209505
0.0209505
0.0209505
0.0209505
0.0209505
0.0209505
0.0209505
0.0209505
0.0209505
0.0209505
0.0209505
0.0209505
0.0209505
0.0209505
0.0209505
0.0209505
0.0209505
0.0209505
0.0209505
0.0209505
0.0209505
0.0209505
0.0209505
0.0209505
0.0209505
0.0209505
0.0209505
0.0209505
0.0209505
0.0209505
0.0209505
0.0209505
0.0209505
0.0209505
0.0209505
0.0209505
0.0209505
0.0209505
0.0209505
