6.77586e+08
3.69673e+08
1.51078e+08
2.71376e+07
9.8522e+06
9.70324e+06
9.70324e+06
9.70324e+06
9.70324e+06
9.70324e+06
9.70324e+06
9.70324e+06
9.70324e+06
9.70324e+06
9.70324e+06
9.70324e+06
5.57741e+06
3.50427e+06
2.04628e+06
672472
672472
672472
672472
672472
672472
672472
672472
255733
255733
255733
255733
155625
135948
98654.2
98654.2
45905.8
45905.8
32571.1
32571.1
32571.1
32571.1
32571.1
25011.2
25011.2
18407.1
18407.1
18407.1
18407.1
17625
12874.1
11249.6
8346.99
7967.81
6968.28
5815.68
4935.11
3771.79
3314.21
2863.12
2342.25
2342.25
1948.86
1581.03
1581.03
1268.99
920.362
920.362
891.835
891.835
621.474
485.812
485.812
426.317
426.317
426.317
426.317
418.713
280.794
280.794
252.884
252.884
190.285
190.285
190.285
190.285
177.229
149.565
127.792
105.629
87.9879
87.9879
64.1344
64.1344
64.1344
64.1344
63.0803
55.9596
48.6196
48.6196
48.6196
47.4143
46.0941
43.14
42.43
42.0821
39.007
37.2024
37.2024
36.6937
34.2083
34.2083
33.1378
32.5662
32.5662
32.3856
32.3856
32.3856
31.3701
30.857
30.857
29.9944
29.9583
29.9583
29.5238
29.1111
28.6675
28.6675
28.546
28.546
28.3306
28.2056
28.1707
28.0221
27.8778
27.7285
27.6354
27.3844
27.3844
27.3393
27.1783
27.0845
26.9482
26.8673
26.7193
26.6569
26.561
26.4959
26.3776
26.3776
26.209
26.1496
26.0678
25.9882
25.9125
25.8155
25.7471
25.6758
25.5998
25.5339
25.45
25.3522
25.3199
25.2369
25.1758
25.1045
25.0408
24.9505
24.8981
24.8327
24.7623
24.7016
24.6281
24.5649
24.5037
24.4416
24.3693
24.3178
24.2531
24.1946
24.1385
24.0717
24.0115
23.9601
23.8969
23.8466
23.7842
23.7405
23.6831
23.6336
23.5659
23.5192
23.4631
23.392
23.353
23.2902
23.2348
23.1761
23.1189
23.0669
23.0124
22.9557
22.8918
22.8396
22.7849
22.7224
22.6708
22.6116
22.5527
22.5036
22.4374
22.3804
22.3254
22.2756
22.2155
22.1582
22.0947
22.0356
21.9803
21.9245
21.8617
21.8065
21.7463
21.6879
21.6269
21.5646
21.5158
21.4418
21.3926
21.3312
21.2747
21.2159
21.1633
21.101
21.0525
21.0008
20.9459
20.8894
20.8437
20.7861
20.7395
20.6954
20.6395
20.5899
20.5314
20.4761
20.4197
20.3638
20.3084
20.2588
20.2092
20.1612
20.0956
20.0534
20.0068
19.9491
19.8938
19.8379
19.7888
19.7347
19.6805
19.6256
19.5646
19.5153
19.4587
19.4003
19.3524
19.288
19.2402
19.1865
19.1286
19.0718
19.0268
18.9743
18.9189
18.866
18.8184
18.7652
18.7132
18.6558
18.6045
18.5509
18.5044
18.4508
18.401
18.346
18.3002
18.2547
18.2077
18.1587
18.113
18.0687
18.0113
17.9713
17.9283
17.8785
17.8277
17.7894
17.7434
17.7011
17.6552
17.6158
17.5682
17.5258
17.4854
17.4371
17.3965
17.3521
17.3116
17.2642
17.2223
17.1756
17.1269
17.0856
17.0269
16.9898
16.9437
16.8977
16.8518
16.8088
16.7611
16.7137
16.6678
16.6219
16.5744
16.5344
16.4899
16.4446
16.4051
16.3627
16.3159
16.2742
16.2263
16.1885
16.1474
16.0979
16.0588
16.014
15.9765
15.9315
15.8907
15.8461
15.8058
15.7628
15.717
15.6729
15.627
15.5924
15.5486
15.5031
15.4615
15.4212
15.3759
15.3366
15.2932
15.2492
15.2102
15.1658
15.1254
15.087
15.0443
15.0003
14.946
14.9183
14.8783
14.8331
14.7914
14.7471
14.7072
14.6678
14.6219
14.5834
14.5362
14.4791
14.4452
14.3926
14.3517
14.2988
14.25
14.205
14.1574
14.1071
14.0542
14.0073
13.9584
13.9134
13.8675
13.8199
13.7728
13.729
13.676
13.6282
13.5806
13.5339
13.4864
13.4377
13.39
13.3319
13.288
13.238
13.1848
13.1364
13.0879
13.0384
12.9844
12.9301
12.8706
12.819
12.7689
12.7175
12.6636
12.6124
12.5628
12.5122
12.4636
12.4111
12.3576
12.3085
12.2553
12.2103
12.1615
12.1106
12.0653
12.0192
11.9692
11.9189
11.8689
11.8255
11.7758
11.7279
11.6851
11.6376
11.5943
11.5485
11.5074
11.4607
11.4199
11.3755
11.3377
11.2959
11.2484
11.2135
11.1716
11.1356
11.0886
11.0487
11.0086
10.9704
10.9278
10.8924
10.8542
10.8101
10.7709
10.7365
10.695
10.6537
10.609
10.5767
10.5411
10.5006
10.4648
10.429
10.3887
10.3557
10.3209
10.2785
10.2447
10.2115
10.1743
10.1362
10.0994
10.067
10.0338
9.99651
9.96138
9.92471
9.88933
9.85352
9.8193
9.78363
9.74803
9.71528
9.68319
9.64911
9.61324
9.58091
9.54837
9.5118
9.48282
9.4401
9.40852
9.37477
9.33682
9.30092
9.25749
9.23055
9.19635
9.15867
9.12773
9.09152
9.05389
9.01725
8.98059
8.94187
8.90486
8.8688
8.82838
8.79166
8.74898
8.70955
8.66813
8.62318
8.58322
8.53972
8.49642
8.45695
8.40507
8.36608
8.31899
8.27846
8.23487
8.18989
8.15195
8.10724
8.06611
8.02154
7.98045
7.94297
7.90112
7.85414
7.80897
7.76209
7.71977
7.68039
7.6372
7.59315
7.54959
7.50259
7.46132
7.41588
7.37285
7.32893
7.28874
7.24749
7.20471
7.15442
7.1217
7.07593
7.03435
6.99476
6.95019
6.90216
6.86186
6.82287
6.7779
6.73481
6.69206
6.65155
6.61008
6.56739
6.52494
6.47917
6.43678
6.39501
6.3455
6.3029
6.25854
6.21954
6.16962
6.12473
6.08323
6.03657
5.99149
5.94849
5.9031
5.86348
5.82102
5.78043
5.73891
5.69285
5.64832
5.61076
5.56197
5.52399
5.48235
5.4397
5.38964
5.35211
5.30934
5.26702
5.22758
5.18401
5.14534
5.1012
5.06246
5.02642
4.983
4.9417
4.90539
4.86647
4.82544
4.78644
4.74987
4.71014
4.67257
4.63434
4.59683
4.55638
4.52063
4.48273
4.44389
4.40752
4.36608
4.3281
4.29078
4.25292
4.21524
4.17731
4.13874
4.09738
4.06101
4.0226
3.98467
3.94512
3.91065
3.86982
3.83083
3.79125
3.74773
3.7076
3.66779
3.62675
3.58449
3.54671
3.50554
3.46236
3.4224
3.37671
3.33427
3.29397
3.24861
3.207
3.16933
3.12346
3.08357
3.04314
2.99835
2.95992
2.91724
2.8798
2.83708
2.79289
2.74937
2.70364
2.65984
2.6194
2.56911
2.52951
2.48373
2.43643
2.39215
2.34799
2.30346
2.26093
2.2171
2.16906
2.1278
2.08609
2.04667
2.00128
1.96382
1.92685
1.88535
1.84482
1.81086
1.77853
1.73451
1.70124
1.66325
1.62653
1.58708
1.55157
1.51854
1.47797
1.44194
1.40127
1.36715
1.33026
1.29515
1.26169
1.22526
1.19185
1.15911
1.1265
1.08838
1.06016
1.02594
0.988872
0.964193
0.934361
0.903212
0.873864
0.842892
0.817178
0.786016
0.763047
0.733519
0.709661
0.681863
0.656843
0.63346
0.609704
0.588095
0.566247
0.54483
0.525923
0.505793
0.486481
0.468102
0.451335
0.43112
0.417591
0.400768
0.383188
0.371485
0.35602
0.343714
0.331624
0.319527
0.307724
0.296274
0.284529
0.274612
0.263614
0.25343
0.244329
0.234682
0.226362
0.217638
0.209035
0.200785
0.193152
0.186062
0.179038
0.172151
0.165545
0.159561
0.153447
0.147098
0.141896
0.136798
0.131475
0.126998
0.122198
0.11747
0.113678
0.109438
0.105479
0.101596
0.0982371
0.0947961
0.0915307
0.0881656
0.0853507
0.0827295
0.0799382
0.0772242
0.0747372
0.0724982
0.0699702
0.0680265
0.0659678
0.0639739
0.0621146
0.0604007
0.0587118
0.0569427
0.0554371
0.0539391
0.0525601
0.0511345
0.0498355
0.0484572
0.0472421
0.0460654
0.0449154
0.043857
0.042732
0.04179
0.0408376
0.0398728
0.0388564
0.038036
0.0371995
0.0363947
0.0355022
0.0347614
0.0339557
0.0332568
0.0326004
0.0318992
0.0312241
0.0312241
0.0312241
0.0312241
0.0312241
0.0312241
0.0312241
0.0312241
0.0312241
0.0312241
0.0312241
0.0312241
0.0312241
0.0312241
0.0312241
0.0312241
0.0312241
0.0312241
0.0312241
0.0312241
0.0312241
0.0312241
0.0312241
0.0312241
0.0312241
0.0312241
0.0312241
0.0312241
0.0312241
0.0312241
0.0312241
0.0312241
0.0312241
0.0312241
0.0312241
0.0312241
0.0312241
0.0312241
0.0312241
0.0312241
0.0312241
0.0312241
0.0312241
0.0312241
0.0312241
0.0312241
0.0312241
0.0312241
0.0312241
0.0312241
0.0312241
0.0312241
0.0312241
0.0312241
0.0312241
0.0312241
0.0312241
0.0312241
0.0312241
0.0312241
0.0312241
0.0312241
0.0312241
0.0312241
0.0312241
0.0312241
0.0312241
0.0312241
0.0312241
0.0312241
0.0312241
0.0312241
0.0312241
0.0312241
0.0312241
0.0312241
0.0312241
0.0312241
0.0312241
0.0312241
0.0312241
0.0312241
0.0312241
0.0312241
0.0312241
0.0312241
0.0312241
0.0312241
0.0312241
0.0312241
0.0312241
0.0312241
0.0312241
0.0312241
0.0312241
0.0312241
0.0312241
0.0312241
0.0312241
0.0312241
0.0312241
0.0312241
0.0312241
0.0312241
0.0312241
0.0312241
0.0312241
0.0312241
0.0312241
0.0312241
0.0312241
0.0312241
0.0312241
0.0312241
0.0312241
0.0312241
0.0312241
0.0312241
0.0312241
0.0312241
0.0312241
0.0312241
0.0312241
0.0312241
0.0312241
0.0312241
0.0312241
0.0312241
0.0312241
0.0312241
0.0312241
0.0312241
0.0312241
0.0312241
0.0312241
0.0312241
0.0312241
0.0312241
0.0312241
0.0312241
0.0312241
0.0312241
0.0312241
0.0312241
0.0312241
0.0312241
0.0312241
0.0312241
0.0312241
0.0312241
0.0312241
0.0312241
0.0312241
0.0312241
0.0312241
0.0312241
0.0312241
0.0312241
0.0312241
0.0312241
0.0312241
0.0312241
0.0312241
0.0312241
0.0312241
0.0312241
0.0312241
0.0312241
0.0312241
0.0312241
0.0312241
0.0312241
0.0312241
0.0312241
0.0312241
0.0312241
0.0312241
0.0312241
0.0312241
0.0312241
0.0312241
0.0312241
0.0312241
0.0312241
0.0312241
0.0312241
0.0312241
0.0312241
0.0312241
0.0312241
0.0312241
0.0312241
0.0312241
0.0312241
0.0312241
0.0312241
0.0312241
0.0312241
0.0312241
0.0312241
0.0312241
0.0312241
0.0312241
0.0312241
0.0312241
0.0312241
0.0312241
0.0312241
0.0312241
0.0312241
0.0312241
0.0312241
0.0312241
0.0312241
0.0312241
0.0312241
0.0312241
0.0312241
0.0312241
0.0312241
0.0312241
0.0312241
0.0312241
0.0312241
0.0312241
0.0312241
0.0312241
0.0312241
0.0312241
0.0312241
0.0312241
0.0312241
0.0312241
0.0312241
0.0312241
0.0312241
0.0312241
0.0312241
0.0312241
0.0312241
0.0312241
0.0312241
0.0312241
0.0312241
0.0312241
0.0312241
0.0312241
0.0312241
0.0312241
0.0312241
0.0312241
0.0312241
0.0312241
0.0312241
0.0312241
0.0312241
0.0312241
0.0312241
0.0312241
0.0312241
0.0312241
0.0312241
0.0312241
0.0312241
0.0312241
0.0312241
0.0312241
0.0312241
0.0312241
0.0312241
0.0312241
0.0312241
0.0312241
0.0312241
0.0312241
0.0312241
0.0312241
0.0312241
0.0312241
0.0312241
0.0312241
0.0312241
0.0312241
0.0312241
0.0312241
0.0312241
0.0312241
0.0312241
0.0312241
0.0312241
0.0312241
0.0312241
0.0312241
0.0312241
0.0312241
0.0312241
0.0312241
0.0312241
0.0312241
0.0312241
0.0312241
0.0312241
0.0312241
0.0312241
0.0312241
0.0312241
0.0312241
0.0312241
0.0312241
0.0312241
0.0312241
0.0312241
0.0312241
0.0312241
0.0312241
0.0312241
0.0312241
0.0312241
0.0312241
0.0312241
0.0312241
0.0312241
0.0312241
0.0312241
0.0312241
0.0312241
0.0312241
0.0312241
0.0312241
0.0312241
0.0312241
0.0312241
0.0312241
0.0312241
0.0312241
0.0312241
0.0312241
0.0312241
0.0312241
0.0312241
0.0312241
0.0312241
0.0312241
0.0312241
0.0312241
0.0312241
0.0312241
0.0312241
0.0312241
0.0312241
0.0312241
0.0312241
0.0312241
0.0312241
0.0312241
0.0312241
0.0312241
0.0312241
0.0312241
0.0312241
0.0312241
0.0312241
0.0312241
0.0312241
0.0312241
0.0312241
0.0312241
0.0312241
0.0312241
0.0312241
0.0312241
0.0312241
0.0312241
0.0312241
0.0312241
0.0312241
0.0312241
0.0312241
0.0312241
0.0312241
0.0312241
0.0312241
0.0312241
0.0312241
0.0312241
0.0312241
0.0312241
0.0312241
0.0312241
0.0312241
0.0312241
0.0312241
0.0312241
0.0312241
0.0312241
0.0312241
0.0312241
0.0312241
0.0312241
0.0312241
0.0312241
0.0312241
0.0312241
0.0312241
0.0312241
0.0312241
0.0312241
0.0312241
0.0312241
0.0312241
0.0312241
0.0312241
0.0312241
0.0312241
0.0312241
0.0312241
0.0312241
0.0312241
0.0312241
0.0312241
0.0312241
0.0312241
0.0312241
0.0312241
0.0312241
0.0312241
0.0312241
0.0312241
0.0312241
0.0312241
0.0312241
0.0312241
0.0312241
0.0312241
0.0312241
0.0312241
0.0312241
0.0312241
0.0312241
0.0312241
0.0312241
0.0312241
0.0312241
0.0312241
0.0312241
0.0312241
0.0312241
0.0312241
0.0312241
0.0312241
0.0312241
0.0312241
0.0312241
0.0312241
0.0312241
0.0312241
0.0312241
0.0312241
0.0312241
0.0312241
0.0312241
0.0312241
0.0312241
0.0312241
0.0312241
0.0312241
0.0312241
0.0312241
0.0312241
0.0312241
0.0312241
0.0312241
0.0312241
0.0312241
0.0312241
0.0312241
0.0312241
0.0312241
0.0312241
0.0312241
0.0312241
0.0312241
0.0312241
0.0312241
0.0312241
0.0312241
0.0312241
0.0312241
0.0312241
0.0312241
0.0312241
0.0312241
0.0312241
0.0312241
0.0312241
0.0312241
0.0312241
0.0312241
0.0312241
0.0312241
0.0312241
0.0312241
0.0312241
0.0312241
0.0312241
0.0312241
0.0312241
0.0312241
0.0312241
0.0312241
0.0312241
0.0312241
0.0312241
0.0312241
0.0312241
0.0312241
0.0312241
0.0312241
0.0312241
0.0312241
0.0312241
0.0312241
0.0312241
0.0312241
0.0312241
0.0312241
0.0312241
0.0312241
0.0312241
0.0312241
0.0312241
0.0312241
0.0312241
0.0312241
0.0312241
0.0312241
0.0312241
0.0312241
0.0312241
0.0312241
0.0312241
0.0312241
0.0312241
0.0312241
0.0312241
0.0312241
0.0312241
0.0312241
0.0312241
0.0312241
0.0312241
0.0312241
0.0312241
0.0312241
0.0312241
0.0312241
0.0312241
0.0312241
0.0312241
0.0312241
0.0312241
0.0312241
0.0312241
0.0312241
0.0312241
0.0312241
0.0312241
0.0312241
0.0312241
0.0312241
0.0312241
0.0312241
0.0312241
0.0312241
0.0312241
0.0312241
0.0312241
0.0312241
0.0312241
0.0312241
0.0312241
0.0312241
0.0312241
0.0312241
0.0312241
0.0312241
0.0312241
0.0312241
0.0312241
0.0312241
0.0312241
0.0312241
0.0312241
0.0312241
0.0312241
0.0312241
0.0312241
0.0312241
0.0312241
0.0312241
0.0312241
0.0312241
0.0312241
0.0312241
0.0312241
0.0312241
0.0312241
0.0312241
0.0312241
0.0312241
0.0312241
0.0312241
0.0312241
0.0312241
0.0312241
0.0312241
0.0312241
0.0312241
0.0312241
0.0312241
0.0312241
0.0312241
0.0312241
0.0312241
0.0312241
0.0312241
0.0312241
0.0312241
0.0312241
0.0312241
0.0312241
0.0312241
0.0312241
0.0312241
0.0312241
0.0312241
0.0312241
0.0312241
0.0312241
0.0312241
0.0312241
0.0312241
0.0312241
0.0312241
0.0312241
0.0312241
0.0312241
0.0312241
0.0312241
0.0312241
0.0312241
0.0312241
0.0312241
0.0312241
0.0312241
0.0312241
0.0312241
0.0312241
0.0312241
0.0312241
0.0312241
0.0312241
0.0312241
0.0312241
0.0312241
0.0312241
0.0312241
0.0312241
0.0312241
0.0312241
0.0312241
0.0312241
0.0312241
0.0312241
0.0312241
0.0312241
0.0312241
0.0312241
0.0312241
0.0312241
0.0312241
0.0312241
0.0312241
0.0312241
0.0312241
0.0312241
0.0312241
0.0312241
0.0312241
0.0312241
0.0312241
0.0312241
0.0312241
0.0312241
0.0312241
0.0312241
0.0312241
0.0312241
0.0312241
0.0312241
0.0312241
0.0312241
0.0312241
0.0312241
0.0312241
0.0312241
0.0312241
0.0312241
0.0312241
0.0312241
0.0312241
0.0312241
0.0312241
0.0312241
0.0312241
0.0312241
0.0312241
0.0312241
0.0312241
0.0312241
0.0312241
0.0312241
0.0312241
0.0312241
0.0312241
0.0312241
0.0312241
0.0312241
0.0312241
0.0312241
0.0312241
0.0312241
0.0312241
0.0312241
0.0312241
0.0312241
0.0312241
0.0312241
0.0312241
0.0312241
0.0312241
0.0312241
0.0312241
0.0312241
0.0312241
0.0312241
0.0312241
0.0312241
0.0312241
0.0312241
0.0312241
0.0312241
0.0312241
0.0312241
0.0312241
0.0312241
0.0312241
0.0312241
0.0312241
0.0312241
0.0312241
0.0312241
0.0312241
0.0312241
0.0312241
0.0312241
0.0312241
0.0312241
0.0312241
0.0312241
0.0312241
0.0312241
0.0312241
0.0312241
0.0312241
0.0312241
0.0312241
0.0312241
0.0312241
0.0312241
0.0312241
0.0312241
0.0312241
0.0312241
0.0312241
0.0312241
0.0312241
0.0312241
0.0312241
0.0312241
0.0312241
0.0312241
0.0312241
0.0312241
0.0312241
0.0312241
0.0312241
0.0312241
0.0312241
0.0312241
0.0312241
0.0312241
0.0312241
0.0312241
0.0312241
0.0312241
0.0312241
0.0312241
0.0312241
0.0312241
0.0312241
0.0312241
0.0312241
0.0312241
0.0312241
0.0312241
0.0312241
0.0312241
0.0312241
0.0312241
0.0312241
0.0312241
0.0312241
0.0312241
0.0312241
0.0312241
0.0312241
0.0312241
0.0312241
0.0312241
0.0312241
0.0312241
0.0312241
0.0312241
0.0312241
0.0312241
0.0312241
0.0312241
0.0312241
0.0312241
0.0312241
0.0312241
0.0312241
0.0312241
0.0312241
0.0312241
0.0312241
0.0312241
0.0312241
0.0312241
0.0312241
0.0312241
0.0312241
0.0312241
0.0312241
0.0312241
0.0312241
0.0312241
0.0312241
0.0312241
0.0312241
0.0312241
0.0312241
0.0312241
0.0312241
0.0312241
0.0312241
0.0312241
0.0312241
0.0312241
0.0312241
0.0312241
0.0312241
0.0312241
0.0312241
0.0312241
0.0312241
0.0312241
0.0312241
0.0312241
0.0312241
0.0312241
0.0312241
0.0312241
0.0312241
0.0312241
0.0312241
0.0312241
0.0312241
0.0312241
0.0312241
0.0312241
0.0312241
0.0312241
0.0312241
0.0312241
0.0312241
0.0312241
0.0312241
0.0312241
0.0312241
0.0312241
0.0312241
0.0312241
0.0312241
0.0312241
0.0312241
0.0312241
0.0312241
0.0312241
0.0312241
0.0312241
0.0312241
0.0312241
0.0312241
0.0312241
0.0312241
0.0312241
0.0312241
0.0312241
0.0312241
0.0312241
0.0312241
0.0312241
0.0312241
0.0312241
0.0312241
0.0312241
0.0312241
0.0312241
0.0312241
0.0310287
0.0302337
0.0294176
0.0286883
0.0279715
0.0272535
0.0265399
0.0265399
0.0265399
0.0265399
0.0265399
0.0265399
0.0265399
0.0265399
0.0265399
0.0265399
0.0265399
0.0265399
0.0265399
0.0265399
0.0265399
0.0265399
0.0265399
0.0265399
0.0265399
0.0265399
0.0265399
0.0265399
0.0265399
0.0265399
0.0265399
0.0265399
0.0265399
0.0265399
0.0265399
0.0265399
0.0265399
0.0265399
0.0265399
0.0265399
0.0265399
0.0265399
0.0265399
0.0265399
0.0265399
0.0265399
0.0265399
0.0265399
0.0265399
0.0265399
0.0265399
0.0265399
0.0265399
0.0265399
0.0265399
0.0265399
0.0265399
0.0265399
0.0265399
0.0265399
0.0265399
0.0265399
0.0265399
0.0265399
0.0265399
0.0265399
0.0265399
0.0265399
0.0265399
0.0265399
0.0265399
0.0265399
0.0265399
0.0265399
0.0265399
0.0265399
0.0265399
0.0265399
0.0265399
0.0265399
0.0265399
0.0265399
0.0265399
0.0265399
0.0265399
0.0265399
0.0265399
0.0265399
0.0265399
0.0265399
0.0265399
0.0265399
0.0265399
0.0265399
0.0265399
0.0265399
0.0265399
0.0265399
0.0265399
0.0265399
0.0265399
0.0265399
0.0265399
0.0265399
0.0265399
0.0265399
0.0265399
0.0265399
0.0265399
0.0265399
0.0265399
0.0265399
0.0265399
0.0265399
0.0265399
0.0265399
0.0265399
0.0265399
0.0265399
0.0265399
0.0265399
0.0265399
0.0265399
0.0265399
0.0265399
0.0265399
0.0265399
0.0265399
0.0265399
0.0265399
0.0265399
0.0265399
0.0265399
0.0265399
0.0265399
0.0265399
