3.00423e+07
1.07259e+07
775849
775849
161349
161349
100651
28352.6
28352.6
28352.6
19749.6
19749.6
19749.6
8084.22
8084.22
3048.03
2097.75
773.639
459.081
459.081
430.822
146.459
146.459
146.459
53.9305
53.9305
53.9305
53.9305
25.143
25.143
25.143
25.143
25.143
25.143
25.143
6.46994
6.46994
6.46994
6.46994
5.0152
5.0152
5.0152
5.0152
3.81499
3.81499
3.81499
3.48136
3.48136
3.48136
3.48136
3.06224
3.06224
3.06224
3.0126
2.94994
2.87519
2.84681
2.72294
2.66006
2.57616
2.53801
2.51174
2.46814
2.41178
2.3669
2.34625
2.3176
2.28452
2.25233
2.23393
2.21038
2.18317
2.15166
2.13997
2.09172
2.07704
2.05631
2.01406
2.00243
1.97793
1.97338
1.92664
1.91295
1.88153
1.8499
1.8179
1.79629
1.78281
1.74083
1.72108
1.6987
1.67604
1.65764
1.63989
1.62982
1.61418
1.59459
1.57239
1.5602
1.53775
1.51393
1.49273
1.47844
1.43833
1.41268
1.40179
1.38728
1.36828
1.34961
1.32844
1.3216
1.30823
1.28435
1.27474
1.24993
1.24021
1.22114
1.2134
1.20037
1.18694
1.17128
1.1542
1.13576
1.13027
1.11264
1.09886
1.08704
1.0652
1.05411
1.03964
1.03367
1.01834
0.999769
0.982669
0.978179
0.96281
0.953517
0.936201
0.923907
0.917886
0.907898
0.899247
0.886927
0.880874
0.869807
0.861219
0.851982
0.842673
0.832436
0.822117
0.80909
0.796425
0.776912
0.764315
0.75973
0.754564
0.739569
0.735835
0.722258
0.719563
0.705192
0.696704
0.687195
0.679841
0.672467
0.66102
0.651666
0.644398
0.6333
0.621868
0.608509
0.599252
0.591957
0.587751
0.582058
0.576676
0.573794
0.569543
0.565558
0.560958
0.555843
0.551455
0.54652
0.541608
0.530033
0.527763
0.525725
0.520489
0.517064
0.513752
0.507207
0.50227
0.499651
0.497943
0.492517
0.489524
0.486199
0.483565
0.479171
0.476004
0.471789
0.469013
0.464973
0.462313
0.455315
0.45216
0.448992
0.445318
0.441058
0.438483
0.432981
0.431043
0.425101
0.42397
0.420001
0.416695
0.41303
0.408875
0.405386
0.402243
0.397058
0.393622
0.388823
0.385652
0.383535
0.380133
0.379003
0.375849
0.37374
0.371499
0.368556
0.366598
0.364015
0.36266
0.358813
0.356767
0.353284
0.350747
0.347355
0.345123
0.343461
0.340625
0.337865
0.336134
0.333698
0.330649
0.327326
0.326024
0.322905
0.319787
0.318496
0.315764
0.313583
0.311681
0.309583
0.307733
0.30553
0.304474
0.303053
0.302364
0.301182
0.299788
0.298533
0.295225
0.295225
0.291878
0.289368
0.286932
0.284319
0.282737
0.281668
0.278419
0.276372
0.274568
0.272946
0.270848
0.268513
0.267326
0.265317
0.264084
0.261123
0.259397
0.257794
0.255742
0.252827
0.251913
0.249276
0.246454
0.244285
0.243424
0.240867
0.238977
0.236681
0.233379
0.232353
0.227578
0.227064
0.225056
0.223022
0.221713
0.219806
0.217904
0.21612
0.214705
0.213344
0.212007
0.20896
0.208396
0.206473
0.204264
0.202587
0.201114
0.200244
0.199188
0.197915
0.195653
0.194913
0.194403
0.192212
0.192104
0.191776
0.190308
0.188134
0.186759
0.185331
0.183225
0.182729
0.181776
0.180144
0.179011
0.178196
0.176736
0.174869
0.174304
0.170404
0.170404
0.169604
0.167994
0.166517
0.166192
0.164937
0.164183
0.162917
0.162456
0.160868
0.16031
0.158865
0.15733
0.155505
0.154911
0.153716
0.152391
0.150055
0.149912
0.147751
0.146657
0.144338
0.143316
0.140904
0.140364
0.138184
0.136696
0.134875
0.133271
0.131323
0.130237
0.129522
0.128237
0.127172
0.126312
0.124926
0.123725
0.122545
0.12224
0.121471
0.120475
0.119826
0.118685
0.118308
0.117215
0.11608
0.115386
0.114527
0.113767
0.11303
0.112042
0.11169
0.110132
0.109428
0.108953
0.107379
0.106933
0.106214
0.105762
0.105021
0.104014
0.103556
0.102574
0.10213
0.101505
0.100737
0.100608
0.0995113
0.0992052
0.0985657
0.0979291
0.0973129
0.0966329
0.0961884
0.0955527
0.0951865
0.0948602
0.0941603
0.0939274
0.0933736
0.0928232
0.0923688
0.0917119
0.0910829
0.0902885
0.0897811
0.0890422
0.088683
0.0881557
0.0878429
0.0872136
0.0867538
0.08627
0.0857799
0.0852596
0.0845372
0.084232
0.0840097
0.0837385
0.0831059
0.0827988
0.0826156
0.0822022
0.0818491
0.0816786
0.0812879
0.080979
0.0805582
0.080113
0.079453
0.0791161
0.0788246
0.0782767
0.0778675
0.0774319
0.0769695
0.0764208
0.0761487
0.0758391
0.0754106
0.0751227
0.0745826
0.07433
0.0739055
0.0736366
0.0734367
0.0730867
0.0727403
0.0723902
0.0722694
0.0720067
0.0716928
0.0715464
0.0712226
0.0710596
0.0706755
0.0703382
0.0700906
0.0697857
0.0694954
0.0691799
0.0687404
0.0682302
0.0677673
0.0673235
0.0671089
0.0666571
0.0663654
0.0661602
0.065876
0.0656057
0.0655405
0.065269
0.06452
0.0643953
0.0640047
0.0635599
0.06336
0.0631476
0.0628908
0.0626441
0.0621234
0.061924
0.0617018
0.0613848
0.0611244
0.0609977
0.0608313
0.0606321
0.0604698
0.0603165
0.0601932
0.0600556
0.0598305
0.0596392
0.0593154
0.0591901
0.0589903
0.0585327
0.0584083
0.0581918
0.0578311
0.057272
0.0570984
0.0569763
0.056687
0.0563948
0.0561929
0.0557517
0.0554828
0.0552456
0.0549055
0.0549031
0.0547208
0.0544649
0.0540942
0.0539899
0.053455
0.053455
0.0528641
0.0527073
0.0524634
0.0521998
0.0517415
0.0512345
0.0509321
0.0507085
0.0503984
0.0500711
0.0495858
0.0492262
0.0490162
0.0486576
0.0483576
0.0481877
0.0477721
0.04738
0.0472555
0.0469303
0.0467296
0.0462986
0.0459687
0.0457775
0.0454466
0.045211
0.0448935
0.0446618
0.0445082
0.0441334
0.0439909
0.0437951
0.0433424
0.0430815
0.0426003
0.0425273
0.0423424
0.0422398
0.0419103
0.0417996
0.0416895
0.0413394
0.0411234
0.0410261
0.0408316
0.0405619
0.0403787
0.0400404
0.0398731
0.0397992
0.039473
0.0392378
0.0390076
0.038788
0.0385702
0.0383856
0.0381152
0.0379115
0.0377403
0.0375643
0.0372584
0.0371094
0.0369035
0.0367793
0.0364797
0.0363844
0.0362177
0.0360458
0.0359858
0.0358197
0.0356964
0.0355938
0.0354695
0.0353796
0.0351738
0.0351655
0.0350341
0.0349281
0.0348182
0.0346187
0.034565
0.0344096
0.0342958
0.03415
0.0340892
0.0338993
0.0337978
0.0336581
0.0335814
0.0334539
0.033386
0.033199
0.0330947
0.0329983
0.0329068
0.0328177
0.0326488
0.0324743
0.0322999
0.0322473
0.0320158
0.0319993
0.0318743
0.0317264
0.0315916
0.031454
0.0313618
0.0312271
0.0311611
0.0310339
0.030995
0.0309362
0.030826
0.0307736
0.0306408
0.030574
0.0304825
0.0303806
0.0302589
0.0301344
0.0300494
0.0299581
0.029892
0.0298087
0.0297395
0.0296612
0.029596
0.0295446
0.0294383
0.029378
0.0291959
0.0290896
0.0289767
0.0287964
0.0287131
0.0285947
0.0284926
0.0283511
0.0282706
0.0281586
0.0280803
0.0279878
0.0278778
0.0277651
0.0276611
0.0274922
0.0274072
0.0272695
0.0271512
0.0270866
0.0268855
0.0268783
0.0267334
0.0266906
0.0266154
0.0264547
0.0263542
0.0262666
0.0261478
0.026066
0.0259391
0.0258512
0.0257321
0.0256337
0.0255505
0.0254778
0.0252813
0.0252289
0.0250517
0.0250271
0.0249202
0.0247843
0.024732
0.0245926
0.0245096
0.0244397
0.0243237
0.0242797
0.0242283
0.0240976
0.0239727
0.023904
0.0237794
0.0237238
0.0236189
0.0235786
0.0235093
0.0234037
0.0232857
0.0231715
0.0231304
0.022949
0.0228707
0.0227213
0.0226501
0.0224851
0.0223582
0.0221713
0.0221713
0.0221079
0.0219705
0.0219268
0.0218103
0.0217461
0.0216667
0.021607
0.021405
0.0213356
0.0210854
0.0209874
0.0208473
0.0206393
0.0205424
0.0203691
0.0202403
0.0200864
0.0199191
0.0198189
0.0197473
0.0196029
0.0195544
0.0194239
0.0192608
0.0192327
0.0191539
0.01899
0.018945
0.0188055
0.0187397
0.0186427
0.0185066
0.0184342
0.0183621
0.0182955
0.0182045
0.0180965
0.0179918
0.0179538
0.0178436
0.0177217
0.0176216
0.017586
0.0175414
0.0174939
0.0174287
0.0173077
0.0172677
0.0171823
0.0171303
0.0170476
0.0169848
0.0169401
0.0168864
0.0168592
0.0168135
0.0167646
0.0166899
0.0166462
0.0165882
0.0165174
0.0164058
0.0163534
0.0163074
0.0162538
0.0161648
0.0161425
0.0160871
0.0160311
0.0159941
0.0159421
0.0158671
0.0158186
0.0157482
0.01564
0.0155706
0.0154878
0.0154416
0.0153447
0.01528
0.0152092
0.0151484
0.0150535
0.0149898
0.0148692
0.014837
0.0147545
0.014664
0.014609
0.0145355
0.0144531
0.0144036
0.0143046
0.0142264
0.0141525
0.014105
0.0140362
0.0139747
0.0138921
0.0138009
0.0136557
0.0136557
0.0135766
0.0135115
0.0134517
0.013412
0.0133311
0.0132377
0.0130914
0.0130842
0.0129749
0.0128983
0.012825
0.0127668
0.0126918
0.0126268
0.0124877
0.0124586
0.0123251
0.0122606
0.0121696
0.0119643
0.0119598
0.0119097
0.011816
0.0117556
0.011715
0.0116519
0.0116182
0.0115346
0.0115021
0.0114569
0.0114195
0.0113764
0.0113464
0.0113054
0.0112679
0.0112332
0.0111955
0.0111749
0.011112
0.0111041
0.0110804
0.0110663
0.0110431
0.0110343
0.0110096
0.0110002
0.010977
0.010971
0.010971
0.010971
0.010971
0.010971
0.010971
0.010971
0.010971
0.010971
0.010971
0.010971
0.010971
0.010971
0.010971
0.010971
0.010971
0.010971
0.010971
0.010971
0.010971
0.010971
0.010971
0.010971
0.010971
0.010971
0.010971
0.010971
0.010971
0.010971
0.010971
0.010971
0.010971
0.010971
0.010971
0.010971
0.010971
0.010971
0.010971
0.010971
0.010971
0.010971
0.010971
0.010971
0.010971
0.010971
0.010971
0.010971
0.010971
0.010971
0.010971
0.010971
0.010971
0.010971
0.010971
0.010971
0.010971
0.010971
0.010971
0.010971
0.010971
0.010971
0.010971
0.010971
0.010971
0.010971
0.010971
0.010971
0.010971
0.010971
0.010971
0.010971
0.010971
0.010971
0.010971
0.010971
0.010971
0.010971
0.010971
0.010971
0.010971
0.010971
0.010971
0.010971
0.010971
0.010971
0.010971
0.010971
0.010971
0.010971
0.010971
0.010971
0.010971
0.010971
0.010971
0.010971
0.010971
0.010971
0.010971
0.010971
0.010971
0.010971
0.010971
0.010971
0.010971
0.010971
0.010971
0.010971
0.010971
0.010971
0.010971
0.010971
0.010971
0.010971
0.010971
0.010971
0.010971
0.010971
0.010971
0.010971
0.010971
0.010971
0.010971
0.010971
0.010971
0.010971
0.010971
0.010971
0.010971
0.010971
0.010971
0.010971
0.010971
0.010971
0.010971
0.010971
0.010971
0.010971
0.010971
0.010971
0.010971
0.010971
0.010971
0.010971
0.010971
0.010971
0.010971
0.010971
0.010971
0.010971
0.010971
0.010971
0.010971
0.010971
0.010971
0.010971
0.010971
0.010971
0.010971
0.010971
0.010971
0.010971
0.010971
0.010971
0.010971
0.010971
0.010971
0.010971
0.010971
0.010971
0.010971
0.010971
0.010971
0.010971
0.010971
0.010971
0.010971
0.010971
0.010971
0.010971
0.010971
0.010971
0.010971
0.010971
0.010971
0.010971
0.010971
0.010971
0.010971
0.010971
0.010971
0.010971
0.010971
0.010971
0.010971
0.010971
0.010971
0.010971
0.010971
0.010971
0.010971
0.010971
0.010971
0.010971
0.010971
0.010971
0.010971
0.010971
0.010971
0.010971
0.010971
0.010971
0.010971
0.010971
0.010971
0.010971
0.010971
0.010971
0.010971
0.010971
0.010971
0.010971
0.010971
0.010971
0.010971
0.010971
0.010971
0.010971
0.010971
0.010971
0.010971
0.010971
0.010971
0.010971
0.010971
0.010971
0.010971
0.010971
0.010971
0.010971
0.010971
0.010971
0.010971
0.010971
0.010971
0.010971
0.010971
0.010971
0.010971
0.010971
0.010971
0.010971
0.010971
0.010971
0.010971
0.010971
0.010971
0.010971
0.010971
0.010971
0.010971
0.010971
0.010971
0.010971
0.010971
0.010971
0.010971
0.010971
0.010971
0.010971
0.010971
0.010971
0.010971
0.010971
0.010971
0.010971
0.010971
0.010971
0.010971
0.010971
0.010971
0.010971
0.010971
0.010971
0.010971
0.010971
0.010971
0.010971
0.010971
0.010971
0.010971
0.010971
0.010971
0.010971
0.010971
0.010971
0.010971
0.010971
0.010971
0.010971
0.010971
0.010971
0.010971
0.010971
0.010971
0.010971
0.010971
0.010971
0.010971
0.010971
0.010971
0.010971
0.010971
0.010971
0.010971
0.010971
0.010971
0.010971
0.010971
0.010971
0.010971
0.010971
0.010971
0.010971
0.010971
0.010971
0.010971
0.010971
0.010971
0.010971
0.010971
0.010971
0.010971
0.010971
0.010971
0.010971
0.010971
0.010971
0.010971
0.010971
0.010971
0.010971
0.010971
0.010971
0.010971
0.010971
0.010971
0.010971
0.010971
0.010971
0.010971
0.010971
0.010971
0.010971
0.010971
0.010971
0.010971
0.010971
0.010971
0.010971
0.010971
0.010971
0.010971
0.010971
0.010971
0.010971
0.010971
0.010971
0.010971
0.010971
0.010971
0.010971
0.010971
0.010971
0.010971
0.010971
0.010971
0.010971
0.010971
0.010971
0.010971
0.010971
0.010971
0.010971
0.010971
0.010971
0.010971
0.010971
0.010971
0.010971
0.010971
0.010971
0.010971
0.010971
0.010971
0.010971
0.010971
0.010971
0.010971
0.010971
0.010971
0.010971
0.010971
0.010971
0.010971
0.010971
0.010971
0.010971
0.010971
0.010971
0.010971
0.010971
0.010971
0.010971
0.010971
0.010971
0.010971
0.010971
0.010971
0.010971
0.010971
0.010971
0.010971
0.010971
0.010971
0.010971
0.010971
0.010971
0.010971
0.010971
0.010971
0.010971
0.010971
0.010971
0.010971
0.010971
0.010971
0.010971
0.010971
0.010971
0.010971
0.010971
0.010971
0.010971
0.010971
0.010971
0.010971
0.010971
0.010971
0.010971
0.010971
0.010971
0.010971
0.010971
0.010971
0.010971
0.010971
0.010971
0.010971
0.010971
0.010971
0.010971
0.010971
0.010971
0.010971
0.010971
0.010971
0.010971
0.010971
0.010971
0.010971
0.010971
0.010971
0.010971
0.010971
0.010971
0.010971
0.010971
0.010971
0.010971
0.010971
0.010971
0.010971
0.010971
0.010971
0.010971
0.010971
0.010971
0.010971
0.010971
0.010971
0.010971
0.010971
0.010971
0.010971
0.010971
0.010971
0.010971
0.010971
0.010971
0.010971
0.010971
0.010971
0.010971
0.010971
0.010971
0.010971
0.010971
0.010971
0.010971
0.010971
0.010971
0.010971
0.010971
0.010971
0.010971
0.010971
0.010971
0.010971
0.010971
0.010971
0.010971
0.010971
