1.27889e+07
1.08337e+07
648541
61447.4
16171.7
1387.61
1387.61
1387.61
1387.61
400.462
269.204
224.979
224.979
224.979
224.979
153.945
47.5974
43.1308
43.1308
43.1308
23.5899
23.5899
19.7111
19.7111
19.4145
7.12236
4.60329
4.60329
4.60329
4.60329
4.60329
4.60329
4.60329
4.60329
4.60329
4.60329
4.60329
4.60329
4.24996
3.44157
3.44157
3.24131
3.24131
3.1513
3.1513
3.1513
2.86399
2.82581
2.74977
2.63902
2.58164
2.58164
2.52834
2.366
2.21368
2.2074
2.2074
2.00482
2.00482
1.98021
1.98021
1.98021
1.98021
1.91346
1.7676
1.70457
1.64404
1.53651
1.4956
1.42018
1.42018
1.36484
1.33899
1.2793
1.2793
1.26156
1.22983
1.21084
1.16342
1.14252
1.13444
1.09507
1.09043
1.07539
1.05307
1.04041
1.0225
1.01363
0.999681
0.99327
0.986556
0.971025
0.962935
0.956919
0.947975
0.946782
0.942655
0.93651
0.92877
0.918365
0.909682
0.899848
0.891883
0.88402
0.879575
0.872652
0.856613
0.85644
0.845048
0.836362
0.827252
0.816259
0.804509
0.796576
0.783188
0.775601
0.762106
0.751658
0.742155
0.737031
0.72863
0.720238
0.716531
0.705794
0.698373
0.693943
0.68384
0.68118
0.670991
0.669161
0.661393
0.655834
0.648844
0.645363
0.640411
0.632995
0.624611
0.617596
0.611814
0.607661
0.602535
0.598309
0.595751
0.59084
0.587949
0.583948
0.58109
0.579497
0.576577
0.573614
0.569543
0.564913
0.562838
0.557885
0.553864
0.548802
0.540097
0.53336
0.530922
0.527484
0.522184
0.519417
0.517567
0.51474
0.512912
0.510188
0.508002
0.499829
0.499156
0.497903
0.494789
0.491136
0.488142
0.483979
0.479918
0.474024
0.470998
0.466043
0.463543
0.458771
0.453404
0.450671
0.446251
0.444076
0.440769
0.43865
0.432796
0.429591
0.425869
0.422197
0.419006
0.416336
0.413657
0.410584
0.404348
0.401351
0.398704
0.396125
0.393226
0.390069
0.387741
0.383454
0.380004
0.375038
0.372808
0.370943
0.367721
0.364704
0.363319
0.36007
0.357678
0.351604
0.349308
0.346131
0.342671
0.338444
0.335777
0.333642
0.330394
0.324323
0.32214
0.318441
0.315667
0.310988
0.307671
0.303339
0.301361
0.298953
0.295016
0.294
0.290061
0.28747
0.286529
0.281531
0.280937
0.279202
0.278482
0.275522
0.27186
0.269559
0.26779
0.26389
0.263253
0.260545
0.259083
0.255576
0.253622
0.252738
0.249453
0.248229
0.246821
0.244498
0.243072
0.241602
0.240447
0.238613
0.237936
0.236243
0.23301
0.232952
0.231439
0.230327
0.228505
0.226513
0.224706
0.222839
0.221463
0.219826
0.216838
0.215242
0.212998
0.211166
0.20939
0.207773
0.205891
0.205371
0.20354
0.202537
0.200977
0.200029
0.19944
0.197947
0.196887
0.19613
0.19487
0.193632
0.192878
0.192066
0.191659
0.190395
0.189927
0.189043
0.188381
0.187043
0.186554
0.185589
0.18414
0.183358
0.182858
0.181301
0.180005
0.179799
0.178861
0.177702
0.176719
0.176292
0.174727
0.173938
0.173059
0.171805
0.171203
0.170172
0.169518
0.168922
0.168247
0.167494
0.166904
0.16603
0.165293
0.164352
0.164109
0.163236
0.162343
0.161269
0.160954
0.159104
0.159073
0.158167
0.15674
0.155209
0.154838
0.153574
0.152668
0.152429
0.151298
0.150672
0.149905
0.149047
0.148635
0.14769
0.146957
0.146438
0.145999
0.145465
0.144932
0.144648
0.14415
0.143936
0.143305
0.142858
0.142299
0.141835
0.14108
0.14032
0.139866
0.139284
0.138867
0.138279
0.137655
0.136829
0.13647
0.13573
0.135328
0.134301
0.133596
0.132794
0.132672
0.131784
0.131329
0.130991
0.130533
0.130122
0.129611
0.129042
0.128708
0.12864
0.128291
0.127869
0.127585
0.12737
0.127062
0.12678
0.126491
0.126081
0.12573
0.125404
0.125106
0.124803
0.124543
0.124237
0.12407
0.123794
0.123569
0.12337
0.122949
0.122462
0.122236
0.121621
0.121489
0.121003
0.12059
0.120197
0.119557
0.119093
0.118658
0.118021
0.117851
0.117304
0.116999
0.116093
0.115816
0.115415
0.114834
0.114449
0.113946
0.113538
0.11322
0.112918
0.112239
0.111769
0.111623
0.110913
0.110424
0.109937
0.109559
0.109196
0.108583
0.108354
0.10798
0.107761
0.107284
0.106658
0.106126
0.105738
0.1047
0.104465
0.103812
0.102938
0.102387
0.10165
0.101349
0.10019
0.0996845
0.099187
0.0983313
0.0973056
0.0966316
0.0959565
0.0948433
0.0942367
0.0933323
0.0927472
0.0924027
0.0918365
0.0913269
0.0905769
0.0899549
0.0890574
0.0886377
0.0882654
0.0875435
0.0871644
0.0868195
0.0863895
0.0858526
0.0851688
0.084575
0.0839918
0.0834016
0.0830172
0.0826049
0.0820569
0.0817476
0.0812864
0.0808719
0.0805891
0.0801825
0.0799728
0.0795394
0.0792876
0.0787822
0.0783935
0.0782538
0.0778268
0.0773196
0.0768474
0.0764073
0.0761424
0.0754528
0.0748043
0.0744167
0.0740847
0.0737204
0.0732163
0.0728602
0.0725155
0.0720691
0.0715637
0.0713258
0.0709919
0.0707718
0.0705628
0.0699421
0.0698748
0.0696167
0.0693392
0.069051
0.0686726
0.0683603
0.0680483
0.0677768
0.0675697
0.0672736
0.067034
0.066798
0.0664267
0.0661254
0.0656724
0.0654447
0.0649409
0.0646966
0.0642412
0.0637211
0.0634178
0.0630533
0.0624961
0.0620438
0.061513
0.0611589
0.0608181
0.0607328
0.0603221
0.0600147
0.0598991
0.0595443
0.0594206
0.0590653
0.0589374
0.0588237
0.0586201
0.0584573
0.058267
0.058075
0.0577612
0.0576758
0.0574702
0.0572569
0.057117
0.0569792
0.0567796
0.0566723
0.0565222
0.0563046
0.0561299
0.0559088
0.0557827
0.0555783
0.0553941
0.0552166
0.0548935
0.0547786
0.0546434
0.0544437
0.0542676
0.054122
0.0539504
0.053667
0.0534472
0.0533277
0.0529983
0.0528342
0.0526293
0.0523952
0.0516966
0.0515581
0.0512233
0.050942
0.0506139
0.0503007
0.0501482
0.0497641
0.0495786
0.0494183
0.049201
0.0486285
0.0485519
0.0484411
0.0481988
0.0477541
0.0475164
0.0473035
0.046968
0.0464129
0.0463789
0.0460305
0.0457682
0.0454647
0.0452497
0.0449776
0.0447349
0.0445434
0.0443232
0.0441064
0.0439101
0.043661
0.0435524
0.0433259
0.0432216
0.0430167
0.0429879
0.0428775
0.0427704
0.0426904
0.0424991
0.0424
0.0422578
0.042121
0.0420022
0.0418098
0.0417221
0.0415325
0.0414359
0.0411469
0.0409386
0.0406417
0.0405355
0.0401285
0.0400429
0.0398257
0.0396946
0.0394466
0.0391605
0.0390085
0.038806
0.0386205
0.0384492
0.0381766
0.0380041
0.037745
0.0374654
0.0372646
0.0370284
0.0368944
0.0367724
0.0366262
0.0364393
0.0362223
0.0360875
0.0358649
0.0357152
0.0354489
0.0353229
0.0351001
0.0350057
0.0348906
0.0347474
0.0346127
0.034465
0.0343531
0.0341812
0.0339698
0.0338538
0.0336763
0.0335268
0.033379
0.0332764
0.0330978
0.0329883
0.0329271
0.032809
0.0327095
0.0325885
0.0324731
0.0323756
0.0321817
0.0321381
0.0319941
0.0318451
0.0317157
0.0314457
0.0314366
0.0313543
0.0312264
0.031135
0.0310238
0.0308003
0.030699
0.0305364
0.0304494
0.0303451
0.0302108
0.0301204
0.0300205
0.0299438
0.0298628
0.029775
0.0296389
0.0295619
0.0294076
0.029319
0.0291995
0.0291111
0.0290357
0.0289402
0.0287526
0.0286532
0.0285319
0.0284077
0.028376
0.0282871
0.0281622
0.0280413
0.0279483
0.0278465
0.0276318
0.0274753
0.02741
0.0272734
0.0269892
0.0268721
0.0267448
0.0266373
0.0265193
0.026415
0.0263126
0.0262417
0.0261272
0.0260716
0.0259479
0.0258489
0.025724
0.0256938
0.0256057
0.0255388
0.0254632
0.0254078
0.0253466
0.0252985
0.0252768
0.0251446
0.0249505
0.0249438
0.0248308
0.0247667
0.0246094
0.0245802
0.0244856
0.0243729
0.0242874
0.0242197
0.024157
0.0240723
0.0240167
0.0239031
0.0238258
0.0237502
0.0236824
0.0236163
0.0235299
0.0234433
0.0233644
0.0232698
0.0231398
0.0230903
0.0230076
0.0229396
0.0228692
0.0228063
0.0225902
0.0225902
0.0224482
0.0223648
0.0222461
0.0221318
0.0220251
0.0220251
0.0219424
0.0218916
0.0218431
0.021799
0.0216648
0.0216648
0.0216047
0.021484
0.0214355
0.0212942
0.0212398
0.0211858
0.0211091
0.0210013
0.0208905
0.020793
0.0207227
0.0205895
0.0205357
0.020484
0.0204078
0.0203367
0.0202416
0.02017
0.0201123
0.0200113
0.0199435
0.0198533
0.0197401
0.0196797
0.0195884
0.0195208
0.0194591
0.0194214
0.0193191
0.0192219
0.0191708
0.0191042
0.0189352
0.0188982
0.018778
0.0187404
0.0186716
0.0185754
0.0185006
0.01839
0.0183656
0.0182774
0.0180901
0.018027
0.0178606
0.0178002
0.0177177
0.0176136
0.0175281
0.0173752
0.0173458
0.0172663
0.017163
0.0171008
0.0170153
0.016968
0.0168457
0.0167761
0.0167564
0.0167055
0.016595
0.016595
0.0165432
0.0165008
0.0164708
0.0163751
0.0163214
0.0162797
0.0161581
0.0161061
0.0160425
0.0159753
0.0159013
0.0158681
0.0158036
0.0157574
0.015707
0.0156537
0.015605
0.0155539
0.0154535
0.0154358
0.0154105
0.0153571
0.0153158
0.015277
0.0152415
0.0151987
0.0151308
0.0151028
0.0150524
0.0149941
0.014949
0.0149034
0.0148492
0.0148028
0.0148028
0.0148028
0.0148028
0.0148028
0.0148028
0.0148028
0.0148028
0.0148028
0.0148028
0.0148028
0.0148028
0.0148028
0.0148028
0.0148028
0.0148028
0.0148028
0.0148028
0.0148028
0.0148028
0.0148028
0.0148028
0.0148028
0.0148028
0.0148028
0.0148028
0.0148028
0.0148028
0.0148028
0.0148028
0.0148028
0.0148028
0.0148028
0.0148028
0.0148028
0.0148028
0.0148028
0.0148028
0.0148028
0.0148028
0.0148028
0.0148028
0.0148028
0.0148028
0.0148028
0.0148028
0.0148028
0.0148028
0.0148028
0.0148028
0.0148028
0.0148028
0.0148028
0.0148028
0.0148028
0.0148028
0.0148028
0.0148028
0.0148028
0.0148028
0.0148028
0.0148028
0.0148028
0.0148028
0.0148028
0.0148028
0.0148028
0.0148028
0.0148028
0.0148028
0.0148028
0.0148028
0.0148028
0.0148028
0.0148028
0.0148028
0.0148028
0.0148028
0.0148028
0.0148028
0.0148028
0.0148028
0.0148028
0.0148028
0.0148028
0.0148028
0.0148028
0.0148028
0.0148028
0.0148028
0.0148028
0.0148028
0.0148028
0.0148028
0.0148028
0.0148028
0.0148028
0.0148028
0.0148028
0.0148028
0.0148028
0.0148028
0.0148028
0.0148028
0.0148028
0.0148028
0.0148028
0.0148028
0.0148028
0.0148028
0.0148028
0.0148028
0.0148028
0.0148028
0.0148028
0.0148028
0.0148028
0.0148028
0.0148028
0.0148028
0.0148028
0.0148028
0.0148028
0.0148028
0.0148028
0.0148028
0.0148028
0.0148028
0.0148028
0.0148028
0.0148028
0.0148028
0.0148028
0.0148028
0.0148028
0.0148028
0.0148028
0.0148028
0.0148028
0.0148028
0.0148028
0.0148028
0.0148028
0.0148028
0.0148028
0.0148028
0.0148028
0.0148028
0.0148028
0.0148028
0.0148028
0.0148028
0.0148028
0.0148028
0.0148028
0.0148028
0.0148028
0.0148028
0.0148028
0.0148028
0.0148028
0.0148028
0.0148028
0.0148028
0.0148028
0.0148028
0.0148028
0.0148028
0.0148028
0.0148028
0.0148028
0.0148028
0.0148028
0.0148028
0.0148028
0.0148028
0.0148028
0.0148028
0.0148028
0.0148028
0.0148028
0.0148028
0.0148028
0.0148028
0.0148028
0.0148028
0.0148028
0.0148028
0.0148028
0.0148028
0.0148028
0.0148028
0.0148028
0.0148028
0.0148028
0.0148028
0.0148028
0.0148028
0.0148028
0.0148028
0.0148028
0.0148028
0.0148028
0.0148028
0.0148028
0.0148028
0.0148028
0.0148028
0.0148028
0.0148028
0.0148028
0.0148028
0.0148028
0.0148028
0.0148028
0.0148028
0.0148028
0.0148028
0.0148028
0.0148028
0.0148028
0.0148028
0.0148028
0.0148028
0.0148028
0.0148028
0.0148028
0.0148028
0.0148028
0.0148028
0.0148028
0.0148028
0.0148028
0.0148028
0.0148028
0.0148028
0.0148028
0.0148028
0.0148028
0.0148028
0.0148028
0.0148028
0.0148028
0.0148028
0.0148028
0.0148028
0.0148028
0.0148028
0.0148028
0.0148028
0.0148028
0.0148028
0.0148028
0.0148028
0.0148028
0.0148028
0.0148028
0.0148028
0.0148028
0.0148028
0.0148028
0.0148028
0.0148028
0.0148028
0.0148028
0.0148028
0.0148028
0.0148028
0.0148028
0.0148028
0.0148028
0.0148028
0.0148028
0.0148028
0.0148028
0.0148028
0.0148028
0.0148028
0.0148028
0.0148028
0.0148028
0.0148028
0.0148028
0.0148028
0.0148028
0.0148028
0.0148028
0.0148028
0.0148028
0.0148028
0.0148028
0.0148028
0.0148028
0.0148028
0.0148028
0.0148028
0.0148028
0.0148028
0.0148028
0.0148028
0.0148028
0.0148028
0.0148028
0.0148028
0.0148028
0.0148028
0.0148028
0.0148028
0.0148028
0.0148028
0.0148028
0.0148028
0.0148028
0.0148028
0.0148028
0.0148028
0.0148028
0.0148028
0.0148028
0.0148028
0.0148028
0.0148028
0.0148028
0.0148028
0.0148028
0.0148028
0.0148028
0.0148028
0.0148028
0.0148028
0.0148028
0.0148028
0.0148028
0.0148028
0.0148028
0.0148028
0.0148028
0.0148028
0.0148028
0.0148028
0.0148028
0.0148028
0.0148028
0.0148028
0.0148028
0.0148028
0.0148028
0.0148028
0.0148028
0.0148028
0.0148028
0.0148028
0.0148028
0.0148028
0.0148028
0.0148028
0.0148028
0.0148028
0.0148028
0.0148028
0.0148028
0.0148028
0.0148028
0.0148028
0.0148028
0.0148028
0.0148028
0.0148028
0.0148028
0.0148028
0.0148028
0.0148028
0.0148028
0.0148028
0.0148028
0.0148028
0.0148028
0.0148028
0.0148028
0.0148028
0.0148028
0.0148028
0.0148028
0.0148028
0.0148028
0.0148028
0.0148028
0.0148028
0.0148028
0.0148028
0.0148028
0.0148028
0.0148028
0.0148028
0.0148028
0.0148028
0.0148028
0.0148028
0.0148028
0.0148028
0.0148028
0.0148028
0.0148028
0.0148028
0.0148028
0.0148028
0.0148028
0.0148028
0.0148028
0.0148028
0.0148028
0.0148028
0.0148028
0.0148028
0.0148028
0.0148028
0.0148028
0.0148028
0.0148028
0.0148028
0.0148028
0.0148028
0.0148028
0.0148028
0.0148028
0.0148028
0.0148028
0.0148028
0.0148028
0.0148028
0.0148028
0.0148028
0.0148028
0.0148028
0.0148028
0.0148028
0.0148028
0.0148028
0.0148028
0.0148028
0.0148028
0.0148028
0.0148028
0.0148028
0.0148028
0.0148028
0.0148028
0.0148028
0.0148028
0.0148028
0.0148028
0.0148028
0.0148028
0.0148028
0.0148028
0.0148028
0.0148028
0.0148028
0.0148028
0.0148028
0.0148028
0.0148028
0.0148028
0.0148028
0.0148028
0.0148028
0.0148028
0.0148028
0.0148028
0.0148028
0.0148028
0.0148028
0.0148028
0.0148028
0.0148028
0.0148028
0.0148028
0.0148028
0.0148028
0.0148028
0.0148028
0.0148028
0.0148028
0.0148028
0.0148028
0.0148028
0.0148028
0.0148028
0.0148028
0.0148028
0.0148028
0.0148028
0.0148028
0.0148028
0.0148028
0.0148028
0.0148028
0.0148028
0.0148028
0.0148028
0.0148028
0.0148028
0.0148028
0.0148028
0.0148028
0.0148028
0.0148028
0.0148028
0.0148028
0.0148028
0.0148028
0.0148028
0.0148028
0.0148028
0.0148028
0.0148028
0.0148028
0.0148028
0.0148028
0.0148028
0.0148028
0.0148028
0.0148028
0.0148028
0.0148028
