3.76122e+07
44675
44675
32657.8
32657.8
13821.6
13821.6
13821.6
2353.57
2353.57
1695.51
1695.51
1695.51
1695.51
604.597
604.597
604.597
604.597
142.183
142.183
142.183
142.183
142.183
142.183
118.742
118.742
118.742
118.742
80.4749
73.5587
50.5586
28.6408
8.22994
8.22994
8.22994
8.22994
8.22994
8.22994
6.60667
6.60667
6.60667
5.94527
5.94527
4.09259
3.68598
3.36503
3.36503
3.36503
3.29505
3.2275
3.11576
2.92279
2.71513
2.71513
2.53366
2.41721
2.35556
2.28343
2.27732
2.20684
2.13857
2.13114
2.07713
2.0244
1.95949
1.92117
1.88177
1.84383
1.77257
1.7548
1.71676
1.67698
1.65288
1.61051
1.58011
1.55175
1.52252
1.5159
1.45393
1.4403
1.39315
1.37819
1.3501
1.3309
1.31738
1.3006
1.27713
1.25397
1.2468
1.21974
1.18968
1.17973
1.17501
1.15177
1.13373
1.11947
1.11839
1.09652
1.08233
1.07493
1.06568
1.04821
1.04131
1.02983
1.02164
1.01281
1.00323
1.00124
0.983991
0.976857
0.971732
0.955919
0.944746
0.939213
0.92399
0.920543
0.912807
0.901522
0.890229
0.878461
0.87379
0.865562
0.855217
0.849233
0.818547
0.81619
0.805602
0.797807
0.791932
0.781106
0.774811
0.76438
0.755732
0.725849
0.721894
0.710147
0.707216
0.698164
0.687986
0.682444
0.678255
0.671215
0.659478
0.648873
0.635345
0.632302
0.625522
0.620051
0.613241
0.608763
0.603813
0.59761
0.585016
0.583551
0.576971
0.571321
0.564109
0.558278
0.553158
0.54794
0.543913
0.538014
0.534701
0.528835
0.52168
0.52168
0.516566
0.511419
0.501972
0.500416
0.493235
0.490312
0.484312
0.475776
0.475776
0.473467
0.470022
0.464867
0.461907
0.458178
0.454743
0.451953
0.450078
0.447594
0.444528
0.440392
0.438443
0.436967
0.434656
0.433517
0.431594
0.428243
0.425437
0.422329
0.420935
0.41779
0.406814
0.406814
0.405087
0.401205
0.396319
0.393052
0.388515
0.386488
0.376645
0.372438
0.36911
0.361848
0.359062
0.351996
0.347974
0.3446
0.342619
0.334756
0.330392
0.322626
0.319042
0.314701
0.311835
0.309049
0.306144
0.304135
0.301592
0.298779
0.29615
0.291779
0.286816
0.285558
0.282437
0.280086
0.277716
0.27407
0.271042
0.269193
0.266077
0.26503
0.262291
0.259144
0.258039
0.255283
0.253315
0.248246
0.247079
0.245163
0.243652
0.240171
0.239676
0.237834
0.237323
0.236011
0.23455
0.233273
0.2321
0.230811
0.228553
0.227733
0.225956
0.224615
0.223821
0.221697
0.2211
0.219406
0.218454
0.216752
0.216075
0.214719
0.213562
0.212
0.211405
0.210082
0.209218
0.208038
0.207039
0.206425
0.205334
0.204415
0.203009
0.202615
0.2017
0.2008
0.19907
0.198395
0.197417
0.196254
0.195651
0.194338
0.193309
0.191839
0.190944
0.189766
0.188629
0.188058
0.186786
0.186118
0.184926
0.18392
0.181681
0.180529
0.180227
0.177964
0.177049
0.176212
0.175113
0.173656
0.172419
0.171114
0.170685
0.169928
0.169245
0.16827
0.167725
0.167262
0.166247
0.165322
0.164129
0.163549
0.162821
0.160886
0.160886
0.160002
0.159549
0.158508
0.158047
0.157448
0.155909
0.155197
0.154261
0.153195
0.152556
0.150681
0.149426
0.147675
0.146503
0.144306
0.144086
0.142342
0.139459
0.138883
0.136678
0.135398
0.134865
0.133601
0.132036
0.130289
0.12992
0.128513
0.126975
0.126886
0.125948
0.125212
0.124383
0.123474
0.122446
0.121375
0.11989
0.118476
0.117636
0.116847
0.115858
0.11541
0.114562
0.113912
0.113153
0.112792
0.112079
0.111127
0.110345
0.109868
0.10903
0.108558
0.108195
0.107586
0.107045
0.106414
0.10572
0.105226
0.104799
0.103855
0.103802
0.103193
0.102801
0.102321
0.101919
0.100961
0.100656
0.100011
0.0994669
0.0990651
0.0984534
0.0979797
0.09785
0.0975942
0.0971249
0.0965786
0.096299
0.0958061
0.0957095
0.0952583
0.0947981
0.0942513
0.0936814
0.0934337
0.0928382
0.0923594
0.0915125
0.0911921
0.0911537
0.0905598
0.0900667
0.0897685
0.08929
0.088856
0.0882063
0.0878458
0.0872869
0.086819
0.0864369
0.0859128
0.0855176
0.0851098
0.0847835
0.0839365
0.0834815
0.0831116
0.0825127
0.082314
0.0819855
0.0817112
0.0814513
0.0811937
0.0810629
0.0802561
0.0802561
0.0797615
0.0795259
0.0792845
0.0789514
0.077955
0.077955
0.0776629
0.0770133
0.0767379
0.0762169
0.0754416
0.0750971
0.0746608
0.0740663
0.0738021
0.0734009
0.0731085
0.0727417
0.0722438
0.0720118
0.0717557
0.0715119
0.0712054
0.0709648
0.0706425
0.0701016
0.0697841
0.0692351
0.0688559
0.0685543
0.0672214
0.0665754
0.0657004
0.0649989
0.0646808
0.0643079
0.0638445
0.0632611
0.0630627
0.0623246
0.0619629
0.0616919
0.0615197
0.0613169
0.0610063
0.0606544
0.0604559
0.060061
0.0598185
0.0596335
0.0592878
0.0590114
0.058597
0.0583154
0.0581439
0.05788
0.0575696
0.0573085
0.0570411
0.056556
0.0563621
0.0560919
0.055853
0.0554029
0.0552125
0.0550767
0.0548577
0.0545303
0.0543308
0.0538656
0.0537154
0.0534733
0.0531424
0.0530536
0.0528721
0.0524965
0.0523116
0.0521907
0.051974
0.0514371
0.0511774
0.050107
0.050107
0.0498314
0.049557
0.0488594
0.0484543
0.0479237
0.047749
0.0475036
0.0472857
0.0468469
0.0466755
0.0463066
0.0461984
0.0460007
0.0455482
0.045289
0.0451397
0.0448334
0.0445177
0.0441482
0.0439115
0.0437127
0.0436134
0.0434762
0.0428975
0.0427745
0.0427233
0.0425446
0.0422763
0.0420639
0.0419624
0.041897
0.041782
0.0416812
0.041669
0.0416037
0.0413869
0.0413448
0.0412476
0.0411691
0.0410558
0.0409592
0.0408947
0.0407712
0.0407139
0.0405766
0.040512
0.0404081
0.0403714
0.0401359
0.0400399
0.0399304
0.0398111
0.0396843
0.039573
0.0395237
0.0393292
0.0392976
0.0391344
0.0390848
0.0389353
0.0388058
0.0387001
0.0385257
0.0383712
0.038288
0.0381067
0.037963
0.0377687
0.0375659
0.0374152
0.0371783
0.0370227
0.0368611
0.0367692
0.0366484
0.0365376
0.0363957
0.0362617
0.0357433
0.0357433
0.0355265
0.0353892
0.0351964
0.034947
0.0348311
0.0346949
0.0345886
0.0345088
0.0343044
0.0341358
0.0340626
0.0338437
0.033645
0.0334978
0.0333631
0.0331523
0.0330077
0.0328246
0.0327335
0.0325488
0.0323375
0.0322353
0.0320689
0.0319124
0.0317927
0.0314997
0.0314991
0.0311404
0.0310895
0.0308134
0.0307452
0.0305648
0.0304457
0.0303282
0.0301645
0.0299551
0.0298234
0.0297418
0.0295771
0.0295283
0.0294233
0.0293416
0.029159
0.0290532
0.0289011
0.0287799
0.0286102
0.0284729
0.0283436
0.0282584
0.0281518
0.0280652
0.0278849
0.0276584
0.0276009
0.0274722
0.0272908
0.0271774
0.0268261
0.0267857
0.0265319
0.026226
0.0260192
0.0257976
0.0256776
0.0253413
0.0253309
0.0251718
0.02507
0.0248564
0.0248559
0.0246842
0.0245751
0.0243846
0.0241751
0.0240657
0.0239299
0.0236866
0.0236357
0.0235279
0.023374
0.0232288
0.023149
0.0230723
0.0229671
0.0228834
0.0227763
0.0227083
0.0226007
0.0225302
0.0224635
0.0223679
0.0222526
0.0222187
0.0220872
0.0220329
0.0219364
0.0218894
0.0218386
0.0217118
0.0216158
0.0215812
0.0215222
0.0214259
0.0213411
0.0212683
0.0212017
0.0211404
0.0211033
0.0210304
0.0209982
0.0209044
0.0208389
0.0207711
0.0206837
0.0206322
0.0205609
0.0204606
0.0204065
0.0202547
0.0201858
0.0201096
0.0199787
0.0199227
0.0198406
0.0197398
0.0196533
0.0195703
0.0194969
0.0194415
0.0193321
0.0192252
0.019216
0.0191489
0.0191007
0.0190082
0.0189671
0.0189298
0.018861
0.0187496
0.0186922
0.0185001
0.0184376
0.0183197
0.0182386
0.0181759
0.0180808
0.0179807
0.0179072
0.0177184
0.0176544
0.017626
0.017478
0.0174493
0.0173633
0.0172877
0.017187
0.0170756
0.0170025
0.0169039
0.0168439
0.0167337
0.0167039
0.0166143
0.0165683
0.0164769
0.0164141
0.0163534
0.0162387
0.0161697
0.0160675
0.0159623
0.0158684
0.0157611
0.0157085
0.0155962
0.0154558
0.0154454
0.0153619
0.0152558
0.0150857
0.0150429
0.0149261
0.0148517
0.0147224
0.0146525
0.0145599
0.0145098
0.0144732
0.0143909
0.0143483
0.0142577
0.0142156
0.0141518
0.0140099
0.0139734
0.0139048
0.0138415
0.0137659
0.0137067
0.0136126
0.0135343
0.0134726
0.0133934
0.0133577
0.0132291
0.0131689
0.0131334
0.0130756
0.012984
0.0129614
0.0129168
0.0128692
0.0128073
0.0127485
0.0127097
0.012661
0.0125962
0.012533
0.0124846
0.0124256
0.012374
0.0123291
0.0122984
0.0122696
0.0122434
0.012208
0.0121735
0.0121163
0.0120777
0.0120602
0.0119765
0.011918
0.0118489
0.0118097
0.0117501
0.0116861
0.0116324
0.0115483
0.0114673
0.0114392
0.0113652
0.011288
0.011258
0.0112195
0.0112195
0.0112195
0.0112195
0.0112195
0.0112195
0.0112195
0.0112195
0.0112195
0.0112195
0.0112195
0.0112195
0.0112195
0.0112195
0.0112195
0.0112195
0.0112195
0.0112195
0.0112195
0.0112195
0.0112195
0.0112195
0.0112195
0.0112195
0.0112195
0.0112195
0.0112195
0.0112195
0.0112195
0.0112195
0.0112195
0.0112195
0.0112195
0.0112195
0.0112195
0.0112195
0.0112195
0.0112195
0.0112195
0.0112195
0.0112195
0.0112195
0.0112195
0.0112195
0.0112195
0.0112195
0.0112195
0.0112195
0.0112195
0.0112195
0.0112195
0.0112195
0.0112195
0.0112195
0.0112195
0.0112195
0.0112195
0.0112195
0.0112195
0.0112195
0.0112195
0.0112195
0.0112195
0.0112195
0.0112195
0.0112195
0.0112195
0.0112195
0.0112195
0.0112195
0.0112195
0.0112195
0.0112195
0.0112195
0.0112195
0.0112195
0.0112195
0.0112195
0.0112195
0.0112195
0.0112195
0.0112195
0.0112195
0.0112195
0.0112195
0.0112195
0.0112195
0.0112195
0.0112195
0.0112195
0.0112195
0.0112195
0.0112195
0.0112195
0.0112195
0.0112195
0.0112195
0.0112195
0.0112195
0.0112195
0.0112195
0.0112195
0.0112195
0.0112195
0.0112195
0.0112195
0.0112195
0.0112195
0.0112195
0.0112195
0.0112195
0.0112195
0.0112195
0.0112195
0.0112195
0.0112195
0.0112195
0.0112195
0.0112195
0.0112195
0.0112195
0.0112195
0.0112195
0.0112195
0.0112195
0.0112195
0.0112195
0.0112195
0.0112195
0.0112195
0.0112195
0.0112195
0.0112195
0.0112195
0.0112195
0.0112195
0.0112195
0.0112195
0.0112195
0.0112195
0.0112195
0.0112195
0.0112195
0.0112195
0.0112195
0.0112195
0.0112195
0.0112195
0.0112195
0.0112195
0.0112195
0.0112195
0.0112195
0.0112195
0.0112195
0.0112195
0.0112195
0.0112195
0.0112195
0.0112195
0.0112195
0.0112195
0.0112195
0.0112195
0.0112195
0.0112195
0.0112195
0.0112195
0.0112195
0.0112195
0.0112195
0.0112195
0.0112195
0.0112195
0.0112195
0.0112195
0.0112195
0.0112195
0.0112195
0.0112195
0.0112195
0.0112195
0.0112195
0.0112195
0.0112195
0.0112195
0.0112195
0.0112195
0.0112195
0.0112195
0.0112195
0.0112195
0.0112195
0.0112195
0.0112195
0.0112195
0.0112195
0.0112195
0.0112195
0.0112195
0.0112195
0.0112195
0.0112195
0.0112195
0.0112195
0.0112195
0.0112195
0.0112195
0.0112195
0.0112195
0.0112195
0.0112195
0.0112195
0.0112195
0.0112195
0.0112195
0.0112195
0.0112195
0.0112195
0.0112195
0.0112195
0.0112195
0.0112195
0.0112195
0.0112195
0.0112195
0.0112195
0.0112195
0.0112195
0.0112195
0.0112195
0.0112195
0.0112195
0.0112195
0.0112195
0.0112195
0.0112195
0.0112195
0.0112195
0.0112195
0.0112195
0.0112195
0.0112195
0.0112195
0.0112195
0.0112195
0.0112195
0.0112195
0.0112195
0.0112195
0.0112195
0.0112195
0.0112195
0.0112195
0.0112195
0.0112195
0.0112195
0.0112195
0.0112195
0.0112195
0.0112195
0.0112195
0.0112195
0.0112195
0.0112195
0.0112195
0.0112195
0.0112195
0.0112195
0.0112195
0.0112195
0.0112195
0.0112195
0.0112195
0.0112195
0.0112195
0.0112195
0.0112195
0.0112195
0.0112195
0.0112195
0.0112195
0.0112195
0.0112195
0.0112195
0.0112195
0.0112195
0.0112195
0.0112195
0.0112195
0.0112195
0.0112195
0.0112195
0.0112195
0.0112195
0.0112195
0.0112195
0.0112195
0.0112195
0.0112195
0.0112195
0.0112195
0.0112195
0.0112195
0.0112195
0.0112195
0.0112195
0.0112195
0.0112195
0.0112195
0.0112195
0.0112195
0.0112195
0.0112195
0.0112195
0.0112195
0.0112195
0.0112195
0.0112195
0.0112195
0.0112195
0.0112195
0.0112195
0.0112195
0.0112195
0.0112195
0.0112195
0.0112195
0.0112195
0.0112195
0.0112195
0.0112195
0.0112195
0.0112195
0.0112195
0.0112195
0.0112195
0.0112195
0.0112195
0.0112195
0.0112195
0.0112195
0.0112195
0.0112195
0.0112195
0.0112195
0.0112195
0.0112195
0.0112195
0.0112195
0.0112195
0.0112195
0.0112195
0.0112195
0.0112195
0.0112195
0.0112195
0.0112195
0.0112195
0.0112195
0.0112195
0.0112195
0.0112195
0.0112195
0.0112195
0.0112195
0.0112195
0.0112195
0.0112195
0.0112195
0.0112195
0.0112195
0.0112195
0.0112195
0.0112195
0.0112195
0.0112195
0.0112195
0.0112195
0.0112195
0.0112195
0.0112195
0.0112195
0.0112195
0.0112195
0.0112195
0.0112195
0.0112195
0.0112195
0.0112195
0.0112195
0.0112195
0.0112195
0.0112195
0.0112195
0.0112195
0.0112195
0.0112195
0.0112195
0.0112195
0.0112195
0.0112195
0.0112195
0.0112195
0.0112195
0.0112195
0.0112195
0.0112195
0.0112195
0.0112195
0.0112195
0.0112195
0.0112195
0.0112195
0.0112195
0.0112195
0.0112195
0.0112195
0.0112195
0.0112195
0.0112195
0.0112195
0.0112195
0.0112195
0.0112195
0.0112195
0.0112195
0.0112195
0.0112195
0.0112195
0.0112195
0.0112195
0.0112195
0.0112195
0.0112195
0.0112195
0.0112195
0.0112195
0.0112195
0.0112195
0.0112195
0.0112195
0.0112195
0.0112195
0.0112195
0.0112195
0.0112195
0.0112195
0.0112195
0.0112195
0.0112195
0.0112195
0.0112195
0.0112195
0.0112195
0.0112195
0.0112195
0.0112195
0.0112195
0.0112195
0.0112195
0.0112195
0.0112195
0.0112195
0.0112195
0.0112195
0.0112195
0.0112195
0.0112195
0.0112195
0.0112195
0.0112195
0.0112195
0.0112195
0.0112195
0.0112195
0.0112195
0.0112195
0.0112195
0.0112195
0.0112195
0.0112195
0.0112195
0.0112195
0.0112195
0.0112195
0.0112195
0.0112195
0.0112195
0.0112195
0.0112195
0.0112195
0.0112195
0.0112195
0.0112195
0.0112195
0.0112195
0.0112195
0.0112195
0.0112195
0.0112195
0.0112195
0.0112195
0.0112195
0.0112195
0.0112195
0.0112195
0.0112195
0.0112195
0.0112195
0.0112195
0.0112195
0.0112195
0.0112195
0.0112195
0.0112195
0.0112195
0.0112195
0.0112195
0.0112195
0.0112195
0.0112195
0.0112195
0.0112195
0.0112195
0.0112195
0.0112195
0.0112195
0.0112195
0.0112195
0.0112195
0.0112195
0.0112195
0.0112195
0.0112195
0.0112195
0.0112195
0.0112195
0.0112195
0.0112195
0.0112195
0.0112195
0.0112195
0.0112195
0.0112195
0.0112195
0.0112195
0.0112195
0.0112195
0.0112195
