3.74639e+07
2.39757e+06
398280
93568.5
93568.5
13629.9
2791.54
1968.85
1968.85
237.414
237.414
237.414
237.414
237.414
237.414
116.458
116.458
116.458
38.9789
38.9789
38.9789
38.9789
28.7561
28.7561
28.7561
13.2229
9.87536
8.78844
8.78844
8.78844
8.23265
5.43351
4.15464
4.15464
4.15464
4.15464
4.15464
2.8554
2.8554
2.24297
2.11323
2.08728
1.99449
1.80164
1.77992
1.4609
1.4609
1.4609
1.4609
1.4609
1.4609
1.4609
1.4296
1.40038
1.40038
1.40038
1.3857
1.38174
1.31398
1.31398
1.30326
1.25761
1.24991
1.24991
1.18594
1.18594
1.18594
1.16677
1.14895
1.13945
1.10913
1.09979
1.08604
1.08262
1.0295
1.0295
1.01626
0.997976
0.97984
0.967656
0.952366
0.937306
0.931291
0.919209
0.899194
0.896037
0.889183
0.878925
0.866575
0.859813
0.841349
0.837586
0.829199
0.811238
0.809072
0.79401
0.78402
0.775195
0.762201
0.752556
0.745397
0.738831
0.73011
0.723024
0.71843
0.710129
0.704816
0.697852
0.689666
0.686238
0.681273
0.674806
0.669729
0.664068
0.658695
0.652211
0.648478
0.641848
0.639331
0.632958
0.629423
0.623334
0.62055
0.616561
0.61338
0.608202
0.603368
0.599712
0.596366
0.593437
0.58899
0.585618
0.584277
0.582188
0.578356
0.576872
0.574338
0.570738
0.566566
0.563303
0.557438
0.553529
0.550574
0.54395
0.541861
0.536563
0.53235
0.526053
0.523759
0.517833
0.513678
0.508192
0.503565
0.496951
0.492845
0.486765
0.483813
0.475406
0.468455
0.459485
0.453332
0.447005
0.441692
0.434586
0.431874
0.425988
0.419616
0.414308
0.414308
0.411342
0.407418
0.40293
0.401015
0.398168
0.396204
0.391741
0.389281
0.38561
0.381707
0.380045
0.377968
0.373005
0.371673
0.369809
0.366543
0.364654
0.363332
0.361619
0.359441
0.357692
0.355891
0.354716
0.353123
0.350374
0.349208
0.346108
0.344433
0.341318
0.339639
0.338512
0.337288
0.336064
0.334075
0.33341
0.331424
0.328781
0.326464
0.324551
0.320858
0.319278
0.315465
0.314143
0.311335
0.309934
0.308583
0.305177
0.302053
0.300196
0.295057
0.292917
0.29128
0.287335
0.284663
0.282277
0.277825
0.27616
0.27384
0.271386
0.269479
0.266203
0.261711
0.25977
0.258291
0.25504
0.251978
0.251008
0.249328
0.245369
0.244182
0.242289
0.240172
0.237932
0.236217
0.234852
0.23287
0.231594
0.229523
0.228476
0.226692
0.22543
0.224241
0.222617
0.221282
0.219623
0.217875
0.216302
0.21551
0.214724
0.213772
0.211548
0.210399
0.208119
0.206749
0.205081
0.203906
0.20225
0.200297
0.198521
0.19565
0.195453
0.194279
0.193231
0.191594
0.191016
0.189938
0.188572
0.187858
0.186513
0.185148
0.184202
0.183311
0.181837
0.180573
0.17993
0.178915
0.17844
0.17784
0.177079
0.176089
0.175544
0.174488
0.17423
0.173256
0.172628
0.171893
0.170831
0.169981
0.169184
0.168362
0.167525
0.167028
0.166303
0.165319
0.163827
0.163346
0.162621
0.160916
0.160299
0.159229
0.157958
0.157465
0.156532
0.155723
0.155289
0.154632
0.154014
0.153127
0.152427
0.151246
0.150903
0.150143
0.149089
0.148749
0.147579
0.147064
0.146342
0.14592
0.144904
0.144026
0.143454
0.142421
0.141608
0.140641
0.139939
0.138905
0.138021
0.13726
0.136661
0.135724
0.135172
0.134444
0.133715
0.133168
0.132676
0.132108
0.131421
0.130556
0.129979
0.12934
0.129191
0.128349
0.12783
0.126967
0.126425
0.125841
0.125093
0.124627
0.124074
0.123648
0.122785
0.122278
0.121429
0.121134
0.120156
0.119551
0.119312
0.118544
0.116466
0.116466
0.11604
0.115214
0.114444
0.114075
0.113572
0.113246
0.112999
0.112341
0.11203
0.111488
0.110648
0.110606
0.110156
0.109728
0.108834
0.108452
0.108167
0.107876
0.1071
0.106876
0.106381
0.106258
0.10577
0.105334
0.104924
0.104623
0.10353
0.103077
0.102544
0.101764
0.101514
0.100873
0.100408
0.0998065
0.0994983
0.0989564
0.0985455
0.0982294
0.0975156
0.0970115
0.096525
0.0956085
0.0954852
0.0945794
0.0937178
0.0930794
0.0921286
0.0913127
0.090859
0.0900003
0.0894833
0.0888725
0.0885409
0.0878669
0.0871139
0.0861711
0.0857187
0.0851497
0.0845068
0.0839113
0.0834077
0.0824855
0.0818928
0.0817934
0.0812636
0.0799715
0.0797746
0.0788948
0.0787265
0.0782371
0.0776372
0.0771757
0.0769362
0.0764601
0.0761931
0.0756349
0.0754468
0.0750146
0.0744543
0.0742179
0.0736684
0.0733588
0.073038
0.0727326
0.0725131
0.0722131
0.071874
0.0713655
0.0713161
0.0710676
0.0706748
0.0702904
0.0697392
0.0697392
0.0695117
0.0693929
0.0691584
0.0689623
0.0687696
0.0683443
0.0682463
0.0678464
0.0674852
0.0673249
0.066926
0.0665772
0.0662828
0.065765
0.065611
0.0650597
0.0650044
0.0648204
0.0644999
0.0643629
0.0641437
0.063917
0.0637024
0.0635134
0.063101
0.063101
0.0628216
0.0625818
0.062355
0.0621141
0.0618126
0.0616214
0.0612785
0.0611089
0.060863
0.0605942
0.0603997
0.0600905
0.0598916
0.0596185
0.0594377
0.0592864
0.0591266
0.0588533
0.0586252
0.0583311
0.0581565
0.0579468
0.057743
0.0573472
0.0572832
0.057074
0.056812
0.0566574
0.0563548
0.0561649
0.0558748
0.0557036
0.0552637
0.0549489
0.0547394
0.0544256
0.0541396
0.0540028
0.0536996
0.0535482
0.0532791
0.0531409
0.0529903
0.0528592
0.0526693
0.0523077
0.0520507
0.051907
0.0515734
0.0513904
0.0510974
0.0507214
0.0505712
0.0502661
0.0498952
0.0496428
0.0493693
0.0491928
0.0487023
0.0484571
0.0481226
0.0478243
0.0476645
0.0473136
0.0470099
0.0469341
0.0466806
0.046457
0.0461252
0.0459718
0.045764
0.0453706
0.0452122
0.0448852
0.0445635
0.0444844
0.0441469
0.0437927
0.0435421
0.0433179
0.0430924
0.0427778
0.0425818
0.0423692
0.0420045
0.0417727
0.0416881
0.0415396
0.0413678
0.041209
0.0409959
0.040794
0.0406482
0.0405225
0.0403486
0.0402355
0.0401047
0.0399735
0.0399114
0.0397929
0.0396736
0.0396383
0.039532
0.0392961
0.0392641
0.0392204
0.0390865
0.0388384
0.0387698
0.0386452
0.0385069
0.0383283
0.0381892
0.0380385
0.0379289
0.0377593
0.03762
0.0374657
0.0373143
0.0371898
0.0370641
0.036852
0.0367686
0.0365652
0.036378
0.0362723
0.0360678
0.035925
0.0357959
0.0356259
0.0354163
0.0353214
0.0351613
0.0350759
0.0349059
0.0347738
0.0346821
0.0345759
0.0344472
0.0343743
0.0342793
0.0342056
0.034055
0.0338777
0.0337285
0.0336218
0.0334869
0.0333443
0.0332208
0.0331341
0.0329634
0.0328946
0.0327847
0.0326487
0.0325877
0.0324888
0.0323771
0.0322463
0.0320992
0.0319771
0.0318744
0.0316612
0.0314768
0.031024
0.0307695
0.0303226
0.0303226
0.0301807
0.0299894
0.0298087
0.0296249
0.0294105
0.0292404
0.0290448
0.0289611
0.0287825
0.0286822
0.0285737
0.0284963
0.0284143
0.0283349
0.028219
0.0281482
0.028029
0.0279449
0.0278747
0.0277837
0.0276397
0.0275272
0.0273665
0.0273227
0.0272062
0.0271127
0.0269693
0.026831
0.0267277
0.0266497
0.0264712
0.0264684
0.0264183
0.0262985
0.0261813
0.0260842
0.0260175
0.0259161
0.0258496
0.0257509
0.02566
0.0256026
0.0254964
0.0254133
0.0253714
0.0252568
0.0251928
0.0251201
0.0250785
0.0250074
0.0249083
0.0248134
0.0247282
0.0246661
0.0245731
0.0244741
0.0243345
0.0243007
0.024162
0.0240736
0.0239466
0.023846
0.0237465
0.0235809
0.0234656
0.0232973
0.0231985
0.0230834
0.022955
0.0228597
0.0227478
0.022603
0.0224688
0.02236
0.0221512
0.0220481
0.021951
0.0217927
0.0216939
0.021551
0.0214476
0.0214062
0.0213171
0.0212004
0.0211363
0.0210427
0.0209591
0.020839
0.0208234
0.0207135
0.0206712
0.0205456
0.0205449
0.0204513
0.0203672
0.0203379
0.0202647
0.0202025
0.0201115
0.020039
0.0199501
0.0198885
0.0198055
0.0197237
0.0196335
0.0195454
0.0194238
0.0193154
0.0191466
0.0190608
0.0188965
0.0188437
0.0187288
0.0185291
0.0183559
0.0182862
0.0182124
0.0181071
0.0180147
0.017949
0.017882
0.0177515
0.017712
0.0176091
0.0175485
0.0174375
0.017371
0.0172812
0.0172194
0.0171243
0.0170915
0.0170168
0.0169493
0.0168888
0.0168392
0.0167971
0.0167355
0.0166564
0.0165708
0.0165157
0.0164826
0.0163179
0.0162743
0.016196
0.0160912
0.015997
0.0159503
0.0158276
0.0158061
0.0157275
0.0156659
0.0156376
0.0155709
0.0155349
0.0155043
0.0154449
0.0154087
0.0153477
0.0152974
0.0152381
0.0151649
0.0151204
0.015038
0.0150214
0.0149376
0.0148847
0.0148327
0.0147469
0.0146821
0.0146092
0.0145082
0.0143794
0.0143564
0.0142437
0.0141423
0.014016
0.013896
0.0138502
0.0137643
0.013651
0.013574
0.0134539
0.0133869
0.0133008
0.0132638
0.0132024
0.0130989
0.0130711
0.0129776
0.0128769
0.0128104
0.0127516
0.0126237
0.0125154
0.0124952
0.0123658
0.0122344
0.0122118
0.0121471
0.0120671
0.0120212
0.0119583
0.0118881
0.0118366
0.0117985
0.0117605
0.0116782
0.0116135
0.0115787
0.0115126
0.0114539
0.0113914
0.0113457
0.0113084
0.0112503
0.0111801
0.0111217
0.011068
0.0110342
0.0109928
0.0109527
0.0109402
0.0109211
0.0109211
0.0109211
0.0109211
0.0109211
0.0109211
0.0109211
0.0109211
0.0109211
0.0109211
0.0109211
0.0109211
0.0109211
0.0109211
0.0109211
0.0109211
0.0109211
0.0109211
0.0109211
0.0109211
0.0109211
0.0109211
0.0109211
0.0109211
0.0109211
0.0109211
0.0109211
0.0109211
0.0109211
0.0109211
0.0109211
0.0109211
0.0109211
0.0109211
0.0109211
0.0109211
0.0109211
0.0109211
0.0109211
0.0109211
0.0109211
0.0109211
0.0109211
0.0109211
0.0109211
0.0109211
0.0109211
0.0109211
0.0109211
0.0109211
0.0109211
0.0109211
0.0109211
0.0109211
0.0109211
0.0109211
0.0109211
0.0109211
0.0109211
0.0109211
0.0109211
0.0109211
0.0109211
0.0109211
0.0109211
0.0109211
0.0109211
0.0109211
0.0109211
0.0109211
0.0109211
0.0109211
0.0109211
0.0109211
0.0109211
0.0109211
0.0109211
0.0109211
0.0109211
0.0109211
0.0109211
0.0109211
0.0109211
0.0109211
0.0109211
0.0109211
0.0109211
0.0109211
0.0109211
0.0109211
0.0109211
0.0109211
0.0109211
0.0109211
0.0109211
0.0109211
0.0109211
0.0109211
0.0109211
0.0109211
0.0109211
0.0109211
0.0109211
0.0109211
0.0109211
0.0109211
0.0109211
0.0109211
0.0109211
0.0109211
0.0109211
0.0109211
0.0109211
0.0109211
0.0109211
0.0109211
0.0109211
0.0109211
0.0109211
0.0109211
0.0109211
0.0109211
0.0109211
0.0109211
0.0109211
0.0109211
0.0109211
0.0109211
0.0109211
0.0109211
0.0109211
0.0109211
0.0109211
0.0109211
0.0109211
0.0109211
0.0109211
0.0109211
0.0109211
0.0109211
0.0109211
0.0109211
0.0109211
0.0109211
0.0109211
0.0109211
0.0109211
0.0109211
0.0109211
0.0109211
0.0109211
0.0109211
0.0109211
0.0109211
0.0109211
0.0109211
0.0109211
0.0109211
0.0109211
0.0109211
0.0109211
0.0109211
0.0109211
0.0109211
0.0109211
0.0109211
0.0109211
0.0109211
0.0109211
0.0109211
0.0109211
0.0109211
0.0109211
0.0109211
0.0109211
0.0109211
0.0109211
0.0109211
0.0109211
0.0109211
0.0109211
0.0109211
0.0109211
0.0109211
0.0109211
0.0109211
0.0109211
0.0109211
0.0109211
0.0109211
0.0109211
0.0109211
0.0109211
0.0109211
0.0109211
0.0109211
0.0109211
0.0109211
0.0109211
0.0109211
0.0109211
0.0109211
0.0109211
0.0109211
0.0109211
0.0109211
0.0109211
0.0109211
0.0109211
0.0109211
0.0109211
0.0109211
0.0109211
0.0109211
0.0109211
0.0109211
0.0109211
0.0109211
0.0109211
0.0109211
0.0109211
0.0109211
0.0109211
0.0109211
0.0109211
0.0109211
0.0109211
0.0109211
0.0109211
0.0109211
0.0109211
0.0109211
0.0109211
0.0109211
0.0109211
0.0109211
0.0109211
0.0109211
0.0109211
0.0109211
0.0109211
0.0109211
0.0109211
0.0109211
0.0109211
0.0109211
0.0109211
0.0109211
0.0109211
0.0109211
0.0109211
0.0109211
0.0109211
0.0109211
0.0109211
0.0109211
0.0109211
0.0109211
0.0109211
0.0109211
0.0109211
0.0109211
0.0109211
0.0109211
0.0109211
0.0109211
0.0109211
0.0109211
0.0109211
0.0109211
0.0109211
0.0109211
0.0109211
0.0109211
0.0109211
0.0109211
0.0109211
0.0109211
0.0109211
0.0109211
0.0109211
0.0109211
0.0109211
0.0109211
0.0109211
0.0109211
0.0109211
0.0109211
0.0109211
0.0109211
0.0109211
0.0109211
0.0109211
0.0109211
0.0109211
0.0109211
0.0109211
0.0109211
0.0109211
0.0109211
0.0109211
0.0109211
0.0109211
0.0109211
0.0109211
0.0109211
0.0109211
0.0109211
0.0109211
0.0109211
0.0109211
0.0109211
0.0109211
0.0109211
0.0109211
0.0109211
0.0109211
0.0109211
0.0109211
0.0109211
0.0109211
0.0109211
0.0109211
0.0109211
0.0109211
0.0109211
0.0109211
0.0109211
0.0109211
0.0109211
0.0109211
0.0109211
0.0109211
0.0109211
0.0109211
0.0109211
0.0109211
0.0109211
0.0109211
0.0109211
0.0109211
0.0109211
0.0109211
0.0109211
0.0109211
0.0109211
0.0109211
0.0109211
0.0109211
0.0109211
0.0109211
0.0109211
0.0109211
0.0109211
0.0109211
0.0109211
0.0109211
0.0109211
0.0109211
0.0109211
0.0109211
0.0109211
0.0109211
0.0109211
0.0109211
0.0109211
0.0109211
0.0109211
0.0109211
0.0109211
0.0109211
0.0109211
0.0109211
0.0109211
0.0109211
0.0109211
0.0109211
0.0109211
0.0109211
0.0109211
0.0109211
0.0109211
0.0109211
0.0109211
0.0109211
0.0109211
0.0109211
0.0109211
0.0109211
0.0109211
0.0109211
0.0109211
0.0109211
0.0109211
0.0109211
0.0109211
0.0109211
0.0109211
0.0109211
0.0109211
0.0109211
0.0109211
0.0109211
0.0109211
0.0109211
0.0109211
0.0109211
0.0109211
0.0109211
0.0109211
0.0109211
0.0109211
0.0109211
0.0109211
0.0109211
0.0109211
0.0109211
0.0109211
0.0109211
0.0109211
0.0109211
0.0109211
0.0109211
0.0109211
0.0109211
0.0109211
0.0109211
0.0109211
0.0109211
0.0109211
0.0109211
0.0109211
0.0109211
0.0109211
0.0109211
0.0109211
0.0109211
0.0109211
0.0109211
0.0109211
0.0109211
0.0109211
0.0109211
0.0109211
0.0109211
0.0109211
0.0109211
0.0109211
0.0109211
0.0109211
0.0109211
0.0109211
0.0109211
0.0109211
0.0109211
0.0109211
0.0109211
0.0109211
0.0109211
0.0109211
0.0109211
0.0109211
0.0109211
0.0109211
0.0109211
0.0109211
0.0109211
0.0109211
0.0109211
0.0109211
0.0109211
0.0109211
0.0109211
0.0109211
0.0109211
0.0109211
0.0109211
0.0109211
0.0109211
0.0109211
0.0109211
0.0109211
0.0109211
0.0109211
0.0109211
0.0109211
0.0109211
0.0109211
0.0109211
0.0109211
0.0109211
0.0109211
0.0109211
0.0109211
0.0109211
0.0109211
0.0109211
0.0109211
0.0109211
0.0109211
0.0109211
0.0109211
0.0109211
0.0109211
0.0109211
0.0109211
0.0109211
0.0109211
0.0109211
0.0109211
0.0109211
0.0109211
0.0109211
0.0109211
0.0109211
0.0109211
0.0109211
0.0109211
0.0109211
0.0109211
0.0109211
0.0109211
0.0109211
0.0109211
0.0109211
