2.62217e+08
1.21044e+08
1.70953e+07
3.06713e+06
3.06713e+06
3.06713e+06
3.06713e+06
3.06713e+06
3.06713e+06
2.92784e+06
1.09323e+06
1.09323e+06
598636
598636
598636
402488
288670
288670
229183
139165
115136
61356.5
41381.7
23616.9
14104.9
7538.22
5464.73
5464.73
5464.73
5464.73
5464.73
5464.73
2370.12
1429.04
1429.04
1070.51
1070.51
533.713
533.713
533.713
533.713
533.713
409.721
350.204
350.204
350.204
350.204
324.853
324.853
324.853
324.853
324.853
324.853
242.295
242.295
241.614
176.514
163.489
133.294
101.726
101.726
101.726
101.726
92.6299
92.6299
92.6299
89.6187
89.6187
76.5396
66.5614
66.5614
61.5593
45.8014
38.6127
38.6127
27.534
27.534
25.5257
25.0753
25.0753
22.4955
22.4955
22.4955
22.3484
22.3484
22.3484
19.0427
18.1957
17.6848
16.9714
16.3616
16.0617
15.8498
15.8498
15.6854
15.2439
15.0304
15.0304
15.0304
14.9139
14.9139
14.9139
14.9139
14.9139
14.7084
14.6544
14.6544
14.6544
14.6544
14.6208
14.6208
14.6208
14.5728
14.5728
14.5706
14.5454
14.5261
14.5059
14.4885
14.4885
14.4885
14.484
14.4652
14.4532
14.4503
14.4473
14.4405
14.4405
14.4335
14.43
14.427
14.426
14.4227
14.4227
14.4198
14.4168
14.4122
14.4122
14.4094
14.4083
14.4056
14.402
14.4016
14.3997
14.3972
14.3957
14.3947
14.3915
14.3907
14.3883
14.3865
14.3847
14.3824
14.38
14.3786
14.3779
14.3755
14.3732
14.3708
14.3689
14.3661
14.3636
14.3591
14.3578
14.3548
14.3516
14.3486
14.3439
14.3419
14.3369
14.3339
14.331
14.3276
14.3236
14.3211
14.3179
14.314
14.3116
14.3082
14.3052
14.302
14.2996
14.2967
14.2937
14.291
14.288
14.2853
14.2832
14.2804
14.2778
14.2752
14.2718
14.269
14.266
14.2625
14.259
14.2547
14.2486
14.2462
14.2416
14.2365
14.2323
14.2254
14.2199
14.2149
14.2088
14.2026
14.1966
14.1914
14.1817
14.1789
14.1709
14.1638
14.1546
14.146
14.138
14.1296
14.1185
14.1085
14.0987
14.0872
14.0786
14.0678
14.0554
14.0459
14.0346
14.0239
14.0139
14.0037
13.991
13.9807
13.9703
13.9584
13.9425
13.9287
13.9155
13.8969
13.8842
13.8671
13.855
13.8397
13.8228
13.8124
13.7955
13.7816
13.7669
13.7565
13.7423
13.7289
13.7161
13.7049
13.6914
13.6818
13.6688
13.6536
13.6466
13.6309
13.6198
13.6111
13.599
13.5872
13.5703
13.5591
13.5448
13.5314
13.5179
13.5044
13.4895
13.4762
13.4624
13.4462
13.4327
13.4217
13.4086
13.3922
13.3769
13.3556
13.347
13.3308
13.3164
13.3021
13.2845
13.2706
13.2534
13.2384
13.2158
13.1992
13.1849
13.1654
13.1502
13.1277
13.1113
13.0926
13.0748
13.0605
13.042
13.0236
13.0059
12.9926
12.9748
12.9574
12.944
12.9252
12.9134
12.8951
12.8801
12.8654
12.845
12.8302
12.8147
12.7911
12.7736
12.7584
12.7349
12.7135
12.6961
12.6737
12.6488
12.6275
12.601
12.5747
12.5555
12.5308
12.5069
12.4868
12.4563
12.4423
12.4174
12.3867
12.36
12.3413
12.3118
12.27
12.2428
12.2178
12.1902
12.1614
12.1298
12.0941
12.0674
12.0423
12.0203
11.9947
11.977
11.9515
11.9292
11.9057
11.8871
11.8633
11.8392
11.8186
11.7999
11.7782
11.756
11.7337
11.7117
11.6911
11.6674
11.6504
11.6312
11.6077
11.5937
11.576
11.5608
11.5469
11.5286
11.5125
11.4947
11.4771
11.4595
11.4446
11.4296
11.4113
11.3943
11.3781
11.3601
11.3471
11.3299
11.3118
11.2952
11.2803
11.2619
11.2469
11.2308
11.217
11.202
11.1871
11.1696
11.155
11.1421
11.1281
11.1124
11.096
11.083
11.0691
11.0539
11.0399
11.0282
11.0144
11.0002
10.9886
10.9765
10.9634
10.9503
10.9381
10.9265
10.9125
10.9002
10.8904
10.876
10.8638
10.8516
10.8369
10.824
10.8109
10.8015
10.7867
10.7734
10.7617
10.7493
10.7368
10.7211
10.7079
10.6944
10.6792
10.6618
10.6479
10.6339
10.6204
10.6055
10.5936
10.5762
10.5581
10.5408
10.5198
10.5013
10.4758
10.4546
10.4369
10.4199
10.4027
10.3851
10.3685
10.3465
10.3248
10.3098
10.2843
10.268
10.2488
10.2304
10.2058
10.1881
10.167
10.1495
10.1283
10.1005
10.0912
10.067
10.0497
10.0288
10.0138
9.9959
9.96935
9.95379
9.9299
9.90442
9.89028
9.86688
9.84463
9.82187
9.79435
9.77507
9.75269
9.72574
9.70608
9.67935
9.6584
9.6345
9.61549
9.59349
9.56883
9.54777
9.52923
9.49985
9.48136
9.45901
9.4353
9.41428
9.38538
9.36078
9.34384
9.31921
9.29467
9.27137
9.25005
9.22752
9.20369
9.1846
9.16756
9.14632
9.1247
9.10401
9.07847
9.05844
9.04056
9.02151
9.00019
8.97764
8.95941
8.93402
8.91347
8.8968
8.87453
8.85031
8.83423
8.81292
8.79483
8.77526
8.75823
8.73579
8.71647
8.69605
8.67642
8.65391
8.63612
8.61319
8.59659
8.5775
8.56159
8.54314
8.5253
8.50963
8.49512
8.47965
8.46363
8.45069
8.43241
8.42267
8.40735
8.38982
8.37019
8.35517
8.33356
8.31849
8.30043
8.28405
8.2623
8.24647
8.22023
8.2007
8.18577
8.16746
8.14411
8.11375
8.09163
8.07556
8.0464
8.01967
7.99376
7.96391
7.93831
7.91173
7.88293
7.85871
7.83763
7.8112
7.7905
7.76795
7.7476
7.72069
7.69854
7.68111
7.66219
7.64488
7.62371
7.60446
7.58536
7.56049
7.5437
7.52245
7.50685
7.48502
7.46045
7.44235
7.42365
7.39674
7.3815
7.36396
7.34012
7.32235
7.30683
7.29091
7.26765
7.24913
7.2269
7.20771
7.18005
7.16212
7.13676
7.1084
7.08685
7.05663
7.03425
7.01029
6.97733
6.95338
6.92498
6.89319
6.86988
6.84987
6.82396
6.79388
6.77535
6.75811
6.73581
6.70479
6.68824
6.66211
6.63838
6.62055
6.59849
6.56766
6.5398
6.52526
6.4972
6.47481
6.44589
6.41606
6.39456
6.37424
6.34931
6.33635
6.31932
6.29753
6.28491
6.26732
6.24699
6.22983
6.21329
6.18813
6.1697
6.14948
6.13255
6.11231
6.09025
6.06984
6.05229
6.03385
6.013
5.99158
5.97076
5.95071
5.92968
5.91033
5.88872
5.87278
5.85098
5.83441
5.81313
5.79252
5.77603
5.75572
5.73432
5.71409
5.69124
5.67398
5.65405
5.63717
5.61938
5.59693
5.58415
5.55965
5.54067
5.52337
5.50523
5.47899
5.46524
5.44177
5.4156
5.39949
5.37839
5.35261
5.33756
5.31378
5.29451
5.27513
5.25473
5.23716
5.21902
5.20111
5.1838
5.1663
5.15032
5.13059
5.11406
5.10049
5.0837
5.06655
5.05081
5.03175
5.01789
5.00511
4.99187
4.97979
4.96485
4.95389
4.94149
4.92954
4.91914
4.90588
4.89551
4.88243
4.87352
4.86345
4.8516
4.84171
4.83189
4.82149
4.81297
4.80438
4.79312
4.78398
4.77601
4.7676
4.75719
4.74876
4.7396
4.72992
4.72253
4.71216
4.7032
4.69531
4.68586
4.67659
4.66666
4.65705
4.64719
4.63675
4.62516
4.61816
4.60852
4.59867
4.58839
4.57961
4.57168
4.56054
4.55347
4.5458
4.53697
4.52875
4.52191
4.51352
4.50776
4.49942
4.48954
4.48342
4.47568
4.46988
4.4633
4.45512
4.44823
4.44227
4.43471
4.42838
4.42332
4.4175
4.41051
4.4038
4.39822
4.39253
4.38563
4.38055
4.37498
4.36963
4.36415
4.35858
4.35313
4.34906
4.34371
4.33875
4.33408
4.32896
4.32458
4.31981
4.31517
4.3091
4.30635
4.30102
4.29778
4.29453
4.29099
4.2869
4.28305
4.27999
4.27531
4.27259
4.26947
4.26537
4.26242
4.25907
4.25557
4.25295
4.25012
4.24694
4.24459
4.24187
4.23911
4.23666
4.23407
4.23183
4.22899
4.22649
4.2242
4.22162
4.21937
4.21725
4.21467
4.21181
4.20921
4.20654
4.20389
4.2016
4.19918
4.19672
4.19445
4.19162
4.19042
4.18855
4.18662
4.18465
4.18218
4.18068
4.17882
4.17669
4.17523
4.17318
4.17169
4.16998
4.16782
4.16619
4.16418
4.16236
4.16038
4.15812
4.15638
4.15465
4.1528
4.15055
4.14883
4.14722
4.14489
4.14331
4.14194
4.14042
4.13862
4.13719
4.13564
4.13381
4.13237
4.13122
4.12967
4.12812
4.12693
4.12486
4.12326
4.12199
4.12036
4.11891
4.11745
4.1165
4.11539
4.11399
4.11297
4.11142
4.11078
4.10943
4.1087
4.10761
4.10679
4.1058
4.10494
4.10404
4.10325
4.10236
4.10129
4.10035
4.0996
4.09862
4.09772
4.09691
4.09603
4.09524
4.09424
4.09321
4.09262
4.09174
4.09097
4.08991
4.08907
4.0884
4.08754
4.08655
4.08566
4.08484
4.08414
4.08315
4.08232
4.0818
4.08104
4.08045
4.07978
4.07926
4.07867
4.07806
4.0775
4.07706
4.07632
4.07592
4.07546
4.07494
4.07435
4.07379
4.07345
4.07295
4.07245
4.07178
4.0712
4.07066
4.07006
4.06933
4.06857
4.06803
4.06736
4.06643
4.06583
4.06519
4.06449
4.06377
4.06319
4.06245
4.06195
4.06145
4.06095
4.0604
4.05996
4.05947
4.05902
4.05854
4.05813
4.05765
4.05719
4.05676
4.05623
4.05586
4.05526
4.05493
4.05433
4.054
4.05347
4.05305
4.05245
4.05211
4.05162
4.05124
4.05063
4.05029
4.04986
4.04931
4.04876
4.04822
4.04773
4.04733
4.04688
4.04633
4.04582
4.04541
4.04492
4.04423
4.04384
4.04336
4.04288
4.0424
4.04186
4.04147
4.04095
4.04043
4.04012
4.0398
4.03925
4.03883
4.03857
4.03809
4.03782
4.03752
4.03709
4.03673
4.03639
4.03605
4.03572
4.03531
4.03499
4.03472
4.0342
4.034
4.03363
4.03334
4.03304
4.03273
4.03242
4.03219
4.03187
4.03161
4.03135
4.03101
4.0308
4.03053
4.03022
4.02999
4.02974
4.02946
4.02918
4.02891
4.02862
4.02839
4.02812
4.02784
4.02763
4.02742
4.02716
4.02693
4.02666
4.02638
4.02614
4.02589
4.02562
4.02534
4.02512
4.02484
4.02464
4.02439
4.02414
4.02391
4.02373
4.02354
4.02354
4.02354
4.02354
4.02354
4.02354
4.02354
4.02354
4.02354
4.02354
4.02354
4.02354
4.02354
4.02354
4.02354
4.02354
4.02354
4.02354
4.02354
4.02354
4.02354
4.02354
4.02354
4.02354
4.02354
4.02354
4.02354
4.02354
4.02354
4.02354
4.02354
4.02354
4.02354
4.02354
4.02354
4.02354
4.02354
4.02354
4.02354
4.02354
4.02354
4.02354
4.02354
4.02354
4.02354
4.02354
4.02354
4.02354
4.02354
4.02354
4.02354
4.02354
4.02354
4.02354
4.02354
4.02354
4.02354
4.02354
4.02354
4.02354
4.02354
4.02354
4.02354
4.02354
4.02354
4.02354
4.02354
4.02354
4.02354
4.02354
4.02354
4.02354
4.02354
4.02354
4.02354
4.02354
4.02354
4.02354
4.02354
4.02354
4.02354
4.02354
4.02354
4.02354
4.02354
4.02354
4.02354
4.02354
4.02354
4.02354
4.02354
4.02354
4.02354
4.02354
4.02354
4.02354
4.02354
4.02354
4.02354
4.02354
4.02354
4.02354
4.02354
4.02354
4.02354
4.02354
4.02354
4.02354
4.02354
4.02354
4.02354
4.02354
4.02354
4.02354
4.02354
4.02354
4.02354
4.02354
4.02354
4.02354
4.02354
4.02354
4.02354
4.02354
4.02354
4.02354
4.02354
4.02354
4.02354
4.02354
4.02354
4.02354
4.02354
4.02354
4.02354
4.02354
4.02354
4.02354
4.02354
4.02354
4.02354
4.02354
4.02354
4.02354
4.02354
4.02354
4.02354
4.02354
4.02354
4.02354
4.02354
4.02354
4.02354
4.02354
4.02354
4.02354
4.02354
4.02354
4.02354
4.02354
4.02354
4.02354
4.02354
4.02354
4.02354
4.02354
4.02354
4.02354
4.02354
4.02354
4.02354
4.02354
4.02354
4.02354
4.02354
4.02354
4.02354
4.02354
4.02354
4.02354
4.02354
4.02354
4.02354
4.02354
4.02354
4.02354
4.02354
4.02354
4.02354
4.02354
4.02354
4.02354
4.02354
4.02354
4.02354
4.02354
4.02354
4.02354
4.02354
4.02354
4.02354
4.02354
4.02354
4.02354
4.02354
4.02354
4.02354
4.02354
4.02354
4.02354
4.02354
4.02354
4.02354
4.02354
4.02354
4.02354
4.02354
4.02354
4.02354
4.02354
4.02354
4.02354
4.02354
4.02354
4.02354
4.02354
4.02354
4.02354
4.02354
4.02354
4.02354
4.02354
4.02354
4.02354
4.02354
4.02354
4.02354
4.02354
4.02354
4.02354
4.02354
4.02354
4.02354
4.02354
4.02354
4.02354
4.02354
4.02354
4.02354
4.02354
4.02354
4.02354
4.02354
4.02354
4.02354
4.02354
4.02354
4.02354
4.02354
4.02354
4.02354
4.02354
4.02354
4.02354
4.02354
4.02354
4.02354
4.02354
4.02354
4.02354
4.02354
4.02354
4.02354
4.02354
4.02354
4.02354
4.02354
4.02354
4.02354
4.02354
4.02354
4.02354
4.02354
4.02354
4.02354
4.02354
4.02354
4.02354
4.02354
4.02354
4.02354
4.02354
4.02354
4.02354
4.02354
4.02354
4.02354
4.02354
4.02354
4.02354
4.02354
4.02354
4.02354
4.02354
4.02354
4.02354
4.02354
4.02354
4.02354
4.02354
4.02354
4.02354
4.02354
4.02354
4.02354
4.02354
4.02354
4.02354
4.02354
4.02354
4.02354
4.02354
4.02354
4.02354
4.02354
4.02354
4.02354
4.02354
4.02354
4.02354
4.02354
4.02354
4.02354
4.02354
4.02354
4.02354
4.02354
4.02354
4.02354
4.02354
4.02354
4.02354
4.02354
4.02354
4.02354
4.02354
4.02354
4.02354
4.02354
4.02354
4.02354
4.02354
4.02354
4.02354
4.02354
4.02354
4.02354
4.02354
4.02354
4.02354
4.02354
4.02354
4.02354
4.02354
4.02354
4.02354
4.02354
4.02354
4.02354
4.02354
4.02354
4.02354
4.02354
4.02354
4.02354
4.02354
4.02354
4.02354
4.02354
4.02354
4.02354
4.02354
4.01904
3.99756
3.97228
3.949
3.92307
3.90093
3.877
3.85289
3.82108
3.79379
3.77328
3.74822
3.72638
3.69705
3.67948
3.65534
3.62773
3.60302
3.58113
3.55438
3.52047
3.50259
3.47307
3.45144
3.4295
3.40472
3.3862
3.36859
3.34589
3.32363
3.29985
3.27652
3.25232
3.22795
3.19765
3.17011
3.14499
3.11913
3.08792
3.06207
3.03217
3.00535
2.97467
2.94385
2.91163
2.89608
2.86948
2.84247
2.8153
2.79238
2.76868
2.73958
2.71183
2.67702
2.65067
2.62458
2.58239
2.56244
2.52322
2.50012
2.46819
2.44147
2.40843
2.3787
2.35173
2.32109
2.2932
2.26697
2.23976
2.20741
2.17739
2.14545
2.11642
2.08504
2.05273
2.02061
1.98739
1.95726
1.92433
1.89344
1.85761
1.82181
1.78879
1.75291
1.72421
1.68946
1.66247
1.63226
1.60289
1.57958
1.5532
1.528
1.49952
1.48389
1.45666
1.43108
1.40708
1.38548
1.35466
1.33779
1.31011
1.28687
1.2633
1.24034
1.21713
1.19785
1.17453
1.15558
1.13223
1.11395
1.09966
1.07946
1.06229
1.04687
1.02361
1.01066
0.995855
0.980032
0.961938
0.944583
0.92697
0.912347
0.899925
0.884287
0.866911
0.856417
0.843849
0.832458
0.820408
0.804659
0.796525
0.784054
0.773972
0.763728
0.75343
0.743064
0.735176
0.724959
0.714927
0.705609
0.694873
0.686896
0.677661
0.670345
0.661015
0.653595
0.644888
0.636241
0.626344
0.619495
0.609775
0.603595
0.595271
0.588045
0.580721
0.574781
0.567558
0.560533
0.552906
0.546427
0.538595
0.53232
0.524323
0.518015
0.511142
0.503392
0.496411
0.488568
0.48268
0.47589
0.467018
0.462025
0.454167
0.448383
0.442269
0.436151
0.429531
0.422337
0.417706
0.412958
0.405351
0.399036
0.388954
0.385308
0.377053
0.371023
0.364669
0.358836
0.353365
0.346433
0.341331
0.336851
0.331557
0.326579
0.322309
0.317705
0.312162
0.308439
0.304325
0.300099
0.294622
0.29115
0.287313
0.283577
0.279282
0.275127
0.272414
0.269148
0.266257
0.262954
0.25997
0.256758
0.253458
0.251045
0.246777
0.245441
0.243043
0.240279
0.23756
0.23559
0.232634
0.230107
0.227909
0.225772
0.22315
0.221617
0.219267
0.216935
0.21505
0.212973
0.211087
0.208471
0.20576
0.204046
0.202335
0.200689
0.198886
0.196804
0.194706
0.192338
0.191107
0.189071
0.187078
0.185091
0.182641
0.180946
0.179054
0.177002
0.174708
0.172663
0.170771
0.169156
0.167011
0.165191
0.163895
0.162192
0.16042
0.158543
0.157711
0.155688
0.154261
0.15274
0.150625
0.148817
0.147788
0.146191
0.144894
0.143394
0.142195
0.140712
0.139553
0.138336
0.136528
0.135969
0.134727
0.133469
0.132146
0.130832
0.129523
0.128576
0.126962
0.12585
0.124507
0.123142
0.121965
0.120421
0.119286
0.118155
0.116609
0.115777
0.114598
0.113269
0.112404
0.111308
0.110162
0.108849
0.108109
0.107118
0.105976
0.105174
0.104263
0.103343
0.102416
0.101549
0.100714
0.0996727
0.0989556
0.0981215
0.0973263
0.096397
0.0956482
0.0950587
0.0941597
0.0935115
0.0928136
0.0921251
0.0914511
0.0908788
0.0902914
0.0894743
0.0888515
0.0881263
0.0874489
0.0868921
0.0863273
0.0856208
0.0850888
0.0845514
0.0840116
0.0833667
0.0827446
0.0820934
0.0813654
0.0809845
0.0803877
0.0798894
0.0791637
0.0786785
0.0781372
0.0773955
0.0769332
0.0763561
0.0758975
0.0753198
0.0748146
0.0743705
0.0737687
0.0733341
0.0729202
0.0723123
0.0718634
0.0713697
0.0707418
0.0703421
0.0699458
0.0695931
0.0691449
0.0686441
0.0683837
0.0680513
0.0675619
0.0671501
0.0667579
0.0662806
0.0657933
0.0651574
0.06489
0.0643414
0.0639313
0.0633982
0.063011
0.0623883
0.0621082
0.0616181
0.0611585
0.0607362
0.0603044
0.0598839
0.0593997
0.0589972
0.0586853
0.0582251
0.0578329
0.0574298
0.0570411
0.0567022
0.0562931
0.0559562
0.0556115
0.0553471
0.0549359
0.0546585
0.0543723
0.0540783
0.0538011
0.0535393
0.0532163
0.0530438
0.052786
0.0524534
0.0520917
0.0518674
0.0516046
0.0512836
0.0509841
0.0506677
0.0504009
0.0500756
0.0498381
0.0494908
0.0492033
0.0489015
0.0485981
0.0483041
0.0479975
0.0476018
0.0472582
0.0469092
0.0465974
0.0462983
0.0458933
0.0455689
0.0452726
0.0448764
0.0445791
0.0441029
0.0439237
0.0436047
0.0432302
0.0429545
0.04258
0.0422811
0.0418318
0.0415217
0.0411837
0.0409016
0.0404514
0.0402102
0.0398413
0.039581
0.0393067
0.0390082
0.0386715
0.038353
0.0380491
0.0377219
0.0374217
0.0372164
0.0369134
0.0366003
0.0363288
0.0360406
0.0357512
0.0354528
0.0352028
0.0349112
0.0346178
0.0343298
0.0339811
0.033807
0.0333382
0.0332016
0.0329561
0.0326293
0.0324078
0.0321672
0.0318944
0.0316092
0.0312964
0.0311016
0.0308516
0.0306185
0.030418
0.0301506
0.0298589
0.0296168
0.0294343
0.029165
0.028845
0.028612
0.0283357
0.0281013
0.0277449
0.0275353
0.0272419
0.0270029
0.026714
0.0263654
0.0261527
0.0257945
0.0255365
0.0252826
0.0250216
0.0248234
0.0244489
0.0242747
0.0239548
0.0237627
0.0235013
0.0232396
0.0229947
0.0226753
0.0224619
0.0221509
0.0218834
0.0216337
0.0213847
0.0210098
0.0209086
0.0205744
0.0203441
0.02013
0.0198992
0.019665
0.0194168
0.019222
0.0190093
0.0188084
0.0186032
0.0184309
0.0182197
0.0180428
0.017766
0.0176252
0.0174143
0.0172588
0.0170681
0.0168832
0.0166715
0.01651
0.0163218
0.0161604
0.0160195
0.0158388
0.0156763
0.0155338
0.0154127
0.015274
0.015142
0.014967
0.014967
0.014967
0.014967
0.014967
0.014967
0.014967
0.014967
0.014967
0.014967
0.014967
0.014967
0.014967
0.014967
0.014967
0.014967
0.014967
0.014967
0.014967
0.014967
0.014967
0.014967
0.014967
0.014967
0.014967
0.014967
0.014967
0.014967
0.014967
0.014967
0.014967
0.014967
0.014967
