2.1702e+08
6.03482e+07
2.42065e+07
7.2686e+06
6.21422e+06
6.21422e+06
6.21422e+06
4.51727e+06
3.02247e+06
3.02247e+06
1.74019e+06
582149
582149
455107
455107
455107
455107
455107
374480
226449
181621
58449
58449
32262.8
32262.8
32262.8
32262.8
32262.8
32262.8
32262.8
32262.8
23980.3
18018.2
18018.2
18018.2
5299.22
2488.26
2488.26
2488.26
2488.26
2488.26
1460.1
1220.24
527.471
527.471
527.471
527.471
527.471
518.517
518.517
518.517
518.517
518.517
255.649
255.649
255.649
255.649
255.649
255.649
255.649
255.649
255.649
255.649
255.649
255.649
255.649
255.649
213.503
207.883
193.687
157.454
157.454
157.454
150.605
134.032
134.032
130.542
130.542
129.313
129.313
123.949
118.927
110.043
106.858
105.472
105.472
105.466
105.466
104.318
100.915
100.915
100.915
99.9829
99.6784
99.1143
98.7912
98.2141
98.2141
98.2141
98.2141
98.2141
98.2141
98.2141
98.0311
97.2557
96.8927
96.8927
96.8927
96.2777
96.2777
95.6403
95.2089
95.1733
95.1733
94.9282
94.8379
94.5975
94.4386
94.4386
94.4201
94.301
94.0189
93.9458
93.9458
93.8799
93.8799
93.8071
93.6764
93.6764
93.4087
93.4087
93.3223
93.2487
93.1253
93.0425
92.9579
92.8801
92.7303
92.6426
92.6084
92.5336
92.4903
92.4499
92.3725
92.3444
92.305
92.27
92.2081
92.1596
92.1094
92.051
92.018
91.987
91.9526
91.9106
91.8763
91.8572
91.828
91.8056
91.7765
91.7524
91.7311
91.7038
91.6813
91.6596
91.6246
91.6128
91.5851
91.5631
91.5391
91.5176
91.4932
91.4713
91.4399
91.4169
91.3956
91.3712
91.3446
91.3218
91.2978
91.2711
91.244
91.2185
91.2011
91.1766
91.1545
91.1292
91.0966
91.0824
91.0497
91.0347
91.0098
90.9794
90.9585
90.9266
90.8995
90.8734
90.83
90.8052
90.7804
90.7516
90.7286
90.701
90.6735
90.6431
90.6104
90.5846
90.5652
90.5234
90.5026
90.4519
90.4265
90.3914
90.355
90.3233
90.2817
90.2483
90.2131
90.1751
90.1344
90.1
90.0467
90.0235
89.98
89.9451
89.9051
89.8698
89.8282
89.7951
89.7598
89.7276
89.695
89.6603
89.624
89.5926
89.5583
89.5214
89.4853
89.4567
89.4161
89.3845
89.3401
89.2997
89.2614
89.2249
89.1927
89.1496
89.1079
89.0858
89.0423
89.0113
88.9729
88.9309
88.8971
88.8644
88.8327
88.7866
88.7644
88.7203
88.6903
88.6489
88.6154
88.5859
88.5398
88.5055
88.4746
88.4367
88.3978
88.3602
88.3215
88.2835
88.2454
88.2028
88.1545
88.1323
88.0916
88.0548
88.0231
87.9943
87.96
87.923
87.89
87.8554
87.8343
87.8043
87.7757
87.7483
87.7151
87.6862
87.6609
87.6331
87.5994
87.5686
87.5353
87.5023
87.4741
87.4373
87.4128
87.3624
87.3473
87.314
87.2769
87.2564
87.2234
87.1963
87.1652
87.1363
87.1108
87.0865
87.0612
87.0408
87.015
86.989
86.9699
86.9466
86.9213
86.8997
86.8685
86.8543
86.8282
86.8073
86.7818
86.7575
86.7393
86.714
86.6892
86.6652
86.6447
86.6227
86.5951
86.5688
86.5418
86.5182
86.4817
86.4633
86.4432
86.4166
86.3919
86.3664
86.3398
86.3093
86.2787
86.2482
86.207
86.1755
86.1401
86.1004
86.0651
86.029
86.0051
85.9747
85.9374
85.9055
85.8764
85.8397
85.8096
85.777
85.7442
85.7253
85.6942
85.6709
85.6437
85.6182
85.5884
85.5639
85.5362
85.51
85.4841
85.4502
85.4267
85.395
85.3748
85.3474
85.3224
85.2907
85.2622
85.2324
85.2117
85.1695
85.1411
85.1102
85.0547
85.027
84.996
84.957
84.916
84.8817
84.8465
84.8131
84.7701
84.731
84.6898
84.6486
84.5906
84.5376
84.5167
84.4692
84.4154
84.3652
84.2867
84.2442
84.1868
84.1201
84.0498
83.9961
83.9428
83.8741
83.8255
83.7392
83.6888
83.6218
83.5492
83.4849
83.4249
83.3565
83.2901
83.2257
83.1454
83.0862
83.0184
82.9462
82.8829
82.8288
82.7671
82.6956
82.6419
82.5853
82.5164
82.4613
82.4093
82.3574
82.2891
82.2299
82.1838
82.1161
82.063
82.0147
81.9502
81.8933
81.8346
81.7522
81.6953
81.6014
81.5194
81.4054
81.3301
81.2097
81.1234
81.0395
80.9434
80.8549
80.7712
80.6723
80.5894
80.466
80.3954
80.3243
80.2306
80.1425
80.0126
79.8845
79.8142
79.6696
79.5666
79.4436
79.334
79.2051
79.093
78.9141
78.8431
78.723
78.6183
78.4687
78.379
78.2609
78.1188
78.0023
77.9097
77.7763
77.6628
77.5389
77.4097
77.2573
77.1036
76.9515
76.7504
76.6736
76.4927
76.3515
76.164
76.0249
75.8777
75.7416
75.5713
75.349
75.2782
75.1477
74.9893
74.8587
74.6548
74.5269
74.3538
74.1918
74.0329
73.8026
73.7138
73.5232
73.3567
73.1641
73.011
72.8152
72.6617
72.4457
72.2753
72.0498
71.8129
71.6093
71.4226
71.1558
70.9921
70.8181
70.5729
70.3684
70.1708
69.9709
69.7034
69.5536
69.3121
69.0915
68.8587
68.6078
68.3611
68.1174
67.7412
67.5354
67.0936
66.8544
66.4308
66.1216
65.6447
65.2636
64.7828
64.2128
63.5699
62.6354
62.0099
60.9384
59.9701
58.5147
57.4995
56.081
54.3899
52.6807
49.9633
47.9433
45.3802
41.891
38.957
35.7308
30.978
27.364
23.1514
17.4881
12.5873
9.06651
7.67851
7.44497
7.44497
7.44497
7.44497
7.20824
7.20824
7.20824
7.15846
7.11394
7.07998
6.99119
6.97456
6.95352
6.92886
6.92886
6.87175
6.87175
6.81288
6.81288
6.7769
6.77034
6.77034
6.73844
6.72246
6.69956
6.68957
6.6644
6.6644
6.64639
6.63959
6.6202
6.60649
6.59206
6.57821
6.56536
6.5564
6.54432
6.52481
6.50282
6.484
6.45824
6.43774
6.4203
6.39773
6.37647
6.35332
6.32423
6.3043
6.27486
6.25354
6.23065
6.21028
6.17579
6.15928
6.1366
6.108
6.08437
6.06857
6.04997
6.02152
6.00551
5.98962
5.9592
5.93943
5.91789
5.89012
5.85357
5.82362
5.78955
5.75718
5.71973
5.69407
5.65913
5.6226
5.59561
5.5505
5.529
5.49952
5.46835
5.43729
5.41219
5.38277
5.35674
5.32884
5.30753
5.2816
5.25213
5.22874
5.19691
5.17094
5.14623
5.11925
5.08102
5.05694
5.03254
4.99799
4.9684
4.92658
4.9033
4.86149
4.83383
4.80411
4.77442
4.74806
4.71828
4.68438
4.65453
4.62398
4.59402
4.56792
4.54069
4.50916
4.4817
4.44939
4.41341
4.38398
4.35137
4.31895
4.28369
4.25218
4.21766
4.18738
4.15301
4.12035
4.08403
4.06009
4.02923
3.99499
3.97222
3.93763
3.90217
3.86072
3.83452
3.80301
3.7646
3.73225
3.69424
3.66399
3.63088
3.59771
3.55921
3.52825
3.50025
3.46672
3.43019
3.40359
3.37018
3.33447
3.30906
3.2762
3.24801
3.2117
3.16034
3.13342
3.08972
3.05408
3.02096
2.97698
2.93606
2.9012
2.8561
2.82355
2.7831
2.74199
2.71233
2.68116
2.64404
2.60674
2.56338
2.51618
2.49445
2.44998
2.41717
2.38589
2.35424
2.31879
2.2822
2.24524
2.21422
2.17785
2.14439
2.11129
2.06986
2.03929
2.00558
1.97711
1.94927
1.91622
1.88091
1.85541
1.82811
1.79825
1.7744
1.73955
1.72074
1.68993
1.67013
1.64753
1.62196
1.60198
1.5816
1.55546
1.53832
1.5184
1.50091
1.48161
1.46368
1.44631
1.42734
1.41189
1.39325
1.38225
1.36395
1.34643
1.33071
1.31141
1.29421
1.28028
1.26354
1.24913
1.22864
1.2137
1.20091
1.18707
1.17142
1.15594
1.14294
1.13124
1.11737
1.10681
1.092
1.07606
1.06293
1.05384
1.04087
1.02981
1.01475
1.00322
0.992292
0.979172
0.968052
0.958562
0.948469
0.937855
0.926198
0.916958
0.905311
0.897743
0.88903
0.880078
0.870935
0.86411
0.851997
0.84387
0.836747
0.827367
0.819738
0.813205
0.805829
0.79686
0.789686
0.781266
0.7749
0.765355
0.759329
0.751896
0.743101
0.73502
0.727987
0.719996
0.711771
0.703507
0.696546
0.686735
0.680251
0.674595
0.666765
0.659525
0.653572
0.646467
0.639547
0.634333
0.628903
0.619464
0.616846
0.60866
0.605322
0.600196
0.594887
0.589361
0.585885
0.580976
0.575453
0.571867
0.566763
0.561363
0.556804
0.551278
0.548234
0.542135
0.538515
0.53406
0.529438
0.523926
0.519603
0.514337
0.507343
0.502602
0.496575
0.489984
0.484
0.477125
0.4693
0.462892
0.45569
0.449586
0.440546
0.434929
0.427628
0.41987
0.414575
0.407084
0.401255
0.394591
0.38597
0.381713
0.375534
0.368106
0.360954
0.356414
0.351494
0.344271
0.339097
0.333555
0.32862
0.324153
0.317857
0.313336
0.307495
0.304792
0.299587
0.295631
0.290497
0.28615
0.280509
0.277657
0.27426
0.270837
0.267982
0.264723
0.259906
0.257952
0.25476
0.2518
0.248827
0.246474
0.244159
0.241524
0.239082
0.236839
0.234744
0.232538
0.230147
0.227969
0.225197
0.223365
0.221525
0.218415
0.217439
0.215047
0.213025
0.211441
0.209709
0.207984
0.206091
0.204652
0.202974
0.201367
0.199599
0.198594
0.19704
0.195926
0.194462
0.193045
0.192035
0.190656
0.189475
0.188129
0.186721
0.185511
0.184017
0.182562
0.181462
0.179995
0.178744
0.177516
0.176256
0.175185
0.173189
0.172516
0.171332
0.169826
0.168241
0.167117
0.165805
0.164666
0.16346
0.16227
0.160992
0.159982
0.158598
0.157602
0.156421
0.155382
0.154436
0.153111
0.151847
0.150492
0.149207
0.147686
0.14641
0.145029
0.143664
0.142448
0.141356
0.140029
0.138901
0.137872
0.136634
0.135238
0.134208
0.13267
0.131332
0.129798
0.128519
0.12712
0.12566
0.124835
0.123725
0.122651
0.121188
0.120602
0.11909
0.118404
0.117419
0.116494
0.115453
0.114695
0.113681
0.112704
0.111797
0.111132
0.110186
0.109057
0.108272
0.107319
0.106235
0.105538
0.104341
0.103375
0.102509
0.101554
0.100068
0.0997238
0.0986321
0.0974236
0.096614
0.0955985
0.0946148
0.0935015
0.0925664
0.09117
0.0903974
0.0891254
0.0882866
0.0874627
0.0863699
0.0855308
0.0846223
0.0837998
0.0829118
0.0820095
0.0813065
0.0806454
0.0798234
0.0787529
0.0780668
0.0775131
0.076555
0.0759069
0.0751603
0.0741614
0.0735164
0.0727709
0.0718743
0.0712266
0.0705068
0.0699517
0.0692986
0.0685327
0.0677503
0.0671321
0.0666266
0.0662441
0.0654166
0.0649324
0.0643497
0.0638853
0.0633025
0.0627597
0.0620768
0.0615294
0.0609301
0.0603331
0.0597762
0.0591095
0.0587241
0.0580534
0.0576593
0.0571041
0.0565614
0.0559691
0.0554223
0.0551507
0.0546485
0.0541342
0.0538011
0.0534223
0.0528891
0.0526388
0.0522617
0.0517121
0.0514016
0.050946
0.0507413
0.0503427
0.0500076
0.0495276
0.0493318
0.049019
0.0486526
0.0482843
0.0479512
0.0477559
0.0475139
0.0472156
0.0469473
0.0466748
0.0464355
0.0461962
0.0459939
0.0457625
0.045492
0.0453297
0.0450204
0.0448699
0.0446309
0.0443703
0.0441
0.0438041
0.0435948
0.0432988
0.0430681
0.0427664
0.0424987
0.0421537
0.0419293
0.0415809
0.0413458
0.041104
0.0408289
0.0405477
0.0402961
0.0400232
0.0398307
0.039423
0.0392289
0.0389549
0.038713
0.0384912
0.03822
0.0379775
0.0377719
0.0375408
0.0372441
0.0370419
0.0368448
0.0366117
0.0363861
0.0360574
0.0358352
0.0356594
0.0353872
0.0352283
0.0349363
0.0347322
0.0344934
0.0342783
0.0340933
0.0338567
0.0336425
0.0334473
0.0332615
0.0332615
0.0332615
0.0332615
0.0332615
0.0332615
0.0332615
0.0332615
0.0332615
0.0332615
0.0332615
0.0332615
0.0332615
0.0332615
0.0332615
0.0332615
0.0332615
0.0332615
0.0332615
0.0332615
0.0332615
0.0332615
0.0332615
0.0332615
0.0332615
0.0332615
0.0332615
0.0332615
0.0332615
0.0332615
0.0332615
0.0332615
0.0332615
0.0332615
0.0332615
0.0332615
0.0332615
0.0332615
0.0332615
0.0332615
0.0332615
0.0332615
0.0332615
0.0332615
0.0332615
0.0332615
0.0332615
0.0332615
0.0332615
0.0332615
0.0332615
0.0332615
0.0332615
0.0332615
0.0332615
0.0332615
0.0332615
0.0332615
0.0332615
0.0332615
0.0332615
0.0332615
0.0332615
0.0332615
0.0332615
0.0332615
0.0332615
0.0332615
0.0332615
0.0332615
0.0332615
0.0332615
0.0332615
0.0332615
0.0332615
0.0332615
0.0332615
0.0332615
0.0332615
0.0332615
0.0332615
0.0332615
0.0332615
0.0332615
0.0332615
0.0332615
0.0332615
0.0332615
0.0332615
0.0332615
0.0332615
0.0332615
0.0332615
0.0332615
0.0332615
0.0332615
0.0332615
0.0332615
0.0332615
0.0332615
0.0332615
0.0332615
0.0332615
0.0332615
0.0332615
0.0332615
0.0332615
0.0332615
0.0332615
0.0332615
0.0332615
0.0332615
0.0332615
0.0332615
0.0332615
0.0332615
0.0332615
0.0332615
0.0332615
0.0332615
0.0332615
0.0332615
0.0332615
0.0332615
0.0332615
0.0332615
0.0332615
0.0332615
0.0332615
0.0332615
0.0332615
0.0332615
0.0332615
0.0332615
0.0332615
0.0332615
0.0332615
0.0332615
0.0332615
0.0332615
0.0332615
0.0332615
0.0332615
0.0332615
0.0332615
0.0332615
0.0332615
0.0332615
0.0332615
0.0332615
0.0332615
0.0332615
0.0332615
0.0332615
0.0332615
0.0332615
0.0332615
0.0332615
0.0332615
0.0332615
0.0332615
0.0332615
0.0332615
0.0332615
0.0332615
0.0332615
0.0332615
0.0332615
0.0332615
0.0332615
0.0332615
0.0332615
0.0332615
0.0332615
0.0332615
0.0332615
0.0332615
0.0332615
0.0332615
0.0332615
0.0332615
0.0332615
0.0332615
0.0332615
0.0332615
0.0332615
0.0332615
0.0332615
0.0332615
0.0332615
0.0332615
0.0332615
0.0332615
0.0332615
0.0332615
0.0332615
0.0332615
0.0332615
0.0332615
0.0332615
0.0332615
0.0332615
0.0332615
0.0332615
0.0332615
0.0332615
0.0332615
0.0332615
0.0332615
0.0332615
0.0332615
0.0332615
0.0332615
0.0332615
0.0332615
0.0332615
0.0332615
0.0332615
0.0332615
0.0332615
0.0332615
0.0332615
0.0332615
0.0332615
0.0332615
0.0332615
0.0332615
0.0332615
0.0332615
0.0332615
0.0332615
0.0332615
0.0332615
0.0332615
0.0332615
0.0332615
0.0332615
0.0332615
0.0332615
0.0332615
0.0332615
0.0332615
0.0332615
0.0332615
0.0332615
0.0332615
0.0332615
0.0332615
0.0332615
0.0332615
0.0332615
0.0332615
0.0332615
0.0332615
0.0332615
0.0332615
0.0332615
0.0332615
0.0332615
0.0332615
0.0332615
0.0332615
0.0332615
0.0332615
0.0332615
0.0332615
0.0332615
0.0332615
0.0332615
0.0332615
0.0332615
0.0332615
0.0332615
0.0332615
0.0332615
0.0332615
0.0332615
0.0332615
0.0332615
0.0332615
0.0332615
0.0332615
0.0332615
0.0332615
0.0332615
0.0332615
0.0332615
0.0332615
0.0332615
0.0332615
0.0332615
0.0332615
0.0332615
0.0332615
0.0332615
0.0332615
0.0332615
0.0332615
0.0332615
0.0332615
0.0332615
0.0332615
0.0332615
0.0332615
0.0332615
0.0332615
0.0332615
0.0332615
0.0332615
0.0332615
0.0332615
0.0332615
0.0332615
0.0332615
0.0332615
0.0332615
0.0332615
0.0332615
0.0332615
0.0332615
0.0332615
0.0332615
0.0332615
0.0332615
0.0332615
0.0332615
0.0332615
0.0332615
0.0332615
0.0332615
0.0332615
0.0332615
0.0332615
0.0332615
0.0332615
0.0332615
0.0332615
0.0332615
0.0332615
0.0332615
0.0332615
0.0332615
0.0332615
0.0332615
0.0332615
0.0332615
0.0332615
0.0332615
0.0332615
0.0332615
0.0332615
0.0332615
0.0332615
0.0332615
0.0332615
0.0332615
0.0332615
0.0332615
0.0332615
0.0332615
0.0332615
0.0332615
0.0332615
0.0332615
0.0332615
0.0332615
0.0332615
0.0332615
0.0332615
0.0332615
0.0332615
0.0332615
0.0332615
0.0332615
0.0332615
0.0332615
0.0332615
0.0332615
0.0332615
0.0332615
0.0332615
0.0332615
0.0332615
0.0332615
0.0332615
0.0332615
0.0332615
0.0332615
0.0332615
0.0332615
0.0332615
0.0332615
0.0332615
0.0332615
0.0332615
0.0332615
0.0332615
0.0332615
0.0332615
0.0332615
0.0332615
0.0332615
0.0332615
0.0332615
0.0332615
0.0332615
0.0332615
0.0332615
0.0332615
0.0332615
0.0332615
0.0332615
0.0332615
0.0332615
0.0332615
0.0332615
0.0332615
0.0332615
0.0332615
0.0332615
0.0332615
0.0332615
0.0332615
0.0332615
0.0332615
0.0332615
0.0332615
0.0332615
0.0332615
0.0332615
0.0332615
0.0332615
0.0332615
0.0332615
0.0332615
0.0332615
0.0332615
0.0332615
0.0332615
0.0332615
0.0332615
0.0332615
0.0332615
0.0332615
0.0332615
0.0332615
0.0332615
0.0332615
0.0332615
0.0332615
0.0332615
0.0332615
0.0332615
0.0332615
0.0332615
0.0332615
0.0332615
0.0332615
0.0332615
0.0332615
0.0332615
0.0332615
0.0332615
0.0332615
0.0332615
0.0332615
0.0332615
0.0332615
0.0332615
0.0332615
0.0332615
0.0332615
0.0332615
0.0332615
0.0332615
0.0332615
0.0332615
0.0332615
0.0332615
0.0332615
0.0332615
0.0332615
0.0332615
0.0332615
0.0332615
0.0332615
0.0332615
0.0332615
0.0332615
0.0332615
0.0332615
0.0332615
0.0332615
0.0332615
0.0332615
0.0332615
0.0332615
0.0332615
0.0332615
0.0332615
0.0332615
0.0332615
0.0332615
0.0332615
0.0332615
0.0332615
0.0332615
0.0332615
0.0332615
0.0332615
0.0332615
0.0332615
0.0332615
0.0332615
0.0332615
0.0332615
0.0332615
0.0332615
0.0332615
0.0332615
0.0332615
0.0332615
0.0332615
0.0332615
0.0332615
0.0332615
0.0332615
0.0332615
0.0332615
0.0332615
0.0332615
0.0332615
0.0332615
0.0332615
0.0332615
0.0332615
0.0332615
0.0332615
0.0332615
0.0332615
0.0332615
0.0332615
0.0332615
0.0332615
0.0332615
0.0332615
0.0332615
0.0332615
0.0332615
0.0332615
0.0332615
0.0332615
0.0332615
0.0332615
0.0332615
0.0332615
0.0332615
0.0332615
0.0332615
0.0332615
0.0332615
0.0332615
0.0332615
0.0332615
0.0332615
0.0332615
0.0332615
0.0332615
0.0332615
0.0332615
0.0332615
0.0332615
0.0332615
0.0332615
0.0332615
0.0332615
0.0332615
0.0332615
0.0332615
0.0332615
0.0332615
0.0332615
0.0332615
0.0332615
0.0332615
0.0332615
0.0332615
0.0332615
0.0332615
0.0332615
0.0332615
0.0332615
0.0332615
0.0332615
0.0332615
0.0332615
0.0332615
0.0332615
0.0332615
0.0332615
0.0332615
0.0332615
0.0332615
0.0332615
0.0332615
0.0332615
0.0332615
0.0332615
0.0332615
0.0332615
0.0332615
0.0332615
0.0332615
0.0332615
0.0332615
0.0332615
0.0332615
0.0332615
0.0332615
0.0332615
0.0332615
0.0332615
0.0332615
0.0332615
0.0332615
0.0332615
0.0332615
0.0332615
0.0332615
0.0332615
0.0332615
0.0332615
0.0332615
0.0332615
0.0332615
0.0332615
0.0332615
0.0332615
0.0332615
0.0332615
0.0332615
0.0332615
0.0332615
0.0332615
0.0332615
0.0332615
0.0332615
0.0332615
0.0332615
0.0332615
0.0332615
0.0332615
0.0332615
0.0332615
0.0332615
0.0332615
0.0332615
0.0332615
0.0332615
0.0332615
0.0332615
0.0332615
0.0332615
0.0332615
0.0332615
0.0332615
0.0332615
0.0332615
0.0332615
0.0332615
0.0332615
0.0332615
0.0332615
0.0332615
0.0332615
0.0332615
0.0332615
0.0332615
0.0332615
0.0332615
0.0332615
0.0332615
0.0332615
0.0332615
0.0332615
0.0332615
0.0332615
0.0332615
0.0332615
0.0332615
0.0332615
0.0332615
0.0332615
0.0332615
0.0332615
0.0332615
0.0332615
0.0332615
0.0332615
0.0332615
0.0332615
0.0332615
0.0332615
0.0332615
0.0332615
0.0332615
0.0332615
0.0332615
0.0332615
0.0332615
0.0332615
0.0332615
0.0332615
0.0332615
0.0332615
0.0332615
0.0332615
0.0332615
0.0332615
0.0332615
0.0332615
0.0332615
0.0332615
0.0332615
0.0332615
0.0332615
0.0332615
0.0332615
0.0332615
0.0332615
0.0332615
0.0332615
0.0332615
0.0332615
0.0332615
0.0332615
0.0332615
0.0332615
0.0332615
0.0332615
0.0332615
0.0332615
0.0332615
0.0332615
0.0332615
0.0332615
0.0332615
0.0332615
0.0332615
0.0332615
0.0332615
0.0332615
0.0332615
0.0332615
0.0332615
0.0332615
0.0332615
0.0332615
0.0332615
0.0332615
0.0332615
0.0332615
0.0332615
0.0332615
0.0332615
0.0332615
0.0332615
0.0332615
0.0332615
0.0332615
0.0332615
0.0332615
0.0332615
0.0332615
0.0332615
0.0332615
0.0332615
0.0332615
0.0332615
0.0332615
0.0332615
0.0332615
0.0332615
0.0332615
0.0332615
0.0332615
0.0332615
0.0332615
0.0332615
0.0332615
0.0332615
0.0332615
0.0332615
0.0332615
0.0332615
0.0332615
0.0332615
0.0332615
0.0332615
0.0332615
0.0332615
0.0332615
0.0332615
0.0332615
0.0332615
0.0332615
0.0332615
0.0332615
0.0332615
0.0332615
0.0332615
0.0332615
0.0332615
0.0332615
0.0332615
0.0332615
0.0332615
0.0332615
0.0332615
0.0332615
0.0332615
0.0332615
0.0332615
0.0332615
0.0332615
0.0332615
0.0332615
0.0332615
0.0332615
0.0332615
0.0332615
0.0332615
0.0332615
0.0332615
0.0332615
0.0332615
0.0332615
0.0332615
0.0332615
0.0332615
0.0332615
0.0332615
0.0332615
0.0332615
0.0332615
0.0332615
0.0332615
0.0332615
0.0332615
0.0332615
0.0332615
0.0332615
0.0332615
0.0332615
0.0332615
0.0332615
0.0332615
0.0332615
0.0332615
0.0332615
0.0332615
0.0332615
0.0332615
0.0332615
0.0332615
0.0332615
0.0332615
0.0332615
0.0332615
0.0332615
0.0332615
0.0332615
0.0332615
0.0332615
0.0332615
0.0332615
0.0332615
0.0332615
0.0332615
0.0332615
0.0332615
0.0332615
0.0332615
0.0332615
0.0332615
0.0332615
0.0332615
