3.39027e+08
1.01318e+08
2.16982e+07
2.11956e+06
1.30397e+06
1.30397e+06
1.28696e+06
1.28696e+06
643053
643053
643053
425238
237205
185699
143202
143202
119516
48316.4
29115.3
27176
27176
27176
21493.6
8077.44
8077.44
7121.21
6341.1
5355.53
999.077
999.077
999.077
999.077
999.077
999.077
999.077
728.246
728.246
649.575
464.345
330.177
221.405
182.47
182.47
150.144
77.8432
66.1216
66.1216
47.0904
47.0904
47.0904
47.0904
36.8943
36.8943
36.8943
36.8943
36.8943
23.7624
23.7624
23.7624
23.7624
23.7624
21.9446
21.9446
21.9446
21.9446
21.9446
21.9446
20.8655
20.8655
20.8655
18.5757
17.0132
16.7127
16.7127
16.3352
15.0856
14.4487
14.4487
14.4487
14.4487
14.4487
14.4487
14.206
14.1445
14.1445
14.0696
13.8611
13.7989
13.4293
13.3816
13.3816
13.2041
13.1344
13.0122
12.9547
12.8512
12.8509
12.7811
12.7811
12.7811
12.7566
12.7324
12.6844
12.626
12.5637
12.4762
12.4251
12.3811
12.3603
12.334
12.2896
12.2661
12.261
12.2264
12.2056
12.1881
12.16
12.1578
12.1371
12.1299
12.1201
12.1015
12.073
12.0557
12.0459
12.033
12.014
11.9894
11.98
11.9594
11.9421
11.9202
11.9037
11.8824
11.8574
11.8395
11.8159
11.7976
11.7587
11.7502
11.7288
11.6917
11.6759
11.6515
11.6311
11.613
11.5907
11.577
11.5581
11.5394
11.5223
11.5068
11.4874
11.4711
11.4545
11.4372
11.417
11.4009
11.3767
11.3572
11.3246
11.3111
11.2919
11.2693
11.2483
11.2204
11.2012
11.1745
11.1481
11.1314
11.1006
11.0754
11.0441
11.0268
11.0027
10.9792
10.9579
10.9204
10.9096
10.878
10.8551
10.8313
10.8029
10.7843
10.7544
10.7238
10.6986
10.6688
10.6566
10.6241
10.6097
10.5824
10.5642
10.5392
10.5212
10.4941
10.4745
10.4567
10.44
10.4195
10.3924
10.3785
10.358
10.3427
10.3256
10.3037
10.2864
10.2713
10.2517
10.2348
10.2219
10.1952
10.1787
10.1622
10.1518
10.1305
10.115
10.1045
10.0931
10.0755
10.0662
10.0532
10.0452
10.0333
10.022
10.0147
10.0048
9.99586
9.98999
9.97782
9.96594
9.95391
9.94623
9.9351
9.92735
9.91138
9.90264
9.89408
9.8816
9.87158
9.86239
9.85195
9.84062
9.83076
9.81702
9.80514
9.79534
9.78294
9.7725
9.76257
9.74653
9.7343
9.72349
9.71142
9.70026
9.68835
9.67692
9.66383
9.65016
9.63454
9.62457
9.60904
9.59405
9.58598
9.57529
9.56409
9.55079
9.54084
9.52764
9.51592
9.50573
9.49311
9.4861
9.47202
9.46029
9.44494
9.43496
9.41349
9.40401
9.38823
9.36844
9.35881
9.33568
9.3088
9.29067
9.2709
9.26
9.24434
9.2291
9.21377
9.19698
9.17714
9.15864
9.14602
9.12463
9.10776
9.08757
9.06763
9.05222
9.03825
9.02302
9.00648
8.98713
8.97366
8.95867
8.94293
8.92401
8.90865
8.89753
8.88286
8.86563
8.85053
8.8298
8.81993
8.801
8.78706
8.77392
8.76019
8.7455
8.7339
8.71824
8.7049
8.69117
8.67939
8.67085
8.65917
8.64938
8.63566
8.62205
8.61331
8.60072
8.58897
8.57182
8.55619
8.54536
8.53099
8.51691
8.50439
8.48378
8.46777
8.44897
8.43263
8.41023
8.39897
8.36871
8.36573
8.34718
8.33552
8.32019
8.2999
8.28697
8.27517
8.25471
8.24416
8.23123
8.21014
8.19044
8.17885
8.16104
8.14305
8.11551
8.10434
8.08754
8.07126
8.05416
8.03338
8.01624
7.99668
7.98483
7.96442
7.94724
7.9253
7.90657
7.88912
7.8659
7.84953
7.82075
7.81518
7.79585
7.77848
7.76163
7.74239
7.70762
7.70288
7.68397
7.66497
7.64554
7.62154
7.59789
7.58702
7.5708
7.54761
7.53018
7.50877
7.48291
7.45101
7.43899
7.41979
7.39049
7.36779
7.34932
7.32004
7.29948
7.275
7.2639
7.24426
7.2221
7.20117
7.17665
7.16579
7.14672
7.12768
7.11221
7.09542
7.07677
7.05158
7.02183
7.00643
6.98519
6.96152
6.93615
6.90785
6.891
6.86362
6.84776
6.8248
6.805
6.78041
6.76232
6.74346
6.72042
6.70636
6.68804
6.66562
6.65229
6.63661
6.62659
6.61128
6.60072
6.5872
6.57259
6.56086
6.54073
6.53522
6.51854
6.50701
6.49429
6.48008
6.46953
6.45231
6.44274
6.42541
6.41146
6.39607
6.37176
6.35724
6.33741
6.3122
6.29727
6.2788
6.25695
6.23762
6.21989
6.19321
6.17086
6.15869
6.1391
6.12141
6.09805
6.08061
6.06339
6.03917
6.02117
6.00046
5.98214
5.95948
5.9352
5.91868
5.89803
5.87501
5.84661
5.82363
5.81343
5.79569
5.7781
5.75491
5.74537
5.73013
5.71573
5.70359
5.68795
5.67439
5.65638
5.6387
5.6263
5.60527
5.58508
5.56859
5.54704
5.53421
5.51643
5.49565
5.48419
5.4704
5.44789
5.43511
5.41978
5.40073
5.37765
5.35849
5.34083
5.32278
5.30259
5.2803
5.27166
5.25141
5.22954
5.21823
5.2024
5.18427
5.16738
5.15481
5.1386
5.12311
5.10521
5.09249
5.07657
5.05843
5.039
5.02256
5.00399
4.98475
4.96876
4.95157
4.92822
4.91855
4.90214
4.88241
4.86479
4.85455
4.83982
4.826
4.81205
4.79757
4.77989
4.76392
4.7448
4.72058
4.71104
4.68928
4.67014
4.64622
4.62842
4.60667
4.58877
4.57321
4.55045
4.53625
4.51439
4.48919
4.47855
4.45534
4.43454
4.40892
4.3914
4.37102
4.35608
4.33232
4.31355
4.29627
4.28106
4.26039
4.24594
4.21801
4.21373
4.19208
4.17036
4.15803
4.13541
4.12345
4.10082
4.08517
4.06642
4.05215
4.02753
4.00858
3.98727
3.96552
3.94697
3.9273
3.90976
3.8891
3.87265
3.84863
3.83489
3.81592
3.79716
3.77949
3.76049
3.74432
3.72669
3.70979
3.69469
3.68129
3.65985
3.65014
3.62386
3.60913
3.59441
3.57627
3.56592
3.54581
3.53217
3.51452
3.50019
3.48644
3.46729
3.44362
3.42531
3.40982
3.39072
3.37073
3.35548
3.33821
3.32268
3.30805
3.2944
3.27673
3.26313
3.2502
3.23646
3.22349
3.20687
3.19092
3.17922
3.16394
3.14551
3.12516
3.10133
3.08357
3.06663
3.0387
3.02561
3.00188
2.9914
2.96841
2.95612
2.93307
2.91382
2.90071
2.88134
2.86799
2.84433
2.83787
2.81989
2.80836
2.79725
2.78075
2.77138
2.76145
2.75041
2.73839
2.72695
2.71281
2.7002
2.69004
2.67534
2.66343
2.6513
2.64481
2.63592
2.62865
2.61604
2.60793
2.59754
2.58816
2.57873
2.56998
2.56117
2.54841
2.54252
2.53118
2.52031
2.51323
2.50322
2.49511
2.48448
2.47229
2.46383
2.457
2.44686
2.43817
2.42717
2.41799
2.40911
2.39932
2.38977
2.38115
2.37024
2.36132
2.34917
2.34238
2.33178
2.3233
2.31208
2.30427
2.29452
2.27644
2.26747
2.2593
2.24377
2.2363
2.22228
2.20041
2.19557
2.18042
2.17075
2.15724
2.14614
2.13036
2.12119
2.10867
2.09836
2.08669
2.0764
2.06394
2.04521
2.0347
2.02097
2.0084
1.99634
1.98097
1.97137
1.9565
1.94721
1.93614
1.9245
1.90928
1.90388
1.8882
1.87756
1.86367
1.85134
1.83894
1.82642
1.81194
1.79855
1.78482
1.77458
1.7624
1.74918
1.73471
1.72506
1.71162
1.70003
1.68707
1.67608
1.66527
1.65694
1.64183
1.63138
1.61901
1.60614
1.59564
1.59052
1.57969
1.57231
1.56478
1.55355
1.54539
1.53609
1.52177
1.51521
1.50253
1.49259
1.48356
1.4734
1.46671
1.46055
1.44601
1.43508
1.42913
1.4141
1.40665
1.39684
1.38754
1.38019
1.37007
1.36107
1.35287
1.34484
1.3348
1.32534
1.31568
1.30461
1.29552
1.28861
1.27645
1.26444
1.25963
1.24543
1.23995
1.22798
1.21867
1.20863
1.19627
1.18566
1.17555
1.1632
1.15651
1.14183
1.13261
1.1252
1.11296
1.10687
1.09771
1.08832
1.07978
1.07238
1.06361
1.05441
1.04529
1.03248
1.02688
1.01578
1.00659
0.997492
0.991735
0.984243
0.974364
0.965602
0.957375
0.947377
0.939772
0.931625
0.92355
0.913874
0.905509
0.898223
0.889749
0.87874
0.869998
0.863621
0.856074
0.848732
0.840972
0.835782
0.828399
0.823365
0.818462
0.807353
0.801765
0.792809
0.783437
0.774531
0.765616
0.757613
0.750139
0.743954
0.737121
0.728407
0.723742
0.718454
0.711676
0.706044
0.698408
0.693598
0.686972
0.680178
0.67549
0.665951
0.661528
0.654708
0.647505
0.641896
0.633992
0.629756
0.622296
0.613072
0.608809
0.605315
0.598542
0.590135
0.586911
0.582822
0.575736
0.570799
0.561752
0.55926
0.553394
0.550054
0.545637
0.541182
0.538153
0.53262
0.529496
0.52507
0.520935
0.51627
0.512513
0.508896
0.50578
0.502155
0.498391
0.495893
0.492738
0.489339
0.484466
0.48241
0.479077
0.475104
0.471691
0.468438
0.465429
0.462909
0.459683
0.457566
0.454606
0.452485
0.448902
0.446439
0.44357
0.441578
0.439542
0.437013
0.43484
0.432151
0.429935
0.427148
0.424919
0.42257
0.420229
0.417832
0.415214
0.412793
0.410422
0.407988
0.405951
0.403597
0.402067
0.399481
0.397656
0.395821
0.39363
0.390739
0.389773
0.388516
0.386654
0.38517
0.383881
0.382141
0.378681
0.377463
0.375438
0.373663
0.371757
0.368623
0.366806
0.364586
0.36243
0.35977
0.356681
0.354938
0.352398
0.350556
0.347962
0.345713
0.341828
0.339299
0.336725
0.333613
0.331261
0.327649
0.325829
0.323196
0.320149
0.317417
0.313903
0.31237
0.309796
0.307309
0.305712
0.303019
0.300829
0.297855
0.295841
0.294141
0.291286
0.289431
0.286954
0.285598
0.282936
0.280481
0.278372
0.276358
0.273789
0.270927
0.268609
0.266337
0.26492
0.261941
0.260214
0.257917
0.255765
0.252554
0.251011
0.248681
0.246022
0.244688
0.242247
0.239936
0.238381
0.236438
0.2346
0.23288
0.231202
0.22966
0.228361
0.226889
0.224927
0.223529
0.222058
0.220541
0.219397
0.217919
0.216815
0.215285
0.21437
0.213168
0.212021
0.211228
0.20978
0.208876
0.207638
0.206489
0.205542
0.204613
0.203158
0.202188
0.200866
0.199811
0.199121
0.198065
0.197459
0.196507
0.195619
0.194911
0.194126
0.193013
0.192246
0.191423
0.190607
0.189525
0.188735
0.187406
0.186838
0.185839
0.185336
0.184467
0.183589
0.182919
0.18206
0.181563
0.180771
0.180132
0.179349
0.178471
0.177612
0.17702
0.176432
0.175711
0.174605
0.173845
0.172922
0.172087
0.171028
0.170153
0.169344
0.168352
0.167515
0.166812
0.165985
0.165372
0.164378
0.163765
0.16305
0.162382
0.161377
0.160878
0.159924
0.159089
0.158298
0.157151
0.156567
0.155644
0.154479
0.153991
0.152874
0.15208
0.151057
0.149801
0.148453
0.147567
0.146712
0.145293
0.144445
0.143006
0.142257
0.141545
0.14038
0.139392
0.138449
0.137266
0.136748
0.13598
0.135318
0.134547
0.1337
0.132845
0.131809
0.131227
0.130426
0.129565
0.129202
0.128313
0.127506
0.126498
0.126239
0.125573
0.124872
0.124151
0.122988
0.122319
0.121481
0.120471
0.119925
0.11879
0.118281
0.117333
0.116929
0.116229
0.115647
0.115072
0.114433
0.11379
0.113123
0.112765
0.112193
0.111697
0.11111
0.110684
0.110181
0.109578
0.109154
0.108628
0.108036
0.107497
0.106977
0.106431
0.105843
0.10525
0.104874
0.104462
0.10401
0.103545
0.102797
0.1025
0.102085
0.101543
0.101025
0.100645
0.100147
0.0995599
0.0991251
0.0985153
0.0982288
0.0971968
0.0970676
0.0965458
0.0961613
0.0955484
0.0949953
0.0945021
0.0940652
0.093669
0.0931252
0.092779
0.0923923
0.0919045
0.0914294
0.0909508
0.0904004
0.0901198
0.089583
0.0892121
0.0887988
0.0884225
0.0878294
0.0874755
0.086996
0.0865119
0.0860325
0.0857007
0.0851792
0.0845852
0.0842816
0.0838151
0.0832455
0.0828037
0.0820142
0.0818718
0.0812391
0.0807802
0.0802437
0.0797364
0.0793697
0.0788414
0.0781703
0.0779455
0.0773488
0.0768379
0.0762615
0.0757927
0.0753592
0.0749439
0.0745955
0.0742267
0.0738244
0.0734123
0.0729941
0.0726017
0.0720966
0.0718298
0.0714624
0.0709669
0.0707244
0.070347
0.0698744
0.0693276
0.0691905
0.0687994
0.0683294
0.0680095
0.0676837
0.0672457
0.0667585
0.0665732
0.0661332
0.0658854
0.0655052
0.0651563
0.0649688
0.0645536
0.0642614
0.0639245
0.0636057
0.0633305
0.0629437
0.0626718
0.0621033
0.0619601
0.0616827
0.0612632
0.0610105
0.0607742
0.0605256
0.0600168
0.0596773
0.0593377
0.0591224
0.0587761
0.0583966
0.0581473
0.0579111
0.0575784
0.0572615
0.0570137
0.0566773
0.056371
0.0561974
0.0559747
0.0555403
0.0553719
0.0550605
0.0548038
0.0545001
0.0542644
0.0539762
0.0536812
0.0535431
0.0532493
0.0530069
0.0527629
0.0524472
0.0522026
0.0519851
0.0517751
0.0515087
0.0513131
0.0510932
0.0507839
0.0505954
0.0503179
0.0502044
0.0499038
0.0496457
0.04937
0.0492377
0.0490095
0.0487135
0.0485042
0.0482788
0.0480385
0.0478296
0.0474945
0.0472776
0.0470575
0.0466944
0.0465697
0.0462229
0.0460826
0.0458531
0.0456629
0.0455356
0.045153
0.0450019
0.0448729
0.0446554
0.0444088
0.0441884
0.0439668
0.0436054
0.0434694
0.0431954
0.0428807
0.0426641
0.0423724
0.0421515
0.041878
0.0416061
0.0413653
0.0411594
0.0407872
0.040568
0.0403413
0.0401279
0.0398481
0.03966
0.039482
0.0393288
0.0390892
0.0389414
0.0387147
0.0385838
0.0383691
0.0382407
0.0380783
0.0379207
0.0377472
0.0376393
0.0374372
0.0373252
0.037187
0.0370958
0.0369756
0.0368518
0.0367015
0.0365935
0.0363757
0.0362635
0.03615
0.03615
0.03615
0.03615
0.03615
0.03615
0.03615
0.03615
0.03615
0.03615
0.03615
0.03615
0.03615
0.03615
0.03615
0.03615
0.03615
0.03615
0.03615
0.03615
0.03615
0.03615
0.03615
0.03615
0.03615
0.03615
0.03615
0.03615
0.03615
0.03615
0.03615
0.03615
0.03615
0.03615
0.03615
0.03615
0.03615
0.03615
0.03615
0.03615
0.03615
0.03615
0.03615
0.03615
0.03615
0.03615
0.03615
0.03615
0.03615
0.03615
0.03615
0.03615
0.03615
0.03615
0.03615
0.03615
0.03615
0.03615
0.03615
0.03615
0.03615
0.03615
0.03615
0.03615
0.03615
0.03615
0.03615
0.03615
0.03615
0.03615
0.03615
0.03615
0.03615
0.03615
0.03615
0.03615
0.03615
0.03615
0.03615
0.03615
0.03615
0.03615
0.03615
0.03615
0.03615
0.03615
0.03615
0.03615
0.03615
0.03615
0.03615
0.03615
0.03615
0.03615
0.03615
0.03615
0.03615
0.03615
0.03615
0.03615
0.03615
0.03615
0.03615
0.03615
0.03615
0.03615
0.03615
0.03615
0.03615
0.03615
0.03615
0.03615
0.03615
0.03615
0.03615
0.03615
0.03615
0.03615
0.03615
0.03615
0.03615
0.03615
0.03615
0.03615
0.03615
0.03615
0.03615
0.03615
0.03615
0.03615
0.03615
0.03615
0.03615
0.03615
0.03615
0.03615
0.03615
0.03615
0.03615
0.03615
0.03615
0.03615
0.03615
0.03615
0.03615
0.03615
0.03615
0.03615
0.03615
0.03615
0.03615
0.03615
0.03615
0.03615
0.03615
0.03615
0.03615
0.03615
0.03615
0.03615
0.03615
0.03615
0.03615
0.03615
0.03615
0.03615
0.03615
0.03615
0.03615
0.03615
0.03615
0.03615
0.03615
0.03615
0.03615
0.03615
0.03615
0.03615
0.03615
0.03615
0.03615
0.03615
0.03615
0.03615
0.03615
0.03615
0.03615
0.03615
0.03615
0.03615
0.03615
0.03615
0.03615
0.03615
0.03615
0.03615
0.03615
0.03615
0.03615
0.03615
0.03615
0.03615
0.03615
0.03615
0.03615
0.03615
0.03615
0.03615
0.03615
0.03615
0.03615
0.03615
0.03615
0.03615
0.03615
0.03615
0.03615
0.03615
0.03615
0.03615
0.03615
0.03615
0.03615
0.03615
0.03615
0.03615
0.03615
0.03615
0.03615
0.03615
0.03615
0.03615
0.03615
0.03615
0.03615
0.03615
0.03615
0.03615
0.03615
0.03615
0.03615
0.03615
0.03615
0.03615
0.03615
0.03615
0.03615
0.03615
0.03615
0.03615
0.03615
0.03615
0.03615
0.03615
0.03615
0.03615
0.03615
0.03615
0.03615
0.03615
0.03615
0.03615
0.03615
0.03615
0.03615
0.03615
0.03615
0.03615
0.03615
0.03615
0.03615
0.03615
0.03615
0.03615
0.03615
0.03615
0.03615
0.03615
0.03615
0.03615
0.03615
0.03615
0.03615
0.03615
0.03615
0.03615
0.03615
0.03615
0.03615
0.03615
0.03615
0.03615
0.03615
0.03615
0.03615
0.03615
0.03615
0.03615
0.03615
0.03615
0.03615
0.03615
0.03615
0.03615
0.03615
0.03615
0.03615
0.03615
0.03615
0.03615
0.03615
0.03615
0.03615
0.03615
0.03615
0.03615
0.03615
0.03615
0.03615
0.03615
0.03615
0.03615
0.03615
0.03615
0.03615
0.03615
0.03615
0.03615
0.03615
0.03615
0.03615
0.03615
0.03615
0.03615
0.03615
0.03615
0.03615
0.03615
0.03615
0.03615
0.03615
0.03615
0.03615
0.03615
0.03615
0.03615
0.03615
0.03615
0.03615
0.03615
0.03615
0.03615
0.03615
0.03615
0.03615
0.03615
0.03615
0.03615
0.03615
0.03615
0.03615
0.03615
0.03615
0.03615
0.03615
0.03615
0.03615
0.03615
0.03615
0.03615
0.03615
0.03615
0.03615
0.03615
0.03615
0.03615
0.03615
0.03615
0.03615
0.03615
0.03615
0.03615
0.03615
0.03615
0.03615
0.03615
0.03615
0.03615
0.03615
0.03615
0.03615
0.03615
0.03615
0.03615
0.03615
0.03615
0.03615
0.03615
0.03615
0.03615
0.03615
0.03615
0.03615
0.03615
0.03615
0.03615
0.03615
0.03615
0.03615
0.03615
0.03615
0.03615
0.03615
0.03615
0.03615
0.03615
0.03615
0.03615
0.03615
0.03615
0.03615
0.03615
0.03615
0.03615
0.03615
0.03615
0.03615
0.03615
0.03615
0.03615
0.03615
0.03615
0.03615
0.03615
0.03615
0.03615
0.03615
0.03615
0.03615
0.03615
0.03615
0.03615
0.03615
0.03615
0.03615
0.03615
0.03615
0.03615
0.03615
0.03615
0.03615
0.03615
0.03615
0.03615
0.03615
0.03615
0.03615
0.03615
0.03615
0.03615
0.03615
0.03615
0.03615
0.03615
0.03615
0.03615
0.03615
0.03615
0.03615
0.03615
0.03615
0.03615
0.03615
0.03615
0.03615
0.03615
0.03615
0.03615
0.03615
0.03615
0.03615
0.03615
0.03615
0.03615
0.03615
0.03615
0.03615
0.03615
0.03615
0.03615
0.03615
0.03615
0.03615
0.03615
0.03615
0.03615
0.03615
0.03615
0.03615
0.03615
0.03615
0.03615
0.03615
0.03615
0.03615
0.03615
0.03615
0.03615
0.03615
0.03615
0.03615
0.03615
0.03615
0.03615
0.03615
0.03615
0.03615
0.03615
0.03615
0.03615
0.03615
0.03615
0.03615
0.03615
0.03615
0.03615
0.03615
0.03615
0.03615
0.03615
0.03615
0.03615
0.03615
0.03615
0.03615
0.03615
0.03615
0.03615
0.03615
0.03615
0.03615
0.03615
0.03615
0.03615
0.03615
0.03615
0.03615
0.03615
0.03615
0.03615
0.03615
0.03615
0.03615
0.03615
0.03615
0.03615
0.03615
0.03615
0.03615
0.03615
0.03615
0.03615
0.03615
0.03615
0.03615
0.03615
0.03615
0.03615
0.03615
0.03615
0.03615
0.03615
0.03615
0.03615
0.03615
0.03615
0.03615
0.03615
0.03615
0.03615
0.03615
0.03615
0.03615
0.03615
0.03615
0.03615
0.03615
0.03615
0.03615
0.03615
0.03615
0.03615
0.03615
0.03615
0.03615
0.03615
0.03615
0.03615
0.03615
0.03615
0.03615
0.03615
0.03615
0.03615
0.03615
0.03615
0.03615
0.03615
0.03615
0.03615
0.03615
0.03615
0.03615
0.03615
0.03615
0.03615
0.03615
0.03615
0.03615
0.03615
0.03615
0.03615
0.03615
0.03615
0.03615
0.03615
0.03615
0.03615
0.03615
0.03615
0.03615
0.03615
0.03615
0.03615
0.03615
0.03615
0.03615
0.03615
0.03615
0.03615
0.03615
0.03615
0.03615
0.03615
0.03615
0.03615
0.03615
0.03615
0.03615
0.03615
0.03615
0.03615
0.03615
0.03615
0.03615
0.03615
0.03615
0.03615
0.03615
0.03615
0.03615
0.03615
0.03615
0.03615
0.03615
0.03615
0.03615
0.03615
0.03615
0.03615
0.03615
0.03615
0.03615
0.03615
0.03615
0.03615
0.03615
0.03615
0.03615
0.03615
0.03615
0.03615
0.03615
0.03615
0.03615
0.03615
0.03615
0.03615
0.03615
0.03615
0.03615
0.03615
0.03615
0.03615
0.03615
0.03615
0.03615
0.03615
0.03615
0.03615
0.03615
0.03615
0.03615
0.03615
0.03615
0.03615
0.03615
0.03615
0.03615
0.03615
0.03615
0.03615
0.03615
0.03615
0.03615
0.03615
0.03615
0.03615
0.03615
0.03615
0.03615
0.03615
0.03615
0.03615
0.03615
0.03615
0.03615
0.03615
0.03615
0.03615
0.03615
0.03615
0.03615
0.03615
0.03615
0.03615
0.03615
0.03615
0.03615
0.03615
0.03615
0.03615
0.03615
0.03615
0.03615
0.03615
0.03615
0.03615
0.03615
0.03615
0.03615
0.03615
