2.28897e+08
4.18507e+07
5.83817e+06
1.78642e+06
1.78642e+06
1.78642e+06
1.78642e+06
1.78642e+06
1.78642e+06
1.61614e+06
896942
437921
215158
215158
215158
215158
215158
215158
185651
36198.7
36198.7
36198.7
36198.7
36198.7
36198.7
36198.7
36198.7
22221.3
22221.3
22221.3
22221.3
22221.3
10413
10413
10413
5975.93
3880.18
2345.17
1918.07
1918.07
1445.17
1445.17
1168.79
786.758
575.346
575.346
334.224
302.933
302.933
302.933
302.933
294.824
185.144
185.144
147.742
54.1635
54.1635
54.1635
54.1635
54.1635
54.1635
54.1635
54.1635
54.1635
54.1635
54.1635
54.1635
42.9765
39.9522
32.1851
27.41
27.41
27.41
27.41
27.41
27.41
22.9256
21.8167
19.7178
17.8656
17.8656
17.8656
16.7766
16.7766
16.403
15.744
15.744
15.744
14.81
14.305
13.9003
13.9003
13.6646
13.6314
13.6314
13.4662
13.3618
13.3618
13.3618
13.3618
13.3618
13.3618
13.3362
13.2705
13.1807
12.9527
12.9527
12.9527
12.8999
12.8999
12.803
12.7717
12.7717
12.713
12.6846
12.679
12.6315
12.6081
12.5645
12.5131
12.4963
12.4673
12.4208
12.4039
12.3583
12.3338
12.3167
12.2645
12.2019
12.1513
12.1297
12.0913
12.0637
12.0278
11.9898
11.9529
11.9276
11.8801
11.8502
11.8237
11.7825
11.7577
11.7238
11.6977
11.659
11.6338
11.5904
11.5628
11.5248
11.498
11.4657
11.436
11.3894
11.3589
11.3191
11.2783
11.2424
11.203
11.1621
11.125
11.0863
11.0529
11.0142
10.9793
10.9449
10.9068
10.8781
10.847
10.8172
10.7929
10.7669
10.7394
10.7126
10.6815
10.6596
10.6314
10.6145
10.5906
10.5633
10.5353
10.5125
10.4838
10.4597
10.433
10.4075
10.3813
10.349
10.3201
10.293
10.2685
10.2444
10.2177
10.1957
10.1745
10.15
10.1296
10.1046
10.0819
10.0582
10.0329
10.0058
9.97722
9.951
9.929
9.89477
9.8588
9.83392
9.80343
9.76854
9.73785
9.70765
9.67087
9.644
9.62087
9.59237
9.56863
9.54474
9.51353
9.49099
9.46869
9.44841
9.42131
9.39186
9.37133
9.33947
9.31916
9.29022
9.26429
9.23999
9.2175
9.1893
9.15678
9.13292
9.10239
9.07937
9.05452
9.02914
9.00373
8.97983
8.9561
8.93357
8.90916
8.87992
8.86183
8.83906
8.81625
8.79103
8.77201
8.74751
8.73132
8.71297
8.68603
8.67183
8.65362
8.63601
8.61761
8.59651
8.58014
8.56121
8.54468
8.52647
8.50722
8.4921
8.47516
8.45941
8.43923
8.42281
8.39951
8.37828
8.35636
8.33582
8.31716
8.29658
8.27106
8.25042
8.22882
8.215
8.19517
8.1744
8.15306
8.13202
8.10687
8.08081
8.05453
8.03475
8.00607
7.9794
7.9576
7.93601
7.9154
7.88002
7.8561
7.82508
7.80769
7.78251
7.74445
7.72438
7.69652
7.66978
7.63645
7.60343
7.57871
7.54793
7.52549
7.5013
7.47453
7.44358
7.42491
7.40193
7.35778
7.34612
7.31334
7.29426
7.27104
7.24952
7.23216
7.21403
7.19024
7.17266
7.14543
7.1277
7.10645
7.08348
7.05021
7.04055
7.01801
6.9986
6.9722
6.96003
6.93659
6.91989
6.89657
6.8829
6.85878
6.83509
6.81737
6.78964
6.76478
6.73823
6.70853
6.68318
6.66227
6.63602
6.60777
6.57961
6.54663
6.50413
6.4842
6.44856
6.41406
6.38741
6.35702
6.33215
6.30436
6.27929
6.25607
6.22841
6.20113
6.17715
6.15351
6.1347
6.10837
6.0842
6.06125
6.03844
6.01381
5.98963
5.96279
5.94266
5.91725
5.89038
5.86715
5.83898
5.81697
5.79245
5.76896
5.74618
5.71564
5.69513
5.67116
5.64732
5.62157
5.58545
5.57725
5.55042
5.5307
5.50974
5.48255
5.45828
5.43743
5.41842
5.3949
5.37482
5.35093
5.32917
5.30942
5.28117
5.26018
5.23407
5.20637
5.18651
5.16457
5.14101
5.11928
5.09769
5.07363
5.05014
5.02715
5.00363
4.98323
4.95302
4.93117
4.91061
4.88889
4.86999
4.85122
4.82568
4.80378
4.78252
4.76145
4.74013
4.71751
4.69528
4.67283
4.6527
4.63206
4.61291
4.59288
4.57387
4.55221
4.53388
4.50169
4.48839
4.46138
4.44581
4.42248
4.39892
4.37582
4.35194
4.32925
4.30989
4.29245
4.27095
4.24955
4.22925
4.21239
4.19227
4.17071
4.15427
4.13161
4.11727
4.09618
4.07209
4.05218
4.0349
4.01101
3.99016
3.9679
3.94491
3.92431
3.9077
3.88822
3.86524
3.8451
3.82631
3.80254
3.77964
3.75631
3.73387
3.7112
3.68898
3.67411
3.64977
3.63399
3.61133
3.58832
3.57224
3.54808
3.523
3.50334
3.48511
3.46098
3.44159
3.42204
3.40039
3.38498
3.35914
3.3378
3.31328
3.2898
3.26327
3.24096
3.21326
3.18637
3.15756
3.13279
3.1111
3.08053
3.06335
3.03097
3.00839
2.98079
2.95069
2.91956
2.89448
2.87286
2.84427
2.81977
2.79179
2.76433
2.74085
2.71361
2.6924
2.66514
2.63738
2.6227
2.59418
2.57135
2.5519
2.52714
2.50405
2.47943
2.4517
2.43417
2.40865
2.38275
2.35577
2.33522
2.31046
2.28646
2.26351
2.23833
2.21738
2.20219
2.17689
2.161
2.13886
2.11832
2.09898
2.07674
2.05588
2.04079
2.01819
2.00167
1.9842
1.96545
1.94992
1.92907
1.91416
1.89346
1.87911
1.8621
1.84554
1.82359
1.8058
1.79072
1.77134
1.75068
1.73356
1.71741
1.70061
1.68166
1.66631
1.6464
1.63162
1.61568
1.59894
1.58422
1.56661
1.55112
1.53329
1.51593
1.49616
1.47248
1.45247
1.43395
1.4118
1.38349
1.36586
1.34295
1.31651
1.2917
1.27248
1.25286
1.23066
1.21277
1.19582
1.17362
1.15166
1.12259
1.10027
1.08746
1.06622
1.04297
1.02493
1.01296
0.996454
0.978309
0.959294
0.941281
0.924281
0.908305
0.890293
0.871828
0.85721
0.845482
0.825318
0.815824
0.801802
0.784614
0.76937
0.753826
0.74094
0.727511
0.714943
0.702252
0.691803
0.682122
0.67086
0.663429
0.656857
0.650828
0.640699
0.63347
0.626363
0.617852
0.609285
0.602866
0.593823
0.58832
0.581123
0.574963
0.567748
0.559775
0.551286
0.545956
0.539672
0.532132
0.525419
0.520821
0.511859
0.505172
0.497057
0.492352
0.486554
0.477849
0.471358
0.464909
0.459292
0.453053
0.447839
0.443184
0.43845
0.432287
0.427921
0.42258
0.416645
0.411813
0.406394
0.402035
0.39663
0.391394
0.386949
0.381583
0.377528
0.371926
0.36761
0.363676
0.358401
0.353598
0.349185
0.343644
0.339655
0.335564
0.330365
0.326346
0.321117
0.316695
0.312375
0.308301
0.30413
0.29818
0.296151
0.291271
0.287985
0.284346
0.278526
0.27583
0.27151
0.268189
0.26497
0.261224
0.258308
0.255114
0.252547
0.249492
0.246611
0.243679
0.241372
0.238823
0.236239
0.233498
0.230916
0.22863
0.226361
0.224332
0.222105
0.220022
0.217572
0.215304
0.21355
0.21118
0.209473
0.207607
0.205552
0.203794
0.202438
0.200525
0.199114
0.197699
0.196464
0.194947
0.193537
0.191998
0.190558
0.188884
0.187486
0.186274
0.184853
0.183369
0.1821
0.180829
0.178903
0.177837
0.176444
0.174986
0.173831
0.172697
0.171441
0.17041
0.16907
0.168149
0.166245
0.165115
0.163875
0.162907
0.161852
0.160737
0.159849
0.158757
0.157982
0.156705
0.156051
0.155146
0.154189
0.153362
0.152441
0.151612
0.150685
0.149621
0.148589
0.147633
0.146398
0.145543
0.144629
0.143096
0.142625
0.141281
0.1403
0.139464
0.138146
0.13738
0.136396
0.135502
0.134677
0.133592
0.132759
0.131936
0.131078
0.130187
0.129398
0.1284
0.12742
0.126723
0.125765
0.124973
0.123719
0.122991
0.122253
0.12132
0.120352
0.119375
0.11858
0.117402
0.116698
0.115713
0.114898
0.11397
0.112991
0.111879
0.11099
0.110009
0.108823
0.108083
0.107119
0.106029
0.105066
0.103801
0.103051
0.102006
0.100721
0.0997872
0.0987553
0.0976525
0.0969887
0.0960444
0.0947852
0.0940124
0.0930274
0.0921777
0.0913706
0.090552
0.0896539
0.0886289
0.0875671
0.0867364
0.0857722
0.0846995
0.0838608
0.0830523
0.0822288
0.0812133
0.0804383
0.0797454
0.0789478
0.0780108
0.0771993
0.0763085
0.075578
0.0749357
0.0741682
0.0733551
0.0724983
0.071743
0.0711804
0.0702306
0.0695597
0.0687622
0.0680583
0.0674145
0.0667499
0.0662095
0.0655555
0.0650242
0.064476
0.0640097
0.063438
0.0629292
0.0623996
0.0618277
0.0611837
0.0607053
0.0601309
0.0596849
0.0590433
0.0585966
0.0581552
0.0576208
0.0571246
0.0566658
0.0559957
0.0554594
0.0549023
0.0544156
0.0539537
0.0534833
0.053037
0.0525222
0.052166
0.051747
0.0513223
0.0509873
0.0506653
0.0502074
0.0499854
0.049677
0.0493377
0.0489829
0.0486892
0.0483977
0.0480878
0.0477861
0.0474987
0.0471506
0.0468792
0.0465922
0.0461475
0.045974
0.0456713
0.0453069
0.0450413
0.044753
0.0443836
0.0440186
0.043757
0.0433843
0.0430158
0.0426919
0.0423819
0.0420903
0.0417428
0.041278
0.0410066
0.0407268
0.0404371
0.0401194
0.0399225
0.0397002
0.039414
0.0393084
0.0389956
0.0388249
0.03853
0.0382706
0.038072
0.0377491
0.03749
0.0372654
0.0370191
0.0368074
0.0366245
0.0363646
0.0360748
0.0359155
0.035686
0.0354393
0.0352502
0.0350044
0.0347151
0.0345784
0.0343478
0.0341466
0.033932
0.0337123
0.033457
0.0332305
0.0330126
0.0327667
0.0324784
0.0323249
0.0320775
0.0318292
0.0316523
0.0314557
0.0314557
0.0314557
0.0314557
0.0314557
0.0314557
0.0314557
0.0314557
0.0314557
0.0314557
0.0314557
0.0314557
0.0314557
0.0314557
0.0314557
0.0314557
0.0314557
0.0314557
0.0314557
0.0314557
0.0314557
0.0314557
0.0314557
0.0314557
0.0314557
0.0314557
0.0314557
0.0314557
0.0314557
0.0314557
0.0314557
0.0314557
0.0314557
0.0314557
0.0314557
0.0314557
0.0314557
0.0314557
0.0314557
0.0314557
0.0314557
0.0314557
0.0314557
0.0314557
0.0314557
0.0314557
0.0314557
0.0314557
0.0314557
0.0314557
0.0314557
0.0314557
0.0314557
0.0314557
0.0314557
0.0314557
0.0314557
0.0314557
0.0314557
0.0314557
0.0314557
0.0314557
0.0314557
0.0314557
0.0314557
0.0314557
0.0314557
0.0314557
0.0314557
0.0314557
0.0314557
0.0314557
0.0314557
0.0314557
0.0314557
0.0314557
0.0314557
0.0314557
0.0314557
0.0314557
0.0314557
0.0314557
0.0314557
0.0314557
0.0314557
0.0314557
0.0314557
0.0314557
0.0314557
0.0314557
0.0314557
0.0314557
0.0314557
0.0314557
0.0314557
0.0314557
0.0314557
0.0314557
0.0314557
0.0314557
0.0314557
0.0314557
0.0314557
0.0314557
0.0314557
0.0314557
0.0314557
0.0314557
0.0314557
0.0314557
0.0314557
0.0314557
0.0314557
0.0314557
0.0314557
0.0314557
0.0314557
0.0314557
0.0314557
0.0314557
0.0314557
0.0314557
0.0314557
0.0314557
0.0314557
0.0314557
0.0314557
0.0314557
0.0314557
0.0314557
0.0314557
0.0314557
0.0314557
0.0314557
0.0314557
0.0314557
0.0314557
0.0314557
0.0314557
0.0314557
0.0314557
0.0314557
0.0314557
0.0314557
0.0314557
0.0314557
0.0314557
0.0314557
0.0314557
0.0314557
0.0314557
0.0314557
0.0314557
0.0314557
0.0314557
0.0314557
0.0314557
0.0314557
0.0314557
0.0314557
0.0314557
0.0314557
0.0314557
0.0314557
0.0314557
0.0314557
0.0314557
0.0314557
0.0314557
0.0314557
0.0314557
0.0314557
0.0314557
0.0314557
0.0314557
0.0314557
0.0314557
0.0314557
0.0314557
0.0314557
0.0314557
0.0314557
0.0314557
0.0314557
0.0314557
0.0314557
0.0314557
0.0314557
0.0314557
0.0314557
0.0314557
0.0314557
0.0314557
0.0314557
0.0314557
0.0314557
0.0314557
0.0314557
0.0314557
0.0314557
0.0314557
0.0314557
0.0314557
0.0314557
0.0314557
0.0314557
0.0314557
0.0314557
0.0314557
0.0314557
0.0314557
0.0314557
0.0314557
0.0314557
0.0314557
0.0314557
0.0314557
0.0314557
0.0314557
0.0314557
0.0314557
0.0314557
0.0314557
0.0314557
0.0314557
0.0314557
0.0314557
0.0314557
0.0314557
0.0314557
0.0314557
0.0314557
0.0314557
0.0314557
0.0314557
0.0314557
0.0314557
0.0314557
0.0314557
0.0314557
0.0314557
0.0314557
0.0314557
0.0314557
0.0314557
0.0314557
0.0314557
0.0314557
0.0314557
0.0314557
0.0314557
0.0314557
0.0314557
0.0314557
0.0314557
0.0314557
0.0314557
0.0314557
0.0314557
0.0314557
0.0314557
0.0314557
0.0314557
0.0314557
0.0314557
0.0314557
0.0314557
0.0314557
0.0314557
0.0314557
0.0314557
0.0314557
0.0314557
0.0314557
0.0314557
0.0314557
0.0314557
0.0314557
0.0314557
0.0314557
0.0314557
0.0314557
0.0314557
0.0314557
0.0314557
0.0314557
0.0314557
0.0314557
0.0314557
0.0314557
0.0314557
0.0314557
0.0314557
0.0314557
0.0314557
0.0314557
0.0314557
0.0314557
0.0314557
0.0314557
0.0314557
0.0314557
0.0314557
0.0314557
0.0314557
0.0314557
0.0314557
0.0314557
0.0314557
0.0314557
0.0314557
0.0314557
0.0314557
0.0314557
0.0314557
0.0314557
0.0314557
0.0314557
0.0314557
0.0314557
0.0314557
0.0314557
0.0314557
0.0314557
0.0314557
0.0314557
0.0314557
0.0314557
0.0314557
0.0314557
0.0314557
0.0314557
0.0314557
0.0314557
0.0314557
0.0314557
0.0314557
0.0314557
0.0314557
0.0314557
0.0314557
0.0314557
0.0314557
0.0314557
0.0314557
0.0314557
0.0314557
0.0314557
0.0314557
0.0314557
0.0314557
0.0314557
0.0314557
0.0314557
0.0314557
0.0314557
0.0314557
0.0314557
0.0314557
0.0314557
0.0314557
0.0314557
0.0314557
0.0314557
0.0314557
0.0314557
0.0314557
0.0314557
0.0314557
0.0314557
0.0314557
0.0314557
0.0314557
0.0314557
0.0314557
0.0314557
0.0314557
0.0314557
0.0314557
0.0314557
0.0314557
0.0314557
0.0314557
0.0314557
0.0314557
0.0314557
0.0314557
0.0314557
0.0314557
0.0314557
0.0314557
0.0314557
0.0314557
0.0314557
0.0314557
0.0314557
0.0314557
0.0314557
0.0314557
0.0314557
0.0314557
0.0314557
0.0314557
0.0314557
0.0314557
0.0314557
0.0314557
0.0314557
0.0314557
0.0314557
0.0314557
0.0314557
0.0314557
0.0314557
0.0314557
0.0314557
0.0314557
0.0314557
0.0314557
0.0314557
0.0314557
0.0314557
0.0314557
0.0314557
0.0314557
0.0314557
0.0314557
0.0314557
0.0314557
0.0314557
0.0314557
0.0314557
0.0314557
0.0314557
0.0314557
0.0314557
0.0314557
0.0314557
0.0314557
0.0314557
0.0314557
0.0314557
0.0314557
0.0314557
0.0314557
0.0314557
0.0314557
0.0314557
0.0314557
0.0314557
0.0314557
0.0314557
0.0314557
0.0314557
0.0314557
0.0314557
0.0314557
0.0314557
0.0314557
0.0314557
0.0314557
0.0314557
0.0314557
0.0314557
0.0314557
0.0314557
0.0314557
0.0314557
0.0314557
0.0314557
0.0314557
0.0314557
0.0314557
0.0314557
0.0314557
0.0314557
0.0314557
0.0314557
0.0314557
0.0314557
0.0314557
0.0314557
0.0314557
0.0314557
0.0314557
0.0314557
0.0314557
0.0314557
0.0314557
0.0314557
0.0314557
0.0314557
0.0314557
0.0314557
0.0314557
0.0314557
0.0314557
0.0314557
0.0314557
0.0314557
0.0314557
0.0314557
0.0314557
0.0314557
0.0314557
0.0314557
0.0314557
0.0314557
0.0314557
0.0314557
0.0314557
0.0314557
0.0314557
0.0314557
0.0314557
0.0314557
0.0314557
0.0314557
0.0314557
0.0314557
0.0314557
0.0314557
0.0314557
0.0314557
0.0314557
0.0314557
0.0314557
0.0314557
0.0314557
0.0314557
0.0314557
0.0314557
0.0314557
0.0314557
0.0314557
0.0314557
0.0314557
0.0314557
0.0314557
0.0314557
0.0314557
0.0314557
0.0314557
0.0314557
0.0314557
0.0314557
0.0314557
0.0314557
0.0314557
0.0314557
0.0314557
0.0314557
0.0314557
0.0314557
0.0314557
0.0314557
0.0314557
0.0314557
0.0314557
0.0314557
0.0314557
0.0314557
0.0314557
0.0314557
0.0314557
0.0314557
0.0314557
0.0314557
0.0314557
0.0314557
0.0314557
0.0314557
0.0314557
0.0314557
0.0314557
0.0314557
0.0314557
0.0314557
0.0314557
0.0314557
0.0314557
0.0314557
0.0314557
0.0314557
0.0314557
0.0314557
0.0314557
0.0314557
0.0314557
0.0314557
0.0314557
0.0314557
0.0314557
0.0314557
0.0314557
0.0314557
0.0314557
0.0314557
0.0314557
0.0314557
0.0314557
0.0314557
0.0314557
0.0314557
0.0314557
0.0314557
0.0314557
0.0314557
0.0314557
0.0314557
0.0314557
0.0314557
0.0314557
0.0314557
0.0314557
0.0314557
0.0314557
0.0314557
0.0314557
0.0314557
0.0314557
0.0314557
0.0314557
0.0314557
0.0314557
0.0314557
0.0314557
0.0314557
0.0314557
0.0314557
0.0314557
0.0314557
0.0314557
0.0314557
0.0314557
0.0314557
0.0314557
0.0314557
0.0314557
0.0314557
0.0314557
0.0314557
0.0314557
0.0314557
0.0314557
0.0314557
0.0314557
0.0314557
0.0314557
0.0314557
0.0314557
0.0314557
0.0314557
0.0314557
0.0314557
0.0314557
0.0314557
0.0314557
0.0314557
0.0314557
0.0314557
0.0314557
0.0314557
0.0314557
0.0314557
0.0314557
0.0314557
0.0314557
0.0314557
0.0314557
0.0314557
0.0314557
0.0314557
0.0314557
0.0314557
0.0314557
0.0314557
0.0314557
0.0314557
0.0314557
0.0314557
0.0314557
0.0314557
0.0314557
0.0314557
0.0314557
0.0314557
0.0314557
0.0314557
0.0314557
0.0314557
0.0314557
0.0314557
0.0314557
0.0314557
0.0314557
0.0314557
0.0314557
0.0314557
0.0314557
0.0314557
0.0314557
0.0314557
0.0314557
0.0314557
0.0314557
0.0314557
0.0314557
0.0314557
0.0314557
0.0314557
0.0314557
0.0314557
0.0314557
0.0314557
0.0314557
0.0314557
0.0314557
0.0314557
0.0314557
0.0314557
0.0314557
0.0314557
0.0314557
0.0314557
0.0314557
0.0314557
0.0314557
0.0314557
0.0314557
0.0314557
0.0314557
0.0314557
0.0314557
0.0314557
0.0314557
0.0314557
0.0314557
0.0314557
0.0314557
0.0314557
0.0314557
0.0314557
0.0314557
0.0314557
0.0314557
0.0314557
0.0314557
0.0314557
0.0314557
0.0314557
0.0314557
0.0314557
0.0314557
0.0314557
0.0314557
0.0314557
0.0314557
0.0314557
0.0314557
0.0314557
0.0314557
0.0314557
0.0314557
0.0314557
0.0314557
0.0314557
0.0314557
0.0314557
0.0314557
0.0314557
0.0314557
0.0314557
0.0314557
0.0314557
0.0314557
0.0314557
0.0314557
0.0314557
0.0314557
0.0314557
0.0314557
0.0314557
0.0314557
0.0314557
0.0314557
0.0314557
0.0314557
0.0314557
0.0314557
0.0314557
0.0314557
0.0314557
0.0314557
0.0314557
0.0314557
0.0314557
0.0314557
0.0314557
0.0314557
0.0314557
0.0314557
0.031332
0.0310453
0.0307525
0.0304219
0.030151
0.0297219
0.0294976
0.0291363
0.0288288
0.0284664
0.0281312
0.0278597
0.0275342
0.0272017
0.0269665
0.0266857
0.0264476
0.0261691
0.02592
0.0256672
0.0254392
0.0251797
0.024965
0.0247787
0.0245181
0.0242756
0.0241123
0.0238494
0.0236763
0.0234191
0.0231768
0.0229692
0.0226853
0.0225288
0.0223453
0.022124
0.0219331
0.0217261
0.0214609
0.021301
0.0211217
0.0209124
0.0206376
0.0204859
0.0202983
0.0201299
0.0199529
0.0197431
0.019588
0.0194154
0.0191941
0.0190186
0.0188097
0.0186372
0.018515
0.0183516
0.0181945
0.0180184
0.0180184
0.0180184
0.0180184
0.0180184
0.0180184
0.0180184
0.0180184
0.0180184
0.0180184
0.0180184
0.0180184
0.0180184
0.0180184
0.0180184
0.0180184
0.0180184
0.0180184
0.0180184
0.0180184
0.0180184
0.0180184
0.0180184
0.0180184
0.0180184
0.0180184
0.0180184
0.0180184
0.0180184
0.0180184
0.0180184
0.0180184
0.0180184
0.0180184
0.0180184
0.0180184
0.0180184
0.0180184
0.0180184
0.0180184
0.0180184
0.0180184
0.0180184
0.0180184
0.0180184
0.0180184
0.0180184
0.0180184
0.0180184
0.0180184
0.0180184
0.0180184
0.0180184
0.0180184
0.0180184
0.0180184
0.0180184
0.0180184
0.0180184
0.0180184
0.0180184
0.0180184
0.0180184
0.0180184
0.0180184
0.0180184
0.0180184
0.0180184
0.0180184
0.0180184
0.0180184
0.0180184
0.0180184
0.0180184
0.0180184
0.0180184
0.0180184
0.0180184
0.0180184
0.0180184
0.0180184
0.0180184
0.0180184
0.0180184
0.0180184
0.0180184
0.0180184
0.0180184
0.0180184
0.0180184
0.0180184
0.0180184
0.0180184
0.0180184
0.0180184
0.0180184
0.0180184
0.0180184
0.0180184
0.0180184
0.0180184
0.0180184
0.0180184
0.0180184
0.0180184
0.0180184
0.0180184
0.0180184
0.0180184
0.0180184
0.0180184
0.0180184
0.0180184
0.0180184
