1.73145e+08
3.82627e+07
2.35897e+07
8.1187e+06
4.573e+06
4.573e+06
4.573e+06
4.573e+06
2.1658e+06
2.1658e+06
2.0395e+06
1.05398e+06
810744
810744
755868
551841
551841
551841
290034
290034
238426
196922
68269.6
68269.6
68269.6
68269.6
68269.6
10393.5
10393.5
10393.5
10393.5
10393.5
10393.5
10393.5
10393.5
10393.5
10393.5
8164.14
6834.55
4752.42
3196.03
2556.76
1479.52
1479.52
1172.87
1172.87
1172.87
684.273
676.502
316.173
316.173
316.173
316.173
120.241
120.241
120.241
79.778
79.778
79.778
79.778
52.3714
52.3714
52.3714
52.3714
42.5523
42.5523
37.2478
24.5604
24.5604
24.5604
24.5604
24.1967
24.1967
23.6393
20.945
16.5438
16.5438
16.5438
16.5438
16.1099
15.5209
14.3466
14.0111
13.5639
13.5639
12.0095
12.0095
12.0095
12.0095
12.0095
12.0095
12.0095
12.0095
12.0095
12.0095
12.0095
11.9923
11.9923
11.7625
11.5392
11.3912
11.3912
11.3912
11.3912
11.3912
11.3912
11.3912
11.3628
11.2982
11.2612
11.1659
11.1659
11.0991
11.0418
11.0418
10.9985
10.9623
10.9187
10.8732
10.8536
10.8207
10.7837
10.7558
10.7237
10.6959
10.6817
10.6408
10.6183
10.597
10.5578
10.5355
10.5094
10.4818
10.4576
10.4392
10.4205
10.3987
10.377
10.3494
10.3263
10.3019
10.2847
10.2548
10.2372
10.2125
10.1901
10.1649
10.1374
10.1097
10.0899
10.0649
10.0368
10.0192
9.98791
9.96954
9.94039
9.91466
9.8904
9.85559
9.83437
9.80553
9.78222
9.75727
9.73203
9.70556
9.6858
9.66376
9.64518
9.62205
9.60371
9.58429
9.56264
9.54481
9.5237
9.50289
9.48062
9.45621
9.42867
9.4094
9.37896
9.35535
9.33182
9.30022
9.26834
9.24863
9.2131
9.18418
9.1557
9.13052
9.10611
9.07629
9.04244
9.0182
8.9924
8.96469
8.9412
8.90914
8.88913
8.86902
8.84612
8.82346
8.79946
8.77289
8.74893
8.72678
8.70725
8.68153
8.66263
8.63876
8.61894
8.59372
8.5739
8.55316
8.53151
8.5154
8.49601
8.4779
8.45989
8.43914
8.42504
8.40026
8.39131
8.37002
8.35145
8.33585
8.31649
8.29797
8.27824
8.25882
8.23715
8.21479
8.19256
8.17378
8.15493
8.13244
8.11366
8.09759
8.0782
8.05511
8.03201
8.00851
7.98801
7.96811
7.94991
7.9313
7.91431
7.89271
7.8679
7.84732
7.82799
7.80792
7.78708
7.76424
7.74049
7.71738
7.69099
7.67171
7.65154
7.62418
7.59678
7.57689
7.55344
7.53351
7.50541
7.48282
7.45506
7.43263
7.41086
7.3845
7.35573
7.33711
7.31253
7.29202
7.26633
7.2406
7.21748
7.19465
7.16953
7.14458
7.12776
7.10155
7.07992
7.05542
7.02957
7.00859
6.98518
6.96402
6.94262
6.92007
6.901
6.87607
6.8525
6.83042
6.80613
6.78808
6.76607
6.74963
6.7269
6.71092
6.69269
6.66954
6.64954
6.63352
6.61457
6.5959
6.57834
6.55811
6.53743
6.51537
6.49589
6.47568
6.45726
6.43642
6.4163
6.39812
6.37696
6.35402
6.33281
6.31159
6.29229
6.26884
6.24322
6.22873
6.20945
6.18273
6.1671
6.13338
6.1192
6.09625
6.07161
6.05182
6.03144
6.00329
5.98301
5.95124
5.928
5.89858
5.86439
5.83201
5.8103
5.78089
5.75119
5.7292
5.70004
5.67674
5.6566
5.62934
5.60804
5.58574
5.55834
5.53438
5.50892
5.4846
5.46268
5.43753
5.41461
5.39037
5.36884
5.34078
5.31758
5.29415
5.27337
5.24617
5.22757
5.19606
5.16888
5.1468
5.1199
5.09346
5.06654
5.03087
5.00639
4.96988
4.95101
4.9251
4.89009
4.87052
4.84252
4.81088
4.79153
4.75583
4.73776
4.71606
4.6862
4.65636
4.63763
4.61283
4.59137
4.56553
4.5426
4.51959
4.49795
4.47204
4.44696
4.42235
4.3933
4.37306
4.34465
4.32245
4.30058
4.27684
4.25099
4.22914
4.20576
4.18481
4.16012
4.14198
4.11819
4.09685
4.07877
4.05964
4.03904
4.01784
3.98998
3.9734
3.95149
3.92877
3.91416
3.89551
3.87957
3.85979
3.83401
3.816
3.7937
3.77064
3.7526
3.73178
3.70687
3.68387
3.66857
3.64956
3.6294
3.61538
3.59379
3.57673
3.56214
3.54379
3.52252
3.50589
3.49138
3.47464
3.4546
3.43773
3.4233
3.40666
3.38267
3.36078
3.34074
3.32006
3.30092
3.28068
3.25861
3.23841
3.22119
3.19767
3.17635
3.15816
3.14014
3.1247
3.10624
3.08857
3.06646
3.04853
3.02758
3.01152
2.99153
2.97317
2.95427
2.93528
2.91537
2.89554
2.87559
2.85814
2.84081
2.82075
2.8007
2.78395
2.76503
2.74762
2.72487
2.70795
2.69002
2.66917
2.64795
2.63511
2.61604
2.59755
2.58033
2.56139
2.54371
2.52964
2.50932
2.49379
2.47083
2.45529
2.4398
2.42088
2.40006
2.38422
2.36185
2.33915
2.328
2.3062
2.28776
2.26445
2.24758
2.22676
2.20762
2.1886
2.16774
2.14685
2.12832
2.10749
2.08751
2.07246
2.05275
2.03357
2.01233
1.99356
1.97513
1.95832
1.93734
1.92132
1.90143
1.87814
1.85181
1.83521
1.8109
1.79117
1.75978
1.74397
1.72261
1.70143
1.68007
1.65608
1.6391
1.62092
1.6032
1.58908
1.5681
1.54656
1.52932
1.51304
1.4922
1.47573
1.44898
1.43327
1.41311
1.39464
1.37476
1.35268
1.33489
1.31274
1.29601
1.27641
1.25911
1.23803
1.22608
1.20914
1.1884
1.17085
1.15352
1.13395
1.11632
1.10041
1.08173
1.0663
1.04746
1.02761
1.00967
0.987541
0.975821
0.959128
0.936057
0.92045
0.901829
0.885507
0.870333
0.855516
0.84201
0.823967
0.81416
0.79706
0.789405
0.778742
0.76659
0.757659
0.746409
0.734067
0.720913
0.712131
0.701129
0.692961
0.685791
0.671481
0.666141
0.655058
0.647522
0.638741
0.630665
0.621603
0.614008
0.607686
0.599051
0.591125
0.582584
0.576652
0.568475
0.562485
0.555778
0.550327
0.544026
0.538818
0.533297
0.527942
0.522476
0.517746
0.513065
0.507679
0.501743
0.497633
0.492865
0.48757
0.481965
0.477929
0.472159
0.467668
0.463356
0.457535
0.452061
0.445336
0.441309
0.436904
0.432058
0.426795
0.422374
0.417893
0.413594
0.409767
0.404936
0.401027
0.396389
0.392153
0.38827
0.384015
0.380665
0.375932
0.373454
0.370176
0.366764
0.363398
0.36008
0.356518
0.353651
0.349666
0.346111
0.342793
0.338413
0.335628
0.331658
0.328497
0.325201
0.321818
0.318237
0.314006
0.311549
0.308143
0.304821
0.301418
0.298008
0.294741
0.290934
0.287915
0.284187
0.281121
0.278098
0.274155
0.270602
0.267964
0.26453
0.261839
0.256853
0.255015
0.251515
0.248227
0.245907
0.242812
0.240293
0.237511
0.234853
0.23257
0.229086
0.226626
0.224788
0.222271
0.219871
0.217096
0.214794
0.212589
0.210054
0.207748
0.205786
0.203548
0.200556
0.199
0.196785
0.194858
0.192938
0.191146
0.189448
0.187905
0.185923
0.184133
0.181364
0.180355
0.179018
0.17737
0.175335
0.173838
0.171616
0.170064
0.168451
0.166369
0.163677
0.162324
0.160068
0.158886
0.156607
0.155053
0.153264
0.151599
0.15045
0.148633
0.147513
0.145675
0.14462
0.14298
0.141388
0.140509
0.138616
0.137289
0.13604
0.134215
0.132458
0.131153
0.129963
0.1282
0.126744
0.125152
0.123671
0.121643
0.119995
0.118889
0.117336
0.115927
0.113955
0.112688
0.111335
0.110173
0.10861
0.107247
0.106249
0.10517
0.103708
0.10275
0.101619
0.100387
0.0994084
0.0977225
0.0966043
0.095344
0.0941873
0.0933169
0.0922656
0.0912159
0.0901205
0.0889463
0.0874611
0.0862658
0.085487
0.0842396
0.0831279
0.0818794
0.0807706
0.0797081
0.0787699
0.0776534
0.0766183
0.0754217
0.0745945
0.0734447
0.0726711
0.0716187
0.0703176
0.0696025
0.0688556
0.0677268
0.0668789
0.0660127
0.0645658
0.0638509
0.0629344
0.0618006
0.060865
0.0597977
0.0587588
0.0580454
0.0569723
0.0564022
0.0554784
0.0548163
0.0540982
0.0533647
0.0528113
0.0519196
0.0514415
0.0508583
0.0502936
0.0498495
0.0493474
0.0489415
0.0484443
0.0480807
0.047672
0.0472454
0.0467135
0.0463561
0.0459513
0.0456163
0.0452726
0.0448553
0.0445502
0.0442039
0.0438933
0.0435982
0.0432668
0.0429828
0.0426015
0.0422832
0.0420255
0.0416021
0.0413089
0.0409828
0.0406379
0.0403361
0.0399101
0.0396384
0.0394236
0.0391253
0.0387506
0.0386089
0.0383993
0.0382297
0.0380537
0.0378663
0.0376467
0.0374956
0.0373504
0.0371743
0.0369997
0.036844
0.0366535
0.0364727
0.0363283
0.0361686
0.0359907
0.0358094
0.0355927
0.0354612
0.0353012
0.0350904
0.0349063
0.0347169
0.0345505
0.0343848
0.0341382
0.0339785
0.0338169
0.0335978
0.0334199
0.0334199
0.0334199
0.0334199
0.0334199
0.0334199
0.0334199
0.0334199
0.0334199
0.0334199
0.0334199
0.0334199
0.0334199
0.0334199
0.0334199
0.0334199
0.0334199
0.0334199
0.0334199
0.0334199
0.0334199
0.0334199
0.0334199
0.0334199
0.0334199
0.0334199
0.0334199
0.0334199
0.0334199
0.0334199
0.0334199
0.0334199
0.0334199
0.0334199
0.0334199
0.0334199
0.0334199
0.0334199
0.0334199
0.0334199
0.0334199
0.0334199
0.0334199
0.0334199
0.0334199
0.0334199
0.0334199
0.0334199
0.0334199
0.0334199
0.0334199
0.0334199
0.0334199
0.0334199
0.0334199
0.0334199
0.0334199
0.0334199
0.0334199
0.0334199
0.0334199
0.0334199
0.0334199
0.0334199
0.0334199
0.0334199
0.0334199
0.0334199
0.0334199
0.0334199
0.0334199
0.0334199
0.0334199
0.0334199
0.0334199
0.0334199
0.0334199
0.0334199
0.0334199
0.0334199
0.0334199
0.0334199
0.0334199
0.0334199
0.0334199
0.0334199
0.0334199
0.0334199
0.0334199
0.0334199
0.0334199
0.0334199
0.0334199
0.0334199
0.0334199
0.0334199
0.0334199
0.0334199
0.0334199
0.0334199
0.0334199
0.0334199
0.0334199
0.0334199
0.0334199
0.0334199
0.0334199
0.0334199
0.0334199
0.0334199
0.0334199
0.0334199
0.0334199
0.0334199
0.0334199
0.0334199
0.0334199
0.0334199
0.0334199
0.0334199
0.0334199
0.0334199
0.0334199
0.0334199
0.0334199
0.0334199
0.0334199
0.0334199
0.0334199
0.0334199
0.0334199
0.0334199
0.0334199
0.0334199
0.0334199
0.0334199
0.0334199
0.0334199
0.0334199
0.0334199
0.0334199
0.0334199
0.0334199
0.0334199
0.0334199
0.0334199
0.0334199
0.0334199
0.0334199
0.0334199
0.0334199
0.0334199
0.0334199
0.0334199
0.0334199
0.0334199
0.0334199
0.0334199
0.0334199
0.0334199
0.0334199
0.0334199
0.0334199
0.0334199
0.0334199
0.0334199
0.0334199
0.0334199
0.0334199
0.0334199
0.0334199
0.0334199
0.0334199
0.0334199
0.0334199
0.0334199
0.0334199
0.0334199
0.0334199
0.0334199
0.0334199
0.0334199
0.0334199
0.0334199
0.0334199
0.0334199
0.0334199
0.0334199
0.0334199
0.0334199
0.0334199
0.0334199
0.0334199
0.0334199
0.0334199
0.0334199
0.0334199
0.0334199
0.0334199
0.0334199
0.0334199
0.0334199
0.0334199
0.0334199
0.0334199
0.0334199
0.0334199
0.0334199
0.0334199
0.0334199
0.0334199
0.0334199
0.0334199
0.0334199
0.0334199
0.0334199
0.0334199
0.0334199
0.0334199
0.0334199
0.0334199
0.0334199
0.0334199
0.0334199
0.0334199
0.0334199
0.0334199
0.0334199
0.0334199
0.0334199
0.0334199
0.0334199
0.0334199
0.0334199
0.0334199
0.0334199
0.0334199
0.0334199
0.0334199
0.0334199
0.0334199
0.0334199
0.0334199
0.0334199
0.0334199
0.0334199
0.0334199
0.0334199
0.0334199
0.0334199
0.0334199
0.0334199
0.0334199
0.0334199
0.0334199
0.0334199
0.0334199
0.0334199
0.0334199
0.0334199
0.0334199
0.0334199
0.0334199
0.0334199
0.0334199
0.0334199
0.0334199
0.0334199
0.0334199
0.0334199
0.0334199
0.0334199
0.0334199
0.0334199
0.0334199
0.0334199
0.0334199
0.0334199
0.0334199
0.0334199
0.0334199
0.0334199
0.0334199
0.0334199
0.0334199
0.0334199
0.0334199
0.0334199
0.0334199
0.0334199
0.0334199
0.0334199
0.0334199
0.0334199
0.0334199
0.0334199
0.0334199
0.0334199
0.0334199
0.0334199
0.0334199
0.0334199
0.0334199
0.0334199
0.0334199
0.0334199
0.0334199
0.0334199
0.0334199
0.0334199
0.0334199
0.0334199
0.0334199
0.0334199
0.0334199
0.0334199
0.0334199
0.0334199
0.0334199
0.0334199
0.0334199
0.0334199
0.0334199
0.0334199
0.0334199
0.0334199
0.0334199
0.0334199
0.0334199
0.0334199
0.0334199
0.0334199
0.0334199
0.0334199
0.0334199
0.0334199
0.0334199
0.0334199
0.0334199
0.0334199
0.0334199
0.0334199
0.0334199
0.0334199
0.0334199
0.0334199
0.0334199
0.0334199
0.0334199
0.0334199
0.0334199
0.0334199
0.0334199
0.0334199
0.0334199
0.0334199
0.0334199
0.0334199
0.0334199
0.0334199
0.0334199
0.0334199
0.0334199
0.0334199
0.0334199
0.0334199
0.0334199
0.0334199
0.0334199
0.0334199
0.0334199
0.0334199
0.0334199
0.0334199
0.0334199
0.0334199
0.0334199
0.0334199
0.0334199
0.0334199
0.0334199
0.0334199
0.0334199
0.0334199
0.0334199
0.0334199
0.0334199
0.0334199
0.0334199
0.0334199
0.0334199
0.0334199
0.0334199
0.0334199
0.0334199
0.0334199
0.0334199
0.0334199
0.0334199
0.0334199
0.0334199
0.0334199
0.0334199
0.0334199
0.0334199
0.0334199
0.0334199
0.0334199
0.0334199
0.0334199
0.0334199
0.0334199
0.0334199
0.0334199
0.0334199
0.0334199
0.0334199
0.0334199
0.0334199
0.0334199
0.0334199
0.0334199
0.0334199
0.0334199
0.0334199
0.0334199
0.0334199
0.0334199
0.0334199
0.0334199
0.0334199
0.0334199
0.0334199
0.0334199
0.0334199
0.0334199
0.0334199
0.0334199
0.0334199
0.0334199
0.0334199
0.0334199
0.0334199
0.0334199
0.0334199
0.0334199
0.0334199
0.0334199
0.0334199
0.0334199
0.0334199
0.0334199
0.0334199
0.0334199
0.0334199
0.0334199
0.0334199
0.0334199
0.0334199
0.0334199
0.0334199
0.0334199
0.0334199
0.0334199
0.0334199
0.0334199
0.0334199
0.0334199
0.0334199
0.0334199
0.0334199
0.0334199
0.0334199
0.0334199
0.0334199
0.0334199
0.0334199
0.0334199
0.0334199
0.0334199
0.0334199
0.0334199
0.0334199
0.0334199
0.0334199
0.0334199
0.0334199
0.0334199
0.0334199
0.0334199
0.0334199
0.0334199
0.0334199
0.0334199
0.0334199
0.0334199
0.0334199
0.0334199
0.0334199
0.0334199
0.0334199
0.0334199
0.0334199
0.0334199
0.0334199
0.0334199
0.0334199
0.0334199
0.0334199
0.0334199
0.0334199
0.0334199
0.0334199
0.0334199
0.0334199
0.0334199
0.0334199
0.0334199
0.0334199
0.0334199
0.0334199
0.0334199
0.0334199
0.0334199
0.0334199
0.0334199
0.0334199
0.0334199
0.0334199
0.0334199
0.0334199
0.0334199
0.0334199
0.0334199
0.0334199
0.0334199
0.0334199
0.0334199
0.0334199
0.0334199
0.0334199
0.0334199
0.0334199
0.0334199
0.0334199
0.0334199
0.0334199
0.0334199
0.0334199
0.0334199
0.0334199
0.0334199
0.0334199
0.0334199
0.0334199
0.0334199
0.0334199
0.0334199
0.0334199
0.0334199
0.0334199
0.0334199
0.0334199
0.0334199
0.0334199
0.0334199
0.0334199
0.0334199
0.0334199
0.0334199
0.0334199
0.0334199
0.0334199
0.0334199
0.0334199
0.0334199
0.0334199
0.0334199
0.0334199
0.0334199
0.0334199
0.0334199
0.0334199
0.0334199
0.0334199
0.0334199
0.0334199
0.0334199
0.0334199
0.0334199
0.0334199
0.0334199
0.0334199
0.0334199
0.0334199
0.0334199
0.0334199
0.0334199
0.0334199
0.0334199
0.0334199
0.0334199
0.0334199
0.0334199
0.0334199
0.0334199
0.0334199
0.0334199
0.0334199
0.0334199
0.0334199
0.0334199
0.0334199
0.0334199
0.0334199
0.0334199
0.0334199
0.0334199
0.0334199
0.0334199
0.0334199
0.0334199
0.0334199
0.0334199
0.0334199
0.0334199
0.0334199
0.0334199
0.0334199
0.0334199
0.0334199
0.0334199
0.0334199
0.0334199
0.0334199
0.0334199
0.0334199
0.0334199
0.0334199
0.0334199
0.0334199
0.0334199
0.0334199
0.0334199
0.0334199
0.0334199
0.0334199
0.0334199
0.0334199
0.0334199
0.0334199
0.0334199
0.0334199
0.0334199
0.0334199
0.0334199
0.0334199
0.0334199
0.0334199
0.0334199
0.0334199
0.0334199
0.0334199
0.0334199
0.0334199
0.0334199
0.0334199
0.0334199
0.0334199
0.0334199
0.0334199
0.0334199
0.0334199
0.0334199
0.0334199
0.0334199
0.0334199
0.0334199
0.0334199
0.0334199
0.0334199
0.0334199
0.0334199
0.0334199
0.0334199
0.0334199
0.0334199
0.0334199
0.0334199
0.0334199
0.0334199
0.0334199
0.0334199
0.0334199
0.0334199
0.0334199
0.0334199
0.0334199
0.0334199
0.0334199
0.0334199
0.0334199
0.0334199
0.0334199
0.0334199
0.0334199
0.0334199
0.0334199
0.0334199
0.0334199
0.0334199
0.0334199
0.0334199
0.0334199
0.0334199
0.0334199
0.0334199
0.0334199
0.0334199
0.0334199
0.0334199
0.0334199
0.0334199
0.0334199
0.0334199
0.0334199
0.0334199
0.0334199
0.0334199
0.0334199
0.0334199
0.0334199
0.0334199
0.0334199
0.0334199
0.0334199
0.0334199
0.0334199
0.0334199
0.0334199
0.0334199
0.0334199
0.0334199
0.0334199
0.0334199
0.0334199
0.0334199
0.0334199
0.0334199
0.0334199
0.0334199
0.0334199
0.0334199
0.0334199
0.0334199
0.0334199
0.0334199
0.0334199
0.0334199
0.0334199
0.0334199
0.0334199
0.0334199
0.0334199
0.0334199
0.0334199
0.0334199
0.0334199
0.0334199
0.0334199
0.0334199
0.0334199
0.0334199
0.0334199
0.0334199
0.0334199
0.0334199
0.0334199
0.0334199
0.0334199
0.0334199
0.0334199
0.0334199
0.0334199
0.0334199
0.0334199
0.0334199
0.0334199
0.033134
0.0327841
0.0324632
0.0321761
0.0318209
0.0315288
0.0312128
0.0309474
0.0306589
0.0302603
0.0300208
0.0296989
0.0294293
0.0291458
0.0288504
0.0286139
0.0283403
0.0281038
0.0278255
0.0275542
0.027265
0.0270834
0.0267836
0.0265861
0.026305
0.0260852
0.0258397
0.025678
0.025475
0.0252358
0.0250711
0.0249128
0.0246779
0.0245326
0.024321
0.0240985
0.0239382
0.0237658
0.0235875
0.0234243
0.0232443
0.0230486
0.0228908
0.0227093
0.0225051
0.0225051
0.0225051
0.0225051
0.0225051
0.0225051
0.0225051
0.0225051
0.0225051
0.0225051
0.0225051
0.0225051
0.0225051
0.0225051
0.0225051
0.0225051
0.0225051
0.0225051
0.0225051
0.0225051
0.0225051
0.0225051
0.0225051
0.0225051
0.0225051
0.0225051
0.0225051
0.0225051
0.0225051
0.0225051
0.0225051
0.0225051
0.0225051
0.0225051
0.0225051
0.0225051
0.0225051
0.0225051
0.0225051
0.0225051
0.0225051
0.0225051
0.0225051
0.0225051
0.0225051
0.0225051
0.0225051
0.0225051
0.0225051
0.0225051
0.0225051
0.0225051
0.0225051
0.0225051
0.0225051
0.0225051
0.0225051
0.0225051
0.0225051
0.0225051
0.0225051
0.0225051
0.0225051
0.0225051
0.0225051
0.0225051
0.0225051
0.0225051
0.0225051
0.0225051
0.0225051
0.0225051
0.0225051
0.0225051
0.0225051
0.0225051
0.0225051
0.0225051
0.0225051
0.0225051
0.0225051
0.0225051
0.0225051
0.0225051
0.0225051
0.0225051
0.0225051
0.0225051
0.0225051
0.0225051
0.0225051
0.0225051
0.0225051
0.0225051
0.0225051
0.0225051
0.0225051
0.0225051
0.0225051
0.0225051
0.0225051
0.0225051
0.0225051
0.0225051
0.0225051
0.0225051
0.0225051
0.0225051
0.0225051
0.0225051
0.0225051
0.0225051
0.0225051
0.0225051
0.0225051
0.0225051
0.0225051
0.0225051
0.0225051
0.0225051
0.0225051
0.0225051
0.0225051
0.0225051
0.0225051
0.0225051
0.0225051
0.0225051
0.0225051
0.0225051
0.0225051
0.0225051
0.0225051
0.0225051
0.0225051
0.0225051
0.0225051
0.0225051
0.0225051
0.0225051
0.0225051
0.0225051
0.0225051
0.0225051
0.0225051
0.0225051
0.0225051
0.0225051
0.0225051
0.0225051
0.0225051
0.0225051
0.0225051
0.0225051
0.0225051
0.0225051
0.0225051
0.0225051
0.0225051
0.0225051
0.0225051
0.0225051
0.0225051
0.0225051
0.0225051
