2.476e+08
5.56022e+07
1.953e+07
4.60808e+06
4.60808e+06
2.19093e+06
2.19093e+06
2.19093e+06
2.19093e+06
2.19093e+06
1.87788e+06
840483
840483
247888
247888
130518
86588
64712.5
64712.5
57434.8
53149.4
53149.4
53149.4
53149.4
44368.6
12422.1
12422.1
12422.1
12422.1
11798.1
6511.78
6511.78
4711.8
3297.45
2626.09
1330.97
1330.97
1330.97
727.381
727.381
727.381
510.953
510.953
510.953
510.953
403.493
403.493
330.338
220.302
215.521
138.423
138.423
68.4652
68.4652
68.4652
60.9927
60.9927
38.1616
38.1616
38.1616
38.1616
38.1616
33.7487
27.505
27.505
27.505
27.505
26.2268
26.2268
22.8311
22.8311
22.8311
21.8437
17.9077
17.9077
17.9077
16.1579
16.1579
15.79
15.0597
14.9275
14.7096
14.7096
14.6265
14.3108
13.6384
13.6384
13.6384
13.6384
13.6384
13.5594
13.4027
13.3579
13.1173
13.1173
12.9872
12.8653
12.803
12.7766
12.7766
12.7188
12.6959
12.6723
12.5991
12.4916
12.434
12.4285
12.3804
12.3371
12.2982
12.2812
12.2148
12.168
12.1352
12.1046
12.0434
12.0096
11.9481
11.936
11.8858
11.8648
11.8203
11.7991
11.7347
11.6952
11.6616
11.6447
11.6183
11.5711
11.5442
11.5065
11.4651
11.4357
11.4024
11.3767
11.3414
11.3139
11.2838
11.2503
11.2208
11.1998
11.1626
11.1303
11.1143
11.0863
11.0639
11.0398
11.0192
10.9852
10.9698
10.9454
10.9164
10.894
10.8635
10.8476
10.8166
10.7969
10.7687
10.7268
10.7136
10.6854
10.6676
10.6456
10.6178
10.5939
10.5744
10.5548
10.5109
10.5109
10.4878
10.4636
10.4381
10.417
10.3948
10.3685
10.3328
10.3085
10.2926
10.2632
10.2362
10.2162
10.1808
10.1682
10.1282
10.1097
10.0915
10.0652
10.0413
10.0157
10.0001
9.97469
9.95548
9.92703
9.90223
9.87572
9.86599
9.84419
9.82344
9.80291
9.78418
9.76811
9.75371
9.7365
9.71931
9.70144
9.68517
9.67056
9.65091
9.639
9.61925
9.60329
9.59029
9.57401
9.55215
9.53988
9.52056
9.50324
9.4873
9.47032
9.43993
9.42818
9.4115
9.3916
9.37365
9.35307
9.33765
9.32071
9.30193
9.28137
9.26563
9.24112
9.22697
9.20833
9.19184
9.17338
9.15123
9.13233
9.12243
9.10706
9.08547
9.07327
9.05885
9.04419
9.03023
9.01185
9.00194
8.98649
8.96846
8.9613
8.94161
8.92549
8.90541
8.89642
8.88048
8.86445
8.85579
8.84224
8.82401
8.80992
8.7976
8.78405
8.77125
8.75422
8.74028
8.7272
8.71196
8.69429
8.6796
8.66712
8.65331
8.63821
8.62428
8.60857
8.59815
8.5823
8.56628
8.55403
8.5369
8.52135
8.51096
8.49255
8.48058
8.46558
8.4506
8.43742
8.41857
8.40507
8.3903
8.37015
8.34674
8.34363
8.32621
8.31329
8.30065
8.28812
8.27284
8.25738
8.24169
8.22389
8.21594
8.19949
8.18137
8.16912
8.14753
8.1373
8.12164
8.10958
8.09169
8.07777
8.06335
8.05072
8.03459
8.02169
7.9999
7.98718
7.96888
7.95661
7.93156
7.92229
7.9041
7.88931
7.87139
7.85373
7.83673
7.81996
7.8061
7.79349
7.7785
7.76346
7.7442
7.73554
7.72105
7.69837
7.68694
7.67562
7.65717
7.64338
7.62822
7.61354
7.59679
7.58533
7.5761
7.56048
7.54849
7.53474
7.52372
7.5107
7.50144
7.49348
7.47946
7.47162
7.46081
7.44619
7.44179
7.42814
7.41618
7.40525
7.39448
7.38235
7.37004
7.35912
7.34333
7.33
7.31737
7.30343
7.29341
7.27954
7.26425
7.25116
7.23904
7.22302
7.20727
7.19429
7.17735
7.16531
7.1463
7.13225
7.12446
7.10268
7.09325
7.07884
7.0668
7.04981
7.03814
7.02197
7.00798
6.99854
6.99086
6.97703
6.96415
6.94793
6.93282
6.9194
6.90992
6.89606
6.88055
6.86558
6.85161
6.83677
6.82014
6.80749
6.78863
6.77327
6.75515
6.73782
6.72474
6.70772
6.6886
6.68186
6.66725
6.65156
6.6388
6.62092
6.60507
6.58741
6.56592
6.55133
6.52969
6.5128
6.49184
6.47701
6.46017
6.43447
6.42187
6.40421
6.38847
6.36644
6.33616
6.32636
6.30691
6.28856
6.27546
6.25998
6.23823
6.21705
6.20697
6.18786
6.16945
6.15556
6.13604
6.12413
6.10806
6.09015
6.07694
6.06221
6.04959
6.03419
6.01784
6.00674
5.98951
5.97441
5.96016
5.94687
5.93278
5.9186
5.90578
5.88851
5.87365
5.86051
5.84162
5.82425
5.79103
5.76807
5.74917
5.72554
5.70983
5.68714
5.6551
5.63857
5.60235
5.58526
5.55376
5.54319
5.52265
5.50047
5.48444
5.46485
5.44846
5.43125
5.41683
5.40074
5.38444
5.37377
5.36212
5.34505
5.31524
5.31285
5.29069
5.2815
5.27073
5.25116
5.23672
5.22511
5.2134
5.19933
5.18468
5.16996
5.14986
5.13994
5.12264
5.10931
5.09318
5.07906
5.06254
5.04906
5.03098
5.01862
5.00566
4.99406
4.97639
4.96268
4.95072
4.93083
4.91594
4.90202
4.88744
4.87239
4.86135
4.84413
4.82403
4.80776
4.78258
4.76854
4.75339
4.731
4.71706
4.69266
4.67631
4.66015
4.64495
4.62979
4.6116
4.5932
4.57587
4.55108
4.53918
4.5208
4.5064
4.48339
4.45811
4.44162
4.42451
4.40537
4.38836
4.36577
4.34469
4.32792
4.30998
4.2861
4.27231
4.24582
4.23059
4.217
4.20155
4.18041
4.15715
4.13688
4.12121
4.09434
4.06866
4.05353
4.03244
4.00904
3.9921
3.96909
3.95264
3.93438
3.91651
3.90048
3.877
3.8619
3.84807
3.82647
3.81299
3.79565
3.77907
3.76026
3.74301
3.72307
3.71242
3.69685
3.67918
3.6662
3.64593
3.63611
3.61415
3.60816
3.58771
3.57448
3.55213
3.53794
3.51563
3.50054
3.48667
3.46705
3.45253
3.4392
3.42516
3.40588
3.39186
3.36821
3.36058
3.33523
3.31817
3.306
3.28725
3.26752
3.25104
3.23745
3.22411
3.20846
3.19694
3.18099
3.16398
3.14902
3.13813
3.11446
3.10831
3.08898
3.0755
3.06035
3.04129
3.02383
3.00948
2.99503
2.9788
2.95881
2.94283
2.92874
2.91341
2.89504
2.88009
2.86738
2.8509
2.83592
2.82044
2.80394
2.79152
2.7759
2.7641
2.74649
2.73517
2.72002
2.7013
2.69257
2.67384
2.66002
2.64591
2.63212
2.61085
2.59695
2.58553
2.57342
2.56154
2.54855
2.53832
2.51686
2.50514
2.49374
2.47443
2.4591
2.44757
2.43248
2.40149
2.38876
2.36957
2.34875
2.32413
2.30678
2.28357
2.26241
2.24008
2.22588
2.20833
2.19205
2.17494
2.15711
2.13271
2.11792
2.09791
2.08519
2.05854
2.03512
2.01949
2.00241
1.97864
1.95311
1.92931
1.90994
1.88694
1.86917
1.8462
1.81333
1.77883
1.7695
1.74108
1.72479
1.70518
1.6781
1.65574
1.64852
1.63563
1.61719
1.5985
1.58809
1.5677
1.55527
1.54095
1.53258
1.51852
1.50651
1.49435
1.48092
1.47307
1.45641
1.44686
1.43324
1.41134
1.41059
1.40055
1.38322
1.37427
1.36597
1.34796
1.32827
1.31784
1.30726
1.29195
1.28013
1.26589
1.24854
1.23811
1.21989
1.20804
1.19593
1.18544
1.17505
1.16306
1.14833
1.13607
1.12827
1.11749
1.106
1.09656
1.08171
1.07238
1.06191
1.05058
1.04368
1.02848
1.0193
1.00888
0.99939
0.98672
0.97707
0.967659
0.959635
0.948256
0.942766
0.933889
0.922805
0.913076
0.905016
0.896107
0.887599
0.881187
0.874024
0.86499
0.861568
0.852475
0.844026
0.839499
0.832892
0.827141
0.82206
0.818411
0.811706
0.804321
0.798494
0.790946
0.787644
0.781344
0.772676
0.768579
0.761811
0.756758
0.749388
0.743897
0.737095
0.730705
0.723336
0.719561
0.714432
0.708911
0.702422
0.69656
0.689788
0.682854
0.677274
0.672855
0.667866
0.662692
0.657429
0.652829
0.647796
0.642921
0.636958
0.634339
0.62853
0.624924
0.619274
0.612038
0.608989
0.604366
0.599823
0.594929
0.589283
0.585129
0.580583
0.576724
0.572906
0.569641
0.566423
0.561593
0.559718
0.55494
0.55203
0.550031
0.54501
0.541548
0.539206
0.535391
0.530203
0.527401
0.523408
0.519454
0.513723
0.511975
0.507496
0.502301
0.498423
0.493854
0.490031
0.485855
0.481736
0.47814
0.474045
0.47161
0.468365
0.465455
0.46261
0.458952
0.456701
0.453534
0.450669
0.447374
0.445249
0.442465
0.440136
0.437191
0.435129
0.432239
0.429844
0.427499
0.424359
0.422211
0.419177
0.416577
0.413557
0.411293
0.408058
0.405629
0.403736
0.40173
0.398993
0.396961
0.3944
0.392249
0.389669
0.387655
0.384753
0.382309
0.38047
0.377909
0.375299
0.373801
0.370885
0.367709
0.364174
0.362073
0.359388
0.357089
0.354128
0.351198
0.347112
0.345588
0.34165
0.338483
0.336377
0.333619
0.331074
0.327638
0.324912
0.321278
0.318596
0.31609
0.312931
0.309818
0.306578
0.304646
0.301994
0.297689
0.296777
0.294227
0.291567
0.289087
0.286331
0.28427
0.280932
0.279445
0.277905
0.275783
0.273619
0.271731
0.270219
0.268237
0.266795
0.264879
0.264106
0.262554
0.261302
0.258625
0.258363
0.256357
0.255056
0.253289
0.250982
0.249729
0.247719
0.246449
0.243047
0.242526
0.240826
0.239229
0.238216
0.23629
0.234722
0.233337
0.231997
0.230458
0.229368
0.228089
0.226683
0.225349
0.224719
0.222914
0.221321
0.220518
0.218993
0.217507
0.216731
0.215405
0.214117
0.212244
0.211094
0.21012
0.209044
0.207877
0.206504
0.20548
0.204291
0.202653
0.201247
0.200378
0.19914
0.198019
0.196631
0.195486
0.193788
0.193351
0.191649
0.190514
0.189485
0.187815
0.187024
0.185878
0.184245
0.183595
0.182085
0.181303
0.180528
0.179811
0.178694
0.178126
0.177484
0.1764
0.17589
0.175098
0.174425
0.173812
0.173335
0.172582
0.172078
0.17137
0.170964
0.17027
0.169561
0.168568
0.168305
0.167643
0.166994
0.166442
0.16593
0.16539
0.164591
0.164349
0.163605
0.163185
0.162608
0.16209
0.161685
0.161072
0.160532
0.160255
0.159528
0.159107
0.158569
0.1582
0.157598
0.157036
0.156418
0.155812
0.155143
0.154657
0.154068
0.153027
0.152355
0.151841
0.151458
0.150727
0.150147
0.149483
0.148985
0.148072
0.147449
0.146739
0.145999
0.145371
0.144509
0.143858
0.14281
0.14214
0.141322
0.140867
0.140025
0.139338
0.138692
0.137752
0.136984
0.136031
0.134718
0.133979
0.132688
0.131581
0.130846
0.129815
0.128926
0.127939
0.12702
0.125778
0.124821
0.123864
0.122875
0.122217
0.121443
0.120446
0.119114
0.118552
0.11783
0.116954
0.116108
0.115415
0.11468
0.113563
0.112493
0.111987
0.110911
0.110116
0.109148
0.107972
0.107305
0.106232
0.105117
0.104267
0.103092
0.102373
0.101661
0.100443
0.0997163
0.0989927
0.0978456
0.097512
0.0961514
0.0957471
0.0949382
0.0939916
0.0937733
0.0930547
0.0924284
0.0916908
0.0910746
0.0903486
0.0895146
0.0889599
0.0884672
0.0877747
0.0871149
0.0861781
0.0857083
0.0851908
0.084497
0.0837788
0.0831897
0.0826661
0.0821993
0.0817742
0.0811963
0.0806104
0.0797574
0.0794241
0.0788608
0.0781609
0.0775948
0.0768758
0.0764306
0.0756999
0.0750307
0.0744462
0.0737805
0.0732425
0.0728477
0.0724245
0.0719399
0.0711285
0.070752
0.070241
0.0698051
0.0694171
0.0688234
0.0686649
0.0682436
0.0677873
0.0674973
0.06709
0.0667626
0.0663755
0.0660637
0.0657681
0.0654883
0.0652007
0.0648764
0.0646076
0.0643031
0.0640015
0.0636857
0.0634313
0.0631828
0.0628936
0.0626065
0.0622954
0.0620123
0.0617816
0.0614149
0.0611368
0.0608907
0.0606011
0.0603588
0.0601396
0.0599569
0.0596626
0.0594602
0.05919
0.0589516
0.0586973
0.0584618
0.0582808
0.0580356
0.0578715
0.0576674
0.0574563
0.0572461
0.0570724
0.0568703
0.056628
0.0564361
0.0562283
0.0559969
0.0557427
0.0556176
0.0552763
0.0552007
0.0549314
0.0546413
0.0543252
0.0542142
0.0539469
0.0538032
0.0536079
0.0533859
0.0531243
0.0529477
0.0526512
0.0525306
0.0522622
0.0520185
0.0518349
0.0515188
0.0512702
0.0510163
0.0507992
0.0505263
0.0500066
0.049955
0.0496287
0.049361
0.0490686
0.0488373
0.0485345
0.0482522
0.0480224
0.0477898
0.0474822
0.0472052
0.0469455
0.0467332
0.0462973
0.0461413
0.0458637
0.0455778
0.0453575
0.045119
0.0448743
0.0446493
0.0444556
0.0442128
0.0439574
0.0437642
0.0435315
0.0432492
0.043072
0.0427959
0.0426116
0.0424312
0.0422591
0.0420439
0.0418053
0.0415496
0.0414111
0.0412135
0.0409907
0.0407318
0.0405648
0.0401914
0.0400561
0.0398453
0.0396051
0.0393945
0.0390669
0.0389326
0.0387011
0.0385162
0.0385162
0.0385162
0.0385162
0.0385162
0.0385162
0.0385162
0.0385162
0.0385162
0.0385162
0.0385162
0.0385162
0.0385162
0.0385162
0.0385162
0.0385162
0.0385162
0.0385162
0.0385162
0.0385162
0.0385162
0.0385162
0.0385162
0.0385162
0.0385162
0.0385162
0.0385162
0.0385162
0.0385162
0.0385162
0.0385162
0.0385162
0.0385162
0.0385162
0.0385162
0.0385162
0.0385162
0.0385162
0.0385162
0.0385162
0.0385162
0.0385162
0.0385162
0.0385162
0.0385162
0.0385162
0.0385162
0.0385162
0.0385162
0.0385162
0.0385162
0.0385162
0.0385162
0.0385162
0.0385162
0.0385162
0.0385162
0.0385162
0.0385162
0.0385162
0.0385162
0.0385162
0.0385162
0.0385162
0.0385162
0.0385162
0.0385162
0.0385162
0.0385162
0.0385162
0.0385162
0.0385162
0.0385162
0.0385162
0.0385162
0.0385162
0.0385162
0.0385162
0.0385162
0.0385162
0.0385162
0.0385162
0.0385162
0.0385162
0.0385162
0.0385162
0.0385162
0.0385162
0.0385162
0.0385162
0.0385162
0.0385162
0.0385162
0.0385162
0.0385162
0.0385162
0.0385162
0.0385162
0.0385162
0.0385162
0.0385162
0.0385162
0.0385162
0.0385162
0.0385162
0.0385162
0.0385162
0.0385162
0.0385162
0.0385162
0.0385162
0.0385162
0.0385162
0.0385162
0.0385162
0.0385162
0.0385162
0.0385162
0.0385162
0.0385162
0.0385162
0.0385162
0.0385162
0.0385162
0.0385162
0.0385162
0.0385162
0.0385162
0.0385162
0.0385162
0.0385162
0.0385162
0.0385162
0.0385162
0.0385162
0.0385162
0.0385162
0.0385162
0.0385162
0.0385162
0.0385162
0.0385162
0.0385162
0.0385162
0.0385162
0.0385162
0.0385162
0.0385162
0.0385162
0.0385162
0.0385162
0.0385162
0.0385162
0.0385162
0.0385162
0.0385162
0.0385162
0.0385162
0.0385162
0.0385162
0.0385162
0.0385162
0.0385162
0.0385162
0.0385162
0.0385162
0.0385162
0.0385162
0.0385162
0.0385162
0.0385162
0.0385162
0.0385162
0.0385162
0.0385162
0.0385162
0.0385162
0.0385162
0.0385162
0.0385162
0.0385162
0.0385162
0.0385162
0.0385162
0.0385162
0.0385162
0.0385162
0.0385162
0.0385162
0.0385162
0.0385162
0.0385162
0.0385162
0.0385162
0.0385162
0.0385162
0.0385162
0.0385162
0.0385162
0.0385162
0.0385162
0.0385162
0.0385162
0.0385162
0.0385162
0.0385162
0.0385162
0.0385162
0.0385162
0.0385162
0.0385162
0.0385162
0.0385162
0.0385162
0.0385162
0.0385162
0.0385162
0.0385162
0.0385162
0.0385162
0.0385162
0.0385162
0.0385162
0.0385162
0.0385162
0.0385162
0.0385162
0.0385162
0.0385162
0.0385162
0.0385162
0.0385162
0.0385162
0.0385162
0.0385162
0.0385162
0.0385162
0.0385162
0.0385162
0.0385162
0.0385162
0.0385162
0.0385162
0.0385162
0.0385162
0.0385162
0.0385162
0.0385162
0.0385162
0.0385162
0.0385162
0.0385162
0.0385162
0.0385162
0.0385162
0.0385162
0.0385162
0.0385162
0.0385162
0.0385162
0.0385162
0.0385162
0.0385162
0.0385162
0.0385162
0.0385162
0.0385162
0.0385162
0.0385162
0.0385162
0.0385162
0.0385162
0.0385162
0.0385162
0.0385162
0.0385162
0.0385162
0.0385162
0.0385162
0.0385162
0.0385162
0.0385162
0.0385162
0.0385162
0.0385162
0.0385162
0.0385162
0.0385162
0.0385162
0.0385162
0.0385162
0.0385162
0.0385162
0.0385162
0.0385162
0.0385162
0.0385162
0.0385162
0.0385162
0.0385162
0.0385162
0.0385162
0.0385162
0.0385162
0.0385162
0.0385162
0.0385162
0.0385162
0.0385162
0.0385162
0.0385162
0.0385162
0.0385162
0.0385162
0.0385162
0.0385162
0.0385162
0.0385162
0.0385162
0.0385162
0.0385162
0.0385162
0.0385162
0.0385162
0.0385162
0.0385162
0.0385162
0.0385162
0.0385162
0.0385162
0.0385162
0.0385162
0.0385162
0.0385162
0.0385162
0.0385162
0.0385162
0.0385162
0.0385162
0.0385162
0.0385162
0.0385162
0.0385162
0.0385162
0.0385162
0.0385162
0.0385162
0.0385162
0.0385162
0.0385162
0.0385162
0.0385162
0.0385162
0.0385162
0.0385162
0.0385162
0.0385162
0.0385162
0.0385162
0.0385162
0.0385162
0.0385162
0.0385162
0.0385162
0.0385162
0.0385162
0.0385162
0.0385162
0.0385162
0.0385162
0.0385162
0.0385162
0.0385162
0.0385162
0.0385162
0.0385162
0.0385162
0.0385162
0.0385162
0.0385162
0.0385162
0.0385162
0.0385162
0.0385162
0.0385162
0.0385162
0.0385162
0.0385162
0.0385162
0.0385162
0.0385162
0.0385162
0.0385162
0.0385162
0.0385162
0.0385162
0.0385162
0.0385162
0.0385162
0.0385162
0.0385162
0.0385162
0.0385162
0.0385162
0.0385162
0.0385162
0.0385162
0.0385162
0.0385162
0.0385162
0.0385162
0.0385162
0.0385162
0.0385162
0.0385162
0.0385162
0.0385162
0.0385162
0.0385162
0.0385162
0.0385162
0.0385162
0.0385162
0.0385162
0.0385162
0.0385162
0.0385162
0.0385162
0.0385162
0.0385162
0.0385162
0.0385162
0.0385162
0.0385162
0.0385162
0.0385162
0.0385162
0.0385162
0.0385162
0.0385162
0.0385162
0.0385162
0.0385162
0.0385162
0.0385162
0.0385162
0.0385162
0.0385162
0.0385162
0.0385162
0.0385162
0.0385162
0.0385162
0.0385162
0.0385162
0.0385162
0.0385162
0.0385162
0.0385162
0.0385162
0.0385162
0.0385162
0.0385162
0.0385162
0.0385162
0.0385162
0.0385162
0.0385162
0.0385162
0.0385162
0.0385162
0.0385162
0.0385162
0.0385162
0.0385162
0.0385162
0.0385162
0.0385162
0.0385162
0.0385162
0.0385162
0.0385162
0.0385162
0.0385162
0.0385162
0.0385162
0.0385162
0.0385162
0.0385162
0.0385162
0.0385162
0.0385162
0.0385162
0.0385162
0.0385162
0.0385162
0.0385162
0.0385162
0.0385162
0.0385162
0.0385162
0.0385162
0.0385162
0.0385162
0.0385162
0.0385162
0.0385162
0.0385162
0.0385162
0.0385162
0.0385162
0.0385162
0.0385162
0.0385162
0.0385162
0.0385162
0.0385162
0.0385162
0.0385162
0.0385162
0.0385162
0.0385162
0.0385162
0.0385162
0.0385162
0.0385162
0.0385162
0.0385162
0.0385162
0.0385162
0.0385162
0.0385162
0.0385162
0.0385162
0.0385162
0.0385162
0.0385162
0.0385162
0.0385162
0.0385162
0.0385162
0.0385162
0.0385162
0.0385162
0.0385162
0.0385162
0.0385162
0.0385162
0.0385162
0.0385162
0.0385162
0.0385162
0.0385162
0.0385162
0.0385162
0.0385162
0.0385162
0.0385162
0.0385162
0.0385162
0.0385162
0.0385162
0.0385162
0.0385162
0.0385162
0.0385162
0.0385162
0.0385162
0.0385162
0.0385162
0.0385162
0.0385162
0.0385162
0.0385162
0.0385162
0.0385162
0.0385162
0.0385162
0.0385162
0.0385162
0.0385162
0.0385162
0.0385162
0.0385162
0.0385162
0.0385162
0.0385162
0.0385162
0.0385162
0.0385162
0.0385162
0.0385162
0.0385162
0.0385162
0.0385162
0.0385162
0.0385162
0.0385162
0.0385162
0.0385162
0.0385162
0.0385162
0.0385162
0.0385162
0.0385162
0.0385162
0.0385162
0.0385162
0.0385162
0.0385162
0.0385162
0.0385162
0.0385162
0.0385162
0.0385162
0.0385162
0.0385162
0.0385162
0.0385162
0.0385162
0.0385162
0.0385162
0.0385162
0.0385162
0.0385162
0.0385162
0.0385162
0.0385162
0.0385162
0.0385162
0.0385162
0.0385162
0.0385162
0.0385162
0.0385162
0.0385162
0.0385162
0.0385162
0.0385162
0.0385162
0.0385162
0.0385162
0.0385162
0.0385162
0.0385162
0.0385162
0.0385162
0.0385162
0.0385162
0.0385162
0.0385162
0.0385162
0.0385162
0.0385162
0.0385162
0.0385162
0.0385162
0.0385162
0.0385162
0.0385162
0.0385162
0.0385162
0.0385162
0.0385162
0.0385162
0.0385162
0.0385162
0.0385162
0.0385162
0.0385162
0.0385162
0.0385162
0.0385162
0.0385162
0.0385162
0.0385162
0.0385162
0.0385162
0.0385162
0.0385162
0.0385162
0.0385162
0.0385162
0.0385162
0.0385162
0.0385162
0.0385162
0.0385162
0.0385162
0.0385162
0.0385162
0.0385162
0.0385162
0.0385162
0.0385162
0.0385162
0.0385162
0.0385162
0.0385162
0.0385162
0.0385162
0.0385162
0.0385162
0.0385162
0.0385162
0.0385162
0.0385162
0.0385162
0.0385162
0.0385162
0.0385162
0.0385162
0.0385162
0.0385162
0.0385162
0.0385162
0.0385162
0.0385162
0.0385162
0.0385162
0.0385162
0.0385162
0.0385162
0.0385162
0.0385162
0.0385162
0.0385162
0.0385162
0.0385162
0.0385162
0.0385162
0.0385162
0.0385162
0.0385162
0.0385162
0.0385162
0.0385162
0.0385162
0.0385162
0.0385162
0.0385162
0.0385162
0.0385162
0.0385162
0.0385162
0.0385162
0.0385162
0.0385162
0.0385162
0.0385162
0.0385162
0.0385162
0.0385162
0.0385162
0.0385162
0.0385162
0.0385162
0.0385162
0.0385162
0.0385162
0.0385162
0.0385162
0.0385162
0.0385162
0.0385162
0.0385162
0.0385162
0.0385162
0.0385162
0.0385162
0.0385162
0.0385162
0.0385162
0.0385162
0.0385162
0.0385162
0.0385162
0.0385162
0.0385162
0.0385162
0.0385162
0.0385162
0.0385162
0.0385162
0.0385162
0.0385162
0.0385162
0.0385162
0.0385162
0.0385162
0.0385162
0.0385162
0.0385162
0.0385162
0.0385162
0.0385162
0.0385162
0.0385162
0.0385162
0.0385162
0.0385162
0.0385162
0.0385162
0.0385162
0.0385162
0.0385162
0.0385162
0.0385162
0.0385162
0.0385162
0.0385162
0.0385162
0.0385162
0.0385162
0.0385162
0.0385162
0.0385162
0.0385162
0.0385162
