1.73952e+08
1.0742e+08
5.23346e+07
1.01993e+07
2.87102e+06
2.87102e+06
2.87102e+06
1.13958e+06
1.13958e+06
1.13958e+06
993300
945797
407618
140032
42761.8
42761.8
42761.8
42761.8
26821.5
21121.9
20464.9
13383.4
13383.4
8571.13
8571.13
5473.53
5473.53
3079.42
1807.35
1672.89
1672.89
1637.82
1167.04
991.029
991.029
774.937
454.858
256.877
256.877
256.877
93.2797
93.2797
93.2797
93.2797
93.2797
93.2797
93.2797
93.2797
89.2834
60.8029
52.1029
37.9897
27.1998
27.1998
27.1998
27.1998
18.607
18.607
18.607
18.607
18.607
18.0055
18.0055
15.7734
15.7734
15.7734
15.7734
15.4879
15.4488
14.8537
14.8537
14.8537
14.8537
14.3679
14.3138
14.305
14.305
13.8289
13.7893
13.5209
13.417
13.4047
13.2401
13.225
13.2177
13.0835
13.0742
13.001
12.9627
12.9069
12.8544
12.8125
12.7828
12.7268
12.6906
12.6906
12.6237
12.5894
12.5589
12.5186
12.4878
12.4878
12.4421
12.4361
12.4055
12.3936
12.3679
12.345
12.326
12.3021
12.2761
12.2528
12.2311
12.2065
12.1755
12.1551
12.1299
12.0904
12.0728
12.0486
12.0253
11.998
11.967
11.9296
11.9014
11.869
11.8322
11.8012
11.7561
11.7234
11.6801
11.649
11.6124
11.5814
11.5526
11.5168
11.4649
11.4393
11.4071
11.3792
11.3453
11.322
11.2928
11.2625
11.2381
11.2072
11.1807
11.1633
11.1287
11.0964
11.0754
11.0423
11.0189
10.9984
10.9765
10.9533
10.9308
10.9131
10.8825
10.8638
10.8406
10.8133
10.7905
10.7734
10.7464
10.7227
10.7048
10.6809
10.66
10.6378
10.6126
10.5922
10.5653
10.5416
10.5183
10.4776
10.4691
10.4422
10.4225
10.3962
10.3651
10.3458
10.3181
10.2915
10.267
10.2399
10.2074
10.1859
10.1506
10.1236
10.1041
10.0817
10.06
10.0228
10.0021
9.96704
9.95885
9.93202
9.91804
9.88947
9.87599
9.86397
9.84524
9.82948
9.80876
9.78947
9.77059
9.74604
9.73183
9.71304
9.69415
9.67249
9.65902
9.6339
9.61997
9.5977
9.5852
9.5696
9.55537
9.53708
9.51882
9.5066
9.49066
9.46632
9.45598
9.44572
9.42953
9.41303
9.39584
9.37266
9.37075
9.35383
9.33784
9.32487
9.31307
9.29357
9.27643
9.26555
9.2538
9.23045
9.21488
9.20243
9.19152
9.17574
9.15851
9.1482
9.1301
9.11547
9.09878
9.08304
9.06657
9.05157
9.0353
9.02434
9.01052
8.99667
8.97065
8.96236
8.95039
8.93042
8.91625
8.90028
8.88538
8.86964
8.85325
8.83796
8.82344
8.80799
8.79222
8.77843
8.75759
8.74625
8.72996
8.71615
8.70173
8.68653
8.66796
8.65874
8.64296
8.62874
8.61611
8.59462
8.58414
8.57412
8.55823
8.54353
8.52624
8.50452
8.48946
8.46754
8.45239
8.4357
8.40921
8.40049
8.38384
8.36776
8.35186
8.33119
8.31177
8.29753
8.28751
8.27236
8.25457
8.23975
8.22787
8.21112
8.19998
8.18374
8.17258
8.1587
8.13748
8.12212
8.11309
8.09777
8.08503
8.07391
8.05798
8.04882
8.03696
8.02451
8.0123
8.00251
7.99002
7.97457
7.9616
7.94818
7.93455
7.91625
7.90261
7.8792
7.86866
7.85337
7.83101
7.81519
7.7965
7.78361
7.76805
7.74877
7.73067
7.71574
7.6958
7.6829
7.65396
7.63624
7.62377
7.60098
7.58871
7.56928
7.55261
7.5216
7.50122
7.47953
7.4516
7.44103
7.41771
7.3884
7.37411
7.35858
7.33446
7.32094
7.30048
7.28859
7.26922
7.25669
7.24173
7.22504
7.20744
7.19037
7.18175
7.16486
7.15091
7.1365
7.12559
7.10789
7.09397
7.08115
7.06607
7.05334
7.04403
7.02799
7.01565
7.00642
6.9958
6.98428
6.97151
6.96274
6.95044
6.93709
6.9185
6.90887
6.89638
6.88907
6.87776
6.86554
6.85532
6.84431
6.83247
6.8158
6.80245
6.79155
6.78074
6.76517
6.75364
6.74341
6.72847
6.7061
6.70072
6.68855
6.67433
6.66271
6.64752
6.63283
6.61442
6.60679
6.59444
6.57452
6.56131
6.5424
6.52409
6.5118
6.49431
6.47946
6.46479
6.44906
6.43526
6.41871
6.40399
6.38801
6.37667
6.35849
6.34523
6.33641
6.32188
6.31188
6.29766
6.28839
6.27651
6.26317
6.25207
6.24
6.22887
6.21337
6.198
6.18113
6.17189
6.15896
6.14235
6.13
6.1175
6.10464
6.08723
6.07822
6.06269
6.04664
6.0344
6.02606
6.00827
5.99731
5.9882
5.97649
5.9635
5.95191
5.94228
5.93256
5.91961
5.90554
5.89418
5.88171
5.87066
5.85492
5.84475
5.83403
5.81998
5.80879
5.79276
5.78415
5.77276
5.76313
5.75086
5.73983
5.72792
5.71678
5.71096
5.69302
5.68418
5.67329
5.66229
5.64602
5.63874
5.62318
5.59972
5.58674
5.56981
5.54293
5.53329
5.51028
5.49429
5.48004
5.46317
5.44501
5.42303
5.4092
5.39388
5.37553
5.35996
5.34271
5.32532
5.30135
5.27843
5.24885
5.23688
5.21444
5.19824
5.17576
5.15512
5.13626
5.11722
5.09379
5.07691
5.05772
5.03828
5.0165
5.00241
4.98889
4.97481
4.9535
4.94414
4.92892
4.91534
4.9008
4.89323
4.8768
4.86653
4.85107
4.84383
4.83147
4.81697
4.80713
4.79459
4.78176
4.76788
4.75606
4.74322
4.73205
4.72212
4.70707
4.69776
4.68323
4.67382
4.66498
4.65117
4.64177
4.62865
4.61786
4.60549
4.59203
4.57801
4.5605
4.54244
4.53408
4.52004
4.50493
4.48845
4.4746
4.45855
4.44885
4.43439
4.42246
4.40885
4.39294
4.37702
4.3622
4.35023
4.33296
4.31988
4.30152
4.28761
4.27323
4.25636
4.23245
4.22422
4.20114
4.19018
4.17596
4.159
4.13928
4.1201
4.0998
4.08398
4.0706
4.04519
4.02375
4.00845
3.99458
3.97462
3.95844
3.94044
3.92884
3.9082
3.89726
3.87661
3.86621
3.85022
3.83749
3.82495
3.81081
3.79348
3.77946
3.76396
3.74398
3.72788
3.7139
3.69402
3.67852
3.66162
3.6396
3.62797
3.61327
3.59632
3.58144
3.56622
3.55205
3.52788
3.51974
3.50223
3.48624
3.47257
3.45617
3.44431
3.43247
3.41612
3.40831
3.39081
3.3768
3.36734
3.34769
3.329
3.31739
3.30291
3.28827
3.27583
3.25732
3.24393
3.22959
3.21475
3.19914
3.18677
3.1771
3.15603
3.13398
3.12011
3.10228
3.074
3.0657
3.04697
3.02922
3.00951
3.00322
2.98597
2.96994
2.95411
2.9385
2.92167
2.91013
2.88761
2.87709
2.86106
2.84421
2.82806
2.81394
2.80317
2.789
2.7783
2.7676
2.75812
2.74533
2.72779
2.72414
2.70738
2.69908
2.69072
2.67921
2.66676
2.65834
2.6465
2.63547
2.62334
2.61465
2.60044
2.58922
2.57878
2.56509
2.55252
2.54061
2.5269
2.51738
2.50635
2.49382
2.47912
2.46819
2.45569
2.44665
2.43305
2.42294
2.40937
2.39727
2.38628
2.37416
2.36001
2.34957
2.33477
2.31625
2.30619
2.29158
2.27878
2.2593
2.23619
2.21956
2.20269
2.18558
2.17239
2.15427
2.13156
2.12067
2.10192
2.09616
2.07664
2.06164
2.04691
2.03055
2.01509
1.99393
1.98233
1.96891
1.95245
1.93178
1.9178
1.90663
1.88977
1.87376
1.85461
1.84246
1.82797
1.80776
1.78979
1.77523
1.75299
1.73609
1.72658
1.70013
1.69021
1.662
1.64437
1.6287
1.60544
1.58819
1.58157
1.55979
1.54746
1.53217
1.51694
1.50328
1.4852
1.47525
1.45217
1.4384
1.42253
1.41125
1.39774
1.38437
1.37024
1.35477
1.34486
1.334
1.32103
1.31186
1.29912
1.28166
1.27111
1.25907
1.24685
1.23731
1.22377
1.21399
1.20338
1.19358
1.17827
1.17092
1.15746
1.14864
1.13695
1.12869
1.12064
1.11026
1.10618
1.09868
1.0884
1.08176
1.07403
1.06495
1.05884
1.04817
1.03961
1.03188
1.02418
1.01323
1.00483
0.999244
0.99127
0.984334
0.978397
0.970129
0.963695
0.960674
0.951118
0.948176
0.940733
0.935064
0.928588
0.921984
0.915896
0.908245
0.903143
0.896459
0.890223
0.884261
0.878754
0.872649
0.868002
0.859568
0.851986
0.846415
0.83924
0.834162
0.828277
0.823598
0.817134
0.812792
0.806609
0.800674
0.795397
0.785825
0.780194
0.775113
0.768106
0.763309
0.757749
0.749534
0.744308
0.739189
0.733755
0.728418
0.721028
0.715302
0.709663
0.705405
0.700956
0.695409
0.688487
0.683688
0.678737
0.673906
0.668197
0.663839
0.659109
0.652506
0.646898
0.641508
0.637713
0.630652
0.626924
0.624162
0.617908
0.615377
0.61166
0.608341
0.603499
0.599328
0.594804
0.591624
0.587634
0.582758
0.578764
0.575628
0.57212
0.568317
0.564366
0.561093
0.556849
0.553043
0.548362
0.544929
0.541099
0.537525
0.533511
0.529958
0.526033
0.521867
0.516944
0.512165
0.508677
0.503962
0.5011
0.495939
0.492099
0.487394
0.482064
0.477054
0.471656
0.467095
0.462522
0.45815
0.45372
0.450235
0.446653
0.442007
0.436539
0.431476
0.428135
0.423511
0.419044
0.415323
0.409864
0.407126
0.403449
0.399717
0.395447
0.392448
0.38904
0.383886
0.382641
0.377518
0.375149
0.370664
0.367904
0.364117
0.361395
0.357705
0.353938
0.351478
0.347576
0.34361
0.340588
0.337988
0.333955
0.331098
0.328349
0.324958
0.322262
0.319504
0.316717
0.314154
0.311643
0.309225
0.305835
0.302816
0.301586
0.298428
0.296497
0.293091
0.291007
0.289326
0.285613
0.284771
0.281918
0.279212
0.278057
0.27524
0.273447
0.270003
0.268074
0.265374
0.263403
0.26111
0.258127
0.25677
0.254231
0.252077
0.249757
0.247703
0.24652
0.243958
0.24086
0.239596
0.237469
0.235842
0.234513
0.232736
0.230766
0.229424
0.22738
0.226016
0.223299
0.22173
0.220487
0.218038
0.216708
0.21477
0.213318
0.212188
0.210175
0.208299
0.20646
0.204613
0.202787
0.200533
0.198614
0.197553
0.195138
0.19307
0.190327
0.188539
0.186749
0.184699
0.182742
0.181607
0.180035
0.178554
0.177334
0.175879
0.174848
0.173782
0.172442
0.171328
0.170084
0.168854
0.167606
0.166223
0.164515
0.163411
0.162082
0.160898
0.160207
0.15919
0.158269
0.15705
0.15624
0.155065
0.153886
0.153204
0.151903
0.151198
0.150544
0.149436
0.148597
0.148115
0.146886
0.146373
0.14553
0.145002
0.143742
0.143072
0.142341
0.141377
0.140662
0.139761
0.138765
0.138168
0.137192
0.136405
0.135566
0.134956
0.134227
0.13352
0.132722
0.132267
0.131242
0.13072
0.130154
0.129508
0.128905
0.128212
0.127644
0.127131
0.12655
0.125838
0.125332
0.124641
0.124
0.123468
0.122882
0.122463
0.121835
0.121459
0.120862
0.120377
0.119977
0.119491
0.119081
0.118674
0.118285
0.117799
0.117419
0.116863
0.116366
0.115742
0.115107
0.114793
0.114248
0.113919
0.113382
0.113005
0.112559
0.112063
0.11166
0.111179
0.11071
0.110309
0.109893
0.109388
0.108886
0.108353
0.107704
0.107167
0.106579
0.105971
0.105523
0.104918
0.104428
0.103699
0.103253
0.102597
0.102113
0.101551
0.101069
0.100632
0.100118
0.0995562
0.099194
0.0987224
0.0982129
0.0975813
0.0973679
0.0967945
0.0964764
0.0960047
0.095604
0.0951686
0.0946857
0.0941983
0.0937986
0.0931903
0.0929422
0.0924523
0.0919985
0.0915771
0.0910623
0.0906242
0.0903234
0.0899714
0.0895724
0.089271
0.0889044
0.0886742
0.088276
0.087716
0.0873816
0.0870431
0.0866885
0.0861919
0.0857866
0.0854819
0.085101
0.0845932
0.0842501
0.08388
0.0833967
0.0830564
0.0824128
0.0821411
0.0817374
0.0814062
0.0810995
0.0807574
0.0804785
0.0801682
0.0798843
0.0795079
0.0791468
0.0787556
0.0784321
0.0780356
0.0775946
0.0773024
0.0768413
0.076458
0.0760983
0.0757034
0.0752931
0.0748711
0.0744304
0.0741079
0.0739394
0.0735503
0.0732608
0.0729138
0.0726089
0.0722887
0.0720807
0.0718962
0.0715629
0.0712806
0.0709925
0.0707637
0.0704233
0.0701719
0.0698604
0.0696229
0.0693385
0.0690101
0.0686936
0.0684487
0.0679825
0.0678058
0.0675169
0.0672058
0.0669276
0.066628
0.0661654
0.0660087
0.065412
0.0651132
0.06473
0.0643075
0.0639839
0.0635741
0.0632251
0.0628724
0.0624917
0.0620691
0.0618228
0.0612898
0.0610674
0.0607568
0.0603195
0.0600312
0.0597298
0.0594098
0.0590808
0.0587405
0.0585337
0.0582752
0.0579281
0.0575773
0.057293
0.0570422
0.056734
0.0563125
0.0559872
0.0557199
0.055114
0.0550342
0.0547051
0.0543922
0.0539981
0.0536602
0.053229
0.0529623
0.0524725
0.0521142
0.0518896
0.0513382
0.0508722
0.0505296
0.0502412
0.0497325
0.0490922
0.0485912
0.0482825
0.0477385
0.0473175
0.0470344
0.0467762
0.0463248
0.0459059
0.0457447
0.0453277
0.0449922
0.0446905
0.0444387
0.0441682
0.0438592
0.0436065
0.0433639
0.0430582
0.042824
0.0425079
0.0421842
0.0419312
0.041703
0.0414107
0.0412418
0.0408608
0.0406611
0.0404633
0.0401178
0.0398802
0.0396013
0.0393397
0.0390696
0.0388501
0.0386171
0.038343
0.0381292
0.0377212
0.0375076
0.0373438
0.0371261
0.03681
0.0366485
0.0364409
0.0361935
0.0359339
0.0357608
0.0355462
0.035379
0.035186
0.0350418
0.0348212
0.034587
0.0344216
0.0342005
0.0340338
0.0338391
0.0336598
0.0334878
0.0333381
0.0331871
0.032924
0.0328164
0.0326437
0.032423
0.0322843
0.0319964
0.0318888
0.0316181
0.0314921
0.0311905
0.0310505
0.0307597
0.0305533
0.0303463
0.0301938
0.0298496
0.0297155
0.0294682
0.0292612
0.0289914
0.0287965
0.0286746
0.0283826
0.0282511
0.0280229
0.027871
0.0275593
0.0274577
0.0273241
0.0270876
0.0270162
0.026912
0.0267427
0.0266479
0.0264639
0.0262873
0.0261259
0.0259817
0.0258591
0.0256883
0.0256339
0.0254691
0.0253051
0.0251561
0.0249998
0.0248847
0.0247139
0.0245752
0.0244382
0.0242406
0.0240956
0.0239838
0.0238351
0.0236757
0.0235127
0.0234203
0.0232783
0.0231711
0.0230338
0.0229445
0.0229445
0.0229445
0.0229445
0.0229445
0.0229445
0.0229445
0.0229445
0.0229445
0.0229445
0.0229445
0.0229445
0.0229445
0.0229445
0.0229445
0.0229445
0.0229445
0.0229445
0.0229445
0.0229445
0.0229445
0.0229445
0.0229445
0.0229445
0.0229445
0.0229445
0.0229445
0.0229445
0.0229445
0.0229445
0.0229445
0.0229445
0.0229445
0.0229445
0.0229445
0.0229445
0.0229445
0.0229445
0.0229445
0.0229445
0.0229445
0.0229445
0.0229445
0.0229445
0.0229445
0.0229445
0.0229445
0.0229445
0.0229445
0.0229445
0.0229445
0.0229445
0.0229445
0.0229445
0.0229445
0.0229445
0.0229445
0.0229445
0.0229445
0.0229445
0.0229445
0.0229445
0.0229445
0.0229445
0.0229445
0.0229445
0.0229445
0.0229445
0.0229445
0.0229445
0.0229445
0.0229445
0.0229445
0.0229445
0.0229445
0.0229445
0.0229445
0.0229445
0.0229445
0.0229445
0.0229445
0.0229445
0.0229445
0.0229445
0.0229445
0.0229445
0.0229445
0.0229445
0.0229445
0.0229445
0.0229445
0.0229445
0.0229445
0.0229445
0.0229445
0.0229445
0.0229445
0.0229445
0.0229445
0.0229445
0.0229445
0.0229445
0.0229445
0.0229445
0.0229445
0.0229445
0.0229445
0.0229445
0.0229445
0.0229445
0.0229445
0.0229445
0.0229445
0.0229445
0.0229445
0.0229445
0.0229445
0.0229445
0.0229445
0.0229445
0.0229445
0.0229445
0.0229445
0.0229445
0.0229445
0.0229445
0.0229445
0.0229445
0.0229445
0.0229445
0.0229445
0.0229445
0.0229445
0.0229445
0.0229445
0.0229445
0.0229445
0.0229445
0.0229445
0.0229445
0.0229445
0.0229445
0.0229445
0.0229445
0.0229445
0.0229445
0.0229445
0.0229445
0.0229445
0.0229445
0.0229445
0.0229445
0.0229445
0.0229445
0.0229445
0.0229445
0.0229445
0.0229445
0.0229445
0.0229445
0.0229445
0.0229445
0.0229445
0.0229445
0.0229445
0.0229445
0.0229445
0.0229445
0.0229445
0.0229445
0.0229445
0.0229445
0.0229445
0.0229445
0.0229445
0.0229445
0.0229445
0.0229445
0.0229445
0.0229445
0.0229445
0.0229445
0.0229445
0.0229445
0.0229445
0.0229445
0.0229445
0.0229445
0.0229445
0.0229445
0.0229445
0.0229445
0.0229445
0.0229445
0.0229445
0.0229445
0.0229445
0.0229445
0.0229445
0.0229445
0.0229445
0.0229445
0.0229445
0.0229445
0.0229445
0.0229445
0.0229445
0.0229445
0.0229445
0.0229445
0.0229445
0.0229445
0.0229445
0.0229445
0.0229445
0.0229445
0.0229445
0.0229445
0.0229445
0.0229445
0.0229445
0.0229445
0.0229445
0.0229445
0.0229445
0.0229445
0.0229445
0.0229445
0.0229445
0.0229445
0.0229445
0.0229445
0.0229445
0.0229445
0.0229445
0.0229445
0.0229445
0.0229445
0.0229445
0.0229445
0.0229445
0.0229445
0.0229445
0.0229445
0.0229445
0.0229445
0.0229445
0.0229445
0.0229445
0.0229445
0.0229445
0.0229445
0.0229445
0.0229445
0.0229445
0.0229445
0.0229445
0.0229445
0.0229445
0.0229445
0.0229445
0.0229445
0.0229445
0.0229445
0.0229445
0.0229445
0.0229445
0.0229445
0.0229445
0.0229445
0.0229445
0.0229445
0.0229445
0.0229445
0.0229445
0.0229445
0.0229445
0.0229445
0.0229445
0.0229445
0.0229445
0.0229445
0.0229445
0.0229445
0.0229445
0.0229445
0.0229445
0.0229445
0.0229445
0.0229445
0.0229445
0.0229445
0.0229445
0.0229445
0.0229445
0.0229445
0.0229445
0.0229445
0.0229445
0.0229445
0.0229445
0.0229445
0.0229445
0.0229445
0.0229445
0.0229445
0.0229445
0.0229445
0.0229445
0.0229445
0.0229445
0.0229445
0.0229445
0.0229445
0.0229445
0.0229445
0.0229445
0.0229445
0.0229445
0.0229445
0.0229445
0.0229445
0.0229445
0.0229445
0.0229445
0.0229445
0.0229445
0.0229445
0.0229445
0.0229445
0.0229445
0.0229445
0.0229445
0.0229445
0.0229445
0.0229445
0.0229445
0.0229445
0.0229445
0.0229445
0.0229445
0.0229445
0.0229445
0.0229445
0.0229445
0.0229445
0.0229445
0.0229445
0.0229445
0.0229445
0.0229445
0.0229445
0.0229445
0.0229445
0.0229445
0.0229445
0.0229445
0.0229445
0.0229445
0.0229445
0.0229445
0.0229445
0.0229445
0.0229445
0.0229445
0.0229445
0.0229445
0.0229445
0.0229445
0.0229445
0.0229445
0.0229445
0.0229445
0.0229445
0.0229445
0.0229445
0.0229445
0.0229445
0.0229445
0.0229445
0.0229445
0.0229445
0.0229445
0.0229445
0.0229445
0.0229445
0.0229445
0.0229445
0.0229445
0.0229445
0.0229445
0.0229445
0.0229445
0.0229445
0.0229445
0.0229445
0.0229445
0.0229445
0.0229445
0.0229445
0.0229445
0.0229445
0.0229445
0.0229445
0.0229445
0.0229445
0.0229445
0.0229445
0.0229445
0.0229445
0.0229445
0.0229445
0.0229445
0.0229445
0.0229445
0.0229445
0.0229445
0.0229445
0.0229445
0.0229445
0.0229445
0.0229445
0.0229445
0.0229445
0.0229445
0.0229445
0.0229445
0.0229445
0.0229445
0.0229445
0.0229445
0.0229445
0.0229445
0.0229445
0.0229445
0.0229445
0.0229445
0.0229445
0.0229445
0.0229445
0.0229445
0.0229445
0.0229445
0.0229445
0.0229445
0.0229445
0.0229445
0.0229445
0.0229445
0.0229445
0.0229445
0.0229445
0.0229445
0.0229445
0.0229445
0.0229445
0.0229445
0.0229445
0.0229445
0.0229445
0.0229445
0.0229445
0.0229445
0.0229445
0.0229445
0.0229445
0.0229445
0.0229445
0.0229445
0.0229445
0.0229445
0.0229445
0.0229445
0.0229445
0.0229445
0.0229445
0.0229445
0.0229445
0.0229445
0.0229445
0.0229445
0.0229445
0.0229445
0.0229445
0.0229445
0.0229445
0.0229445
0.0229445
0.0229445
0.0229445
0.0229445
0.0229445
0.0229445
0.0229445
0.0229445
0.0229445
0.0229445
0.0229445
0.0229445
0.0229445
0.0229445
0.0229445
0.0229445
0.0229445
0.0229445
0.0229445
0.0229445
0.0229445
0.0229445
0.0229445
0.0229445
0.0229445
0.0229445
0.0229445
0.0229445
0.0229445
0.0229445
0.0229445
0.0229445
0.0229445
0.0229445
0.0229445
0.0229445
0.0229445
0.0229445
0.0229445
0.0229445
0.0229445
0.0229445
0.0229445
0.0229445
0.0229445
0.0229445
0.0229445
0.0229445
0.0229445
0.0229445
0.0229445
0.0229445
0.0229445
0.0229445
0.0229445
0.0229445
0.0229445
0.0229445
0.0229445
0.0229445
0.0229445
0.0229445
0.0229445
0.0229445
0.0229445
0.0229445
0.0229445
0.0229445
0.0229445
0.0229445
0.0229445
0.0229445
0.0229445
0.0229445
0.0229445
0.0229445
0.0229445
0.0229445
0.0229445
0.0229445
0.0229445
0.0229445
0.0229445
0.0229445
0.0229445
0.0229445
0.0229445
0.0229445
0.0229445
0.0229445
0.0229445
0.0229445
0.0229445
0.0229445
0.0229445
0.0229445
0.0229445
0.0229445
0.0229445
0.0229445
0.0229445
0.0229445
0.0229445
0.0229445
0.0229445
0.0229445
0.0229445
0.0229445
0.0229445
0.0229445
0.0229445
0.0229445
0.0229445
0.0229445
0.0229445
0.0229445
0.0229445
0.0229445
0.0229445
0.0229445
0.0229445
0.0229445
0.0229445
0.0229445
0.0229445
0.0229445
0.0229445
0.0229445
0.0229445
0.0229445
0.0229445
0.0229445
0.0229445
0.0229445
0.0229445
0.0229445
0.0229445
0.0229445
0.0229445
0.0229445
0.0229445
0.0229445
0.0229445
0.0229445
0.0229445
0.0229445
0.0229445
0.0229445
0.0229445
0.0229445
0.0229445
0.0229445
0.0229445
0.0229445
0.0229445
0.0229445
0.0229445
0.0229445
0.0229445
0.0229445
0.0229445
0.0229445
0.0229445
0.0229445
0.0229445
0.0229445
0.0229445
0.0229445
0.0229445
0.0229445
0.0229445
0.0229445
0.0229445
0.0229445
0.0229445
0.0229445
0.0229445
0.0229445
0.0229445
0.0229445
0.0229445
0.0229445
0.0229445
0.0229445
0.0229445
0.0229445
0.0229445
0.0229445
0.0229445
0.0229445
0.0229445
0.0229445
0.0229445
0.0229445
0.0229445
0.0229445
0.0229445
0.0229445
0.0229445
0.0229445
0.0229445
0.0229445
0.0229445
0.0229445
0.0229445
0.0229445
0.0229445
0.0229445
0.0229445
0.0229445
0.0229445
0.0229445
0.0229445
0.0229445
0.0229445
0.0229445
0.0229445
0.0229445
0.0229445
0.0229445
0.0229445
0.0229445
0.0229445
0.0229445
0.0229445
0.0229445
0.0229445
0.0229445
0.0229445
0.0229445
0.0229445
0.0229445
0.0229445
0.0229445
0.0229445
0.0229445
0.0229445
0.0229445
0.0229445
0.0229445
0.0229445
0.0229445
0.0229445
0.0229445
0.0229445
0.0229445
0.0229445
0.0229445
0.0229445
0.0229445
0.0229445
0.0229445
0.0229445
0.0229445
