3.0697e+08
1.09991e+08
2.05533e+07
8.7469e+06
8.7469e+06
6.89891e+06
5.3124e+06
3.59789e+06
1.65813e+06
1.12397e+06
1.12397e+06
1.12397e+06
396402
396402
396402
256409
217503
53457.5
53457.5
53457.5
22265.7
22265.7
22265.7
22265.7
18365.8
8714.54
8714.54
8714.54
5028.7
5028.7
5028.7
5028.7
4544.45
1838.64
1838.64
1838.64
1603.53
1530.67
685.031
462.223
462.223
462.223
462.223
462.223
462.223
462.223
462.223
194.653
194.653
194.653
172.821
172.821
143.753
143.753
143.753
143.753
143.753
119.58
119.58
119.58
81.1244
76.0002
64.6636
64.6636
46.9366
40.4622
38.4132
38.4132
38.4132
25.2201
25.2201
25.2201
25.2201
25.2201
21.9478
21.9478
21.9478
21.9478
18.1734
17.2177
17.0794
17.0794
17.0794
16.5955
16.5098
16.3208
15.4214
15.4214
15.4214
15.3883
15.3883
14.8368
14.8368
14.8368
14.556
14.556
14.5191
14.3793
14.2555
14.0579
13.9625
13.8142
13.7503
13.6179
13.5135
13.391
13.3699
13.2309
13.1517
13.0618
12.9283
12.8383
12.7388
12.6441
12.5316
12.4612
12.3809
12.3081
12.226
12.1551
12.0531
12.0354
11.9566
11.9073
11.8469
11.7815
11.7098
11.6875
11.6206
11.5778
11.5191
11.474
11.4209
11.3828
11.3384
11.2982
11.2593
11.1949
11.1805
11.1461
11.1019
11.0812
11.0291
11.0068
10.9721
10.9404
10.9002
10.8732
10.8378
10.8065
10.7728
10.7411
10.7055
10.6846
10.6602
10.6237
10.5934
10.5623
10.5308
10.5022
10.4638
10.4311
10.4023
10.3717
10.3403
10.3138
10.2839
10.2555
10.2247
10.1938
10.1685
10.1375
10.1064
10.0684
10.0428
10.0109
9.98038
9.95512
9.93246
9.89638
9.87648
9.8411
9.81841
9.7858
9.75526
9.72532
9.697
9.66883
9.64458
9.62317
9.58621
9.56777
9.53912
9.51228
9.48655
9.45611
9.43325
9.40339
9.38726
9.3648
9.34408
9.32709
9.29814
9.28524
9.26414
9.24682
9.22723
9.20196
9.17338
9.155
9.13038
9.11106
9.08391
9.0648
9.04088
9.01992
8.99018
8.97052
8.94484
8.91607
8.8881
8.86819
8.83916
8.81948
8.79486
8.77383
8.75344
8.72833
8.71161
8.68913
8.6649
8.6442
8.6222
8.59665
8.5749
8.554
8.53282
8.50867
8.48483
8.46165
8.43601
8.40601
8.38015
8.34743
8.32633
8.29827
8.2647
8.2365
8.20911
8.18178
8.16104
8.132
8.10265
8.07759
8.0533
8.02417
7.9986
7.97206
7.94226
7.91007
7.8804
7.85872
7.82895
7.80287
7.77953
7.75169
7.72117
7.69624
7.66707
7.63406
7.59532
7.5565
7.52398
7.48809
7.45355
7.41626
7.38526
7.34074
7.29995
7.27766
7.24541
7.21434
7.18277
7.15979
7.12603
7.10439
7.07283
7.05031
7.02725
6.99912
6.96519
6.93531
6.90874
6.88091
6.84595
6.81812
6.7881
6.76467
6.74108
6.71582
6.6883
6.65922
6.63819
6.60981
6.57904
6.55107
6.52466
6.49385
6.45824
6.42198
6.38971
6.34905
6.31411
6.28168
6.25122
6.21384
6.1846
6.14294
6.11239
6.08794
6.05296
6.02657
5.9891
5.96394
5.93543
5.90732
5.87939
5.85338
5.82649
5.79515
5.77417
5.74997
5.72404
5.7017
5.67788
5.65597
5.63827
5.61737
5.59986
5.58458
5.56577
5.55133
5.53267
5.5162
5.49957
5.48297
5.46646
5.44599
5.42708
5.40975
5.39508
5.37096
5.35594
5.33515
5.31615
5.2977
5.27613
5.25187
5.23239
5.21098
5.17755
5.15985
5.13647
5.11234
5.08585
5.06258
5.04097
5.01754
4.99745
4.97858
4.95879
4.94036
4.92235
4.90217
4.88729
4.86888
4.85221
4.83014
4.81634
4.789
4.77112
4.75547
4.73614
4.71441
4.69412
4.67907
4.64894
4.63236
4.60469
4.57401
4.55189
4.51819
4.49535
4.46724
4.44186
4.41041
4.38233
4.3564
4.32868
4.30008
4.27137
4.25175
4.22108
4.19743
4.17336
4.14981
4.12305
4.09787
4.06912
4.02847
4.0137
3.99074
3.96103
3.93073
3.90725
3.87448
3.85895
3.82963
3.79487
3.77343
3.75153
3.72871
3.70541
3.684
3.6619
3.64534
3.62526
3.60344
3.58013
3.56202
3.54481
3.52635
3.50371
3.47994
3.46424
3.44375
3.41492
3.3931
3.37758
3.35407
3.32957
3.3078
3.28454
3.26837
3.24875
3.2189
3.20082
3.17953
3.15741
3.13766
3.11062
3.09208
3.06839
3.046
3.01978
2.99868
2.97533
2.95447
2.93226
2.90434
2.88299
2.85868
2.82724
2.80251
2.77266
2.74578
2.72439
2.69738
2.66847
2.64578
2.61589
2.59789
2.56098
2.5418
2.51815
2.49423
2.47085
2.44923
2.42672
2.40696
2.38361
2.3576
2.3332
2.30669
2.27805
2.25859
2.23672
2.21011
2.18588
2.16489
2.13792
2.11361
2.09165
2.0676
2.0388
2.02076
1.9939
1.97679
1.9555
1.93599
1.91427
1.89083
1.87258
1.853
1.83286
1.80136
1.78854
1.76898
1.74435
1.72441
1.69761
1.68126
1.65902
1.63788
1.61593
1.59967
1.57829
1.56418
1.54413
1.52554
1.51116
1.49521
1.47894
1.46321
1.45511
1.43726
1.42766
1.415
1.40054
1.38819
1.37526
1.36183
1.35132
1.33729
1.32771
1.31463
1.30186
1.28407
1.26846
1.25658
1.24405
1.22912
1.21724
1.19999
1.18701
1.17192
1.15905
1.1458
1.12907
1.11644
1.10109
1.09244
1.07696
1.05962
1.04618
1.0326
1.01982
1.00647
0.991447
0.977092
0.965944
0.949311
0.941729
0.930909
0.919257
0.901527
0.889971
0.882948
0.870373
0.859147
0.847078
0.838609
0.824479
0.816238
0.806273
0.793072
0.785117
0.77779
0.767824
0.758897
0.748295
0.740464
0.732944
0.726506
0.718415
0.712699
0.702889
0.698264
0.690501
0.68305
0.674661
0.668661
0.66187
0.654464
0.648511
0.64211
0.634932
0.628526
0.622578
0.616621
0.61104
0.604849
0.598583
0.593682
0.588364
0.582185
0.57834
0.573858
0.569299
0.56504
0.559647
0.554986
0.550443
0.546384
0.54008
0.536827
0.531752
0.527807
0.522679
0.51957
0.515184
0.511235
0.50758
0.504415
0.500382
0.496477
0.492451
0.48798
0.485165
0.480827
0.476924
0.474188
0.470279
0.467063
0.462286
0.458654
0.454496
0.450468
0.446065
0.44241
0.437159
0.433349
0.428567
0.424558
0.419671
0.414738
0.410077
0.405941
0.401604
0.396686
0.392008
0.387665
0.383265
0.380212
0.376003
0.371613
0.368075
0.363645
0.359533
0.355873
0.352222
0.345797
0.344357
0.340423
0.336718
0.332407
0.329562
0.325961
0.323477
0.319268
0.316577
0.313312
0.310254
0.307307
0.302475
0.300462
0.298146
0.29512
0.291432
0.28838
0.286299
0.282443
0.280367
0.277733
0.275453
0.272374
0.270122
0.267646
0.26488
0.261765
0.259088
0.25678
0.253723
0.25016
0.248312
0.24533
0.243298
0.240547
0.238061
0.234958
0.232454
0.230487
0.227634
0.225877
0.223871
0.221809
0.220146
0.218344
0.216521
0.214783
0.212959
0.211416
0.209503
0.207934
0.206144
0.20399
0.202198
0.200075
0.197995
0.196073
0.192998
0.191741
0.189215
0.187197
0.185085
0.183309
0.181171
0.178974
0.17667
0.174645
0.172357
0.170342
0.16862
0.166393
0.164548
0.162311
0.160377
0.158574
0.156724
0.154909
0.15302
0.151393
0.149448
0.147646
0.145704
0.144041
0.142374
0.139735
0.138705
0.137253
0.135519
0.134127
0.132669
0.130936
0.129532
0.127944
0.126342
0.124983
0.123644
0.122043
0.120085
0.11893
0.117513
0.115912
0.114445
0.112903
0.111304
0.10984
0.108475
0.107583
0.106154
0.104968
0.103592
0.102578
0.101264
0.100028
0.0989399
0.0980008
0.0967515
0.0955527
0.0947414
0.0935252
0.0922964
0.0916709
0.0905451
0.0895834
0.0885822
0.0874624
0.0866351
0.0855965
0.0851052
0.0842932
0.0834177
0.0825189
0.0817687
0.0810716
0.0803302
0.0798049
0.0791921
0.0784888
0.0778391
0.0772242
0.0767408
0.0759547
0.075385
0.0746132
0.074215
0.0735429
0.072806
0.0723528
0.0716843
0.0710734
0.0704279
0.0699407
0.0693479
0.0687619
0.068315
0.0676788
0.0672608
0.0667804
0.0662333
0.0655947
0.0651831
0.0647744
0.0641097
0.0636232
0.0631201
0.0625874
0.0621585
0.0615278
0.0611121
0.060526
0.0599627
0.0595158
0.0589903
0.0583842
0.0578145
0.057227
0.0567468
0.0561475
0.0556208
0.0551837
0.0545305
0.0538367
0.0533485
0.0527871
0.0522943
0.0516564
0.0513547
0.0508289
0.0502993
0.04984
0.0494064
0.0489073
0.0484663
0.0479111
0.0475185
0.0471088
0.0466525
0.0463557
0.045871
0.045542
0.04515
0.0447156
0.0443244
0.0439316
0.0435072
0.0431014
0.0427711
0.0424575
0.0420127
0.0416833
0.041323
0.0410553
0.0406186
0.0404371
0.0401273
0.0398357
0.0395262
0.0391026
0.0388587
0.038596
0.0382973
0.0380068
0.0377672
0.0375054
0.0371622
0.0369543
0.0366862
0.0364106
0.0361061
0.0358885
0.0356399
0.0353999
0.0351232
0.0349422
0.0346966
0.0344451
0.0341788
0.0339843
0.0338361
0.0336192
0.033424
0.0332966
0.0331327
0.0329394
0.0328212
0.0326079
0.0324442
0.0322677
0.0321486
0.0319416
0.0317906
0.031572
0.0314266
0.0312462
0.0310291
0.0308802
0.030691
0.0304836
0.0302858
0.0301166
0.0299529
0.0297124
0.0295369
0.0293532
0.0291832
0.0290053
0.028808
0.0286051
0.0284537
0.0282745
0.0281112
0.0279749
0.0278192
0.0276862
0.0274789
0.0273424
0.0271675
0.0270239
0.0269297
0.0267722
0.026637
0.0265286
0.0264092
0.0264092
0.0264092
0.0264092
0.0264092
0.0264092
0.0264092
0.0264092
0.0264092
0.0264092
0.0264092
0.0264092
0.0264092
0.0264092
0.0264092
0.0264092
0.0264092
0.0264092
0.0264092
0.0264092
0.0264092
0.0264092
0.0264092
0.0264092
0.0264092
0.0264092
0.0264092
0.0264092
0.0264092
0.0264092
0.0264092
0.0264092
0.0264092
0.0264092
0.0264092
0.0264092
0.0264092
0.0264092
0.0264092
0.0264092
0.0264092
0.0264092
0.0264092
0.0264092
0.0264092
0.0264092
0.0264092
0.0264092
0.0264092
0.0264092
0.0264092
0.0264092
0.0264092
0.0264092
0.0264092
0.0264092
0.0264092
0.0264092
0.0264092
0.0264092
0.0264092
0.0264092
0.0264092
0.0264092
0.0264092
0.0264092
0.0264092
0.0264092
0.0264092
0.0264092
0.0264092
0.0264092
0.0264092
0.0264092
0.0264092
0.0264092
0.0264092
0.0264092
0.0264092
0.0264092
0.0264092
0.0264092
0.0264092
0.0264092
0.0264092
0.0264092
0.0264092
0.0264092
0.0264092
0.0264092
0.0264092
0.0264092
0.0264092
0.0264092
0.0264092
0.0264092
0.0264092
0.0264092
0.0264092
0.0264092
0.0264092
0.0264092
0.0264092
0.0264092
0.0264092
0.0264092
0.0264092
0.0264092
0.0264092
0.0264092
0.0264092
0.0264092
0.0264092
0.0264092
0.0264092
0.0264092
0.0264092
0.0264092
0.0264092
0.0264092
0.0264092
0.0264092
0.0264092
0.0264092
0.0264092
0.0264092
0.0264092
0.0264092
0.0264092
0.0264092
0.0264092
0.0264092
0.0264092
0.0264092
0.0264092
0.0264092
0.0264092
0.0264092
0.0264092
0.0264092
0.0264092
0.0264092
0.0264092
0.0264092
0.0264092
0.0264092
0.0264092
0.0264092
0.0264092
0.0264092
0.0264092
0.0264092
0.0264092
0.0264092
0.0264092
0.0264092
0.0264092
0.0264092
0.0264092
0.0264092
0.0264092
0.0264092
0.0264092
0.0264092
0.0264092
0.0264092
0.0264092
0.0264092
0.0264092
0.0264092
0.0264092
0.0264092
0.0264092
0.0264092
0.0264092
0.0264092
0.0264092
0.0264092
0.0264092
0.0264092
0.0264092
0.0264092
0.0264092
0.0264092
0.0264092
0.0264092
0.0264092
0.0264092
0.0264092
0.0264092
0.0264092
0.0264092
0.0264092
0.0264092
0.0264092
0.0264092
0.0264092
0.0264092
0.0264092
0.0264092
0.0264092
0.0264092
0.0264092
0.0264092
0.0264092
0.0264092
0.0264092
0.0264092
0.0264092
0.0264092
0.0264092
0.0264092
0.0264092
0.0264092
0.0264092
0.0264092
0.0264092
0.0264092
0.0264092
0.0264092
0.0264092
0.0264092
0.0264092
0.0264092
0.0264092
0.0264092
0.0264092
0.0264092
0.0264092
0.0264092
0.0264092
0.0264092
0.0264092
0.0264092
0.0264092
0.0264092
0.0264092
0.0264092
0.0264092
0.0264092
0.0264092
0.0264092
0.0264092
0.0264092
0.0264092
0.0264092
0.0264092
0.0264092
0.0264092
0.0264092
0.0264092
0.0264092
0.0264092
0.0264092
0.0264092
0.0264092
0.0264092
0.0264092
0.0264092
0.0264092
0.0264092
0.0264092
0.0264092
0.0264092
0.0264092
0.0264092
0.0264092
0.0264092
0.0264092
0.0264092
0.0264092
0.0264092
0.0264092
0.0264092
0.0264092
0.0264092
0.0264092
0.0264092
0.0264092
0.0264092
0.0264092
0.0264092
0.0264092
0.0264092
0.0264092
0.0264092
0.0264092
0.0264092
0.0264092
0.0264092
0.0264092
0.0264092
0.0264092
0.0264092
0.0264092
0.0264092
0.0264092
0.0264092
0.0264092
0.0264092
0.0264092
0.0264092
0.0264092
0.0264092
0.0264092
0.0264092
0.0264092
0.0264092
0.0264092
0.0264092
0.0264092
0.0264092
0.0264092
0.0264092
0.0264092
0.0264092
0.0264092
0.0264092
0.0264092
0.0264092
0.0264092
0.0264092
0.0264092
0.0264092
0.0264092
0.0264092
0.0264092
0.0264092
0.0264092
0.0264092
0.0264092
0.0264092
0.0264092
0.0264092
0.0264092
0.0264092
0.0264092
0.0264092
0.0264092
0.0264092
0.0264092
0.0264092
0.0264092
0.0264092
0.0264092
0.0264092
0.0264092
0.0264092
0.0264092
0.0264092
0.0264092
0.0264092
0.0264092
0.0264092
0.0264092
0.0264092
0.0264092
0.0264092
0.0264092
0.0264092
0.0264092
0.0264092
0.0264092
0.0264092
0.0264092
0.0264092
0.0264092
0.0264092
0.0264092
0.0264092
0.0264092
0.0264092
0.0264092
0.0264092
0.0264092
0.0264092
0.0264092
0.0264092
0.0264092
0.0264092
0.0264092
0.0264092
0.0264092
0.0264092
0.0264092
0.0264092
0.0264092
0.0264092
0.0264092
0.0264092
0.0264092
0.0264092
0.0264092
0.0264092
0.0264092
0.0264092
0.0264092
0.0264092
0.0264092
0.0264092
0.0264092
0.0264092
0.0264092
0.0264092
0.0264092
0.0264092
0.0264092
0.0264092
0.0264092
0.0264092
0.0264092
0.0264092
0.0264092
0.0264092
0.0264092
0.0264092
0.0264092
0.0264092
0.0264092
0.0264092
0.0264092
0.0264092
0.0264092
0.0264092
0.0264092
0.0264092
0.0264092
0.0264092
0.0264092
0.0264092
0.0264092
0.0264092
0.0264092
0.0264092
0.0264092
0.0264092
0.0264092
0.0264092
0.0264092
0.0264092
0.0264092
0.0264092
0.0264092
0.0264092
0.0264092
0.0264092
0.0264092
0.0264092
0.0264092
0.0264092
0.0264092
0.0264092
0.0264092
0.0264092
0.0264092
0.0264092
0.0264092
0.0264092
0.0264092
0.0264092
0.0264092
0.0264092
0.0264092
0.0264092
0.0264092
0.0264092
0.0264092
0.0264092
0.0264092
0.0264092
0.0264092
0.0264092
0.0264092
0.0264092
0.0264092
0.0264092
0.0264092
0.0264092
0.0264092
0.0264092
0.0264092
0.0264092
0.0264092
0.0264092
0.0264092
0.0264092
0.0264092
0.0264092
0.0264092
0.0264092
0.0264092
0.0264092
0.0264092
0.0264092
0.0264092
0.0264092
0.0264092
0.0264092
0.0264092
0.0264092
0.0264092
0.0264092
0.0264092
0.0264092
0.0264092
0.0264092
0.0264092
0.0264092
0.0264092
0.0264092
0.0264092
0.0264092
0.0264092
0.0264092
0.0264092
0.0264092
0.0264092
0.0264092
0.0264092
0.0264092
0.0264092
0.0264092
0.0264092
0.0264092
0.0264092
0.0264092
0.0264092
0.0264092
0.0264092
0.0264092
0.0264092
0.0264092
0.0264092
0.0264092
0.0264092
0.0264092
0.0264092
0.0264092
0.0264092
0.0264092
0.0264092
0.0264092
0.0264092
0.0264092
0.0264092
0.0264092
0.0264092
0.0264092
0.0264092
0.0264092
0.0264092
0.0264092
0.0264092
0.0264092
0.0264092
0.0264092
0.0264092
0.0264092
0.0264092
0.0264092
0.0264092
0.0264092
0.0264092
0.0264092
0.0264092
0.0264092
0.0264092
0.0264092
0.0264092
0.0264092
0.0264092
0.0264092
0.0264092
0.0264092
0.0264092
0.0264092
0.0264092
0.0264092
0.0264092
0.0264092
0.0264092
0.0264092
0.0264092
0.0264092
0.0264092
0.0264092
0.0264092
0.0264092
0.0264092
0.0264092
0.0264092
0.0264092
0.0264092
0.0264092
0.0264092
0.0264092
0.0264092
0.0264092
0.0264092
0.0264092
0.0264092
0.0264092
0.0264092
0.0264092
0.0264092
0.0264092
0.0264092
0.0264092
0.0264092
0.0264092
0.0264092
0.0264092
0.0264092
0.0264092
0.0264092
0.0264092
0.0264092
0.0264092
0.0264092
0.0264092
0.0264092
0.0264092
0.0264092
0.0264092
0.0264092
0.0264092
0.0264092
0.0264092
0.0264092
0.0264092
0.0264092
0.0264092
0.0264092
0.0264092
0.0264092
0.0264092
0.0264092
0.0264092
0.0264092
0.0264092
0.0264092
0.0264092
0.0264092
0.0264092
0.0264092
0.0264092
0.0264092
0.0264092
0.0264092
0.0264092
0.0264092
0.0264092
0.0264092
0.0264092
0.0264092
0.0264092
0.0264092
0.0264092
0.0264092
0.0264092
0.0264092
0.0264092
0.0264092
0.0264092
0.0264092
0.0264092
0.0264092
0.0264092
0.0264092
0.0264092
0.0264092
0.0264092
0.0264092
0.0264092
0.0264092
0.0264092
0.0264092
0.0264092
0.0264092
0.0264092
0.0264092
0.0264092
0.0264092
0.0264092
0.0264092
0.0264092
0.0264092
0.0264092
0.0264092
0.0264092
0.0264092
0.0264092
0.0264092
0.0264092
0.0264092
0.0264092
0.0264092
0.0264092
0.0264092
0.0264092
0.0264092
0.0264092
0.0264092
0.0264092
0.0264092
0.0264092
0.0264092
0.0264092
0.0264092
0.0264092
0.0264092
0.0264092
0.0264092
0.0264092
0.0264092
0.0264092
0.0264092
0.0264092
0.0264092
0.0264092
0.0264092
0.0264092
0.0264092
0.0264092
0.0264092
0.0264092
0.0264092
0.0264092
0.0264092
0.0264092
0.0264092
0.0264092
0.0264092
0.0264092
0.0264092
0.0264092
0.0264092
0.0264092
0.0264092
0.0264092
0.0264092
0.0264092
0.0264092
0.0264092
0.0264092
0.0264092
0.0264092
0.0264092
0.0264092
0.0264092
0.0264092
0.0264092
0.0264092
0.0264092
0.0264092
0.0264092
0.0264092
0.0264092
0.0264092
0.0264092
0.0264092
0.0264092
0.0264092
0.0264092
0.0264092
0.0264092
0.0264092
0.0264092
0.0264092
0.0264092
0.0264092
0.0264092
0.0264092
0.0264092
0.0264092
0.0264092
0.0264092
0.0264092
0.0264092
0.0264092
0.0264092
0.0264092
0.0264092
0.0264092
0.0264092
0.0264092
0.0264092
0.0264092
0.0264092
0.0264092
0.0264092
0.0264092
0.0264092
0.0264092
0.0264092
0.0264092
0.0264092
0.0264092
0.0264092
0.0264092
0.0264092
0.0264092
0.0264092
0.0264092
0.0264092
0.0264092
0.0264092
0.0264092
0.0264092
0.0264092
0.0264092
0.0264092
0.0264092
0.0264092
0.0264092
0.0264092
0.0264092
0.0264092
0.0264092
0.0264092
0.0264092
0.0264092
0.0264092
0.0264092
0.0264092
0.0264092
0.0264092
0.0264092
0.0264092
0.0264092
0.0264092
0.0264092
0.0264092
0.0264092
0.0264092
0.0264092
0.0264092
0.0264092
0.0264092
0.0264092
0.0264092
0.0264092
0.0264092
0.0264092
0.0264092
0.0264092
0.0264092
0.0264092
0.0264092
0.0264092
0.0264092
0.0264092
0.0263229
0.0261582
0.0259715
0.0257342
0.0255579
0.0253527
0.0251504
0.0249538
0.0249538
0.0249538
0.0249538
0.0249538
0.0249538
0.0249538
0.0249538
0.0249538
0.0249538
0.0249538
0.0249538
0.0249538
0.0249538
0.0249538
0.0249538
0.0249538
0.0249538
0.0249538
0.0249538
0.0249538
0.0249538
0.0249538
0.0249538
0.0249538
0.0249538
0.0249538
0.0249538
0.0249538
0.0249538
0.0249538
0.0249538
0.0249538
0.0249538
0.0249538
0.0249538
0.0249538
0.0249538
0.0249538
0.0249538
0.0249538
0.0249538
0.0249538
0.0249538
0.0249538
0.0249538
0.0249538
0.0249538
0.0249538
0.0249538
0.0249538
0.0249538
0.0249538
0.0249538
0.0249538
0.0249538
0.0249538
0.0249538
0.0249538
0.0249538
0.0249538
0.0249538
0.0249538
0.0249538
0.0249538
0.0249538
0.0249538
0.0249538
0.0249538
0.0249538
0.0249538
0.0249538
0.0249538
0.0249538
0.0249538
0.0249538
0.0249538
0.0249538
0.0249538
0.0249538
0.0249538
0.0249538
0.0249538
0.0249538
0.0249538
0.0249538
0.0249538
0.0249538
0.0249538
0.0249538
0.0249538
0.0249538
0.0249538
0.0249538
0.0249538
0.0249538
0.0249538
0.0249538
0.0249538
0.0249538
0.0249538
0.0249538
0.0249538
0.0249538
0.0249538
0.0249538
0.0249538
0.0249538
0.0249538
0.0249538
0.0249538
0.0249538
0.0249538
0.0249538
0.0249538
0.0249538
0.0249538
0.0249538
