3.72814e+10
1.71871e+10
3.99281e+09
6.74011e+08
2.18528e+08
9.74283e+07
3.86459e+07
3.86459e+07
3.86459e+07
3.86459e+07
3.86459e+07
3.86459e+07
2.31209e+07
1.94658e+07
5.38763e+06
5.08682e+06
1.46389e+06
1.46389e+06
1.46389e+06
1.46389e+06
1.46389e+06
958738
677195
664357
664357
393788
234034
234034
234034
216839
142300
95464.4
95464.4
95464.4
59480.6
59480.6
52253.4
52253.4
34461
33717.4
33316.6
17453.1
17453.1
17453.1
15743.6
15743.6
11568.8
7908.12
5969.84
5969.84
3256.11
3256.11
3256.11
3256.11
3256.11
2651.57
2535.9
2535.9
2535.9
2100.99
2100.99
1360.67
1360.67
1321.18
1092.22
951.423
951.423
951.423
951.423
951.423
942.231
942.231
942.231
942.231
942.231
930.21
903.68
834.406
834.406
834.406
834.406
834.406
787.998
787.998
787.998
787.998
787.998
787.998
787.998
787.998
787.998
787.998
787.998
787.998
787.998
787.998
787.998
787.998
787.998
787.998
787.998
787.998
787.998
787.998
787.998
787.998
787.998
787.998
768.595
768.595
768.595
768.595
768.595
768.595
768.595
768.595
768.595
768.595
768.595
768.595
768.595
768.595
768.595
768.595
768.595
768.595
768.595
768.595
768.595
768.595
768.595
768.595
768.595
768.595
768.595
768.595
768.595
768.595
768.595
768.595
768.595
768.595
768.595
768.595
768.595
768.595
768.595
768.595
768.595
768.595
768.595
768.595
768.595
768.595
768.595
768.595
768.595
768.595
768.595
768.595
768.595
768.595
768.595
768.595
768.595
768.595
768.595
768.595
768.595
768.595
760.032
760.032
760.032
760.032
760.032
749.133
749.133
749.133
749.133
749.133
749.133
749.133
749.133
749.133
749.133
749.133
749.133
749.133
749.133
749.133
749.133
749.133
749.133
749.133
749.133
749.133
749.133
749.133
749.133
749.133
749.133
749.133
749.133
749.133
749.133
749.133
749.133
749.133
749.133
749.133
749.133
749.133
749.133
749.133
749.133
749.133
749.133
749.133
749.133
749.133
749.133
747.4
747.4
747.4
747.4
747.4
747.4
747.4
747.4
747.4
747.4
747.4
747.4
747.4
747.4
747.4
747.4
747.4
747.4
747.4
747.4
747.4
747.4
747.4
747.4
747.4
747.4
747.4
747.4
747.4
747.4
747.4
747.4
747.4
747.4
747.4
747.4
747.4
747.4
747.4
747.4
747.4
747.4
747.4
747.4
747.4
747.4
747.4
747.4
747.4
747.4
747.4
747.4
747.4
747.4
747.4
747.4
747.4
747.4
747.4
747.4
747.4
747.4
747.4
747.4
747.4
747.4
747.4
747.4
747.4
747.4
747.4
747.4
747.4
747.4
747.4
747.4
747.4
747.4
747.4
747.4
747.4
747.4
747.4
747.4
747.4
747.4
747.4
747.4
747.4
747.4
747.4
747.4
747.4
747.4
747.4
747.4
747.4
747.4
747.4
747.4
747.4
747.4
747.4
747.4
747.4
747.4
747.4
747.4
747.4
747.4
747.4
747.4
747.4
747.4
747.4
747.4
747.4
747.4
747.4
747.4
747.4
747.4
723.05
723.05
723.05
723.05
723.05
723.05
723.05
723.05
723.05
723.05
723.05
723.05
723.05
723.05
723.05
723.05
723.05
723.05
723.05
723.05
723.05
723.05
723.05
723.05
723.05
723.05
723.05
723.05
723.05
723.05
723.05
723.05
723.05
723.05
723.05
723.05
723.05
723.05
723.05
723.05
723.05
723.05
723.05
723.05
723.05
723.05
723.05
723.05
723.05
723.05
723.05
723.05
723.05
723.05
723.05
723.05
723.05
723.05
723.05
723.05
723.05
723.05
723.05
723.05
723.05
723.05
723.05
723.05
723.05
723.05
723.05
723.05
723.05
723.05
723.05
723.05
723.05
723.05
723.05
723.05
723.05
723.05
723.05
723.05
723.05
723.05
723.05
723.05
723.05
723.05
723.05
723.05
723.05
723.05
723.05
723.05
723.05
723.05
723.05
723.05
723.05
723.05
723.05
723.05
723.05
723.05
723.05
723.05
723.05
723.05
723.05
723.05
723.05
723.05
723.05
723.05
723.05
723.05
723.05
723.05
723.05
723.05
723.05
723.05
723.05
723.05
723.05
723.05
723.05
723.05
723.05
723.05
723.05
723.05
723.05
723.05
723.05
723.05
723.05
723.05
723.05
723.05
723.05
723.05
723.05
723.05
723.05
723.05
723.05
723.05
723.05
723.05
723.05
723.05
723.05
723.05
723.05
723.05
723.05
723.05
723.05
723.05
723.05
723.05
723.05
723.05
723.05
723.05
723.05
723.05
723.05
723.05
723.05
723.05
723.05
723.05
723.05
723.05
723.05
723.05
723.05
723.05
723.05
723.05
723.05
723.05
723.05
723.05
723.05
723.05
723.05
723.05
723.05
723.05
723.05
723.05
723.05
723.05
723.05
723.05
723.05
723.05
723.05
723.05
723.05
723.05
723.05
723.05
723.05
723.05
723.05
723.05
723.05
723.05
723.05
723.05
723.05
723.05
723.05
723.05
723.05
723.05
723.05
723.05
723.05
723.05
723.05
723.05
723.05
723.05
723.05
723.05
723.05
723.05
723.05
723.05
723.05
723.05
723.05
723.05
723.05
723.05
723.05
723.05
723.05
723.05
723.05
723.05
723.05
723.05
723.05
723.05
723.05
723.05
723.05
723.05
723.05
723.05
723.05
723.05
723.05
723.05
723.05
723.05
723.05
723.05
723.05
723.05
723.05
723.05
723.05
723.05
723.05
723.05
723.05
723.05
723.05
723.05
723.05
723.05
723.05
723.05
723.05
723.05
723.05
723.05
723.05
723.05
723.05
723.05
723.05
723.05
723.05
723.05
723.05
723.05
723.05
723.05
723.05
723.05
723.05
723.05
723.05
723.05
723.05
723.05
723.05
723.05
723.05
723.05
723.05
723.05
723.05
723.05
723.05
723.05
723.05
723.05
723.05
723.05
723.05
723.05
723.05
723.05
723.05
723.05
723.05
723.05
723.05
723.05
723.05
723.05
723.05
723.05
723.05
723.05
723.05
723.05
723.05
723.05
723.05
723.05
723.05
723.05
723.05
723.05
723.05
723.05
723.05
723.05
723.05
723.05
723.05
723.05
723.05
723.05
723.05
723.05
723.05
723.05
723.05
723.05
723.05
723.05
723.05
723.05
723.05
723.05
723.05
723.05
723.05
723.05
723.05
723.05
723.05
723.05
723.05
723.05
723.05
723.05
723.05
723.05
723.05
723.05
723.05
723.05
723.05
723.05
723.05
723.05
723.05
723.05
723.05
723.05
723.05
723.05
723.05
723.05
723.05
723.05
723.05
723.05
723.05
723.05
723.05
723.05
723.05
723.05
723.05
723.05
723.05
723.05
723.05
723.05
723.05
723.05
723.05
723.05
723.05
723.05
723.05
723.05
723.05
723.05
723.05
723.05
723.05
723.05
723.05
723.05
723.05
723.05
723.05
723.05
723.05
723.05
723.05
723.05
723.05
723.05
723.05
723.05
723.05
723.05
723.05
723.05
723.05
723.05
723.05
723.05
723.05
723.05
723.05
723.05
723.05
723.05
723.05
723.05
723.05
723.05
723.05
723.05
723.05
723.05
723.05
723.05
723.05
723.05
723.05
723.05
723.05
723.05
723.05
723.05
723.05
723.05
723.05
723.05
723.05
723.05
723.05
723.05
723.05
723.05
723.05
723.05
723.05
723.05
723.05
723.05
723.05
723.05
723.05
723.05
723.05
723.05
723.05
723.05
723.05
723.05
723.05
723.05
723.05
723.05
723.05
723.05
723.05
723.05
723.05
723.05
723.05
723.05
723.05
723.05
723.05
723.05
723.05
723.05
723.05
723.05
723.05
723.05
723.05
723.05
723.05
723.05
723.05
723.05
723.05
723.05
723.05
723.05
723.05
723.05
723.05
723.05
723.05
723.05
723.05
723.05
723.05
723.05
723.05
723.05
723.05
723.05
723.05
723.05
723.05
723.05
723.05
723.05
723.05
723.05
723.05
723.05
723.05
723.05
723.05
723.05
723.05
723.05
723.05
723.05
723.05
723.05
723.05
723.05
723.05
723.05
723.05
723.05
723.05
723.05
723.05
721.768
721.768
721.768
721.768
721.768
721.768
721.768
721.768
721.768
721.768
721.768
721.768
721.768
721.768
721.768
721.768
721.768
721.768
721.768
721.768
721.768
721.768
721.768
721.768
721.768
721.768
718.212
718.212
718.212
718.212
718.212
718.212
718.212
718.212
718.212
718.212
718.212
718.212
718.212
718.212
718.212
718.212
718.212
718.212
718.212
718.212
718.212
718.212
718.212
718.212
718.212
718.212
718.212
718.212
718.212
718.212
718.212
718.212
718.212
718.212
718.212
718.212
718.212
718.212
718.212
718.212
718.212
718.212
718.212
718.212
718.212
718.212
718.212
718.212
718.212
718.212
718.212
718.212
718.212
718.212
718.212
718.212
718.212
718.212
718.212
718.212
718.212
718.212
718.212
718.212
718.212
718.212
718.212
718.212
718.212
718.212
718.212
718.212
718.212
718.212
718.212
718.212
718.212
718.212
718.212
718.212
718.212
718.212
718.212
718.212
718.212
718.212
718.212
718.212
718.212
718.212
718.212
718.212
718.212
718.212
718.212
718.212
718.212
718.212
718.212
718.212
718.212
718.212
718.212
718.212
718.212
718.212
718.212
718.212
718.212
718.212
718.212
718.212
718.212
718.212
718.212
718.212
718.212
718.212
718.212
718.212
718.212
718.212
718.212
718.212
718.212
718.212
718.212
718.212
718.212
718.212
718.212
718.212
718.212
718.212
718.212
718.212
718.212
718.212
718.212
718.212
718.212
718.212
718.212
718.212
718.212
718.212
718.212
718.212
718.212
718.212
718.212
718.212
718.212
718.212
718.212
718.212
718.212
718.212
718.212
718.212
718.212
718.212
718.212
718.212
718.212
718.212
718.212
718.212
718.212
718.212
718.212
718.212
718.212
718.212
718.212
718.212
718.212
718.212
718.212
718.212
718.212
718.212
718.212
718.212
718.212
718.212
718.212
718.212
718.212
718.212
718.212
718.212
718.212
718.212
718.212
718.212
718.212
718.212
718.212
718.212
718.212
718.212
718.212
718.212
718.212
718.212
718.212
718.212
718.212
718.212
718.212
718.212
718.212
718.212
718.212
718.212
718.212
718.212
718.212
718.212
718.212
718.212
718.212
718.212
718.212
718.212
718.212
718.212
718.212
718.212
718.212
718.212
718.212
718.212
718.212
718.212
718.212
718.212
718.212
718.212
718.212
718.212
718.212
718.212
718.212
718.212
718.212
718.212
718.212
718.212
718.212
718.212
718.212
718.212
718.212
718.212
718.212
718.212
718.212
718.212
718.212
718.212
718.212
718.212
718.212
718.212
718.212
718.212
718.212
718.212
718.212
718.212
718.212
718.212
718.212
718.212
718.212
718.212
718.212
718.212
718.212
718.212
718.212
718.212
718.212
718.212
718.212
718.212
718.212
718.212
718.212
718.212
718.212
718.212
718.212
718.212
718.212
718.212
718.212
718.212
718.212
718.212
718.212
718.212
718.212
718.212
718.212
718.212
718.212
718.212
718.212
718.212
718.212
718.212
718.212
718.212
718.212
718.212
718.212
718.212
718.212
718.212
718.212
718.212
718.212
718.212
718.212
718.212
718.212
718.212
718.212
718.212
718.212
718.212
718.212
718.212
718.212
718.212
718.212
718.212
718.212
718.212
718.212
718.212
718.212
718.212
718.212
718.212
718.212
718.212
718.212
718.212
718.212
718.212
718.212
718.212
718.212
718.212
718.212
718.212
718.212
718.212
718.212
718.212
718.212
718.212
718.212
718.212
718.212
718.212
718.212
718.212
718.212
718.212
718.212
718.212
718.212
718.212
718.212
718.212
718.212
718.212
718.212
718.212
718.212
718.212
718.212
718.212
718.212
718.212
718.212
718.212
718.212
718.212
718.212
718.212
718.212
718.212
718.212
718.212
718.212
718.212
718.212
718.212
718.212
718.212
718.212
718.212
718.212
718.212
718.212
718.212
718.212
718.212
718.212
718.212
718.212
718.212
718.212
718.212
718.212
718.212
718.212
718.212
718.212
718.212
718.212
718.212
718.212
718.212
718.212
718.212
718.212
718.212
718.212
718.212
718.212
718.212
718.212
718.212
718.212
718.212
718.212
718.212
718.212
718.212
718.212
718.212
718.212
718.212
718.212
718.212
718.212
718.212
718.212
718.212
718.212
718.212
718.212
718.212
718.212
718.212
718.212
718.212
718.212
718.212
718.212
718.212
718.212
718.212
718.212
718.212
718.212
718.212
718.212
718.212
718.212
718.212
718.212
718.212
718.212
718.212
718.212
718.212
718.212
718.212
718.212
718.212
718.212
718.212
718.212
718.212
718.212
718.212
718.212
718.212
718.212
718.212
718.212
718.212
718.212
718.212
718.212
718.212
718.212
718.212
718.212
718.212
718.212
718.212
718.212
718.212
718.212
718.212
718.212
718.212
718.212
718.212
718.212
718.212
718.212
718.212
718.212
718.212
718.212
718.212
718.212
718.212
718.212
718.212
718.212
718.212
718.212
718.212
718.212
718.212
718.212
718.212
718.212
718.212
718.212
718.212
718.212
718.212
718.212
718.212
718.212
718.212
718.212
718.212
718.212
718.212
718.212
718.212
718.212
718.212
718.212
718.212
718.212
718.212
718.212
718.212
718.212
718.212
718.212
718.212
718.212
718.212
718.212
718.212
718.212
718.212
718.212
718.212
718.212
718.212
718.212
718.212
718.212
718.212
718.212
718.212
718.212
718.212
718.212
718.212
718.212
718.212
718.212
718.212
718.212
718.212
718.212
718.212
718.212
718.212
718.212
718.212
718.212
718.212
718.212
718.212
718.212
718.212
718.212
718.212
718.212
718.212
718.212
718.212
718.212
718.212
718.212
718.212
718.212
718.212
718.212
718.212
718.212
718.212
718.212
718.212
718.212
718.212
718.212
718.212
718.212
718.212
718.212
718.212
718.212
718.212
718.212
718.212
718.212
718.212
718.212
718.212
718.212
718.212
718.212
718.212
718.212
718.212
718.212
718.212
718.212
718.212
718.212
718.212
718.212
718.212
718.212
718.212
718.212
718.212
718.212
718.212
718.212
718.212
718.212
718.212
718.212
718.212
718.212
718.212
718.212
718.212
718.212
718.212
718.212
718.212
718.212
718.212
718.212
718.212
718.212
718.212
718.212
718.212
718.212
718.212
718.212
718.212
718.212
718.212
718.212
718.212
718.212
718.212
718.212
718.212
718.212
718.212
718.212
718.212
718.212
718.212
718.212
718.212
718.212
718.212
718.212
718.212
718.212
718.212
718.212
718.212
718.212
718.212
718.212
718.212
718.212
718.212
718.212
718.212
718.212
718.212
718.212
718.212
718.212
718.212
718.212
718.212
718.212
718.212
718.212
718.212
718.212
718.212
718.212
718.212
718.212
718.212
718.212
718.212
718.212
718.212
718.212
718.212
718.212
718.212
718.212
718.212
718.212
718.212
718.212
718.212
718.212
718.212
718.212
718.212
718.212
718.212
718.212
718.212
718.212
718.212
718.212
718.212
718.212
718.212
718.212
718.212
718.212
718.212
718.212
718.212
718.212
718.212
718.212
718.212
718.212
718.212
718.212
718.212
718.212
718.212
718.212
718.212
718.212
718.212
718.212
718.212
718.212
718.212
718.212
718.212
718.212
718.212
718.212
718.212
718.212
718.212
718.212
718.212
718.212
718.212
718.212
718.212
718.212
718.212
718.212
718.212
718.212
718.212
718.212
718.212
718.212
718.212
718.212
718.212
718.212
718.212
718.212
718.212
718.212
718.212
718.212
718.212
718.212
718.212
718.212
718.212
718.212
718.212
718.212
718.212
718.212
718.212
718.212
718.212
718.212
718.212
718.212
718.212
718.212
718.212
718.212
718.212
718.212
718.212
718.212
718.212
718.212
718.212
718.212
718.212
718.212
718.212
718.212
718.212
718.212
718.212
718.212
718.212
718.212
718.212
718.212
718.212
718.212
718.212
718.212
718.212
718.212
718.212
718.212
718.212
718.212
718.212
718.212
718.212
718.212
718.212
718.212
718.212
718.212
718.212
718.212
718.212
718.212
718.212
718.212
718.212
718.212
718.212
718.212
718.212
718.212
718.212
718.212
718.212
718.212
718.212
718.212
718.212
718.212
718.212
718.212
718.212
718.212
718.212
718.212
718.212
718.212
718.212
718.212
718.212
718.212
718.212
718.212
718.212
718.212
718.212
718.212
718.212
718.212
718.212
718.212
718.212
718.212
718.212
718.212
718.212
718.212
718.212
718.212
718.212
718.212
718.212
718.212
718.212
718.212
718.212
718.212
718.212
718.212
718.212
718.212
718.212
718.212
718.212
718.212
718.212
718.212
718.212
718.212
718.212
718.212
718.212
718.212
718.212
718.212
718.212
718.212
718.212
718.212
718.212
718.212
718.212
718.212
718.212
718.212
718.212
718.212
718.212
718.212
718.212
718.212
718.212
718.212
718.212
718.212
718.212
718.212
718.212
718.212
718.212
718.212
718.212
718.212
718.212
718.212
718.212
718.212
718.212
718.212
718.212
718.212
718.212
718.212
718.212
718.212
718.212
718.212
718.212
718.212
718.212
718.212
718.212
718.212
718.212
718.212
718.212
718.212
718.212
718.212
718.212
718.212
718.212
718.212
718.212
718.212
718.212
718.212
718.212
718.212
718.212
718.212
718.212
718.212
718.212
718.212
718.212
718.212
718.212
718.212
718.212
718.212
718.212
718.212
718.212
718.212
718.212
718.212
718.212
718.212
718.212
718.212
718.212
718.212
718.212
718.212
718.212
718.212
718.212
718.212
718.212
718.212
718.212
718.212
718.212
718.212
718.212
718.212
718.212
718.212
718.212
718.212
718.212
718.212
718.212
718.212
718.212
718.212
718.212
718.212
718.212
718.212
718.212
718.212
718.212
718.212
718.212
718.212
718.212
718.212
718.212
718.212
718.212
718.212
718.212
718.212
718.212
718.212
718.212
718.212
718.212
718.212
718.212
718.212
718.212
718.212
718.212
718.212
718.212
718.212
718.212
718.212
718.212
718.212
718.212
718.212
718.212
718.212
718.212
718.212
718.212
718.212
718.212
718.212
718.212
718.212
718.212
718.212
718.212
718.212
718.212
718.212
718.212
718.212
718.212
718.212
718.212
718.212
718.212
718.212
718.212
718.212
718.212
718.212
718.212
718.212
718.212
718.212
718.212
718.212
718.212
718.212
718.212
718.212
718.212
718.212
718.212
718.212
718.212
718.212
718.212
718.212
718.212
718.212
718.212
718.212
718.212
718.212
718.212
718.212
718.212
718.212
718.212
718.212
718.212
718.212
718.212
718.212
718.212
718.212
718.212
718.212
718.212
718.212
698.756
698.756
698.756
698.756
698.756
698.756
698.756
698.756
698.756
698.756
698.756
698.756
698.756
698.756
698.756
698.756
698.756
698.756
698.756
698.756
698.756
698.756
698.756
698.756
698.756
698.756
698.756
698.756
698.756
698.756
698.756
698.756
698.756
698.756
698.756
698.756
698.756
698.756
698.756
698.756
698.756
698.756
698.756
698.756
698.756
698.756
698.756
698.756
698.756
698.756
698.756
698.756
698.756
698.756
698.756
698.756
698.756
698.756
698.756
698.756
698.756
698.756
698.756
698.756
698.756
698.756
698.756
698.756
698.756
698.756
698.756
698.756
698.756
698.756
698.756
698.756
698.756
698.756
698.756
698.756
698.756
698.756
698.756
698.756
698.756
698.756
698.756
698.756
698.756
698.756
698.756
698.756
698.756
698.756
698.756
698.756
698.756
698.756
698.756
698.756
698.756
698.756
698.756
698.756
698.756
698.756
698.756
698.756
698.756
698.756
698.756
698.756
698.756
698.756
698.756
698.756
698.756
698.756
698.756
698.756
698.756
698.756
698.756
698.756
698.756
698.756
698.756
698.756
698.756
698.756
698.756
698.756
698.756
698.756
698.756
698.756
698.756
698.756
698.756
698.756
698.756
698.756
698.756
698.756
698.756
698.756
698.756
698.756
698.756
698.756
698.756
698.756
698.756
698.756
698.756
698.756
698.756
698.756
698.756
698.756
698.756
698.756
698.756
698.756
698.756
698.756
698.756
698.756
698.756
698.756
698.756
698.756
698.756
698.756
698.756
698.756
698.756
698.756
698.756
698.756
698.756
698.756
698.756
698.756
698.756
698.756
698.756
698.756
698.756
698.756
698.756
698.756
698.756
698.756
698.756
698.756
698.756
698.756
698.756
698.756
698.756
698.756
698.756
698.756
698.756
698.756
698.756
698.756
698.756
698.756
698.756
698.756
698.756
698.756
698.756
698.756
698.756
698.756
698.756
698.756
698.756
698.756
698.756
698.756
698.756
698.756
698.756
698.756
698.756
698.756
698.756
698.756
698.756
698.756
698.756
698.756
698.756
698.756
698.756
698.756
698.756
698.756
698.756
698.756
698.756
698.756
698.756
698.756
698.756
698.756
698.756
698.756
698.756
698.756
698.756
698.756
698.756
698.756
698.756
698.756
698.756
698.756
698.756
698.756
698.756
698.756
698.756
698.756
698.756
698.756
698.756
698.756
698.756
698.756
698.756
698.756
698.756
698.756
698.756
698.756
698.756
698.756
698.756
698.756
698.756
698.756
698.756
698.756
698.756
698.756
698.756
698.756
698.756
698.756
698.756
698.756
698.756
698.756
698.756
698.756
698.756
698.756
698.756
698.756
698.756
698.756
698.756
698.756
698.756
698.756
698.756
698.756
698.756
698.756
698.756
698.756
698.756
698.756
698.756
698.756
698.756
698.756
698.756
698.756
698.756
698.756
698.756
698.756
698.756
698.756
698.756
698.756
698.756
698.756
698.756
698.756
698.756
698.756
698.756
698.756
698.756
698.756
698.756
698.756
698.756
698.756
698.756
698.756
698.756
698.756
698.756
698.756
698.756
698.756
698.756
698.756
698.756
698.756
698.756
698.756
698.756
698.756
698.756
698.756
698.756
698.756
698.756
698.756
698.756
698.756
698.756
698.756
698.756
698.756
698.756
698.756
698.756
698.756
698.756
698.756
698.756
698.756
698.756
698.756
698.756
698.756
698.756
698.756
698.756
698.756
698.756
698.756
698.756
698.756
698.756
698.756
698.756
698.756
698.756
698.756
698.756
698.756
698.756
698.756
698.756
698.756
698.756
698.756
698.756
698.756
698.756
698.756
698.756
698.756
698.756
698.756
698.756
698.756
698.756
698.756
698.756
698.756
698.756
698.756
698.756
698.756
698.756
698.756
698.756
698.756
698.756
698.756
698.756
698.756
698.756
698.756
698.756
698.756
698.756
698.756
698.756
698.756
698.756
698.756
698.756
698.756
698.756
698.756
698.756
698.756
698.756
698.756
698.756
698.756
698.756
698.756
698.756
698.756
698.756
698.756
698.756
698.756
698.756
698.756
698.756
698.756
698.756
698.756
698.756
698.756
698.756
698.756
698.756
698.756
698.756
698.756
698.756
698.756
698.756
698.756
698.756
698.756
698.756
698.756
698.756
698.756
698.756
698.756
698.756
698.756
698.756
698.756
698.756
698.756
698.756
698.756
698.756
698.756
698.756
698.756
698.756
698.756
698.756
698.756
698.756
698.756
698.756
698.756
698.756
698.756
698.756
698.756
698.756
698.756
698.756
698.756
698.756
698.756
698.756
698.756
698.756
698.756
698.756
698.756
698.756
698.756
698.756
698.756
698.756
698.756
698.756
698.756
698.756
698.756
698.756
698.756
698.756
698.756
698.756
698.756
698.756
698.756
698.756
698.756
698.756
698.756
698.756
698.756
698.756
698.756
698.756
698.756
698.756
698.756
698.756
698.756
698.756
698.756
698.756
698.756
698.756
698.756
698.756
698.756
698.756
698.756
698.756
698.756
698.756
698.756
698.756
698.756
698.756
698.756
698.756
698.756
698.756
698.756
698.756
698.756
698.756
698.756
698.756
698.756
698.756
698.756
698.756
698.756
698.756
698.756
698.756
698.756
698.756
698.756
698.756
698.756
698.756
698.756
698.756
698.756
698.756
698.756
698.756
698.756
698.756
698.756
698.756
698.756
698.756
698.756
698.756
698.756
698.756
698.756
698.756
698.756
698.756
698.756
698.756
698.756
698.756
698.756
698.756
698.756
698.756
698.756
698.756
698.756
698.756
698.756
698.756
698.756
698.756
698.756
698.756
698.756
698.756
698.756
698.756
698.756
698.756
698.756
698.756
698.756
698.756
698.756
698.756
698.756
698.756
698.756
698.756
698.756
698.756
698.756
698.756
698.756
698.756
698.756
698.756
698.756
698.756
698.756
698.756
698.756
698.756
698.756
698.756
698.756
698.756
698.756
698.756
698.756
698.756
698.756
698.756
698.756
698.756
698.756
698.756
698.756
698.756
698.756
698.756
698.756
698.756
698.756
698.756
698.756
698.756
698.756
698.756
698.756
698.756
698.756
698.756
698.756
698.756
698.756
698.756
698.756
698.756
698.756
698.756
698.756
698.756
698.756
698.756
698.756
698.756
698.756
698.756
698.756
698.756
698.756
698.756
698.756
698.756
698.756
698.756
698.756
698.756
698.756
698.756
698.756
698.756
698.756
698.756
698.756
698.756
698.756
698.756
698.756
698.756
698.756
698.756
698.756
698.756
698.756
698.756
698.756
698.756
698.756
698.756
698.756
698.756
698.756
698.756
698.756
698.756
698.756
698.756
698.756
698.756
698.756
698.756
698.756
698.756
698.756
698.756
698.756
698.756
698.756
698.756
698.756
698.756
698.756
698.756
698.756
698.756
698.756
698.756
698.756
698.756
698.756
698.756
698.756
698.756
698.756
698.756
698.756
698.756
698.756
698.756
698.756
698.756
698.756
698.756
698.756
698.756
698.756
698.756
698.756
698.756
698.756
698.756
698.756
698.756
698.756
698.756
698.756
698.756
698.756
698.756
698.756
698.756
698.756
698.756
698.756
698.756
698.756
698.756
698.756
698.756
698.756
698.756
698.756
698.756
698.756
698.756
698.756
698.756
698.756
698.756
698.756
698.756
698.756
698.756
698.756
698.756
698.756
698.756
698.756
698.756
698.756
698.756
698.756
698.756
695.774
682.278
679.374
659.226
617.149
617.149
568.607
562.423
562.423
562.423
523.313
523.313
523.313
523.313
523.313
523.313
455.105
455.105
455.105
455.105
455.105
455.105
412.928
412.928
412.928
412.928
412.928
412.928
392.426
392.426
382.124
382.124
353.895
243.853
243.853
243.853
243.853
243.853
243.853
243.853
243.853
243.853
235.033
191.617
191.617
159.94
159.94
142.686
109.829
109.829
108.551
78.5907
56.2076
46.9598
41.9573
36.6649
26.9049
21.3826
19.9684
19.9684
19.9684
19.9684
15.157
15.157
15.157
15.157
13.4673
13.4673
13.4673
13.4673
13.4673
13.4673
10.8328
10.8328
6.6294
6.45619
4.23164
4.23164
3.63757
3.0947
2.58247
2.12381
1.19784
0.928756
0.560805
0.27215
0.165783
0.165783
0.165783
0.165783
0.165783
0.16092
0.16092
0.0946195
0.092607
0.0623648
0.0623648
0.048699
0.048699
0.048699
0.048699
0.048699
0.0343844
0.0343844
0.0211393
0.0152502
0.0130358
0.00817821
0.00817821
0.00817821
0.00684485
0.00644196
0.00644196
0.00644196
0.00644196
0.00644196
0.0061738
0.0061738
0.0061738
0.00358152
0.00350995
0.00350995
0.00350995
0.00304602
0.00238474
0.00238474
0.00105128
0.00105128
0.000790206
0.000790206
0.000412642
0.000412642
0.000412642
0.000412642
0.000412642
0.000412642
0.000336326
0.000336326
0.000336326
0.000179488
0.000161764
0.000161764
0.000102712
0.000100824
0.000100824
8.63392e-05
8.25656e-05
6.74782e-05
6.74782e-05
6.74782e-05
6.68287e-05
3.75296e-05
3.61126e-05
3.61126e-05
3.61126e-05
3.38574e-05
3.11775e-05
1.93777e-05
1.38047e-05
1.0368e-05
3.59929e-06
3.59929e-06
2.75476e-06
2.14584e-06
6.51329e-07
6.51329e-07
6.51329e-07
6.51329e-07
6.51329e-07
6.51329e-07
6.51329e-07
6.51329e-07
5.26833e-07
5.26833e-07
3.61766e-07
2.8361e-07
2.2716e-07
2.2716e-07
2.2716e-07
1.82773e-07
1.74212e-07
1.19006e-07
1.19006e-07
1.01783e-07
6.65727e-08
6.36595e-08
6.12221e-08
3.97342e-08
2.13311e-08
2.13311e-08
2.13311e-08
2.13311e-08
2.13311e-08
2.13311e-08
2.13311e-08
2.13311e-08
2.13311e-08
2.13311e-08
2.13311e-08
2.13311e-08
2.13311e-08
2.13311e-08
2.13311e-08
2.13311e-08
2.13311e-08
2.13311e-08
2.13311e-08
2.13311e-08
2.13311e-08
2.13311e-08
2.13311e-08
2.13311e-08
2.13311e-08
2.13311e-08
2.13311e-08
2.13311e-08
2.13311e-08
2.13311e-08
2.13311e-08
2.13311e-08
2.13311e-08
2.13311e-08
2.13311e-08
2.13311e-08
2.13311e-08
2.13311e-08
2.13311e-08
2.13311e-08
2.13311e-08
2.13311e-08
2.13311e-08
2.13311e-08
2.13311e-08
2.13311e-08
2.13311e-08
2.13311e-08
2.13311e-08
2.13311e-08
2.13311e-08
2.13311e-08
2.13311e-08
2.13311e-08
2.13311e-08
2.13311e-08
2.13311e-08
2.13311e-08
2.13311e-08
2.13311e-08
2.13311e-08
2.13311e-08
2.13311e-08
2.13311e-08
2.13311e-08
2.13311e-08
2.13311e-08
2.13311e-08
2.13311e-08
2.13311e-08
2.13311e-08
2.13311e-08
2.13311e-08
2.13311e-08
2.13311e-08
2.13311e-08
2.13311e-08
2.13311e-08
2.13311e-08
2.13311e-08
2.13311e-08
2.13311e-08
2.13311e-08
2.13311e-08
2.13311e-08
2.13311e-08
2.13311e-08
2.13311e-08
2.13311e-08
2.13311e-08
2.13311e-08
2.13311e-08
2.13311e-08
2.13311e-08
2.13311e-08
2.13311e-08
2.13311e-08
2.13311e-08
2.13311e-08
2.13311e-08
2.13311e-08
2.13311e-08
2.13311e-08
2.13311e-08
2.13311e-08
2.13311e-08
2.13311e-08
2.13311e-08
2.13311e-08
2.13311e-08
2.13311e-08
2.13311e-08
2.13311e-08
2.13311e-08
2.13311e-08
2.13311e-08
2.13311e-08
2.13311e-08
2.13311e-08
2.13311e-08
2.13311e-08
2.13311e-08
2.13311e-08
2.13311e-08
2.13311e-08
2.13311e-08
2.13311e-08
2.13311e-08
