4.75086e+11
9.29591e+10
1.15564e+10
3.56268e+09
4.16759e+08
7.07291e+07
1.1757e+07
1.1757e+07
110.308
110.308
110.308
110.308
110.308
110.308
110.308
110.308
110.308
110.308
110.308
110.308
110.308
110.308
110.308
64.9641
64.9641
39.8255
39.0161
39.0161
28.0228
28.0228
28.0228
15.7386
15.7386
15.7386
15.7386
15.7386
15.7386
15.7386
15.7386
15.7386
15.7386
15.7386
15.7386
11.4161
11.4161
11.4161
11.4161
11.4161
11.4161
11.4161
11.4161
11.4161
11.4161
11.4161
11.4161
11.4161
11.4161
11.4161
11.4161
11.4161
11.4161
11.4161
11.4161
11.4161
11.4161
11.4161
11.4161
11.4161
11.4161
11.4161
11.4161
11.4161
11.4161
11.4161
11.4161
11.4161
11.4161
11.4161
11.4161
11.4161
11.4161
11.4161
11.4161
11.4161
11.4161
11.4161
11.4161
11.4161
11.4161
11.4161
11.4161
11.4161
11.4161
11.4161
11.4161
11.4161
11.4161
11.4161
11.4161
11.4161
11.4161
11.4161
11.4161
11.4161
11.4161
11.4161
11.4161
11.4161
11.4161
11.4161
11.4161
11.4161
11.4161
11.4161
11.4161
11.4161
11.4161
11.4161
11.4161
11.4161
11.4161
11.4161
11.4161
5.9946
5.9946
5.9946
5.9946
5.9946
5.9946
5.9946
5.9946
5.9946
5.9946
5.9946
5.9946
5.9946
5.9946
5.9946
5.9946
5.9946
5.9946
5.9946
5.9946
5.9946
5.9946
5.9946
5.9946
5.9946
5.9946
5.9946
5.9946
5.9946
5.9946
5.9946
5.9946
5.9946
5.9946
5.9946
5.9946
5.9946
5.9946
5.9946
5.9946
5.9946
5.9946
5.9946
5.9946
5.9946
5.9946
5.9946
5.9946
5.9946
5.9946
5.9946
5.9946
5.9946
5.9946
5.9946
5.9946
5.9946
5.9946
5.9946
5.9946
5.9946
5.9946
5.9946
5.9946
5.9946
5.9946
5.9946
5.9946
5.9946
5.9946
5.9946
5.9946
5.9946
5.9946
5.9946
5.9946
5.9946
5.9946
5.9946
5.9946
5.9946
5.9946
5.9946
5.9946
5.9946
5.9946
5.9946
5.9946
5.9946
5.9946
5.9946
5.9946
5.9946
5.9946
5.9946
5.9946
5.9946
5.9946
5.9946
5.9946
5.9946
5.9946
5.9946
5.9946
5.9946
5.9946
5.9946
5.9946
5.9946
5.9946
5.9946
5.9946
5.9946
5.9946
5.9946
5.9946
5.9946
5.9946
5.9946
5.9946
5.9946
5.9946
5.9946
5.9946
5.9946
5.9946
5.9946
5.9946
5.9946
5.9946
5.9946
5.9946
5.9946
5.9946
5.9946
5.9946
5.9946
5.9946
5.9946
5.9946
5.9946
5.9946
5.9946
5.9946
5.9946
5.9946
5.9946
5.9946
5.9946
5.9946
5.9946
5.9946
5.9946
5.9946
5.9946
5.9946
5.9946
5.9946
5.9946
5.9946
5.9946
5.9946
5.9946
5.9946
5.9946
5.9946
5.9946
5.9946
5.9946
5.9946
5.9946
5.9946
5.9946
5.9946
5.9946
5.9946
5.9946
5.9946
5.9946
5.9946
5.9946
5.9946
5.9946
5.9946
5.9946
5.9946
5.9946
5.9946
5.9946
5.9946
5.9946
5.9946
5.9946
5.9946
5.9946
5.9946
5.9946
5.9946
5.9946
5.9946
5.9946
5.9946
5.9946
5.9946
5.9946
5.9946
5.9946
5.9946
5.9946
5.9946
5.9946
5.9946
5.9946
5.9946
5.9946
5.9946
5.9946
5.9946
5.9946
5.9946
5.9946
5.9946
5.9946
5.9946
5.9946
5.9946
5.9946
5.9946
5.9946
5.9946
5.9946
5.9946
5.9946
5.9946
5.9946
5.9946
5.9946
5.9946
5.9946
5.9946
5.9946
5.9946
5.9946
5.9946
5.9946
5.9946
5.9946
5.9946
5.9946
5.9946
5.9946
5.9946
5.9946
5.9946
5.9946
5.9946
5.9946
5.9946
5.9946
5.9946
5.9946
5.9946
5.9946
5.9946
5.9946
5.9946
5.9946
5.9946
5.9946
5.9946
5.9946
5.9946
5.9946
5.9946
5.9946
5.9946
5.9946
5.9946
5.9946
5.9946
5.9946
5.9946
5.9946
5.9946
5.9946
5.9946
5.9946
5.9946
5.9946
5.9946
5.9946
5.9946
5.9946
5.9946
5.9946
5.9946
5.9946
5.9946
5.9946
5.9946
5.9946
5.9946
5.9946
5.9946
5.9946
5.9946
5.9946
5.9946
5.9946
5.9946
5.9946
5.9946
5.9946
5.9946
5.9946
5.9946
5.9946
5.9946
5.9946
5.9946
5.9946
5.9946
5.9946
5.9946
5.9946
5.9946
5.9946
5.9946
5.9946
5.9946
5.9946
5.9946
5.9946
5.9946
5.9946
5.9946
5.9946
5.9946
5.9946
5.9946
5.9946
5.9946
5.9946
5.9946
5.9946
5.9946
5.9946
5.9946
5.9946
5.9946
5.9946
5.9946
5.9946
5.9946
5.9946
5.9946
5.9946
5.9946
5.9946
5.9946
5.9946
5.9946
5.9946
5.9946
5.9946
5.9946
5.9946
5.9946
5.9946
5.9946
5.9946
5.9946
5.9946
5.9946
5.9946
5.9946
5.9946
5.9946
5.9946
5.9946
5.9946
5.9946
5.9946
5.9946
5.9946
5.9946
5.9946
5.9946
5.9946
5.9946
5.9946
5.9946
5.9946
5.9946
5.9946
5.9946
5.9946
5.9946
5.9946
5.9946
5.9946
5.9946
5.9946
5.9946
5.9946
5.9946
5.9946
5.9946
5.9946
5.9946
5.9946
5.9946
5.9946
5.9946
5.9946
5.9946
5.9946
5.9946
5.9946
5.9946
5.9946
5.9946
5.9946
5.9946
5.9946
5.9946
5.9946
5.9946
5.9946
5.9946
5.9946
5.9946
5.9946
5.9946
5.9946
5.9946
5.9946
5.9946
5.9946
5.9946
5.9946
5.9946
5.9946
5.9946
5.9946
5.9946
5.9946
5.9946
5.9946
5.9946
5.9946
5.9946
5.9946
5.9946
5.9946
5.9946
5.9946
5.9946
5.9946
5.9946
5.9946
5.9946
5.9946
5.9946
5.9946
5.9946
5.9946
5.9946
5.9946
5.9946
5.9946
5.9946
5.9946
5.9946
5.9946
5.9946
5.9946
5.9946
5.9946
5.9946
5.9946
5.9946
5.9946
5.9946
5.9946
5.9946
5.9946
5.9946
5.9946
5.9946
5.9946
5.9946
5.9946
5.9946
5.9946
5.9946
5.9946
5.9946
5.9946
5.9946
5.9946
5.9946
5.9946
5.9946
5.9946
5.9946
5.9946
5.9946
5.9946
5.9946
5.9946
5.9946
5.9946
5.9946
5.9946
5.9946
5.9946
5.9946
5.9946
5.9946
5.9946
5.9946
5.9946
5.9946
5.9946
5.9946
5.9946
5.9946
5.9946
5.9946
5.9946
5.9946
5.9946
5.9946
5.9946
5.9946
5.9946
5.9946
5.9946
5.9946
5.9946
5.9946
5.9946
5.9946
5.9946
5.9946
5.9946
5.9946
5.9946
5.9946
5.9946
5.9946
5.9946
5.9946
5.9946
5.9946
5.9946
5.9946
5.9946
5.9946
5.9946
5.9946
5.9946
5.9946
5.9946
5.9946
5.9946
5.9946
5.9946
5.9946
5.9946
5.9946
5.9946
5.9946
5.9946
5.9946
5.9946
5.9946
5.9946
5.9946
5.9946
5.9946
5.9946
5.9946
5.9946
5.9946
5.9946
5.9946
5.9946
5.9946
5.9946
5.9946
5.9946
5.9946
5.9946
5.9946
5.9946
5.9946
5.9946
5.9946
5.9946
5.9946
5.9946
5.9946
5.9946
5.9946
5.9946
5.9946
5.9946
5.9946
5.9946
5.9946
5.9946
5.9946
5.9946
5.9946
5.9946
5.9946
5.9946
5.9946
5.9946
5.9946
5.9946
5.9946
5.9946
5.9946
5.9946
5.9946
4.99204
4.99204
4.99204
4.99204
4.83911
4.83911
4.83911
4.83911
4.83911
3.40663
2.918
2.918
2.918
2.918
2.918
2.918
2.64127
2.64127
2.64127
2.6165
2.45669
2.43153
2.3465
2.3465
2.3465
2.3465
2.3465
2.3465
2.3465
2.3465
2.3465
2.3465
2.3465
2.3465
2.3465
2.3465
2.3465
2.3465
2.34485
2.34485
2.34485
2.34485
2.34485
2.34366
2.34335
2.33877
2.33877
2.33759
2.33678
2.3363
2.3363
2.33585
2.33558
2.33549
2.33549
2.33549
2.33549
2.33549
2.33549
2.33549
2.33549
2.33549
2.33549
2.33549
2.33549
2.33549
2.33549
2.33549
2.33549
2.33549
2.33549
2.33549
2.33549
2.33549
2.33549
2.33549
2.33549
2.33549
2.33549
2.33549
2.33549
2.33549
2.33549
2.33549
2.33549
2.33549
2.33549
2.33549
2.33549
2.33549
2.33549
2.33549
2.33549
2.33549
2.33549
2.33549
2.33549
2.33549
2.33549
2.33549
2.33549
2.33549
2.33549
2.33549
2.33549
2.33549
2.33549
2.33549
2.33549
2.33549
2.33549
2.33549
2.33549
2.33549
2.33549
2.33549
2.33549
2.33549
2.33549
2.33549
2.33549
2.33549
2.33549
2.33549
2.33549
2.33549
2.33549
2.33549
2.33549
2.33549
2.33549
2.33549
2.33549
2.33549
2.33549
2.33549
2.33549
2.33549
2.33549
2.33549
2.33549
2.33549
2.33549
2.33549
2.33549
2.33549
2.33549
2.33549
2.33549
2.33549
2.33549
2.33549
2.33549
2.33549
2.33549
2.33549
2.33549
2.33549
2.33549
2.33549
2.33549
2.33549
2.33549
2.33549
2.33549
2.33549
2.33549
2.33549
2.33549
2.33549
2.33549
2.33549
2.33549
2.33549
2.33549
2.33549
2.33549
2.33549
2.33549
2.33549
2.33549
2.33549
2.33549
2.33549
2.33549
2.33549
2.33549
2.33549
2.33549
2.33549
2.33549
2.33549
2.33549
2.33549
2.33549
2.33549
2.33549
2.33549
2.33549
2.33549
2.33549
2.33549
2.33549
2.33549
2.33549
2.33549
2.33549
2.33549
2.33549
2.33549
2.33549
2.33549
2.33549
2.33549
2.33549
2.33549
2.33549
2.33549
2.33549
2.33549
2.33549
2.33549
2.33549
2.33549
2.33549
2.33549
2.33549
2.33549
2.33549
2.33549
2.33549
2.33549
2.33549
2.33549
2.33549
2.33549
2.33549
2.33549
2.33549
2.33549
2.33549
2.33549
2.33549
2.33549
2.33549
2.33549
2.33549
2.33549
2.33549
2.33549
2.33549
2.33549
2.33549
2.33549
2.33549
2.33549
2.33549
2.33549
2.33549
2.33549
2.33549
2.33549
2.33549
2.33549
2.33549
2.33549
2.33549
2.33549
2.33549
2.33549
2.33549
2.33549
2.33549
2.33549
2.33549
2.33549
2.33549
2.33549
2.33549
2.33549
2.33549
2.33549
2.33549
2.33549
2.33549
2.33549
2.33549
2.33549
2.33549
2.33549
2.33549
2.33549
2.33549
2.33549
2.33549
2.33549
2.33549
2.33549
2.33549
2.33549
2.33549
2.33549
2.33549
2.33549
2.33549
2.33549
2.33549
2.33549
2.33549
2.33549
2.33549
2.33549
2.33549
2.33549
2.33549
2.33549
2.33549
2.33549
2.33549
2.33549
2.33549
2.33549
2.33549
2.33549
2.33549
2.33549
2.33549
2.33549
2.33549
2.33549
2.33549
2.33549
2.33549
2.33549
2.33549
2.33549
2.33549
2.33549
2.33549
2.33549
2.33549
2.33549
2.33549
2.33549
2.33549
2.33549
2.33549
2.33549
2.33549
2.33549
2.33549
2.33549
2.33549
2.33549
2.33549
2.33549
2.33549
2.33549
2.33549
2.33549
2.33549
2.33549
2.33549
2.33549
2.33549
2.33549
2.33549
2.33549
2.33549
2.33549
2.33549
2.33549
2.33549
2.33549
2.33549
2.33549
2.33549
2.33549
2.33549
2.33549
2.33549
2.33549
2.33549
2.33549
2.33549
2.33549
2.33549
2.33549
2.33549
2.33549
2.33549
2.33549
2.33549
2.33549
2.33549
2.33549
2.33549
2.33549
2.33549
2.33549
2.33549
2.33549
2.33549
2.33549
2.33549
2.33549
2.33549
2.33549
2.33549
2.33549
2.33549
2.33549
2.33549
2.33549
2.33549
2.33549
2.33549
2.33549
2.33549
2.33549
2.33549
2.33549
2.33549
2.33549
2.33549
2.33549
2.33549
2.33549
2.33549
2.33549
2.33549
2.33549
2.33549
2.33549
2.33549
2.33549
2.33549
2.33549
2.33549
2.33549
2.33549
2.33549
2.33549
2.33549
2.33549
2.33549
2.33549
2.33549
2.33549
2.33549
2.33549
2.33549
2.33549
2.33549
2.33549
2.33549
2.33549
2.33549
2.33549
2.33549
2.33549
2.33549
2.33549
2.33549
2.33549
2.33549
2.33549
2.33549
2.33549
2.33549
2.33549
2.33549
2.33549
2.33549
2.33549
2.33549
2.33549
2.33549
2.33549
2.33549
2.33549
2.33549
2.33549
2.33549
2.33549
2.33549
2.33549
2.33549
2.33549
2.33549
2.33549
2.33549
2.33549
2.33549
2.33549
2.33549
2.33549
2.33549
2.33549
2.33549
2.33549
2.33549
2.33549
2.33549
2.33549
2.33549
2.33549
2.33549
2.33549
2.33549
2.33549
2.33549
2.33549
2.33549
2.33549
2.33549
2.33549
2.33549
2.33549
2.33549
2.33549
2.33549
2.33549
2.33549
2.33549
2.33549
2.33549
2.33549
2.33549
2.33549
2.33549
2.33549
2.33549
2.33549
2.33549
2.33549
2.33549
2.33549
2.33549
2.33549
2.33549
2.33549
2.33549
2.33549
2.33549
2.33549
2.33549
2.33549
2.33549
2.33549
2.33549
2.33549
2.33549
2.33549
2.33549
2.33549
2.33549
2.33549
2.33549
2.33549
2.33549
2.33549
2.33549
2.33549
2.33549
2.33549
2.33549
2.33549
2.33549
2.33549
2.33549
2.33549
2.33549
2.33549
2.33549
2.33549
2.33549
2.33549
2.33549
2.33549
2.33549
2.33549
2.33549
2.33549
2.33549
2.33549
2.33549
2.33549
2.33549
2.33549
2.33549
2.33549
2.33549
2.33549
2.33549
2.33549
2.33549
2.33549
2.33549
2.33549
2.33549
2.33549
2.33549
2.33549
2.33549
2.33549
2.33549
2.33549
2.33549
2.33549
2.33549
2.33549
2.33549
2.33549
2.33549
2.33549
2.33549
2.33549
2.33549
2.33549
2.33549
2.33549
2.33549
2.33549
2.33549
2.33549
2.33549
2.33549
2.33549
2.33549
2.33549
2.33549
2.33549
2.33549
2.33549
2.33549
2.33549
2.33549
2.33549
2.33549
2.33549
2.33549
2.33549
2.33549
2.33549
2.33549
2.33549
2.33549
2.33549
2.33549
2.33549
2.33549
2.33549
2.33549
2.33549
2.33549
2.33549
2.33549
2.33549
2.33549
2.33549
2.33549
2.33549
2.33549
2.33549
2.33549
2.33549
2.33549
2.33549
2.33549
2.33549
2.33549
2.33549
2.33549
2.33549
2.33549
2.33549
2.33549
2.33549
2.33549
2.33549
2.33549
2.33549
2.33549
2.33549
2.33549
2.33549
2.33549
2.33549
2.33549
2.33549
2.33549
2.33549
2.33549
2.33549
2.33549
2.33549
2.33549
2.33549
2.33549
2.33549
2.33549
2.33549
2.33549
2.33549
2.33549
2.33549
2.33549
2.33549
2.33549
2.33549
2.33549
2.33549
2.33549
2.33549
2.33549
2.33549
2.33549
2.33549
2.33549
2.33549
2.33549
2.33549
2.33549
2.33549
2.33549
2.33549
2.33549
2.33549
2.33549
2.33549
2.33549
2.33549
2.33549
2.33549
2.33549
2.33549
2.33549
2.33549
2.33549
2.33549
2.33549
2.33549
2.33549
2.33549
2.33549
2.33549
2.33549
2.33549
2.33549
2.33549
2.33549
2.33549
2.33549
2.33549
2.33549
2.33549
2.33549
2.33549
2.33549
2.33549
2.33549
2.33549
2.33549
2.33549
2.33549
2.33549
2.33549
2.33549
2.33549
2.33549
2.33549
2.33549
2.33549
2.33549
2.33549
2.33549
2.33549
2.33549
2.33549
2.33549
2.33549
2.33549
2.33549
2.33549
2.33549
2.33549
2.33549
2.33549
2.33549
2.33549
2.33549
2.33549
2.33549
2.33549
2.33549
2.33549
2.33549
2.33549
2.33549
2.33549
2.33549
2.33549
2.33549
2.33549
2.33549
2.33549
2.33549
2.33549
2.33549
2.33549
2.33549
2.33549
2.33549
2.33549
2.33549
2.33549
2.33549
2.33549
2.33549
2.33549
2.33549
2.33549
2.33549
2.33549
2.33549
2.33549
2.33549
2.33549
2.33549
2.33549
2.33549
2.33549
2.33549
2.33549
2.33549
2.33549
2.33549
2.33549
2.33549
2.33549
2.33549
2.33549
2.33549
2.33549
2.33549
2.33549
2.33549
2.33549
2.33549
2.33549
2.33549
2.33549
2.33549
2.33549
2.33549
2.33549
2.33549
2.33549
2.33549
2.33549
2.33549
2.33549
2.33549
2.33549
2.33549
2.33549
2.33549
2.33549
2.33549
2.33549
2.33549
2.33549
2.33549
2.33549
2.33549
2.33549
2.33549
2.33549
2.33549
2.33549
2.33549
2.33549
2.33549
2.33549
2.33549
2.33549
2.33549
2.33549
2.33549
2.33549
2.33549
2.33549
2.33549
2.33549
2.33549
2.33549
2.33549
2.33549
2.33549
2.33549
2.33549
2.33549
2.33549
2.33549
2.33549
2.33549
2.33549
2.33549
2.33549
2.33549
2.33549
2.33549
2.33549
2.33549
2.33549
2.33549
2.33549
2.33549
2.33549
2.33549
2.33549
2.33549
2.33549
2.33549
2.33549
2.33549
2.33549
2.33549
2.33549
2.33549
2.33549
2.33549
2.33549
2.33549
2.33549
2.33549
2.33549
2.33549
2.33549
2.33549
2.33549
2.33549
2.33549
2.33549
2.33549
2.33549
2.33549
2.33549
2.33549
2.33549
2.33549
2.33549
2.33549
2.33549
2.33549
2.33549
2.33549
2.33549
2.33549
2.33549
2.33549
2.33549
2.33549
2.33549
2.33549
2.33549
2.33549
2.33549
2.33549
2.33549
2.33549
2.33549
2.33549
2.33549
2.33549
2.33549
2.33549
2.33549
2.33549
2.33549
2.33549
2.33549
2.33549
2.33549
