7.52918e+11
1.4631e+11
1.45488e+10
6.96686e+08
5.08336e+08
3.35351e+08
150103
150103
150103
150103
150103
150103
150103
150103
150103
34355.9
963.271
43.859
43.859
43.859
43.859
43.859
36.4394
36.4394
36.4394
23.1597
21.0593
21.0593
21.0593
21.0593
21.0593
21.0593
21.0593
16.2864
16.2864
16.2864
16.2864
16.2864
16.2864
16.2864
16.2864
16.2864
16.2864
16.2864
16.2864
16.2864
16.2864
16.2864
16.2864
16.2864
16.2864
16.2864
16.2864
16.2864
16.2864
16.2864
16.2864
16.2864
16.2864
16.2864
16.2864
16.2864
16.1328
16.1328
16.0336
16.0336
15.1706
11.4978
11.4978
11.4978
11.4978
11.4978
11.4978
11.4978
11.4978
11.4978
11.4978
11.4978
11.4978
11.4978
10.5427
10.5427
10.5427
10.5427
10.5427
10.5427
10.5427
10.5427
10.5427
10.5427
10.5427
10.5427
10.5427
10.5427
10.5427
10.5427
10.5427
10.5427
10.5427
10.5427
10.5427
10.5427
10.5427
10.5427
10.5427
10.5427
10.5427
7.63993
7.63993
7.63993
7.63993
7.63993
7.63993
7.63993
7.63993
7.63993
7.63993
7.63993
7.63993
7.63993
7.63993
7.63993
7.63993
7.63993
7.63993
7.63993
7.63993
7.63993
7.63993
7.63993
7.63993
7.63993
7.63993
7.63993
7.63993
7.63993
7.63993
7.63993
7.63993
7.63993
7.63993
7.63993
7.63993
7.63993
7.63993
7.63993
7.63993
7.63993
7.63993
7.63993
7.63993
7.63993
7.63993
7.63993
7.63993
7.63993
7.63993
7.63993
7.63993
7.63993
7.63993
7.63993
7.63993
7.63993
7.63993
7.63993
7.63993
7.63993
7.63993
7.63993
7.63993
7.63993
7.63993
7.63993
7.63993
7.63993
7.63993
7.63993
7.63993
7.63993
7.63993
7.63993
7.63993
7.63993
7.63993
7.63993
7.63993
7.63993
7.63993
7.63993
7.63993
7.63993
7.63993
7.63993
7.63993
7.63993
7.63993
7.63993
7.63993
7.63993
7.63993
7.63993
7.63993
7.63993
7.63993
7.63993
7.63993
7.63993
7.63993
7.63993
7.63993
7.63993
7.63993
7.63993
7.63993
7.63993
7.63993
7.63993
7.63993
7.63993
7.63993
7.63993
7.63993
7.63993
7.63993
7.63993
7.63993
7.63993
7.63993
7.63993
7.63993
7.63993
7.63993
7.63993
7.63993
7.63993
7.63993
7.63993
7.63993
7.63993
7.63993
7.63993
7.63993
7.63993
7.63993
7.63993
7.63993
7.63993
7.63993
7.63993
7.63993
7.63993
7.63993
7.63993
7.63993
7.63993
7.63993
7.63993
7.63993
7.63993
7.63993
7.63993
7.63993
7.63993
7.63993
7.63993
7.63993
7.63993
7.63993
7.63993
7.63993
7.63993
7.63993
7.63993
7.63993
7.63993
7.63993
7.63993
7.63993
7.63993
7.63993
7.63993
7.63993
7.17547
7.17547
7.17547
7.17547
7.17547
7.17547
7.17547
7.17547
7.17547
7.17547
7.17547
7.17547
7.17547
7.17547
7.17547
7.17547
7.17547
7.17547
7.17547
7.17547
7.17547
7.17547
7.17547
7.17547
7.17547
7.17547
7.17547
7.17547
7.17547
7.17547
7.17547
7.17547
7.17547
7.17547
7.17547
7.17547
7.17547
7.17547
7.17547
7.17547
7.17547
7.17547
7.17547
7.17547
7.17547
7.17547
7.17547
7.17547
7.17547
7.17547
7.17547
7.17547
7.17547
7.17547
7.17547
7.17547
7.17547
7.17547
7.17547
7.17547
7.17547
7.17547
7.17547
7.17547
7.17547
7.17547
7.17547
7.17547
7.17547
7.17547
7.17547
7.17547
7.17547
7.17547
7.17547
7.17547
7.17547
7.17547
7.17547
7.17547
7.17547
7.17547
7.17547
7.17547
7.17547
7.17547
7.17547
7.17547
7.17547
7.17547
7.17547
7.17547
7.17547
7.17547
7.17547
7.17547
7.17547
7.17547
7.17547
7.17547
7.17547
7.17547
7.17547
7.17547
7.17547
7.17547
7.17547
7.17547
7.17547
7.17547
7.17547
7.17547
7.17547
7.17547
7.17547
7.17547
7.17547
7.17547
7.17547
7.17547
7.17547
7.17547
7.17547
7.17547
7.17547
7.17547
7.17547
7.17547
7.17547
7.17547
7.17547
7.17547
7.17547
7.17547
7.17547
7.17547
7.17547
7.17547
7.17547
7.17547
7.17547
7.17547
7.17547
7.17547
7.17547
7.17547
7.17547
7.17547
7.17547
7.17547
7.17547
7.17547
7.17547
7.17547
7.17547
7.17547
7.17547
7.17547
7.17547
7.17547
7.17547
7.17547
7.17547
7.17547
7.17547
7.17547
7.17547
7.17547
7.17547
7.17547
7.17547
7.17547
7.17547
7.17547
7.17547
7.17547
7.17547
7.17547
7.17547
7.17547
7.17547
5.03568
5.03568
5.03568
5.03568
5.03568
5.03568
5.03568
5.03568
5.03568
5.03568
5.03568
4.82232
4.82232
4.82232
4.82232
4.82232
4.82232
4.82232
4.82232
4.82232
4.82232
4.82232
4.82232
4.82232
4.82232
4.82232
4.82232
4.50586
4.50586
4.50586
4.50586
4.50586
4.20052
4.20052
4.20052
4.20052
4.20052
4.20052
4.20052
4.20052
4.20052
4.20052
4.20052
4.20052
4.20052
4.20052
4.20052
4.20052
4.20052
4.20052
4.20052
4.20052
4.20052
4.20052
4.20052
4.20052
4.20052
4.20052
4.20052
4.20052
4.20052
4.20052
4.20052
4.20052
4.20052
4.20052
4.20052
4.20052
4.20052
4.20052
4.20052
4.20052
4.20052
4.20052
4.20052
4.20052
4.20052
4.20052
4.20052
4.20052
4.20052
4.20052
4.20052
4.20052
4.20052
4.20052
4.20052
4.20052
4.20052
4.20052
4.20052
4.20052
4.20052
4.20052
4.20052
4.20052
4.20052
4.20052
4.20052
4.20052
4.20052
4.20052
4.20052
4.20052
4.20052
4.20052
4.20052
4.20052
4.20052
4.20052
4.20052
4.20052
4.20052
4.20052
4.20052
4.20052
4.20052
4.20052
4.20052
4.20052
4.20052
4.20052
4.20052
4.20052
4.20052
4.20052
4.20052
4.20052
4.20052
4.20052
4.20052
4.20052
4.20052
4.20052
4.20052
4.20052
4.20052
4.20052
4.20052
4.20052
4.20052
4.20052
4.20052
4.20052
4.20052
4.20052
4.20052
4.20052
4.20052
4.20052
4.20052
4.20052
4.20052
4.20052
4.20052
4.20052
4.20052
4.20052
4.20052
4.20052
4.20052
4.20052
4.20052
4.20052
4.20052
4.20052
4.20052
4.20052
4.20052
4.20052
4.20052
4.20052
4.20052
4.20052
4.20052
4.20052
4.20052
4.20052
4.20052
4.20052
4.20052
4.20052
4.20052
4.20052
4.20052
4.20052
4.20052
4.20052
4.20052
4.20052
4.20052
4.20052
4.20052
4.20052
4.20052
4.20052
4.20052
4.20052
4.20052
4.20052
4.20052
4.20052
4.20052
4.20052
4.20052
4.20052
4.20052
4.20052
4.20052
4.20052
4.20052
4.20052
4.20052
4.20052
4.20052
4.20052
4.20052
4.20052
4.20052
4.20052
4.20052
4.20052
4.20052
4.20052
4.20052
4.20052
4.20052
4.20052
4.20052
4.20052
4.20052
4.20052
4.20052
4.20052
4.20052
4.20052
4.20052
4.20052
4.20052
4.20052
4.20052
4.20052
4.20052
4.20052
4.20052
4.20052
4.20052
4.20052
4.20052
4.20052
4.20052
4.20052
4.20052
4.20052
4.20052
4.20052
4.20052
4.20052
4.20052
4.20052
4.20052
4.20052
4.20052
4.20052
4.20052
4.20052
4.20052
4.20052
4.20052
4.20052
4.20052
4.20052
4.20052
4.20052
4.20052
4.20052
4.20052
4.20052
4.20052
4.20052
4.20052
4.20052
4.20052
4.20052
4.20052
4.20052
4.20052
4.20052
4.20052
4.20052
4.20052
4.20052
4.20052
4.20052
4.20052
4.20052
4.20052
4.20052
4.20052
4.20052
4.20052
4.20052
4.20052
4.20052
4.20052
4.20052
4.20052
4.20052
4.20052
4.20052
4.20052
4.20052
4.20052
4.20052
4.20052
4.20052
4.20052
4.20052
4.20052
4.20052
4.20052
4.20052
4.20052
4.20052
4.20052
4.20052
4.20052
4.20052
4.20052
4.20052
4.20052
4.20052
4.20052
4.20052
4.20052
4.20052
4.20052
4.20052
4.20052
4.20052
4.20052
4.20052
4.20052
4.20052
4.20052
4.20052
4.20052
4.20052
4.20052
4.20052
4.20052
4.20052
4.20052
4.20052
4.20052
4.20052
4.20052
4.20052
4.20052
4.20052
4.20052
4.20052
4.20052
4.20052
4.20052
4.20052
4.20052
4.20052
4.20052
4.20052
4.20052
4.20052
4.20052
4.20052
4.20052
4.20052
4.20052
4.20052
4.20052
4.20052
4.20052
4.20052
4.20052
4.20052
4.20052
4.20052
4.20052
4.20052
4.20052
4.20052
4.20052
4.20052
4.20052
4.20052
4.20052
4.20052
4.20052
4.20052
4.20052
4.20052
4.20052
4.20052
4.20052
4.20052
4.20052
4.20052
4.20052
4.20052
4.20052
4.20052
4.20052
4.20052
4.20052
4.20052
4.20052
4.20052
4.20052
4.20052
4.20052
4.20052
4.20052
4.20052
4.20052
4.20052
4.20052
4.20052
4.20052
4.20052
4.20052
4.20052
4.20052
4.20052
4.20052
4.20052
4.20052
4.20052
4.20052
4.20052
4.20052
4.20052
4.20052
4.20052
4.20052
4.20052
4.20052
4.20052
4.20052
4.20052
4.20052
4.20052
4.20052
4.20052
4.20052
4.20052
4.20052
4.20052
4.20052
4.20052
4.20052
4.20052
4.20052
4.20052
4.20052
4.20052
4.20052
4.20052
4.20052
4.20052
4.20052
4.20052
4.20052
4.20052
4.20052
4.20052
4.20052
4.20052
4.20052
4.20052
4.20052
4.20052
4.20052
4.20052
4.20052
4.20052
4.20052
4.20052
4.20052
4.20052
4.20052
4.20052
4.20052
4.20052
4.20052
4.20052
4.20052
4.20052
4.20052
4.20052
4.20052
4.20052
4.20052
4.20052
4.20052
4.20052
4.20052
4.20052
4.20052
4.20052
4.20052
4.20052
4.20052
4.20052
4.20052
4.20052
4.20052
4.20052
4.20052
4.20052
4.20052
4.20052
4.20052
4.20052
4.20052
4.20052
4.20052
4.20052
4.20052
4.20052
4.20052
4.20052
4.20052
4.20052
0.916126
0.916126
0.916126
0.916126
0.916126
0.916126
0.916126
0.916126
0.82021
0.0654608
0.0654608
0.00648683
0.00648683
0.00648683
0.00648683
0.00543013
0.000128843
0.000128843
0.000128843
0.000128843
0.000105719
0.000105719
0.000105719
2.20347e-05
2.03286e-05
1.38906e-05
3.60942e-07
3.42506e-07
6.3192e-08
3.22115e-08
8.75963e-09
7.1784e-09
7.1784e-09
7.1784e-09
7.1784e-09
5.21124e-09
1.12452e-09
9.63242e-10
9.63242e-10
4.63519e-10
2.67668e-10
2.8063e-11
2.47451e-11
2.47451e-11
2.47451e-11
2.47451e-11
2.47451e-11
2.47451e-11
2.47451e-11
2.47451e-11
2.47451e-11
2.47451e-11
2.47451e-11
2.47451e-11
2.47451e-11
2.47451e-11
2.47451e-11
2.47451e-11
2.47451e-11
2.47451e-11
2.47451e-11
2.47451e-11
2.47451e-11
2.47451e-11
2.47451e-11
2.47451e-11
2.47451e-11
2.47451e-11
2.47451e-11
2.47451e-11
2.47451e-11
2.47451e-11
2.47451e-11
2.47451e-11
2.47451e-11
2.47451e-11
2.47451e-11
2.47451e-11
2.47451e-11
2.47451e-11
2.47451e-11
2.47451e-11
2.47451e-11
2.47451e-11
2.47451e-11
2.47451e-11
2.47451e-11
2.47451e-11
2.47451e-11
2.47451e-11
2.47451e-11
2.47451e-11
2.47451e-11
2.47451e-11
2.47451e-11
2.47451e-11
2.47451e-11
2.47451e-11
2.47451e-11
2.47451e-11
2.47451e-11
2.47451e-11
2.47451e-11
2.47451e-11
2.47451e-11
2.47451e-11
2.47451e-11
2.47451e-11
2.47451e-11
2.47451e-11
2.47451e-11
2.47451e-11
2.47451e-11
2.47451e-11
2.47451e-11
2.47451e-11
2.47451e-11
2.47451e-11
2.47451e-11
2.47451e-11
2.47451e-11
2.47451e-11
2.47451e-11
2.47451e-11
2.47451e-11
2.47451e-11
2.47451e-11
2.47451e-11
2.47451e-11
2.47451e-11
2.47451e-11
2.47451e-11
2.47451e-11
2.47451e-11
2.47451e-11
2.47451e-11
2.47451e-11
2.47451e-11
2.47451e-11
2.47451e-11
2.47451e-11
2.47451e-11
2.47451e-11
2.47451e-11
2.47451e-11
2.47451e-11
2.47451e-11
2.47451e-11
2.47451e-11
2.47451e-11
2.47451e-11
2.47451e-11
2.47451e-11
2.47451e-11
2.47451e-11
2.47451e-11
2.47451e-11
2.47451e-11
2.47451e-11
2.47451e-11
2.47451e-11
2.47451e-11
2.47451e-11
2.47451e-11
2.47451e-11
2.47451e-11
2.47451e-11
2.47451e-11
2.47451e-11
2.47451e-11
2.47451e-11
2.47451e-11
2.47451e-11
2.47451e-11
2.47451e-11
2.47451e-11
2.47451e-11
2.47451e-11
2.47451e-11
2.47451e-11
2.47451e-11
2.47451e-11
2.47451e-11
2.47451e-11
2.47451e-11
2.47451e-11
2.47451e-11
2.47451e-11
2.47451e-11
2.47451e-11
2.47451e-11
2.47451e-11
2.47451e-11
2.47451e-11
2.47451e-11
2.47451e-11
2.47451e-11
2.47451e-11
2.47451e-11
2.47451e-11
2.47451e-11
2.47451e-11
2.47451e-11
2.47451e-11
2.47451e-11
2.47451e-11
2.47451e-11
2.47451e-11
2.47451e-11
2.47451e-11
2.47451e-11
2.47451e-11
2.47451e-11
2.47451e-11
2.47451e-11
2.47451e-11
2.47451e-11
2.47451e-11
2.47451e-11
2.47451e-11
2.47451e-11
2.47451e-11
2.47451e-11
2.47451e-11
2.47451e-11
2.47451e-11
2.47451e-11
2.47451e-11
2.47451e-11
2.47451e-11
2.47451e-11
2.47451e-11
2.47451e-11
2.47451e-11
2.47451e-11
2.47451e-11
2.47451e-11
2.47451e-11
2.47451e-11
2.47451e-11
2.47451e-11
2.47451e-11
2.47451e-11
2.47451e-11
2.47451e-11
2.47451e-11
2.47451e-11
2.47451e-11
2.47451e-11
2.47451e-11
2.47451e-11
2.47451e-11
2.47451e-11
2.47451e-11
2.47451e-11
2.47451e-11
2.47451e-11
2.47451e-11
2.47451e-11
2.47451e-11
2.47451e-11
2.47451e-11
2.47451e-11
2.47451e-11
2.47451e-11
2.47451e-11
2.47451e-11
2.47451e-11
2.47451e-11
2.47451e-11
2.47451e-11
2.47451e-11
2.47451e-11
2.47451e-11
2.47451e-11
2.47451e-11
2.47451e-11
2.47451e-11
2.47451e-11
2.47451e-11
2.47451e-11
2.47451e-11
2.47451e-11
2.47451e-11
2.47451e-11
2.47451e-11
2.47451e-11
2.47451e-11
2.47451e-11
2.47451e-11
2.47451e-11
2.47451e-11
2.47451e-11
2.47451e-11
2.47451e-11
2.47451e-11
2.47451e-11
2.47451e-11
2.47451e-11
2.47451e-11
2.47451e-11
2.47451e-11
2.47451e-11
2.47451e-11
2.47451e-11
2.47451e-11
2.47451e-11
2.47451e-11
2.47451e-11
2.47451e-11
2.47451e-11
2.47451e-11
2.47451e-11
2.47451e-11
2.47451e-11
2.47451e-11
2.47451e-11
2.47451e-11
2.47451e-11
2.47451e-11
2.47451e-11
2.47451e-11
2.47451e-11
2.47451e-11
2.47451e-11
2.47451e-11
2.47451e-11
2.47451e-11
2.47451e-11
2.47451e-11
2.47451e-11
2.47451e-11
2.47451e-11
2.47451e-11
2.47451e-11
2.47451e-11
2.47451e-11
2.47451e-11
2.47451e-11
2.47451e-11
2.47451e-11
2.47451e-11
2.47451e-11
2.47451e-11
2.47451e-11
2.47451e-11
2.47451e-11
2.47451e-11
2.47451e-11
2.47451e-11
2.47451e-11
2.47451e-11
2.47451e-11
2.47451e-11
2.47451e-11
2.47451e-11
2.47451e-11
2.47451e-11
2.47451e-11
2.47451e-11
2.47451e-11
2.47451e-11
2.47451e-11
2.47451e-11
2.47451e-11
2.47451e-11
2.47451e-11
2.47451e-11
2.47451e-11
2.47451e-11
2.47451e-11
2.47451e-11
2.47451e-11
2.47451e-11
2.47451e-11
2.47451e-11
2.47451e-11
2.47451e-11
2.47451e-11
2.47451e-11
2.47451e-11
2.47451e-11
2.47451e-11
2.47451e-11
2.47451e-11
2.47451e-11
2.47451e-11
2.47451e-11
2.47451e-11
2.47451e-11
2.47451e-11
2.47451e-11
2.47451e-11
2.47451e-11
2.47451e-11
2.47451e-11
2.47451e-11
2.47451e-11
2.47451e-11
2.47451e-11
2.47451e-11
2.47451e-11
2.47451e-11
2.47451e-11
2.47451e-11
2.47451e-11
2.47451e-11
2.47451e-11
2.47451e-11
2.47451e-11
2.47451e-11
2.47451e-11
2.47451e-11
2.47451e-11
2.47451e-11
2.47451e-11
2.47451e-11
2.47451e-11
2.47451e-11
2.47451e-11
2.47451e-11
2.47451e-11
2.47451e-11
2.47451e-11
2.47451e-11
2.47451e-11
2.47451e-11
2.47451e-11
2.47451e-11
2.47451e-11
2.47451e-11
2.47451e-11
2.47451e-11
2.47451e-11
2.47451e-11
2.47451e-11
2.47451e-11
2.47451e-11
2.47451e-11
2.47451e-11
2.47451e-11
2.47451e-11
2.47451e-11
2.47451e-11
2.47451e-11
2.47451e-11
2.47451e-11
2.47451e-11
2.47451e-11
2.47451e-11
2.47451e-11
2.47451e-11
2.47451e-11
2.47451e-11
2.47451e-11
2.47451e-11
2.47451e-11
2.47451e-11
2.47451e-11
2.47451e-11
2.47451e-11
2.47451e-11
2.47451e-11
2.47451e-11
2.47451e-11
2.47451e-11
2.47451e-11
2.47451e-11
2.47451e-11
2.47451e-11
2.47451e-11
2.47451e-11
2.47451e-11
2.47451e-11
2.47451e-11
2.47451e-11
2.47451e-11
2.47451e-11
2.47451e-11
2.47451e-11
2.47451e-11
2.47451e-11
2.47451e-11
2.47451e-11
2.47451e-11
2.47451e-11
2.47451e-11
2.47451e-11
2.47451e-11
2.47451e-11
2.47451e-11
2.47451e-11
2.47451e-11
2.47451e-11
2.47451e-11
2.47451e-11
2.47451e-11
2.47451e-11
2.47451e-11
2.47451e-11
2.47451e-11
2.47451e-11
2.47451e-11
2.47451e-11
2.47451e-11
2.47451e-11
2.47451e-11
2.47451e-11
2.47451e-11
2.47451e-11
2.47451e-11
2.47451e-11
2.47451e-11
2.47451e-11
2.47451e-11
2.47451e-11
2.47451e-11
2.47451e-11
2.47451e-11
2.47451e-11
2.47451e-11
2.47451e-11
2.47451e-11
2.47451e-11
2.47451e-11
2.47451e-11
2.47451e-11
2.47451e-11
2.47451e-11
2.47451e-11
2.47451e-11
2.47451e-11
2.47451e-11
2.47451e-11
2.47451e-11
2.47451e-11
2.47451e-11
2.47451e-11
2.47451e-11
2.47451e-11
2.47451e-11
2.47451e-11
2.47451e-11
2.47451e-11
2.47451e-11
2.47451e-11
2.47451e-11
2.47451e-11
2.47451e-11
2.47451e-11
2.47451e-11
2.47451e-11
2.47451e-11
2.47451e-11
2.47451e-11
2.47451e-11
2.47451e-11
2.47451e-11
2.47451e-11
2.47451e-11
2.47451e-11
2.47451e-11
2.47451e-11
2.47451e-11
2.47451e-11
2.47451e-11
2.47451e-11
2.47451e-11
2.47451e-11
2.47451e-11
2.47451e-11
2.47451e-11
2.47451e-11
2.47451e-11
2.47451e-11
2.47451e-11
2.47451e-11
2.47451e-11
2.47451e-11
2.47451e-11
2.47451e-11
2.47451e-11
2.47451e-11
2.47451e-11
2.47451e-11
2.47451e-11
2.47451e-11
2.47451e-11
2.47451e-11
2.47451e-11
2.47451e-11
2.47451e-11
2.47451e-11
2.47451e-11
2.47451e-11
2.47451e-11
2.47451e-11
2.47451e-11
2.47451e-11
2.47451e-11
2.47451e-11
2.47451e-11
2.47451e-11
2.47451e-11
2.47451e-11
2.47451e-11
2.47451e-11
2.47451e-11
2.47451e-11
2.47451e-11
2.47451e-11
2.47451e-11
2.47451e-11
2.47451e-11
2.47451e-11
2.47451e-11
2.47451e-11
2.47451e-11
2.47451e-11
2.47451e-11
2.47451e-11
2.47451e-11
2.47451e-11
2.47451e-11
2.47451e-11
2.47451e-11
2.47451e-11
2.47451e-11
2.47451e-11
2.47451e-11
2.47451e-11
2.47451e-11
2.47451e-11
2.47451e-11
2.47451e-11
2.47451e-11
2.47451e-11
2.47451e-11
2.47451e-11
2.47451e-11
2.47451e-11
2.47451e-11
2.47451e-11
2.47451e-11
2.47451e-11
2.47451e-11
2.47451e-11
2.47451e-11
2.47451e-11
2.47451e-11
2.47451e-11
2.47451e-11
2.47451e-11
2.47451e-11
2.47451e-11
2.47451e-11
2.47451e-11
2.47451e-11
2.47451e-11
2.47451e-11
2.47451e-11
2.47451e-11
2.47451e-11
2.47451e-11
2.47451e-11
2.47451e-11
2.47451e-11
2.47451e-11
2.47451e-11
2.47451e-11
2.47451e-11
2.47451e-11
2.47451e-11
2.47451e-11
2.47451e-11
2.47451e-11
2.47451e-11
2.47451e-11
2.47451e-11
2.47451e-11
2.47451e-11
2.47451e-11
2.47451e-11
2.47451e-11
2.47451e-11
2.47451e-11
2.47451e-11
2.47451e-11
2.47451e-11
2.47451e-11
2.47451e-11
2.47451e-11
2.47451e-11
2.47451e-11
2.47451e-11
2.47451e-11
2.47451e-11
2.47451e-11
2.47451e-11
2.47451e-11
2.47451e-11
2.47451e-11
2.47451e-11
2.47451e-11
2.47451e-11
2.47451e-11
2.47451e-11
2.47451e-11
2.47451e-11
2.47451e-11
2.47451e-11
2.47451e-11
2.47451e-11
2.47451e-11
2.47451e-11
2.47451e-11
2.47451e-11
2.47451e-11
2.47451e-11
2.47451e-11
2.47451e-11
2.47451e-11
2.47451e-11
2.47451e-11
2.47451e-11
2.47451e-11
2.47451e-11
2.47451e-11
2.47451e-11
2.47451e-11
2.47451e-11
2.47451e-11
2.47451e-11
2.47451e-11
2.47451e-11
2.47451e-11
2.47451e-11
2.47451e-11
2.47451e-11
2.47451e-11
2.47451e-11
2.47451e-11
2.47451e-11
2.47451e-11
2.47451e-11
2.47451e-11
2.47451e-11
2.47451e-11
2.47451e-11
2.47451e-11
2.47451e-11
2.47451e-11
2.47451e-11
2.47451e-11
2.47451e-11
2.47451e-11
2.47451e-11
2.47451e-11
2.47451e-11
2.47451e-11
2.47451e-11
2.47451e-11
2.47451e-11
2.47451e-11
2.47451e-11
2.47451e-11
2.47451e-11
2.47451e-11
2.47451e-11
2.47451e-11
2.47451e-11
2.47451e-11
2.47451e-11
2.47451e-11
2.47451e-11
2.47451e-11
2.47451e-11
2.47451e-11
2.47451e-11
2.47451e-11
2.47451e-11
2.47451e-11
2.47451e-11
2.47451e-11
2.47451e-11
2.47451e-11
2.47451e-11
2.47451e-11
2.47451e-11
2.47451e-11
2.47451e-11
2.47451e-11
2.47451e-11
2.47451e-11
2.47451e-11
2.47451e-11
2.47451e-11
2.47451e-11
2.47451e-11
2.47451e-11
2.47451e-11
2.47451e-11
2.47451e-11
2.47451e-11
2.47451e-11
2.47451e-11
2.47451e-11
2.47451e-11
2.47451e-11
2.47451e-11
2.47451e-11
2.47451e-11
2.47451e-11
2.47451e-11
2.47451e-11
2.47451e-11
2.47451e-11
2.47451e-11
2.47451e-11
2.47451e-11
2.47451e-11
2.47451e-11
2.47451e-11
2.47451e-11
2.47451e-11
2.47451e-11
2.47451e-11
2.47451e-11
2.47451e-11
2.47451e-11
2.47451e-11
2.47451e-11
2.47451e-11
2.47451e-11
2.47451e-11
2.47451e-11
2.47451e-11
2.47451e-11
2.47451e-11
2.47451e-11
2.47451e-11
2.47451e-11
2.47451e-11
2.47451e-11
2.47451e-11
2.47451e-11
2.47451e-11
2.47451e-11
2.47451e-11
2.47451e-11
2.47451e-11
2.47451e-11
2.47451e-11
2.47451e-11
2.47451e-11
2.47451e-11
2.47451e-11
2.47451e-11
2.47451e-11
2.47451e-11
2.47451e-11
2.47451e-11
2.47451e-11
2.47451e-11
2.47451e-11
2.47451e-11
2.47451e-11
2.47451e-11
2.47451e-11
2.47451e-11
2.47451e-11
2.47451e-11
2.47451e-11
2.47451e-11
2.47451e-11
2.47451e-11
2.47451e-11
2.47451e-11
2.47451e-11
2.47451e-11
2.47451e-11
2.47451e-11
2.47451e-11
2.47451e-11
2.47451e-11
2.47451e-11
2.47451e-11
2.47451e-11
2.47451e-11
2.47451e-11
2.47451e-11
2.47451e-11
2.47451e-11
2.47451e-11
2.47451e-11
2.47451e-11
2.47451e-11
2.47451e-11
2.47451e-11
2.47451e-11
2.47451e-11
2.47451e-11
2.47451e-11
2.47451e-11
2.47451e-11
2.47451e-11
2.47451e-11
2.47451e-11
2.47451e-11
2.47451e-11
2.47451e-11
2.47451e-11
2.47451e-11
2.47451e-11
2.47451e-11
2.47451e-11
2.47451e-11
2.47451e-11
2.47451e-11
2.47451e-11
2.47451e-11
2.47451e-11
2.47451e-11
2.47451e-11
2.47451e-11
2.47451e-11
2.47451e-11
2.47451e-11
2.47451e-11
2.47451e-11
2.47451e-11
2.47451e-11
2.47451e-11
2.47451e-11
2.47451e-11
2.47451e-11
2.47451e-11
2.47451e-11
2.47451e-11
2.47451e-11
2.47451e-11
2.47451e-11
2.47451e-11
2.47451e-11
2.47451e-11
2.47451e-11
2.47451e-11
2.47451e-11
2.47451e-11
2.47451e-11
2.47451e-11
2.47451e-11
2.47451e-11
2.47451e-11
2.47451e-11
2.47451e-11
2.47451e-11
2.47451e-11
2.47451e-11
2.47451e-11
2.47451e-11
2.47451e-11
2.47451e-11
2.47451e-11
2.47451e-11
2.47451e-11
2.47451e-11
2.47451e-11
2.47451e-11
2.47451e-11
2.47451e-11
2.47451e-11
2.47451e-11
2.47451e-11
2.47451e-11
2.47451e-11
2.47451e-11
2.47451e-11
2.47451e-11
2.47451e-11
2.47451e-11
2.47451e-11
2.47451e-11
2.47451e-11
2.47451e-11
2.47451e-11
2.47451e-11
2.47451e-11
2.47451e-11
2.47451e-11
2.47451e-11
2.47451e-11
2.47451e-11
2.47451e-11
2.47451e-11
2.47451e-11
2.47451e-11
2.47451e-11
2.47451e-11
2.47451e-11
2.47451e-11
2.47451e-11
2.47451e-11
2.47451e-11
2.47451e-11
2.47451e-11
2.47451e-11
2.47451e-11
2.47451e-11
2.47451e-11
2.47451e-11
2.47451e-11
2.47451e-11
2.47451e-11
2.47451e-11
2.47451e-11
