23588.2
23588.2
23588.2
16919.4
1619.61
583.84
294.02
165.177
116.313
32.2295
25.2657
25.2657
25.0024
17.3075
17.3075
15.7416
15.7416
15.7416
15.7416
15.7416
15.2615
15.2615
15.2615
13.7751
13.7751
13.7751
13.0918
13.0918
13.0918
13.0918
13.0918
13.0918
12.4745
12.4745
12.4745
12.4745
12.4745
12.4745
12.4745
12.4745
12.4745
12.4745
12.4745
12.4745
10.2294
10.2294
10.2294
10.2294
10.2294
10.2294
10.2294
10.2294
10.2294
10.2294
10.2294
10.2294
10.2294
10.2294
10.2294
10.2294
10.2294
10.2294
10.2294
10.2294
10.2294
10.2294
10.2294
10.2294
10.2294
10.2294
10.2294
10.2294
10.1476
10.1476
9.82941
9.82941
9.82941
9.82941
9.82941
9.82941
9.82941
9.82941
9.82941
9.82941
9.82941
9.82941
9.82941
9.82941
9.82941
9.82941
9.82941
9.82941
9.82941
9.82941
9.82941
9.82941
9.82941
9.82941
9.82941
9.82941
9.82941
9.82941
9.82941
9.82941
9.82941
9.82941
9.82941
9.82941
9.82941
9.82941
9.82941
9.82941
9.82941
9.82941
9.82941
9.82941
9.82941
9.82941
9.82941
9.82941
9.82941
9.82941
9.82941
9.82941
9.82941
9.82941
9.82941
9.82941
9.82941
9.82941
9.82941
9.82941
9.82941
9.82941
9.82941
9.82941
9.82941
9.82941
9.82941
9.82941
9.82941
9.82941
9.82941
9.82941
9.82941
9.82941
9.82941
9.82941
9.82941
9.82941
9.82941
9.82941
9.82941
9.82941
9.82941
9.82941
9.82941
9.82941
9.82941
9.82941
9.82941
9.82941
9.82941
9.82941
9.82941
9.82941
9.82941
9.82941
9.82941
9.82941
9.82941
9.82941
9.82941
9.82941
9.82941
9.82941
9.82941
9.82941
9.82941
9.82941
9.82941
9.82941
9.82941
9.82941
9.82941
9.82941
9.82941
9.82941
9.82941
9.82941
9.82941
9.82941
9.82941
9.82941
9.82941
9.82941
9.82941
9.82941
9.82941
9.82941
9.82941
9.82941
9.82941
9.82941
9.82941
9.82941
9.82941
9.82941
9.82941
9.82941
9.82941
9.82941
9.82941
9.82941
9.82941
9.82941
9.82941
9.82941
9.82941
9.82941
9.82941
9.82941
9.82941
9.82941
9.82941
9.82941
9.82941
9.82941
9.82941
9.82941
9.82941
9.82941
9.82941
9.82941
9.82941
9.82941
9.82941
9.82941
9.82941
9.82941
9.82941
9.82941
9.82941
9.82941
9.82941
9.82941
9.82941
9.82941
9.82941
9.82941
9.82941
9.82941
9.82941
9.82941
9.82941
9.82941
9.82941
9.82941
9.82941
9.82941
9.82941
9.82941
9.82941
9.82941
9.82941
9.82941
9.82941
9.82941
9.82941
9.82941
9.82941
9.82941
9.82941
9.82941
9.82941
9.82941
9.82941
9.82941
9.82941
9.82941
9.82941
9.82941
9.82941
9.82941
9.82941
9.82941
9.82941
9.82941
9.82941
9.82941
9.82941
9.82941
9.82941
9.82941
9.38031
9.38031
9.38031
9.38031
9.38031
9.38031
9.38031
7.64983
7.64983
7.64983
7.64983
7.64983
7.64983
7.64983
7.64983
7.64983
7.64983
7.64983
7.64983
7.64983
7.64983
7.64983
7.64983
7.64983
7.64983
7.64983
7.64983
7.64983
7.64983
7.64983
7.64983
7.64983
7.64983
7.64983
7.64983
3.28538
2.38335
2.38335
2.38335
2.38335
2.38335
2.38335
2.38335
2.38335
2.38335
2.38335
2.38335
2.38335
2.38335
2.38335
2.38335
2.38335
2.38335
2.38335
2.38335
2.38335
2.31843
2.31843
2.31843
2.31843
2.31843
2.31843
2.31843
2.23125
1.94582
1.94582
1.48658
1.48658
1.48658
1.48658
1.48658
1.0459
0.632589
0.523843
0.523843
0.310446
0.225054
0.225054
0.225054
0.219815
0.203755
0.112159
0.101236
0.0721555
0.0466384
0.0464631
0.0406055
0.0382094
0.0214552
0.0166631
0.0138487
0.00932854
0.00932854
0.007324
0.0052964
0.00502244
0.00273014
0.00273014
0.00273014
0.00202633
0.00180896
0.00135752
0.00092297
0.000890678
0.00021139
0.000104955
3.02932e-05
1.384e-05
2.27155e-06
2.01672e-07
2.01672e-07
2.01672e-07
2.01672e-07
2.01672e-07
2.01672e-07
2.01672e-07
2.01672e-07
1.01533e-08
9.40407e-09
9.40407e-09
9.40407e-09
9.40407e-09
9.40407e-09
5.68709e-09
5.68709e-09
5.68709e-09
5.24598e-09
5.24598e-09
1.63001e-09
1.63001e-09
1.63001e-09
1.63001e-09
2.27873e-10
7.39148e-11
7.39148e-11
7.39148e-11
7.39148e-11
7.39148e-11
7.39148e-11
7.39148e-11
7.39148e-11
7.39148e-11
7.39148e-11
7.39148e-11
7.39148e-11
7.39148e-11
7.39148e-11
7.39148e-11
7.39148e-11
7.39148e-11
7.39148e-11
7.39148e-11
7.39148e-11
7.39148e-11
7.39148e-11
7.39148e-11
7.39148e-11
7.39148e-11
7.39148e-11
7.39148e-11
7.39148e-11
7.39148e-11
7.39148e-11
7.39148e-11
7.39148e-11
7.39148e-11
7.39148e-11
7.39148e-11
7.39148e-11
7.39148e-11
7.39148e-11
7.39148e-11
7.39148e-11
7.39148e-11
7.39148e-11
7.39148e-11
7.39148e-11
7.39148e-11
7.39148e-11
7.39148e-11
7.39148e-11
7.39148e-11
7.39148e-11
7.39148e-11
7.39148e-11
7.39148e-11
7.39148e-11
7.39148e-11
7.39148e-11
7.39148e-11
7.39148e-11
7.39148e-11
7.39148e-11
7.39148e-11
7.39148e-11
7.39148e-11
7.39148e-11
7.39148e-11
7.39148e-11
7.39148e-11
7.39148e-11
7.39148e-11
7.39148e-11
7.39148e-11
7.39148e-11
7.39148e-11
7.39148e-11
7.39148e-11
7.39148e-11
7.39148e-11
7.39148e-11
7.39148e-11
7.39148e-11
7.39148e-11
7.39148e-11
7.39148e-11
7.39148e-11
7.39148e-11
7.39148e-11
7.39148e-11
7.39148e-11
7.39148e-11
7.39148e-11
7.39148e-11
7.39148e-11
7.39148e-11
7.39148e-11
7.39148e-11
7.39148e-11
7.39148e-11
7.39148e-11
7.39148e-11
7.39148e-11
7.39148e-11
7.39148e-11
7.39148e-11
7.39148e-11
7.39148e-11
7.39148e-11
7.39148e-11
7.39148e-11
7.39148e-11
7.39148e-11
7.39148e-11
7.39148e-11
7.39148e-11
7.39148e-11
7.39148e-11
7.39148e-11
7.39148e-11
7.39148e-11
7.39148e-11
7.39148e-11
7.39148e-11
7.39148e-11
7.39148e-11
7.39148e-11
7.39148e-11
7.39148e-11
7.39148e-11
7.39148e-11
7.39148e-11
7.39148e-11
7.39148e-11
7.39148e-11
7.39148e-11
7.39148e-11
7.39148e-11
7.39148e-11
7.39148e-11
7.39148e-11
7.39148e-11
7.39148e-11
7.39148e-11
7.39148e-11
7.39148e-11
7.39148e-11
7.39148e-11
7.39148e-11
7.39148e-11
7.39148e-11
7.39148e-11
7.39148e-11
7.39148e-11
7.39148e-11
7.39148e-11
7.39148e-11
7.39148e-11
7.39148e-11
7.39148e-11
7.39148e-11
7.39148e-11
7.39148e-11
7.39148e-11
7.39148e-11
7.39148e-11
7.39148e-11
7.39148e-11
7.39148e-11
7.39148e-11
7.39148e-11
7.39148e-11
7.39148e-11
7.39148e-11
7.39148e-11
7.39148e-11
7.39148e-11
7.39148e-11
7.39148e-11
7.39148e-11
7.39148e-11
7.39148e-11
7.39148e-11
7.39148e-11
7.39148e-11
7.39148e-11
7.39148e-11
7.39148e-11
7.39148e-11
7.39148e-11
7.39148e-11
7.39148e-11
7.39148e-11
7.39148e-11
7.39148e-11
7.39148e-11
7.39148e-11
7.39148e-11
7.39148e-11
7.39148e-11
7.39148e-11
7.39148e-11
7.39148e-11
7.39148e-11
7.39148e-11
7.39148e-11
7.39148e-11
7.39148e-11
7.39148e-11
7.39148e-11
7.39148e-11
7.39148e-11
7.39148e-11
7.39148e-11
7.39148e-11
7.39148e-11
7.39148e-11
7.39148e-11
7.39148e-11
7.39148e-11
7.39148e-11
7.39148e-11
7.39148e-11
7.39148e-11
7.39148e-11
7.39148e-11
7.39148e-11
7.39148e-11
7.39148e-11
7.39148e-11
7.39148e-11
7.39148e-11
7.39148e-11
7.39148e-11
7.39148e-11
7.39148e-11
7.39148e-11
7.39148e-11
7.39148e-11
7.39148e-11
7.39148e-11
7.39148e-11
7.39148e-11
7.39148e-11
7.39148e-11
7.39148e-11
7.39148e-11
7.39148e-11
7.39148e-11
7.39148e-11
7.39148e-11
7.39148e-11
7.39148e-11
7.39148e-11
7.39148e-11
7.39148e-11
7.39148e-11
7.39148e-11
7.39148e-11
7.39148e-11
7.39148e-11
7.39148e-11
7.39148e-11
7.39148e-11
7.39148e-11
7.39148e-11
7.39148e-11
7.39148e-11
7.39148e-11
7.39148e-11
7.39148e-11
7.39148e-11
7.39148e-11
7.39148e-11
7.39148e-11
7.39148e-11
7.39148e-11
7.39148e-11
7.39148e-11
7.39148e-11
7.39148e-11
7.39148e-11
7.39148e-11
7.39148e-11
7.39148e-11
7.39148e-11
7.39148e-11
7.39148e-11
7.39148e-11
7.39148e-11
7.39148e-11
7.39148e-11
7.39148e-11
7.39148e-11
7.39148e-11
7.39148e-11
7.39148e-11
7.39148e-11
7.39148e-11
7.39148e-11
7.39148e-11
7.39148e-11
7.39148e-11
7.39148e-11
7.39148e-11
7.39148e-11
7.39148e-11
7.39148e-11
7.39148e-11
7.39148e-11
7.39148e-11
7.39148e-11
7.39148e-11
7.39148e-11
7.39148e-11
7.39148e-11
7.39148e-11
7.39148e-11
7.39148e-11
7.39148e-11
7.39148e-11
7.39148e-11
7.39148e-11
7.39148e-11
7.39148e-11
7.39148e-11
7.39148e-11
7.39148e-11
7.39148e-11
7.39148e-11
7.39148e-11
7.39148e-11
7.39148e-11
7.39148e-11
7.39148e-11
7.39148e-11
7.39148e-11
7.39148e-11
7.39148e-11
7.39148e-11
7.39148e-11
7.39148e-11
7.39148e-11
7.39148e-11
7.39148e-11
7.39148e-11
7.39148e-11
7.39148e-11
7.39148e-11
7.39148e-11
7.39148e-11
7.39148e-11
7.39148e-11
7.39148e-11
7.39148e-11
7.39148e-11
7.39148e-11
7.39148e-11
7.39148e-11
7.39148e-11
7.39148e-11
7.39148e-11
7.39148e-11
7.39148e-11
7.39148e-11
7.39148e-11
7.39148e-11
7.39148e-11
7.39148e-11
7.39148e-11
7.39148e-11
7.39148e-11
7.39148e-11
7.39148e-11
7.39148e-11
7.39148e-11
7.39148e-11
7.39148e-11
7.39148e-11
7.39148e-11
7.39148e-11
7.39148e-11
7.39148e-11
7.39148e-11
7.39148e-11
7.39148e-11
7.39148e-11
7.39148e-11
7.39148e-11
7.39148e-11
7.39148e-11
7.39148e-11
7.39148e-11
7.39148e-11
7.39148e-11
7.39148e-11
7.39148e-11
7.39148e-11
7.39148e-11
7.39148e-11
7.39148e-11
7.39148e-11
7.39148e-11
7.39148e-11
7.39148e-11
7.39148e-11
7.39148e-11
7.39148e-11
7.39148e-11
7.39148e-11
7.39148e-11
7.39148e-11
7.39148e-11
7.39148e-11
7.39148e-11
7.39148e-11
7.39148e-11
7.39148e-11
7.39148e-11
7.39148e-11
7.39148e-11
7.39148e-11
7.39148e-11
7.39148e-11
7.39148e-11
7.39148e-11
7.39148e-11
7.39148e-11
7.39148e-11
7.39148e-11
7.39148e-11
7.39148e-11
7.39148e-11
7.39148e-11
7.39148e-11
7.39148e-11
7.39148e-11
7.39148e-11
7.39148e-11
7.39148e-11
7.39148e-11
7.39148e-11
7.39148e-11
7.39148e-11
7.39148e-11
7.39148e-11
7.39148e-11
7.39148e-11
7.39148e-11
7.39148e-11
7.39148e-11
7.39148e-11
7.39148e-11
7.39148e-11
7.39148e-11
7.39148e-11
7.39148e-11
7.39148e-11
7.39148e-11
7.39148e-11
7.39148e-11
7.39148e-11
7.39148e-11
7.39148e-11
7.39148e-11
7.39148e-11
7.39148e-11
7.39148e-11
7.39148e-11
7.39148e-11
7.39148e-11
7.39148e-11
7.39148e-11
7.39148e-11
7.39148e-11
7.39148e-11
7.39148e-11
7.39148e-11
7.39148e-11
7.39148e-11
7.39148e-11
7.39148e-11
7.39148e-11
7.39148e-11
7.39148e-11
7.39148e-11
7.39148e-11
7.39148e-11
7.39148e-11
7.39148e-11
7.39148e-11
7.39148e-11
7.39148e-11
7.39148e-11
7.39148e-11
7.39148e-11
7.39148e-11
7.39148e-11
7.39148e-11
7.39148e-11
7.39148e-11
7.39148e-11
7.39148e-11
7.39148e-11
7.39148e-11
7.39148e-11
7.39148e-11
7.39148e-11
7.39148e-11
7.39148e-11
7.39148e-11
7.39148e-11
7.39148e-11
7.39148e-11
7.39148e-11
7.39148e-11
7.39148e-11
7.39148e-11
7.39148e-11
7.39148e-11
7.39148e-11
7.39148e-11
7.39148e-11
7.39148e-11
7.39148e-11
7.39148e-11
7.39148e-11
7.39148e-11
7.39148e-11
7.39148e-11
7.39148e-11
7.39148e-11
7.39148e-11
7.39148e-11
7.39148e-11
7.39148e-11
7.39148e-11
7.39148e-11
7.39148e-11
7.39148e-11
7.39148e-11
7.39148e-11
7.39148e-11
7.39148e-11
7.39148e-11
7.39148e-11
7.39148e-11
7.39148e-11
7.39148e-11
7.39148e-11
7.39148e-11
7.39148e-11
7.39148e-11
7.39148e-11
7.39148e-11
7.39148e-11
7.39148e-11
7.39148e-11
7.39148e-11
7.39148e-11
7.39148e-11
7.39148e-11
7.39148e-11
7.39148e-11
7.39148e-11
7.39148e-11
7.39148e-11
7.39148e-11
7.39148e-11
7.39148e-11
7.39148e-11
7.39148e-11
7.39148e-11
7.39148e-11
7.39148e-11
7.39148e-11
7.39148e-11
7.39148e-11
7.39148e-11
7.39148e-11
7.39148e-11
7.39148e-11
7.39148e-11
7.39148e-11
7.39148e-11
7.39148e-11
7.39148e-11
7.39148e-11
7.39148e-11
7.39148e-11
7.39148e-11
7.39148e-11
7.39148e-11
7.39148e-11
7.39148e-11
7.39148e-11
7.39148e-11
7.39148e-11
7.39148e-11
7.39148e-11
7.39148e-11
7.39148e-11
7.39148e-11
7.39148e-11
7.39148e-11
7.39148e-11
7.39148e-11
7.39148e-11
7.39148e-11
7.39148e-11
7.39148e-11
7.39148e-11
7.39148e-11
7.39148e-11
7.39148e-11
7.39148e-11
7.39148e-11
7.39148e-11
7.39148e-11
7.39148e-11
7.39148e-11
7.39148e-11
7.39148e-11
7.39148e-11
7.39148e-11
7.39148e-11
7.39148e-11
7.39148e-11
7.39148e-11
7.39148e-11
7.39148e-11
7.39148e-11
7.39148e-11
7.39148e-11
7.39148e-11
7.39148e-11
7.39148e-11
7.39148e-11
7.39148e-11
7.39148e-11
7.39148e-11
7.39148e-11
7.39148e-11
7.39148e-11
7.39148e-11
7.39148e-11
7.39148e-11
7.39148e-11
7.39148e-11
7.39148e-11
7.39148e-11
7.39148e-11
7.39148e-11
7.39148e-11
7.39148e-11
7.39148e-11
7.39148e-11
7.39148e-11
7.39148e-11
7.39148e-11
7.39148e-11
7.39148e-11
7.39148e-11
7.39148e-11
7.39148e-11
7.39148e-11
7.39148e-11
7.39148e-11
7.39148e-11
7.39148e-11
7.39148e-11
7.39148e-11
7.39148e-11
7.39148e-11
7.39148e-11
7.39148e-11
7.39148e-11
7.39148e-11
7.39148e-11
7.39148e-11
7.39148e-11
7.39148e-11
7.39148e-11
7.39148e-11
7.39148e-11
7.39148e-11
7.39148e-11
7.39148e-11
7.39148e-11
7.39148e-11
7.39148e-11
7.39148e-11
7.39148e-11
7.39148e-11
7.39148e-11
7.39148e-11
7.39148e-11
7.39148e-11
7.39148e-11
7.39148e-11
7.39148e-11
7.39148e-11
7.39148e-11
7.39148e-11
7.39148e-11
7.39148e-11
7.39148e-11
7.39148e-11
7.39148e-11
7.39148e-11
7.39148e-11
7.39148e-11
7.39148e-11
7.39148e-11
7.39148e-11
7.39148e-11
7.39148e-11
7.39148e-11
7.39148e-11
7.39148e-11
7.39148e-11
7.39148e-11
7.39148e-11
7.39148e-11
7.39148e-11
7.39148e-11
7.39148e-11
7.39148e-11
7.39148e-11
7.39148e-11
7.39148e-11
7.39148e-11
7.39148e-11
7.39148e-11
7.39148e-11
7.39148e-11
7.39148e-11
7.39148e-11
7.39148e-11
7.39148e-11
7.39148e-11
7.39148e-11
7.39148e-11
7.39148e-11
7.39148e-11
7.39148e-11
7.39148e-11
7.39148e-11
7.39148e-11
7.39148e-11
7.39148e-11
7.39148e-11
7.39148e-11
7.39148e-11
7.39148e-11
7.39148e-11
7.39148e-11
7.39148e-11
7.39148e-11
7.39148e-11
7.39148e-11
7.39148e-11
7.39148e-11
7.39148e-11
7.39148e-11
7.39148e-11
7.39148e-11
7.39148e-11
7.39148e-11
7.39148e-11
7.39148e-11
7.39148e-11
7.39148e-11
7.39148e-11
7.39148e-11
7.39148e-11
7.39148e-11
7.39148e-11
7.39148e-11
7.39148e-11
7.39148e-11
7.39148e-11
7.39148e-11
7.39148e-11
7.39148e-11
7.39148e-11
7.39148e-11
7.39148e-11
7.39148e-11
7.39148e-11
7.39148e-11
7.39148e-11
7.39148e-11
7.39148e-11
7.39148e-11
7.39148e-11
7.39148e-11
7.39148e-11
7.39148e-11
7.39148e-11
7.39148e-11
7.39148e-11
7.39148e-11
7.39148e-11
7.39148e-11
7.39148e-11
7.39148e-11
7.39148e-11
7.39148e-11
7.39148e-11
7.39148e-11
7.39148e-11
7.39148e-11
7.39148e-11
7.39148e-11
7.39148e-11
7.39148e-11
7.39148e-11
7.39148e-11
7.39148e-11
7.39148e-11
7.39148e-11
7.39148e-11
7.39148e-11
7.39148e-11
7.39148e-11
7.39148e-11
7.39148e-11
7.39148e-11
7.39148e-11
7.39148e-11
7.39148e-11
7.39148e-11
7.39148e-11
7.39148e-11
7.39148e-11
7.39148e-11
7.39148e-11
7.39148e-11
7.39148e-11
7.39148e-11
7.39148e-11
7.39148e-11
7.39148e-11
7.39148e-11
7.39148e-11
7.39148e-11
7.39148e-11
7.39148e-11
7.39148e-11
7.39148e-11
7.39148e-11
7.39148e-11
7.39148e-11
7.39148e-11
7.39148e-11
7.39148e-11
7.39148e-11
7.39148e-11
7.39148e-11
7.39148e-11
7.39148e-11
7.39148e-11
7.39148e-11
7.39148e-11
7.39148e-11
7.39148e-11
7.39148e-11
7.39148e-11
7.39148e-11
7.39148e-11
7.39148e-11
7.39148e-11
7.39148e-11
7.39148e-11
7.39148e-11
7.39148e-11
7.39148e-11
7.39148e-11
7.39148e-11
7.39148e-11
7.39148e-11
7.39148e-11
7.39148e-11
7.39148e-11
7.39148e-11
7.39148e-11
7.39148e-11
7.39148e-11
7.39148e-11
7.39148e-11
7.39148e-11
7.39148e-11
7.39148e-11
7.39148e-11
7.39148e-11
7.39148e-11
7.39148e-11
7.39148e-11
7.39148e-11
7.39148e-11
7.39148e-11
7.39148e-11
7.39148e-11
7.39148e-11
7.39148e-11
7.39148e-11
7.39148e-11
7.39148e-11
7.39148e-11
7.39148e-11
7.39148e-11
7.39148e-11
7.39148e-11
7.39148e-11
7.39148e-11
7.39148e-11
7.39148e-11
7.39148e-11
7.39148e-11
7.39148e-11
7.39148e-11
7.39148e-11
7.39148e-11
7.39148e-11
7.39148e-11
7.39148e-11
7.39148e-11
7.39148e-11
7.39148e-11
7.39148e-11
7.39148e-11
7.39148e-11
7.39148e-11
7.39148e-11
7.39148e-11
7.39148e-11
7.39148e-11
7.39148e-11
7.39148e-11
7.39148e-11
7.39148e-11
7.39148e-11
7.39148e-11
7.39148e-11
7.39148e-11
7.39148e-11
7.39148e-11
7.39148e-11
7.39148e-11
7.39148e-11
7.39148e-11
7.39148e-11
7.39148e-11
7.39148e-11
7.39148e-11
7.39148e-11
7.39148e-11
7.39148e-11
7.39148e-11
7.39148e-11
7.39148e-11
7.39148e-11
7.39148e-11
7.39148e-11
7.39148e-11
7.39148e-11
7.39148e-11
7.39148e-11
7.39148e-11
7.39148e-11
7.39148e-11
7.39148e-11
7.39148e-11
7.39148e-11
7.39148e-11
7.39148e-11
7.39148e-11
7.39148e-11
7.39148e-11
7.39148e-11
7.39148e-11
7.39148e-11
7.39148e-11
7.39148e-11
7.39148e-11
7.39148e-11
7.39148e-11
7.39148e-11
7.39148e-11
7.39148e-11
7.39148e-11
7.39148e-11
7.39148e-11
7.39148e-11
7.39148e-11
7.39148e-11
7.39148e-11
7.39148e-11
7.39148e-11
7.39148e-11
7.39148e-11
7.39148e-11
7.39148e-11
7.39148e-11
7.39148e-11
7.39148e-11
7.39148e-11
7.39148e-11
7.39148e-11
7.39148e-11
7.39148e-11
7.39148e-11
7.39148e-11
7.39148e-11
7.39148e-11
7.39148e-11
7.39148e-11
7.39148e-11
7.39148e-11
7.39148e-11
7.39148e-11
7.39148e-11
7.39148e-11
7.39148e-11
7.39148e-11
7.39148e-11
7.39148e-11
7.39148e-11
7.39148e-11
7.39148e-11
7.39148e-11
7.39148e-11
7.39148e-11
7.39148e-11
7.39148e-11
7.39148e-11
7.39148e-11
7.39148e-11
7.39148e-11
7.39148e-11
7.39148e-11
7.39148e-11
7.39148e-11
7.39148e-11
7.39148e-11
7.39148e-11
7.39148e-11
7.39148e-11
7.39148e-11
7.39148e-11
7.39148e-11
7.39148e-11
7.39148e-11
7.39148e-11
7.39148e-11
7.39148e-11
7.39148e-11
7.39148e-11
7.39148e-11
7.39148e-11
7.39148e-11
7.39148e-11
7.39148e-11
7.39148e-11
7.39148e-11
7.39148e-11
7.39148e-11
7.39148e-11
7.39148e-11
7.39148e-11
7.39148e-11
7.39148e-11
7.39148e-11
7.39148e-11
7.39148e-11
7.39148e-11
7.39148e-11
7.39148e-11
7.39148e-11
7.39148e-11
7.39148e-11
7.39148e-11
7.39148e-11
7.39148e-11
7.39148e-11
7.39148e-11
7.39148e-11
7.39148e-11
7.39148e-11
7.39148e-11
7.39148e-11
7.39148e-11
7.39148e-11
7.39148e-11
7.39148e-11
7.39148e-11
7.39148e-11
7.39148e-11
7.39148e-11
7.39148e-11
7.39148e-11
7.39148e-11
7.39148e-11
7.39148e-11
7.39148e-11
7.39148e-11
7.39148e-11
7.39148e-11
7.39148e-11
7.39148e-11
7.39148e-11
7.39148e-11
7.39148e-11
7.39148e-11
7.39148e-11
7.39148e-11
7.39148e-11
7.39148e-11
7.39148e-11
7.39148e-11
7.39148e-11
7.39148e-11
7.39148e-11
7.39148e-11
7.39148e-11
7.39148e-11
7.39148e-11
7.39148e-11
7.39148e-11
7.39148e-11
7.39148e-11
7.39148e-11
7.39148e-11
7.39148e-11
7.39148e-11
7.39148e-11
7.39148e-11
7.39148e-11
7.39148e-11
7.39148e-11
7.39148e-11
7.39148e-11
7.39148e-11
7.39148e-11
7.39148e-11
7.39148e-11
7.39148e-11
7.39148e-11
7.39148e-11
7.39148e-11
7.39148e-11
7.39148e-11
7.39148e-11
7.39148e-11
7.39148e-11
7.39148e-11
7.39148e-11
7.39148e-11
7.39148e-11
7.39148e-11
7.39148e-11
7.39148e-11
7.39148e-11
7.39148e-11
7.39148e-11
7.39148e-11
7.39148e-11
7.39148e-11
7.39148e-11
7.39148e-11
7.39148e-11
7.39148e-11
7.39148e-11
7.39148e-11
7.39148e-11
7.39148e-11
7.39148e-11
7.39148e-11
7.39148e-11
7.39148e-11
7.39148e-11
7.39148e-11
7.39148e-11
7.39148e-11
7.39148e-11
7.39148e-11
7.39148e-11
7.39148e-11
7.39148e-11
7.39148e-11
7.39148e-11
7.39148e-11
7.39148e-11
7.39148e-11
7.39148e-11
7.39148e-11
7.39148e-11
7.39148e-11
7.39148e-11
7.39148e-11
7.39148e-11
7.39148e-11
7.39148e-11
7.39148e-11
7.39148e-11
7.39148e-11
7.39148e-11
7.39148e-11
7.39148e-11
7.39148e-11
7.39148e-11
7.39148e-11
7.39148e-11
7.39148e-11
7.39148e-11
7.39148e-11
7.39148e-11
7.39148e-11
7.39148e-11
7.39148e-11
7.39148e-11
7.39148e-11
7.39148e-11
7.39148e-11
7.39148e-11
7.39148e-11
7.39148e-11
7.39148e-11
7.39148e-11
7.39148e-11
7.39148e-11
7.39148e-11
7.39148e-11
7.39148e-11
7.39148e-11
7.39148e-11
7.39148e-11
7.39148e-11
7.39148e-11
7.39148e-11
7.39148e-11
7.39148e-11
7.39148e-11
7.39148e-11
7.39148e-11
7.39148e-11
7.39148e-11
7.39148e-11
7.39148e-11
7.39148e-11
7.39148e-11
7.39148e-11
7.39148e-11
7.39148e-11
7.39148e-11
7.39148e-11
7.39148e-11
7.39148e-11
7.39148e-11
7.39148e-11
7.39148e-11
7.39148e-11
7.39148e-11
7.39148e-11
7.39148e-11
7.39148e-11
7.39148e-11
7.39148e-11
7.39148e-11
7.39148e-11
7.39148e-11
7.39148e-11
7.39148e-11
7.39148e-11
7.39148e-11
7.39148e-11
7.39148e-11
7.39148e-11
7.39148e-11
7.39148e-11
7.39148e-11
7.39148e-11
7.39148e-11
7.39148e-11
7.39148e-11
7.39148e-11
7.39148e-11
7.39148e-11
7.39148e-11
7.39148e-11
7.39148e-11
7.39148e-11
7.39148e-11
7.39148e-11
7.39148e-11
7.39148e-11
7.39148e-11
7.39148e-11
7.39148e-11
7.39148e-11
7.39148e-11
7.39148e-11
7.39148e-11
7.39148e-11
7.39148e-11
7.39148e-11
7.39148e-11
7.39148e-11
7.39148e-11
7.39148e-11
7.39148e-11
7.39148e-11
7.39148e-11
7.39148e-11
7.39148e-11
7.39148e-11
7.39148e-11
7.39148e-11
7.39148e-11
7.39148e-11
7.39148e-11
7.39148e-11
7.39148e-11
7.39148e-11
7.39148e-11
7.39148e-11
7.39148e-11
7.39148e-11
7.39148e-11
7.39148e-11
7.39148e-11
7.39148e-11
7.39148e-11
7.39148e-11
7.39148e-11
7.39148e-11
7.39148e-11
7.39148e-11
7.39148e-11
7.39148e-11
7.39148e-11
7.39148e-11
7.39148e-11
7.39148e-11
7.39148e-11
7.39148e-11
7.39148e-11
7.39148e-11
7.39148e-11
7.39148e-11
7.39148e-11
7.39148e-11
7.39148e-11
7.39148e-11
7.39148e-11
7.39148e-11
7.39148e-11
7.39148e-11
7.39148e-11
7.39148e-11
7.39148e-11
7.39148e-11
7.39148e-11
7.39148e-11
7.39148e-11
7.39148e-11
7.39148e-11
7.39148e-11
7.39148e-11
7.39148e-11
7.39148e-11
7.39148e-11
7.39148e-11
7.39148e-11
7.39148e-11
7.39148e-11
7.39148e-11
7.39148e-11
7.39148e-11
7.39148e-11
7.39148e-11
7.39148e-11
7.39148e-11
7.39148e-11
7.39148e-11
7.39148e-11
7.39148e-11
7.39148e-11
7.39148e-11
7.39148e-11
7.39148e-11
7.39148e-11
7.39148e-11
7.39148e-11
7.39148e-11
7.39148e-11
7.39148e-11
7.39148e-11
7.39148e-11
7.39148e-11
7.39148e-11
7.39148e-11
7.39148e-11
7.39148e-11
7.39148e-11
7.39148e-11
7.39148e-11
7.39148e-11
7.39148e-11
7.39148e-11
7.39148e-11
7.39148e-11
7.39148e-11
7.39148e-11
7.39148e-11
7.39148e-11
7.39148e-11
7.39148e-11
7.39148e-11
7.39148e-11
7.39148e-11
7.39148e-11
7.39148e-11
7.39148e-11
7.39148e-11
7.39148e-11
7.39148e-11
7.39148e-11
7.39148e-11
7.39148e-11
7.39148e-11
7.39148e-11
7.39148e-11
7.39148e-11
7.39148e-11
7.39148e-11
7.39148e-11
7.39148e-11
7.39148e-11
7.39148e-11
7.39148e-11
7.39148e-11
7.39148e-11
7.39148e-11
7.39148e-11
7.39148e-11
7.39148e-11
7.39148e-11
7.39148e-11
7.39148e-11
7.39148e-11
7.39148e-11
7.39148e-11
7.39148e-11
7.39148e-11
7.39148e-11
7.39148e-11
7.39148e-11
7.39148e-11
7.39148e-11
7.39148e-11
7.39148e-11
7.39148e-11
7.39148e-11
7.39148e-11
7.39148e-11
7.39148e-11
7.39148e-11
7.39148e-11
7.39148e-11
7.39148e-11
7.39148e-11
7.39148e-11
7.39148e-11
7.39148e-11
7.39148e-11
7.39148e-11
7.39148e-11
7.39148e-11
7.39148e-11
7.39148e-11
7.39148e-11
7.39148e-11
7.39148e-11
7.39148e-11
7.39148e-11
7.39148e-11
7.39148e-11
7.39148e-11
7.39148e-11
7.39148e-11
7.39148e-11
7.39148e-11
7.39148e-11
7.39148e-11
7.39148e-11
7.39148e-11
7.39148e-11
7.39148e-11
7.39148e-11
7.39148e-11
7.39148e-11
7.39148e-11
7.39148e-11
7.39148e-11
7.39148e-11
7.39148e-11
7.39148e-11
7.39148e-11
7.39148e-11
7.39148e-11
7.39148e-11
7.39148e-11
7.39148e-11
7.39148e-11
7.39148e-11
7.39148e-11
7.39148e-11
7.39148e-11
7.39148e-11
7.39148e-11
7.39148e-11
7.39148e-11
7.39148e-11
7.39148e-11
7.39148e-11
7.39148e-11
7.39148e-11
7.39148e-11
7.39148e-11
7.39148e-11
7.39148e-11
7.39148e-11
7.39148e-11
7.39148e-11
7.39148e-11
7.39148e-11
7.39148e-11
7.39148e-11
7.39148e-11
7.39148e-11
7.39148e-11
7.39148e-11
7.39148e-11
7.39148e-11
7.39148e-11
7.39148e-11
7.39148e-11
7.39148e-11
7.39148e-11
7.39148e-11
7.39148e-11
7.39148e-11
7.39148e-11
7.39148e-11
7.39148e-11
7.39148e-11
7.39148e-11
7.39148e-11
7.39148e-11
7.39148e-11
7.39148e-11
7.39148e-11
7.39148e-11
7.39148e-11
7.39148e-11
7.39148e-11
7.39148e-11
7.39148e-11
7.39148e-11
7.39148e-11
7.39148e-11
7.39148e-11
7.39148e-11
7.39148e-11
7.39148e-11
7.39148e-11
7.39148e-11
7.39148e-11
7.39148e-11
7.39148e-11
7.39148e-11
7.39148e-11
7.39148e-11
7.39148e-11
7.39148e-11
7.39148e-11
7.39148e-11
7.39148e-11
7.39148e-11
7.39148e-11
7.39148e-11
7.39148e-11
7.39148e-11
7.39148e-11
7.39148e-11
7.39148e-11
7.39148e-11
7.39148e-11
7.39148e-11
7.39148e-11
7.39148e-11
7.39148e-11
7.39148e-11
7.39148e-11
7.39148e-11
7.39148e-11
7.39148e-11
7.39148e-11
7.39148e-11
7.39148e-11
7.39148e-11
7.39148e-11
7.39148e-11
7.39148e-11
7.39148e-11
7.39148e-11
7.39148e-11
7.39148e-11
7.39148e-11
7.39148e-11
7.39148e-11
7.39148e-11
7.39148e-11
7.39148e-11
7.39148e-11
7.39148e-11
7.39148e-11
7.39148e-11
7.39148e-11
7.39148e-11
7.39148e-11
7.39148e-11
7.39148e-11
7.39148e-11
7.39148e-11
7.39148e-11
7.39148e-11
7.39148e-11
7.39148e-11
7.39148e-11
7.39148e-11
7.39148e-11
7.39148e-11
7.39148e-11
7.39148e-11
7.39148e-11
7.39148e-11
7.39148e-11
7.39148e-11
7.39148e-11
7.39148e-11
7.39148e-11
7.39148e-11
7.39148e-11
7.39148e-11
7.39148e-11
7.39148e-11
7.39148e-11
7.39148e-11
7.39148e-11
7.39148e-11
7.39148e-11
7.39148e-11
7.39148e-11
7.39148e-11
7.39148e-11
7.39148e-11
7.39148e-11
7.39148e-11
7.39148e-11
7.39148e-11
7.39148e-11
7.39148e-11
7.39148e-11
7.39148e-11
7.39148e-11
7.39148e-11
7.39148e-11
7.39148e-11
7.39148e-11
7.39148e-11
7.39148e-11
7.39148e-11
7.39148e-11
7.39148e-11
7.39148e-11
7.39148e-11
7.39148e-11
7.39148e-11
7.39148e-11
7.39148e-11
7.39148e-11
7.39148e-11
7.39148e-11
7.39148e-11
7.39148e-11
7.39148e-11
7.39148e-11
7.39148e-11
7.39148e-11
7.39148e-11
7.39148e-11
7.39148e-11
7.39148e-11
7.39148e-11
7.39148e-11
7.39148e-11
7.39148e-11
7.39148e-11
7.39148e-11
7.39148e-11
7.39148e-11
7.39148e-11
7.39148e-11
7.39148e-11
7.39148e-11
7.39148e-11
7.39148e-11
7.39148e-11
7.39148e-11
7.39148e-11
7.39148e-11
7.39148e-11
7.39148e-11
7.39148e-11
7.39148e-11
7.39148e-11
7.39148e-11
7.39148e-11
7.39148e-11
7.39148e-11
7.39148e-11
7.39148e-11
7.39148e-11
7.39148e-11
7.39148e-11
7.39148e-11
7.39148e-11
7.39148e-11
7.39148e-11
7.39148e-11
7.39148e-11
7.39148e-11
7.39148e-11
7.39148e-11
7.39148e-11
7.39148e-11
7.39148e-11
7.39148e-11
7.39148e-11
7.39148e-11
7.39148e-11
7.39148e-11
7.39148e-11
7.39148e-11
7.39148e-11
7.39148e-11
7.39148e-11
7.39148e-11
7.39148e-11
7.39148e-11
7.39148e-11
7.39148e-11
7.39148e-11
7.39148e-11
7.39148e-11
7.39148e-11
