4.3161e+12
6.24957e+11
3.96814e+10
4.07216e+07
740485
740485
740485
740485
740485
740485
740485
740485
740485
110727
110727
110727
8440.03
778.822
778.822
778.822
778.822
493.658
493.658
59.0608
59.0608
28.2755
28.2755
28.2755
28.2755
28.2755
28.2755
28.2755
28.2755
26.5164
19.9313
18.3749
14.518
14.518
14.518
14.518
14.518
14.518
14.518
14.518
14.518
14.518
14.518
11.9154
11.9154
11.9154
11.9154
11.9154
11.9154
11.9154
11.9154
11.9154
11.9154
11.9154
11.9154
11.9154
11.9154
11.9154
11.9154
11.9154
11.9154
11.9154
11.9154
11.9154
11.9154
11.9154
11.9154
11.9154
11.9154
11.9154
11.9154
11.9154
11.9154
11.9154
11.9154
11.0435
5.52392
5.52392
5.52392
5.52392
5.52392
5.52392
5.52392
5.52392
5.52392
5.52392
5.52392
5.52392
5.52392
5.52392
5.52392
5.52392
5.52392
5.52392
5.52392
5.52392
5.52392
5.52392
5.52392
5.52392
5.1384
5.1384
5.1384
5.1384
5.1384
5.1384
5.1384
4.55522
3.7703
3.25862
2.9955
2.9955
2.9955
2.9955
2.9955
2.9955
2.9955
2.9955
2.9955
2.99349
2.99349
2.98283
2.97088
2.94941
2.92847
2.92497
2.89994
2.87903
2.86582
2.84091
2.8302
2.81145
2.79899
2.7942
2.79109
2.78376
2.76955
2.7649
2.75999
2.75151
2.74669
2.73645
2.72725
2.72332
2.71577
2.69852
2.69742
2.68981
2.68034
2.67325
2.66914
2.66344
2.64585
2.64506
2.63981
2.63492
2.6291
2.62139
2.61759
2.61058
2.59803
2.57946
2.5755
2.56648
2.5549
2.54933
2.52762
2.52762
2.51924
2.50548
2.49911
2.49223
2.47983
2.46643
2.46643
2.46205
2.45257
2.4455
2.42861
2.42453
2.41411
2.40461
2.39799
2.39075
2.38457
2.37826
2.37128
2.36802
2.36127
2.35692
2.35479
2.35128
2.34695
2.34473
2.34266
2.34028
2.33559
2.33559
2.33227
2.33072
2.32679
2.32567
2.32096
2.32096
2.31997
2.31766
2.31766
2.31728
2.31555
2.31521
2.31364
2.31197
2.30878
2.30744
2.30428
2.30428
2.30238
2.30238
2.30238
2.30238
2.30238
2.30238
2.30238
2.30238
2.30238
2.30238
2.30238
2.30238
2.30238
2.30238
2.30238
2.30238
2.30238
2.30238
2.30238
2.30238
2.30238
2.30238
2.30238
2.30238
2.30238
2.30238
2.30238
2.30238
2.30238
2.30238
2.30238
2.30238
2.30238
2.30238
2.30238
2.30238
2.30238
2.30238
2.30238
2.30238
2.30238
2.30238
2.30238
2.30238
2.30238
2.30238
2.30238
2.30238
2.30238
2.30238
2.30238
2.30238
2.30238
2.30238
2.30238
2.30238
2.30238
2.30238
2.30238
2.30238
2.30238
2.30238
2.30238
2.30238
2.30238
2.30238
2.30238
2.30238
2.30238
2.30238
2.30238
2.30238
2.30238
2.30238
2.30238
2.30238
2.30238
2.30238
2.30238
2.30238
2.30238
2.30238
2.30238
2.30238
2.30238
2.30238
2.30238
2.30238
2.30238
2.30238
2.30238
2.30238
2.30238
2.30238
2.30238
2.30238
2.30238
2.30238
2.30238
2.30238
2.30238
2.30238
2.30238
2.30238
2.30238
2.30238
2.30238
2.30238
2.30238
2.30238
2.30238
2.30238
2.30238
2.30238
2.30238
2.30238
2.30238
2.30238
2.30238
2.30238
2.30238
2.30238
2.30238
2.30238
2.30238
2.30238
2.30238
2.30238
2.30238
2.30238
2.30238
2.30238
2.30238
2.30238
2.30238
2.30238
2.30238
2.30238
2.30238
2.30238
2.30238
2.30238
2.30238
2.30238
2.30238
2.30238
2.30238
2.30238
2.30238
2.30238
2.30238
2.30238
2.30238
2.30238
2.30238
2.30238
2.30238
2.30238
2.30238
2.30238
2.30238
2.30238
2.30238
2.30238
2.30238
2.30238
2.30238
2.30238
2.30238
2.30238
2.30238
2.30238
2.30238
2.30238
2.30238
2.30238
2.30238
2.30238
2.30238
2.30238
2.30238
2.30238
2.30238
2.30238
2.30238
2.30238
2.30238
2.30238
2.30238
2.30238
2.30238
2.30238
2.30238
2.30238
2.30238
2.30238
2.30238
2.30238
2.30238
2.30238
2.30238
2.30238
2.30238
2.30238
2.30238
2.30238
2.30238
2.30238
2.30238
2.30238
2.30238
2.30238
2.30238
2.30238
2.30238
2.30238
2.30238
2.30238
2.30238
2.30238
2.30238
2.30238
2.30238
2.30238
2.30238
2.30238
2.30238
2.30238
2.30238
2.30238
2.30238
2.30238
2.30238
2.30238
2.30238
2.14514
2.14514
0.962809
0.797554
0.797554
0.797554
0.470822
0.306791
0.306791
0.24713
0.0967481
0.0967481
0.0493668
0.0493668
0.0228797
0.0173785
0.0072433
0.00252056
0.00151401
0.000178466
0.000178466
9.60901e-06
9.60901e-06
6.31828e-06
4.2629e-06
7.87353e-07
7.87353e-07
7.87353e-07
7.87353e-07
7.87353e-07
3.44922e-07
3.44922e-07
1.4924e-07
1.4924e-07
1.13894e-07
3.81585e-09
2.40551e-09
3.57294e-10
3.57294e-10
3.57294e-10
3.57294e-10
3.57294e-10
3.57294e-10
3.57294e-10
3.57294e-10
3.57294e-10
3.57294e-10
3.57294e-10
3.57294e-10
3.57294e-10
3.57294e-10
3.57294e-10
3.57294e-10
3.57294e-10
3.57294e-10
3.57294e-10
3.57294e-10
3.57294e-10
3.57294e-10
3.57294e-10
3.57294e-10
3.57294e-10
3.57294e-10
3.57294e-10
3.57294e-10
3.57294e-10
3.57294e-10
3.57294e-10
3.57294e-10
3.57294e-10
3.57294e-10
3.57294e-10
3.57294e-10
3.57294e-10
3.57294e-10
3.57294e-10
3.57294e-10
3.57294e-10
3.57294e-10
3.57294e-10
3.57294e-10
3.57294e-10
3.57294e-10
3.57294e-10
3.57294e-10
3.57294e-10
3.57294e-10
3.57294e-10
3.57294e-10
3.57294e-10
3.57294e-10
3.57294e-10
3.57294e-10
3.57294e-10
3.57294e-10
3.57294e-10
3.57294e-10
3.57294e-10
3.57294e-10
3.57294e-10
3.57294e-10
3.57294e-10
3.57294e-10
3.57294e-10
3.57294e-10
3.57294e-10
3.57294e-10
3.57294e-10
3.57294e-10
3.57294e-10
3.57294e-10
3.57294e-10
3.57294e-10
3.57294e-10
3.57294e-10
3.57294e-10
3.57294e-10
3.57294e-10
3.57294e-10
3.57294e-10
3.57294e-10
3.57294e-10
3.57294e-10
3.57294e-10
3.57294e-10
3.57294e-10
3.57294e-10
3.57294e-10
3.57294e-10
3.57294e-10
3.57294e-10
3.57294e-10
3.57294e-10
3.57294e-10
3.57294e-10
3.57294e-10
3.57294e-10
3.57294e-10
3.57294e-10
3.57294e-10
3.57294e-10
3.57294e-10
3.57294e-10
3.57294e-10
3.57294e-10
3.57294e-10
3.57294e-10
3.57294e-10
3.57294e-10
3.57294e-10
3.57294e-10
3.57294e-10
3.57294e-10
3.57294e-10
3.57294e-10
3.57294e-10
3.57294e-10
3.57294e-10
3.57294e-10
3.57294e-10
3.57294e-10
3.57294e-10
3.57294e-10
3.57294e-10
3.57294e-10
3.57294e-10
3.57294e-10
3.57294e-10
3.57294e-10
3.57294e-10
3.57294e-10
3.57294e-10
3.57294e-10
3.57294e-10
3.57294e-10
3.57294e-10
3.57294e-10
3.57294e-10
3.57294e-10
3.57294e-10
3.57294e-10
3.57294e-10
3.57294e-10
3.57294e-10
3.57294e-10
3.57294e-10
3.57294e-10
3.57294e-10
3.57294e-10
3.57294e-10
3.57294e-10
3.57294e-10
3.57294e-10
3.57294e-10
3.57294e-10
3.57294e-10
3.57294e-10
3.57294e-10
3.57294e-10
3.57294e-10
3.57294e-10
3.57294e-10
3.57294e-10
3.57294e-10
3.57294e-10
3.57294e-10
3.57294e-10
3.57294e-10
3.57294e-10
3.57294e-10
3.57294e-10
3.57294e-10
3.57294e-10
3.57294e-10
3.57294e-10
3.57294e-10
3.57294e-10
3.57294e-10
3.57294e-10
3.57294e-10
3.57294e-10
3.57294e-10
3.57294e-10
3.57294e-10
3.57294e-10
3.57294e-10
3.57294e-10
3.57294e-10
3.57294e-10
3.57294e-10
3.57294e-10
3.57294e-10
3.57294e-10
3.57294e-10
3.57294e-10
3.57294e-10
3.57294e-10
3.57294e-10
3.57294e-10
3.57294e-10
3.57294e-10
3.57294e-10
3.57294e-10
3.57294e-10
3.57294e-10
3.57294e-10
3.57294e-10
3.57294e-10
3.57294e-10
3.57294e-10
3.57294e-10
3.57294e-10
3.57294e-10
3.57294e-10
3.57294e-10
3.57294e-10
3.57294e-10
3.57294e-10
3.57294e-10
3.57294e-10
3.57294e-10
3.57294e-10
3.57294e-10
3.57294e-10
3.57294e-10
3.57294e-10
3.57294e-10
3.57294e-10
3.57294e-10
3.57294e-10
3.57294e-10
3.57294e-10
3.57294e-10
3.57294e-10
3.57294e-10
3.57294e-10
3.57294e-10
3.57294e-10
3.57294e-10
3.57294e-10
3.57294e-10
3.57294e-10
3.57294e-10
3.57294e-10
3.57294e-10
3.57294e-10
3.57294e-10
3.57294e-10
3.57294e-10
3.57294e-10
3.57294e-10
3.57294e-10
3.57294e-10
3.57294e-10
3.57294e-10
3.57294e-10
3.57294e-10
3.57294e-10
3.57294e-10
3.57294e-10
3.57294e-10
3.57294e-10
3.57294e-10
3.57294e-10
3.57294e-10
3.57294e-10
3.57294e-10
3.57294e-10
3.57294e-10
3.57294e-10
3.57294e-10
3.57294e-10
3.57294e-10
3.57294e-10
3.57294e-10
3.57294e-10
3.57294e-10
3.57294e-10
3.57294e-10
3.57294e-10
3.57294e-10
3.57294e-10
3.57294e-10
3.57294e-10
3.57294e-10
3.57294e-10
3.57294e-10
3.57294e-10
3.57294e-10
3.57294e-10
3.57294e-10
3.57294e-10
3.57294e-10
3.57294e-10
3.57294e-10
3.57294e-10
3.57294e-10
3.57294e-10
3.57294e-10
3.57294e-10
3.57294e-10
3.57294e-10
3.57294e-10
3.57294e-10
3.57294e-10
3.57294e-10
3.57294e-10
3.57294e-10
3.57294e-10
3.57294e-10
3.57294e-10
3.57294e-10
3.57294e-10
3.57294e-10
3.57294e-10
3.57294e-10
3.57294e-10
3.57294e-10
3.57294e-10
3.57294e-10
3.57294e-10
3.57294e-10
3.57294e-10
3.57294e-10
3.57294e-10
3.57294e-10
3.57294e-10
3.57294e-10
3.57294e-10
3.57294e-10
3.57294e-10
3.57294e-10
3.57294e-10
3.57294e-10
3.57294e-10
3.57294e-10
3.57294e-10
3.57294e-10
3.57294e-10
3.57294e-10
3.57294e-10
3.57294e-10
3.57294e-10
3.57294e-10
3.57294e-10
3.57294e-10
3.57294e-10
3.57294e-10
3.57294e-10
3.57294e-10
3.57294e-10
3.57294e-10
3.57294e-10
3.57294e-10
3.57294e-10
3.57294e-10
3.57294e-10
3.57294e-10
3.57294e-10
3.57294e-10
3.57294e-10
3.57294e-10
3.57294e-10
3.57294e-10
3.57294e-10
3.57294e-10
3.57294e-10
3.57294e-10
3.57294e-10
3.57294e-10
3.57294e-10
3.57294e-10
3.57294e-10
3.57294e-10
3.57294e-10
3.57294e-10
3.57294e-10
3.57294e-10
3.57294e-10
3.57294e-10
3.57294e-10
3.57294e-10
3.57294e-10
3.57294e-10
3.57294e-10
3.57294e-10
3.57294e-10
3.57294e-10
3.57294e-10
3.57294e-10
3.57294e-10
3.57294e-10
3.57294e-10
3.57294e-10
3.57294e-10
3.57294e-10
3.57294e-10
3.57294e-10
3.57294e-10
3.57294e-10
3.57294e-10
3.57294e-10
3.57294e-10
3.57294e-10
3.57294e-10
3.57294e-10
3.57294e-10
3.57294e-10
3.57294e-10
3.57294e-10
3.57294e-10
3.57294e-10
3.57294e-10
3.57294e-10
3.57294e-10
3.57294e-10
3.57294e-10
3.57294e-10
3.57294e-10
3.57294e-10
3.57294e-10
3.57294e-10
3.57294e-10
3.57294e-10
3.57294e-10
3.57294e-10
3.57294e-10
3.57294e-10
3.57294e-10
3.57294e-10
3.57294e-10
3.57294e-10
3.57294e-10
3.57294e-10
3.57294e-10
3.57294e-10
3.57294e-10
3.57294e-10
3.57294e-10
3.57294e-10
3.57294e-10
3.57294e-10
3.57294e-10
3.57294e-10
3.57294e-10
3.57294e-10
3.57294e-10
3.57294e-10
3.57294e-10
3.57294e-10
3.57294e-10
3.57294e-10
3.57294e-10
3.57294e-10
3.57294e-10
3.57294e-10
3.57294e-10
3.57294e-10
3.57294e-10
3.57294e-10
3.57294e-10
3.57294e-10
3.57294e-10
3.57294e-10
3.57294e-10
3.57294e-10
3.57294e-10
3.57294e-10
3.57294e-10
3.57294e-10
3.57294e-10
3.57294e-10
3.57294e-10
3.57294e-10
3.57294e-10
3.57294e-10
3.57294e-10
3.57294e-10
3.57294e-10
3.57294e-10
3.57294e-10
3.57294e-10
3.57294e-10
3.57294e-10
3.57294e-10
3.57294e-10
3.57294e-10
3.57294e-10
3.57294e-10
3.57294e-10
3.57294e-10
3.57294e-10
3.57294e-10
3.57294e-10
3.57294e-10
3.57294e-10
3.57294e-10
3.57294e-10
3.57294e-10
3.57294e-10
3.57294e-10
3.57294e-10
3.57294e-10
3.57294e-10
3.57294e-10
3.57294e-10
3.57294e-10
3.57294e-10
3.57294e-10
3.57294e-10
3.57294e-10
3.57294e-10
3.57294e-10
3.57294e-10
3.57294e-10
3.57294e-10
3.57294e-10
3.57294e-10
3.57294e-10
3.57294e-10
3.57294e-10
3.57294e-10
3.57294e-10
3.57294e-10
3.57294e-10
3.57294e-10
3.57294e-10
3.57294e-10
3.57294e-10
3.57294e-10
3.57294e-10
3.57294e-10
3.57294e-10
3.57294e-10
3.57294e-10
3.57294e-10
3.57294e-10
3.57294e-10
3.57294e-10
3.57294e-10
3.57294e-10
3.57294e-10
3.57294e-10
3.57294e-10
3.57294e-10
3.57294e-10
3.57294e-10
3.57294e-10
3.57294e-10
3.57294e-10
3.57294e-10
3.57294e-10
3.57294e-10
3.57294e-10
3.57294e-10
3.57294e-10
3.57294e-10
3.57294e-10
3.57294e-10
3.57294e-10
3.57294e-10
3.57294e-10
3.57294e-10
3.57294e-10
3.57294e-10
3.57294e-10
3.57294e-10
3.57294e-10
3.57294e-10
3.57294e-10
3.57294e-10
3.57294e-10
3.57294e-10
3.57294e-10
3.57294e-10
3.57294e-10
3.57294e-10
3.57294e-10
3.57294e-10
3.57294e-10
3.57294e-10
3.57294e-10
3.57294e-10
3.57294e-10
3.57294e-10
3.57294e-10
3.57294e-10
3.57294e-10
3.57294e-10
3.57294e-10
3.57294e-10
3.57294e-10
3.57294e-10
3.57294e-10
3.57294e-10
3.57294e-10
3.57294e-10
3.57294e-10
3.57294e-10
3.57294e-10
3.57294e-10
3.57294e-10
3.57294e-10
3.57294e-10
3.57294e-10
3.57294e-10
3.57294e-10
3.57294e-10
3.57294e-10
3.57294e-10
3.57294e-10
3.57294e-10
3.57294e-10
3.57294e-10
3.57294e-10
3.57294e-10
3.57294e-10
3.57294e-10
3.57294e-10
3.57294e-10
3.57294e-10
3.57294e-10
3.57294e-10
3.57294e-10
3.57294e-10
3.57294e-10
3.57294e-10
3.57294e-10
3.57294e-10
3.57294e-10
3.57294e-10
3.57294e-10
3.57294e-10
3.57294e-10
3.57294e-10
3.57294e-10
3.57294e-10
3.57294e-10
3.57294e-10
3.57294e-10
3.57294e-10
3.57294e-10
3.57294e-10
3.57294e-10
3.57294e-10
3.57294e-10
3.57294e-10
3.57294e-10
3.57294e-10
3.57294e-10
3.57294e-10
3.57294e-10
3.57294e-10
3.57294e-10
3.57294e-10
3.57294e-10
3.57294e-10
3.57294e-10
3.57294e-10
3.57294e-10
3.57294e-10
3.57294e-10
3.57294e-10
3.57294e-10
3.57294e-10
3.57294e-10
3.57294e-10
3.57294e-10
3.57294e-10
3.57294e-10
3.57294e-10
3.57294e-10
3.57294e-10
3.57294e-10
3.57294e-10
3.57294e-10
3.57294e-10
3.57294e-10
3.57294e-10
3.57294e-10
3.57294e-10
3.57294e-10
3.57294e-10
3.57294e-10
3.57294e-10
3.57294e-10
3.57294e-10
3.57294e-10
3.57294e-10
3.57294e-10
3.57294e-10
3.57294e-10
3.57294e-10
3.57294e-10
3.57294e-10
3.57294e-10
3.57294e-10
3.57294e-10
3.57294e-10
3.57294e-10
3.57294e-10
3.57294e-10
3.57294e-10
3.57294e-10
3.57294e-10
3.57294e-10
3.57294e-10
3.57294e-10
3.57294e-10
3.57294e-10
3.57294e-10
3.57294e-10
3.57294e-10
3.57294e-10
3.57294e-10
3.57294e-10
3.57294e-10
3.57294e-10
3.57294e-10
3.57294e-10
3.57294e-10
3.57294e-10
3.57294e-10
3.57294e-10
3.57294e-10
3.57294e-10
3.57294e-10
3.57294e-10
3.57294e-10
3.57294e-10
3.57294e-10
3.57294e-10
3.57294e-10
3.57294e-10
3.57294e-10
3.57294e-10
3.57294e-10
3.57294e-10
3.57294e-10
3.57294e-10
3.57294e-10
3.57294e-10
3.57294e-10
3.57294e-10
3.57294e-10
3.57294e-10
3.57294e-10
3.57294e-10
3.57294e-10
3.57294e-10
3.57294e-10
3.57294e-10
3.57294e-10
3.57294e-10
3.57294e-10
3.57294e-10
3.57294e-10
3.57294e-10
3.57294e-10
3.57294e-10
3.57294e-10
3.57294e-10
3.57294e-10
3.57294e-10
3.57294e-10
3.57294e-10
3.57294e-10
3.57294e-10
3.57294e-10
3.57294e-10
3.57294e-10
3.57294e-10
3.57294e-10
3.57294e-10
3.57294e-10
3.57294e-10
3.57294e-10
3.57294e-10
3.57294e-10
3.57294e-10
3.57294e-10
3.57294e-10
3.57294e-10
3.57294e-10
3.57294e-10
3.57294e-10
3.57294e-10
3.57294e-10
3.57294e-10
3.57294e-10
3.57294e-10
3.57294e-10
3.57294e-10
3.57294e-10
3.57294e-10
3.57294e-10
3.57294e-10
3.57294e-10
3.57294e-10
3.57294e-10
3.57294e-10
3.57294e-10
3.57294e-10
3.57294e-10
3.57294e-10
3.57294e-10
3.57294e-10
3.57294e-10
3.57294e-10
3.57294e-10
3.57294e-10
3.57294e-10
3.57294e-10
3.57294e-10
3.57294e-10
3.57294e-10
3.57294e-10
3.57294e-10
3.57294e-10
3.57294e-10
3.57294e-10
3.57294e-10
3.57294e-10
3.57294e-10
3.57294e-10
3.57294e-10
3.57294e-10
3.57294e-10
3.57294e-10
3.57294e-10
