1.16593e+12
2.8067e+10
4.54847e+09
4.29605e+09
5.66386e+07
5.66386e+07
5.66386e+07
5.66386e+07
4.20118e+07
4.20118e+07
295295
225641
2671.86
2671.86
2671.86
2671.86
2360.94
119.035
72.6472
42.9274
20.4233
20.4233
20.4233
20.4233
20.4233
20.4233
20.4233
19.3576
18.0593
18.0593
16.0155
12.0698
12.0698
12.0698
12.0698
12.0698
12.0698
12.0698
12.0698
12.0698
12.0698
12.0698
12.0698
12.0698
12.0698
12.0698
12.0698
12.0698
12.0698
12.0698
12.0698
12.0698
12.0698
12.0698
12.0698
12.0698
12.0698
12.0698
12.0698
12.0698
12.0698
7.52847
7.52847
7.52847
7.52847
7.52847
7.52847
7.52847
7.52847
7.52847
7.52847
7.52847
7.52847
7.52847
7.52847
7.52847
7.52847
7.52847
7.52847
7.52847
7.52847
7.52847
7.52847
7.52847
7.52847
7.52847
7.52847
7.52847
7.52847
7.52847
6.30397
6.30397
6.30397
6.30397
6.30397
6.30397
6.30397
6.30397
6.30397
6.30397
6.30397
6.30397
6.30397
6.30397
6.30397
6.30397
6.30397
6.30397
6.30397
6.30397
6.30397
6.30397
6.30397
6.30397
6.30397
6.30397
6.30397
6.30397
6.30397
6.30397
6.30397
6.30397
6.30397
6.30397
6.30397
6.30397
6.30397
6.30397
6.30397
6.30397
6.30397
6.30397
6.30397
6.30397
6.30397
6.30397
6.30397
6.30397
6.30397
6.30397
6.30397
6.30397
6.30397
6.30397
6.30397
6.30397
6.30397
6.30397
6.30397
6.30397
6.30397
6.30397
6.30397
6.30397
6.30397
6.30397
6.30397
6.30397
6.30397
6.30397
6.30397
6.30397
6.30397
6.30397
6.30397
6.30397
6.30397
6.30397
6.30397
6.30397
6.30397
6.30397
6.30397
6.30397
6.30397
6.30397
6.30397
6.30397
6.30397
6.30397
6.30397
6.30397
6.30397
6.30397
6.30397
6.30397
6.30397
6.30397
6.30397
6.30397
6.30397
6.30397
6.30397
6.30397
6.30397
6.30397
6.30397
6.30397
6.30397
6.30397
6.30397
6.30397
6.30397
6.30397
6.30397
6.30397
6.30397
6.30397
6.30397
6.30397
6.30397
6.30397
6.30397
6.30397
6.30397
6.30397
6.30397
6.30397
6.30397
6.30397
6.30397
6.30397
6.30397
6.30397
6.30397
6.30397
6.30397
6.30397
6.30397
6.30397
6.30397
6.30397
6.30397
6.30397
6.30397
6.30397
6.30397
6.30397
6.30397
6.30397
6.30397
6.30397
6.30397
6.30397
6.30397
6.30397
6.30397
6.30397
6.30397
6.30397
6.30397
6.30397
6.30397
6.30397
6.30397
6.30397
6.30397
6.30397
6.30397
6.30397
6.30397
6.30397
6.30397
6.30397
6.30397
6.30397
6.30397
6.30397
6.30397
6.30397
6.30397
6.30397
6.30397
6.30397
6.30397
6.30397
6.30397
6.30397
6.30397
6.30397
6.30397
6.30397
6.30397
6.30397
6.30397
6.30397
6.30397
6.30397
6.30397
6.30397
6.30397
6.30397
6.30397
6.30397
6.30397
6.30397
6.30397
6.30397
6.30397
6.30397
6.30397
6.30397
6.30397
6.30397
6.30397
6.30397
6.30397
6.30397
6.30397
6.30397
6.30397
6.30397
6.30397
6.30397
6.30397
6.30397
6.30397
6.30397
6.30397
6.30397
6.30397
6.30397
6.30397
6.30397
6.30397
6.30397
6.30397
6.30397
6.30397
6.30397
6.30397
6.30397
6.30397
6.30397
6.30397
6.30397
6.30397
6.30397
6.30397
6.30397
6.30397
6.30397
6.30397
6.30397
6.30397
6.30397
6.30397
6.30397
6.30397
6.30397
6.30397
6.30397
6.30397
6.30397
6.30397
6.30397
6.30397
6.30397
6.30397
6.30397
6.30397
6.30397
6.30397
6.30397
6.30397
6.30397
6.30397
6.30397
6.30397
6.30397
6.30397
6.30397
6.30397
6.30397
6.30397
6.30397
6.30397
6.30397
6.30397
6.30397
6.30397
6.30397
6.30397
6.30397
6.30397
6.30397
6.30397
6.30397
6.30397
6.30397
6.30397
6.30397
6.30397
6.30397
6.30397
6.30397
6.30397
6.30397
6.30397
6.30397
6.30397
6.30397
6.30397
6.30397
6.30397
6.30397
6.30397
6.30397
6.30397
6.30397
6.30397
6.30397
6.30397
6.30397
6.30397
6.30397
4.4708
4.4708
4.4708
4.4708
4.4708
4.32878
4.32878
4.32878
2.74096
0.435616
0.435616
0.435616
0.435616
0.435616
0.435616
0.435616
0.435616
0.435616
0.421197
0.366507
0.209754
0.209754
0.169024
0.116923
0.103071
0.0777386
0.0705733
0.0334246
0.0271814
0.0171093
0.0104751
0.00631938
0.00205007
0.00199777
0.001061
0.000766126
0.000315509
0.000119029
6.2488e-05
8.38288e-06
5.87531e-06
4.6939e-06
1.99747e-07
4.47846e-08
4.47846e-08
4.47846e-08
4.47846e-08
4.47846e-08
4.47846e-08
4.47846e-08
4.47846e-08
4.47846e-08
4.47846e-08
4.47846e-08
4.47846e-08
4.47846e-08
4.47846e-08
4.17824e-08
4.17824e-08
2.04447e-08
1.25689e-08
5.40434e-09
3.12533e-09
9.60346e-10
6.50105e-10
3.38701e-10
1.75866e-11
1.75866e-11
1.75866e-11
1.75866e-11
1.75866e-11
1.75866e-11
1.75866e-11
1.75866e-11
1.75866e-11
1.75866e-11
1.75866e-11
1.75866e-11
1.75866e-11
1.75866e-11
1.75866e-11
1.75866e-11
1.75866e-11
1.75866e-11
1.75866e-11
1.75866e-11
1.75866e-11
1.75866e-11
1.75866e-11
1.75866e-11
1.75866e-11
1.75866e-11
1.75866e-11
1.75866e-11
1.75866e-11
1.75866e-11
1.75866e-11
1.75866e-11
1.75866e-11
1.75866e-11
1.75866e-11
1.75866e-11
1.75866e-11
1.75866e-11
1.75866e-11
1.75866e-11
1.75866e-11
1.75866e-11
1.75866e-11
1.75866e-11
1.75866e-11
1.75866e-11
1.75866e-11
1.75866e-11
1.75866e-11
1.75866e-11
1.75866e-11
1.75866e-11
1.75866e-11
1.75866e-11
1.75866e-11
1.75866e-11
1.75866e-11
1.75866e-11
1.75866e-11
1.75866e-11
1.75866e-11
1.75866e-11
1.75866e-11
1.75866e-11
1.75866e-11
1.75866e-11
1.75866e-11
1.75866e-11
1.75866e-11
1.75866e-11
1.75866e-11
1.75866e-11
1.75866e-11
1.75866e-11
1.75866e-11
1.75866e-11
1.75866e-11
1.75866e-11
1.75866e-11
1.75866e-11
1.75866e-11
1.75866e-11
1.75866e-11
1.75866e-11
1.75866e-11
1.75866e-11
1.75866e-11
1.75866e-11
1.75866e-11
1.75866e-11
1.75866e-11
1.75866e-11
1.75866e-11
1.75866e-11
1.75866e-11
1.75866e-11
1.75866e-11
1.75866e-11
1.75866e-11
1.75866e-11
1.75866e-11
1.75866e-11
1.75866e-11
1.75866e-11
1.75866e-11
1.75866e-11
1.75866e-11
1.75866e-11
1.75866e-11
1.75866e-11
1.75866e-11
1.75866e-11
1.75866e-11
1.75866e-11
1.75866e-11
1.75866e-11
1.75866e-11
1.75866e-11
1.75866e-11
1.75866e-11
1.75866e-11
1.75866e-11
1.75866e-11
1.75866e-11
1.75866e-11
1.75866e-11
1.75866e-11
1.75866e-11
1.75866e-11
1.75866e-11
1.75866e-11
1.75866e-11
1.75866e-11
1.75866e-11
1.75866e-11
1.75866e-11
1.75866e-11
1.75866e-11
1.75866e-11
1.75866e-11
1.75866e-11
1.75866e-11
1.75866e-11
1.75866e-11
1.75866e-11
1.75866e-11
1.75866e-11
1.75866e-11
1.75866e-11
1.75866e-11
1.75866e-11
1.75866e-11
1.75866e-11
1.75866e-11
1.75866e-11
1.75866e-11
1.75866e-11
1.75866e-11
1.75866e-11
1.75866e-11
1.75866e-11
1.75866e-11
1.75866e-11
1.75866e-11
1.75866e-11
1.75866e-11
1.75866e-11
1.75866e-11
1.75866e-11
1.75866e-11
1.75866e-11
1.75866e-11
1.75866e-11
1.75866e-11
1.75866e-11
1.75866e-11
1.75866e-11
1.75866e-11
1.75866e-11
1.75866e-11
1.75866e-11
1.75866e-11
1.75866e-11
1.75866e-11
1.75866e-11
1.75866e-11
1.75866e-11
1.75866e-11
1.75866e-11
1.75866e-11
1.75866e-11
1.75866e-11
1.75866e-11
1.75866e-11
1.75866e-11
1.75866e-11
1.75866e-11
1.75866e-11
1.75866e-11
1.75866e-11
1.75866e-11
1.75866e-11
1.75866e-11
1.75866e-11
1.75866e-11
1.75866e-11
1.75866e-11
1.75866e-11
1.75866e-11
1.75866e-11
1.75866e-11
1.75866e-11
1.75866e-11
1.75866e-11
1.75866e-11
1.75866e-11
1.75866e-11
1.75866e-11
1.75866e-11
1.75866e-11
1.75866e-11
1.75866e-11
1.75866e-11
1.75866e-11
1.75866e-11
1.75866e-11
1.75866e-11
1.75866e-11
1.75866e-11
1.75866e-11
1.75866e-11
1.75866e-11
1.75866e-11
1.75866e-11
1.75866e-11
1.75866e-11
1.75866e-11
1.75866e-11
1.75866e-11
1.75866e-11
1.75866e-11
1.75866e-11
1.75866e-11
1.75866e-11
1.75866e-11
1.75866e-11
1.75866e-11
1.75866e-11
1.75866e-11
1.75866e-11
1.75866e-11
1.75866e-11
1.75866e-11
1.75866e-11
1.75866e-11
1.75866e-11
1.75866e-11
1.75866e-11
1.75866e-11
1.75866e-11
1.75866e-11
1.75866e-11
1.75866e-11
1.75866e-11
1.75866e-11
1.75866e-11
1.75866e-11
1.75866e-11
1.75866e-11
1.75866e-11
1.75866e-11
1.75866e-11
1.75866e-11
1.75866e-11
1.75866e-11
1.75866e-11
1.75866e-11
1.75866e-11
1.75866e-11
1.75866e-11
1.75866e-11
1.75866e-11
1.75866e-11
1.75866e-11
1.75866e-11
1.75866e-11
1.75866e-11
1.75866e-11
1.75866e-11
1.75866e-11
1.75866e-11
1.75866e-11
1.75866e-11
1.75866e-11
1.75866e-11
1.75866e-11
1.75866e-11
1.75866e-11
1.75866e-11
1.75866e-11
1.75866e-11
1.75866e-11
1.75866e-11
1.75866e-11
1.75866e-11
1.75866e-11
1.75866e-11
1.75866e-11
1.75866e-11
1.75866e-11
1.75866e-11
1.75866e-11
1.75866e-11
1.75866e-11
1.75866e-11
1.75866e-11
1.75866e-11
1.75866e-11
1.75866e-11
1.75866e-11
1.75866e-11
1.75866e-11
1.75866e-11
1.75866e-11
1.75866e-11
1.75866e-11
1.75866e-11
1.75866e-11
1.75866e-11
1.75866e-11
1.75866e-11
1.75866e-11
1.75866e-11
1.75866e-11
1.75866e-11
1.75866e-11
1.75866e-11
1.75866e-11
1.75866e-11
1.75866e-11
1.75866e-11
1.75866e-11
1.75866e-11
1.75866e-11
1.75866e-11
1.75866e-11
1.75866e-11
1.75866e-11
1.75866e-11
1.75866e-11
1.75866e-11
1.75866e-11
1.75866e-11
1.75866e-11
1.75866e-11
1.75866e-11
1.75866e-11
1.75866e-11
1.75866e-11
1.75866e-11
1.75866e-11
1.75866e-11
1.75866e-11
1.75866e-11
1.75866e-11
1.75866e-11
1.75866e-11
1.75866e-11
1.75866e-11
1.75866e-11
1.75866e-11
1.75866e-11
1.75866e-11
1.75866e-11
1.75866e-11
1.75866e-11
1.75866e-11
1.75866e-11
1.75866e-11
1.75866e-11
1.75866e-11
1.75866e-11
1.75866e-11
1.75866e-11
1.75866e-11
1.75866e-11
1.75866e-11
1.75866e-11
1.75866e-11
1.75866e-11
1.75866e-11
1.75866e-11
1.75866e-11
1.75866e-11
1.75866e-11
1.75866e-11
1.75866e-11
1.75866e-11
1.75866e-11
1.75866e-11
1.75866e-11
1.75866e-11
1.75866e-11
1.75866e-11
1.75866e-11
1.75866e-11
1.75866e-11
1.75866e-11
1.75866e-11
1.75866e-11
1.75866e-11
1.75866e-11
1.75866e-11
1.75866e-11
1.75866e-11
1.75866e-11
1.75866e-11
1.75866e-11
1.75866e-11
1.75866e-11
1.75866e-11
1.75866e-11
1.75866e-11
1.75866e-11
1.75866e-11
1.75866e-11
1.75866e-11
1.75866e-11
1.75866e-11
1.75866e-11
1.75866e-11
1.75866e-11
1.75866e-11
1.75866e-11
1.75866e-11
1.75866e-11
1.75866e-11
1.75866e-11
1.75866e-11
1.75866e-11
1.75866e-11
1.75866e-11
1.75866e-11
1.75866e-11
1.75866e-11
1.75866e-11
1.75866e-11
1.75866e-11
1.75866e-11
1.75866e-11
1.75866e-11
1.75866e-11
1.75866e-11
1.75866e-11
1.75866e-11
1.75866e-11
1.75866e-11
1.75866e-11
1.75866e-11
1.75866e-11
1.75866e-11
1.75866e-11
1.75866e-11
1.75866e-11
1.75866e-11
1.75866e-11
1.75866e-11
1.75866e-11
1.75866e-11
1.75866e-11
1.75866e-11
1.75866e-11
1.75866e-11
1.75866e-11
1.75866e-11
1.75866e-11
1.75866e-11
1.75866e-11
1.75866e-11
1.75866e-11
1.75866e-11
1.75866e-11
1.75866e-11
1.75866e-11
1.75866e-11
1.75866e-11
1.75866e-11
1.75866e-11
1.75866e-11
1.75866e-11
1.75866e-11
1.75866e-11
1.75866e-11
1.75866e-11
1.75866e-11
1.75866e-11
1.75866e-11
1.75866e-11
1.75866e-11
1.75866e-11
1.75866e-11
1.75866e-11
1.75866e-11
1.75866e-11
1.75866e-11
1.75866e-11
1.75866e-11
1.75866e-11
1.75866e-11
1.75866e-11
1.75866e-11
1.75866e-11
1.75866e-11
1.75866e-11
1.75866e-11
1.75866e-11
1.75866e-11
1.75866e-11
1.75866e-11
1.75866e-11
1.75866e-11
1.75866e-11
1.75866e-11
1.75866e-11
1.75866e-11
1.75866e-11
1.75866e-11
1.75866e-11
1.75866e-11
1.75866e-11
1.75866e-11
1.75866e-11
1.75866e-11
1.75866e-11
1.75866e-11
1.75866e-11
1.75866e-11
1.75866e-11
1.75866e-11
1.75866e-11
1.75866e-11
1.75866e-11
1.75866e-11
1.75866e-11
1.75866e-11
1.75866e-11
1.75866e-11
1.75866e-11
1.75866e-11
1.75866e-11
1.75866e-11
1.75866e-11
1.75866e-11
1.75866e-11
1.75866e-11
1.75866e-11
1.75866e-11
1.75866e-11
1.75866e-11
1.75866e-11
1.75866e-11
1.75866e-11
1.75866e-11
1.75866e-11
1.75866e-11
1.75866e-11
1.75866e-11
1.75866e-11
1.75866e-11
1.75866e-11
1.75866e-11
1.75866e-11
1.75866e-11
1.75866e-11
1.75866e-11
1.75866e-11
1.75866e-11
1.75866e-11
1.75866e-11
1.75866e-11
1.75866e-11
1.75866e-11
1.75866e-11
1.75866e-11
1.75866e-11
1.75866e-11
1.75866e-11
1.75866e-11
1.75866e-11
1.75866e-11
1.75866e-11
1.75866e-11
1.75866e-11
1.75866e-11
1.75866e-11
1.75866e-11
1.75866e-11
1.75866e-11
1.75866e-11
1.75866e-11
1.75866e-11
1.75866e-11
1.75866e-11
1.75866e-11
1.75866e-11
1.75866e-11
1.75866e-11
1.75866e-11
1.75866e-11
1.75866e-11
1.75866e-11
1.75866e-11
1.75866e-11
1.75866e-11
1.75866e-11
1.75866e-11
1.75866e-11
1.75866e-11
1.75866e-11
1.75866e-11
1.75866e-11
1.75866e-11
1.75866e-11
1.75866e-11
1.75866e-11
1.75866e-11
1.75866e-11
1.75866e-11
1.75866e-11
1.75866e-11
1.75866e-11
1.75866e-11
1.75866e-11
1.75866e-11
1.75866e-11
1.75866e-11
1.75866e-11
1.75866e-11
1.75866e-11
1.75866e-11
1.75866e-11
1.75866e-11
1.75866e-11
1.75866e-11
1.75866e-11
1.75866e-11
1.75866e-11
1.75866e-11
1.75866e-11
1.75866e-11
1.75866e-11
1.75866e-11
1.75866e-11
1.75866e-11
1.75866e-11
1.75866e-11
1.75866e-11
1.75866e-11
1.75866e-11
1.75866e-11
1.75866e-11
1.75866e-11
1.75866e-11
1.75866e-11
1.75866e-11
1.75866e-11
1.75866e-11
1.75866e-11
1.75866e-11
1.75866e-11
1.75866e-11
1.75866e-11
1.75866e-11
1.75866e-11
1.75866e-11
1.75866e-11
1.75866e-11
1.75866e-11
1.75866e-11
1.75866e-11
1.75866e-11
1.75866e-11
1.75866e-11
1.75866e-11
1.75866e-11
1.75866e-11
1.75866e-11
1.75866e-11
1.75866e-11
1.75866e-11
1.75866e-11
1.75866e-11
1.75866e-11
1.75866e-11
1.75866e-11
1.75866e-11
1.75866e-11
1.75866e-11
1.75866e-11
1.75866e-11
1.75866e-11
1.75866e-11
1.75866e-11
1.75866e-11
1.75866e-11
1.75866e-11
1.75866e-11
1.75866e-11
1.75866e-11
1.75866e-11
1.75866e-11
1.75866e-11
1.75866e-11
1.75866e-11
1.75866e-11
1.75866e-11
1.75866e-11
1.75866e-11
1.75866e-11
1.75866e-11
1.75866e-11
1.75866e-11
1.75866e-11
1.75866e-11
1.75866e-11
1.75866e-11
1.75866e-11
1.75866e-11
1.75866e-11
1.75866e-11
1.75866e-11
1.75866e-11
1.75866e-11
1.75866e-11
1.75866e-11
1.75866e-11
1.75866e-11
1.75866e-11
1.75866e-11
1.75866e-11
1.75866e-11
1.75866e-11
1.75866e-11
1.75866e-11
1.75866e-11
1.75866e-11
1.75866e-11
1.75866e-11
1.75866e-11
1.75866e-11
1.75866e-11
1.75866e-11
1.75866e-11
1.75866e-11
1.75866e-11
1.75866e-11
1.75866e-11
1.75866e-11
1.75866e-11
1.75866e-11
1.75866e-11
1.75866e-11
1.75866e-11
1.75866e-11
1.75866e-11
1.75866e-11
1.75866e-11
1.75866e-11
1.75866e-11
1.75866e-11
1.75866e-11
1.75866e-11
1.75866e-11
1.75866e-11
1.75866e-11
1.75866e-11
1.75866e-11
1.75866e-11
1.75866e-11
1.75866e-11
1.75866e-11
1.75866e-11
1.75866e-11
1.75866e-11
1.75866e-11
1.75866e-11
1.75866e-11
1.75866e-11
1.75866e-11
1.75866e-11
1.75866e-11
1.75866e-11
1.75866e-11
1.75866e-11
1.75866e-11
1.75866e-11
1.75866e-11
1.75866e-11
1.75866e-11
1.75866e-11
1.75866e-11
1.75866e-11
1.75866e-11
1.75866e-11
1.75866e-11
1.75866e-11
1.75866e-11
1.75866e-11
1.75866e-11
1.75866e-11
1.75866e-11
1.75866e-11
1.75866e-11
1.75866e-11
1.75866e-11
1.75866e-11
1.75866e-11
1.75866e-11
1.75866e-11
1.75866e-11
1.75866e-11
1.75866e-11
1.75866e-11
1.75866e-11
1.75866e-11
1.75866e-11
1.75866e-11
1.75866e-11
1.75866e-11
1.75866e-11
1.75866e-11
1.75866e-11
1.75866e-11
1.75866e-11
1.75866e-11
1.75866e-11
1.75866e-11
1.75866e-11
1.75866e-11
1.75866e-11
1.75866e-11
1.75866e-11
1.75866e-11
1.75866e-11
1.75866e-11
1.75866e-11
1.75866e-11
1.75866e-11
1.75866e-11
1.75866e-11
1.75866e-11
1.75866e-11
1.75866e-11
1.75866e-11
1.75866e-11
1.75866e-11
1.75866e-11
1.75866e-11
1.75866e-11
1.75866e-11
1.75866e-11
1.75866e-11
1.75866e-11
1.75866e-11
1.75866e-11
1.75866e-11
1.75866e-11
1.75866e-11
1.75866e-11
1.75866e-11
1.75866e-11
1.75866e-11
1.75866e-11
1.75866e-11
1.75866e-11
1.75866e-11
1.75866e-11
1.75866e-11
1.75866e-11
1.75866e-11
1.75866e-11
1.75866e-11
1.75866e-11
1.75866e-11
1.75866e-11
1.75866e-11
1.75866e-11
1.75866e-11
1.75866e-11
1.75866e-11
1.75866e-11
1.75866e-11
1.75866e-11
1.75866e-11
1.75866e-11
1.75866e-11
1.75866e-11
1.75866e-11
1.75866e-11
1.75866e-11
1.75866e-11
1.75866e-11
1.75866e-11
1.75866e-11
1.75866e-11
1.75866e-11
1.75866e-11
1.75866e-11
1.75866e-11
1.75866e-11
1.75866e-11
1.75866e-11
1.75866e-11
1.75866e-11
1.75866e-11
1.75866e-11
1.75866e-11
1.75866e-11
1.75866e-11
1.75866e-11
1.75866e-11
1.75866e-11
1.75866e-11
1.75866e-11
1.75866e-11
1.75866e-11
1.75866e-11
1.75866e-11
1.75866e-11
1.75866e-11
1.75866e-11
1.75866e-11
1.75866e-11
1.75866e-11
1.75866e-11
1.75866e-11
1.75866e-11
1.75866e-11
1.75866e-11
1.75866e-11
1.75866e-11
1.75866e-11
1.75866e-11
1.75866e-11
1.75866e-11
1.75866e-11
1.75866e-11
1.75866e-11
1.75866e-11
1.75866e-11
1.75866e-11
1.75866e-11
1.75866e-11
1.75866e-11
1.75866e-11
1.75866e-11
1.75866e-11
1.75866e-11
1.75866e-11
1.75866e-11
1.75866e-11
1.75866e-11
1.75866e-11
1.75866e-11
1.75866e-11
1.75866e-11
1.75866e-11
1.75866e-11
1.75866e-11
1.75866e-11
1.75866e-11
1.75866e-11
1.75866e-11
1.75866e-11
1.75866e-11
1.75866e-11
1.75866e-11
1.75866e-11
1.75866e-11
1.75866e-11
1.75866e-11
1.75866e-11
1.75866e-11
1.75866e-11
1.75866e-11
1.75866e-11
1.75866e-11
1.75866e-11
1.75866e-11
1.75866e-11
1.75866e-11
1.75866e-11
1.75866e-11
1.75866e-11
1.75866e-11
1.75866e-11
1.75866e-11
1.75866e-11
1.75866e-11
1.75866e-11
1.75866e-11
1.75866e-11
1.75866e-11
1.75866e-11
1.75866e-11
1.75866e-11
1.75866e-11
1.75866e-11
1.75866e-11
1.75866e-11
1.75866e-11
1.75866e-11
1.75866e-11
1.75866e-11
1.75866e-11
1.75866e-11
1.75866e-11
1.75866e-11
1.75866e-11
1.75866e-11
1.75866e-11
1.75866e-11
1.75866e-11
1.75866e-11
1.75866e-11
1.75866e-11
1.75866e-11
1.75866e-11
1.75866e-11
1.75866e-11
1.75866e-11
1.75866e-11
1.75866e-11
1.75866e-11
1.75866e-11
1.75866e-11
1.75866e-11
1.75866e-11
1.75866e-11
1.75866e-11
1.75866e-11
1.75866e-11
1.75866e-11
1.75866e-11
1.75866e-11
1.75866e-11
1.75866e-11
1.75866e-11
1.75866e-11
1.75866e-11
1.75866e-11
1.75866e-11
1.75866e-11
1.75866e-11
1.75866e-11
1.75866e-11
1.75866e-11
1.75866e-11
1.75866e-11
1.75866e-11
1.75866e-11
1.75866e-11
1.75866e-11
1.75866e-11
1.75866e-11
1.75866e-11
1.75866e-11
1.75866e-11
1.75866e-11
1.75866e-11
1.75866e-11
1.75866e-11
1.75866e-11
1.75866e-11
1.75866e-11
1.75866e-11
1.75866e-11
1.75866e-11
1.75866e-11
1.75866e-11
1.75866e-11
1.75866e-11
1.75866e-11
1.75866e-11
1.75866e-11
1.75866e-11
1.75866e-11
1.75866e-11
1.75866e-11
1.75866e-11
1.75866e-11
1.75866e-11
1.75866e-11
1.75866e-11
1.75866e-11
1.75866e-11
1.75866e-11
1.75866e-11
1.75866e-11
1.75866e-11
1.75866e-11
1.75866e-11
1.75866e-11
1.75866e-11
1.75866e-11
1.75866e-11
1.75866e-11
1.75866e-11
1.75866e-11
1.75866e-11
1.75866e-11
1.75866e-11
1.75866e-11
1.75866e-11
1.75866e-11
1.75866e-11
1.75866e-11
1.75866e-11
1.75866e-11
1.75866e-11
1.75866e-11
1.75866e-11
1.75866e-11
1.75866e-11
1.75866e-11
1.75866e-11
1.75866e-11
1.75866e-11
1.75866e-11
1.75866e-11
1.75866e-11
1.75866e-11
1.75866e-11
1.75866e-11
1.75866e-11
1.75866e-11
1.75866e-11
1.75866e-11
1.75866e-11
1.75866e-11
1.75866e-11
1.75866e-11
1.75866e-11
1.75866e-11
1.75866e-11
1.75866e-11
1.75866e-11
1.75866e-11
1.75866e-11
1.75866e-11
1.75866e-11
1.75866e-11
1.75866e-11
1.75866e-11
1.75866e-11
1.75866e-11
1.75866e-11
1.75866e-11
1.75866e-11
1.75866e-11
1.75866e-11
1.75866e-11
1.75866e-11
1.75866e-11
1.75866e-11
1.75866e-11
1.75866e-11
1.75866e-11
1.75866e-11
1.75866e-11
1.75866e-11
1.75866e-11
1.75866e-11
1.75866e-11
1.75866e-11
1.75866e-11
1.75866e-11
1.75866e-11
1.75866e-11
1.75866e-11
1.75866e-11
1.75866e-11
1.75866e-11
1.75866e-11
1.75866e-11
1.75866e-11
1.75866e-11
1.75866e-11
1.75866e-11
1.75866e-11
1.75866e-11
1.75866e-11
1.75866e-11
1.75866e-11
1.75866e-11
1.75866e-11
1.75866e-11
1.75866e-11
1.75866e-11
1.75866e-11
1.75866e-11
1.75866e-11
1.75866e-11
1.75866e-11
1.75866e-11
1.75866e-11
1.75866e-11
1.75866e-11
1.75866e-11
1.75866e-11
1.75866e-11
1.75866e-11
1.75866e-11
1.75866e-11
1.75866e-11
1.75866e-11
1.75866e-11
1.75866e-11
1.75866e-11
1.75866e-11
1.75866e-11
1.75866e-11
1.75866e-11
1.75866e-11
1.75866e-11
1.75866e-11
1.75866e-11
1.75866e-11
1.75866e-11
1.75866e-11
1.75866e-11
1.75866e-11
1.75866e-11
1.75866e-11
1.75866e-11
1.75866e-11
1.75866e-11
1.75866e-11
1.75866e-11
1.75866e-11
1.75866e-11
1.75866e-11
1.75866e-11
1.75866e-11
1.75866e-11
1.75866e-11
1.75866e-11
1.75866e-11
1.75866e-11
1.75866e-11
1.75866e-11
1.75866e-11
1.75866e-11
1.75866e-11
1.75866e-11
1.75866e-11
1.75866e-11
1.75866e-11
1.75866e-11
1.75866e-11
1.75866e-11
1.75866e-11
1.75866e-11
1.75866e-11
1.75866e-11
1.75866e-11
1.75866e-11
1.75866e-11
1.75866e-11
1.75866e-11
1.75866e-11
1.75866e-11
1.75866e-11
1.75866e-11
1.75866e-11
1.75866e-11
1.75866e-11
1.75866e-11
1.75866e-11
1.75866e-11
1.75866e-11
1.75866e-11
1.75866e-11
1.75866e-11
1.75866e-11
1.75866e-11
1.75866e-11
1.75866e-11
1.75866e-11
1.75866e-11
1.75866e-11
1.75866e-11
1.75866e-11
1.75866e-11
1.75866e-11
1.75866e-11
1.75866e-11
1.75866e-11
1.75866e-11
1.75866e-11
1.75866e-11
1.75866e-11
1.75866e-11
1.75866e-11
1.75866e-11
1.75866e-11
1.75866e-11
1.75866e-11
1.75866e-11
1.75866e-11
1.75866e-11
1.75866e-11
1.75866e-11
1.75866e-11
1.75866e-11
1.75866e-11
1.75866e-11
1.75866e-11
1.75866e-11
1.75866e-11
1.75866e-11
1.75866e-11
1.75866e-11
1.75866e-11
1.75866e-11
1.75866e-11
1.75866e-11
1.75866e-11
1.75866e-11
1.75866e-11
1.75866e-11
1.75866e-11
1.75866e-11
1.75866e-11
1.75866e-11
1.75866e-11
1.75866e-11
1.75866e-11
1.75866e-11
1.75866e-11
1.75866e-11
1.75866e-11
1.75866e-11
1.75866e-11
1.75866e-11
