101419
101419
43508.7
22198
8644.28
1520.45
927.746
927.746
927.746
911.797
100.637
100.637
27.0942
20.4172
20.4172
20.4172
20.4172
20.4172
20.4172
20.4172
20.4172
20.4172
20.4172
20.4172
20.4172
20.4172
20.4172
20.4172
16.2256
16.2256
16.2256
16.2256
16.2256
16.2256
16.2256
16.2256
16.2256
16.2256
16.2256
16.2256
16.2256
16.2256
16.2256
16.2256
16.2256
16.2256
13.388
13.388
13.388
13.388
13.388
13.388
13.388
13.388
13.388
13.388
13.388
13.388
13.388
13.388
13.388
13.388
13.388
13.388
13.388
13.388
13.388
13.388
13.388
13.388
13.388
13.388
13.388
13.388
13.388
13.388
13.388
13.388
13.297
13.297
13.297
13.297
13.297
13.297
13.297
13.297
13.297
13.297
13.297
13.297
13.297
13.297
13.297
13.297
9.18503
9.18503
9.18503
9.18503
9.18503
9.18503
9.18503
9.18503
9.18503
9.18503
6.38019
6.38019
6.38019
6.38019
6.38019
6.38019
6.38019
6.38019
6.38019
6.38019
6.38019
6.38019
6.38019
6.38019
6.38019
6.38019
6.38019
6.38019
6.38019
6.38019
6.38019
6.38019
6.38019
6.38019
6.38019
6.38019
6.38019
6.38019
6.38019
6.38019
6.38019
6.38019
6.38019
6.38019
6.38019
6.38019
6.38019
6.38019
6.38019
6.38019
6.38019
5.86249
5.86249
5.86249
5.86249
5.86249
5.86249
5.86249
5.86249
5.86249
5.86249
5.86249
5.86249
5.86249
5.86249
5.86249
5.86249
5.86249
5.86249
5.86249
5.86249
5.86249
5.86249
5.86249
5.86249
5.86249
5.86249
5.86249
5.86249
5.86249
5.86249
5.86249
5.86249
5.86249
5.86249
5.86249
5.86249
5.86249
5.86249
5.86249
5.86249
4.92141
4.92141
4.92141
4.92141
4.92141
4.92141
4.92141
4.92141
4.92141
4.92141
4.92141
4.92141
4.92141
4.92141
4.92141
4.92141
4.92141
4.92141
4.74387
4.3504
4.3504
4.15918
4.15918
4.15918
4.15918
4.15918
4.15918
4.15918
4.15918
3.95443
3.95443
3.95443
3.95443
3.95443
3.95443
3.95443
3.95443
3.95443
3.9189
3.90631
3.86316
3.83031
3.7491
3.7491
3.7491
3.69491
3.69491
3.65813
3.65813
3.65813
3.6469
3.6431
3.6431
3.6431
3.5951
3.5951
3.5951
3.5951
3.5951
3.5951
3.5951
3.5951
3.58779
3.58779
3.58779
3.58779
3.58349
3.58349
3.58349
3.58349
3.58331
3.58331
3.58309
3.58285
3.58216
3.58216
3.58216
3.58216
3.5813
3.58126
3.58058
3.57997
3.57961
3.57898
3.57877
3.57877
3.57877
3.57877
3.57877
3.57877
3.57877
3.57877
3.57877
3.57877
3.57877
3.57877
3.57877
3.57877
3.57877
3.57877
3.57877
3.57877
3.57877
3.57877
3.57877
3.57877
3.57877
3.57877
3.57877
3.57877
3.57877
3.57877
3.57877
3.57877
3.57877
3.57877
3.57877
3.57877
3.57877
3.57877
3.57877
3.57877
3.57877
3.57877
3.57877
3.57877
3.57877
3.57877
3.57877
3.57877
3.57877
3.57877
3.57877
3.57877
3.57877
3.57877
3.57877
3.57877
3.57877
3.57877
3.57877
3.57877
3.57877
3.57877
3.57877
3.57877
3.57877
3.57877
3.57877
3.57877
3.57877
3.57877
3.57877
3.57877
3.57877
3.57877
3.57877
3.57877
3.57877
3.57877
3.57877
3.57877
3.57877
3.57877
3.57877
3.57877
3.57877
3.57877
3.57877
3.57877
3.57877
3.57877
3.57877
3.57877
3.57877
3.57877
3.57877
3.57877
3.57877
3.57877
3.57877
3.57877
3.57877
3.57877
3.57877
3.57877
3.57877
3.57877
3.57877
3.57877
3.57877
3.57877
3.57877
3.57877
3.57877
3.57877
3.57877
3.57877
3.57877
3.57877
3.57877
3.57877
3.57877
3.57877
3.57877
3.57877
3.57877
3.57877
3.57877
3.57877
3.57877
3.57877
3.57877
3.57877
3.57877
3.57877
3.57877
3.57877
3.57877
3.57877
3.57877
3.57877
3.57877
3.57877
3.57877
3.57877
3.57877
3.57877
3.57877
3.57877
3.57877
3.57877
3.57877
3.57877
3.57877
3.57877
3.57877
3.57877
3.57877
3.57877
3.57877
3.57877
3.57877
3.57877
3.57877
3.57877
3.57877
3.57877
3.57877
3.57877
3.57877
3.57877
3.57877
3.57877
3.57877
3.57877
3.57877
3.57877
3.57877
3.57877
3.57877
3.57877
3.57877
3.57877
3.57877
3.57877
3.57877
3.57877
3.57877
3.57877
3.57877
3.57877
3.57877
3.57877
3.57877
3.57877
3.57877
3.57877
3.57877
3.57877
3.57877
3.57877
3.57877
3.57877
3.57877
3.57877
3.57877
3.57877
3.57877
3.57877
3.57877
3.57877
3.57877
3.57877
3.57877
3.57877
3.57877
3.57877
3.57877
3.57877
3.57877
3.57877
3.57877
3.57877
3.57877
3.57877
3.57877
3.57877
3.57877
3.57877
3.57877
3.57877
3.57877
3.57877
3.57877
3.57877
3.57877
3.57877
3.57877
3.57877
3.57877
3.57877
3.57877
3.57877
3.57877
3.57877
3.57877
3.57877
3.57877
3.57877
3.57877
3.57877
3.57877
3.57877
3.57877
3.57877
3.57877
3.57877
3.57877
3.57877
3.57877
3.57877
3.57877
3.57877
3.57877
3.57877
3.57877
3.57877
3.57877
3.57877
3.57877
3.57877
3.57877
3.57877
3.57877
3.57877
3.57877
3.57877
3.57877
3.57877
3.57877
3.57877
3.57877
3.57877
2.8948
0.878258
0.191815
0.191815
0.191815
0.191815
0.191815
0.0154983
0.0154983
0.0154983
0.0154983
0.0154983
0.0154983
0.0134138
0.00341992
0.00341992
0.00341992
0.00194772
0.00194772
0.00194772
0.00123515
0.000157272
0.000157272
0.000157272
0.000157272
5.17694e-05
5.17694e-05
5.17694e-05
5.04187e-07
5.04187e-07
5.04187e-07
5.04187e-07
5.04187e-07
5.04187e-07
5.04187e-07
5.04187e-07
5.04187e-07
5.04187e-07
5.04187e-07
5.04187e-07
5.04187e-07
5.04187e-07
5.04187e-07
5.04187e-07
3.82941e-07
3.82941e-07
3.82941e-07
3.82941e-07
3.82941e-07
3.82941e-07
3.82941e-07
3.82941e-07
1.91191e-07
7.08246e-08
3.20103e-08
8.65982e-09
3.21977e-09
1.09443e-09
1.84511e-10
8.64729e-11
8.64729e-11
8.64729e-11
8.64729e-11
8.64729e-11
8.64729e-11
8.64729e-11
8.64729e-11
8.64729e-11
8.64729e-11
4.6908e-12
4.6908e-12
4.6908e-12
4.6908e-12
4.6908e-12
4.6908e-12
4.6908e-12
4.6908e-12
4.6908e-12
4.6908e-12
4.6908e-12
4.6908e-12
4.6908e-12
4.6908e-12
4.6908e-12
4.6908e-12
4.6908e-12
4.6908e-12
4.6908e-12
4.6908e-12
4.6908e-12
4.6908e-12
4.6908e-12
4.6908e-12
4.6908e-12
4.6908e-12
4.6908e-12
4.6908e-12
4.6908e-12
4.6908e-12
4.6908e-12
4.6908e-12
4.6908e-12
4.6908e-12
4.6908e-12
4.6908e-12
4.6908e-12
4.6908e-12
4.6908e-12
4.6908e-12
4.6908e-12
4.6908e-12
4.6908e-12
4.6908e-12
4.6908e-12
4.6908e-12
4.6908e-12
4.6908e-12
4.6908e-12
4.6908e-12
4.6908e-12
4.6908e-12
4.6908e-12
4.6908e-12
4.6908e-12
4.6908e-12
4.6908e-12
4.6908e-12
4.6908e-12
4.6908e-12
4.6908e-12
4.6908e-12
4.6908e-12
4.6908e-12
4.6908e-12
4.6908e-12
4.6908e-12
4.6908e-12
4.6908e-12
4.6908e-12
4.6908e-12
4.6908e-12
4.6908e-12
4.6908e-12
4.6908e-12
4.6908e-12
4.6908e-12
4.6908e-12
4.6908e-12
4.6908e-12
4.6908e-12
4.6908e-12
4.6908e-12
4.6908e-12
4.6908e-12
4.6908e-12
4.6908e-12
4.6908e-12
4.6908e-12
4.6908e-12
4.6908e-12
4.6908e-12
4.6908e-12
4.6908e-12
4.6908e-12
4.6908e-12
4.6908e-12
4.6908e-12
4.6908e-12
4.6908e-12
4.6908e-12
4.6908e-12
4.6908e-12
4.6908e-12
4.6908e-12
4.6908e-12
4.6908e-12
4.6908e-12
4.6908e-12
4.6908e-12
4.6908e-12
4.6908e-12
4.6908e-12
4.6908e-12
4.6908e-12
4.6908e-12
4.6908e-12
4.6908e-12
4.6908e-12
4.6908e-12
4.6908e-12
4.6908e-12
4.6908e-12
4.6908e-12
4.6908e-12
4.6908e-12
4.6908e-12
4.6908e-12
4.6908e-12
4.6908e-12
4.6908e-12
4.6908e-12
4.6908e-12
4.6908e-12
4.6908e-12
4.6908e-12
4.6908e-12
4.6908e-12
4.6908e-12
4.6908e-12
4.6908e-12
4.6908e-12
4.6908e-12
4.6908e-12
4.6908e-12
4.6908e-12
4.6908e-12
4.6908e-12
4.6908e-12
4.6908e-12
4.6908e-12
4.6908e-12
4.6908e-12
4.6908e-12
4.6908e-12
4.6908e-12
4.6908e-12
4.6908e-12
4.6908e-12
4.6908e-12
4.6908e-12
4.6908e-12
4.6908e-12
4.6908e-12
4.6908e-12
4.6908e-12
4.6908e-12
4.6908e-12
4.6908e-12
4.6908e-12
4.6908e-12
4.6908e-12
4.6908e-12
4.6908e-12
4.6908e-12
4.6908e-12
4.6908e-12
4.6908e-12
4.6908e-12
4.6908e-12
4.6908e-12
4.6908e-12
4.6908e-12
4.6908e-12
4.6908e-12
4.6908e-12
4.6908e-12
4.6908e-12
4.6908e-12
4.6908e-12
4.6908e-12
4.6908e-12
4.6908e-12
4.6908e-12
4.6908e-12
4.6908e-12
4.6908e-12
4.6908e-12
4.6908e-12
4.6908e-12
4.6908e-12
4.6908e-12
4.6908e-12
4.6908e-12
4.6908e-12
4.6908e-12
4.6908e-12
4.6908e-12
4.6908e-12
4.6908e-12
4.6908e-12
4.6908e-12
4.6908e-12
4.6908e-12
4.6908e-12
4.6908e-12
4.6908e-12
4.6908e-12
4.6908e-12
4.6908e-12
4.6908e-12
4.6908e-12
4.6908e-12
4.6908e-12
4.6908e-12
4.6908e-12
4.6908e-12
4.6908e-12
4.6908e-12
4.6908e-12
4.6908e-12
4.6908e-12
4.6908e-12
4.6908e-12
4.6908e-12
4.6908e-12
4.6908e-12
4.6908e-12
4.6908e-12
4.6908e-12
4.6908e-12
4.6908e-12
4.6908e-12
4.6908e-12
4.6908e-12
4.6908e-12
4.6908e-12
4.6908e-12
4.6908e-12
4.6908e-12
4.6908e-12
4.6908e-12
4.6908e-12
4.6908e-12
4.6908e-12
4.6908e-12
4.6908e-12
4.6908e-12
4.6908e-12
4.6908e-12
4.6908e-12
4.6908e-12
4.6908e-12
4.6908e-12
4.6908e-12
4.6908e-12
4.6908e-12
4.6908e-12
4.6908e-12
4.6908e-12
4.6908e-12
4.6908e-12
4.6908e-12
4.6908e-12
4.6908e-12
4.6908e-12
4.6908e-12
4.6908e-12
4.6908e-12
4.6908e-12
4.6908e-12
4.6908e-12
4.6908e-12
4.6908e-12
4.6908e-12
4.6908e-12
4.6908e-12
4.6908e-12
4.6908e-12
4.6908e-12
4.6908e-12
4.6908e-12
4.6908e-12
4.6908e-12
4.6908e-12
4.6908e-12
4.6908e-12
4.6908e-12
4.6908e-12
4.6908e-12
4.6908e-12
4.6908e-12
4.6908e-12
4.6908e-12
4.6908e-12
4.6908e-12
4.6908e-12
4.6908e-12
4.6908e-12
4.6908e-12
4.6908e-12
4.6908e-12
4.6908e-12
4.6908e-12
4.6908e-12
4.6908e-12
4.6908e-12
4.6908e-12
4.6908e-12
4.6908e-12
4.6908e-12
4.6908e-12
4.6908e-12
4.6908e-12
4.6908e-12
4.6908e-12
4.6908e-12
4.6908e-12
4.6908e-12
4.6908e-12
4.6908e-12
4.6908e-12
4.6908e-12
4.6908e-12
4.6908e-12
4.6908e-12
4.6908e-12
4.6908e-12
4.6908e-12
4.6908e-12
4.6908e-12
4.6908e-12
4.6908e-12
4.6908e-12
4.6908e-12
4.6908e-12
4.6908e-12
4.6908e-12
4.6908e-12
4.6908e-12
4.6908e-12
4.6908e-12
4.6908e-12
4.6908e-12
4.6908e-12
4.6908e-12
4.6908e-12
4.6908e-12
4.6908e-12
4.6908e-12
4.6908e-12
4.6908e-12
4.6908e-12
4.6908e-12
4.6908e-12
4.6908e-12
4.6908e-12
4.6908e-12
4.6908e-12
4.6908e-12
4.6908e-12
4.6908e-12
4.6908e-12
4.6908e-12
4.6908e-12
4.6908e-12
4.6908e-12
4.6908e-12
4.6908e-12
4.6908e-12
4.6908e-12
4.6908e-12
4.6908e-12
4.6908e-12
4.6908e-12
4.6908e-12
4.6908e-12
4.6908e-12
4.6908e-12
4.6908e-12
4.6908e-12
4.6908e-12
4.6908e-12
4.6908e-12
4.6908e-12
4.6908e-12
4.6908e-12
4.6908e-12
4.6908e-12
4.6908e-12
4.6908e-12
4.6908e-12
4.6908e-12
4.6908e-12
4.6908e-12
4.6908e-12
4.6908e-12
4.6908e-12
4.6908e-12
4.6908e-12
4.6908e-12
4.6908e-12
4.6908e-12
4.6908e-12
4.6908e-12
4.6908e-12
4.6908e-12
4.6908e-12
4.6908e-12
4.6908e-12
4.6908e-12
4.6908e-12
4.6908e-12
4.6908e-12
4.6908e-12
4.6908e-12
4.6908e-12
4.6908e-12
4.6908e-12
4.6908e-12
4.6908e-12
4.6908e-12
4.6908e-12
4.6908e-12
4.6908e-12
4.6908e-12
4.6908e-12
4.6908e-12
4.6908e-12
4.6908e-12
4.6908e-12
4.6908e-12
4.6908e-12
4.6908e-12
4.6908e-12
4.6908e-12
4.6908e-12
4.6908e-12
4.6908e-12
4.6908e-12
4.6908e-12
4.6908e-12
4.6908e-12
4.6908e-12
4.6908e-12
4.6908e-12
4.6908e-12
4.6908e-12
4.6908e-12
4.6908e-12
4.6908e-12
4.6908e-12
4.6908e-12
4.6908e-12
4.6908e-12
4.6908e-12
4.6908e-12
4.6908e-12
4.6908e-12
4.6908e-12
4.6908e-12
4.6908e-12
4.6908e-12
4.6908e-12
4.6908e-12
4.6908e-12
4.6908e-12
4.6908e-12
4.6908e-12
4.6908e-12
4.6908e-12
4.6908e-12
4.6908e-12
4.6908e-12
4.6908e-12
4.6908e-12
4.6908e-12
4.6908e-12
4.6908e-12
4.6908e-12
4.6908e-12
4.6908e-12
4.6908e-12
4.6908e-12
4.6908e-12
4.6908e-12
4.6908e-12
4.6908e-12
4.6908e-12
4.6908e-12
4.6908e-12
4.6908e-12
4.6908e-12
4.6908e-12
4.6908e-12
4.6908e-12
4.6908e-12
4.6908e-12
4.6908e-12
4.6908e-12
4.6908e-12
4.6908e-12
4.6908e-12
4.6908e-12
4.6908e-12
4.6908e-12
4.6908e-12
4.6908e-12
4.6908e-12
4.6908e-12
4.6908e-12
4.6908e-12
4.6908e-12
4.6908e-12
4.6908e-12
4.6908e-12
4.6908e-12
4.6908e-12
4.6908e-12
4.6908e-12
4.6908e-12
4.6908e-12
4.6908e-12
4.6908e-12
4.6908e-12
4.6908e-12
4.6908e-12
4.6908e-12
4.6908e-12
4.6908e-12
4.6908e-12
4.6908e-12
4.6908e-12
4.6908e-12
4.6908e-12
4.6908e-12
4.6908e-12
4.6908e-12
4.6908e-12
4.6908e-12
4.6908e-12
4.6908e-12
4.6908e-12
4.6908e-12
4.6908e-12
4.6908e-12
4.6908e-12
4.6908e-12
4.6908e-12
4.6908e-12
4.6908e-12
4.6908e-12
4.6908e-12
4.6908e-12
4.6908e-12
4.6908e-12
4.6908e-12
4.6908e-12
4.6908e-12
4.6908e-12
4.6908e-12
4.6908e-12
4.6908e-12
4.6908e-12
4.6908e-12
4.6908e-12
4.6908e-12
4.6908e-12
4.6908e-12
4.6908e-12
4.6908e-12
4.6908e-12
4.6908e-12
4.6908e-12
4.6908e-12
4.6908e-12
4.6908e-12
4.6908e-12
4.6908e-12
4.6908e-12
4.6908e-12
4.6908e-12
4.6908e-12
4.6908e-12
4.6908e-12
4.6908e-12
4.6908e-12
4.6908e-12
4.6908e-12
4.6908e-12
4.6908e-12
4.6908e-12
4.6908e-12
4.6908e-12
4.6908e-12
4.6908e-12
4.6908e-12
4.6908e-12
4.6908e-12
4.6908e-12
4.6908e-12
4.6908e-12
4.6908e-12
4.6908e-12
4.6908e-12
4.6908e-12
4.6908e-12
4.6908e-12
4.6908e-12
4.6908e-12
4.6908e-12
4.6908e-12
4.6908e-12
4.6908e-12
4.6908e-12
4.6908e-12
4.6908e-12
4.6908e-12
4.6908e-12
4.6908e-12
4.6908e-12
4.6908e-12
4.6908e-12
4.6908e-12
4.6908e-12
4.6908e-12
4.6908e-12
4.6908e-12
4.6908e-12
4.6908e-12
4.6908e-12
4.6908e-12
4.6908e-12
4.6908e-12
4.6908e-12
4.6908e-12
4.6908e-12
4.6908e-12
4.6908e-12
4.6908e-12
4.6908e-12
4.6908e-12
4.6908e-12
4.6908e-12
4.6908e-12
4.6908e-12
4.6908e-12
4.6908e-12
4.6908e-12
4.6908e-12
4.6908e-12
4.6908e-12
4.6908e-12
4.6908e-12
4.6908e-12
4.6908e-12
4.6908e-12
4.6908e-12
4.6908e-12
4.6908e-12
4.6908e-12
4.6908e-12
4.6908e-12
4.6908e-12
4.6908e-12
4.6908e-12
4.6908e-12
4.6908e-12
4.6908e-12
4.6908e-12
4.6908e-12
4.6908e-12
4.6908e-12
4.6908e-12
4.6908e-12
4.6908e-12
4.6908e-12
4.6908e-12
4.6908e-12
4.6908e-12
4.6908e-12
4.6908e-12
4.6908e-12
4.6908e-12
4.6908e-12
4.6908e-12
4.6908e-12
4.6908e-12
4.6908e-12
4.6908e-12
4.6908e-12
4.6908e-12
4.6908e-12
4.6908e-12
4.6908e-12
4.6908e-12
4.6908e-12
4.6908e-12
4.6908e-12
4.6908e-12
4.6908e-12
4.6908e-12
4.6908e-12
4.6908e-12
4.6908e-12
4.6908e-12
4.6908e-12
4.6908e-12
4.6908e-12
4.6908e-12
4.6908e-12
4.6908e-12
4.6908e-12
4.6908e-12
4.6908e-12
4.6908e-12
4.6908e-12
4.6908e-12
4.6908e-12
4.6908e-12
4.6908e-12
4.6908e-12
4.6908e-12
4.6908e-12
4.6908e-12
4.6908e-12
4.6908e-12
4.6908e-12
4.6908e-12
4.6908e-12
4.6908e-12
4.6908e-12
4.6908e-12
4.6908e-12
4.6908e-12
4.6908e-12
4.6908e-12
4.6908e-12
4.6908e-12
4.6908e-12
4.6908e-12
4.6908e-12
4.6908e-12
4.6908e-12
4.6908e-12
4.6908e-12
4.6908e-12
4.6908e-12
4.6908e-12
4.6908e-12
4.6908e-12
4.6908e-12
4.6908e-12
4.6908e-12
4.6908e-12
4.6908e-12
4.6908e-12
4.6908e-12
4.6908e-12
4.6908e-12
4.6908e-12
4.6908e-12
4.6908e-12
4.6908e-12
4.6908e-12
4.6908e-12
4.6908e-12
4.6908e-12
4.6908e-12
4.6908e-12
4.6908e-12
4.6908e-12
4.6908e-12
4.6908e-12
4.6908e-12
4.6908e-12
4.6908e-12
4.6908e-12
4.6908e-12
4.6908e-12
4.6908e-12
4.6908e-12
4.6908e-12
4.6908e-12
4.6908e-12
4.6908e-12
4.6908e-12
4.6908e-12
4.6908e-12
4.6908e-12
4.6908e-12
4.6908e-12
4.6908e-12
4.6908e-12
4.6908e-12
4.6908e-12
4.6908e-12
4.6908e-12
4.6908e-12
4.6908e-12
4.6908e-12
4.6908e-12
4.6908e-12
4.6908e-12
4.6908e-12
4.6908e-12
4.6908e-12
4.6908e-12
4.6908e-12
4.6908e-12
4.6908e-12
4.6908e-12
4.6908e-12
4.6908e-12
4.6908e-12
4.6908e-12
4.6908e-12
4.6908e-12
4.6908e-12
4.6908e-12
4.6908e-12
4.6908e-12
4.6908e-12
4.6908e-12
4.6908e-12
4.6908e-12
4.6908e-12
4.6908e-12
4.6908e-12
4.6908e-12
4.6908e-12
4.6908e-12
4.6908e-12
4.6908e-12
4.6908e-12
4.6908e-12
4.6908e-12
4.6908e-12
4.6908e-12
4.6908e-12
4.6908e-12
4.6908e-12
4.6908e-12
4.6908e-12
4.6908e-12
4.6908e-12
4.6908e-12
4.6908e-12
4.6908e-12
4.6908e-12
4.6908e-12
4.6908e-12
4.6908e-12
4.6908e-12
4.6908e-12
4.6908e-12
4.6908e-12
4.6908e-12
4.6908e-12
4.6908e-12
4.6908e-12
4.6908e-12
4.6908e-12
4.6908e-12
4.6908e-12
4.6908e-12
4.6908e-12
4.6908e-12
4.6908e-12
4.6908e-12
4.6908e-12
4.6908e-12
4.6908e-12
4.6908e-12
4.6908e-12
4.6908e-12
4.6908e-12
4.6908e-12
4.6908e-12
4.6908e-12
4.6908e-12
4.6908e-12
4.6908e-12
4.6908e-12
4.6908e-12
4.6908e-12
4.6908e-12
4.6908e-12
4.6908e-12
4.6908e-12
4.6908e-12
4.6908e-12
4.6908e-12
4.6908e-12
4.6908e-12
4.6908e-12
4.6908e-12
4.6908e-12
4.6908e-12
4.6908e-12
4.6908e-12
4.6908e-12
4.6908e-12
4.6908e-12
4.6908e-12
4.6908e-12
4.6908e-12
4.6908e-12
4.6908e-12
4.6908e-12
4.6908e-12
4.6908e-12
4.6908e-12
4.6908e-12
4.6908e-12
4.6908e-12
4.6908e-12
4.6908e-12
4.6908e-12
4.6908e-12
4.6908e-12
4.6908e-12
4.6908e-12
4.6908e-12
4.6908e-12
4.6908e-12
4.6908e-12
4.6908e-12
4.6908e-12
4.6908e-12
4.6908e-12
4.6908e-12
4.6908e-12
4.6908e-12
4.6908e-12
4.6908e-12
4.6908e-12
4.6908e-12
4.6908e-12
4.6908e-12
4.6908e-12
4.6908e-12
4.6908e-12
4.6908e-12
4.6908e-12
4.6908e-12
4.6908e-12
4.6908e-12
4.6908e-12
4.6908e-12
4.6908e-12
4.6908e-12
4.6908e-12
4.6908e-12
4.6908e-12
4.6908e-12
4.6908e-12
4.6908e-12
4.6908e-12
4.6908e-12
4.6908e-12
4.6908e-12
4.6908e-12
4.6908e-12
4.6908e-12
4.6908e-12
4.6908e-12
4.6908e-12
4.6908e-12
4.6908e-12
4.6908e-12
4.6908e-12
4.6908e-12
4.6908e-12
4.6908e-12
4.6908e-12
4.6908e-12
4.6908e-12
4.6908e-12
4.6908e-12
4.6908e-12
4.6908e-12
4.6908e-12
4.6908e-12
4.6908e-12
4.6908e-12
4.6908e-12
4.6908e-12
4.6908e-12
4.6908e-12
4.6908e-12
4.6908e-12
4.6908e-12
4.6908e-12
4.6908e-12
4.6908e-12
4.6908e-12
4.6908e-12
4.6908e-12
4.6908e-12
4.6908e-12
4.6908e-12
4.6908e-12
4.6908e-12
4.6908e-12
4.6908e-12
4.6908e-12
4.6908e-12
4.6908e-12
4.6908e-12
4.6908e-12
4.6908e-12
4.6908e-12
4.6908e-12
4.6908e-12
4.6908e-12
4.6908e-12
4.6908e-12
4.6908e-12
4.6908e-12
4.6908e-12
4.6908e-12
4.6908e-12
4.6908e-12
4.6908e-12
4.6908e-12
4.6908e-12
4.6908e-12
4.6908e-12
4.6908e-12
4.6908e-12
4.6908e-12
4.6908e-12
4.6908e-12
4.6908e-12
4.6908e-12
4.6908e-12
4.6908e-12
4.6908e-12
4.6908e-12
4.6908e-12
4.6908e-12
4.6908e-12
4.6908e-12
4.6908e-12
4.6908e-12
4.6908e-12
4.6908e-12
4.6908e-12
4.6908e-12
4.6908e-12
4.6908e-12
4.6908e-12
4.6908e-12
4.6908e-12
4.6908e-12
4.6908e-12
4.6908e-12
4.6908e-12
4.6908e-12
4.6908e-12
4.6908e-12
4.6908e-12
4.6908e-12
4.6908e-12
4.6908e-12
4.6908e-12
4.6908e-12
4.6908e-12
4.6908e-12
4.6908e-12
4.6908e-12
4.6908e-12
4.6908e-12
4.6908e-12
4.6908e-12
4.6908e-12
4.6908e-12
4.6908e-12
4.6908e-12
4.6908e-12
4.6908e-12
