2.90868e+11
5.1535e+10
1.13218e+10
1.79165e+08
1.3858e+08
405559
405559
405559
405559
239494
1651.12
1651.12
1651.12
1651.12
1651.12
1651.12
173.974
152.369
152.369
79.832
79.832
59.6656
33.0447
19.6858
19.6858
19.6858
19.6858
19.6858
19.6858
19.6858
18.3282
18.3282
17.2725
17.2725
17.2725
17.066
17.066
15.8825
15.8825
14.2944
14.2944
14.2944
14.2944
14.2944
13.83
13.83
13.83
13.83
13.83
13.83
13.83
7.38088
7.38088
7.38088
7.38088
7.38088
7.38088
7.38088
7.38088
7.38088
7.38088
7.38088
7.38088
7.38088
7.38088
7.38088
7.38088
7.38088
7.38088
7.38088
7.38088
7.38088
7.38088
7.38088
7.38088
7.38088
7.38088
7.38088
7.38088
7.38088
7.38088
7.38088
7.38088
7.38088
7.38088
7.38088
7.38088
7.38088
7.38088
7.38088
7.38088
7.38088
7.38088
7.38088
7.38088
7.38088
7.38088
7.38088
7.38088
7.38088
7.38088
7.38088
7.38088
7.38088
7.38088
7.38088
7.38088
7.38088
7.38088
7.38088
7.38088
7.38088
7.38088
7.38088
7.38088
7.38088
7.38088
7.38088
7.38088
7.38088
7.38088
7.38088
7.38088
7.38088
7.38088
7.38088
7.38088
7.38088
7.38088
7.38088
7.38088
7.38088
7.38088
7.38088
7.38088
7.38088
7.38088
7.38088
7.38088
7.38088
7.38088
7.38088
7.38088
7.38088
7.38088
7.38088
7.38088
7.38088
7.38088
7.38088
7.38088
7.38088
7.38088
7.38088
7.38088
7.38088
7.38088
7.38088
7.38088
7.38088
7.38088
7.38088
7.38088
7.38088
7.38088
7.38088
7.38088
7.38088
7.38088
7.38088
7.38088
7.38088
7.38088
7.38088
7.38088
7.38088
7.38088
7.38088
7.38088
7.38088
7.38088
7.38088
7.38088
7.38088
7.38088
7.38088
7.38088
7.38088
7.38088
7.38088
7.38088
7.38088
7.38088
7.38088
7.38088
7.38088
7.38088
7.38088
7.38088
7.38088
7.38088
7.38088
7.38088
7.38088
7.38088
7.38088
7.38088
7.38088
7.38088
7.38088
7.38088
7.38088
7.38088
7.38088
7.38088
7.38088
7.38088
7.38088
7.38088
7.38088
7.38088
7.38088
7.38088
7.38088
7.38088
7.38088
7.38088
7.38088
7.38088
7.38088
7.38088
7.38088
7.38088
7.38088
7.38088
7.38088
7.38088
7.38088
7.38088
7.38088
7.38088
7.38088
7.38088
7.38088
7.38088
7.38088
7.38088
7.38088
7.38088
7.38088
7.38088
7.38088
7.38088
7.38088
7.38088
7.38088
7.38088
7.38088
7.38088
7.38088
7.38088
7.38088
7.38088
7.38088
7.38088
7.38088
7.38088
7.38088
7.38088
7.38088
7.38088
7.38088
7.38088
7.38088
7.38088
7.38088
7.38088
7.38088
7.38088
7.38088
7.38088
7.38088
7.38088
7.38088
7.38088
7.38088
7.38088
7.38088
7.38088
7.38088
7.38088
7.38088
7.38088
7.38088
7.38088
7.38088
7.38088
7.38088
7.38088
7.38088
7.38088
7.38088
7.38088
7.38088
7.38088
7.38088
7.38088
7.38088
7.38088
7.38088
7.38088
7.38088
7.38088
7.38088
7.38088
7.38088
7.38088
7.38088
7.38088
7.38088
7.38088
7.38088
7.38088
7.38088
7.38088
7.38088
7.38088
7.38088
7.38088
7.38088
7.38088
7.38088
7.38088
7.38088
7.38088
7.38088
7.38088
7.38088
7.38088
7.38088
7.38088
7.38088
7.38088
7.38088
7.38088
7.38088
7.38088
7.38088
7.38088
7.38088
7.38088
7.38088
7.38088
7.38088
7.38088
7.38088
7.38088
7.38088
7.38088
7.38088
7.38088
7.38088
7.38088
7.38088
7.38088
7.38088
7.38088
7.38088
7.38088
7.38088
7.38088
7.38088
7.38088
7.38088
7.38088
7.38088
7.38088
7.38088
7.38088
7.38088
7.38088
7.38088
7.38088
7.38088
7.38088
7.38088
7.38088
7.38088
7.38088
7.38088
7.38088
7.38088
7.38088
7.38088
7.38088
7.38088
7.38088
7.38088
7.38088
7.38088
7.38088
7.38088
7.38088
7.38088
7.38088
7.38088
7.38088
7.38088
7.38088
7.38088
7.38088
7.38088
7.38088
7.38088
7.38088
7.38088
7.38088
7.38088
7.38088
7.38088
7.38088
7.38088
7.38088
7.38088
7.38088
7.38088
7.38088
7.38088
7.38088
7.38088
7.38088
7.38088
7.38088
7.38088
7.38088
7.22853
7.22853
7.22853
7.22853
7.22853
7.22853
7.22853
7.22853
7.22853
7.22853
7.22853
7.22853
7.22853
7.22853
7.22853
7.22853
7.22853
7.22853
7.22853
7.22853
7.22853
7.22853
7.22853
7.22853
7.22853
7.22853
7.22853
7.22853
7.22853
7.22853
7.22853
7.22853
7.22853
7.22853
7.22853
7.22853
7.22853
7.22853
7.22853
7.22853
7.22853
7.22853
7.22853
7.22853
7.22853
7.22853
7.22853
7.22853
7.22853
7.22853
7.22853
7.22853
7.22853
7.22853
7.22853
7.22853
7.22853
5.87212
5.87212
5.87212
5.87212
5.87212
5.87212
5.87212
5.87212
5.87212
5.87212
5.87212
5.87212
5.87212
5.87212
5.87212
5.87212
5.87212
5.87212
5.87212
5.87212
5.87212
5.87212
5.87212
5.87212
5.87212
5.87212
5.87212
5.87212
5.87212
5.87212
5.87212
5.87212
5.87212
5.87212
5.87212
5.87212
5.87212
5.87212
5.87212
5.87212
5.87212
5.87212
5.87212
5.87212
5.87212
5.87212
5.87212
5.87212
5.87212
5.87212
5.87212
5.87212
5.87212
5.87212
5.87212
5.87212
5.87212
5.87212
5.87212
5.87212
5.87212
5.87212
5.87212
5.87212
5.87212
5.87212
5.87212
5.87212
5.87212
5.87212
5.87212
5.87212
5.87212
5.87212
5.87212
5.87212
5.87212
5.87212
5.56479
5.56479
5.56479
5.56479
5.56479
5.56479
5.56479
5.56479
5.56479
5.56479
5.56479
5.56479
5.56479
5.56479
5.56479
5.56479
5.56479
5.56479
5.56479
5.56479
5.56479
5.56479
5.56479
5.56479
5.56479
5.56479
5.56479
5.56479
5.56479
5.56479
5.56479
5.56479
5.56479
5.56479
5.56479
5.56479
5.56479
5.56479
5.56479
5.56479
5.56479
5.56479
5.56479
5.56479
4.82888
4.82888
4.82888
4.82888
4.82888
4.82888
4.82888
4.82888
4.82888
4.82888
4.82888
4.82888
4.82888
4.82888
4.82888
4.82888
4.82888
4.82888
4.82888
4.82888
4.82888
4.82888
4.82888
4.82888
4.82888
4.82888
4.82888
4.82888
4.82888
4.82888
4.82888
4.82888
4.82888
4.82888
4.82888
4.82888
4.82888
4.82888
4.82888
4.82888
4.82888
4.82888
4.82888
4.82888
4.82888
4.82888
4.82888
4.82888
4.82888
4.82888
4.82888
4.82888
4.82888
4.82888
4.82888
4.82888
4.82888
4.82888
4.82888
4.82888
4.82888
4.82888
4.82888
4.82888
4.82888
4.82888
4.82888
4.82888
4.82888
4.82888
4.82888
4.82888
4.82888
4.82888
4.82888
4.82888
4.82888
4.82888
4.82888
4.82888
4.82888
4.82888
4.82888
4.82888
4.82888
4.82888
4.82888
4.82888
4.82888
4.82888
4.82888
4.82888
4.82888
4.82888
4.82888
4.82888
4.82888
4.82888
4.82888
4.82888
4.82888
4.82888
4.82888
4.82888
4.82888
4.82888
4.82888
4.82888
4.82888
4.82888
4.82888
4.82888
4.82888
4.82888
4.82888
4.82888
4.82888
4.82888
4.82888
4.82888
4.82888
4.82888
4.82888
4.82888
4.82888
4.82888
4.82888
4.82888
4.82888
4.82888
4.82888
4.82888
4.82888
4.82888
4.82888
4.82888
4.82888
4.82888
4.82888
4.82888
4.82888
4.82888
4.82888
4.82888
4.82888
4.82888
4.82888
4.82888
4.82888
4.82888
4.82888
4.82888
4.82888
4.82888
4.82888
4.82888
4.82888
4.82888
4.82888
4.82888
4.82888
4.82888
4.82888
4.82888
4.82888
4.82888
4.82888
4.82888
4.82888
4.82888
4.82888
4.82888
4.82888
4.82888
4.82888
4.82888
4.82888
4.82888
4.82888
4.82888
4.82888
4.82888
4.82888
4.82888
4.82888
4.82888
4.82888
4.82888
4.82888
4.82888
4.82888
4.82888
4.82888
4.82888
4.82888
4.82888
4.82888
4.82888
4.82888
4.82888
4.82888
4.82888
4.82888
4.82888
4.82888
4.82888
4.82888
4.82888
4.82888
4.82888
4.82888
4.82888
4.82888
4.82888
4.82888
4.82888
4.82888
4.82888
4.82888
4.82888
4.82888
4.82888
4.82888
4.82888
4.82888
4.82888
4.82888
4.82888
4.82888
4.82888
4.82888
4.82888
4.82888
4.82888
4.82888
4.82888
4.82888
4.82888
4.82888
4.82888
4.82888
4.82888
4.82888
4.82888
4.82888
4.82888
4.82888
4.82888
4.82888
4.82888
4.82888
4.82888
4.82888
4.82888
4.82888
4.82888
4.82888
4.82888
4.82888
4.82888
4.82888
4.82888
4.82888
4.82888
4.82888
4.82888
4.82888
4.82888
4.82888
4.82888
4.82888
4.82888
4.82888
4.82888
4.82888
4.82888
4.82888
4.82888
4.82888
4.82888
4.82888
4.82888
4.82888
4.82888
4.82888
4.82888
4.82888
4.82888
4.82888
4.82888
4.82888
4.82888
4.82888
4.82888
4.82888
4.82888
4.82888
4.82888
4.82888
4.82888
4.82888
4.82888
4.82888
4.82888
4.82888
4.82888
4.82888
4.82888
4.82888
4.82888
4.82888
4.82888
4.82888
4.82888
4.82888
4.82888
4.82888
4.82888
4.82888
4.82888
4.82888
4.82888
4.82888
4.82888
4.82888
4.82888
4.82888
4.82888
4.82888
4.82888
4.82888
4.82888
4.82888
4.82888
4.82888
4.82888
4.82888
4.82888
4.82888
4.82888
4.82888
4.82888
4.82888
4.82888
4.82888
4.82888
4.82888
4.82888
4.82888
4.82888
4.82888
4.82888
4.82888
4.82888
4.82888
4.82888
4.82888
4.82888
4.82888
4.82888
4.82888
4.82888
4.82888
4.82888
4.82888
4.82888
4.82888
4.82888
4.82888
4.82888
4.82888
4.82888
4.82888
4.82888
4.82888
4.82888
4.82888
4.82888
4.82888
4.82888
4.82888
4.82888
4.82888
4.82888
4.82888
4.82888
4.82888
4.82888
4.82888
4.82888
4.82888
4.82888
4.82888
4.82888
4.82888
4.82888
4.82888
4.82888
4.82888
4.82888
4.82888
4.82888
4.82888
4.82888
4.82888
4.82888
4.82888
4.82888
4.82888
4.82888
4.82888
4.82888
4.82888
4.82888
4.82888
4.82888
4.82888
4.82888
4.82888
4.82888
4.82888
4.82888
4.82888
4.82888
4.82888
4.82888
4.82888
4.82888
4.82888
4.82888
4.82888
4.82888
4.82888
4.82888
4.82888
4.82888
4.82888
4.82888
4.82888
4.82888
4.82888
4.82888
4.82888
4.82888
4.82888
4.82888
4.82888
4.82888
4.82888
4.82888
4.82888
4.82888
4.82888
4.82888
4.82888
4.82888
4.82888
4.82888
4.82888
4.82888
4.82888
4.82888
4.82888
4.82888
4.82888
4.82888
4.82888
4.82888
4.82888
4.82888
4.82888
4.82888
4.82888
4.82888
4.82888
4.82888
4.82888
4.82888
4.82888
4.82888
4.82888
4.82888
4.82888
4.82888
4.82888
4.82888
4.82888
4.82888
4.82888
4.82888
4.82888
4.82888
4.82888
4.82888
4.82888
4.82888
4.82888
4.82888
4.82888
4.82888
4.82888
4.82888
4.82888
4.82888
4.82888
4.82888
4.82888
4.82888
4.82888
4.82888
4.82888
4.82888
4.82888
4.82888
4.82888
4.82888
4.82888
4.82888
4.82888
4.82888
4.82888
4.82888
4.82888
4.82888
4.82888
4.82888
4.82888
4.82888
4.82888
4.82888
4.82888
4.82888
4.82888
4.82888
4.82888
4.82888
4.82888
4.82888
4.82888
4.82888
4.82888
4.82888
4.82888
4.82888
4.82888
4.82888
4.82888
4.82888
4.82888
4.82888
4.82888
4.82888
4.82888
4.82888
4.82888
4.82888
4.82888
4.82888
4.82888
4.82888
4.82888
4.82888
4.82888
4.82888
4.82888
4.82888
4.82888
4.82888
4.82888
4.82888
4.82888
4.82888
4.82888
4.82888
4.82888
4.82888
4.82888
4.82888
4.82888
4.82888
4.82888
4.82888
4.82888
4.82888
4.82888
4.82888
4.82888
4.82888
4.82888
4.82888
4.82888
4.82888
4.82888
4.82888
4.82888
4.82888
4.82888
4.82888
4.82888
4.82888
4.82888
4.82888
4.82888
4.82888
4.82888
4.82888
4.82888
4.82888
4.82888
4.82888
4.82888
4.82888
4.82888
4.82888
4.82888
4.82888
4.82888
4.82888
4.82888
4.82888
4.82888
4.82888
4.82888
4.82888
4.82888
4.82888
4.82888
4.82888
4.82888
4.82888
4.82888
4.82888
4.82888
4.82888
4.82888
4.82888
4.82888
4.82888
4.82888
4.82888
4.82888
4.82888
4.82888
4.82888
4.82888
4.82888
4.82888
4.82888
4.82888
4.82888
3.94612
3.94612
3.94612
3.94612
3.94612
3.94612
3.94612
3.94612
3.94612
3.94612
3.94612
3.94612
3.94612
3.94612
3.94612
3.94612
3.94612
3.94612
3.94612
3.94612
3.94612
3.94612
3.94612
3.94612
3.94612
3.94612
3.94612
3.94612
3.94612
3.94612
3.94612
3.94612
3.94612
3.94612
3.94612
3.94612
3.94612
3.94612
3.94612
3.94612
3.94612
3.94612
3.94612
3.94612
3.94612
3.94612
3.94612
3.94612
3.94612
3.94612
3.94612
3.94612
3.94612
3.94612
3.94612
3.94612
3.94612
3.94612
3.94612
3.94612
3.94612
3.94612
3.94612
3.94612
3.94612
3.94612
3.94612
3.94612
3.94612
3.94612
3.94612
3.94612
3.94612
3.94612
3.94612
3.94612
3.94612
3.94612
3.94612
3.94612
3.94612
3.94612
3.94612
3.94612
3.94612
3.94612
3.94612
3.94612
3.94612
3.94612
3.94612
3.94612
3.94612
3.94612
3.94612
3.94612
3.94612
3.94612
3.94612
3.94612
3.94612
3.94612
3.94612
3.94612
3.94612
3.94612
3.94612
3.94612
3.94612
3.94612
3.94612
3.94612
3.94612
3.94612
3.94612
3.94612
3.94612
3.94612
3.94612
3.94612
3.94612
3.94612
3.94612
3.94612
2.25902
2.25902
2.25902
2.25902
1.90494
1.90494
1.90494
1.90494
1.90494
1.90494
1.86363
1.61151
1.61151
1.53862
1.53862
1.53862
1.53862
1.53862
1.53862
1.53862
1.5378
1.53686
1.53024
1.53024
1.53024
1.52851
1.52851
1.52673
1.52643
1.52592
1.52462
1.52367
1.52309
1.52256
1.52242
1.52174
1.52104
1.52077
1.5202
1.51982
1.51904
1.51904
1.51904
1.51904
1.51904
1.51904
1.51904
1.51904
1.51904
1.51904
1.51904
1.51904
1.51904
1.51904
1.51904
1.51904
1.51904
1.51904
1.51904
1.51904
1.51904
1.51904
1.51904
1.51904
1.51904
1.51904
1.51904
1.51904
1.51904
1.51904
1.51904
1.51904
1.51904
1.51904
1.51904
1.51904
1.51904
1.51904
1.51904
1.51904
1.51904
1.51904
1.51904
1.51904
1.51904
1.51904
1.51904
1.51904
1.51904
1.51904
1.51904
1.51904
1.51904
1.51904
1.51904
1.51904
1.51904
1.51904
1.51904
1.51904
1.51904
1.51904
1.51904
1.51904
1.51904
1.51904
1.51904
1.51904
1.51904
1.51904
1.51904
1.51904
1.51904
1.51904
1.51904
1.51904
1.51904
1.51904
1.51904
1.51904
1.51904
1.51904
1.51904
1.51904
1.51904
1.51904
1.51904
1.51904
1.51904
1.51904
1.51904
1.51904
1.51904
1.51904
1.51904
1.51904
1.51904
1.51904
1.51904
1.51904
1.51904
1.51904
1.51904
1.51904
1.51904
1.51904
1.51904
1.51904
1.51904
1.51904
1.51904
1.51904
1.51904
1.51904
1.51904
1.51904
1.51904
1.51904
1.51904
1.51904
1.51904
1.51904
1.51904
1.51904
1.51904
1.51904
1.51904
1.51904
1.51904
1.51904
1.51904
1.51904
1.51904
1.51904
1.51904
1.51904
1.51904
1.51904
1.51904
1.51904
1.51904
1.51904
1.51904
1.51904
1.51904
1.51904
1.51904
1.51904
1.51904
1.51904
1.51904
1.51904
1.51904
1.51904
1.51904
1.51904
1.51904
1.51904
1.51904
1.51904
1.51904
1.51904
1.51904
1.51904
1.51904
1.51904
1.51904
1.51904
1.51904
1.51904
1.51904
1.51904
1.51904
1.51904
1.51904
1.51904
1.51904
1.51904
1.51904
1.51904
1.51904
1.51904
1.51904
1.51904
1.51904
1.51904
1.51904
1.51904
1.51904
1.51904
1.51904
1.51904
1.51904
1.51904
1.51904
1.51904
1.51904
1.51904
1.51904
1.51904
1.51904
1.51904
1.51904
1.51904
1.51904
1.51904
1.51904
1.51904
1.51904
1.51904
1.51904
1.51904
1.51904
1.51904
1.51904
1.51904
1.51904
1.51904
1.51904
1.51904
1.51904
1.51904
1.51904
1.51904
1.51904
1.51904
1.51904
1.51904
1.51904
1.51904
1.51904
1.51904
1.51904
1.51904
1.51904
1.51904
1.51904
