450735
18383.8
18383.8
18383.8
18383.8
18383.8
18383.8
18383.8
18383.8
18383.8
18383.8
18383.8
18383.8
5253.05
5097.5
1700.18
536.745
536.745
536.745
422.176
422.176
422.176
43.6823
43.6823
43.6823
43.6823
43.6823
43.6823
43.6823
43.6823
43.6823
43.6823
43.6823
43.6823
43.6823
43.6823
43.6823
43.6823
43.6823
43.6823
43.6823
43.6823
43.6823
43.6823
43.6823
43.6823
43.6823
35.9385
25.9665
14.9793
14.9793
14.9793
14.7807
9.63448
9.63448
9.63448
9.63448
9.63448
9.63448
9.63448
9.53093
9.16268
9.16268
8.85263
8.85263
8.68749
8.52554
8.52554
8.52554
8.52554
8.52554
8.52554
8.50606
8.50606
8.50606
8.50284
8.50005
8.50005
8.50005
8.50005
8.50005
8.50005
8.50005
8.50005
8.50005
8.50005
8.48985
8.48985
8.48985
8.48985
8.48835
8.48835
8.48835
8.48835
8.48227
8.46992
8.46992
8.46381
8.4477
8.4477
8.4477
8.4477
8.4435
8.43285
8.42711
8.42154
8.42131
8.41636
8.41423
8.40717
8.40695
8.40326
8.40074
8.39549
8.39274
8.38897
8.3839
8.37989
8.37561
8.37069
8.36527
8.36359
8.36206
8.35762
8.35386
8.35021
8.34071
8.33351
8.33273
8.32283
8.32071
8.31491
8.31097
8.30716
8.30358
8.29994
8.29762
8.29468
8.29227
8.28869
8.28642
8.28279
8.28148
8.27903
8.27728
8.27392
8.27265
8.26969
8.26733
8.26519
8.26083
8.25816
8.25371
8.24833
8.241
8.22693
8.22693
8.22102
8.22102
8.21696
8.21308
8.21085
8.20715
8.20403
8.20267
8.19283
8.19283
8.19244
8.18944
8.18699
8.18365
8.18131
8.17838
8.17292
8.17292
8.16964
8.16786
8.16179
8.16036
8.15851
8.15573
8.15018
8.14694
8.14334
8.14009
8.13669
8.13193
8.12762
8.12329
8.1206
8.11615
8.11481
8.11207
8.11014
8.10844
8.10648
8.10489
8.1033
8.10174
8.10083
8.09894
8.09773
8.0961
8.09484
8.09376
8.09287
8.09053
8.09003
8.08811
8.08747
8.08561
8.08326
8.08244
8.08164
8.08029
8.07907
8.07864
8.07754
8.07705
8.07579
8.07544
8.07474
8.07352
8.07352
8.07255
8.07185
8.06984
8.06889
8.06754
8.06418
8.06418
8.06248
8.05718
8.05423
8.0538
8.05179
8.04726
8.04526
8.0429
8.04073
8.03645
8.03645
8.03625
8.02977
8.02619
8.0203
8.0203
8.01354
8.01354
8.00815
8.00666
8.00256
7.99759
7.99435
7.98951
7.98483
7.97646
7.97589
7.97581
7.97267
7.96182
7.96122
7.95746
7.9546
7.95102
7.94848
7.94536
7.94268
7.94074
7.93884
7.93616
7.93381
7.93207
7.93017
7.92918
7.92737
7.92686
7.92461
7.92338
7.92159
7.92069
7.91827
7.9166
7.91579
7.91217
7.91059
7.90775
7.90511
7.90015
7.8997
7.89807
7.8977
7.896
7.89295
7.89163
7.88803
7.88558
7.88334
7.88081
7.87924
7.87684
7.87235
7.87235
7.8705
7.86913
7.86782
7.86723
7.86543
7.8637
7.86241
7.86036
7.8593
7.85735
7.85514
7.85207
7.84959
7.8484
7.84609
7.84519
7.84214
7.83998
7.83768
7.83689
7.83518
7.83415
7.83288
7.83176
7.83047
7.82897
7.82769
7.82472
7.82399
7.82162
7.81986
7.81771
7.81255
7.80791
7.80659
7.80341
7.80143
7.79713
7.79297
7.79063
7.7882
7.78564
7.7805
7.7781
7.77552
7.77178
7.76999
7.76558
7.76355
7.76221
7.76056
7.75901
7.75692
7.75349
7.75221
7.74847
7.74385
7.74371
7.74057
7.73794
7.73589
7.72897
7.7266
7.72505
7.71998
7.71773
7.71177
7.70754
7.70415
7.70201
7.69918
7.6969
7.69333
7.68922
7.68839
7.6858
7.68289
7.67881
7.67695
7.67336
7.66821
7.66621
7.66209
7.66209
7.65867
7.65733
7.65478
7.65169
7.64927
7.64843
7.64682
7.64405
7.64346
7.64209
7.63604
7.63513
7.63043
7.63028
7.62998
7.62828
7.62621
7.62407
7.62375
7.62291
7.62231
7.62047
7.61898
7.61789
7.61696
7.61536
7.61388
7.6125
7.60991
7.60621
7.60589
7.60299
7.60144
7.59878
7.5967
7.59392
7.59134
7.58912
7.58738
7.58597
7.58374
7.58231
7.5794
7.57742
7.57539
7.57305
7.57268
7.57065
7.56838
7.56555
7.56434
7.56266
7.55933
7.55862
7.5571
7.55482
7.55341
7.55259
7.55113
7.5494
7.54811
7.54622
7.54471
7.54274
7.54131
7.53846
7.53764
7.53462
7.53333
7.53098
7.52934
7.52775
7.52544
7.52039
7.5194
7.51742
7.51392
7.51219
7.51059
7.5086
7.50682
7.5057
7.5042
7.50198
7.5002
7.49989
7.49702
7.4963
7.49509
7.49369
7.49274
7.4925
7.49131
7.48983
7.48971
7.48838
7.48566
7.48566
7.48319
7.48162
7.47799
7.47683
7.47425
7.46421
7.46421
7.45884
7.45884
7.45743
7.45402
7.45262
7.44997
7.44802
7.44638
7.44282
7.44034
7.43868
7.43597
7.43452
7.4319
7.43046
7.4289
7.42743
7.42522
7.42278
7.4202
7.41679
7.41536
7.41402
7.41094
7.40964
7.40778
7.40603
7.40389
7.40011
7.39921
7.39694
7.39312
7.39078
7.3886
7.38644
7.384
7.38269
7.38099
7.37878
7.37728
7.37446
7.3726
7.37073
7.36967
7.36688
7.36565
7.36379
7.36072
7.35997
7.35807
7.35575
7.35452
7.35266
7.35147
7.3478
7.34751
7.34616
7.34461
7.34261
7.34125
7.34032
7.33871
7.33761
7.33664
7.33607
7.33495
7.33416
7.33312
7.33275
7.33183
7.33099
7.32843
7.32684
7.32406
7.32141
7.31989
7.31879
7.31612
7.3151
7.3139
7.31229
7.30769
7.30769
7.30597
7.30439
7.30293
7.30166
7.2991
7.29837
7.29697
7.29187
7.29187
7.28986
7.2873
7.2843
7.2817
7.27987
7.27653
7.27617
7.2724
7.27075
7.26849
7.26663
7.26457
7.2613
7.2596
7.25758
7.25546
7.2535
7.24832
7.24593
7.24381
7.24353
7.23975
7.23582
7.23109
7.2285
7.22613
7.21649
7.21649
7.21617
7.20787
7.20711
7.20391
7.19834
7.19471
7.19026
7.18935
7.18455
7.18176
7.17894
7.17374
7.17242
7.16935
7.16421
7.16243
7.15808
7.15267
7.15139
7.14631
7.14135
7.13804
7.13496
7.13122
7.12738
7.12455
7.12271
7.12
7.11836
7.11621
7.11409
7.11004
7.10855
7.10634
7.10032
7.0994
7.09669
7.09435
7.09082
7.08035
7.07982
7.0758
7.07198
7.06477
7.06132
7.05601
7.05085
7.04776
7.04482
7.04158
7.03669
7.03342
7.03179
7.02832
7.02648
7.02468
7.02012
7.01917
7.0157
7.01282
7.00879
7.00703
7.00397
7.00257
7.00028
6.99798
6.9971
6.99519
6.99337
6.99106
6.9895
6.98705
6.98535
6.98259
6.97963
6.97878
6.97752
6.97557
6.97265
6.96849
6.96588
6.96266
6.9593
6.95768
6.95492
6.95214
6.94928
6.94655
6.94318
6.94141
6.94003
6.93849
6.93785
6.93669
6.936
6.93379
6.93318
6.93169
6.93139
6.93007
6.92878
6.92756
6.92655
6.92562
6.92474
6.92383
6.92266
6.92181
6.9211
6.92002
6.91952
6.91847
6.91795
6.91698
6.91571
6.9152
6.91433
6.91226
6.91189
6.90964
6.9087
6.90658
6.90434
6.89929
6.89921
6.89662
6.8908
6.88966
6.88697
6.88251
6.87626
6.87317
6.86894
6.86334
6.86034
6.85651
6.85413
6.85213
6.8501
6.84664
6.84456
6.8425
6.84054
6.83844
6.83767
6.83564
6.83491
6.83333
6.83085
6.83042
6.82594
6.82448
6.82244
6.82001
6.81722
6.8161
6.81468
6.81275
6.81083
6.80949
6.80851
6.80645
6.80534
6.80382
6.80304
6.80117
6.80038
6.7972
6.7972
6.79533
6.79392
6.79249
6.79035
6.78807
6.78558
6.78338
6.78248
6.77839
6.77671
6.77472
6.77099
6.76909
6.76628
6.76142
6.75897
6.75803
6.75359
6.75348
6.75048
6.74979
6.74514
6.74514
6.74294
6.73997
6.73882
6.73501
6.73351
6.73214
6.73027
6.72775
6.72563
6.72482
6.72237
6.72181
6.72074
6.71948
6.71855
6.71724
6.7163
6.71421
6.71299
6.71119
6.70969
6.70779
6.7067
6.7053
6.70236
6.70236
6.70107
6.70028
6.69792
6.69717
6.69611
6.69235
6.69032
6.68631
6.68631
6.68313
6.68201
6.67917
6.67372
6.67102
6.66735
6.66257
6.66257
6.6572
6.65532
6.65353
6.65057
6.645
6.645
6.64122
6.64122
6.64122
6.63478
6.63478
6.62108
6.61923
6.61215
6.60219
6.5999
6.59478
6.5898
6.58554
6.58288
6.58086
6.57718
6.57562
6.57445
6.57188
6.56861
6.56825
6.56517
6.56317
6.55991
6.55842
6.55576
6.55374
6.55073
6.5485
6.54435
6.54132
6.53668
6.53257
6.53031
6.52609
6.52316
6.52162
6.51982
6.51693
6.51602
6.51303
6.51155
6.50991
6.50765
6.50617
6.50457
6.50325
6.50076
6.49893
6.49748
6.49481
6.4939
6.49146
6.48921
6.48853
6.48723
6.48512
6.48273
6.48041
6.4804
6.47871
6.47701
6.47528
6.47417
6.47287
6.47226
6.4705
6.46962
6.46813
6.46716
6.46576
6.46531
6.46439
6.46385
6.46307
6.46256
6.46174
6.46101
6.46037
6.45957
6.45922
6.4584
6.45787
6.45731
6.45662
6.45579
6.45526
6.45452
6.45392
6.45262
6.45228
6.4516
6.45085
6.44988
6.44921
6.44857
6.44747
6.44628
6.44539
6.44393
6.44365
6.44286
6.44223
6.4413
6.44104
6.44046
6.43923
6.4391
6.43726
6.43696
6.43587
6.43399
6.43297
6.43159
6.42978
6.42936
6.4254
6.4254
6.423
6.42151
6.42151
6.41986
6.41847
6.41705
6.41522
6.41375
6.412
6.41139
6.41069
6.40964
6.40874
6.408
6.40664
6.40583
6.40518
6.40441
6.40353
6.40288
6.39967
6.39927
6.39785
6.39598
6.39467
6.39223
6.39058
6.38817
6.38733
6.38325
6.38166
6.37905
6.37724
6.376
6.37336
6.37254
6.36881
6.36821
6.36459
6.3638
6.36128
6.35895
6.35509
6.35181
6.35067
6.34961
6.34542
6.34246
6.33886
6.33664
6.3355
6.33226
6.32964
6.32783
6.32393
6.32313
6.32165
6.31863
6.31608
6.3136
6.31163
6.30727
6.30695
6.3063
6.30352
6.30263
6.30194
6.29975
6.29717
6.29517
6.29312
6.2918
6.2895
6.28719
6.28527
6.28292
6.27991
6.27789
6.27589
6.27372
6.27125
6.26925
6.26821
6.26658
6.26448
6.26399
6.26249
6.26104
6.26059
6.25895
6.25776
6.25706
6.25612
6.25556
6.25483
6.25383
6.25268
6.25244
6.25044
6.24999
6.2484
6.24642
6.24523
6.24282
6.2405
6.23754
6.23476
6.23465
6.23234
6.23036
6.22822
6.22663
6.22437
6.22196
6.2179
6.2179
6.21595
6.2101
6.2101
6.20648
6.20458
6.20225
6.19875
6.19556
6.19342
6.18934
6.18557
6.18362
6.18126
6.17864
6.17188
6.16692
6.16062
6.15658
6.15596
6.15428
6.1486
6.14172
6.14033
6.1302
6.13004
6.12707
6.12449
6.12208
6.1216
6.12028
6.11835
6.11728
6.11449
6.11418
6.11162
6.10809
6.10783
6.10493
6.10112
6.09957
6.09789
6.09578
6.09475
6.09235
6.09114
6.08903
6.08785
6.08571
6.08398
6.0824
6.08106
6.07866
6.07791
6.0761
6.07513
6.0721
6.07015
6.0682
6.06647
6.06436
6.06254
6.06009
6.05931
6.05746
6.05554
6.05537
6.04989
6.04361
6.04361
6.04361
6.0427
6.03754
6.03659
6.03255
6.02861
6.02603
6.02307
6.0168
6.01231
6.00571
6.00326
5.99833
5.99036
5.98427
5.98176
5.97834
5.9725
5.96984
5.96638
5.96389
5.96046
5.95968
5.95593
5.95053
5.94694
5.94383
5.93897
5.93761
5.93642
5.93333
5.93046
5.92962
5.92723
5.92432
5.92086
5.91999
5.91576
5.91398
5.91274
5.90887
5.90739
5.90677
5.90597
5.90341
5.89989
5.89427
5.89213
5.89032
5.88402
5.87952
5.87599
5.86742
5.86677
5.86428
5.85875
5.85548
5.85023
5.84961
5.84637
5.84447
5.84189
5.83959
5.83381
5.83235
5.83052
5.82892
5.82702
5.82538
5.8245
5.8228
5.8213
5.81869
5.81824
5.8171
5.81457
5.81314
5.81158
5.8087
5.80725
5.80634
5.80435
5.80335
5.80165
5.79982
5.79897
5.79728
5.79515
5.79345
5.79148
5.78979
5.78893
5.78726
5.78624
5.7851
5.78274
5.78163
5.77927
5.77784
5.77567
5.77387
5.77145
5.76854
5.76781
5.76604
5.76394
5.76221
5.76108
5.75858
5.75667
5.75484
5.75342
5.75218
5.75042
5.74798
5.74711
5.74605
5.74361
5.7421
5.7406
5.73876
5.73677
5.73522
5.73341
5.73266
5.73119
5.73076
5.72874
5.72717
5.72546
5.72329
5.72143
5.71843
5.71456
5.71456
5.70956
5.70677
5.70591
5.7035
5.70108
5.70108
5.69707
5.69412
5.69291
5.69067
5.68713
5.68444
5.68228
5.67944
5.67788
5.67494
5.67305
5.67154
5.66987
5.66837
5.66623
5.6645
5.66269
5.66094
5.65902
5.65611
5.65523
5.65246
5.65134
5.648
5.64724
5.64495
5.64449
5.64191
5.64016
5.63733
5.63612
5.6344
5.63263
5.63026
5.62945
5.6278
5.62647
5.62509
5.6232
5.62232
5.62053
5.61866
5.61797
5.61559
5.61361
5.61325
5.61188
5.61085
5.60917
5.60805
5.60708
5.6064
5.60554
5.60328
5.60094
5.60072
5.59684
5.59684
5.59348
5.59104
5.58858
5.58597
5.58396
5.58202
5.57889
5.57815
5.57419
5.56742
5.5654
5.5654
5.5654
5.55676
5.55676
5.55368
5.55082
5.54692
5.54623
5.54448
5.53751
5.53741
5.52883
5.52883
5.52811
5.52382
5.52225
5.51886
5.51618
5.51478
5.51111
5.5108
5.50825
5.50617
5.50577
5.50428
5.50262
5.50198
5.50086
5.49968
5.49872
5.49728
5.49627
5.4949
5.49441
5.49228
5.49228
5.49184
5.49063
5.4895
5.48865
5.48785
5.48602
5.4854
5.4839
5.48294
5.48009
5.47994
5.47762
5.47563
5.47421
5.47315
5.47087
5.47024
5.46952
5.46877
5.46765
5.46634
5.46513
5.46314
5.46301
5.4574
5.4574
5.4572
5.45475
5.45182
5.44955
5.44955
5.44851
5.44669
5.44619
5.44507
5.44327
5.44185
5.44025
5.43947
5.43767
5.43653
5.43519
5.43377
5.43191
5.43055
5.42874
5.42679
5.42503
5.42405
5.42217
5.42002
5.41839
5.41737
5.41628
5.4148
5.41354
5.41214
5.41122
5.40964
5.40846
5.40539
5.4048
5.40273
5.40039
5.39941
5.39811
5.3965
5.39432
5.39237
5.38884
5.38732
5.3847
5.3831
5.38202
5.3808
5.37935
5.37733
5.37633
5.37565
5.37427
5.37323
5.37176
5.36839
5.36671
5.365
5.36338
5.36248
5.36107
5.3594
5.3574
5.35627
5.35484
5.354
5.35274
5.35148
5.35069
5.34987
5.34889
5.34675
5.34675
5.34616
5.34487
5.34417
5.34301
5.34189
5.33982
5.33884
5.33805
5.3374
5.33567
5.33543
5.33439
5.33345
5.33262
5.33163
5.33083
5.33005
5.32919
5.32822
5.32734
5.326
5.32513
5.32414
5.32316
5.3223
5.32148
5.32017
5.31895
5.31763
5.31667
5.31508
5.31442
5.31322
5.31149
5.31058
5.30765
5.3075
5.30554
5.30399
5.3033
5.30121
5.29999
5.29915
5.29778
5.29639
5.29523
5.29423
5.29325
5.29191
5.29134
5.28983
5.28923
5.28791
5.28744
5.28603
5.28541
5.28481
5.28379
5.28288
5.28208
5.28181
5.28081
5.27971
5.27939
5.2783
5.27761
5.27449
5.27336
5.27164
5.2701
5.26828
5.2671
5.264
5.26106
5.26067
5.25894
5.25641
5.25516
5.25331
5.25223
5.25078
5.24854
5.24718
5.24428
5.24385
5.24293
5.24188
5.24032
5.23878
5.23752
5.23599
5.23475
5.23304
5.23204
5.23084
5.22996
5.22925
5.22817
5.22767
5.22587
5.22531
5.22287
5.22195
5.22063
5.21948
5.21806
5.21738
5.21625
5.21439
5.21286
5.21187
5.21124
5.20932
5.20748
5.20748
5.2055
5.2049
5.2036
5.20212
5.20041
5.19938
5.19813
5.19705
5.19504
5.19407
5.1931
5.19202
5.19077
5.18924
5.18824
5.18737
5.18591
5.18523
5.1843
5.18315
5.18221
5.18102
5.17955
5.17834
5.17645
5.1749
5.1738
5.17173
5.17089
5.16941
5.1683
5.16672
5.16621
5.16512
5.16413
5.16356
5.16237
5.16108
5.15983
5.15914
5.15773
5.15582
5.15446
5.1534
5.15205
5.15131
5.14968
5.14882
5.14637
5.14597
5.14503
5.14391
5.14301
5.14195
5.14069
5.13954
5.13894
5.13762
5.13593
5.1355
5.1344
5.13341
5.13282
5.1316
5.13081
5.1296
5.12785
5.12547
5.12479
5.1218
5.12156
5.11859
5.11696
5.11568
5.11351
5.11197
5.11172
5.10993
5.10885
5.10815
5.10664
5.10459
5.10378
5.10198
5.1015
5.09955
5.09852
5.09722
5.09654
5.09532
5.09384
5.09329
5.0922
5.09065
5.08989
5.08875
5.08804
5.08602
5.08549
5.08485
5.08408
5.08219
5.08106
5.07735
5.07698
5.07522
5.07286
5.0723
5.07091
5.07026
5.06764
5.06396
5.06341
5.05924
5.05716
5.055
5.05264
5.05042
5.04957
5.04759
5.04462
5.04324
5.0416
5.04028
5.03824
5.03735
5.03481
5.03332
5.03205
5.03077
5.02961
5.02644
5.02587
5.0236
5.02215
5.02057
5.01783
5.01601
5.01499
5.01377
5.01204
5.00996
5.00921
5.00855
5.00662
5.00605
5.00443
5.00393
5.00256
5.00193
5.00146
5.00017
4.9995
4.99859
4.99597
4.99597
4.99555
4.99419
4.99382
4.9931
4.99208
4.9908
4.98945
4.98846
4.98729
4.98625
4.98492
4.98409
4.98307
4.98118
4.97986
4.97924
4.97761
4.97695
4.97625
4.97498
4.97287
4.97238
4.97177
4.9702
4.96749
4.96698
4.96618
4.96459
4.96359
4.96211
4.96011
4.95937
4.95834
4.9577
4.95692
4.95615
4.95561
4.9552
4.95476
4.95436
4.95389
4.9535
4.95314
4.9525
4.95191
4.95149
4.95075
4.95029
4.94971
4.94919
4.94847
4.94743
4.94654
4.94622
4.94555
4.94452
4.94341
4.94272
4.94195
4.94103
4.93928
4.93792
4.93792
4.93687
4.93645
4.93508
4.93397
4.93397
4.93299
4.93209
4.93111
4.93027
4.92924
4.92794
4.9264
4.92475
4.92285
4.92126
4.91945
4.91594
4.91462
4.91253
4.91038
4.90868
4.90661
4.90454
4.90336
4.90236
4.90089
4.89911
4.89851
4.89666
4.89613
4.8947
4.8932
4.89187
4.89119
4.89022
4.88913
4.88842
4.88738
4.88498
4.88474
4.88367
4.88124
4.87988
4.87904
4.87766
4.87531
4.87483
4.87357
4.8718
4.86966
4.86862
4.86703
4.86588
4.86319
4.8631
4.86072
4.86022
4.85861
4.8571
4.85485
4.85441
4.85294
4.85174
4.85038
4.84956
4.84874
4.84639
4.84532
4.84443
4.84344
4.84163
4.83985
4.8382
4.83705
4.83511
4.83417
4.83178
4.83116
4.82827
4.82416
4.8227
4.82043
4.81515
4.81123
4.80883
4.80719
4.80557
4.80163
4.79914
4.79621
4.79575
4.79351
4.79064
4.78993
4.78772
4.78587
4.78508
4.78365
4.78259
4.78181
4.78108
4.77892
4.77708
4.77656
4.77555
4.77419
4.77332
4.77243
4.77046
4.76815
4.76724
4.76536
4.76252
4.76114
4.75927
4.75743
4.75695
4.75486
4.75378
4.75307
4.75179
4.75046
4.74917
4.74794
4.74654
4.74468
4.74333
4.74238
4.73945
4.73812
4.73703
4.73607
4.73341
4.73172
4.73012
4.72759
4.7263
4.72555
4.72381
4.72255
4.72123
4.71886
4.71574
4.7143
4.71332
4.71175
4.71018
4.70861
4.70763
4.70573
4.70284
4.69998
4.69909
4.69842
4.69582
4.69494
4.69443
4.69199
4.69075
4.69007
4.68819
4.68759
4.6861
4.68464
4.68304
4.68255
4.68125
4.6791
4.67874
4.6775
4.67627
4.67506
4.67412
4.67299
4.67138
4.67136
4.66971
4.66862
4.66739
4.66604
4.66531
4.66449
4.66379
4.66306
4.66197
4.66132
4.66092
4.66042
4.65975
4.65913
4.65869
4.65792
4.65728
4.65655
4.65576
4.65449
4.65364
4.65257
4.65195
4.65032
4.64889
4.64769
4.64647
4.6449
4.64403
4.64329
4.64252
4.64076
4.64006
4.63844
4.63785
4.63645
4.6359
4.63503
4.63366
4.63293
4.63185
4.63009
4.62801
4.62773
4.62594
4.6247
4.62324
4.62214
4.62012
4.61968
4.6189
4.61775
4.61724
4.61629
4.61582
4.61473
4.61422
4.61386
4.61273
4.61253
4.61211
4.61167
4.61152
4.61109
4.61086
4.61054
4.61032
4.61007
4.60973
4.60949
4.60919
4.6088
4.60844
4.60835
4.60794
4.60779
4.60735
4.60718
4.60674
4.6065
4.60591
4.60567
4.60552
4.60508
4.60494
4.60478
4.60409
4.6033
4.60284
4.6024
4.60139
4.59943
4.5988
4.59777
4.59718
4.59501
4.59455
4.5929
4.59027
4.59026
4.58839
4.58754
4.58641
4.58515
4.58456
4.58377
4.58302
4.58228
4.58104
4.58045
4.57974
4.57909
4.57824
4.57743
4.57639
4.5751
4.57443
4.57253
4.57253
4.57005
4.57005
4.56759
4.5657
4.56527
4.56375
4.56082
4.55958
4.55843
4.55626
4.55479
4.5522
4.55069
4.54833
4.5471
4.54523
4.54386
4.54216
4.54135
4.53882
4.53845
4.5375
4.53656
4.53479
4.53403
4.53303
4.53149
4.5305
4.52978
4.52892
4.52799
4.52746
4.527
4.52629
4.52583
4.52543
4.52504
4.52438
4.52382
4.5233
4.52278
4.52228
4.52208
4.52143
4.5212
4.52084
4.52054
4.51997
4.51972
4.51938
4.51876
4.51835
4.51791
4.51729
4.517
4.51638
4.51614
4.51572
4.51538
4.51497
4.51457
4.51417
4.51385
4.5134
4.51303
4.5128
4.51161
4.51116
4.5106
4.5099
4.50922
4.5081
4.50787
4.50723
4.50585
4.50566
4.50496
4.5046
4.50356
4.50283
4.50104
4.50082
4.50025
4.4996
4.49916
4.49829
4.49708
4.49652
4.4946
4.4946
4.49389
4.49318
4.49237
4.49113
4.48924
4.4888
4.487
4.48539
4.48408
4.48401
4.48269
4.48171
4.48171
4.48098
4.48035
4.47918
4.47812
4.47659
4.47643
4.47497
4.47447
4.47368
4.47343
4.47286
4.47214
4.47166
4.47082
4.47034
4.47002
4.46931
4.4682
4.46787
4.4662
4.4662
4.46581
4.46493
4.46462
4.46349
4.46265
4.4622
4.46138
4.46068
4.46014
4.45939
4.45896
4.45816
4.45711
4.45634
4.45634
4.45574
4.45551
4.45509
4.45439
4.45399
4.4536
4.4536
4.45286
4.45275
4.45123
4.45098
4.45054
4.44968
4.44931
4.44858
4.4479
4.44675
4.44602
4.44372
4.44202
4.44156
4.43998
4.43834
4.4366
4.43597
4.43498
4.43331
4.43201
4.42924
4.4282
4.42692
4.42641
4.42453
4.42285
4.42148
4.41996
4.41824
4.41794
4.41794
4.41441
4.41441
4.41367
4.41209
4.41024
4.40915
4.40798
4.40788
4.40552
4.40552
4.40461
4.40341
4.40252
4.40184
4.40079
4.40005
4.39861
4.3982
4.39715
4.39653
4.39585
4.39531
4.39487
4.39419
4.39357
4.39303
4.39225
4.39151
4.39115
4.3904
4.38982
4.3886
4.38683
4.38669
4.38525
4.38448
4.38407
4.38245
4.38022
4.38022
4.37922
4.37853
4.37663
4.37607
4.3757
4.37473
4.37327
4.37244
4.37181
4.36984
4.36984
4.36921
4.36841
4.36736
4.36692
4.36563
4.36486
4.36412
4.36302
4.36221
4.36162
4.36093
4.36025
4.35905
4.35866
4.3582
4.35742
4.35708
4.35628
4.35589
4.35484
4.35484
4.35371
4.35306
4.35168
4.35064
4.3503
4.34977
4.34846
4.34786
4.3469
4.34644
4.34541
4.34497
4.34413
4.34394
4.34335
4.34289
4.34231
4.3416
4.34123
4.34024
4.33979
4.33916
4.3385
4.33826
4.33688
4.33675
4.33562
4.33508
4.33314
4.33261
4.33234
4.33168
4.33062
4.32956
4.32906
4.32848
4.32756
4.32729
4.3268
4.32656
4.32542
4.32526
4.32466
4.32419
4.32354
4.3231
4.32257
4.32176
4.32092
4.31952
4.31896
4.31855
4.3178
4.31708
4.3165
4.3151
4.31467
4.31387
4.31331
4.31259
4.31174
4.31074
4.30994
4.30833
4.30833
4.30758
4.30624
4.30547
4.30484
4.30374
4.30334
4.3027
4.30113
4.30111
4.30002
4.29871
4.29833
4.29767
4.29503
4.29428
4.29394
4.29325
4.29124
4.29035
4.289
4.28816
4.28605
4.28535
4.28434
4.2835
4.28232
4.28117
4.27984
4.27878
4.2781
4.27605
4.27519
4.27416
4.27328
4.27223
4.27157
4.27079
4.26858
4.26791
4.26692
4.26598
4.26545
4.26461
4.26415
4.26412
4.26315
4.26228
4.26151
4.26058
4.26012
4.25993
4.25924
4.25855
