2.39107e+06
233159
233159
8326.39
8326.39
8326.39
8326.39
8326.39
3518.5
3518.5
3518.5
608.624
608.624
608.624
608.624
531.987
531.987
531.987
368.809
154.786
93.3963
70.9278
51.3681
51.3681
25.8517
25.8517
21.1592
21.1592
21.1592
21.1592
14.99
11.2541
11.2541
11.2541
5.36671
5.36671
5.36671
5.31302
5.31302
5.04159
4.82224
4.82224
4.82224
4.74162
4.47343
4.47343
3.88362
3.88362
3.70404
3.70404
3.23776
3.23776
2.98203
2.80579
2.69942
2.4515
2.4515
2.34937
2.34937
2.28056
2.28056
2.16214
2.16214
2.15551
2.10947
2.04275
2.01476
1.98443
1.96433
1.94293
1.92125
1.89998
1.88052
1.83316
1.8249
1.79997
1.77908
1.76333
1.74225
1.73025
1.70659
1.70561
1.70561
1.70561
1.69499
1.69322
1.69065
1.67563
1.65371
1.63927
1.63156
1.62064
1.61344
1.58746
1.58228
1.56847
1.55066
1.53366
1.51595
1.51276
1.49501
1.47136
1.43826
1.39413
1.39413
1.34324
1.33001
1.31558
1.30515
1.29082
1.27092
1.2552
1.241
1.23193
1.21885
1.21005
1.2006
1.19134
1.18414
1.17231
1.15773
1.15671
1.15019
1.14213
1.13708
1.12852
1.12178
1.11227
1.10724
1.10134
1.09488
1.09158
1.0856
1.06774
1.065
1.05698
1.04326
1.03124
1.02439
1.01633
1.01149
1.00169
0.988706
0.979437
0.967504
0.958911
0.94936
0.940311
0.925631
0.916898
0.904034
0.899996
0.89019
0.87935
0.872691
0.863598
0.850076
0.843138
0.841354
0.834707
0.830002
0.821415
0.81654
0.811284
0.805845
0.799396
0.79448
0.788183
0.785016
0.779847
0.771798
0.757589
0.757589
0.749451
0.743034
0.73781
0.730037
0.721189
0.713429
0.708196
0.69934
0.69219
0.685798
0.678025
0.668248
0.657447
0.655397
0.642357
0.633853
0.626493
0.622414
0.617839
0.609799
0.603502
0.600455
0.594364
0.588816
0.584491
0.579321
0.572528
0.569351
0.566258
0.56045
0.553119
0.547141
0.546488
0.542773
0.53315
0.53315
0.531233
0.528534
0.525153
0.522998
0.518917
0.518343
0.513076
0.511121
0.50719
0.500962
0.491541
0.486893
0.481516
0.476073
0.469716
0.464115
0.456588
0.454275
0.449636
0.446366
0.439934
0.429029
0.429029
0.423655
0.420648
0.414092
0.410274
0.405526
0.400721
0.396899
0.393483
0.390753
0.387042
0.385982
0.383341
0.381389
0.379538
0.377732
0.376445
0.37494
0.37374
0.371656
0.370685
0.369263
0.367942
0.36532
0.36264
0.360709
0.359425
0.356604
0.355352
0.353503
0.351941
0.34935
0.34664
0.344224
0.343091
0.340397
0.338467
0.33755
0.334685
0.332658
0.330872
0.328804
0.325843
0.324583
0.321529
0.319555
0.3182
0.316129
0.314002
0.311787
0.309749
0.307647
0.303925
0.301827
0.298432
0.296217
0.293816
0.290954
0.288341
0.286259
0.283509
0.28337
0.2824
0.279957
0.278746
0.277231
0.275532
0.274492
0.272742
0.272273
0.268772
0.268211
0.266641
0.265864
0.264869
0.263762
0.260987
0.260987
0.258866
0.256875
0.256456
0.254661
0.253276
0.252075
0.250852
0.249249
0.248299
0.24784
0.246982
0.245851
0.244927
0.244095
0.242293
0.242044
0.24082
0.240416
0.239144
0.23877
0.23687
0.235535
0.234289
0.233791
0.231898
0.231672
0.226455
0.226455
0.223092
0.223092
0.220735
0.219577
0.214177
0.214177
0.214177
0.213051
0.208575
0.208575
0.206427
0.203702
0.202846
0.201312
0.199931
0.197705
0.197218
0.19461
0.193408
0.191753
0.189611
0.187433
0.187152
0.185741
0.184598
0.183675
0.182771
0.181613
0.180212
0.178557
0.177712
0.17655
0.176136
0.17492
0.174141
0.173822
0.173237
0.171886
0.171251
0.170218
0.169882
0.167226
0.166091
0.165815
0.165605
0.164749
0.162939
0.162855
0.162173
0.161709
0.16106
0.160372
0.159583
0.159152
0.158516
0.157981
0.157362
0.156865
0.156409
0.155838
0.155374
0.154861
0.154429
0.153641
0.153224
0.152246
0.151306
0.151073
0.150123
0.148737
0.148626
0.148507
0.147457
0.147249
0.146537
0.145457
0.144742
0.143635
0.143635
0.143567
0.143361
0.143141
0.143141
0.142662
0.141791
0.141342
0.14086
0.140189
0.139669
0.138896
0.138427
0.137489
0.13699
0.136571
0.136015
0.135741
0.135345
0.134463
0.134127
0.13365
0.132702
0.132613
0.132398
0.131911
0.131753
0.13095
0.13095
0.130761
0.130319
0.129928
0.129645
0.129296
0.128796
0.128462
0.127517
0.127009
0.126475
0.12623
0.125645
0.125
0.124578
0.124405
0.123327
0.123123
0.122709
0.122267
0.12164
0.120969
0.120308
0.120222
0.119548
0.119165
0.11879
0.117467
0.116707
0.115784
0.115725
0.115092
0.11482
0.114135
0.113787
0.113069
0.112804
0.112185
0.111809
0.111217
0.109781
0.109766
0.10888
0.108532
0.107715
0.107179
0.106402
0.10544
0.104927
0.104042
0.103597
0.102975
0.101425
0.101285
0.100885
0.100498
0.100105
0.0997259
0.0993451
0.0991033
0.098688
0.098579
0.0981933
0.0980528
0.0977639
0.0974186
0.0969948
0.0966128
0.0962589
0.0958778
0.0955105
0.0953105
0.0948267
0.0945894
0.0942643
0.0939013
0.0937101
0.0934473
0.093238
0.0929539
0.0926517
0.0923642
0.0921965
0.0918991
0.0916601
0.0914307
0.0910854
0.090834
0.0903179
0.0898091
0.0892152
0.0889751
0.0885121
0.0881202
0.0875075
0.0871944
0.0868512
0.0865681
0.0861965
0.0859516
0.0856284
0.0851068
0.084453
0.0843113
0.0835423
0.0831635
0.0830253
0.0826095
0.0822526
0.0818542
0.0816874
0.081158
0.0806342
0.0803469
0.08002
0.0797343
0.0793987
0.0792128
0.0790225
0.0784772
0.0781086
0.077574
0.0770552
0.0766629
0.0762541
0.0759235
0.0755433
0.0752762
0.0749625
0.0747048
0.0742249
0.0739551
0.0736829
0.0734663
0.0733088
0.0731139
0.0727866
0.0726087
0.0723886
0.0721929
0.072018
0.071699
0.0713479
0.0711799
0.0709215
0.0708237
0.0703872
0.0703609
0.0701644
0.0699106
0.0696973
0.0694629
0.0691135
0.0689248
0.068795
0.0685423
0.0683795
0.0683743
0.0679356
0.0679318
0.0678003
0.0676727
0.0676223
0.067525
0.0673645
0.0673645
0.0672779
0.0671598
0.0670571
0.0669999
0.0666321
0.0665942
0.0663609
0.066181
0.0658768
0.0656913
0.0652787
0.065232
0.0646493
0.0644078
0.064223
0.0640595
0.0638863
0.0636942
0.0634258
0.0632664
0.0629283
0.0627036
0.0624157
0.0623758
0.0620824
0.0619544
0.0616759
0.0615061
0.0613122
0.0610621
0.0608306
0.0606759
0.0603824
0.0599951
0.0598296
0.0597081
0.0592476
0.0590657
0.0586653
0.058258
0.0579242
0.0575388
0.0573531
0.057192
0.0567192
0.056563
0.0562594
0.0559984
0.0557295
0.0555279
0.0553447
0.0550897
0.0544348
0.0544348
0.0541159
0.0538085
0.0535795
0.0533958
0.0529511
0.052786
0.0524052
0.0519478
0.0516876
0.0515537
0.0514311
0.0513319
0.0509219
0.0504056
0.0504056
0.0501148
0.0499601
0.0497899
0.0496718
0.0494729
0.0494314
0.0493404
0.0491479
0.049055
0.0489259
0.0487121
0.0486164
0.048515
0.0483777
0.0482718
0.0481303
0.0480774
0.047937
0.0478602
0.0477447
0.0476584
0.0475348
0.0473424
0.04727
0.0470324
0.0469429
0.0467833
0.0467492
0.0464842
0.0463433
0.0461689
0.0459791
0.0457057
0.0454997
0.0452069
0.0451266
0.0447617
0.0446203
0.0442766
0.0441462
0.0438601
0.0437535
0.0434368
0.0432309
0.0430454
0.0428542
0.0426682
0.0425308
0.0424657
0.0422557
0.0420908
0.0418286
0.0417007
0.0415032
0.041455
0.0411742
0.0411501
0.0409602
0.0408492
0.0407391
0.0407067
0.0405979
0.0405277
0.0403975
0.0402418
0.0401453
0.0400409
0.0397575
0.039695
0.0395381
0.0393759
0.0393101
0.039249
0.0391039
0.0387738
0.0387176
0.038599
0.0384341
0.0382727
0.037796
0.0377265
0.0375619
0.0373135
0.0370311
0.0369867
0.0368563
0.0366958
0.036588
0.0364385
0.0363022
0.0362339
0.0361042
0.0359274
0.0357216
0.0356072
0.0355045
0.0354052
0.0351512
0.0350554
0.0348423
0.0347673
0.0345781
0.034502
0.0343992
0.0342992
0.0341582
0.0340635
0.0339719
0.0338212
0.033769
0.0336892
0.0336178
0.0335158
0.0334554
0.0333899
0.0333195
0.0332432
0.0330871
0.0330316
0.0328672
0.0327327
0.0326782
0.032518
0.0324137
0.0323527
0.0322051
0.0321005
0.032075
0.0319677
0.0318202
0.0317178
0.0315472
0.0314678
0.0313422
0.0312579
0.0312163
0.0311023
0.0309812
0.0309204
0.0308705
0.0307836
0.0306837
0.0306313
0.0305797
0.0305261
0.0304618
0.0304415
0.0304022
0.0303517
0.0303517
0.0303517
0.0303517
0.0303517
0.0303517
0.0303517
0.0303517
0.0303517
0.0303517
0.0303517
0.0303517
0.0303517
0.0303517
0.0303517
0.0303517
0.0303517
0.0303517
0.0303517
0.0303517
0.0303517
0.0303517
0.0303517
0.0303517
0.0303517
0.0303517
0.0303517
0.0303517
0.0303517
0.0303517
0.0303517
0.0303517
0.0303517
0.0303517
0.0303517
0.0303517
0.0303517
0.0303517
0.0303517
0.0303517
0.0303517
0.0303517
0.0303517
0.0303517
0.0303517
0.0303517
0.0303517
0.0303517
0.0303517
0.0303517
0.0303517
0.0303517
0.0303517
0.0303517
0.0303517
0.0303517
0.0303517
0.0303517
0.0303517
0.0303517
0.0303517
0.0303517
0.0303517
0.0303517
0.0303517
0.0303517
0.0303517
0.0303517
0.0303517
0.0303517
0.0303517
0.0303517
0.0303517
0.0303517
0.0303517
0.0303517
0.0303517
0.0303517
0.0303517
0.0303517
0.0303517
0.0303517
0.0303517
0.0303517
0.0303517
0.0303517
0.0303517
0.0303517
0.0303517
0.0303517
0.0303517
0.0303517
0.0303517
0.0303517
0.0303517
0.0303517
0.0303517
0.0303517
0.0303517
0.0303517
0.0303517
0.0303517
0.0303517
0.0303517
0.0303517
0.0303517
0.0303517
0.0303517
0.0303517
0.0303517
0.0303517
0.0303517
0.0303517
0.0303517
0.0303517
0.0303517
0.0303517
0.0303517
0.0303517
0.0303517
0.0303517
0.0303517
0.0303517
0.0303517
0.0303517
0.0303517
0.0303517
0.0303517
0.0303517
0.0303517
0.0303517
0.0303517
0.0303517
0.0303517
0.0303517
0.0303517
0.0303517
0.0303517
0.0303517
0.0303517
0.0303517
0.0303517
0.0303517
0.0303517
0.0303517
0.0303517
0.0303517
0.0303517
0.0303517
0.0303517
0.0303517
0.0303517
0.0303517
0.0303517
0.0303517
0.0303517
0.0303517
0.0303517
0.0303517
0.0303517
0.0303517
0.0303517
0.0303517
0.0303517
0.0303517
0.0303517
0.0303517
0.0303517
0.0303517
0.0303517
0.0303517
0.0303517
0.0303517
0.0303517
0.0303517
0.0303517
0.0303517
0.0303517
0.0303517
0.0303517
0.0303517
0.0303517
0.0303517
0.0303517
0.0303517
0.0303517
0.0303517
0.0303517
0.0303517
0.0303517
0.0303517
0.0303517
0.0303517
0.0303517
0.0303517
0.0303517
0.0303517
0.0303517
0.0303517
0.0303517
0.0303517
0.0303517
0.0303517
0.0303517
0.0303517
0.0303517
0.0303517
0.0303517
0.0303517
0.0303517
0.0303517
0.0303517
0.0303517
0.0303517
0.0303517
0.0303517
0.0303517
0.0303517
0.0303517
0.0303517
0.0303517
0.0303517
0.0303517
0.0303517
0.0303517
0.0303517
0.0303517
0.0303517
0.0303517
0.0303517
0.0303517
0.0303517
0.0303517
0.0303517
0.0303517
0.0303517
0.0303517
0.0303517
0.0303517
0.0303517
0.0303517
0.0303517
0.0303517
0.0303517
0.0303517
0.0303517
0.0303517
0.0303517
0.0303517
0.0303517
0.0303517
0.0303517
0.0303517
0.0303517
0.0303517
0.0303517
0.0303517
0.0303517
0.0303517
0.0303517
0.0303517
0.0303517
0.0303517
0.0303517
0.0303517
0.0303517
0.0303517
0.0303517
0.0303517
0.0303517
0.0303517
0.0303517
0.0303517
0.0303517
0.0303517
0.0303517
0.0303517
0.0303517
0.0303517
0.0303517
0.0303517
0.0303517
0.0303517
0.0303517
0.0303517
0.0303517
0.0303517
0.0303517
0.0303517
0.0303517
0.0303517
0.0303517
0.0303517
0.0303517
0.0303517
0.0303517
0.0303517
0.0303517
0.0303517
0.0303517
0.0303517
0.0303517
0.0303517
0.0303517
0.0303517
0.0303517
0.0303517
0.0303517
0.0303517
0.0303517
0.0303517
0.0303517
0.0303517
0.0303517
0.0303517
0.0303517
0.0303517
0.0303517
0.0303517
0.0303517
0.0303517
0.0303517
0.0303517
0.0303517
0.0303517
0.0303517
0.0303517
0.0303517
0.0303517
0.0303517
0.0303517
0.0303517
0.0303517
0.0303517
0.0303517
0.0303517
0.0303517
0.0303517
0.0303517
0.0303517
0.0303517
0.0303517
0.0303517
0.0303517
0.0303517
0.0303517
0.0303517
0.0303517
0.0303517
0.0303517
0.0303517
0.0303517
0.0303517
0.0303517
0.0303517
0.0303517
0.0303517
0.0303517
0.0303517
0.0303517
0.0303517
0.0303517
0.0303517
0.0303517
0.0303517
0.0303517
0.0303517
0.0303517
0.0303517
0.0303517
0.0303517
0.0303517
0.0303517
0.0303517
0.0303517
0.0303517
0.0303517
0.0303517
0.0303517
0.0303517
0.0303517
0.0303517
0.0303517
0.0303517
0.0303517
0.0303517
0.0303517
0.0303517
0.0303517
0.0303517
0.0303517
0.0303517
0.0303517
0.0303517
0.0303517
0.0303517
0.0303517
0.0303517
0.0303517
0.0303517
0.0303517
0.0303517
0.0303517
0.0303517
0.0303517
0.0303517
0.0303517
0.0303517
0.0303517
0.0303517
0.0303517
0.0303517
0.0303517
0.0303517
0.0303517
0.0303517
0.0303517
0.0303517
0.0303517
0.0303517
0.0303517
0.0303517
0.0303517
0.0303517
0.0303517
0.0303517
0.0303517
0.0303517
0.0303517
0.0303517
0.0303517
0.0303517
0.0303517
0.0303517
0.0303517
0.0303517
0.0303517
0.0303517
0.0303517
0.0303517
0.0303517
0.0303517
0.0303517
0.0303517
0.0303517
0.0303517
0.0303517
0.0303517
0.0303517
0.0303517
0.0303517
0.0303517
0.0303517
0.0303517
0.0303517
0.0303517
0.0303517
0.0303517
0.0303517
0.0303517
0.0303517
0.0303517
0.0303517
0.0303517
0.0303517
0.0303517
0.0303517
0.0303517
0.0303517
0.0303517
0.0303517
0.0303517
0.0303517
0.0303517
0.0303517
0.0303517
0.0303517
0.0303517
0.0303517
0.0303517
0.0303517
0.0303517
0.0303517
0.0303517
0.0303517
0.0303517
0.0303517
0.0303517
0.0303517
0.0303517
0.0303517
0.0303517
0.0303517
0.0303517
0.0303517
0.0303517
0.0303517
0.0303517
0.0303517
0.0303517
0.0303517
0.0303517
0.0303517
0.0303517
0.0303517
0.0303517
0.0303517
0.0303517
0.0303517
0.0303517
0.0303517
0.0303517
0.0303517
0.0303517
0.0303517
0.0303517
0.0303517
0.0303517
0.0303517
0.0303517
0.0303517
0.0303517
0.0303517
0.0303517
0.0303517
0.0303517
0.0303517
0.0303517
0.0303517
0.0303517
0.0303517
0.0303517
0.0303517
0.0303517
0.0303517
0.0303517
0.0303517
0.0303517
0.0303517
0.0303517
0.0303517
0.0303517
0.0303517
0.0303517
0.0303517
0.0303517
0.0303517
0.0303517
0.0303517
0.0303517
0.0303517
0.0303517
0.0303517
0.0303517
0.0303517
0.0303517
0.0303517
0.0303517
0.0303517
0.0303517
0.0303517
0.0303517
0.0303517
0.0303517
0.0303517
0.0303517
0.0303517
0.0303517
0.0303517
0.0303517
0.0303517
0.0303517
0.0303517
0.0303517
0.0303517
0.0303517
0.0303517
0.0303517
0.0303517
0.0303517
0.0303517
0.0303517
0.0303517
0.0303517
0.0303517
0.0303517
0.0303517
0.0303517
0.0303517
0.0303517
0.0303517
0.0303517
0.0303517
0.0303517
0.0303517
0.0303517
0.0303517
0.0303517
0.0303517
0.0303517
0.0303517
0.0303517
0.0303517
0.0303517
0.0303517
0.0303517
0.0303517
0.0303517
0.0303517
0.0303517
0.0303517
0.0303517
0.0303517
0.0303517
0.0303517
0.0303517
0.0303517
0.0303517
0.0303517
0.0303517
0.0303517
0.0303517
0.0303517
0.0303517
0.0303517
0.0303517
0.0303517
0.0303517
0.0303517
0.0303517
0.0303517
0.0303517
0.0303517
0.0303517
0.0303517
0.0303517
0.0303517
0.0303517
0.0303517
0.0303517
0.0303517
0.0303517
0.0303517
0.0303517
0.0303517
0.0303517
0.0303517
0.0303517
0.0303517
0.0303517
0.0303517
0.0303517
0.0303517
0.0303517
0.0303517
0.0303517
0.0303517
0.0303517
0.0303517
0.0303517
0.0303517
0.0303517
0.0303517
0.0303517
0.0303517
0.0303517
0.0303517
0.0303517
0.0303517
0.0303517
0.0303517
0.0303517
0.0303517
0.0303517
0.0303517
0.0303517
0.0303517
0.0303517
0.0303517
0.0303517
0.0303517
0.0303517
0.0303517
0.0303517
0.0303517
0.0303517
0.0303517
0.0303517
0.0303517
0.0303517
0.0303517
0.0303517
0.0303517
0.0303517
0.0303517
0.0303517
0.0303517
0.0303517
0.0303517
0.0303517
0.0303517
0.0303517
0.0303517
0.0303517
0.0303517
0.0303517
0.0303517
0.0303517
0.0303517
0.0303517
0.0303517
0.0303517
0.0303517
0.0303517
0.0303451
0.0302051
0.0300669
0.0300166
0.0297097
0.0297024
0.029538
0.0292917
0.0290823
0.0289451
0.0288917
0.0286959
0.0285621
0.0284127
0.0282869
0.0281666
0.0279501
0.027899
0.0277874
0.0276831
0.0275643
0.0274435
0.0273095
0.0272304
0.0271196
0.0270461
0.026933
0.0268538
0.0267596
0.0266506
0.0265762
0.0264518
0.0263495
0.0262872
0.0261771
0.0260108
0.0258658
0.0258311
0.0257104
0.0256139
0.025486
0.0253955
0.0252169
0.0251092
0.0250195
0.0248582
0.024743
0.0246696
0.0244418
0.0243557
0.0242637
0.0241314
0.0239578
0.0238077
0.0237329
0.0236293
0.0234229
0.0233549
0.0232546
0.0231492
0.0230308
0.0229692
0.0228865
0.0227997
0.0227453
0.0226561
0.0225496
0.0223405
0.0223405
0.0222595
0.0221612
0.0221023
0.022025
0.0218763
0.021871
0.0217749
0.0216623
0.0215267
0.021414
0.0213223
0.021216
0.0211332
0.0209848
0.020868
0.0207908
0.0206571
0.0206027
0.0204934
0.0204126
0.0202993
0.0202424
0.0200923
0.0200081
0.0199585
0.0198442
0.0197859
0.0197102
0.0196815
0.0195876
0.0195131
0.0194427
0.0192761
0.019263
0.019168
0.0190939
0.0189855
0.0189199
0.0188469
0.0187364
0.0186923
0.0186613
0.0186223
0.0185723
0.0185149
0.0184736
0.0183981
0.0183147
0.0182629
0.0181938
0.018136
0.0180793
0.018003
0.0179373
0.0178827
0.0178127
0.0177723
0.017683
0.017639
0.0175815
0.0174879
0.0174245
0.0173026
0.0172359
0.0171373
0.0170811
0.01696
0.0168729
0.0167596
0.0166733
0.0165512
0.0164904
0.0163687
0.0162939
0.0161506
0.0160278
0.0159868
0.0158089
0.0157779
0.0156581
0.0155877
0.0154567
0.0154567
0.0152657
0.0151657
0.0150324
0.0149129
0.0147066
0.0146461
0.0145047
0.0144202
0.014313
0.0142422
0.0141448
0.0141204
0.0140187
0.013973
0.0139203
0.0138771
0.0138073
0.0137449
0.0136724
0.0136216
0.0135446
0.0134586
0.013428
0.0133809
0.0133106
0.0132805
0.0131955
0.013151
0.0130917
0.0130405
0.012939
0.0129181
0.0128633
0.0127495
0.0126761
0.0126096
0.0125216
0.0124753
0.0124127
0.0123977
0.012352
0.0123079
0.0122733
0.0122344
0.0121981
0.0121578
0.0121578
0.0121578
0.0121578
0.0121578
0.0121578
0.0121578
0.0121578
0.0121578
0.0121578
0.0121578
0.0121578
0.0121578
0.0121578
0.0121578
0.0121578
0.0121578
0.0121578
0.0121578
0.0121578
0.0121578
0.0121578
0.0121578
0.0121578
0.0121578
0.0121578
0.0121578
0.0121578
0.0121578
0.0121578
0.0121578
0.0121578
0.0121578
0.0121578
0.0121578
0.0121578
0.0121578
0.0121578
0.0121578
0.0121578
0.0121578
0.0121578
0.0121578
0.0121578
0.0121578
0.0121578
0.0121578
0.0121578
0.0121578
0.0121578
0.0121578
0.0121578
0.0121578
0.0121578
0.0121578
0.0121578
0.0121578
0.0121578
0.0121578
0.0121578
0.0121578
0.0121578
0.0121578
0.0121578
0.0121578
0.0121578
0.0121578
0.0121578
0.0121578
0.0121578
0.0121578
0.0121578
0.0121578
0.0121578
0.0121578
0.0121578
0.0121578
0.0121578
0.0121578
0.0121578
0.0121578
0.0121578
0.0121578
0.0121578
0.0121578
0.0121578
0.0121578
0.0121578
0.0121578
0.0121578
0.0121578
0.0121578
0.0121578
0.0121578
0.0121578
0.0121578
0.0121578
0.0121578
0.0121578
0.0121578
0.0121578
0.0121578
0.0121578
0.0121578
0.0121578
0.0121578
0.0121578
0.0121578
0.0121578
0.0121578
0.0121578
0.0121578
0.0121578
0.0121578
0.0121578
0.0121578
0.0121578
0.0121578
0.0121578
0.0121578
0.0121578
0.0121578
0.0121578
0.0121578
0.0121578
0.0121578
0.0121578
0.0121578
0.0121578
0.0121578
0.0121578
0.0121578
0.0121578
0.0121578
0.0121578
0.0121578
