362851
46872.7
46872.7
46872.7
20220.5
4509.05
4509.05
4509.05
4509.05
4509.05
4509.05
2136.06
2136.06
2136.06
2136.06
1365.57
1365.57
928.218
928.218
841.674
841.674
841.674
841.674
841.674
841.674
841.674
841.674
841.674
841.674
841.674
559.253
559.253
407.839
327.782
245.904
194.393
95.7334
33.6587
12.8573
12.8573
9.40708
9.40708
6.69707
6.69707
5.84007
5.45952
5.45952
5.45952
5.45952
4.77655
4.77655
4.77655
4.77655
4.58304
4.58304
4.32488
4.32488
4.32488
4.32488
4.32488
4.32488
4.31307
4.31307
4.2872
4.16674
3.82962
3.30348
3.06857
3.06857
2.94877
2.80549
2.80549
2.53048
2.45608
2.45608
2.43274
2.42315
2.29891
2.29891
2.2883
2.21862
2.18703
2.16254
2.14797
2.09283
2.00688
2.00688
1.96956
1.94851
1.92792
1.8908
1.85576
1.84252
1.83857
1.82476
1.81637
1.7989
1.7989
1.78476
1.77583
1.75387
1.73403
1.71562
1.67703
1.66562
1.65324
1.637
1.61953
1.58533
1.56825
1.54162
1.49236
1.49236
1.47037
1.46191
1.44305
1.41913
1.4081
1.40023
1.39107
1.38002
1.36335
1.35576
1.30254
1.28417
1.24198
1.2274
1.21935
1.17184
1.118
1.118
1.07753
1.07271
1.04125
1.03646
1.03075
1.0141
1.01101
0.992197
0.987265
0.973152
0.973152
0.962734
0.951161
0.942613
0.935861
0.928259
0.928259
0.91976
0.897942
0.897942
0.890029
0.885377
0.882901
0.87985
0.874902
0.871367
0.866716
0.866311
0.864571
0.862859
0.861941
0.857786
0.856285
0.853124
0.850229
0.848231
0.843763
0.840872
0.833731
0.832166
0.828889
0.827566
0.824554
0.822417
0.817907
0.812766
0.809159
0.805012
0.800357
0.794332
0.790509
0.787594
0.78064
0.77803
0.774493
0.769414
0.764951
0.762623
0.75422
0.751919
0.742652
0.740653
0.734186
0.730765
0.72393
0.721453
0.716296
0.711509
0.708689
0.705197
0.701114
0.698201
0.694304
0.690553
0.687103
0.685127
0.682575
0.67839
0.6744
0.672426
0.668931
0.665253
0.662754
0.657815
0.655195
0.647752
0.641516
0.629375
0.628266
0.628266
0.621044
0.615161
0.609529
0.605024
0.599389
0.595783
0.590465
0.587381
0.583542
0.578236
0.578236
0.575391
0.572758
0.568245
0.566974
0.564163
0.560462
0.558601
0.556861
0.554662
0.552252
0.550179
0.547496
0.543032
0.539349
0.534827
0.532755
0.529065
0.523801
0.520069
0.516715
0.513311
0.509718
0.50495
0.501326
0.495367
0.489878
0.486119
0.477894
0.474779
0.470126
0.466731
0.464306
0.462118
0.459412
0.455827
0.454302
0.451925
0.450059
0.446982
0.44385
0.440416
0.437777
0.434605
0.431811
0.42967
0.427018
0.424786
0.42346
0.421033
0.419131
0.41778
0.415354
0.411852
0.410976
0.407938
0.405752
0.404333
0.402706
0.401562
0.400207
0.397984
0.396775
0.395296
0.39369
0.392021
0.390465
0.388851
0.387201
0.385564
0.38262
0.380783
0.378909
0.377603
0.376719
0.372737
0.371288
0.371149
0.369276
0.368055
0.365896
0.364227
0.361803
0.358859
0.358307
0.356121
0.353219
0.35105
0.348749
0.347105
0.346159
0.343656
0.341129
0.340124
0.338994
0.33758
0.334324
0.332953
0.328857
0.327188
0.325358
0.323294
0.321545
0.319017
0.316756
0.313932
0.311455
0.307954
0.306209
0.302884
0.301058
0.29946
0.297511
0.295663
0.292044
0.291417
0.288223
0.286594
0.283877
0.282849
0.281033
0.279053
0.277063
0.274833
0.273565
0.27186
0.270548
0.268834
0.267637
0.265956
0.264793
0.264173
0.262638
0.262044
0.261118
0.260339
0.259443
0.259016
0.258743
0.258289
0.257796
0.257589
0.256901
0.256269
0.255978
0.255136
0.254117
0.253509
0.252343
0.250342
0.249989
0.248908
0.248011
0.247026
0.245368
0.244563
0.243129
0.242433
0.241529
0.240584
0.239103
0.238651
0.237437
0.236755
0.23583
0.235213
0.233538
0.233077
0.231701
0.230668
0.229516
0.227459
0.226894
0.22603
0.224924
0.223392
0.222633
0.221747
0.22029
0.219812
0.218788
0.218277
0.217505
0.216862
0.215322
0.21429
0.213288
0.213202
0.212191
0.211592
0.210064
0.210064
0.209275
0.207389
0.206285
0.204712
0.204148
0.202935
0.20132
0.199991
0.199261
0.198771
0.197586
0.195407
0.193304
0.192579
0.192473
0.191324
0.191103
0.190911
0.190911
0.190575
0.189256
0.189256
0.188544
0.188408
0.187414
0.186619
0.185918
0.184524
0.183976
0.183582
0.182318
0.18146
0.180759
0.180067
0.17911
0.178495
0.177568
0.176871
0.175645
0.174988
0.173489
0.173326
0.172459
0.171654
0.171454
0.170825
0.169608
0.169608
0.168606
0.168282
0.167506
0.166465
0.165986
0.165701
0.164878
0.164243
0.163869
0.163545
0.162879
0.161807
0.160303
0.160303
0.160181
0.159601
0.158881
0.158857
0.158232
0.157487
0.157252
0.156736
0.156258
0.155807
0.155324
0.154547
0.153682
0.153236
0.152081
0.151564
0.150657
0.149856
0.149157
0.148543
0.147852
0.147096
0.146146
0.144884
0.143885
0.143213
0.14158
0.139478
0.139264
0.137692
0.136146
0.135298
0.133605
0.133046
0.131432
0.130403
0.129608
0.128061
0.12723
0.127045
0.126221
0.124846
0.124215
0.123775
0.122013
0.121746
0.121327
0.119925
0.118699
0.118016
0.116164
0.115504
0.115111
0.114457
0.113636
0.112658
0.112266
0.111768
0.110992
0.110463
0.110211
0.109885
0.109056
0.108594
0.108008
0.107966
0.107274
0.106927
0.106415
0.106161
0.105714
0.105144
0.10452
0.104125
0.103033
0.102798
0.102277
0.101488
0.100814
0.100262
0.0996732
0.0993515
0.0987242
0.0981754
0.0977174
0.0971147
0.0966365
0.0961857
0.0956368
0.0950051
0.0943593
0.0937879
0.0932561
0.0929609
0.0925269
0.0918946
0.0914546
0.0911133
0.0907125
0.0901879
0.0896763
0.0894443
0.089185
0.088891
0.0884269
0.0882149
0.0878307
0.0876757
0.0874861
0.0869689
0.0869689
0.0866029
0.0864039
0.0863056
0.0859361
0.0854741
0.0852497
0.0850069
0.0847535
0.0844881
0.0842417
0.084048
0.0837711
0.0834703
0.0832205
0.0828481
0.0826936
0.0823832
0.0820788
0.0818682
0.0816231
0.0812878
0.0809761
0.0807415
0.0805076
0.0802524
0.0800046
0.0797618
0.079645
0.0794872
0.0794178
0.0792576
0.0791796
0.0790006
0.0787773
0.078632
0.0784971
0.0783425
0.0780911
0.0779694
0.0777783
0.0774264
0.0771514
0.0768328
0.0767449
0.0761033
0.0758458
0.0750528
0.0749819
0.0744846
0.0741597
0.0735396
0.0734248
0.0729675
0.0728651
0.0725342
0.0722416
0.0719677
0.0717158
0.0714337
0.0708625
0.0705115
0.0701577
0.0698
0.0693347
0.0686794
0.0686738
0.0681247
0.0679452
0.0672471
0.0670682
0.0662827
0.0658793
0.0653262
0.064842
0.0643098
0.063696
0.0636048
0.0631991
0.0627721
0.0623607
0.0619116
0.061688
0.0611127
0.060292
0.060292
0.0598584
0.0593114
0.0592276
0.0588686
0.0586238
0.0581126
0.0579877
0.0576934
0.0573471
0.0569882
0.0566901
0.0564277
0.0560677
0.0556369
0.0554317
0.0551667
0.0549388
0.0548349
0.0544438
0.0542752
0.0540545
0.0537094
0.0534727
0.0530538
0.0528374
0.0526473
0.0525301
0.0521598
0.0519883
0.0516957
0.0515947
0.0513126
0.0512293
0.0510497
0.0509647
0.0508259
0.0506912
0.0505542
0.0504439
0.0502776
0.0501326
0.0500395
0.0499388
0.049864
0.0497863
0.0497238
0.0497238
0.0497238
0.0497238
0.0497238
0.0497238
0.0497238
0.0497238
0.0497238
0.0497238
0.0497238
0.0497238
0.0497238
0.0497238
0.0497238
0.0497238
0.0497238
0.0497238
0.0497238
0.0497238
0.0497238
0.0497238
0.0497238
0.0497238
0.0497238
0.0497238
0.0497238
0.0497238
0.0497238
0.0497238
0.0497238
0.0497238
0.0497238
0.0497238
0.0497238
0.0497238
0.0497238
0.0497238
0.0497238
0.0497238
0.0497238
0.0497238
0.0497238
0.0497238
0.0497238
0.0497238
0.0497238
0.0497238
0.0497238
0.0497238
0.0497238
0.0497238
0.0497238
0.0497238
0.0497238
0.0497238
0.0497238
0.0497238
0.0497238
0.0497238
0.0497238
0.0497238
0.0497238
0.0497238
0.0497238
0.0497238
0.0497238
0.0497238
0.0497238
0.0497238
0.0497238
0.0497238
0.0497238
0.0497238
0.0497238
0.0497238
0.0497238
0.0497238
0.0497238
0.0497238
0.0497238
0.0497238
0.0497238
0.0497238
0.0497238
0.0497238
0.0497238
0.0497238
0.0497238
0.0497238
0.0497238
0.0497238
0.0497238
0.0497238
0.0497238
0.0497238
0.0497238
0.0497238
0.0497238
0.0497238
0.0497238
0.0497238
0.0497238
0.0497238
0.0497238
0.0497238
0.0497238
0.0497238
0.0497238
0.0497238
0.0497238
0.0497238
0.0497238
0.0497238
0.0497238
0.0497238
0.0497238
0.0497238
0.0497238
0.0497238
0.0497238
0.0497238
0.0497238
0.0497238
0.0497238
0.0497238
0.0497238
0.0497238
0.0497238
0.0497238
0.0497238
0.0497238
0.0497238
0.0497238
0.0497238
0.0497238
0.0497238
0.0497238
0.0497238
0.0497238
0.0497238
0.0497238
0.0497238
0.0497238
0.0497238
0.0497238
0.0497238
0.0497238
0.0497238
0.0497238
0.0497238
0.0497238
0.0497238
0.0497238
0.0497238
0.0497238
0.0497238
0.0497238
0.0497238
0.0497238
0.0497238
0.0497238
0.0497238
0.0497238
0.0497238
0.0497238
0.0497238
0.0497238
0.0497238
0.0497238
0.0497238
0.0497238
0.0497238
0.0497238
0.0497238
0.0497238
0.0497238
0.0497238
0.0497238
0.0497238
0.0497238
0.0497238
0.0497238
0.0497238
0.0497238
0.0497238
0.0497238
0.0497238
0.0497238
0.0497238
0.0497238
0.0497238
0.0497238
0.0497238
0.0497238
0.0497238
0.0497238
0.0497238
0.0497238
0.0497238
0.0497238
0.0497238
0.0497238
0.0497238
0.0497238
0.0497238
0.0497238
0.0497238
0.0497238
0.0497238
0.0497238
0.0497238
0.0497238
0.0497238
0.0497238
0.0497238
0.0497238
0.0497238
0.0497238
0.0497238
0.0497238
0.0497238
0.0497238
0.0497238
0.0497238
0.0497238
0.0497238
0.0497238
0.0497238
0.0497238
0.0497238
0.0497238
0.0497238
0.0497238
0.0497238
0.0497238
0.0497238
0.0497238
0.0497238
0.0497238
0.0497238
0.0497238
0.0497238
0.0497238
0.0497238
0.0497238
0.0497238
0.0497238
0.0497238
0.0497238
0.0497238
0.0497238
0.0497238
0.0497238
0.0497238
0.0497238
0.0497238
0.0497238
0.0497238
0.0497238
0.0497238
0.0497238
0.0497238
0.0497238
0.0497238
0.0497238
0.0497238
0.0497238
0.0497238
0.0497238
0.0497238
0.0497238
0.0497238
0.0497238
0.0497238
0.0497238
0.0497238
0.0497238
0.0497238
0.0497238
0.0497238
0.0497238
0.0497238
0.0497238
0.0497238
0.0497238
0.0497238
0.0497238
0.0497238
0.0497238
0.0497238
0.0497238
0.0497238
0.0497238
0.0497238
0.0497238
0.0497238
0.0497238
0.0497238
0.0497238
0.0497238
0.0497238
0.0497238
0.0497238
0.0497238
0.0497238
0.0497238
0.0497238
0.0497238
0.0497238
0.0497238
0.0497238
0.0497238
0.0497238
0.0497238
0.0497238
0.0497238
0.0497238
0.0497238
0.0497238
0.0497238
0.0497238
0.0497238
0.0497238
0.0497238
0.0497238
0.0497238
0.0497238
0.0497238
0.0497238
0.0497238
0.0497238
0.0497238
0.0497238
0.0497238
0.0497238
0.0497238
0.0497238
0.0497238
0.0497238
0.0497238
0.0497238
0.0497238
0.0497238
0.0497238
0.0497238
0.0497238
0.0497238
0.0497238
0.0497238
0.0497238
0.0497238
0.0497238
0.0497238
0.0497238
0.0497238
0.0497238
0.0497238
0.0497238
0.0497238
0.0497238
0.0497238
0.0497238
0.0497238
0.0497238
0.0497238
0.0497238
0.0497238
0.0497238
0.0497238
0.0497238
0.0497238
0.0497238
0.0497238
0.0497238
0.0497238
0.0497238
0.0497238
0.0497238
0.0497238
0.0497238
0.0497238
0.0497238
0.0497238
0.0497238
0.0497238
0.0497238
0.0497238
0.0497238
0.0497238
0.0497238
0.0497238
0.0497238
0.0497238
0.0497238
0.0497238
0.0497238
0.0497238
0.0497238
0.0497238
0.0497238
0.0497238
0.0497238
0.0497238
0.0497238
0.0497238
0.0497238
0.0497238
0.0497238
0.0497238
0.0497238
0.0497238
0.0497238
0.0497238
0.0497238
0.0497238
0.0497238
0.0497238
0.0497238
0.0497238
0.0497238
0.0497238
0.0497238
0.0497238
0.0497238
0.0497238
0.0497238
0.0497238
0.0497238
0.0497238
0.0497238
0.0497238
0.0497238
0.0497238
0.0497238
0.0497238
0.0497238
0.0497238
0.0497238
0.0497238
0.0497238
0.0497238
0.0497238
0.0497238
0.0497238
0.0497238
0.0497238
0.0497238
0.0497238
0.0497238
0.0497238
0.0497238
0.0497238
0.0497238
0.0497238
0.0497238
0.0497238
0.0497238
0.0497238
0.0497238
0.0497238
0.0497238
0.0497238
0.0497238
0.0497238
0.0497238
0.0497238
0.0497238
0.0497238
0.0497238
0.0497238
0.0497238
0.0497238
0.0497238
0.0497238
0.0497238
0.0497238
0.0497238
0.0497238
0.0497238
0.0497238
0.0497238
0.0497238
0.0497238
0.0497238
0.0497238
0.0497238
0.0497238
0.0497238
0.0497238
0.0497238
0.0497238
0.0497238
0.0497238
0.0497238
0.0497238
0.0497238
0.0497238
0.0497238
0.0497238
0.0497238
0.0497238
0.0497238
0.0497238
0.0497238
0.0497238
0.0497238
0.0497238
0.0497238
0.0497238
0.0497238
0.0497238
0.0497238
0.0497238
0.0497238
0.0497238
0.0497238
0.0497238
0.0497238
0.0497238
0.0497238
0.0497238
0.0497238
0.0497238
0.0497238
0.0497238
0.0497238
0.0497238
0.0497238
0.0497238
0.0497238
0.0497238
0.0497238
0.0497238
0.0497238
0.0497238
0.0497238
0.0497238
0.0497238
0.0497238
0.0497238
0.0497238
0.0497238
0.0497238
0.0497238
0.0497238
0.0497238
0.0497238
0.0497238
0.0497238
0.0497238
0.0497238
0.0497238
0.0497238
0.0497238
0.0497238
0.0497238
0.0497238
0.0497238
0.0497238
0.0497238
0.0497238
0.0497238
0.0497238
0.0497238
0.0497238
0.0497238
0.0497238
0.0497238
0.0497238
0.0497238
0.0497238
0.0497238
0.0497238
0.0497238
0.0497238
0.0497238
0.0497238
0.0497238
0.0497238
0.0497238
0.0497238
0.0497238
0.0497238
0.0497238
0.0497238
0.0497238
0.0497238
0.0497238
0.0497238
0.0497238
0.0497238
0.0497238
0.0497238
0.0497238
0.0497238
0.0497238
0.0497238
0.0497238
0.0497238
0.0497238
0.0497238
0.0497238
0.0497238
0.0497238
0.0497238
0.0497238
0.0497238
0.0497238
0.0497238
0.0497238
0.0497238
0.0497238
0.0497238
0.0497238
0.0497238
0.0497238
0.0497238
0.0497238
0.0497238
0.0497238
0.0497238
0.0497238
0.0497238
0.0497238
0.0497238
0.0497238
0.0497238
0.0497238
0.0497238
0.0497238
0.0497238
0.0497238
0.0497238
0.0497238
0.0497238
0.0497238
0.0497238
0.0497238
0.0497238
0.0497238
0.0497238
0.0495898
0.0492275
0.048973
0.0485974
0.0484018
0.0479093
0.0474939
0.0473577
0.0469822
0.0465675
0.0463941
0.0459758
0.0456817
0.0454981
0.0450212
0.0448925
0.0445485
0.0443805
0.0441888
0.0437765
0.0436294
0.0433578
0.0431005
0.0428194
0.0426353
0.0423137
0.0421158
0.041868
0.0416209
0.0413505
0.0411066
0.040898
0.0407304
0.040488
0.0403156
0.040243
0.0399373
0.0397187
0.039492
0.039377
0.0390475
0.0387371
0.0385452
0.0383538
0.0381609
0.0378529
0.0377027
0.0371911
0.0370172
0.0365638
0.0362497
0.036204
0.0358943
0.0356671
0.0355256
0.0351018
0.0349073
0.0346591
0.0342581
0.0341651
0.0339573
0.0336271
0.0333476
0.0331679
0.032894
0.0327152
0.032571
0.0322768
0.0319734
0.0318023
0.0316044
0.0314497
0.0311888
0.0309073
0.0307136
0.0304296
0.0303734
0.0301627
0.0299481
0.0296855
0.0295979
0.0294069
0.0292641
0.0291138
0.0289
0.0287407
0.0285759
0.028211
0.0281228
0.0279638
0.0277755
0.0275937
0.027446
0.0272767
0.0270341
0.0268547
0.0266264
0.0265678
0.0263704
0.0261529
0.0258904
0.0258904
0.0257112
0.0255415
0.0254172
0.025236
0.025032
0.0250063
0.0247637
0.0246096
0.0244695
0.0242863
0.0242475
0.0240789
0.0238613
0.0237897
0.0236025
0.0234843
0.0232847
0.0232587
0.0231537
0.0229959
0.0229466
0.0228499
0.0227497
0.0227192
0.0225984
0.0225416
0.0224907
0.0223839
0.0223169
0.0222146
0.0221176
0.0220178
0.0219301
0.0218343
0.0217259
0.0216202
0.0215427
0.0214479
0.0213805
0.0212817
0.0212411
0.0211422
0.021078
0.0209623
0.0209119
0.0208613
0.0208225
0.020743
0.020707
0.0206461
0.0205705
0.0205007
0.0204842
0.0203932
0.0203372
0.0202917
0.0202516
0.0202082
0.0201493
0.0200884
0.0199929
0.0199491
0.0198966
0.019817
0.0196809
0.0196079
0.0195769
0.0194755
0.0193795
0.019309
0.019228
0.0191391
0.019031
0.0189948
0.0188266
0.0187392
0.0186314
0.0185526
0.0184919
0.0184349
0.0183668
0.0182916
0.0182349
0.0181646
0.0181086
0.0180676
0.0180177
0.0179513
0.0178857
0.0178494
0.0177968
0.0177314
0.0176785
0.0176141
0.0175678
0.0175086
0.0174427
0.0173988
0.0173385
0.0173042
0.0172519
0.0172519
0.0172519
0.0172519
0.0172519
0.0172519
0.0172519
0.0172519
0.0172519
0.0172519
0.0172519
0.0172519
0.0172519
0.0172519
0.0172519
0.0172519
0.0172519
0.0172519
0.0172519
0.0172519
0.0172519
0.0172519
0.0172519
0.0172519
0.0172519
0.0172519
0.0172519
0.0172519
0.0172519
0.0172519
0.0172519
0.0172519
0.0172519
0.0172519
0.0172519
0.0172519
0.0172519
0.0172519
0.0172519
0.0172519
0.0172519
0.0172519
0.0172519
0.0172519
0.0172519
0.0172519
0.0172519
0.0172519
0.0172519
0.0172519
0.0172519
0.0172519
0.0172519
0.0172519
0.0172519
0.0172519
0.0172519
0.0172519
0.0159586
0.00628762
0.00628762
0.00628762
0.0059657
0.00248783
0.00248783
0.00248783
0.00248783
0.00106581
0.00106581
0.00104317
0.00104317
0.00104317
0.00104317
0.00104317
0.00104317
0.00102567
0.00102567
0.000816577
0.000816577
0.000816577
0.000816577
0.000816577
0.000794082
0.00074448
0.00074448
0.00074448
0.00074448
0.00074448
0.00074448
0.00074448
0.00074448
0.00074448
0.00074448
0.00074448
0.00074448
0.00074448
0.00074448
0.00074448
0.000741452
0.000741452
0.000741452
0.000741452
0.000741452
0.000741452
0.000741452
0.000741452
0.000741452
0.000741452
0.000741452
0.000741452
0.000741452
0.000741452
0.000741452
0.000741452
0.000741452
0.000741452
0.000741452
0.000741452
0.000741452
0.000741452
0.000741452
0.000741452
0.000741452
0.000741452
0.000741452
0.000741452
0.000741452
0.000741452
0.000741452
0.000741452
0.000741452
0.000741452
0.000741452
0.000741452
0.000741452
0.000741452
0.000741452
0.000741452
0.000741452
0.000741452
0.000741452
0.000741452
0.000741452
0.000741452
0.000741452
0.000741452
0.000741452
0.000741452
0.000741452
0.000741452
0.000741452
0.000741452
0.000741452
0.000741452
0.000741452
0.000741452
0.000741452
0.000741452
0.000741452
0.000741452
0.000741452
0.000741452
0.000741452
0.000741452
0.000741452
0.000741452
0.000741452
0.000741452
0.000741452
0.000741452
0.000741452
0.000741452
0.000741452
0.000741452
0.000741452
0.000741452
0.000741452
0.000741452
0.000741452
0.000741452
0.000741452
0.000741452
0.000741452
