410727
107492
63900.5
781.639
781.639
781.639
781.639
634.032
634.032
634.032
634.032
634.032
634.032
634.032
634.032
634.032
634.032
634.032
634.032
634.032
350.487
350.487
321.58
278.978
235.375
235.375
187.031
187.031
187.031
184.52
184.52
176.068
167.581
167.581
167.581
167.581
167.581
141.895
141.895
141.895
141.895
128.46
110.034
92.8724
85.6457
54.5274
54.5274
24.1857
21.6771
7.75283
7.59568
7.59568
7.59568
5.66982
5.66982
5.30045
4.84141
3.96368
3.96368
3.96368
3.96368
3.96368
3.68008
3.68008
3.60148
3.5097
3.5097
3.25901
3.25901
2.88212
2.88212
2.84666
2.84666
2.7809
2.54757
2.4774
2.46326
2.44087
2.36564
2.31263
2.30428
2.27474
2.25405
2.24299
2.22642
2.19858
2.19858
2.19131
2.17733
2.16975
2.15953
2.1531
2.146
2.14001
2.132
2.12331
2.11157
2.09531
2.0837
2.07154
2.04836
2.03126
2.01001
1.98595
1.95611
1.93412
1.91594
1.88828
1.881
1.85969
1.84691
1.82047
1.80701
1.78168
1.7387
1.73105
1.71514
1.69924
1.68334
1.67518
1.61874
1.61586
1.60225
1.57806
1.5409
1.5409
1.52548
1.50625
1.49277
1.48162
1.45692
1.43652
1.42188
1.403
1.37349
1.371
1.34366
1.33611
1.31786
1.30359
1.2938
1.28299
1.27119
1.26197
1.25305
1.24861
1.24277
1.23518
1.22918
1.22693
1.22324
1.21733
1.21411
1.19957
1.19011
1.19011
1.17741
1.16806
1.15219
1.14394
1.12823
1.1144
1.10499
1.09
1.08401
1.07485
1.06449
1.05761
1.05437
1.05195
1.03322
1.02561
1.02366
1.01217
1.00061
1.00061
0.986904
0.977131
0.971267
0.947095
0.947095
0.935976
0.924121
0.907233
0.899935
0.886915
0.883126
0.873701
0.865874
0.857822
0.850891
0.837401
0.833361
0.82607
0.819992
0.809505
0.802976
0.791741
0.787456
0.779963
0.774976
0.767805
0.762302
0.74569
0.738432
0.727824
0.723594
0.715575
0.697644
0.695135
0.686149
0.678455
0.671838
0.662563
0.657303
0.647093
0.63781
0.63347
0.631485
0.624165
0.617776
0.609781
0.605769
0.602932
0.601182
0.598895
0.595693
0.593487
0.591904
0.589011
0.587524
0.583516
0.580802
0.574578
0.573944
0.570717
0.567757
0.562088
0.555424
0.548718
0.543067
0.534419
0.526096
0.520178
0.516355
0.51056
0.505117
0.502874
0.498899
0.491248
0.48922
0.486923
0.477643
0.476037
0.47157
0.466396
0.463497
0.459496
0.456454
0.453055
0.450522
0.446841
0.444146
0.439476
0.435137
0.434452
0.431892
0.429257
0.42627
0.423505
0.420899
0.417131
0.415442
0.412413
0.410507
0.407403
0.405612
0.403872
0.401387
0.3978
0.397527
0.394232
0.390577
0.386735
0.386711
0.384371
0.382694
0.380809
0.378304
0.376423
0.376033
0.375202
0.374075
0.37235
0.371357
0.370275
0.369756
0.368818
0.367129
0.365015
0.364733
0.363697
0.363026
0.36156
0.360706
0.359013
0.35814
0.356884
0.355232
0.353755
0.352948
0.350471
0.349871
0.348703
0.344475
0.344475
0.34139
0.34104
0.338424
0.335959
0.334541
0.332748
0.330927
0.329664
0.328803
0.327333
0.325031
0.323918
0.321377
0.320592
0.319514
0.317135
0.315907
0.313763
0.311105
0.308384
0.307047
0.304379
0.30221
0.300881
0.299686
0.297308
0.294889
0.292881
0.291322
0.28963
0.288456
0.286399
0.28502
0.283676
0.280615
0.279471
0.276921
0.276299
0.274987
0.273441
0.272293
0.270069
0.269553
0.268591
0.2675
0.266646
0.266075
0.263576
0.262241
0.260892
0.259763
0.259554
0.258527
0.257457
0.256345
0.255736
0.254939
0.253972
0.253634
0.252426
0.252339
0.251565
0.251188
0.250588
0.250375
0.249402
0.248369
0.248085
0.247162
0.246638
0.246214
0.245854
0.245358
0.245051
0.244513
0.243692
0.243214
0.242241
0.241146
0.240272
0.239446
0.23751
0.23727
0.235803
0.234762
0.233829
0.232076
0.230915
0.230433
0.229921
0.227984
0.226624
0.22574
0.224623
0.223865
0.222568
0.221835
0.22041
0.219272
0.218105
0.216141
0.215216
0.213987
0.212934
0.211471
0.210587
0.209546
0.208281
0.207607
0.206531
0.205374
0.204665
0.204038
0.203281
0.202594
0.201771
0.201564
0.201095
0.200669
0.199704
0.19943
0.199265
0.198634
0.198421
0.197763
0.197763
0.197428
0.196953
0.196518
0.19625
0.195159
0.195159
0.194712
0.194058
0.192869
0.192443
0.191914
0.190543
0.189
0.188806
0.187882
0.186879
0.185633
0.185138
0.184204
0.182277
0.18136
0.180802
0.180008
0.179042
0.178076
0.177474
0.176915
0.175946
0.175427
0.174817
0.173898
0.172941
0.172466
0.171805
0.171099
0.170798
0.169937
0.169375
0.168434
0.168052
0.167322
0.166515
0.165669
0.165017
0.163261
0.162735
0.161676
0.160786
0.159878
0.159408
0.158867
0.158213
0.157665
0.157223
0.156661
0.15616
0.155682
0.155246
0.154636
0.153958
0.153223
0.152615
0.151206
0.151022
0.150077
0.149636
0.148826
0.148055
0.147286
0.146529
0.145751
0.144977
0.144291
0.143736
0.143237
0.142827
0.14199
0.14146
0.140544
0.139758
0.139393
0.138395
0.137746
0.137281
0.136774
0.135535
0.135067
0.134214
0.133675
0.132532
0.132391
0.131369
0.130519
0.130108
0.129785
0.129382
0.128719
0.128195
0.127875
0.127466
0.126871
0.126387
0.125943
0.125564
0.125346
0.124851
0.124704
0.124463
0.124255
0.123976
0.123708
0.123476
0.123148
0.123036
0.122799
0.12258
0.122422
0.122243
0.122081
0.121995
0.121899
0.121725
0.121449
0.121374
0.121115
0.120893
0.120793
0.120619
0.120438
0.120325
0.119972
0.119474
0.119151
0.118662
0.118051
0.117947
0.11743
0.116829
0.115915
0.115388
0.114347
0.113935
0.112877
0.112275
0.111496
0.111003
0.109967
0.109178
0.108679
0.107838
0.107499
0.106695
0.106075
0.105445
0.105025
0.104431
0.103855
0.103534
0.103332
0.102901
0.102683
0.102322
0.101837
0.10142
0.101145
0.100732
0.100275
0.100046
0.0994825
0.0992448
0.098892
0.0984629
0.0979603
0.0975456
0.0971451
0.0966185
0.0962957
0.0959244
0.0956642
0.0954119
0.0951161
0.0949079
0.0946718
0.0943
0.0938099
0.0934377
0.0929879
0.0924337
0.0920239
0.0916783
0.0912442
0.0906122
0.0899832
0.0895187
0.0890326
0.0881304
0.0878703
0.0877165
0.0871062
0.0869276
0.0863117
0.0857067
0.0854217
0.0851008
0.0847738
0.0843466
0.0837522
0.0831347
0.0830432
0.0827762
0.0824108
0.0821794
0.081893
0.0815905
0.0813013
0.0807409
0.0804188
0.0802539
0.0797798
0.0796679
0.0793013
0.0791762
0.0789122
0.0787168
0.0785589
0.0783431
0.0781595
0.0779324
0.0778135
0.0776064
0.0773809
0.0772618
0.0770519
0.0769084
0.0766837
0.076468
0.0763116
0.0761096
0.0757305
0.0756187
0.0754326
0.0751884
0.0749308
0.0746779
0.0744811
0.0742688
0.0740387
0.0738653
0.0737158
0.0734387
0.0731666
0.0730033
0.0728936
0.0726462
0.0726202
0.072412
0.0720982
0.072069
0.0719274
0.0718241
0.0717201
0.0716038
0.0715288
0.0713557
0.0712573
0.0710889
0.0709364
0.0708796
0.0706678
0.0705541
0.0703726
0.0701151
0.0699202
0.0693772
0.0692994
0.0691925
0.0690157
0.0688757
0.0687679
0.0685478
0.0685478
0.0684989
0.0683928
0.0682486
0.0681747
0.068125
0.0679889
0.0676176
0.0676176
0.0674754
0.0673146
0.0671125
0.066994
0.0667849
0.0666812
0.0664792
0.0662204
0.0660521
0.0657351
0.0655993
0.0653833
0.0651671
0.0649125
0.0648822
0.0646897
0.0645329
0.0640638
0.0639015
0.0637356
0.0634615
0.0630341
0.0629026
0.0624533
0.0622489
0.0617341
0.061519
0.0611491
0.0607964
0.0605127
0.0600814
0.0598421
0.0594227
0.0593096
0.0587547
0.0585969
0.0584581
0.0580415
0.0578012
0.0573872
0.0572105
0.0568814
0.0561357
0.0561357
0.056064
0.0558154
0.0555148
0.0554355
0.0551717
0.0551102
0.0546499
0.0544864
0.0543385
0.0540936
0.05395
0.053709
0.0535027
0.0533976
0.0531412
0.0530339
0.052865
0.0527415
0.0525485
0.0523217
0.0522868
0.0521302
0.052022
0.051898
0.0517321
0.0515839
0.0514658
0.0512469
0.051105
0.0508564
0.0507982
0.0506289
0.0505561
0.0504055
0.0501821
0.0500246
0.0498451
0.0497515
0.0496009
0.0494931
0.0492778
0.0491253
0.0489741
0.0488666
0.0486849
0.0485512
0.0484157
0.0482989
0.0481771
0.0478964
0.0476824
0.047541
0.0473131
0.0471661
0.0468477
0.0467868
0.0465712
0.0463049
0.0461031
0.0459116
0.0456601
0.0453739
0.0451824
0.0449148
0.0448214
0.044645
0.044484
0.0442858
0.0441052
0.0440036
0.0438143
0.0435764
0.043367
0.0431919
0.0430515
0.0429022
0.0426918
0.0425902
0.0423928
0.0421126
0.04199
0.0416857
0.0416226
0.0415543
0.0414288
0.0412837
0.0408909
0.0405658
0.040495
0.0404554
0.0400911
0.0400834
0.0399516
0.0398362
0.0396613
0.0394847
0.0392873
0.0391414
0.0390557
0.0388459
0.0387771
0.0386281
0.0383981
0.038178
0.0380767
0.0378635
0.0376553
0.0375019
0.0374398
0.0370869
0.0370038
0.0369408
0.0367273
0.0365483
0.0364471
0.0362414
0.0360301
0.0359535
0.0357827
0.0356588
0.0355749
0.0354755
0.0354218
0.0353367
0.0352933
0.0351987
0.0351358
0.0351068
0.0349786
0.0349177
0.0348563
0.0348006
0.0346962
0.034644
0.0345287
0.0342322
0.0342276
0.0341013
0.0339974
0.0338947
0.0337438
0.0336879
0.0335761
0.0334687
0.0333361
0.0332591
0.0331609
0.0330423
0.0329503
0.0328617
0.032691
0.0326777
0.0325668
0.0323644
0.0322552
0.032181
0.0319513
0.0318582
0.0316632
0.0315113
0.0312348
0.031118
0.0309932
0.0307927
0.0305638
0.030488
0.0303227
0.0303052
0.0301406
0.0300797
0.030036
0.0299181
0.0297545
0.0297171
0.0296559
0.0293174
0.0293174
0.0292961
0.0291413
0.028939
0.028891
0.0287638
0.0286285
0.0285033
0.0283859
0.0283772
0.0282588
0.0281938
0.0280661
0.027947
0.0278891
0.0278569
0.0277536
0.0277107
0.0275877
0.0275752
0.0275022
0.0274394
0.0274091
0.0273528
0.0272694
0.0271889
0.0271308
0.0270063
0.0269811
0.0269197
0.0267472
0.0266786
0.0265155
0.0264129
0.0262678
0.0261899
0.0260802
0.0259504
0.0258277
0.0258039
0.0254885
0.0254424
0.0252217
0.025117
0.0248832
0.0248292
0.0246496
0.0245089
0.0244516
0.0243113
0.0242855
0.0242001
0.0241244
0.0240401
0.0239602
0.0238655
0.0238425
0.0238107
0.0237548
0.0236583
0.0236012
0.0235344
0.0234722
0.0234164
0.0233193
0.0232831
0.0232079
0.0231703
0.0230463
0.0229208
0.022731
0.022731
0.0226402
0.0226402
0.0225807
0.0225086
0.0224228
0.022327
0.022291
0.022217
0.0221377
0.0218935
0.0218104
0.0217356
0.0215536
0.0214399
0.0213049
0.0211668
0.0210756
0.0209665
0.0208552
0.0207417
0.0206598
0.0205235
0.0204704
0.0203353
0.0202697
0.0202086
0.0201439
0.0200551
0.0200026
0.0199745
0.0198996
0.0198716
0.0198103
0.0197671
0.0197299
0.0196563
0.0195927
0.0195474
0.01948
0.0194091
0.0193359
0.0192911
0.0192118
0.0191554
0.0190982
0.0190256
0.0189665
0.0189206
0.018846
0.0188122
0.0187242
0.0186309
0.0185574
0.0184734
0.0184215
0.0183369
0.0182843
0.0182075
0.0181264
0.0180098
0.0179095
0.0178764
0.0177794
0.0176771
0.0176311
0.0175749
0.0175532
0.017456
0.0174466
0.0173903
0.0173711
0.0173207
0.0172919
0.0172673
0.0172673
0.0172673
0.0172673
0.0172673
0.0172673
0.0172673
0.0172673
0.0172673
0.0172673
0.0172673
0.0172673
0.0172673
0.0172673
0.0172673
0.0172673
0.0172673
0.0172673
0.0172673
0.0172673
0.0172673
0.0172673
0.0172673
0.0172673
0.0172673
0.0172673
0.0172673
0.0172673
0.0172673
0.0172673
0.0172673
0.0172673
0.0172673
0.0172673
0.0172673
0.0172673
0.0172673
0.0172673
0.0172673
0.0172673
0.0172673
0.0172673
0.0172673
0.0172673
0.0172673
0.0172673
0.0172673
0.0172673
0.0172673
0.0172673
0.0172673
0.0172673
0.0172673
0.0172673
0.0172673
0.0172673
0.0172673
0.0172673
0.0172673
0.0172673
0.0172673
0.0172673
0.0172673
0.0172673
0.0172673
0.0172673
0.0172673
0.0172673
0.0172673
0.0172673
0.0172673
0.0172673
0.0172673
0.0172673
0.0172673
0.0172673
0.0172673
0.0172673
0.0172673
0.0172673
0.0172673
0.0172673
0.0172673
0.0172673
0.0172673
0.0172673
0.0172673
0.0172673
0.0172673
0.0172673
0.0172673
0.0172673
0.0172673
0.0172673
0.0172673
0.0172673
0.0172673
0.0172673
0.0172673
0.0172673
0.0172673
0.0172673
0.0172673
0.0172673
0.0172673
0.0172673
0.0172673
0.0172673
0.0172673
0.0172673
0.0172673
0.0172673
0.0172673
0.0172673
0.0172673
0.0172673
0.0172673
0.0172673
0.0172673
0.0172673
0.0172673
0.0172673
0.0172673
0.0172673
0.0172673
0.0172673
0.0172673
0.0172673
0.0172673
0.0172673
0.0172673
0.0172673
0.0172673
0.0172673
0.0172673
0.0172673
0.0172673
0.0172673
0.0172673
0.0172673
0.0172673
0.0172673
0.0172673
0.0172673
0.0172673
0.0172673
0.0172673
0.0172673
0.0172673
0.0172673
0.0172673
0.0172673
0.0172673
0.0172673
0.0172673
0.0172673
0.0172673
0.0172673
0.0172673
0.0172673
0.0172673
0.0172673
0.0172673
0.0172673
0.0172673
0.0172673
0.0172673
0.0172673
0.0172673
0.0172673
0.0172673
0.0172673
0.0172673
0.0172673
0.0172673
0.0172673
0.0172673
0.0172673
0.0172673
0.0172673
0.0172673
0.0172673
0.0172673
0.0172673
0.0172673
0.0172673
0.0172673
0.0172673
0.0172673
0.0172673
0.0172673
0.0172673
0.0172673
0.0172673
0.0172673
0.0172673
0.0172673
0.0172673
0.0172673
0.0172673
0.0172673
0.0172673
0.0172673
0.0172673
0.0172673
0.0172673
0.0172673
0.0172673
0.0172673
0.0172673
0.0172673
0.0172673
0.0172673
0.0172673
0.0172673
0.0172673
0.0172673
0.0172673
0.0172673
0.0172673
0.0172673
0.0172673
0.0172673
0.0172673
0.0172673
0.0172673
0.0172673
0.0172673
0.0172673
0.0172673
0.0172673
0.0172673
0.0172673
0.0172673
0.0172673
0.0172673
0.0172673
0.0172673
0.0172673
0.0172673
0.0172673
0.0172673
0.0172673
0.0172673
0.0172673
0.0172673
0.0172673
0.0172673
0.0172673
0.0172673
0.0172673
0.0172673
0.0172673
0.0172673
0.0172673
0.0172673
0.0172673
0.0172673
0.0172673
0.0172673
0.0172673
0.0172673
0.0172673
0.0172673
0.0172673
0.0172673
0.0172673
0.0172673
0.0172673
0.0172673
0.0172673
0.0172673
0.0172673
0.0172673
0.0172673
0.0172673
0.0172673
0.0172673
0.0172673
0.0172673
0.0172673
0.0172673
0.0172673
0.0172673
0.0172673
0.0172673
0.0172673
0.0172673
0.0172673
0.0172673
0.0172673
0.0172673
0.0172673
0.0172673
0.0172673
0.0172673
0.0172673
0.0172673
0.0172673
0.0172673
0.0172673
0.0172673
0.0172673
0.0172673
0.0172673
0.0172673
0.0172673
0.0172673
0.0172673
0.0172673
0.0172673
0.0172673
0.0172673
0.0172673
0.0172673
0.0172673
0.0172673
0.0172673
0.0172673
0.0172673
0.0172673
0.0172673
0.0172673
0.0172673
0.0172673
0.0172673
0.0172673
0.0172673
0.0172673
0.0172673
0.0172673
0.0172673
0.0172673
0.0172673
0.0172673
0.0172673
0.0172673
0.0172673
0.0172673
0.0172673
0.0172673
0.0172673
0.0172673
0.0172673
0.0172673
0.0172673
0.0172673
0.0172673
0.0172673
0.0172673
0.0172673
0.0172673
0.0172673
0.0172673
0.0172673
0.0172673
0.0172673
0.0172673
0.0172673
0.0172673
0.0172673
0.0172673
0.0172673
0.0172673
0.0172673
0.0172673
0.0172673
0.0172673
0.0172673
0.0172673
0.0172673
0.0172673
0.0172673
0.0172673
0.0172673
0.0172673
0.0172673
0.0172673
0.0172673
0.0172673
0.0172673
0.0172673
0.0172673
0.0172673
0.0172673
0.0172673
0.0172673
0.0172673
0.0172673
0.0172673
0.0172673
0.0172673
0.0172673
0.0172673
0.0172673
0.0172673
0.0172673
0.0172673
0.0172673
0.0172673
0.0172673
0.0172673
0.0172673
0.0172673
0.0172673
0.0172673
0.0172673
0.0172673
0.0172673
0.0172673
0.0172673
0.0172673
0.0172673
0.0172673
0.0172673
0.0172673
0.0172673
0.0172673
0.0172673
0.0172673
0.0172673
0.0172673
0.0172673
0.0172673
0.0172673
0.0172673
0.0172673
0.0172673
0.0172673
0.0172673
0.0172673
0.0172673
0.0172673
0.0172673
0.0172673
0.0172673
0.0172673
0.0172673
0.0172673
0.0172673
0.0172673
0.0172673
0.0172673
0.0172673
0.0172673
0.0172673
0.0172673
0.0172673
0.0172673
0.0172673
0.0172673
0.0172673
0.0172673
0.0172673
0.0172673
0.0172673
0.0172673
0.0172673
0.0172673
0.0172673
0.0172673
0.0172673
0.0172673
0.0172673
0.0172673
0.0172673
0.0172673
0.0172673
0.0172673
0.0172673
0.0172673
0.0172673
0.0172673
0.0172673
0.0172673
0.0172673
0.0172673
0.0172673
0.0172673
0.0172673
0.0172673
0.0172673
0.0172673
0.0172673
0.0172673
0.0172673
0.0172673
0.0172673
0.0172673
0.0172673
0.0172673
0.0172673
0.0172673
0.0172673
0.0172673
0.0172673
0.0172673
0.0172673
0.0172673
0.0172673
0.0172673
0.0172673
0.0172673
0.0172673
0.0172673
0.0172673
0.0172673
0.0172673
0.0172673
0.0172673
0.0172673
0.0172673
0.0172673
0.0172673
0.0172673
0.0172673
0.0172673
0.0172673
0.0172673
0.0172673
0.0172673
0.0172673
0.0172673
0.0172673
0.0172673
0.0172673
0.0172673
0.0172673
0.0172673
0.0172673
0.0172673
0.0172673
0.0172673
0.0172673
0.0172673
0.0172673
0.0172673
0.0172673
0.0172673
0.0172673
0.0172673
0.0172673
0.0172673
0.0172673
0.0172673
0.0172673
0.0172673
0.0172673
0.0172673
0.0172673
0.0172673
0.0172673
0.0172673
0.0172673
0.0172673
0.0172673
0.0172673
0.0172673
0.0172673
0.0172673
0.0172673
0.0172673
0.0172673
0.0172673
0.0172673
0.0172673
0.0172673
0.0172673
0.0172673
0.0172673
0.0172673
0.0172673
0.0172673
0.0172673
0.0172673
0.0172673
0.0172673
0.0172673
0.0172673
0.0172673
0.0172673
0.0172673
0.0172673
0.0172673
0.0172673
0.0172673
0.0172673
0.0172673
0.0172673
0.0172673
0.0172673
0.0172673
0.0172673
0.0172673
0.0172673
0.0172673
0.0172673
0.0172673
0.0172673
0.0172673
0.0172673
0.0172673
0.0172673
0.0172673
0.0172673
0.0172673
0.0172673
0.0172673
0.0172673
0.0172673
0.0172673
0.0172673
0.0172673
0.0172673
0.0172673
0.0172673
0.0172673
0.0172673
0.0172673
0.0172673
0.0172673
0.0172673
0.0172673
0.0172673
0.0172673
0.0172673
0.0172673
0.0172673
0.0172673
0.0172673
0.0172673
0.0172673
0.0172673
0.0172673
0.0172673
0.0172673
0.0172673
0.0172673
0.0172673
0.0172673
0.0172673
0.0172673
0.0172673
0.0172673
0.0172673
0.0172673
0.0172673
0.0172673
0.0172673
0.0172673
0.0172673
0.0172673
0.0172673
0.0172673
0.0172673
0.0172673
0.0172673
0.0172673
0.0172673
0.0172673
0.0172673
0.0172673
0.0172673
0.0172673
0.0172673
0.0172673
0.0172673
0.0172673
0.0172673
0.0172673
0.0172673
0.0172673
0.0172673
0.0172673
0.0172673
0.0172673
0.0172673
0.0172673
0.0172673
0.0172673
0.0172673
0.0172673
0.0172673
0.0172673
0.0172673
0.0172673
0.0172673
0.0172673
0.0172673
0.0172673
0.0172673
0.0172673
0.0172673
0.0172673
0.0172673
0.0172673
0.0172673
0.0172673
0.0172673
0.0172673
0.0172673
0.0172673
0.0172673
0.0172673
0.0172673
0.0172673
0.0172673
0.0172673
0.0172673
0.0172673
0.0172673
0.0172673
0.0172673
0.0172673
0.0172673
0.0172673
0.0172673
0.0172673
0.0172673
0.0172673
0.0172673
0.0172673
0.0172673
0.0172673
0.0172673
0.0172673
0.0172673
0.0172673
0.0172673
0.0172673
0.0172673
0.0172673
0.0172673
0.0172673
0.0172673
0.0172673
0.0172673
0.0172673
0.0172673
0.0172673
0.0172673
0.0172673
0.0172673
0.0172673
0.0172673
0.0172673
0.0172673
0.0172673
0.0172673
0.0172673
0.0172673
0.0172673
0.0172673
0.0172673
0.0172673
0.0172673
0.0172673
0.0172673
0.0172673
0.0172673
0.0172673
0.0172673
0.0172673
0.0172673
0.0172673
0.0172673
0.0172673
0.0172673
0.0172673
0.0172673
0.0172673
0.0172673
0.0172673
0.0172673
0.0172673
0.0172673
0.0172673
0.0172673
0.0172673
0.0172673
0.0172673
0.0172673
0.0172673
0.0172673
0.0172673
0.0172673
0.0172673
0.0172673
0.0172673
0.0172673
0.0172673
0.0172673
0.0172673
0.0172673
0.0172673
0.0172673
0.0172673
0.0172673
0.0172673
0.0172673
0.0172673
0.0172673
0.0172673
0.0172673
0.0172673
0.0172673
0.0172673
0.0172673
0.0172673
0.0172673
0.0172673
0.0172673
0.0172673
0.0172673
0.0172673
0.0172673
0.0172673
0.0172673
0.0172673
0.0172673
0.0172673
0.0172673
0.0172673
0.0172673
0.0172673
0.0172673
0.0172673
0.0172673
0.0172673
0.0172673
0.0172673
0.0172673
0.0172673
0.0172673
0.0172673
0.0172673
0.0172673
0.0172673
0.0172673
0.0172673
0.0172673
0.0172673
0.0172673
0.0172673
0.0172673
0.0172673
0.0172673
0.0172673
0.0172673
0.0172673
0.0172673
0.0172673
0.0172673
0.0172673
0.0172673
0.0172673
0.0172673
0.0172673
0.0172673
0.0172673
0.0172673
0.0172673
0.0172673
0.0172673
0.0172673
0.0172673
0.0172673
0.0172673
0.0172673
0.0172673
0.0172673
0.0172673
0.0172673
0.0172673
0.0172673
0.0172673
0.0172673
0.0172673
0.0172673
0.0172673
0.0172673
0.0172673
0.0172673
0.0172673
0.0172673
0.0172673
0.0172673
0.0172673
0.0172673
0.0172673
0.0172673
0.0172673
0.0172673
0.0172673
0.0172673
0.0172673
0.0172673
0.0172673
0.0172673
0.0172673
0.0172673
0.0172673
0.0172673
0.0172673
0.0172673
0.0172673
0.0172673
0.0172673
0.0172673
0.0172673
0.0172673
0.0172673
0.0172673
0.0172673
0.0172673
0.0172673
0.0172673
0.0172673
0.0172673
0.0172673
0.0172673
0.0172673
0.0172673
0.0172673
0.0172673
0.0172673
0.0172673
0.0172673
0.0172673
0.0172673
