966700
370648
75882.8
75882.8
75882.8
75882.8
75882.8
59627
26972.3
2922.8
868.758
382.937
382.937
382.937
382.937
382.937
382.937
382.937
346.023
346.023
346.023
346.023
346.023
265.963
265.963
265.963
265.963
250.331
248.337
221.476
211.944
211.944
209.542
200.637
200.637
200.637
200.637
200.637
199.642
199.642
197.424
197.424
197.424
196.229
196.229
196.229
196.229
196.229
196.229
196.229
196.229
196.229
196.229
196.229
196.229
196.229
196.229
196.176
196.166
196.145
195.933
195.713
195.673
195.526
195.397
195.305
195.09
194.98
194.865
194.713
194.574
194.375
194.335
194.19
194.071
193.99
193.783
193.694
193.522
193.448
193.366
193.279
193.105
193.105
192.961
192.865
192.724
192.606
192.397
192.291
192.13
192.13
192.101
191.971
191.774
191.717
191.529
191.366
191.129
190.85
190.773
190.745
190.531
190.414
190.316
190.173
189.874
189.761
189.609
189.296
189.117
188.97
188.89
188.639
188.491
188.407
188.27
188.193
188.077
187.969
187.811
187.532
187.453
187.209
187.202
186.757
186.722
186.486
186.208
186.11
185.904
185.82
185.551
185.535
185.384
185.244
185.13
184.946
184.891
184.785
184.681
184.646
184.57
184.472
184.369
184.322
184.179
184.099
183.913
183.849
183.662
183.517
183.389
183.314
183.219
182.972
182.836
182.66
182.66
182.534
182.523
182.481
182.347
182.257
182.191
182.107
181.988
181.792
181.47
181.47
181.318
180.925
180.885
180.676
180.4
180.206
180.01
179.943
179.838
179.611
179.611
179.286
179.082
178.993
178.705
178.597
178.491
178.333
178.279
178.16
178.077
177.958
177.893
177.776
177.608
177.537
177.394
177.26
177.133
176.996
176.914
176.868
176.783
176.706
176.648
176.53
176.425
176.385
176.345
176.233
176.024
176.002
175.886
175.806
175.708
175.624
175.506
175.477
175.396
175.31
175.269
175.122
175.073
174.965
174.929
174.878
174.82
174.767
174.705
174.652
174.601
174.477
174.475
174.392
174.351
174.253
174.158
174.1
174.019
173.995
173.916
173.861
173.676
173.587
173.485
173.365
173.259
173.165
172.991
172.914
172.8
172.756
172.669
172.62
172.554
172.454
172.413
172.289
172.253
172.178
172.14
172.088
172.039
171.969
171.951
171.913
171.873
171.843
171.823
171.806
171.773
171.753
171.735
171.715
171.697
171.676
171.649
171.63
171.612
171.595
171.566
171.54
171.517
171.485
171.471
171.445
171.396
171.344
171.293
171.284
171.227
171.175
171.138
171.068
171.029
170.974
170.941
170.866
170.778
170.727
170.646
170.466
170.388
170.265
170.212
170.112
169.997
169.9
169.801
169.662
169.533
169.503
169.424
169.363
169.317
169.26
169.216
169.137
168.937
168.876
168.815
168.704
168.609
168.464
168.312
168.227
168.139
168.055
167.921
167.921
167.658
167.47
167.295
167.157
167.1
166.927
166.73
166.523
166.393
166.097
165.884
165.83
165.543
165.431
165.198
165.052
164.735
164.665
164.528
164.339
164.188
164.044
163.93
163.88
163.832
163.738
163.645
163.567
163.502
163.437
163.401
163.331
163.267
163.176
163.041
162.965
162.925
162.832
162.743
162.632
162.567
162.549
162.535
162.452
162.394
162.386
162.282
162.282
162.2
162.11
162.073
162.012
161.943
161.873
161.823
161.747
161.67
161.6
161.547
161.462
161.395
161.316
161.207
161.015
160.877
160.771
160.529
160.38
160.322
160.107
159.886
159.845
159.628
159.353
159.24
159.037
158.926
158.765
158.588
158.3
158.111
157.923
157.855
157.663
157.555
157.401
157.271
157.163
157.079
156.985
156.881
156.789
156.693
156.584
156.468
156.412
156.347
156.247
156.216
156.01
155.897
155.829
155.678
155.605
155.504
155.418
155.286
155.261
155.145
155.075
155.002
154.942
154.841
154.788
154.702
154.646
154.53
154.458
154.374
154.293
154.218
154.065
154.004
153.936
153.829
153.694
153.614
153.442
153.193
153.058
152.811
152.548
152.316
151.986
151.977
151.845
151.583
151.354
151.237
150.912
150.839
150.719
150.484
150.443
150.266
150.164
149.978
149.844
149.613
149.424
149.249
149.054
148.837
148.68
148.524
148.352
148.183
148.126
148.025
147.89
147.778
147.67
147.393
147.393
147.217
147.137
146.97
146.83
146.659
146.49
146.205
146.024
145.767
145.548
145.254
145.088
144.808
144.491
144.167
144.039
143.56
143.151
142.85
142.654
142.256
141.998
141.687
141.41
141.215
140.849
140.475
140.394
140.193
140.109
139.91
139.762
139.686
139.436
139.089
138.853
138.808
138.413
138.308
138.233
137.972
137.582
137.449
136.986
136.622
136.494
136.232
135.772
135.155
135.061
134.737
134.47
134.32
133.992
133.779
133.414
133.115
132.62
132.62
132.496
132.189
132.021
131.862
131.39
131.24
130.979
130.617
130.213
129.794
129.336
128.702
128.605
127.846
127.734
127.455
127.007
126.36
126.36
126.036
125.754
124.992
124.695
123.867
122.187
122.187
121.855
121.399
121.046
120.192
120.161
119.585
119.321
119.001
118.467
118.272
117.742
117.365
116.411
115.747
115.199
114.714
113.473
113.001
112.155
110.628
110.246
109.696
108.248
107.948
107.254
106.942
106.09
105.385
104.837
103.87
103.319
101.987
101.877
99.8147
99.2945
97.4868
96.6139
95.8939
95.4392
94.3357
94.145
93.4645
92.9524
92.5842
92.099
91.0684
90.6831
89.752
89.1151
88.4778
87.6846
87.2369
86.563
85.359
84.4982
84.0465
83.0608
82.1375
80.8415
79.4403
77.0331
75.7878
73.7563
72.0663
70.2558
67.8355
65.9981
62.8032
58.4169
53.9667
50.0175
43.4813
34.3984
29.2233
11.9071
11.436
8.32319
5.44841
5.44841
4.77473
4.41234
4.41234
4.33278
4.33278
4.33278
4.33278
4.33278
4.16116
4.16116
4.03548
3.78197
3.78197
3.41221
3.41221
3.41221
3.26561
3.26561
3.01303
2.99059
2.82777
2.82701
2.69117
2.69117
2.65163
2.59176
2.51908
2.42368
2.42368
2.34535
2.34535
2.33574
2.28614
2.2532
2.15392
2.10671
2.08292
2.03301
2.01433
1.99041
1.97822
1.95939
1.89658
1.87093
1.87093
1.85709
1.85414
1.85413
1.82618
1.81243
1.76796
1.74691
1.73706
1.72419
1.70107
1.6925
1.6871
1.67601
1.66539
1.64129
1.64129
1.63705
1.6198
1.61275
1.60436
1.58108
1.57238
1.55758
1.53029
1.5141
1.50198
1.48376
1.46725
1.45566
1.44303
1.43345
1.41784
1.40766
1.40086
1.3885
1.38395
1.37833
1.36924
1.36376
1.35405
1.35009
1.34166
1.32999
1.32635
1.32191
1.31751
1.3108
1.29884
1.29661
1.2894
1.27611
1.2492
1.2492
1.24411
1.2353
1.22889
1.22237
1.21503
1.20756
1.20188
1.19656
1.19047
1.18616
1.17957
1.17169
1.1667
1.16309
1.15692
1.14912
1.1456
1.13967
1.13651
1.12912
1.12199
1.11411
1.11171
1.10759
1.10221
1.0975
1.09029
1.08744
1.08203
1.0769
1.06688
1.06406
1.05799
1.05374
1.0494
1.04502
1.04023
1.03294
1.0262
1.02209
1.00442
1.00236
0.990834
0.990834
0.984952
0.978014
0.968294
0.956388
0.952237
0.947507
0.935702
0.928232
0.918532
0.911608
0.909781
0.904728
0.899438
0.89695
0.891602
0.887651
0.884432
0.880576
0.875482
0.866988
0.864645
0.855213
0.851205
0.847494
0.840968
0.834532
0.82867
0.821975
0.815282
0.811194
0.804883
0.799505
0.789513
0.784341
0.779463
0.774848
0.765459
0.762454
0.756455
0.749023
0.745078
0.738051
0.734916
0.728759
0.723928
0.717816
0.713062
0.708554
0.702881
0.700167
0.696246
0.692848
0.689206
0.685702
0.68073
0.678345
0.676145
0.670672
0.670672
0.667855
0.665636
0.663271
0.657634
0.654119
0.651306
0.647215
0.646712
0.640816
0.639057
0.629623
0.627846
0.624582
0.617606
0.613569
0.610467
0.603827
0.599474
0.594534
0.59105
0.578212
0.572739
0.57016
0.56413
0.553733
0.551234
0.545442
0.5424
0.536787
0.536787
0.526985
0.523632
0.514147
0.508467
0.491553
0.49139
0.488861
0.475544
0.474196
0.469427
0.463036
0.460714
0.455457
0.449718
0.4487
0.442935
0.439043
0.434778
0.431563
0.428923
0.424968
0.422282
0.420672
0.418744
0.416014
0.4133
0.410373
0.40829
0.405594
0.403167
0.40098
0.399228
0.397424
0.394915
0.391665
0.389833
0.385614
0.382639
0.380153
0.377435
0.374622
0.373789
0.367412
0.36399
0.360454
0.358857
0.355981
0.354297
0.350463
0.350463
0.34832
0.346649
0.344525
0.342915
0.34056
0.33873
0.336767
0.334692
0.3324
0.330293
0.32742
0.324921
0.323167
0.321763
0.31748
0.316991
0.315819
0.31453
0.313708
0.31277
0.311089
0.309381
0.308646
0.306494
0.304026
0.303084
0.30161
0.299537
0.297317
0.296965
0.295443
0.294221
0.29311
0.291597
0.290676
0.28944
0.288385
0.286721
0.284803
0.283783
0.282695
0.281709
0.280132
0.278771
0.277285
0.277285
0.275757
0.27448
0.273864
0.271816
0.268979
0.268731
0.266786
0.264921
0.262646
0.260102
0.260102
0.259384
0.258257
0.255746
0.255703
0.253908
0.25298
0.251341
0.249687
0.248464
0.247299
0.246365
0.244881
0.243102
0.241872
0.240186
0.238608
0.236408
0.235059
0.233393
0.231597
0.229459
0.227666
0.227492
0.224159
0.222694
0.220223
0.218383
0.215643
0.215643
0.213652
0.211968
0.209692
0.209692
0.208879
0.207938
0.206486
0.205902
0.20565
0.204122
0.203098
0.201665
0.200845
0.199523
0.198586
0.197577
0.197005
0.195858
0.195251
0.194284
0.193392
0.192164
0.189784
0.189784
0.18815
0.187671
0.187498
0.187498
0.186537
0.186012
0.185904
0.185692
0.185327
0.185112
0.185072
0.184309
0.184028
0.183728
0.183491
0.181964
0.181655
0.180445
0.180086
0.178349
0.177023
0.175865
0.175509
0.17487
0.174085
0.173409
0.172648
0.172286
0.171547
0.171276
0.170928
0.170624
0.170377
0.169995
0.169546
0.169066
0.168748
0.168228
0.167688
0.167261
0.166777
0.166396
0.165851
0.165459
0.165068
0.164412
0.164205
0.163751
0.163301
0.163045
0.162565
0.162307
0.162068
0.161771
0.161271
0.161012
0.160511
0.16019
0.159853
0.159431
0.158247
0.157853
0.156848
0.156259
0.155467
0.154809
0.153718
0.153326
0.152998
0.152342
0.15181
0.151406
0.150539
0.150241
0.149803
0.149279
0.148777
0.148275
0.147983
0.147206
0.147099
0.146232
0.145456
0.145046
0.144382
0.143667
0.143277
0.142351
0.141879
0.140855
0.139804
0.139367
0.138577
0.137741
0.137279
0.136868
0.136174
0.135711
0.135337
0.134999
0.134439
0.134163
0.133762
0.133391
0.133101
0.132747
0.132294
0.131895
0.131586
0.131165
0.130906
0.130755
0.130573
0.130248
0.129937
0.129774
0.129746
0.129436
0.12933
0.129148
0.128952
0.128914
0.12876
0.128653
0.128573
0.128566
0.128566
0.128445
0.12839
0.12828
0.128253
0.128214
0.128176
0.128133
0.128085
0.128054
0.127964
0.127964
0.127964
0.127964
0.127964
0.127964
0.127964
0.127964
0.127964
0.127964
0.127964
0.127964
0.127964
0.127964
0.127964
0.127964
0.127964
0.127964
0.127964
0.127964
0.127964
0.127964
0.127964
0.127964
0.127964
0.127964
0.127964
0.127964
0.127964
0.127964
0.127964
0.127964
0.127964
0.127964
0.127964
0.127964
0.127964
0.127964
0.127964
0.127964
0.127964
0.127964
0.127964
0.127964
0.127964
0.127964
0.127964
0.127964
0.127964
0.127964
0.127964
0.127964
0.127964
0.127964
0.127964
0.127964
0.127964
0.127964
0.127964
0.127964
0.127964
0.127964
0.127964
0.127964
0.127964
0.127964
0.127964
0.127964
0.127964
0.127964
0.127964
0.127964
0.127964
0.127964
0.127964
0.127964
0.127964
0.127964
0.127964
0.127964
0.127964
0.127964
0.127964
0.127964
0.127964
0.127964
0.127964
0.127964
0.127964
0.127964
0.127964
0.127964
0.127964
0.127964
0.127964
0.127964
0.127964
0.127964
0.127964
0.127964
0.127964
0.127964
0.127964
0.127964
0.127964
0.127964
0.127964
0.127964
0.127964
0.127964
0.127964
0.127964
0.127964
0.127964
0.127964
0.127964
0.127964
0.127964
0.127964
0.127964
0.127964
0.127964
0.127964
0.127964
0.127964
0.127964
0.127964
0.127964
0.127964
0.127964
0.127964
0.127964
0.127964
0.127964
0.127964
0.127964
0.127964
0.127964
0.127964
0.127964
0.127964
0.127964
0.127964
0.127964
0.127964
0.127964
0.127964
0.127964
0.127964
0.127964
0.127964
0.127964
0.127964
0.127964
0.127964
0.127964
0.127964
0.127964
0.127964
0.127964
0.127964
0.127964
0.127964
0.127964
0.127964
0.127964
0.127964
0.127964
0.127964
0.127964
0.127964
0.127964
0.127964
0.127964
0.127964
0.127964
0.127964
0.127964
0.127964
0.127964
0.127964
0.127964
0.127964
0.127964
0.127964
0.127964
0.127964
0.127964
0.127964
0.127964
0.127964
0.127964
0.127964
0.127964
0.127964
0.127964
0.127964
0.127964
0.127964
0.127964
0.127964
0.127964
0.127964
0.127964
0.127964
0.127964
0.127964
0.127964
0.127964
0.127964
0.127964
0.127964
0.127964
0.127964
0.127964
0.127964
0.127964
0.127964
0.127964
0.127964
0.127964
0.127964
0.127964
0.127964
0.127964
0.127964
0.127964
0.127964
0.127964
0.127964
0.127964
0.127964
0.127964
0.127964
0.127964
0.127964
0.127964
0.127964
0.127964
0.127964
0.127964
0.127964
0.127964
0.127964
0.127964
0.127964
0.127964
0.127964
0.127964
0.127964
0.127964
0.127964
0.127964
0.127964
0.127964
0.127964
0.127964
0.127964
0.127964
0.127964
0.127964
0.127964
0.127964
0.127964
0.127964
0.127964
0.127964
0.127964
0.127964
0.127964
0.127964
0.127964
0.127964
0.127964
0.127964
0.127964
0.127964
0.127964
0.127964
0.127964
0.127964
0.127964
0.127964
0.127964
0.127964
0.127964
0.127964
0.127964
0.127964
0.127964
0.127964
0.127964
0.127964
0.127964
0.127964
0.127964
0.127964
0.127964
0.127964
0.127964
0.127964
0.127964
0.127964
0.127964
0.127964
0.127964
0.127964
0.127964
0.127964
0.127964
0.127964
0.127964
0.127964
0.127964
0.127964
0.127964
0.127964
0.127964
0.127964
0.127964
0.127964
0.127964
0.127964
0.127964
0.127964
0.127964
0.127964
0.127964
0.127964
0.127964
0.127964
0.127964
0.127964
0.127964
0.127964
0.127964
0.127964
0.127964
0.127964
0.127964
0.127964
0.127964
0.127964
0.127964
0.127964
0.127964
0.127964
0.127964
0.127964
0.127964
0.127964
0.127964
0.127964
0.127964
0.127964
0.127964
0.127964
0.127964
0.127964
0.127964
0.127964
0.127964
0.127964
0.127964
0.127964
0.127964
0.127964
0.127964
0.127964
0.127964
0.127964
0.127964
0.127964
0.127964
0.127964
0.127964
0.127964
0.127964
0.127964
0.127964
0.127964
0.127964
0.127964
0.127964
0.127964
0.127964
0.127541
0.126732
0.125782
0.125488
0.124252
0.123414
0.122846
0.122028
0.121421
0.120803
0.119744
0.118926
0.118085
0.117713
0.116446
0.116121
0.115213
0.114634
0.114024
0.113826
0.113366
0.113017
0.112513
0.112188
0.111708
0.111058
0.110554
0.109299
0.109238
0.108559
0.107712
0.107252
0.106516
0.106017
0.105046
0.103835
0.103448
0.102752
0.1019
0.101479
0.100733
0.100306
0.0998947
0.0993474
0.0979654
0.0978045
0.0970273
0.0965155
0.0959474
0.0956314
0.0951749
0.0948586
0.0943152
0.0942086
0.0935989
0.0932058
0.0923221
0.0922727
0.0919328
0.0913923
0.0909157
0.0903712
0.0901343
0.0893479
0.0890173
0.0881425
0.0869699
0.0869358
0.0862423
0.0850481
0.0847002
0.0842862
0.0837671
0.0833441
0.082752
0.0823456
0.0818326
0.0814359
0.0811313
0.08022
0.0801134
0.079637
0.0793411
0.0784789
0.078423
0.0778361
0.0775698
0.0771018
0.0766727
0.0763196
0.0758869
0.0755688
0.0750165
0.0743792
0.0736714
0.073551
0.072723
0.0726716
0.0723479
0.0719484
0.0714655
0.0709347
0.0707592
0.0701002
0.0699836
0.0695845
0.0694683
0.0692131
0.0689268
0.0687504
0.0684945
0.0682621
0.0681748
0.0679976
0.0678247
0.0676991
0.0675308
0.0674112
0.0673104
0.0671402
0.0670955
0.0668883
0.0667467
0.0666501
0.0664311
0.0661285
0.0660207
0.0658656
0.0656879
0.0655366
0.0652089
0.0650555
0.0646966
0.0646286
0.0645069
0.0641801
0.0641801
0.0638538
0.0633642
0.0632853
0.062837
0.0623056
0.0618614
0.0615203
0.0612108
0.0608757
0.0605479
0.0603444
0.0600522
0.059932
0.0596675
0.0593952
0.0592123
0.0590705
0.0588777
0.0585707
0.0583181
0.0582335
0.0580659
0.0578301
0.0576549
0.0575287
0.0573674
0.0571569
0.0570028
0.0567423
0.0566106
0.0563946
0.0562267
0.0560562
0.0559319
0.0557433
0.0556253
0.0554585
0.0553298
0.0552341
0.0551293
0.0549676
0.0548817
0.0546913
0.0544258
0.0543068
0.0540018
0.053924
0.0537581
0.053517
0.053181
0.0527511
0.0524241
0.0520763
0.0517117
0.0514245
0.0509648
0.0508071
0.050276
0.0497144
0.0496231
0.0492009
0.0489778
0.0487228
0.0481951
0.0481672
0.0479309
0.0475587
0.0473459
0.0471147
0.0468187
0.0465249
0.0462758
0.0460583
0.0457721
0.0456163
0.0450702
0.0449534
0.0447751
0.0446076
0.0440922
0.0438368
0.0437099
0.0435636
0.0433388
0.0431692
0.0429568
0.0426921
0.0424179
0.0421891
0.0419785
0.0415258
0.0414362
0.041107
0.0408563
0.0404374
0.0402442
0.0399543
0.0396507
0.039424
0.0391848
0.0386731
0.0382701
0.0380557
0.0378287
0.0375579
0.0372432
0.0370026
0.0367226
0.0364995
0.0363132
0.0360367
0.0358269
0.0355551
0.0352281
0.0351094
0.0348182
0.0347668
0.0346115
0.0344493
0.0342036
0.0340746
0.03397
0.0336704
0.0335177
0.0333777
0.0331842
0.0330752
0.0328847
0.0327235
0.0325823
0.0324789
0.0321873
0.0320433
0.0320184
0.031867
0.0316742
0.031535
0.0314551
0.0313606
0.0312001
0.0310292
0.0310292
0.0309218
0.0308241
0.0307588
0.0306781
0.0305941
0.0305074
0.0304126
0.0303688
0.0302884
0.0301945
0.0300824
0.0300179
0.0299438
0.0298538
0.0296987
0.0296086
0.0295802
0.0294321
0.0292567
0.0291286
0.0289087
0.028842
0.0287231
0.0286298
0.0284525
0.0283676
0.0282576
0.0281414
0.0280758
0.0279682
0.0278289
0.0276696
0.0275877
0.0274037
0.0273299
0.0271637
0.0270182
0.0268422
0.0267026
0.026505
0.0264189
0.0262265
0.026035
0.025886
0.025757
0.0255116
0.0253833
0.0251911
0.0250187
0.0249296
0.0247474
0.0246513
0.0246305
0.0243894
0.0242706
0.0241944
0.0240566
0.0239762
0.023845
0.0237849
0.0236554
0.0235828
0.0235262
0.0233445
0.023208
0.0231023
0.0230429
0.022752
0.0227194
0.0225517
0.0224128
0.0222388
0.0220504
0.0218989
0.0217193
0.0215201
0.0214071
0.0213069
0.0210643
0.0209712
0.0208027
0.0206489
0.0205735
0.0204415
0.0202412
0.0201873
0.0200985
0.0199787
0.0198886
0.019793
0.0197407
0.0196324
0.0195483
0.0194981
0.0194029
0.0193613
0.0193613
0.0193613
0.0193613
0.0193613
0.0193613
0.0193613
0.0193613
0.0193613
0.0193613
0.0193613
0.0193613
0.0193613
0.0193613
0.0193613
0.0193613
0.0193613
0.0193613
0.0193613
0.0193613
0.0193613
0.0193613
0.0193613
0.0193613
0.0193613
0.0193613
0.0193613
0.0193613
0.0193613
0.0193613
0.0193613
0.0193613
0.0193613
0.0193613
0.0193613
0.0193613
0.0193613
0.0193613
0.0193613
0.0193613
0.0193613
0.0193613
0.0193613
0.0193613
0.0193613
0.0193613
0.0193613
0.0193613
0.0193613
0.0193613
0.0193613
0.0193613
0.0193613
0.0193613
0.0193613
0.0193613
0.0193613
0.0193613
0.0193613
0.0193613
0.0193613
0.0193613
0.0193613
0.0193613
0.0193613
0.0193613
0.0193613
0.0193613
0.0193613
0.0193613
0.0193613
0.0193613
0.0193613
0.0193613
0.0193613
0.0193613
0.0193613
