1.17904e+06
348607
10448.1
10448.1
10448.1
10448.1
10448.1
10448.1
10448.1
10448.1
10448.1
1154.76
1154.76
1154.76
649.257
216.264
216.264
216.264
216.264
216.264
216.264
216.264
216.264
216.264
120.699
120.699
57.519
18.4069
18.4069
18.4069
18.4069
10.8644
9.31525
8.46717
6.81074
6.81074
4.60968
2.5058
2.5058
2.5058
2.48496
2.3583
2.3583
1.64903
1.64903
1.64903
1.42033
1.42033
1.29148
1.20325
1.20325
1.20325
1.20325
1.20325
1.20276
1.13493
1.05577
1.01543
0.980726
0.967397
0.918363
0.8971
0.8971
0.863873
0.852812
0.852812
0.848708
0.826913
0.824472
0.812557
0.803414
0.803414
0.793946
0.789901
0.780319
0.773017
0.766765
0.761615
0.757524
0.750449
0.746308
0.738869
0.731187
0.727706
0.725622
0.720089
0.715405
0.710217
0.707792
0.70288
0.698193
0.696062
0.68815
0.678665
0.670683
0.662036
0.654645
0.646723
0.642608
0.634437
0.632465
0.627777
0.622905
0.617049
0.612411
0.607553
0.600539
0.593212
0.586467
0.580792
0.574657
0.571741
0.56866
0.564484
0.558649
0.555075
0.550816
0.547346
0.543438
0.537251
0.531639
0.530014
0.526532
0.523944
0.521679
0.519426
0.517441
0.515732
0.513541
0.511411
0.509367
0.50855
0.507447
0.505833
0.504522
0.502476
0.501769
0.498761
0.498624
0.496484
0.493388
0.491138
0.4861
0.48483
0.482851
0.478433
0.476144
0.47396
0.46889
0.465411
0.463978
0.460967
0.45458
0.452884
0.45175
0.449416
0.44653
0.44213
0.439515
0.436483
0.434936
0.431073
0.431073
0.428656
0.423904
0.41462
0.412803
0.409484
0.406726
0.404193
0.400283
0.397118
0.391085
0.387188
0.382711
0.380754
0.37891
0.376483
0.373569
0.370906
0.367154
0.364362
0.362234
0.359243
0.35612
0.354466
0.351905
0.35063
0.348
0.345275
0.342952
0.340102
0.338383
0.337421
0.334634
0.332672
0.330793
0.328043
0.326295
0.325185
0.322729
0.320756
0.317004
0.316024
0.313669
0.311748
0.310059
0.309365
0.307329
0.306903
0.305524
0.304236
0.302494
0.301964
0.300538
0.299344
0.298457
0.296428
0.295694
0.293592
0.290706
0.29041
0.288243
0.286808
0.285711
0.284286
0.282331
0.281749
0.280285
0.279082
0.277237
0.275786
0.273928
0.272933
0.271866
0.271014
0.269614
0.26872
0.267261
0.266851
0.266221
0.265513
0.264109
0.263373
0.263076
0.262062
0.261575
0.260738
0.259324
0.257868
0.256975
0.255636
0.254657
0.253394
0.251426
0.249609
0.249083
0.247969
0.246091
0.243688
0.242608
0.241783
0.241076
0.240002
0.238773
0.237876
0.237018
0.235259
0.234799
0.233696
0.233261
0.232596
0.231996
0.23163
0.230912
0.230621
0.230147
0.229854
0.229094
0.228521
0.227712
0.227226
0.226821
0.226308
0.226044
0.225795
0.225229
0.224951
0.224301
0.224028
0.223017
0.222415
0.220999
0.220675
0.219368
0.218477
0.216907
0.216111
0.214184
0.212918
0.210376
0.209448
0.207772
0.206467
0.204998
0.20328
0.201626
0.200681
0.198829
0.197869
0.19619
0.194795
0.194035
0.192086
0.191482
0.190585
0.188995
0.187782
0.18721
0.186119
0.184475
0.182508
0.182462
0.18092
0.180324
0.17887
0.177894
0.17641
0.175129
0.17446
0.174135
0.173118
0.172415
0.171744
0.17086
0.169556
0.169386
0.168433
0.168303
0.167615
0.167523
0.167143
0.166848
0.166394
0.165928
0.165056
0.164902
0.164265
0.16381
0.163507
0.162572
0.162408
0.161733
0.161489
0.160854
0.160365
0.159961
0.159507
0.159121
0.158676
0.157924
0.157474
0.156838
0.156143
0.15571
0.155189
0.154239
0.153816
0.15335
0.152855
0.152203
0.151706
0.150814
0.150263
0.149967
0.149397
0.148842
0.148462
0.147869
0.147341
0.146336
0.146158
0.145612
0.145027
0.14466
0.143807
0.143536
0.143139
0.142896
0.142414
0.142026
0.141596
0.141293
0.140773
0.139459
0.139374
0.139001
0.138181
0.137641
0.137066
0.136408
0.135754
0.135052
0.134546
0.133504
0.133202
0.132034
0.131703
0.130933
0.129876
0.129834
0.129053
0.128426
0.127933
0.12737
0.126638
0.126167
0.125617
0.1251
0.124612
0.123834
0.12356
0.12307
0.122375
0.122144
0.121791
0.120995
0.12054
0.119872
0.119048
0.118462
0.118025
0.117374
0.116833
0.116078
0.115601
0.115104
0.114459
0.113805
0.113101
0.112561
0.111912
0.111837
0.111471
0.110585
0.110568
0.11004
0.109392
0.109138
0.108692
0.108347
0.108104
0.107856
0.107512
0.10707
0.106736
0.106307
0.10614
0.105708
0.105589
0.10545
0.105161
0.105037
0.104935
0.104808
0.104673
0.104517
0.104269
0.104049
0.103852
0.103588
0.103315
0.103016
0.102691
0.102311
0.10188
0.101549
0.101097
0.100502
0.100117
0.0995615
0.0991576
0.0988187
0.0982174
0.0979996
0.0977083
0.0971512
0.0966605
0.0963869
0.0958499
0.0956679
0.0949457
0.0945942
0.0942961
0.0936832
0.0932569
0.0926033
0.0922276
0.0910058
0.0909614
0.0905127
0.0900849
0.0896142
0.0895709
0.0891384
0.0888754
0.0886325
0.0881711
0.0876644
0.0873204
0.0869222
0.0867614
0.08643
0.0860689
0.0856322
0.0853606
0.0850082
0.0845619
0.0843032
0.0840508
0.0835315
0.0834156
0.0829792
0.0823017
0.0820028
0.081599
0.0812789
0.0809692
0.0807159
0.080449
0.0801245
0.0798478
0.0794573
0.0792728
0.0789827
0.0786853
0.0783463
0.0780764
0.0777829
0.0776537
0.077258
0.0770354
0.0765504
0.0763395
0.0757282
0.0753301
0.0752478
0.0749533
0.0746978
0.0743412
0.073827
0.0737614
0.0734618
0.0733367
0.0729745
0.0727623
0.0726064
0.0724067
0.0721359
0.0719774
0.0718063
0.0715938
0.0713825
0.0711078
0.0710406
0.0707483
0.0705227
0.0701627
0.0698289
0.0696306
0.0692862
0.0691579
0.0688705
0.0687113
0.0684963
0.0682005
0.0680224
0.0677863
0.0676456
0.0673598
0.0672716
0.0669892
0.0667783
0.0664442
0.0661426
0.0660683
0.0657939
0.0654827
0.065124
0.0648316
0.0644368
0.0640947
0.063676
0.0633728
0.0632323
0.0629554
0.062566
0.062244
0.0619197
0.0611485
0.0602805
0.0601924
0.0597967
0.0592791
0.0589615
0.0584606
0.0580611
0.0575564
0.0572457
0.056839
0.0562805
0.0558905
0.055583
0.0552254
0.0548054
0.0545842
0.0538509
0.0536996
0.0534577
0.0532731
0.0528988
0.0526706
0.0524664
0.0521542
0.0518851
0.0517211
0.0515466
0.051422
0.0512034
0.0509668
0.0507836
0.0505257
0.0502729
0.0498339
0.0496685
0.0491933
0.0491051
0.048901
0.0486884
0.0484076
0.0482684
0.0481168
0.0479545
0.0477979
0.0477408
0.0475684
0.0474502
0.0473081
0.0473054
0.0472006
0.04709
0.0468102
0.0467706
0.0465732
0.0464319
0.0463616
0.0462901
0.0461686
0.0461116
0.0460276
0.0457519
0.0455189
0.0453459
0.0452279
0.0449626
0.0448165
0.0445312
0.0443089
0.0441619
0.0438274
0.0434574
0.0432467
0.0430223
0.0428918
0.0426549
0.0425339
0.0424147
0.0422868
0.0421294
0.0420932
0.0419341
0.0417868
0.0416455
0.0415869
0.0414514
0.0414232
0.0413128
0.0412834
0.0412094
0.0411447
0.0410559
0.0409214
0.040847
0.0407619
0.0406912
0.0405851
0.0404883
0.0404142
0.040307
0.0402327
0.0401152
0.0400424
0.0399406
0.0398672
0.0397752
0.0395673
0.0394585
0.0392993
0.0391277
0.0390462
0.0389086
0.0387872
0.0387096
0.0386482
0.0383178
0.0383178
0.0382084
0.0380345
0.037943
0.0378639
0.0377138
0.0375774
0.0375682
0.0374574
0.0373146
0.0372204
0.0370544
0.0367121
0.0366073
0.0363665
0.0363665
0.0360766
0.0359375
0.0357637
0.0356392
0.0354688
0.0352686
0.0351132
0.034962
0.0348754
0.0347593
0.034673
0.0344115
0.0343051
0.0340708
0.033901
0.0336445
0.0334327
0.0332461
0.0330783
0.0328924
0.0328023
0.0326315
0.0324819
0.0323986
0.0322977
0.0321325
0.0320105
0.0319327
0.0317836
0.0317444
0.031641
0.0315315
0.0314442
0.0313686
0.0313287
0.0311635
0.0311026
0.0309367
0.0308175
0.0308175
0.0307078
0.0305685
0.0303497
0.0301645
0.0301645
0.0299476
0.0298531
0.029767
0.0297106
0.0295785
0.0294504
0.0292949
0.0291044
0.0290776
0.0288256
0.0288126
0.0287597
0.0286003
0.0285452
0.0284401
0.0283594
0.0282564
0.0281922
0.028097
0.0280805
0.0279834
0.0279383
0.0278956
0.0278203
0.02774
0.0276422
0.0275832
0.0275153
0.0274652
0.027427
0.0273503
0.0272488
0.0271048
0.0269648
0.0268822
0.0268118
0.0267299
0.0265909
0.0265329
0.0264195
0.0261917
0.0261917
0.026126
0.026026
0.0259046
0.0257103
0.0256469
0.0255428
0.0253924
0.0252892
0.0251029
0.0250314
0.0248532
0.0246713
0.0246106
0.0245043
0.0243323
0.0242458
0.0240512
0.0239985
0.0239123
0.0237779
0.0236557
0.0235796
0.0235735
0.0234535
0.0233829
0.0233549
0.0231874
0.0231648
0.0231026
0.0230254
0.0229637
0.0229147
0.0228219
0.0227949
0.0226945
0.0225438
0.02248
0.0223911
0.0223166
0.0222231
0.0221259
0.0219902
0.0219374
0.021842
0.0217904
0.0216884
0.021523
0.0214859
0.0213984
0.0212433
0.0211379
0.0210613
0.0209952
0.0208469
0.0207243
0.0206374
0.0205291
0.0204415
0.0203531
0.0202347
0.0201919
0.020136
0.0200373
0.0199401
0.0198872
0.0198003
0.0197466
0.0196687
0.0196131
0.0195416
0.0194496
0.0194295
0.0193808
0.0192906
0.0192488
0.0191507
0.0191013
0.0190505
0.0189663
0.0189204
0.0188696
0.0188539
0.0188039
0.0187386
0.018714
0.0186736
0.0186267
0.0185991
0.0185656
0.0185147
0.0184978
0.0184268
0.0183651
0.0183367
0.0182673
0.0181392
0.0181392
0.0180977
0.0180283
0.0180142
0.0179187
0.017854
0.017771
0.0177202
0.0176719
0.017625
0.0175804
0.0174729
0.0174344
0.0173487
0.017312
0.0172648
0.0171791
0.0170943
0.0170943
0.017064
0.0170015
0.016945
0.0168569
0.0167549
0.0167231
0.0166643
0.0165849
0.0164922
0.0164562
0.0163586
0.0163582
0.016286
0.0162379
0.0162101
0.0161755
0.0161273
0.0161273
0.0161273
0.0161273
0.0161273
0.0161273
0.0161273
0.0161273
0.0161273
0.0161273
0.0161273
0.0161273
0.0161273
0.0161273
0.0161273
0.0161273
0.0161273
0.0161273
0.0161273
0.0161273
0.0161273
0.0161273
0.0161273
0.0161273
0.0161273
0.0161273
0.0161273
0.0161273
0.0161273
0.0161273
0.0161273
0.0161273
0.0161273
0.0161273
0.0161273
0.0161273
0.0161273
0.0161273
0.0161273
0.0161273
0.0161273
0.0161273
0.0161273
0.0161273
0.0161273
0.0161273
0.0161273
0.0161273
0.0161273
0.0161273
0.0161273
0.0161273
0.0161273
0.0161273
0.0161273
0.0161273
0.0161273
0.0161273
0.0161273
0.0161273
0.0161273
0.0161273
0.0161273
0.0161273
0.0161273
0.0161273
0.0161273
0.0161273
0.0161273
0.0161273
0.0161273
0.0161273
0.0161273
0.0161273
0.0161273
0.0161273
0.0161273
0.0161273
0.0161273
0.0161273
0.0161273
0.0161273
0.0161273
0.0161273
0.0161273
0.0161273
0.0161273
0.0161273
0.0161273
0.0161273
0.0161273
0.0161273
0.0161273
0.0161273
0.0161273
0.0161273
0.0161273
0.0161273
0.0161273
0.0161273
0.0161273
0.0161273
0.0161273
0.0161273
0.0161273
0.0161273
0.0161273
0.0161273
0.0161273
0.0161273
0.0161273
0.0161273
0.0161273
0.0161273
0.0161273
0.0161273
0.0161273
0.0161273
0.0161273
0.0161273
0.0161273
0.0161273
0.0161273
0.0161273
0.0161273
0.0161273
0.0161273
0.0161273
0.0161273
0.0161273
0.0161273
0.0161273
0.0161273
0.0161273
0.0161273
0.0161273
0.0161273
0.0161273
0.0161273
0.0161273
0.0161273
0.0161273
0.0161273
0.0161273
0.0161273
0.0161273
0.0161273
0.0161273
0.0161273
0.0161273
0.0161273
0.0161273
0.0161273
0.0161273
0.0161273
0.0161273
0.0161273
0.0161273
0.0161273
0.0161273
0.0161273
0.0161273
0.0161273
0.0161273
0.0161273
0.0161273
0.0161273
0.0161273
0.0161273
0.0161273
0.0161273
0.0161273
0.0161273
0.0161273
0.0161273
0.0161273
0.0161273
0.0161273
0.0161273
0.0161273
0.0161273
0.0161273
0.0161273
0.0161273
0.0161273
0.0161273
0.0161273
0.0161273
0.0161273
0.0161273
0.0161273
0.0161273
0.0161273
0.0161273
0.0161273
0.0161273
0.0161273
0.0161273
0.0161273
0.0161273
0.0161273
0.0161273
0.0161273
0.0161273
0.0161273
0.0161273
0.0161273
0.0161273
0.0161273
0.0161273
0.0161273
0.0161273
0.0161273
0.0161273
0.0161273
0.0161273
0.0161273
0.0161273
0.0161273
0.0161273
0.0161273
0.0161273
0.0161273
0.0161273
0.0161273
0.0161273
0.0161273
0.0161273
0.0161273
0.0161273
0.0161273
0.0161273
0.0161273
0.0161273
0.0161273
0.0161273
0.0161273
0.0161273
0.0161273
0.0161273
0.0161273
0.0161273
0.0161273
0.0161273
0.0161273
0.0161273
0.0161273
0.0161273
0.0161273
0.0161273
0.0161273
0.0161273
0.0161273
0.0161273
0.0161273
0.0161273
0.0161273
0.0161273
0.0161273
0.0161273
0.0161273
0.0161273
0.0161273
0.0161273
0.0161273
0.0161273
0.0161273
0.0161273
0.0161273
0.0161273
0.0161273
0.0161273
0.0161273
0.0161273
0.0161273
0.0161273
0.0161273
0.0161273
0.0161273
0.0161273
0.0161273
0.0161273
0.0161273
0.0161273
0.0161273
0.0161273
0.0161273
0.0161273
0.0161273
0.0161273
0.0161273
0.0161273
0.0161273
0.0161273
0.0161273
0.0161273
0.0161273
0.0161273
0.0161273
0.0161273
0.0161273
0.0161273
0.0161273
0.0161273
0.0161273
0.0161273
0.0161273
0.0161273
0.0161273
0.0161273
0.0161273
0.0161273
0.0161273
0.0161273
0.0161273
0.0161273
0.0161273
0.0161273
0.0161273
0.0161273
0.0161273
0.0161273
0.0161273
0.0161273
0.0161273
0.0161273
0.0161273
0.0161273
0.0161273
0.0161273
0.0161273
0.0161273
0.0161273
0.0161273
0.0161273
0.0161273
0.0161273
0.0161273
0.0161273
0.0161273
0.0161273
0.0161273
0.0161273
0.0161273
0.0161273
0.0161273
0.0161273
0.0161273
0.0161273
0.0161273
0.0161273
0.0161273
0.0161273
0.0161273
0.0161273
0.0161273
0.0161273
0.0161273
0.0161273
0.0161273
0.0161273
0.0161273
0.0161273
0.0161273
0.0161273
0.0161273
0.0161273
0.0161273
0.0161273
0.0161273
0.0161273
0.0161273
0.0161273
0.0161273
0.0161273
0.0161273
0.0161273
0.0161273
0.0161273
0.0161273
0.0161273
0.0161273
0.0161273
0.0161273
0.0161273
0.0161273
0.0161273
0.0161273
0.0161273
0.0161273
0.0161273
0.0161273
0.0161273
0.0161273
0.0161273
0.0161273
0.0161273
0.0161273
0.0161273
0.0161273
0.0161273
0.0161273
0.0161273
0.0161273
0.0161273
0.0161273
0.0161273
0.0161273
0.0161273
0.0161273
0.0161273
0.0161273
0.0161273
0.0161273
0.0161273
0.0161273
0.0161273
0.0161273
0.0161273
0.0161273
0.0161273
0.0161273
0.0161273
0.0161273
0.0161273
0.0161273
0.0161273
0.0161273
0.0161273
0.0161273
0.0161273
0.0161273
0.0161273
0.0161273
0.0161273
0.0161273
0.0161273
0.0161273
0.0161273
0.0161273
0.0161273
0.0161273
0.0161273
0.0161273
0.0161273
0.0161273
0.0161273
0.0161273
0.0161273
0.0161273
0.0161273
0.0161273
0.0161273
0.0161273
0.0161273
0.0161273
0.0161273
0.0161273
0.0161273
0.0161273
0.0161273
0.0161273
0.0161273
0.0161273
0.0161273
0.0161273
0.0161273
0.0161273
0.0161273
0.0161273
0.0161273
0.0161273
0.0161273
0.0161273
0.0161273
0.0161273
0.0161273
0.0161273
0.0161273
0.0161273
0.0161273
0.0161273
0.0161273
0.0161273
0.0161273
0.0161273
0.0161273
0.0161273
0.0161273
0.0161273
0.0161273
0.0161273
0.0161273
0.0161273
0.0161273
0.0161273
0.0161273
0.0161273
0.0161273
0.0161273
0.0161273
0.0161273
0.0161273
0.0161273
0.0161273
0.0161273
0.0161273
0.0161273
0.0161273
0.0161273
0.0161273
0.0161273
0.0161273
0.0161273
0.0161273
0.0161273
0.0161273
0.0161273
0.0161273
0.0161273
0.0161273
0.0161273
0.0161273
0.0161273
0.0161273
0.0161273
0.0161273
0.0161273
0.0161273
0.0161273
0.0161273
0.0161273
0.0161273
0.0161273
0.0161273
0.0161273
0.0161273
0.0161273
0.0161273
0.0161273
0.0161273
0.0161273
0.0161273
0.0161273
0.0161273
0.0161273
0.0161273
0.0161273
0.0161273
0.0161273
0.0161273
0.0161273
0.0161273
0.0161273
0.0161273
0.0161273
0.0161273
0.0161273
0.0161273
0.0161273
0.0161273
0.0161273
0.0161273
0.0161273
0.0161273
0.0161273
0.0161273
0.0161273
0.0161273
0.0161273
0.0161273
0.0161273
0.0161273
0.0161273
0.0161273
0.0161273
0.0161273
0.0161273
0.0161273
0.0161273
0.0161273
0.0161273
0.0161273
0.0161273
0.0161273
0.0161273
0.0161273
0.0161273
0.0161273
0.0161273
0.0161273
0.0161273
0.0161273
0.0161273
0.0161273
0.0161273
0.0161273
0.0161273
0.0161273
0.0161273
0.0161273
0.0161273
0.0161273
0.0161273
0.0161273
0.0161273
0.0161273
0.0161273
0.0161273
0.0161273
0.0161273
0.0161273
0.0161273
0.0161273
0.0161273
0.0161273
0.0161273
0.0161273
0.0161273
0.0161273
0.0161273
0.0161273
0.0161273
0.0161273
0.0161273
0.0161273
0.0161273
0.0161273
0.0161273
0.0161273
0.0161273
0.0161273
0.0161273
0.0161273
0.0161273
0.0161273
0.0161273
0.0161273
0.0161273
0.0161273
0.0161273
0.0161273
0.0161273
0.0161273
0.0161273
0.0161273
0.0161273
0.0161273
0.0161273
0.0161273
0.0161273
0.0161273
0.0161273
0.0161273
0.0161273
0.0161273
0.0161273
0.0161273
0.0161273
0.0161273
0.0161273
0.0161273
0.0161273
0.0161273
0.0161273
0.0161273
0.0161273
0.0161273
0.0161273
0.0161273
0.0161273
0.0161273
0.0161273
0.0161273
0.0161273
0.0161273
0.0161273
0.0161273
0.0161273
0.0161273
0.0161273
0.0161273
0.0161273
0.0161273
0.0161273
0.0161273
0.0161273
0.0161273
0.0161273
0.0161273
0.0161273
0.0161273
0.0161273
0.0161273
0.0161273
0.0161273
0.0161273
0.0161273
0.0161273
0.0161273
0.0161273
0.0161273
0.0161273
0.0161273
0.0161273
0.0161273
0.0161273
0.0161273
0.0161273
0.0161273
0.0161273
0.0161273
0.0161273
0.0161273
0.0161273
0.0161273
0.0161273
0.0161273
0.0161273
0.0161273
0.0161273
0.0161273
0.0161273
0.0161273
0.0161273
0.0161273
0.0161273
0.0161273
0.0161273
0.0161273
0.0161273
0.0161273
0.0161273
0.0161273
0.0161273
0.0161273
0.0161273
0.0161273
0.0161273
0.0161273
0.0161273
0.0161273
0.0161273
0.0161273
0.0161273
0.0161273
0.0161273
0.0161273
0.0161273
0.0161273
0.0161273
0.0161273
0.0161273
0.0161273
0.0161273
0.0161273
0.0161273
0.0161273
0.0161273
0.0161273
0.0161273
0.0161273
0.0161273
0.0161273
0.0161273
0.0161273
0.0161273
0.0161273
0.0161273
0.0161273
0.0161273
0.0161273
0.0161273
0.0161273
0.0161273
0.0161273
0.0161273
0.0161273
0.0161273
0.0161273
0.0161273
0.0161273
0.0161273
0.0161273
0.0161273
0.0161273
0.0161273
0.0161273
0.0161273
0.0161273
0.0161273
0.0161273
0.0161273
0.0161273
0.0161273
0.0161273
0.0161273
0.0161273
0.0161273
0.0161273
0.0161273
0.0161273
0.0161273
0.0161273
0.0161273
0.0161273
0.0161273
0.0161273
0.0161273
0.0161273
0.0161273
0.0161273
0.0161273
0.0161273
0.0161273
0.0161273
0.0161273
0.0161273
0.0161273
0.0161273
0.0161273
0.0161273
0.0161273
0.0161273
0.0161273
0.0161273
0.0161273
0.0161273
0.0161273
0.0161273
0.0161273
0.0161273
0.0161273
0.0161273
0.0161273
0.0160887
0.0160197
0.0159818
0.0158992
0.0158355
0.0157869
0.0157255
0.0156882
0.0156121
0.0156077
0.0155444
0.0154981
0.0154613
0.0153972
0.015353
0.015271
0.015254
0.0151788
0.0151045
0.0150575
0.0149471
0.0149097
0.0148147
0.0147387
0.0146702
0.0145929
0.0145389
0.0144811
0.0144299
0.0143678
0.0143094
0.0142659
0.0142063
0.0141719
0.0141337
0.0140775
0.0140052
0.0139674
0.0139137
0.0138658
0.0138039
0.0138039
0.0138039
0.0138039
0.0138039
0.0138039
0.0138039
0.0138039
0.0138039
0.0138039
0.0138039
0.0138039
0.0138039
0.0138039
0.0138039
0.0138039
0.0138039
0.0138039
0.0138039
0.0138039
0.0138039
0.0138039
0.0138039
0.0138039
0.0138039
0.0138039
0.0138039
0.0138039
0.0138039
0.0138039
0.0138039
0.0138039
0.0138039
0.0138039
0.0138039
0.0138039
0.0138039
0.0138039
0.0138039
0.0138039
0.0138039
0.0138039
0.0138039
0.0138039
0.0138039
0.0138039
0.0138039
0.0138039
0.0138039
0.0138039
0.0138039
0.0138039
0.0138039
0.0138039
0.0138039
0.0138039
0.0138039
0.0138039
0.0138039
0.0138039
0.0138039
0.0138039
0.0138039
0.0138039
0.0138039
0.0138039
0.0138039
0.0138039
0.0138039
0.0138039
0.0138039
0.0138039
0.0138039
0.0138039
0.0138039
0.0138039
0.0138039
0.0138039
0.0138039
0.0138039
0.0138039
0.0138039
0.0138039
0.0138039
0.0138039
0.0138039
0.0138039
0.0138039
0.0138039
0.0138039
0.0138039
0.0138039
0.0138039
0.0138039
0.0138039
0.0138039
0.0138039
0.0138039
0.0138039
0.0138039
0.0138039
0.0138039
0.0138039
0.0138039
0.0138039
