55213
55213
55213
55213
9111.92
5155.49
5155.49
2509.76
2509.76
2509.76
2509.76
635.959
635.959
635.959
635.959
524.001
524.001
58.4206
58.4206
58.4206
34.283
19.9142
12.3921
10.9593
10.9593
10.9593
10.9593
8.32739
8.32739
8.32739
8.32739
8.32739
8.32739
8.32739
4.64936
4.64936
4.64936
4.64936
4.64936
4.64936
4.64936
4.64936
4.64936
4.52494
4.52494
4.50125
4.43126
4.43126
4.43126
4.43126
4.37024
4.37024
4.37024
4.28945
4.26265
4.25312
4.25312
4.23529
4.23529
4.23529
4.23529
4.23529
4.23529
4.23529
4.23529
4.23529
4.23529
4.23529
4.23529
4.23475
4.23475
4.22895
4.22761
4.22553
4.22355
4.22355
4.22355
4.223
4.2217
4.2197
4.2197
4.2197
4.2197
4.21847
4.2179
4.21745
4.21705
4.21636
4.21561
4.21483
4.21432
4.21371
4.21262
4.21118
4.21059
4.20925
4.20876
4.20809
4.20742
4.20683
4.20654
4.20539
4.20438
4.20294
4.20207
4.20084
4.19978
4.19918
4.19821
4.19776
4.1972
4.19666
4.1961
4.19567
4.19497
4.19391
4.19315
4.19268
4.19171
4.19102
4.19052
4.18975
4.18878
4.18781
4.18712
4.18616
4.18479
4.18397
4.18251
4.18154
4.18103
4.1795
4.17743
4.17599
4.17444
4.17342
4.17174
4.1688
4.16868
4.16676
4.16602
4.16509
4.16399
4.16373
4.16266
4.16148
4.16148
4.15967
4.15967
4.1586
4.15759
4.15732
4.15687
4.15638
4.15565
4.15517
4.15446
4.15404
4.15266
4.15235
4.15171
4.15094
4.15011
4.14913
4.14795
4.14752
4.14633
4.14578
4.14464
4.14408
4.14296
4.14186
4.14166
4.13908
4.13908
4.1381
4.13679
4.13577
4.13499
4.13419
4.13354
4.13155
4.13085
4.12978
4.12809
4.12723
4.12614
4.12476
4.1242
4.12347
4.12231
4.12156
4.12059
4.11999
4.11908
4.11832
4.11676
4.11601
4.11522
4.11399
4.11355
4.11234
4.11153
4.1109
4.10995
4.10932
4.10842
4.10803
4.10686
4.10638
4.10552
4.10478
4.10419
4.10283
4.10265
4.10143
4.10048
4.09905
4.09834
4.09739
4.09649
4.0955
4.0948
4.09415
4.09365
4.09243
4.0911
4.09036
4.08944
4.08896
4.0883
4.08734
4.08667
4.08592
4.08538
4.08442
4.08315
4.08259
4.08178
4.08099
4.07991
4.0793
4.07837
4.07768
4.07622
4.07586
4.07348
4.07265
4.07149
4.07041
4.06998
4.06927
4.06907
4.06813
4.06775
4.06747
4.06684
4.0661
4.06465
4.06443
4.0639
4.06281
4.06189
4.06016
4.05932
4.05834
4.05775
4.05623
4.05571
4.0552
4.0544
4.05375
4.05319
4.05227
4.05142
4.05087
4.05033
4.04974
4.04922
4.04874
4.04841
4.04805
4.04778
4.04735
4.04701
4.04656
4.04618
4.04596
4.04517
4.04478
4.04414
4.0437
4.04314
4.04266
4.04216
4.04168
4.04076
4.04045
4.03965
4.03927
4.03886
4.03852
4.03724
4.03693
4.0361
4.03578
4.03539
4.03484
4.03454
4.034
4.03369
4.03301
4.03216
4.03172
4.03122
4.0308
4.02979
4.02931
4.02853
4.02805
4.02743
4.02667
4.02627
4.02583
4.02536
4.02493
4.02455
4.02442
4.02406
4.02385
4.0235
4.02329
4.02302
4.02268
4.02225
4.02191
4.02118
4.02118
4.02111
4.02095
4.02071
4.02056
4.0204
4.02029
4.01995
4.01973
4.01955
4.01946
4.01928
4.01907
4.019
4.01889
4.01879
4.01879
4.0187
4.01852
4.0184
4.01832
4.01822
4.01809
4.01781
4.01769
4.0176
4.01736
4.01711
4.01697
4.01673
4.01641
4.01624
4.01591
4.01584
4.0156
4.01555
4.01527
4.01502
4.01479
4.01436
4.01423
4.01389
4.01343
4.01332
4.01293
4.01267
4.01231
4.01211
4.01183
4.01161
4.01139
4.01125
4.01111
4.01101
4.01094
4.01078
4.01072
4.01043
4.01025
4.01011
4.00987
4.00952
4.00915
4.00878
4.00853
4.00833
4.00804
4.00777
4.00757
4.0072
4.00697
4.00663
4.00644
4.00628
4.00611
4.00574
4.00542
4.00526
4.0051
4.00477
4.00457
4.00423
4.00395
4.00381
4.00367
4.00329
4.00278
4.00232
4.00183
4.00161
4.00094
4.00054
4.00007
3.99962
3.99914
3.99879
3.99839
3.99778
3.99727
3.99719
3.99643
3.99612
3.99583
3.99567
3.99515
3.99493
3.99457
3.99433
3.994
3.99393
3.99355
3.99335
3.99302
3.99269
3.9924
3.99222
3.99194
3.99155
3.99136
3.99109
3.99092
3.99078
3.99048
3.99029
3.99017
3.98994
3.98975
3.98962
3.98949
3.98923
3.98901
3.9889
3.98878
3.98867
3.98846
3.98836
3.98819
3.98813
3.98798
3.98789
3.9878
3.98764
3.98752
3.98739
3.98704
3.98704
3.98689
3.98669
3.98655
3.98632
3.98594
3.98574
3.98532
3.98515
3.98488
3.98466
3.98421
3.98417
3.98385
3.98343
3.9832
3.98317
3.98267
3.98267
3.98239
3.98231
3.9817
3.98169
3.98134
3.9809
3.98082
3.98039
3.98021
3.97987
3.9796
3.97928
3.97875
3.97857
3.97832
3.9781
3.9778
3.97757
3.97741
3.97695
3.97667
3.97632
3.97595
3.97568
3.97557
3.97533
3.97512
3.97496
3.97475
3.97465
3.97447
3.97417
3.97391
3.97366
3.97356
3.97334
3.97322
3.973
3.97283
3.97253
3.9722
3.97184
3.97184
3.97143
3.97123
3.97107
3.97087
3.97045
3.97045
3.96995
3.96982
3.96971
3.96952
3.96942
3.96916
3.96909
3.969
3.96876
3.96859
3.9685
3.9683
3.96813
3.96796
3.96784
3.9677
3.96753
3.96725
3.96705
3.96697
3.96667
3.96664
3.96649
3.96639
3.9663
3.9662
3.96612
3.96603
3.96585
3.96583
3.96573
3.96566
3.96561
3.96554
3.96548
3.96535
3.96527
3.96501
3.96494
3.96473
3.96453
3.96444
3.96435
3.96425
3.9642
3.96412
3.96403
3.96395
3.9638
3.96373
3.9637
3.96364
3.96358
3.96345
3.9634
3.9633
3.9631
3.96304
3.9629
3.96286
3.96272
3.96265
3.96246
3.96233
3.96222
3.96206
3.96189
3.96176
3.96167
3.96153
3.96132
3.96115
3.96109
3.96092
3.96084
3.96072
3.9607
3.96063
3.96056
3.96047
3.96038
3.96031
3.96014
3.96008
3.95998
3.95992
3.95985
3.95975
3.95967
3.95955
3.95953
3.95945
3.95932
3.95932
3.95922
3.95915
3.95909
3.95905
3.95897
3.9589
3.95886
3.95883
3.95876
3.95868
3.95868
3.95864
3.95856
3.95851
3.95837
3.95835
3.95828
3.95819
3.95809
3.95797
3.9578
3.95771
3.95758
3.95749
3.95734
3.95722
3.95713
3.95692
3.95682
3.95673
3.95663
3.95651
3.95646
3.95634
3.95622
3.95607
3.95603
3.95596
3.95579
3.9557
3.95551
3.95548
3.95538
3.95524
3.95514
3.95499
3.95488
3.95484
3.95476
3.95469
3.95462
3.95455
3.95448
3.95437
3.95424
3.95411
3.95405
3.95386
3.95379
3.95361
3.95358
3.95341
3.95334
3.95321
3.95311
3.95296
3.95289
3.95279
3.95269
3.95262
3.95257
3.95247
3.95241
3.95231
3.9522
3.95216
3.95209
3.95199
3.95193
3.95184
3.95179
3.95169
3.95162
3.95155
3.95151
3.95147
3.95146
3.95142
3.95137
3.95133
3.95129
3.95121
3.95118
3.95114
3.95108
3.95103
3.95101
3.95096
3.95095
3.95093
3.95092
3.95091
3.95089
3.95087
3.95085
3.95085
3.95084
3.95084
3.95082
3.95082
3.95082
3.95082
3.95082
3.95082
3.95082
3.95082
3.95082
3.95082
3.95082
3.95082
3.95082
3.95082
3.95082
3.95082
3.95082
3.95082
3.95082
3.95082
3.95082
3.95082
3.95082
3.95082
3.95082
3.95082
3.95082
3.95082
3.95082
3.95082
3.95082
3.95082
3.95082
3.95082
3.45703
3.45703
3.45703
3.45703
3.45703
3.40909
3.05193
3.05193
3.04914
2.90534
2.82083
2.82083
2.71253
2.66757
2.63374
2.52163
2.45739
2.38317
2.32583
2.26843
2.21465
2.17206
2.14211
2.09799
2.05889
2.02536
1.98268
1.92422
1.92422
1.90479
1.88502
1.8639
1.83596
1.81262
1.78285
1.76116
1.73841
1.71794
1.69799
1.6792
1.65473
1.63493
1.60258
1.59832
1.57301
1.56108
1.54471
1.52167
1.51395
1.50049
1.48348
1.48
1.46295
1.45568
1.44745
1.4374
1.43157
1.42151
1.41463
1.40412
1.39574
1.38534
1.37763
1.3694
1.36162
1.35446
1.34611
1.33145
1.32152
1.31401
1.30244
1.28531
1.26774
1.26193
1.23903
1.22713
1.21602
1.17589
1.16886
1.16128
1.14839
1.12775
1.11893
1.10657
1.0876
1.0781
1.06131
1.04961
1.04438
1.03227
1.02677
1.01984
1.01346
1.00903
1.00272
0.99309
0.989713
0.985818
0.976986
0.970291
0.964564
0.956673
0.949258
0.934164
0.928979
0.922866
0.914744
0.90484
0.897448
0.88746
0.879834
0.871245
0.864638
0.855278
0.8464
0.833521
0.831423
0.826556
0.818266
0.809002
0.79993
0.783548
0.780325
0.774472
0.766011
0.760497
0.756196
0.747358
0.729282
0.729282
0.719847
0.711536
0.704161
0.697404
0.681268
0.676248
0.664057
0.652827
0.646566
0.636255
0.633523
0.620885
0.620885
0.610534
0.610534
0.609873
0.603419
0.596942
0.583422
0.583422
0.579701
0.573361
0.565704
0.560714
0.557424
0.552811
0.546783
0.540415
0.536155
0.529278
0.524755
0.515574
0.513493
0.507587
0.496903
0.496903
0.495026
0.486326
0.48043
0.476929
0.465117
0.461458
0.460313
0.454307
0.446655
0.443351
0.436799
0.434379
0.429444
0.420661
0.420661
0.417377
0.415019
0.410911
0.407401
0.401756
0.39942
0.396326
0.393915
0.385926
0.385016
0.379584
0.374815
0.370671
0.365275
0.362806
0.358398
0.356463
0.352759
0.349454
0.345613
0.343536
0.340126
0.335985
0.334187
0.330975
0.330172
0.327338
0.325223
0.323542
0.322463
0.320605
0.318277
0.315854
0.313262
0.310061
0.307631
0.306127
0.304139
0.303033
0.301715
0.300728
0.299747
0.298999
0.298158
0.296598
0.296146
0.2953
0.294201
0.293173
0.290958
0.289892
0.288599
0.287684
0.286366
0.284328
0.283481
0.282152
0.280787
0.278426
0.277056
0.276055
0.274691
0.272621
0.271191
0.268429
0.267159
0.264733
0.262987
0.261195
0.259815
0.258546
0.256827
0.255891
0.254754
0.253885
0.252787
0.251419
0.250853
0.249669
0.249043
0.248072
0.246897
0.246176
0.245008
0.24433
0.243925
0.243027
0.241932
0.24084
0.240529
0.239245
0.237715
0.237349
0.236217
0.234837
0.234199
0.23279
0.231683
0.229995
0.227441
0.226707
0.223119
0.223119
0.22139
0.220174
0.21685
0.214453
0.213339
0.210765
0.209358
0.207681
0.205402
0.204686
0.203609
0.201727
0.200765
0.199611
0.198125
0.197898
0.197008
0.195656
0.195194
0.193918
0.193274
0.192598
0.191212
0.19077
0.190193
0.189457
0.18881
0.188304
0.187423
0.187121
0.186658
0.185419
0.185419
0.184748
0.184187
0.183638
0.183213
0.182275
0.181461
0.18093
0.179707
0.178418
0.176758
0.176758
0.175528
0.175052
0.174081
0.173149
0.171566
0.171176
0.170658
0.169959
0.168844
0.16833
0.167251
0.166649
0.165805
0.164554
0.163819
0.162263
0.161821
0.160752
0.159812
0.159411
0.15867
0.157262
0.15701
0.156602
0.155919
0.155121
0.154679
0.154083
0.15347
0.152485
0.152025
0.150738
0.150669
0.149611
0.14889
0.148169
0.147588
0.146886
0.146368
0.145544
0.144998
0.144474
0.14364
0.143256
0.142454
0.142382
0.14132
0.141181
0.140579
0.139718
0.139223
0.13892
0.137658
0.137211
0.136337
0.135653
0.135063
0.13411
0.133654
0.132995
0.132479
0.131868
0.131457
0.130767
0.130107
0.129656
0.128564
0.128104
0.127434
0.126636
0.126361
0.125536
0.124952
0.124204
0.123582
0.122765
0.122167
0.121076
0.120344
0.119934
0.119334
0.118673
0.118149
0.117503
0.116744
0.116036
0.115075
0.114254
0.113677
0.113048
0.112166
0.111327
0.110717
0.109761
0.109067
0.108319
0.107359
0.1069
0.105896
0.105279
0.104184
0.10373
0.103148
0.102818
0.102151
0.101623
0.100479
0.100177
0.0997881
0.0985745
0.0985745
0.0985745
0.0977374
0.0968857
0.0962958
0.0960294
0.0955133
0.0950516
0.0948702
0.0947597
0.094544
0.0941062
0.0935242
0.0933956
0.0929234
0.0923985
0.0922339
0.0918727
0.0914618
0.0906115
0.0904342
0.0897177
0.0895037
0.0888076
0.0885444
0.0881114
0.0877114
0.0874561
0.0869975
0.0864039
0.0860881
0.0860308
0.0856343
0.0853336
0.0849227
0.0844594
0.0839105
0.0833557
0.0828189
0.0821522
0.0817494
0.0813477
0.0807765
0.0805417
0.0801366
0.0796601
0.0793393
0.0790809
0.0785856
0.0784382
0.0780135
0.0775552
0.0771701
0.0768674
0.0764238
0.0761766
0.0755402
0.0746438
0.0746008
0.0739804
0.0732894
0.0732894
0.0729098
0.072735
0.0722967
0.0720531
0.0717326
0.071506
0.0712195
0.0710619
0.0708515
0.0704775
0.0701596
0.0700903
0.0698325
0.0696
0.0692825
0.0690345
0.0685862
0.0683342
0.0680579
0.06775
0.0674861
0.0667404
0.0664992
0.066037
0.0657167
0.065372
0.0649107
0.0645825
0.0642757
0.063932
0.0636612
0.063471
0.063076
0.0629181
0.0624279
0.062234
0.0619543
0.0615565
0.0611576
0.0608804
0.0605946
0.0601983
0.0599836
0.059618
0.0595333
0.0592518
0.0589919
0.0587804
0.058399
0.0579814
0.0577888
0.057646
0.0571264
0.0568604
0.0563602
0.0562047
0.055931
0.055577
0.0550402
0.054932
0.0545764
0.0541895
0.0538749
0.0535122
0.0532716
0.0529891
0.0525367
0.0520253
0.0519604
0.0516657
0.0509856
0.0509856
0.0506211
0.0502603
0.0497551
0.0492827
0.0489431
0.0485695
0.0484722
0.0483342
0.0481172
0.0477557
0.0476998
0.0475223
0.0472924
0.0469833
0.0467544
0.0464368
0.0462854
0.0461857
0.045796
0.0455995
0.0453483
0.045136
0.0447747
0.044636
0.0443152
0.0439466
0.0439009
0.0438062
0.0436269
0.0434913
0.0432641
0.0431312
0.0430475
0.0429452
0.0427909
0.0427368
0.0426566
0.0425919
0.042481
0.0423857
0.0422972
0.0421752
0.0420952
0.0418914
0.0418291
0.0417204
0.0416119
0.0415045
0.0413696
0.0411682
0.041152
0.0409957
0.0408757
0.0406983
0.0405197
0.0403456
0.0401656
0.0396325
0.0396325
0.0394373
0.0392978
0.0390474
0.0389335
0.0386304
0.0383664
0.038237
0.0379754
0.0376931
0.0374907
0.0373743
0.0370695
0.0369158
0.0367196
0.0365699
0.0364023
0.0362367
0.0360061
0.0358952
0.035615
0.0354923
0.0353816
0.0352388
0.035078
0.0349301
0.0346612
0.0346103
0.0343881
0.0342032
0.0339177
0.0338396
0.0337001
0.0335323
0.0334566
0.0333199
0.0332074
0.0330808
0.0328937
0.032725
0.0325796
0.032459
0.0323694
0.0321811
0.0319837
0.0318173
0.0316802
0.0314444
0.0314041
0.0311713
0.0310759
0.0308178
0.0307003
0.0305333
0.0303986
0.0302011
0.0300796
0.0299615
0.0296864
0.0295832
0.0293704
0.0292786
0.0290874
0.0290181
0.0288459
0.0287738
0.0284885
0.0284587
0.0283067
0.0281796
0.028073
0.0279032
0.0278326
0.027692
0.0276129
0.0275138
0.0274331
0.0273458
0.0272746
0.0271762
0.0270412
0.0269779
0.0268552
0.0267545
0.0266354
0.0265427
0.0264842
0.0264057
0.0263316
0.0262514
0.0261438
0.0261254
0.0260121
0.0259587
0.0258874
0.0258283
0.0257584
0.025706
0.0255897
0.0255688
0.0254811
0.0253565
0.0252466
0.0251875
0.0250917
0.0250193
0.0249246
0.0248157
0.0247187
0.0246255
0.0245472
0.0244504
0.0243351
0.0242644
0.0241835
0.0240931
0.0240361
0.0239467
0.0238619
0.0237781
0.0237136
0.0236209
0.0235425
0.0235072
0.023397
0.0232753
0.0232624
0.023189
0.0231116
0.0230126
0.0229079
0.0228025
0.0227609
0.0226562
0.0225557
0.0224485
0.0223339
0.0222177
0.0221437
0.0220707
0.0220138
0.0219196
0.0217577
0.0216493
0.0215747
0.021464
0.021385
0.0212412
0.0211638
0.0210101
0.020857
0.0207839
0.0206484
0.020486
0.0203371
0.0202491
0.0202156
0.0200146
0.0199147
0.0198707
0.0197094
0.019654
0.0196033
0.019547
0.0195046
0.0193325
0.0192604
0.0192274
0.0192008
0.0191246
0.0190225
0.0188914
0.0188453
0.0188157
0.0186846
0.0185516
0.0184819
0.0181654
0.0181124
0.0178452
0.0178123
0.0177526
0.0176137
0.0175027
0.0174255
0.0173494
0.0172493
0.01717
0.0170877
0.016964
0.0169246
0.0168097
0.016729
0.0166284
0.0165749
0.0165357
0.0164973
0.0163628
0.0163403
0.0162856
0.0162524
0.0161545
0.0160982
0.0159941
0.0159831
0.0159301
0.0158679
0.0158383
0.0157956
0.0157689
0.0157401
0.0156951
0.0156548
0.0156218
0.0156218
0.0156218
0.0156218
0.0156218
0.0156218
0.0156218
0.0156218
0.0156218
0.0156218
0.0156218
0.0156218
0.0156218
0.0156218
0.0156218
0.0156218
0.0156218
0.0156218
0.0156218
0.0156218
0.0156218
0.0156218
0.0156218
0.0156218
0.0156218
0.0156218
0.0156218
0.0156218
0.0156218
0.0156218
0.0156218
0.0156218
0.0156218
0.0156218
0.0156218
0.0156218
0.0156218
0.0156218
0.0156218
0.0156218
0.0156218
0.0156218
0.0156218
0.0156218
0.0156218
0.0156218
0.0156218
0.0156218
0.0156218
0.0156218
0.0156218
0.0156218
0.0156218
0.0156218
0.0156218
0.0156218
0.0156218
0.0156218
0.0156218
0.0156218
0.0156218
0.0156218
0.0156218
0.0156218
0.0156218
0.0156218
0.0156218
0.0156218
0.0156218
0.0156218
0.0156218
0.0156218
0.0156218
0.0156218
0.0156218
0.0156218
0.0156218
0.0156218
0.0156218
0.0156218
0.0156218
0.0156218
0.0156218
0.0156218
0.0156218
0.0156218
0.0156218
0.0156218
0.0156218
0.0156218
0.0156218
0.0156218
0.0156218
0.0156218
0.0156218
0.0156218
0.0156218
0.0156218
0.0156218
0.0156218
0.0156218
0.0156218
0.0156218
0.0156218
0.0156218
0.0156218
0.0156218
0.0156218
0.0156218
0.0156218
0.0156218
0.0156218
0.0156218
0.0156218
0.0156218
0.0156218
0.0156218
0.0156218
0.0156218
0.0156218
0.0156218
0.0156218
0.0156218
0.0156218
0.0156218
0.0156218
0.0156218
0.0156218
0.0156218
0.0156218
0.0156218
0.0156218
0.0156218
0.0156218
0.0156218
0.0156218
0.0156218
0.0156218
0.0156218
0.0156218
0.0156218
0.0156218
0.0156218
0.0156218
0.0156218
0.0156218
0.0156218
0.0156218
0.0156218
0.0156218
0.0156218
0.0156218
0.0156218
0.0156218
0.0156218
0.0156218
0.0156218
0.0156218
0.0156218
0.0156218
0.0156218
0.0156218
0.0156218
0.0156218
0.0156218
0.0156218
0.0156218
0.0156218
0.0156218
0.0156218
0.0156218
0.0156218
0.0156218
0.0156218
0.0156218
0.0156218
0.0156218
0.0156218
0.0156218
0.0156218
0.0156218
0.0156218
0.0156218
0.0156218
0.0156218
0.0156218
0.0156218
0.0156218
0.0156218
0.0156218
0.0156218
