112308
112308
112308
112308
8924.19
6260.99
6179.04
6179.04
3297.04
2091.74
2091.74
2091.74
1603.31
929.285
693.898
229.649
229.649
29.7152
29.7152
29.7152
29.7152
29.7152
29.7152
29.7152
29.7152
29.7152
29.7152
29.7152
29.7152
29.7152
29.7152
29.7152
29.7152
25.934
25.934
25.934
25.934
16.3327
11.0057
9.1917
5.54181
5.54181
5.54181
4.45127
4.45127
4.45127
4.45127
4.45127
4.45127
4.45127
4.02968
3.53863
3.51043
3.51043
3.51043
2.98469
2.98469
2.98469
2.98469
2.80576
2.70961
2.70961
2.70961
2.67749
2.66917
2.64553
2.59274
2.59274
2.4858
2.42939
2.42939
2.41476
2.37027
2.33809
2.29715
2.26475
2.21301
2.18352
2.15423
2.13345
2.09399
2.06215
2.02767
1.99515
1.95134
1.9168
1.88663
1.84538
1.81408
1.78662
1.76249
1.74864
1.70912
1.70468
1.6862
1.65995
1.65636
1.63792
1.63013
1.6139
1.599
1.57938
1.56442
1.53874
1.49374
1.49374
1.46594
1.4584
1.43537
1.42303
1.40185
1.35867
1.34858
1.33807
1.32043
1.30478
1.28891
1.26817
1.24399
1.2248
1.20226
1.19033
1.16824
1.1471
1.14015
1.12521
1.11441
1.10858
1.09477
1.09373
1.08666
1.07419
1.07096
1.06574
1.04938
1.04284
1.03066
1.02346
1.01368
1.00714
0.999101
0.990053
0.984357
0.978686
0.978686
0.964884
0.959671
0.949871
0.937398
0.921243
0.914825
0.908002
0.896378
0.888246
0.883279
0.881369
0.877238
0.872534
0.868554
0.867997
0.864257
0.860579
0.8592
0.855356
0.851489
0.846315
0.846315
0.843807
0.841959
0.840354
0.836988
0.835835
0.832927
0.831861
0.829674
0.827892
0.826099
0.823021
0.818081
0.816203
0.81342
0.80905
0.804278
0.800445
0.794406
0.785812
0.779471
0.774382
0.768754
0.764812
0.754321
0.74751
0.744253
0.737738
0.730638
0.722975
0.722975
0.713863
0.709434
0.696525
0.692791
0.690477
0.68879
0.679988
0.679988
0.672708
0.672537
0.667778
0.661494
0.654839
0.651991
0.651256
0.643233
0.643233
0.63934
0.633298
0.63054
0.625923
0.623702
0.618296
0.613965
0.610783
0.607012
0.601377
0.598718
0.5947
0.592563
0.585411
0.582403
0.57885
0.572836
0.570251
0.567309
0.563638
0.560876
0.5578
0.556774
0.555022
0.551993
0.550911
0.549033
0.547292
0.545336
0.542812
0.537302
0.532712
0.528295
0.524678
0.519245
0.517914
0.513219
0.509169
0.505989
0.497141
0.49419
0.489769
0.48653
0.484292
0.481597
0.478116
0.473442
0.470171
0.468242
0.464038
0.4618
0.461053
0.459182
0.454709
0.454709
0.454709
0.45249
0.447591
0.445013
0.441045
0.440016
0.436266
0.434153
0.430001
0.427773
0.425641
0.423594
0.421473
0.419145
0.41666
0.414113
0.413228
0.411281
0.407438
0.404061
0.40234
0.398527
0.396865
0.391943
0.39018
0.386462
0.38387
0.378446
0.373063
0.371397
0.368657
0.365347
0.36247
0.358894
0.355893
0.354348
0.354227
0.35173
0.350088
0.347561
0.346286
0.344078
0.341227
0.340179
0.336598
0.330006
0.326996
0.325561
0.317301
0.315932
0.310965
0.307376
0.305732
0.301411
0.299878
0.297301
0.295162
0.292904
0.291182
0.289283
0.288543
0.28599
0.284321
0.281927
0.281462
0.278986
0.278923
0.277109
0.276128
0.274708
0.274079
0.273306
0.271684
0.271211
0.270556
0.268806
0.266416
0.265933
0.264012
0.264012
0.263619
0.263375
0.263201
0.261195
0.261058
0.259578
0.257136
0.255796
0.254224
0.252185
0.250599
0.249412
0.248312
0.247227
0.246368
0.245053
0.243494
0.243095
0.241366
0.24066
0.238995
0.237865
0.236922
0.235793
0.23418
0.233598
0.232802
0.231582
0.231144
0.229778
0.228924
0.227211
0.226494
0.225036
0.223805
0.22256
0.22091
0.219561
0.217586
0.217207
0.215563
0.214671
0.213722
0.212723
0.212263
0.211129
0.209974
0.208796
0.207296
0.206096
0.204898
0.203407
0.20226
0.200772
0.199762
0.198588
0.197577
0.195993
0.194877
0.191615
0.191615
0.190575
0.189014
0.187744
0.187018
0.184912
0.182237
0.181197
0.179582
0.17748
0.175864
0.175059
0.174
0.172833
0.171694
0.170549
0.170178
0.169535
0.168913
0.168701
0.168144
0.167651
0.167519
0.166886
0.166857
0.16643
0.166263
0.166025
0.165644
0.165152
0.163015
0.162909
0.161548
0.161255
0.160525
0.159028
0.158339
0.157648
0.157021
0.155706
0.15442
0.153641
0.152459
0.150807
0.15037
0.149197
0.147915
0.146909
0.146668
0.1448
0.143647
0.14274
0.141589
0.140331
0.138536
0.138536
0.138425
0.135273
0.133844
0.131529
0.130884
0.129489
0.128322
0.12744
0.126108
0.125225
0.124407
0.12364
0.123089
0.122468
0.121627
0.121393
0.120712
0.120316
0.120069
0.119226
0.118633
0.117636
0.117343
0.116437
0.115572
0.114018
0.113498
0.112402
0.111834
0.110747
0.110248
0.109723
0.109096
0.108655
0.107931
0.107622
0.107178
0.106583
0.106002
0.105704
0.105088
0.104592
0.104138
0.103219
0.102604
0.102328
0.102083
0.101642
0.101289
0.100898
0.100438
0.100259
0.0997997
0.0992821
0.0990124
0.0985797
0.0980412
0.0977484
0.0971772
0.0970325
0.0966475
0.0960802
0.0955788
0.095361
0.0950858
0.0948124
0.0941597
0.0939536
0.093681
0.0930768
0.0920986
0.0916405
0.0915626
0.0909495
0.0907139
0.0903034
0.0899712
0.0894524
0.0890124
0.0888034
0.0883984
0.0882711
0.0879378
0.0876246
0.0869517
0.0867853
0.0861154
0.0857154
0.0851196
0.0847206
0.0843425
0.0837069
0.0830612
0.0823257
0.0815406
0.0815406
0.0810844
0.0807243
0.0803435
0.0800478
0.0796064
0.0796064
0.0790564
0.0790564
0.0786583
0.0786583
0.0784995
0.0783013
0.0782389
0.0780811
0.0778243
0.0778243
0.0777211
0.0775756
0.0773439
0.0771855
0.0770217
0.0768135
0.076656
0.0764008
0.0760515
0.0758818
0.0755226
0.0752509
0.0750036
0.0746534
0.0746052
0.0744809
0.0742818
0.074136
0.0740172
0.073911
0.0735172
0.0734271
0.0731433
0.0728509
0.0728509
0.0725962
0.0724521
0.0721216
0.0719821
0.0717137
0.0714359
0.0713221
0.0710504
0.0708978
0.070729
0.0705953
0.0703916
0.0703003
0.0702156
0.0700976
0.0699928
0.0698906
0.0697143
0.0695381
0.0694729
0.0693337
0.0692081
0.0691623
0.0689904
0.0688359
0.0686987
0.0685135
0.0681156
0.0677171
0.0676623
0.0674289
0.0669925
0.0668752
0.0666255
0.0665229
0.0662725
0.0660679
0.0658086
0.0654902
0.0652895
0.065104
0.0650619
0.0649025
0.0647168
0.0645762
0.0644075
0.0642522
0.0641078
0.0640264
0.0639069
0.0638141
0.0636992
0.0636426
0.0635542
0.0634709
0.0633705
0.0632643
0.0631332
0.0630613
0.0629457
0.0628715
0.0627009
0.0626034
0.0624132
0.0621353
0.0619024
0.0615914
0.0614407
0.0612952
0.0609845
0.0608055
0.0605762
0.0603388
0.0601677
0.0599161
0.0596847
0.0593602
0.0592104
0.059129
0.0589036
0.0585819
0.0583793
0.0580952
0.0579322
0.0576578
0.0573581
0.0569591
0.0568122
0.0565393
0.0563271
0.0559351
0.0556252
0.0554003
0.0551906
0.0550554
0.0548243
0.0546277
0.0545009
0.0543684
0.0541931
0.0540473
0.0539378
0.0538716
0.053725
0.05361
0.0533622
0.0532087
0.053015
0.0528728
0.0527254
0.0524956
0.0523648
0.0520697
0.0520697
0.0519476
0.0517114
0.0516653
0.0515824
0.0513942
0.0513583
0.0512894
0.051155
0.0511017
0.0510107
0.0509487
0.0508658
0.0507739
0.0507739
0.0507478
0.0506878
0.0506585
0.0506337
0.0505529
0.0505529
0.0505393
0.0504861
0.0504861
0.050439
0.0504314
0.0504185
0.0503952
0.0503907
0.0503793
0.0503669
0.0503598
0.0503439
0.0503439
0.0503439
0.0503439
0.0503439
0.0503439
0.0503439
0.0503439
0.0503439
0.0503439
0.0503439
0.0503439
0.0503439
0.0503439
0.0503439
0.0503439
0.0503439
0.0503439
0.0503439
0.0503439
0.0503439
0.0503439
0.0503439
0.0503439
0.0503439
0.0503439
0.0503439
0.0503439
0.0503439
0.0503439
0.0503439
0.0503439
0.0503439
0.0503439
0.0503439
0.0503439
0.0503439
0.0503439
0.0503439
0.0503439
0.0503439
0.0503439
0.0503439
0.0503439
0.0503439
0.0503439
0.0503439
0.0503439
0.0503439
0.0503439
0.0503439
0.0503439
0.0503439
0.0503439
0.0503439
0.0503439
0.0503439
0.0503439
0.0503439
0.0503439
0.0503439
0.0503439
0.0503439
0.0503439
0.0503439
0.0503439
0.0503439
0.0503439
0.0503439
0.0503439
0.0503439
0.0503439
0.0503439
0.0503439
0.0503439
0.0503439
0.0503439
0.0503439
0.0503439
0.0503439
0.0503439
0.0503439
0.0503439
0.0503439
0.0503439
0.0503439
0.0503439
0.0503439
0.0503439
0.0503439
0.0503439
0.0503439
0.0503439
0.0503439
0.0503439
0.0503439
0.0503439
0.0503439
0.0503439
0.0503439
0.0503439
0.0503439
0.0503439
0.0503439
0.0503439
0.0503439
0.0503439
0.0503439
0.0503439
0.0503439
0.0503439
0.0503439
0.0503439
0.0503439
0.0503439
0.0503439
0.0503439
0.0503439
0.0503439
0.0503439
0.0503439
0.0503439
0.0503439
0.0503439
0.0503439
0.0503439
0.0503439
0.0503439
0.0503439
0.0503439
0.0503439
0.0503439
0.0503439
0.0503439
0.0503439
0.0503439
0.0503439
0.0503439
0.0503439
0.0503439
0.0503439
0.0503439
0.0503439
0.0503439
0.0503439
0.0503439
0.0503439
0.0503439
0.0503439
0.0503439
0.0503439
0.0503439
0.0503439
0.0503439
0.0503439
0.0503439
0.0503439
0.0503439
0.0503439
0.0503439
0.0503439
0.0503439
0.0503439
0.0503439
0.0503439
0.0503439
0.0503439
0.0503439
0.0503439
0.0503439
0.0503439
0.0503439
0.0503439
0.0503439
0.0503439
0.0503439
0.0503439
0.0503439
0.0503439
0.0503439
0.0503439
0.0503439
0.0503439
0.0503439
0.0503439
0.0503439
0.0503439
0.0503439
0.0503439
0.0503439
0.0503439
0.0503439
0.0503439
0.0503439
0.0503439
0.0503439
0.0503439
0.0503439
0.0503439
0.0503439
0.0503439
0.0503439
0.0503439
0.0503439
0.0503439
0.0503439
0.0503439
0.0503439
0.0503439
0.0503439
0.0503439
0.0503439
0.0503439
0.0503439
0.0503439
0.0503439
0.0503439
0.0503439
0.0503439
0.0503439
0.0503439
0.0503439
0.0503439
0.0503439
0.0503439
0.0503439
0.0503439
0.0503439
0.0503439
0.0503439
0.0503439
0.0503439
0.0503439
0.0503439
0.0503439
0.0503439
0.0503439
0.0503439
0.0503439
0.0503439
0.0503439
0.0503439
0.0503439
0.0503439
0.0503439
0.0503439
0.0503439
0.0503439
0.0503439
0.0503439
0.0503439
0.0503439
0.0503439
0.0503439
0.0503439
0.0503439
0.0503439
0.0503439
0.0503439
0.0503439
0.0503439
0.0503439
0.0503439
0.0503439
0.0503439
0.0503439
0.0503439
0.0503439
0.0503439
0.0503439
0.0503439
0.0503439
0.0503439
0.0503439
0.0503439
0.0503439
0.0503439
0.0503439
0.0503439
0.0503439
0.0503439
0.0503439
0.0503439
0.0503439
0.0503439
0.0503439
0.0503439
0.0503439
0.0503439
0.0503439
0.0503439
0.0503439
0.0503439
0.0503439
0.0503439
0.0503439
0.0503439
0.0503439
0.0503439
0.0503439
0.0503439
0.0503439
0.0503439
0.0503439
0.0503439
0.0503439
0.0503439
0.0503439
0.0503439
0.0503439
0.0503439
0.0503439
0.0503439
0.0503439
0.0503439
0.0503439
0.0503439
0.0503439
0.0503439
0.0503439
0.0503439
0.0503439
0.0503439
0.0503439
0.0503439
0.0503439
0.0503439
0.0503439
0.0503439
0.0503439
0.0503439
0.0503439
0.0503439
0.0503439
0.0503439
0.0503439
0.0503439
0.0503439
0.0503439
0.0503439
0.0503439
0.0503439
0.0503439
0.0503439
0.0503439
0.0503439
0.0503439
0.0503439
0.0503439
0.0503439
0.0503439
0.0503439
0.0503439
0.0503439
0.0503439
0.0503439
0.0503439
0.0503439
0.0503439
0.0503439
0.0503439
0.0503439
0.0503439
0.0503439
0.0503439
0.0503439
0.0503439
0.0503439
0.0503439
0.0503439
0.0503439
0.0503439
0.0503439
0.0503439
0.0503439
0.0503439
0.0503439
0.0503439
0.0503439
0.0503439
0.0503439
0.0503439
0.0503439
0.0503439
0.0503439
0.0503439
0.0503439
0.0503439
0.0503439
0.0503439
0.0503439
0.0503439
0.0503439
0.0503439
0.0503439
0.0503439
0.0503439
0.0503439
0.0503439
0.0503439
0.0503439
0.0503439
0.0503439
0.0503439
0.0503439
0.0503439
0.0503439
0.0503439
0.0503439
0.0503439
0.0503439
0.0503439
0.0503439
0.0503439
0.0503439
0.0503439
0.0503439
0.0503439
0.0503439
0.0503439
0.0503439
0.0503439
0.0503439
0.0503439
0.0503439
0.0503439
0.0503439
0.0503439
0.0503439
0.0503439
0.0503439
0.0503439
0.0503439
0.0503439
0.0503439
0.0503439
0.0503439
0.0503439
0.0503439
0.0503439
0.0503439
0.0503439
0.0503439
0.0503439
0.0503439
0.0503439
0.0503439
0.0503439
0.0503439
0.0503439
0.0503439
0.0503439
0.0503439
0.0503439
0.0503439
0.0503439
0.0503439
0.0503439
0.0503439
0.0503439
0.0503439
0.0503439
0.0503439
0.0503439
0.0503439
0.0503439
0.0503439
0.0503439
0.0503439
0.0503439
0.0503439
0.0503439
0.0503439
0.0503439
0.0503439
0.0503439
0.0503439
0.0503439
0.0503439
0.0503439
0.0503439
0.0503439
0.0503439
0.0503439
0.0503439
0.0503439
0.0503439
0.0503439
0.0503439
0.0503439
0.0503439
0.0503439
0.0503439
0.0503439
0.0503439
0.0503439
0.0503439
0.0503439
0.0503439
0.0503439
0.0503439
0.0503439
0.0503439
0.0503439
0.0503439
0.0503439
0.0503439
0.0503439
0.0503439
0.0503439
0.0503439
0.0503439
0.0503439
0.0503439
0.0503439
0.0503439
0.0503439
0.0503439
0.0503439
0.0503439
0.0503439
0.0503439
0.0503439
0.0503439
0.0503439
0.0503439
0.0503439
0.0503439
0.0503439
0.0503439
0.0503439
0.0503439
0.0503439
0.0503439
0.0503439
0.0503439
0.0503439
0.0503439
0.0503439
0.0503439
0.0503439
0.0503439
0.0503439
0.0503439
0.0503439
0.0503439
0.0503439
0.0503439
0.0503439
0.0503439
0.0503439
0.0503439
0.0503439
0.0503439
0.0503439
0.0503439
0.0503439
0.0503439
0.0503439
0.0503439
0.0503439
0.0503439
0.0503439
0.0503439
0.0503439
0.0503439
0.0503439
0.0503439
0.0503439
0.0503439
0.0502337
0.050062
0.0498979
0.0494957
0.0493333
0.0492458
0.0489637
0.0487136
0.048302
0.048297
0.0479925
0.047909
0.0476318
0.0474988
0.0472016
0.0469829
0.0466315
0.0464075
0.0459292
0.0456631
0.0453038
0.0451637
0.0451168
0.044724
0.0445865
0.0443175
0.0440814
0.0440131
0.0435992
0.0433751
0.0431243
0.042922
0.0427628
0.0423234
0.0422411
0.042079
0.0418722
0.0413511
0.0410579
0.0409749
0.040488
0.0401194
0.0396165
0.0395473
0.0391709
0.0388671
0.0386951
0.038515
0.0382805
0.0378813
0.0375651
0.037316
0.0371911
0.0369735
0.0367383
0.0365399
0.0364452
0.0363236
0.0362414
0.0361129
0.035965
0.0357962
0.0357955
0.0356894
0.0355439
0.0354731
0.0353166
0.0352771
0.0351653
0.0350798
0.0349901
0.0348381
0.0347977
0.0347099
0.0346308
0.0344927
0.0343898
0.0343181
0.0341665
0.0341153
0.0339992
0.0339302
0.0338288
0.0337355
0.0336547
0.0336547
0.0336547
0.0336547
0.0336547
0.0336547
0.0336547
0.0336547
0.0336547
0.0336547
0.0336547
0.0336547
0.0336547
0.0336547
0.0336547
0.0336547
0.0336547
0.0336547
0.0336547
0.0336547
0.0336547
0.0336547
0.0336547
0.0336547
0.0336547
0.0336547
0.0336547
0.0336547
0.0336547
0.0336547
0.0336547
0.0336547
0.0336547
0.0336547
0.0336547
0.0336547
0.0336547
0.0336547
0.0336547
0.0336547
0.0336547
0.0336547
0.0336547
0.0336547
0.0336547
0.0336547
0.0336547
0.0336547
0.0336547
0.0336547
0.0336547
0.0336547
0.0336547
0.0336547
0.0336547
0.0336547
0.0336547
0.0336547
0.0336547
0.0336547
0.0336547
0.0336547
0.0336547
0.0336547
0.0336547
0.0336547
0.0336547
0.0336547
0.0336547
0.0336547
0.0336547
0.0336547
0.0336547
0.0336547
0.0336547
0.0336547
0.0336547
0.0336547
0.0336547
0.0336547
0.0336547
0.0336547
0.0336547
0.0336547
0.0336547
0.0336547
0.0336547
0.0336547
0.0336547
0.0336547
0.0336547
0.0336547
0.0336547
0.0336547
0.0336547
0.0336547
0.0336547
0.0336547
0.0336547
0.0336547
0.0336547
0.0336547
0.0336547
0.0336547
0.0336547
0.0336547
0.0336547
0.0336547
0.0336547
0.0336547
0.0336547
0.0336547
0.0336547
0.0336547
0.0336547
0.0336547
0.0336547
0.0336547
0.0336547
0.0336547
0.0336547
0.0336547
0.0336547
0.0336547
0.0336547
0.0336547
0.0336547
0.0336547
0.0336547
0.0336547
0.0336547
0.0336547
0.0336547
0.0336547
0.0336547
0.0336547
0.0336547
0.0336547
0.0336547
0.0336547
0.0336547
0.0336547
0.0336547
0.0336547
0.0336547
0.0336547
0.0336547
0.0336547
0.0336547
0.0336547
0.0336547
0.0336547
0.0336547
0.0336547
0.0336547
0.0336547
0.0336547
0.0336547
0.0336547
0.0336547
0.0336547
0.0336547
0.0336547
0.0336547
0.0336547
0.0336547
0.0336547
0.0336547
0.0336547
0.0336547
0.0336547
0.0336547
0.0336547
0.0336547
0.0336547
0.0336547
0.0336547
0.0336547
0.0336547
0.0336547
0.0336547
0.0336547
0.0336547
0.0336547
0.0336547
0.0336547
0.0336547
0.0336547
0.0336547
0.0336547
0.0336547
0.0336547
0.0336547
0.0336547
0.0336547
0.0336547
0.0336547
0.0336547
0.0336547
0.0336547
0.0336547
0.0336547
0.0336547
0.0336547
0.0336547
0.0336547
0.0336547
0.0336547
0.0336547
0.0336547
0.0336547
0.0336547
0.0336547
0.0336547
0.0336547
0.0336547
0.0336547
0.0336547
0.0336547
0.0336547
0.0336547
0.0336547
0.0336547
0.0336547
0.0336547
0.0336547
0.0336547
0.0336547
0.0336547
0.0336547
0.0336547
0.0336547
0.0336547
0.0336547
0.0336547
0.0336547
0.0336547
0.0336547
0.0336547
0.0336547
0.0336547
0.0336547
0.0336547
0.0336547
0.0336547
0.0336547
0.0336547
0.0336547
0.0336547
0.0336547
0.0336547
0.0336547
0.0336547
0.0336547
0.0336547
0.0336547
0.0336547
0.0336547
0.0336547
0.0336547
0.0336547
0.0336547
0.0336547
0.0336547
0.0336547
0.0336547
0.0336547
0.0336547
0.0336547
0.0336547
0.0336547
0.0336547
0.0336547
0.0336547
0.0336547
0.0336547
0.0336547
0.0336547
0.0336547
0.0336547
0.0336547
0.0336547
0.0336547
0.0336547
0.0336547
0.0336547
0.0336547
0.0336547
0.0336547
0.0336547
0.0336547
0.0336547
0.0336547
0.0336547
0.0336547
0.0336547
0.0336547
0.0336547
0.0336547
0.0336547
0.0336547
0.0336547
0.0336547
0.0336547
0.0336547
0.0336547
0.0336547
0.0336547
0.0336547
0.0336547
0.0336547
0.0336547
0.0336547
0.0336547
0.0336547
0.0336547
0.0336547
0.0336547
0.0336547
0.0336547
0.0336547
0.0336547
0.0336547
0.0336547
0.0336547
0.0336547
0.0336547
0.0336547
0.0336547
0.0336547
0.0336547
0.0336547
0.0336547
0.0336547
0.0336547
0.0336547
0.0336547
0.0336547
0.0336547
0.0336547
0.0336547
0.0336547
