2.16318e+14
1.02633e+14
2.24813e+13
5.27745e+12
1.64198e+12
6.5854e+11
6.5854e+11
6.5854e+11
6.5854e+11
6.5854e+11
6.5854e+11
6.5854e+11
6.5854e+11
6.5854e+11
5.57193e+11
1.52487e+11
1.52487e+11
1.20003e+11
1.0198e+11
8.50836e+10
3.11541e+10
1.68708e+10
1.68708e+10
5.8872e+09
5.8872e+09
5.22786e+09
2.7572e+09
2.7572e+09
2.7572e+09
2.7572e+09
1.32978e+09
1.32978e+09
1.32978e+09
1.32978e+09
1.30356e+09
1.30356e+09
4.33158e+08
4.33158e+08
1.58149e+08
1.23024e+08
1.23024e+08
1.13963e+08
9.17753e+07
4.89474e+07
4.89474e+07
4.89474e+07
4.23278e+07
4.15977e+07
4.15977e+07
1.09616e+07
1.09616e+07
1.09616e+07
1.09616e+07
1.09616e+07
1.09616e+07
7.87991e+06
2.65728e+06
2.65728e+06
2.29558e+06
2.29558e+06
2.29558e+06
1.7996e+06
1.7996e+06
1.7996e+06
1.6334e+06
1.37354e+06
1.37354e+06
803872
680717
250229
165124
165124
165124
165124
165124
165124
165124
165124
24384.8
24384.8
24384.8
24384.8
24384.8
24384.8
24384.8
24384.8
24384.8
24384.8
24384.8
24384.8
18266.4
18266.4
11593.7
11593.7
8859.06
7615.04
7615.04
3409.09
3109.15
3109.15
3109.15
2990.19
2052.47
1922.16
1595.78
1595.78
1449.75
1449.75
1184.02
1184.02
1184.02
1040.27
1040.27
1040.27
1040.27
1040.27
1040.27
1040.27
1036.47
970.628
964.765
934.311
895.873
895.873
890.285
866.41
849.454
815.354
815.354
808.289
808.289
808.289
808.289
808.289
808.289
808.289
808.289
808.289
808.289
808.289
808.289
808.289
808.289
794.946
788.424
788.424
786.751
775.336
775.336
775.336
775.336
775.336
775.336
775.336
775.336
775.336
775.336
775.336
775.336
775.336
775.336
775.336
775.336
775.336
775.336
767.523
767.523
767.523
767.523
767.523
767.523
767.523
767.523
767.523
767.523
767.523
767.523
767.523
767.523
767.523
767.523
767.523
767.523
767.523
767.523
767.523
767.523
767.523
767.523
767.523
767.523
767.523
767.523
767.523
767.523
767.523
767.523
767.523
767.523
767.523
767.523
767.523
767.523
767.523
767.523
767.523
767.523
767.523
767.523
767.523
767.523
767.523
767.523
767.523
767.523
767.523
767.523
767.523
767.523
767.523
767.523
767.523
767.523
767.523
767.523
767.523
767.523
767.523
767.523
767.523
767.523
767.523
767.523
767.523
767.523
767.523
767.523
767.523
767.523
767.523
767.523
767.523
767.523
767.523
767.523
767.523
767.523
767.523
767.523
767.523
767.523
767.523
767.523
767.523
767.523
767.523
767.523
767.523
767.523
767.523
767.523
767.523
767.523
767.523
767.523
767.523
767.523
767.523
767.523
767.523
767.523
767.523
767.523
767.523
767.523
767.523
767.523
767.523
767.523
767.523
767.523
767.523
767.523
767.523
767.523
767.523
767.523
755.352
755.352
755.352
731.312
731.312
731.312
731.312
731.312
731.312
731.312
731.312
731.312
731.312
731.312
731.312
731.312
731.312
731.312
731.312
731.312
731.312
731.312
731.312
731.312
731.312
731.312
731.312
731.312
731.312
731.312
731.312
731.312
731.312
731.312
731.312
731.312
731.312
731.312
731.312
731.312
731.312
731.312
731.312
731.312
731.312
731.312
731.312
731.312
731.312
731.312
731.312
731.312
731.312
731.312
731.312
731.312
731.312
731.312
731.312
731.312
731.312
731.312
731.312
731.312
731.312
731.312
731.312
731.312
731.312
731.312
731.312
731.312
731.312
731.312
731.312
731.312
731.312
731.312
731.312
731.312
731.312
731.312
731.312
731.312
731.312
731.312
731.312
731.312
731.312
731.312
731.312
731.312
731.312
731.312
731.312
731.312
731.312
731.312
731.312
731.312
731.312
731.312
731.312
731.312
731.312
731.312
731.312
731.312
731.312
731.312
731.312
731.312
731.312
731.312
731.312
731.312
731.312
731.312
731.312
731.312
731.312
731.312
731.312
731.312
731.312
731.312
731.312
731.312
731.312
731.312
731.312
731.312
731.312
731.312
731.312
731.312
731.312
731.312
731.312
731.312
731.312
731.312
731.312
731.312
731.312
731.312
731.312
731.312
731.312
731.312
731.312
731.312
731.312
731.312
731.312
731.312
731.312
731.312
731.312
731.312
731.312
731.312
731.312
731.312
731.312
731.312
731.312
731.312
731.312
731.312
731.312
731.312
731.312
731.312
731.312
731.312
731.312
731.312
731.312
731.312
731.312
731.312
731.312
731.312
727.251
727.251
727.251
719.102
719.102
719.102
719.102
718.594
718.594
718.594
718.594
718.594
718.594
718.594
718.594
718.594
718.594
718.594
718.594
718.594
718.594
718.594
718.594
718.594
718.594
718.594
718.594
718.594
718.594
718.594
718.594
718.594
718.594
671.202
671.202
671.202
671.202
671.202
671.202
671.202
671.202
671.202
671.202
671.202
658.914
658.914
658.914
658.914
658.914
658.914
658.914
658.914
658.914
658.914
658.914
658.914
658.914
658.914
658.914
658.914
658.914
658.914
658.914
658.914
658.914
658.914
658.914
658.914
658.914
658.914
658.914
658.914
658.914
658.914
658.914
658.914
658.914
658.914
658.914
658.914
658.914
658.914
658.914
658.914
658.914
658.914
658.914
658.914
658.914
658.914
658.914
658.914
658.914
658.914
658.914
658.914
658.914
658.914
658.914
658.914
658.914
658.914
658.914
658.914
658.914
658.914
658.914
658.914
658.914
658.914
658.914
658.914
658.914
658.914
658.914
658.914
658.914
658.914
658.914
658.914
658.914
658.914
658.914
658.914
658.914
658.914
658.914
658.914
658.914
658.914
658.914
658.914
658.914
658.914
658.914
650.859
646.167
646.167
646.167
646.167
646.167
643.615
643.615
639.405
639.405
639.405
639.405
639.405
639.405
639.405
639.405
639.405
639.405
639.405
639.405
639.405
639.405
639.405
639.405
639.405
639.405
639.405
639.405
639.405
639.405
639.405
639.405
639.405
639.405
639.405
639.405
639.405
639.405
639.405
639.405
639.405
639.405
639.405
639.405
639.405
639.405
639.405
639.405
639.405
639.405
639.405
639.405
639.405
639.405
639.405
639.405
639.405
639.405
639.405
639.405
639.405
639.405
639.405
639.405
639.405
639.405
639.405
639.405
639.405
639.405
639.405
639.405
639.405
639.405
639.405
639.405
639.405
639.405
639.405
639.405
639.405
639.405
639.405
639.405
639.405
639.405
639.405
639.405
639.405
639.405
639.405
639.405
639.405
639.405
639.405
639.405
639.405
639.405
639.405
639.405
639.405
639.405
639.405
639.405
639.405
639.405
639.405
639.405
639.405
639.405
639.405
639.405
639.405
639.405
639.405
639.405
639.405
639.405
639.405
639.405
639.405
639.405
639.405
639.405
639.405
639.405
639.405
639.405
639.405
639.405
639.405
639.405
639.405
639.405
639.405
639.405
639.405
639.405
639.405
639.405
639.405
639.405
639.405
639.405
639.405
639.405
639.405
639.405
639.405
639.405
639.405
639.363
639.363
639.363
639.363
639.363
639.363
639.363
639.363
639.363
639.363
636.091
636.091
636.091
636.091
636.091
636.091
636.091
636.091
636.091
636.091
636.091
636.091
636.091
636.091
636.091
636.091
636.091
636.091
636.091
636.091
636.091
636.091
636.091
636.091
636.091
636.091
636.091
636.091
636.091
636.091
636.091
636.091
636.091
636.091
636.091
636.091
636.091
636.091
636.091
636.091
636.091
636.091
636.091
636.091
636.091
636.091
636.091
636.091
636.091
636.091
636.091
636.091
627.218
627.218
627.218
627.218
627.218
627.218
627.218
627.218
627.218
627.218
627.218
627.218
627.218
627.218
627.218
627.218
627.218
627.218
627.218
627.218
627.218
627.218
627.218
627.218
627.218
627.218
627.218
627.218
627.218
627.218
627.218
627.218
627.218
627.218
627.218
627.218
627.218
627.218
627.218
627.218
627.218
627.218
627.218
627.218
627.218
627.218
627.218
627.218
627.218
627.218
627.218
627.218
627.218
627.218
627.218
627.218
627.218
627.218
627.218
627.218
627.218
627.218
627.218
627.218
627.218
627.218
627.218
627.218
627.218
627.218
627.218
627.218
627.218
627.218
627.218
627.218
627.218
627.218
627.218
627.218
627.218
627.218
627.218
627.218
627.218
627.218
627.218
627.218
627.218
627.218
627.218
627.218
627.218
627.218
627.218
627.218
627.218
627.218
627.218
627.218
627.218
627.218
627.218
627.218
627.218
627.218
627.218
627.218
627.218
627.218
627.218
627.218
627.218
627.218
627.218
627.218
627.218
627.218
627.218
627.218
627.218
627.218
627.218
627.218
627.218
627.218
627.218
627.218
627.218
627.218
627.218
627.218
627.218
627.218
627.218
627.218
627.218
627.218
627.218
627.218
627.218
627.218
627.218
627.218
627.218
627.218
627.218
627.218
627.218
627.218
627.218
627.218
627.218
627.218
627.218
627.218
627.218
627.218
627.218
627.218
627.218
627.218
627.218
627.218
627.218
627.218
627.218
627.218
627.218
627.218
627.218
627.218
627.218
627.218
627.218
627.218
627.218
627.218
627.218
627.218
627.218
627.218
627.218
627.218
627.218
627.218
627.218
627.218
627.218
627.218
627.218
627.218
627.218
627.218
627.218
627.218
627.218
627.218
627.218
627.218
627.218
627.218
627.218
627.218
627.218
627.218
627.218
627.218
627.218
627.218
627.218
627.218
627.218
627.218
627.218
627.218
627.218
627.218
627.218
627.218
627.218
627.218
627.218
627.218
627.218
627.218
627.218
627.218
627.218
627.218
627.218
627.218
627.218
627.218
627.218
627.218
627.218
627.218
627.218
627.218
627.218
627.218
627.218
627.218
627.218
627.218
627.218
627.218
627.218
627.218
627.218
627.218
627.218
627.218
627.218
627.218
627.218
627.218
627.218
627.218
627.218
627.218
627.218
627.218
627.218
627.218
627.218
627.218
627.218
627.218
627.218
627.218
627.218
627.218
627.218
627.218
627.218
627.218
627.218
627.218
627.218
627.218
627.218
627.218
627.218
627.218
627.218
627.218
627.218
627.218
627.218
627.218
627.218
627.218
627.218
627.218
627.218
627.218
627.218
627.218
627.218
627.218
627.218
627.218
627.218
627.218
627.218
627.218
627.218
627.218
627.218
627.218
627.218
627.218
627.218
627.218
627.218
627.218
627.218
627.218
627.218
627.218
627.218
627.218
627.218
627.218
627.218
627.218
627.218
627.218
627.218
627.218
627.218
627.218
627.218
627.218
627.218
627.218
627.218
627.218
627.218
627.218
627.218
627.218
627.218
627.218
627.218
627.218
627.218
627.218
627.218
627.218
627.218
627.218
627.218
627.218
627.218
627.218
627.218
627.218
627.218
627.218
627.218
627.218
627.218
627.218
627.218
627.218
627.218
627.218
627.218
627.218
627.218
627.218
627.218
627.218
627.218
627.218
627.218
627.218
627.218
627.218
627.218
627.218
627.218
627.218
627.218
627.218
627.218
627.218
627.218
627.218
627.218
627.218
627.218
627.218
627.218
627.218
627.218
627.218
627.218
627.218
627.218
627.218
627.218
627.218
627.218
627.218
627.218
627.218
627.218
627.218
627.218
627.218
627.218
627.218
627.218
627.218
627.218
627.218
627.218
627.218
627.218
627.218
627.218
627.218
627.218
627.218
627.218
627.218
627.218
627.218
627.218
627.218
627.218
627.218
627.218
627.218
627.218
627.218
627.218
627.218
627.218
627.218
627.218
627.218
627.218
627.218
627.218
627.218
627.218
627.218
627.218
627.218
627.218
627.218
627.218
627.218
627.218
627.218
627.218
627.218
627.218
627.218
627.218
627.218
627.218
627.218
627.218
627.218
627.218
627.218
627.218
627.218
627.218
627.218
627.218
627.218
627.218
627.218
627.218
627.218
627.218
627.218
627.218
627.218
627.218
627.218
627.218
627.218
627.218
627.218
627.218
627.218
627.218
627.218
627.218
627.218
627.218
627.218
627.218
627.218
627.218
627.218
627.218
627.218
627.218
627.218
627.218
627.218
627.218
627.218
627.218
627.218
627.218
627.218
627.218
627.218
627.218
627.218
627.218
627.218
627.218
627.218
627.218
627.218
627.218
627.218
627.218
627.218
627.218
627.218
627.218
627.218
627.218
627.218
627.218
627.218
627.218
627.218
627.218
627.218
627.218
627.218
627.218
627.218
627.218
627.218
627.218
627.218
627.218
627.218
627.218
627.218
627.218
627.218
627.218
627.218
627.218
627.218
627.218
627.218
627.218
627.218
627.218
627.218
627.218
627.218
627.218
627.218
627.218
627.218
627.218
627.218
627.218
627.218
627.218
627.218
627.218
627.218
627.218
627.218
627.218
627.218
627.218
627.218
627.218
627.218
627.218
627.218
627.218
627.218
627.218
627.218
627.218
627.218
627.218
627.218
627.218
627.218
627.218
627.218
627.218
627.218
627.218
627.218
627.218
627.218
627.218
627.218
627.218
627.218
627.218
627.218
627.218
627.218
627.218
627.218
627.218
627.218
627.218
627.218
627.218
627.218
627.218
627.218
627.218
627.218
627.218
627.218
627.218
627.218
627.218
627.218
627.218
627.218
627.218
627.218
627.218
627.218
627.218
627.218
627.218
627.218
627.218
627.218
627.218
627.218
627.218
627.218
627.218
627.218
627.218
627.218
627.218
627.218
627.218
627.218
627.218
627.218
627.218
627.218
627.218
627.218
627.218
627.218
627.218
627.218
627.218
627.218
627.218
627.218
627.218
627.218
627.218
627.218
627.218
627.218
627.218
627.218
627.218
627.218
627.218
627.218
627.218
627.218
627.218
627.218
627.218
627.218
627.218
627.218
627.218
627.218
627.218
627.218
627.218
627.218
627.218
627.218
627.218
627.218
627.218
627.218
627.218
627.218
627.218
627.218
627.218
627.218
627.218
627.218
627.218
627.218
627.218
627.218
627.218
627.218
627.218
627.218
627.218
627.218
627.218
627.218
627.218
627.218
627.218
627.218
627.218
627.218
627.218
627.218
627.218
627.218
627.218
627.218
627.218
627.218
627.218
627.218
627.218
627.218
627.218
627.218
627.218
627.218
627.218
627.218
627.218
627.218
627.218
627.218
627.218
627.218
627.218
627.218
627.218
627.218
627.218
627.218
627.218
627.218
627.218
627.218
627.218
627.218
627.218
627.218
627.218
627.218
627.218
627.218
627.218
627.218
627.218
627.218
627.218
627.218
627.218
627.218
627.218
627.218
627.218
627.218
627.218
627.218
627.218
627.218
627.218
627.218
627.218
627.218
627.218
627.218
627.218
627.218
627.218
627.218
627.218
627.218
627.218
627.218
627.218
627.218
627.218
627.218
627.218
627.218
627.218
627.218
627.218
627.218
627.218
627.218
627.218
627.218
627.218
627.218
627.218
627.218
627.218
627.218
627.218
627.218
627.218
627.218
627.218
627.218
627.218
627.218
627.218
627.218
627.218
627.218
627.218
627.218
627.218
627.218
627.218
627.218
627.218
627.218
627.218
627.218
627.218
627.218
627.218
627.218
627.218
627.218
627.218
627.218
627.218
627.218
627.218
627.218
627.218
627.218
627.218
627.218
627.218
627.218
627.218
627.218
627.218
627.218
627.218
627.218
627.218
627.218
627.218
627.218
627.218
627.218
627.218
627.218
627.218
627.218
627.218
627.218
627.218
627.218
627.218
627.218
627.218
627.218
627.218
627.218
627.218
627.218
627.218
627.218
627.218
627.218
627.218
627.218
627.218
627.218
627.218
627.218
627.218
627.218
627.218
627.218
627.218
627.218
627.218
627.218
627.218
627.218
627.218
627.218
627.218
627.218
627.218
627.218
627.218
627.218
627.218
627.218
627.218
627.218
627.218
627.218
627.218
627.218
627.218
627.218
627.218
627.218
627.218
622.102
622.102
622.102
622.102
622.102
622.102
622.102
622.102
622.102
622.102
622.102
622.102
622.102
622.102
622.102
622.102
622.102
622.102
622.102
622.102
622.102
622.102
622.102
622.102
622.102
622.102
622.102
622.102
622.102
622.102
622.102
622.102
622.102
622.102
622.102
622.102
622.102
622.102
622.102
622.102
622.102
622.102
622.102
622.102
622.102
622.102
622.102
622.102
622.102
622.102
622.102
622.102
622.102
622.102
622.102
622.102
622.102
622.102
622.102
622.102
622.102
622.102
622.102
622.102
622.102
622.102
622.102
622.102
622.102
622.102
622.102
622.102
622.102
622.102
622.102
622.102
622.102
622.102
622.102
622.102
622.102
622.102
622.102
622.102
622.102
622.102
622.102
622.102
622.102
622.102
622.102
622.102
622.102
622.102
622.102
622.102
622.102
622.102
622.102
622.102
622.102
622.102
622.102
622.102
622.102
622.102
622.102
622.102
622.102
622.102
622.102
622.102
622.102
622.102
622.102
622.102
622.102
622.102
622.102
622.102
622.102
622.102
622.102
622.102
622.102
622.102
622.102
622.102
622.102
622.102
622.102
594.243
594.243
594.243
594.243
594.243
594.243
594.243
594.243
594.243
591.685
591.685
591.685
591.685
591.685
591.685
583.291
583.291
582.524
582.524
582.524
582.524
582.524
582.524
582.524
557.761
557.019
557.019
557.019
557.019
557.019
557.019
557.019
557.019
557.019
557.019
557.019
557.019
557.019
557.019
557.019
557.019
557.019
557.019
557.019
557.019
557.019
557.019
557.019
557.019
557.019
557.019
557.019
557.019
557.019
557.019
557.019
557.019
557.019
557.019
557.019
557.019
557.019
557.019
557.019
551.214
551.214
551.214
551.214
551.214
551.214
551.214
551.214
551.214
551.214
551.214
551.214
551.214
551.214
551.214
551.214
551.214
551.214
551.214
532.132
506.745
506.745
502.581
502.581
497.658
497.658
469.152
469.152
469.152
469.152
469.152
469.152
469.152
469.152
469.152
464.434
448.072
448.072
448.072
448.072
448.072
448.072
448.072
448.072
448.072
448.072
448.072
448.072
448.014
443.133
442.781
437.047
433.693
428.887
418.575
416.289
414.014
410.521
405.692
401.314
397.714
397.429
396.073
394.012
393.148
392.752
390.906
390.906
390.744
390.676
389.545
388.001
388.001
388.001
388.001
388.001
387.703
386.186
386.186
386.186
386.186
386.186
385.755
385.755
385.136
384.615
384.239
383.809
383.732
383.412
383.412
383.393
383.393
383.204
383.176
383.176
383.176
383.044
383.044
382.884
382.848
382.848
382.652
382.611
382.453
382.372
382.261
382.2
382.111
381.97
381.97
381.908
381.877
381.877
381.828
381.828
381.828
381.77
381.77
381.77
381.757
381.757
381.723
381.717
381.717
381.716
381.69
381.681
381.681
381.676
381.676
381.676
381.673
381.667
381.667
381.658
381.658
381.658
381.658
381.658
381.651
381.651
381.647
381.644
381.643
381.642
381.64
381.64
381.637
381.635
381.635
381.635
381.635
381.635
381.635
381.635
381.635
381.635
381.635
381.635
381.634
381.633
381.633
381.633
381.632
381.632
381.631
381.631
381.631
381.63
381.63
381.63
381.63
381.63
381.63
381.63
381.63
381.63
381.63
381.63
381.63
381.63
381.63
381.63
381.63
381.63
381.63
381.63
381.63
381.63
381.63
381.63
381.63
381.63
381.63
381.63
381.63
381.63
381.63
381.63
381.63
381.63
381.63
381.63
381.63
381.63
381.63
381.63
381.63
381.63
381.63
381.63
381.63
381.63
381.63
381.63
381.63
381.63
381.63
381.63
381.63
381.63
381.63
381.63
381.63
381.63
381.63
381.63
381.63
381.63
381.63
381.63
381.63
381.63
381.63
381.63
381.63
381.63
381.63
381.63
381.63
381.63
381.63
381.63
381.63
381.63
381.63
381.63
381.63
381.63
381.63
381.63
381.63
381.63
381.63
381.63
381.63
381.63
381.63
381.63
381.63
381.63
381.63
381.63
381.63
381.63
381.63
381.63
381.63
381.63
381.63
381.63
381.63
381.63
381.63
381.63
381.63
381.63
381.63
381.63
381.63
381.63
381.63
381.63
381.63
381.63
381.63
381.63
381.63
381.63
381.63
381.63
381.63
381.63
381.63
381.63
381.63
381.63
381.63
381.63
381.63
381.63
381.63
381.63
381.63
381.63
381.63
381.63
381.63
381.63
381.63
381.63
381.63
381.63
381.63
381.63
381.63
381.63
381.63
381.63
381.63
381.63
381.63
381.63
381.63
381.63
381.63
381.63
381.63
381.63
381.63
381.63
381.63
381.63
381.63
381.63
381.63
381.63
381.63
381.63
381.63
381.63
381.63
381.63
381.63
381.63
381.63
381.63
381.63
381.63
381.63
381.63
381.63
381.63
381.63
381.63
381.63
381.63
381.63
381.63
381.63
381.63
381.63
381.63
381.63
381.63
381.63
381.63
381.63
381.63
381.63
381.63
381.63
381.63
381.63
381.63
381.63
381.63
381.63
381.63
381.63
381.63
381.63
381.63
381.63
381.63
381.63
381.63
381.63
381.63
381.63
381.63
381.63
381.63
381.63
381.63
381.63
381.63
381.63
381.63
381.63
381.63
381.63
381.63
381.63
381.63
381.63
381.63
381.63
381.63
381.63
381.63
381.63
381.63
381.63
381.63
381.63
381.63
381.63
381.63
381.63
381.63
381.63
381.63
381.63
381.63
381.63
381.63
381.63
381.63
381.63
381.63
381.63
381.63
381.63
381.63
381.63
381.63
381.63
381.63
381.63
381.63
381.63
381.63
381.63
381.63
381.63
381.63
381.63
381.63
381.63
381.63
381.63
381.63
381.63
381.63
381.63
381.63
381.63
381.63
381.63
381.63
381.63
381.63
381.63
381.63
381.63
381.63
381.63
381.63
381.63
381.63
381.63
381.63
381.63
381.63
381.63
381.63
381.63
381.63
381.63
381.63
381.63
381.63
381.63
381.63
381.63
381.63
381.63
381.63
381.63
381.63
381.63
381.63
381.63
381.63
381.63
381.63
381.63
381.63
381.63
381.63
381.63
381.63
381.63
381.63
381.63
381.63
381.63
381.63
381.63
381.63
381.63
381.63
381.63
381.63
381.63
381.63
381.63
381.63
381.63
381.63
381.63
381.63
381.63
381.63
381.63
381.63
381.63
381.63
381.63
381.63
381.63
381.63
381.63
381.63
381.63
381.63
381.63
381.63
381.63
381.63
381.63
381.63
381.63
381.63
381.63
381.63
381.63
381.63
381.63
381.63
381.63
381.63
381.63
381.63
381.63
381.63
381.63
381.63
381.63
381.63
381.63
381.63
381.63
381.63
381.63
381.63
381.63
381.63
381.63
381.63
381.63
381.63
381.63
381.63
381.63
381.63
381.63
381.63
381.63
381.63
381.63
381.63
381.63
381.63
381.63
381.63
381.63
381.63
381.63
381.63
381.63
381.63
381.63
381.63
381.63
381.63
381.63
381.63
381.63
381.63
381.63
381.63
381.63
381.63
381.63
381.63
381.63
381.63
381.63
381.63
381.63
381.63
381.63
381.63
381.63
381.63
381.63
381.63
381.63
381.63
381.63
381.63
381.63
381.63
381.63
381.63
381.63
381.63
381.63
381.63
381.63
381.63
381.63
381.63
381.63
381.63
381.63
381.63
381.63
381.63
381.63
381.63
381.63
381.63
381.63
381.63
381.63
381.63
381.63
381.63
381.63
381.63
381.63
381.63
381.63
381.63
381.63
381.63
381.63
381.63
381.63
381.63
381.63
381.63
381.63
381.63
381.63
381.63
381.63
381.63
381.63
381.63
381.63
381.63
381.63
381.63
381.63
381.63
381.63
381.63
381.63
381.63
381.63
381.63
381.63
381.63
381.63
381.63
381.63
381.63
381.63
381.63
381.63
381.63
381.63
381.63
381.63
381.63
381.63
381.63
381.63
381.63
381.63
381.63
381.63
381.63
381.63
381.63
381.63
381.63
381.63
381.63
381.63
381.63
381.63
381.63
381.63
381.63
381.63
381.63
381.63
381.63
381.63
381.63
381.63
381.63
381.63
381.63
381.63
381.63
381.63
381.63
381.63
381.63
381.63
381.63
381.63
381.63
381.63
381.63
381.63
381.63
381.63
381.63
381.63
381.63
381.63
381.63
381.63
381.63
381.63
381.63
381.63
381.63
381.63
381.63
381.63
381.63
381.63
381.63
381.63
381.63
381.63
381.63
381.63
381.63
381.63
381.63
381.63
381.63
381.63
381.63
381.63
381.63
381.63
381.63
381.63
381.63
381.63
381.63
381.63
381.63
381.63
381.63
381.63
381.63
381.63
381.63
381.63
381.63
381.63
381.63
381.63
381.63
381.63
381.63
381.63
381.63
381.63
381.63
381.63
381.63
381.63
381.63
381.63
381.63
381.63
381.63
381.63
381.63
381.63
381.63
381.63
381.63
381.63
381.63
381.63
381.63
381.63
381.63
381.63
381.63
381.63
381.63
381.63
381.63
381.63
381.63
381.63
381.63
381.63
381.63
381.63
381.63
381.63
381.63
381.63
381.63
381.63
381.63
381.63
381.63
381.63
381.63
381.63
381.63
381.63
381.63
381.63
381.63
381.63
381.63
381.63
381.63
381.63
381.63
381.63
381.63
381.63
381.63
381.63
381.63
381.63
381.63
381.63
381.63
381.63
381.63
381.63
381.63
381.63
381.63
381.63
381.63
381.63
381.63
381.63
381.63
381.63
381.63
381.63
381.63
381.63
381.63
381.63
381.63
381.63
381.63
381.63
381.63
381.63
381.63
381.63
381.63
381.63
381.63
381.63
381.63
381.63
381.63
381.63
381.63
381.63
381.63
381.63
381.63
381.63
381.63
381.63
381.63
381.63
381.63
381.63
381.63
381.63
381.63
381.63
381.63
381.63
381.63
381.63
381.63
381.63
381.63
381.63
381.63
381.63
381.63
381.63
381.63
381.63
381.63
381.63
381.63
381.63
381.63
381.63
381.63
381.63
381.63
381.63
381.63
381.63
381.63
381.63
381.63
381.63
381.63
381.63
381.63
381.63
381.63
381.63
381.63
381.63
381.63
381.63
381.63
381.63
381.63
381.63
381.63
381.63
381.63
381.63
381.63
381.63
381.63
381.63
381.63
381.63
381.63
381.63
381.63
381.63
381.63
381.63
381.63
381.63
381.63
381.63
381.63
381.63
381.63
381.63
381.63
381.63
381.63
381.63
381.63
381.63
381.63
381.63
381.63
381.63
381.63
381.63
381.63
381.63
381.63
381.63
381.63
381.63
381.63
381.63
381.63
381.63
381.63
381.63
381.63
381.63
381.63
381.63
381.63
381.63
381.63
381.63
381.63
381.63
381.63
381.63
381.63
381.63
381.63
381.63
381.63
381.63
381.63
381.63
381.63
381.63
381.63
381.63
381.63
381.63
381.63
381.63
381.63
381.63
381.63
381.63
381.63
381.63
381.63
381.63
381.63
381.63
381.63
381.63
381.63
381.63
381.63
381.63
381.63
381.63
381.63
381.63
381.63
381.63
381.63
381.63
381.63
381.63
381.63
381.63
381.63
381.63
381.63
381.63
381.63
381.63
381.63
381.63
381.63
381.63
381.63
381.63
381.63
381.63
381.63
381.63
381.63
381.63
381.63
381.63
381.63
381.63
381.63
381.63
381.63
381.63
381.63
381.63
381.63
381.63
381.63
381.63
381.63
381.63
381.63
381.63
381.63
381.63
381.63
381.63
381.63
381.63
381.63
381.63
381.63
381.63
381.63
381.63
381.63
381.63
381.63
381.63
381.63
381.63
381.63
381.63
381.63
381.63
381.63
381.63
381.63
381.63
381.63
381.63
381.63
381.63
381.63
381.63
381.63
381.63
381.63
381.63
381.63
381.63
381.63
381.63
381.63
381.63
381.63
381.63
381.63
381.63
381.63
381.63
381.63
381.63
381.63
381.63
381.63
381.63
381.63
381.63
381.63
381.63
381.63
381.63
381.63
381.63
381.63
381.63
381.63
381.63
381.63
381.63
381.63
381.63
381.63
381.63
381.63
381.63
381.63
381.63
381.63
381.63
381.63
381.63
381.63
381.63
381.63
381.63
381.63
381.63
381.63
381.63
381.63
381.63
381.63
381.63
381.63
381.63
381.63
381.63
381.63
381.63
381.63
381.63
381.63
381.63
381.63
381.63
381.63
381.63
381.63
381.63
381.63
381.63
381.63
381.63
381.63
381.63
381.63
381.63
381.63
381.63
381.63
381.63
381.63
381.63
381.63
381.63
381.63
381.63
381.63
381.63
381.63
381.63
381.63
381.63
381.63
381.63
381.63
381.63
381.63
381.63
381.63
381.63
381.63
381.63
381.63
381.63
381.63
381.63
381.63
381.63
381.63
381.63
381.63
381.63
381.63
381.63
381.63
381.63
