8.27504e+09
1.29996e+09
4.95576e+07
2.58354e+07
1.8571e+07
1.8571e+07
1.8571e+07
1.8571e+07
1.8571e+07
1.8571e+07
1.8571e+07
1.8571e+07
1.55973e+07
7.63137e+06
1.9179e+06
494459
494459
494459
494459
494459
182063
35815.6
14396.3
14396.3
14396.3
14396.3
11953.5
10337.6
10337.6
6288.62
4262.9
2097.9
957.385
957.385
957.385
614.906
614.906
614.906
577.381
404.347
404.347
404.347
343.611
301.667
237.577
235.004
216.479
216.479
211.126
211.126
211.126
211.126
211.126
211.126
211.126
211.126
198.98
198.98
198.98
198.98
198.98
198.98
195.766
195.766
191.031
191.031
191.031
191.031
191.031
191.031
191.031
191.031
191.031
191.031
191.031
191.031
191.031
191.031
191.031
191.031
191.031
191.031
188.744
188.744
188.744
188.744
188.744
188.744
188.744
188.744
188.744
188.438
188.438
188.438
184.626
184.56
184.56
184.56
184.56
184.56
170.897
170.897
170.897
170.897
170.897
170.897
170.897
170.897
170.897
170.897
170.897
170.897
170.897
170.897
170.897
170.897
170.897
170.897
170.897
170.897
170.897
170.897
170.897
170.897
170.897
170.897
170.897
170.897
170.897
170.897
170.897
170.897
170.897
170.897
170.897
170.897
170.897
170.897
170.897
170.897
170.897
170.897
170.897
170.897
170.897
170.897
170.897
170.897
170.897
170.897
170.897
170.897
170.897
170.897
170.897
170.897
170.897
170.897
170.897
170.897
170.897
170.897
170.897
170.897
170.897
170.897
170.897
170.897
170.897
170.897
170.897
170.897
168.707
168.707
168.707
168.707
168.707
168.707
168.668
168.668
168.668
168.668
168.668
168.668
168.668
168.668
168.668
168.668
168.668
168.668
168.668
168.668
168.668
168.668
168.668
168.668
168.668
168.668
168.668
168.668
168.668
168.668
168.668
168.668
168.668
168.668
168.668
168.668
168.668
168.668
168.668
168.668
168.668
168.668
168.668
168.668
168.668
168.668
168.668
168.668
168.668
168.668
168.668
168.668
168.668
168.668
168.668
168.668
168.668
168.668
168.668
168.668
168.668
168.668
168.668
168.668
168.668
168.668
168.668
168.668
168.668
168.668
168.668
168.668
168.668
168.668
168.668
168.668
168.668
168.668
168.668
168.668
168.668
168.668
168.668
168.668
168.668
168.668
168.668
168.668
168.668
168.668
168.668
168.668
168.668
168.668
168.668
168.668
168.668
168.668
168.668
168.668
168.668
168.668
168.668
168.668
168.668
168.668
168.668
168.668
168.668
168.668
168.668
168.668
168.668
168.668
168.668
168.668
168.668
168.668
168.668
168.668
168.668
168.668
168.668
168.668
168.668
168.668
168.668
168.668
168.668
168.668
168.668
168.668
168.668
168.668
168.668
168.668
168.668
168.668
168.668
168.668
168.668
168.668
168.668
168.668
168.668
168.668
168.668
168.668
168.668
168.668
168.668
168.668
168.668
168.668
168.668
168.668
168.668
168.668
168.668
168.668
168.668
168.668
168.668
168.668
168.668
168.668
168.668
168.668
168.668
168.668
168.668
168.668
168.668
168.668
168.668
168.668
168.668
168.668
168.668
168.668
168.668
168.668
168.668
168.668
168.668
168.668
168.668
168.668
168.668
168.668
168.668
168.668
168.668
168.668
168.668
168.668
168.668
168.668
168.668
168.668
168.668
168.668
168.668
168.668
168.668
168.668
168.668
168.668
168.668
168.668
168.668
168.668
168.668
168.668
168.668
168.668
168.668
168.668
168.668
168.668
168.668
168.668
168.668
168.668
168.668
168.668
168.668
168.668
168.668
168.668
168.668
168.668
168.668
168.668
168.668
158.029
158.029
158.029
158.029
158.029
158.029
158.029
158.029
158.029
158.029
158.029
158.029
158.029
158.029
158.029
158.029
158.029
158.029
158.029
158.029
158.029
158.029
158.029
158.029
158.029
158.029
158.029
158.029
158.029
158.029
158.029
158.029
158.029
158.029
158.029
158.029
158.029
158.029
158.029
158.029
158.029
158.029
158.029
158.029
158.029
158.029
158.029
158.029
158.029
158.029
158.029
158.029
158.029
158.029
158.029
158.029
158.029
158.029
158.029
158.029
158.029
158.029
158.029
158.029
158.029
158.029
158.029
158.029
158.029
158.029
158.029
158.029
158.029
158.029
158.029
158.029
158.029
158.029
158.029
158.029
158.029
158.029
158.029
158.029
158.029
158.029
158.029
158.029
158.029
158.029
158.029
158.029
158.029
158.029
158.029
158.029
158.029
158.029
158.029
158.029
158.029
158.029
158.029
158.029
158.029
158.029
158.029
158.029
158.029
158.029
158.029
158.029
158.029
158.029
158.029
158.029
158.029
158.029
158.029
158.029
158.029
158.029
158.029
158.029
158.029
158.029
158.029
158.029
158.029
158.029
158.029
158.029
158.029
158.029
158.029
158.029
158.029
158.029
158.029
158.029
158.029
158.029
158.029
158.029
158.029
158.029
158.029
158.029
158.029
158.029
158.029
158.029
158.029
158.029
158.029
158.029
158.029
158.029
158.029
158.029
158.029
158.029
158.029
158.029
158.029
158.029
158.029
158.029
158.029
158.029
158.029
158.029
158.029
158.029
158.029
158.029
158.029
158.029
158.029
158.029
158.029
158.029
158.029
158.029
158.029
158.029
158.029
158.029
158.029
158.029
158.029
158.029
158.029
158.029
158.029
158.029
158.029
158.029
158.029
158.029
158.029
158.029
158.029
158.029
158.029
158.029
158.029
158.029
158.029
158.029
158.029
158.029
158.029
158.029
158.029
158.029
158.029
158.029
158.029
158.029
158.029
158.029
158.029
158.029
158.029
158.029
158.029
158.029
158.029
158.029
158.029
158.029
158.029
158.029
158.029
158.029
158.029
158.029
158.029
158.029
158.029
158.029
158.029
158.029
158.029
158.029
158.029
158.029
158.029
158.029
158.029
158.029
158.029
158.029
158.029
158.029
158.029
158.029
158.029
158.029
158.029
158.029
158.029
158.029
158.029
158.029
158.029
158.029
158.029
158.029
158.029
158.029
158.029
158.029
158.029
158.029
158.029
158.029
158.029
158.029
158.029
158.029
158.029
158.029
158.029
158.029
158.029
158.029
158.029
158.029
158.029
158.029
158.029
158.029
158.029
158.029
158.029
158.029
158.029
158.029
158.029
158.029
158.029
158.029
158.029
158.029
158.029
158.029
158.029
158.029
158.029
158.029
158.029
158.029
158.029
158.029
158.029
158.029
158.029
158.029
158.029
158.029
158.029
158.029
158.029
158.029
158.029
158.029
158.029
158.029
158.029
158.029
158.029
158.029
158.029
158.029
158.029
158.029
158.029
158.029
158.029
158.029
158.029
158.029
158.029
158.029
158.029
158.029
158.029
158.029
158.029
158.029
158.029
158.029
158.029
158.029
158.029
158.029
158.029
158.029
158.029
158.029
158.029
158.029
158.029
158.029
158.029
158.029
158.029
158.029
158.029
158.029
158.029
158.029
158.029
158.029
158.029
158.029
158.029
158.029
158.029
158.029
158.029
158.029
158.029
158.029
158.029
158.029
158.029
158.029
158.029
158.029
158.029
158.029
158.029
158.029
158.029
158.029
158.029
158.029
158.029
158.029
158.029
158.029
158.029
158.029
158.029
158.029
158.029
158.029
158.029
158.029
158.029
158.029
158.029
158.029
158.029
158.029
158.029
158.029
158.029
158.029
158.029
158.029
158.029
158.029
158.029
158.029
158.029
158.029
158.029
158.029
158.029
158.029
158.029
158.029
158.029
158.029
158.029
158.029
158.029
158.029
158.029
158.029
158.029
158.029
158.029
158.029
158.029
158.029
158.029
158.029
158.029
158.029
158.029
158.029
158.029
158.029
158.029
158.029
158.029
158.029
158.029
158.029
158.029
158.029
158.029
158.029
158.029
158.029
158.029
158.029
158.029
158.029
158.029
158.029
158.029
158.029
158.029
158.029
158.029
158.029
158.029
158.029
158.029
158.029
158.029
158.029
158.029
158.029
158.029
158.029
158.029
158.029
158.029
158.029
158.029
158.029
158.029
158.029
158.029
158.029
158.029
158.029
158.029
158.029
158.029
158.029
158.029
158.029
158.029
158.029
158.029
158.029
158.029
158.029
158.029
158.029
158.029
158.029
158.029
158.029
158.029
158.029
158.029
158.029
158.029
158.029
158.029
158.029
158.029
158.029
158.029
158.029
158.029
158.029
158.029
158.029
158.029
158.029
158.029
158.029
158.029
158.029
158.029
158.029
158.029
158.029
158.029
158.029
158.029
158.029
158.029
158.029
158.029
158.029
158.029
158.029
158.029
158.029
158.029
158.029
158.029
158.029
158.029
158.029
158.029
158.029
158.029
158.029
158.029
158.029
158.029
158.029
158.029
158.029
158.029
158.029
158.029
158.029
158.029
158.029
158.029
158.029
158.029
158.029
158.029
158.029
158.029
158.029
158.029
158.029
158.029
158.029
158.029
158.029
158.029
158.029
158.029
158.029
158.029
158.029
158.029
158.029
158.029
158.029
158.029
158.029
158.029
158.029
158.029
158.029
158.029
158.029
158.029
158.029
158.029
158.029
158.029
158.029
158.029
158.029
158.029
158.029
158.029
158.029
158.029
158.029
158.029
158.029
158.029
158.029
158.029
158.029
158.029
158.029
158.029
158.029
158.029
158.029
158.029
158.029
158.029
158.029
158.029
158.029
158.029
158.029
158.029
158.029
158.029
158.029
158.029
158.029
158.029
158.029
158.029
158.029
158.029
158.029
158.029
158.029
158.029
158.029
158.029
158.029
158.029
158.029
158.029
158.029
158.029
158.029
158.029
158.029
158.029
158.029
158.029
158.029
158.029
158.029
158.029
158.029
158.029
158.029
158.029
158.029
158.029
158.029
158.029
158.029
158.029
158.029
158.029
158.029
158.029
158.029
158.029
158.029
158.029
158.029
158.029
158.029
158.029
158.029
158.029
158.029
158.029
158.029
158.029
158.029
158.029
158.029
158.029
158.029
158.029
158.029
158.029
158.029
158.029
158.029
158.029
158.029
158.029
158.029
158.029
158.029
158.029
158.029
158.029
158.029
158.029
158.029
158.029
158.029
158.029
158.029
158.029
158.029
158.029
158.029
158.029
158.029
158.029
158.029
158.029
158.029
158.029
158.029
158.029
158.029
158.029
158.029
158.029
158.029
158.029
158.029
158.029
158.029
158.029
158.029
158.029
158.029
158.029
158.029
158.029
158.029
158.029
158.029
158.029
158.029
158.029
158.029
158.029
158.029
158.029
158.029
158.029
158.029
158.029
158.029
158.029
158.029
158.029
158.029
158.029
158.029
158.029
158.029
158.029
158.029
158.029
158.029
158.029
158.029
158.029
158.029
158.029
158.029
158.029
158.029
158.029
158.029
158.029
158.029
158.029
158.029
158.029
158.029
158.029
158.029
158.029
158.029
158.029
158.029
158.029
158.029
158.029
158.029
158.029
158.029
158.029
158.029
158.029
158.029
158.029
158.029
158.029
158.029
158.029
158.029
158.029
158.029
158.029
158.029
158.029
158.029
158.029
158.029
158.029
158.029
158.029
158.029
158.029
158.029
158.029
158.029
158.029
158.029
158.029
158.029
158.029
158.029
158.029
158.029
158.029
158.029
158.029
158.029
158.029
158.029
158.029
158.029
158.029
158.029
158.029
158.029
158.029
158.029
158.029
158.029
158.029
158.029
158.029
158.029
158.029
158.029
158.029
158.029
158.029
158.029
158.029
158.029
158.029
158.029
158.029
158.029
158.029
158.029
158.029
158.029
158.029
158.029
158.029
158.029
158.029
158.029
158.029
158.029
158.029
158.029
158.029
158.029
158.029
158.029
158.029
158.029
158.029
158.029
158.029
158.029
158.029
158.029
158.029
158.029
158.029
158.029
158.029
158.029
158.029
158.029
158.029
158.029
158.029
158.029
158.029
158.029
158.029
158.029
158.029
158.029
158.029
158.029
158.029
158.029
158.029
158.029
158.029
158.029
158.029
158.029
158.029
158.029
158.029
158.029
158.029
158.029
158.029
158.029
158.029
158.029
158.029
158.029
158.029
158.029
158.029
158.029
158.029
158.029
158.029
158.029
149.486
149.486
149.486
149.486
149.486
149.486
149.486
149.486
149.486
149.486
149.486
149.486
149.486
149.486
149.486
149.486
149.486
149.486
149.486
149.486
149.486
149.486
149.486
149.486
149.486
149.486
149.486
149.486
149.486
149.486
149.486
149.486
149.486
149.486
149.486
149.486
149.486
149.486
149.486
149.486
149.486
149.486
149.486
149.486
149.486
149.486
149.486
149.486
149.486
149.486
149.486
149.486
149.486
149.486
149.486
149.486
149.486
149.486
149.486
149.486
149.486
149.486
149.486
149.486
149.486
149.486
149.486
149.486
149.486
149.486
149.486
149.486
149.486
149.486
149.486
149.486
149.486
149.486
149.486
149.486
149.486
149.486
149.486
149.486
149.486
149.486
149.486
149.486
149.486
149.486
149.486
149.486
149.486
149.486
149.486
149.486
149.486
149.486
149.486
149.486
149.486
149.486
149.486
149.486
149.486
149.486
149.486
149.486
149.486
149.486
149.486
149.486
149.486
149.486
149.486
149.486
149.486
149.486
149.486
149.486
149.486
149.486
149.486
149.486
149.486
149.486
149.486
149.486
149.486
149.486
149.486
149.486
149.486
149.486
149.486
149.486
149.486
149.486
149.486
149.486
149.486
149.486
149.486
149.486
149.486
149.486
149.486
149.486
149.486
149.486
149.486
149.486
149.486
149.486
149.486
149.486
149.486
149.486
149.486
149.486
149.486
149.486
149.486
149.486
149.486
149.486
149.486
149.486
149.486
149.486
149.486
149.486
149.486
149.486
149.486
149.486
149.486
149.486
149.486
149.486
149.486
149.486
149.486
149.486
149.486
149.486
149.486
149.486
149.486
149.486
149.486
149.486
149.486
149.486
149.486
149.486
149.486
149.486
149.486
149.486
149.486
149.486
149.486
149.486
149.486
149.486
149.486
149.486
149.486
149.486
149.486
149.486
149.486
149.486
149.486
149.486
149.486
149.486
149.486
149.486
149.486
149.486
149.486
149.486
149.486
149.486
149.486
149.486
149.486
149.486
149.486
149.486
149.486
149.486
149.486
149.486
149.486
149.486
149.486
149.486
149.486
149.486
149.486
149.486
149.486
149.486
149.486
149.486
149.486
149.486
149.486
149.486
149.486
149.486
149.486
149.486
149.486
149.486
149.486
149.486
149.486
149.486
149.486
149.486
149.486
149.486
149.486
149.486
149.486
149.486
149.486
149.486
149.486
149.486
149.486
149.486
149.486
149.486
149.486
149.486
149.486
149.486
149.486
149.486
149.486
149.486
149.486
149.486
149.486
149.486
149.486
149.486
149.486
149.486
149.486
149.486
149.486
149.486
149.486
149.486
149.486
149.486
149.486
149.486
149.486
149.486
149.486
149.486
149.486
149.486
149.486
149.486
149.486
149.486
149.486
149.486
149.486
149.486
149.486
149.486
149.486
149.486
149.486
149.486
149.486
149.486
149.486
149.486
149.486
149.486
149.486
149.486
149.486
149.486
149.486
149.486
149.486
149.486
149.486
149.486
149.486
149.486
149.486
149.486
149.486
149.486
149.486
149.486
149.486
149.486
149.486
149.486
149.486
149.486
149.486
149.486
149.486
149.486
149.486
149.486
149.486
149.486
149.486
149.486
149.486
149.486
149.486
149.486
149.486
149.486
149.486
149.486
149.486
149.486
149.486
149.486
149.486
149.486
149.486
149.486
149.486
149.486
149.486
149.486
149.486
149.486
149.486
149.486
149.486
149.486
149.486
149.486
149.486
149.486
149.486
149.486
149.486
149.486
149.486
149.486
149.486
149.486
149.486
149.486
149.486
149.486
149.486
149.486
149.486
149.486
149.486
149.486
149.486
149.486
149.486
149.486
149.486
149.486
149.486
149.486
149.486
149.486
149.486
149.486
149.486
149.486
149.486
149.486
149.486
149.486
149.486
149.486
149.486
149.486
149.486
149.486
149.486
149.486
149.486
149.486
149.486
149.486
149.486
149.486
149.486
149.486
149.486
149.486
149.486
149.486
149.486
149.486
149.486
149.486
149.486
149.486
149.486
149.486
149.486
149.486
149.486
149.486
149.486
149.486
149.486
149.486
149.486
149.486
149.486
149.486
149.486
149.486
149.486
149.486
149.486
149.486
149.486
149.486
149.486
149.486
149.486
149.486
149.486
149.486
149.486
149.486
149.486
149.486
149.486
149.486
149.486
149.486
149.486
149.486
149.486
149.486
149.486
149.486
149.486
149.486
149.486
149.486
149.486
149.486
149.486
149.486
149.486
149.486
149.486
149.486
149.486
149.486
149.486
149.486
149.486
149.486
149.486
149.486
149.486
149.486
149.486
149.486
149.486
149.486
149.486
149.486
149.486
149.486
149.486
149.486
149.486
149.486
149.486
149.486
149.486
149.486
149.486
149.486
149.486
149.486
149.486
149.486
149.486
149.486
149.486
149.486
149.486
149.486
149.486
149.486
149.486
149.486
149.486
149.486
149.486
149.486
149.486
149.486
149.486
149.486
149.486
149.486
149.486
149.486
149.486
149.486
149.486
149.486
149.486
149.486
149.486
149.486
149.486
149.486
149.486
149.486
149.486
149.486
149.486
149.486
149.486
149.486
149.486
149.486
149.486
149.486
149.486
149.486
149.486
149.486
149.486
149.486
149.486
149.486
149.486
149.486
149.486
149.486
149.486
149.486
149.486
149.486
149.486
149.486
149.486
149.486
149.486
149.486
149.486
149.486
149.486
149.486
149.486
149.486
149.486
149.486
149.486
149.486
149.486
149.486
149.486
149.486
149.486
149.486
149.486
149.486
149.486
149.486
149.486
149.486
149.486
149.486
149.486
149.486
149.486
149.486
149.486
149.486
149.486
149.486
149.486
149.486
149.486
149.486
149.486
149.486
149.486
149.486
149.486
149.486
149.486
149.486
149.486
149.486
149.486
149.486
149.486
149.486
149.486
149.486
149.486
149.486
149.486
149.486
149.486
149.486
149.486
149.486
149.486
149.486
149.486
149.486
149.486
149.486
149.486
149.486
149.486
149.486
149.486
149.486
149.486
149.486
149.486
149.486
149.486
149.486
149.486
149.486
149.486
149.486
149.486
149.486
149.486
149.486
149.486
149.486
149.486
149.486
149.486
149.486
149.486
149.486
149.486
149.486
149.486
149.486
149.486
149.486
149.486
149.486
149.486
149.486
149.486
149.486
149.486
149.486
149.486
149.486
149.486
149.486
149.486
149.486
149.486
149.486
149.486
149.486
149.486
149.486
149.486
149.486
149.486
149.486
149.486
149.486
149.486
149.486
149.486
149.486
149.486
149.486
149.486
149.486
149.486
149.486
149.486
149.486
149.486
149.486
149.486
149.486
149.486
149.486
149.486
149.486
149.486
149.486
149.486
149.486
149.486
149.486
149.486
149.486
149.486
149.486
149.486
149.486
149.486
149.486
149.486
149.486
149.486
149.486
149.486
149.486
149.486
149.486
149.486
149.486
149.486
149.486
149.486
149.486
149.486
149.486
149.486
149.486
149.486
149.486
149.486
149.486
149.486
149.486
149.486
149.486
149.486
149.486
149.486
149.486
149.486
149.486
149.486
149.486
149.486
149.486
149.486
149.486
149.486
149.486
149.486
149.486
149.486
149.486
149.486
149.486
149.486
149.486
149.486
149.486
149.486
149.486
149.486
149.486
149.486
149.486
149.486
149.486
149.486
149.486
149.486
149.486
149.486
149.486
149.486
149.486
149.486
149.486
149.486
149.486
149.486
149.486
149.486
149.486
149.486
149.486
149.486
149.486
149.486
149.486
149.486
149.486
149.486
149.486
149.486
149.486
149.486
149.486
149.486
149.486
149.486
149.486
149.486
149.486
149.486
149.486
149.486
149.486
149.486
149.486
149.486
149.486
149.486
149.486
149.486
149.486
149.486
149.486
149.486
149.486
149.486
149.486
149.486
149.486
149.486
149.486
149.486
149.486
149.486
149.486
149.486
149.486
149.486
149.486
149.486
149.486
149.486
149.486
149.486
149.486
149.486
149.486
149.486
149.486
149.486
149.486
149.486
149.486
149.486
149.486
149.486
149.486
149.486
149.486
149.486
149.486
149.486
149.486
149.486
149.486
149.486
149.486
149.486
149.486
149.486
149.486
149.486
149.486
149.486
149.486
149.486
149.486
149.486
149.486
149.486
149.486
149.486
149.486
149.486
149.486
149.486
149.486
149.486
149.486
149.486
149.486
149.486
149.486
149.486
149.486
149.486
149.486
149.486
149.486
149.486
149.486
149.486
149.486
149.486
149.486
149.486
149.486
149.486
149.486
149.486
149.486
149.486
149.486
149.486
149.486
149.486
149.486
149.486
149.486
149.486
149.486
149.486
149.486
149.486
149.486
149.486
149.486
149.486
149.486
149.486
149.486
149.486
149.486
149.486
149.486
149.486
149.486
149.486
149.486
149.486
149.486
149.486
149.486
149.486
149.486
149.486
149.486
149.486
149.486
149.486
149.486
149.486
149.486
149.486
149.486
149.486
149.486
149.486
149.486
149.486
149.486
149.486
149.486
149.486
149.486
149.486
149.486
149.486
149.486
149.486
149.486
149.486
149.486
149.486
149.486
149.486
149.486
149.486
149.486
149.486
149.486
149.486
149.486
149.486
149.486
149.486
149.486
149.486
149.486
149.486
149.486
149.486
149.486
149.486
149.486
149.486
149.486
149.486
149.486
149.486
149.486
149.486
149.486
149.486
149.486
149.486
149.486
149.486
149.486
149.486
149.486
149.486
149.486
149.486
149.486
149.486
149.486
149.486
149.486
149.486
149.486
149.486
149.486
149.486
149.486
149.486
149.486
149.486
149.486
149.486
149.486
149.486
149.486
149.486
149.486
149.486
149.486
149.486
149.486
149.486
149.486
149.486
149.486
149.486
149.486
149.486
149.486
149.486
149.486
149.486
149.486
149.486
149.486
149.486
149.486
149.486
149.486
149.486
149.486
149.486
149.486
149.486
149.486
149.486
149.486
149.486
149.486
149.486
149.486
149.486
149.486
149.486
149.486
149.486
149.486
149.486
149.486
149.486
149.486
149.486
149.486
149.486
149.486
149.486
149.486
149.486
149.486
149.486
149.486
149.486
149.486
149.486
149.486
149.486
149.486
149.486
149.486
149.486
149.486
149.486
149.486
149.486
149.486
149.486
149.486
149.486
149.486
149.486
149.486
149.486
149.486
149.486
149.486
149.486
149.486
149.486
149.486
149.486
149.486
149.486
149.486
149.486
149.486
149.486
149.486
149.486
149.486
149.486
149.486
149.486
149.486
149.486
149.486
149.486
149.486
149.486
149.486
149.486
149.486
149.486
149.486
149.486
149.486
149.486
149.486
149.486
149.486
149.486
149.486
149.486
149.486
149.486
149.486
149.486
149.486
149.486
149.486
149.486
149.486
149.486
149.486
149.486
149.486
149.486
149.486
149.486
149.486
149.486
149.486
149.486
149.486
149.486
149.486
149.486
149.486
149.486
149.486
149.486
149.486
149.486
149.486
149.486
149.486
149.486
149.486
149.486
149.486
149.486
149.486
149.486
149.486
149.486
149.486
149.486
149.486
149.486
149.486
149.486
149.486
149.486
149.486
141.505
141.505
141.505
141.505
141.505
141.505
141.505
141.505
141.505
141.505
141.505
141.505
141.505
141.505
141.505
141.505
141.505
136.503
136.017
136.017
136.017
136.017
118.48
118.48
118.276
118.276
118.276
118.276
118.276
118.276
118.276
118.276
118.276
118.276
118.276
118.276
118.276
118.276
118.276
118.276
118.276
118.276
118.276
118.276
118.276
112.181
112.181
112.181
106.386
91.9266
91.9266
91.9266
88.4662
88.4662
71.4549
66.8251
61.3471
60.7919
52.8605
52.8605
52.8605
52.8605
47.4679
47.4679
47.4679
47.4679
43.7711
41.4246
34.8549
34.8549
34.8549
34.8549
34.8549
32.5159
32.5159
31.8773
24.7503
21.7742
21.7742
21.7742
21.7742
21.4039
21.4039
21.4039
21.4039
21.4039
20.5231
15.9619
14.8677
11.5969
10.2249
7.62004
7.62004
6.60166
6.04226
6.04226
6.04226
6.04226
6.04226
6.04226
6.04226
6.04226
6.04226
6.04226
6.04226
6.04226
6.04226
5.66645
5.52048
5.42115
5.37173
5.22605
5.02664
4.78635
4.43578
4.29989
4.1593
4.07998
4.02933
4.02933
3.9997
3.98218
3.91377
3.91377
3.87434
3.87434
3.79535
3.75619
3.68866
3.68866
3.61181
3.59499
3.56183
3.51947
3.4716
3.46608
3.42418
3.41069
3.41069
3.38393
3.38186
3.37688
3.37112
3.36746
3.36746
3.35391
3.35066
3.35001
3.3355
3.33486
3.33059
3.33059
3.33059
3.33059
3.33059
3.33059
3.33059
3.33059
3.32996
3.32771
3.32747
3.32563
3.32464
3.32461
3.32438
3.32384
3.32368
3.3233
3.3233
3.3233
3.3233
3.3233
3.3233
3.3233
3.3233
3.3233
3.3233
3.3233
3.3233
3.3233
3.3233
3.3233
3.3233
3.3233
3.3233
3.3233
3.3233
3.3233
3.3233
3.3233
3.3233
3.3233
3.3233
3.3233
3.3233
3.3233
3.3233
3.3233
3.3233
3.3233
3.3233
3.3233
3.3233
3.3233
3.3233
3.3233
3.3233
3.3233
3.3233
3.3233
3.3233
3.3233
3.3233
3.3233
3.3233
3.3233
3.3233
3.3233
3.3233
3.3233
3.3233
3.3233
3.3233
3.3233
3.3233
3.3233
3.3233
3.3233
3.3233
3.3233
3.3233
3.3233
3.3233
3.3233
3.3233
3.3233
3.3233
3.3233
3.3233
3.3233
3.3233
3.3233
3.3233
3.3233
3.3233
3.3233
3.3233
3.3233
3.3233
3.3233
3.3233
3.3233
3.3233
3.3233
3.3233
3.3233
3.3233
3.3233
3.3233
3.3233
3.3233
3.3233
3.3233
3.3233
3.3233
3.3233
3.3233
3.3233
3.3233
3.3233
3.3233
3.3233
3.3233
3.3233
3.3233
3.3233
3.3233
3.3233
3.3233
3.3233
3.3233
3.3233
3.3233
3.3233
3.3233
3.3233
3.3233
3.3233
3.3233
3.3233
3.3233
3.3233
3.3233
3.3233
3.3233
3.3233
3.3233
3.3233
3.3233
3.3233
3.3233
3.3233
3.3233
3.3233
3.3233
3.3233
3.3233
3.3233
3.3233
3.3233
3.3233
3.3233
3.3233
3.3233
3.3233
3.3233
3.3233
3.3233
3.3233
3.3233
3.3233
3.3233
3.3233
3.3233
3.3233
3.3233
3.3233
3.3233
3.3233
3.3233
3.3233
3.3233
3.3233
3.3233
3.3233
3.3233
3.3233
3.3233
3.3233
3.3233
3.3233
3.3233
3.3233
3.3233
3.3233
3.3233
3.3233
3.3233
3.3233
3.3233
3.3233
3.3233
3.3233
3.3233
3.3233
3.3233
3.3233
3.3233
3.3233
3.3233
3.3233
3.3233
3.3233
3.3233
3.3233
3.3233
3.3233
3.3233
3.3233
3.3233
3.3233
3.3233
3.3233
3.3233
3.3233
3.3233
3.3233
3.3233
3.3233
3.3233
3.3233
3.3233
3.3233
3.3233
3.3233
3.3233
3.3233
3.3233
3.3233
3.3233
3.3233
3.3233
3.3233
3.3233
3.3233
3.3233
3.3233
3.3233
3.3233
3.3233
3.3233
3.3233
3.3233
3.3233
3.3233
3.3233
3.3233
3.3233
3.3233
3.3233
3.3233
3.3233
3.3233
3.3233
3.3233
3.3233
3.3233
3.3233
3.3233
3.3233
3.3233
3.3233
3.3233
3.3233
3.3233
3.3233
3.3233
3.3233
3.3233
3.3233
3.3233
3.3233
3.3233
3.3233
3.3233
3.3233
3.3233
3.3233
3.3233
3.3233
3.3233
3.3233
3.3233
3.3233
3.3233
3.3233
3.3233
3.3233
3.3233
3.3233
3.3233
3.3233
3.3233
3.3233
3.3233
3.3233
3.3233
3.3233
3.3233
3.3233
3.3233
3.3233
3.3233
3.3233
3.3233
3.3233
3.3233
3.3233
3.3233
3.3233
3.3233
3.3233
3.3233
3.3233
3.3233
3.3233
3.3233
3.3233
3.3233
3.3233
3.3233
3.3233
3.3233
3.3233
3.3233
3.3233
3.3233
3.3233
3.3233
3.3233
3.3233
3.3233
3.3233
3.3233
3.3233
3.3233
3.3233
3.3233
3.3233
3.3233
3.3233
3.3233
3.3233
3.3233
3.3233
3.3233
3.3233
3.3233
3.3233
3.3233
3.3233
3.3233
3.3233
3.3233
3.3233
3.3233
3.3233
3.3233
3.3233
3.3233
3.3233
3.3233
3.3233
3.3233
3.3233
3.3233
3.3233
3.3233
3.3233
3.3233
3.3233
3.3233
3.3233
3.3233
3.3233
3.3233
3.3233
3.3233
3.3233
3.3233
3.3233
3.3233
3.3233
3.3233
3.3233
3.3233
3.3233
3.3233
3.3233
3.3233
3.3233
3.3233
3.3233
3.3233
3.3233
3.3233
3.3233
3.3233
3.3233
3.3233
3.3233
3.3233
3.3233
3.3233
3.3233
3.3233
3.3233
3.3233
3.3233
3.3233
3.3233
3.3233
3.3233
3.3233
3.3233
3.3233
3.3233
3.3233
3.3233
3.3233
3.3233
3.3233
3.3233
3.3233
3.3233
3.3233
3.3233
3.3233
3.3233
3.3233
3.3233
3.3233
3.3233
3.3233
3.3233
3.3233
3.3233
3.3233
3.3233
3.3233
3.3233
3.3233
3.3233
3.3233
3.3233
3.3233
3.3233
3.3233
3.3233
3.3233
3.3233
3.3233
3.3233
3.3233
3.3233
3.3233
3.3233
3.3233
3.3233
3.3233
3.3233
3.3233
3.3233
3.3233
3.3233
3.3233
3.3233
3.3233
3.3233
3.3233
3.3233
3.3233
3.3233
3.3233
3.3233
3.3233
3.3233
3.3233
3.3233
3.3233
3.3233
3.3233
3.3233
3.3233
3.3233
3.3233
3.3233
3.3233
3.3233
3.3233
3.3233
3.3233
3.3233
3.3233
3.3233
3.3233
3.3233
3.3233
3.3233
3.3233
3.3233
3.3233
3.3233
3.3233
3.3233
3.3233
3.3233
3.3233
3.3233
3.3233
3.3233
3.3233
3.3233
3.3233
3.3233
3.3233
3.3233
3.3233
3.3233
3.3233
3.3233
3.3233
3.3233
3.3233
3.3233
3.3233
3.3233
3.3233
3.3233
3.3233
3.3233
3.3233
3.3233
3.3233
3.3233
3.3233
3.3233
3.3233
3.3233
3.3233
3.3233
3.3233
3.3233
3.3233
3.3233
3.3233
3.3233
3.3233
3.3233
3.3233
3.3233
3.3233
3.3233
3.3233
3.3233
3.3233
3.3233
3.3233
3.3233
3.3233
3.3233
3.3233
3.3233
3.3233
3.3233
3.3233
3.3233
3.3233
3.3233
3.3233
3.3233
3.3233
3.3233
3.3233
3.3233
3.3233
3.3233
3.3233
3.3233
3.3233
3.3233
3.3233
3.3233
3.3233
3.3233
3.3233
3.3233
3.3233
3.3233
3.3233
3.3233
3.3233
3.3233
3.3233
3.3233
3.3233
3.3233
3.3233
3.3233
3.3233
3.3233
3.3233
3.3233
3.3233
3.3233
3.3233
3.3233
3.3233
3.3233
3.3233
3.3233
3.3233
3.3233
3.3233
3.3233
3.3233
3.3233
3.3233
3.3233
3.3233
3.3233
3.3233
3.3233
3.3233
3.3233
3.3233
3.3233
3.3233
3.3233
3.3233
3.3233
3.3233
3.3233
3.3233
3.3233
3.3233
3.3233
3.3233
3.3233
3.3233
3.3233
3.3233
3.3233
3.3233
3.3233
3.3233
3.3233
3.3233
3.3233
3.3233
3.3233
3.3233
3.3233
3.3233
3.3233
3.3233
3.3233
3.3233
3.3233
3.3233
3.3233
3.3233
3.3233
3.3233
3.3233
3.3233
3.3233
3.3233
3.3233
3.3233
3.3233
3.3233
3.3233
3.3233
3.3233
3.3233
3.3233
3.3233
3.3233
3.3233
3.3233
3.3233
3.3233
3.3233
3.3233
3.3233
3.3233
3.3233
3.3233
3.3233
3.3233
3.3233
3.3233
3.3233
3.3233
3.3233
3.3233
3.3233
3.3233
3.3233
3.3233
3.3233
3.3233
3.3233
3.3233
3.3233
3.3233
3.3233
3.3233
3.3233
3.3233
3.3233
3.3233
3.3233
3.3233
3.3233
3.3233
3.3233
3.3233
3.3233
3.3233
3.3233
3.3233
3.3233
3.3233
3.3233
3.3233
3.3233
3.3233
3.3233
3.3233
3.3233
3.3233
3.3233
3.3233
3.3233
3.3233
3.3233
3.3233
3.3233
3.3233
3.3233
3.3233
3.3233
3.3233
3.3233
3.3233
3.3233
3.3233
3.3233
3.3233
3.3233
3.3233
3.3233
3.3233
3.3233
3.3233
3.3233
3.3233
3.3233
3.3233
3.3233
3.3233
3.3233
3.3233
3.3233
3.3233
3.3233
3.3233
3.3233
3.3233
3.3233
3.3233
3.3233
3.3233
3.3233
3.3233
3.3233
3.3233
3.3233
3.3233
3.3233
3.3233
3.3233
3.3233
3.3233
3.3233
3.3233
3.3233
3.3233
3.3233
3.3233
3.3233
3.3233
3.3233
3.3233
3.3233
3.3233
3.3233
3.3233
3.3233
3.3233
3.3233
3.3233
3.3233
3.3233
3.3233
3.3233
3.3233
3.3233
3.3233
3.3233
3.3233
3.3233
3.3233
3.3233
3.3233
3.3233
3.3233
3.3233
3.3233
3.3233
3.3233
3.3233
3.3233
3.3233
3.3233
3.3233
3.3233
3.3233
3.3233
3.3233
3.3233
3.3233
3.3233
3.3233
3.3233
3.3233
3.3233
3.3233
3.3233
3.3233
3.3233
3.3233
3.3233
3.3233
3.3233
3.3233
3.3233
3.3233
3.3233
3.3233
3.3233
3.3233
3.3233
3.3233
3.3233
3.3233
3.3233
3.3233
3.3233
3.3233
3.3233
3.3233
3.3233
3.3233
3.3233
3.3233
3.3233
3.3233
3.3233
3.3233
3.3233
3.3233
3.3233
3.3233
3.3233
3.3233
3.3233
3.3233
3.3233
3.3233
3.3233
3.3233
3.3233
3.3233
3.3233
3.3233
3.3233
3.3233
3.3233
3.3233
3.3233
3.3233
3.3233
3.3233
3.3233
3.3233
3.3233
3.3233
3.3233
3.3233
3.3233
3.3233
3.3233
3.3233
3.3233
3.3233
3.3233
3.3233
3.3233
3.3233
3.3233
3.3233
3.3233
3.3233
3.3233
3.3233
3.3233
3.3233
3.3233
3.3233
3.3233
3.3233
3.3233
3.3233
3.3233
3.3233
3.3233
3.3233
3.3233
3.3233
3.3233
3.3233
3.3233
3.3233
3.3233
3.3233
3.3233
3.3233
3.3233
3.3233
3.3233
3.3233
3.3233
3.3233
3.3233
3.3233
3.3233
3.3233
3.3233
3.3233
3.3233
3.3233
3.3233
3.3233
3.3233
3.3233
3.3233
3.3233
3.3233
3.3233
3.3233
3.3233
3.3233
3.3233
3.3233
3.3233
3.3233
3.3233
3.3233
3.3233
3.3233
3.3233
3.3233
3.3233
3.3233
3.3233
3.3233
3.3233
3.3233
3.3233
3.3233
3.3233
3.3233
3.3233
3.3233
3.3233
3.3233
3.3233
3.3233
3.3233
3.3233
3.3233
3.3233
3.3233
3.3233
3.3233
3.3233
3.3233
3.3233
3.3233
3.3233
3.3233
3.3233
3.3233
3.3233
3.3233
3.3233
3.3233
3.3233
3.3233
3.3233
3.3233
3.3233
3.3233
3.3233
3.3233
3.3233
3.3233
3.3233
3.3233
3.3233
3.3233
3.3233
3.3233
3.3233
3.3233
3.3233
3.3233
3.3233
3.3233
3.3233
3.3233
3.3233
3.3233
3.3233
3.3233
3.3233
3.3233
3.3233
3.3233
3.3233
3.3233
3.3233
3.3233
3.3233
3.3233
3.3233
3.3233
3.3233
3.3233
3.3233
3.3233
3.3233
3.3233
3.3233
3.3233
3.3233
3.3233
3.3233
3.3233
3.3233
3.3233
3.3233
3.3233
3.3233
3.3233
3.3233
3.3233
3.3233
3.3233
3.3233
3.3233
3.3233
3.3233
3.3233
3.3233
3.3233
3.3233
3.3233
3.3233
3.3233
3.3233
3.3233
3.3233
3.3233
3.3233
3.3233
3.3233
3.3233
3.3233
3.3233
3.3233
3.3233
3.3233
3.3233
3.3233
3.3233
3.3233
3.3233
3.3233
3.3233
3.3233
3.3233
3.3233
3.3233
3.3233
3.3233
3.3233
3.3233
3.3233
3.3233
3.3233
3.3233
3.3233
3.3233
3.3233
3.3233
3.3233
3.3233
3.3233
3.3233
3.3233
3.3233
3.3233
3.3233
3.3233
3.3233
3.3233
3.3233
3.3233
3.3233
3.3233
3.3233
3.3233
3.3233
3.3233
3.3233
3.3233
3.3233
3.3233
3.3233
3.3233
3.3233
3.3233
3.3233
3.3233
3.3233
3.3233
3.3233
3.3233
3.3233
3.3233
3.3233
3.3233
3.3233
3.3233
3.3233
3.3233
3.3233
3.3233
3.3233
3.3233
3.3233
3.3233
3.3233
3.3233
3.3233
3.3233
3.3233
3.3233
3.3233
3.3233
3.3233
3.3233
3.3233
3.3233
3.3233
3.3233
3.3233
3.3233
3.3233
3.3233
3.3233
3.3233
3.3233
3.3233
3.3233
3.3233
3.3233
3.3233
3.3233
3.3233
3.3233
3.3233
3.3233
3.3233
3.3233
3.3233
3.3233
3.3233
3.3233
3.3233
3.3233
3.3233
3.3233
3.3233
3.3233
3.3233
3.3233
3.3233
3.3233
3.3233
3.3233
3.3233
3.3233
3.3233
3.3233
3.3233
3.3233
3.3233
3.3233
3.3233
3.3233
3.3233
3.3233
3.3233
3.3233
3.3233
3.3233
3.3233
3.3233
3.3233
3.3233
3.3233
3.3233
3.3233
3.3233
3.3233
3.3233
3.3233
3.3233
3.3233
3.3233
3.3233
3.3233
3.3233
3.3233
3.3233
3.3233
3.3233
3.3233
3.3233
3.3233
3.3233
3.3233
3.3233
3.3233
3.3233
3.3233
3.3233
3.3233
3.3233
3.3233
3.3233
3.3233
3.3233
3.3233
3.3233
3.3233
3.3233
3.3233
3.3233
3.3233
3.3233
3.3233
3.3233
3.3233
3.3233
3.3233
3.3233
3.3233
3.3233
3.3233
3.3233
3.3233
3.3233
3.3233
3.3233
3.3233
3.3233
3.3233
3.3233
3.3233
3.3233
3.3233
3.3233
3.3233
3.3233
3.3233
3.3233
3.3233
3.3233
3.3233
3.3233
3.3233
3.3233
3.3233
3.3233
3.3233
3.3233
3.3233
3.3233
3.3233
3.3233
3.3233
3.3233
3.3233
3.3233
3.3233
3.3233
3.3233
3.3233
3.3233
3.3233
3.3233
3.3233
3.3233
3.3233
3.3233
3.3233
3.3233
3.3233
3.3233
3.3233
3.3233
3.3233
3.3233
3.3233
3.3233
3.3233
3.3233
3.3233
3.3233
3.3233
3.3233
3.3233
3.3233
3.3233
3.3233
3.3233
3.3233
3.3233
3.3233
3.3233
3.3233
