8.68203e+09
3.50173e+09
9.51099e+08
2.05752e+08
9.88244e+07
1.0736e+07
5.85578e+06
5.85578e+06
1.90428e+06
1.90428e+06
1.90428e+06
1.90428e+06
1.90428e+06
1.90428e+06
1.31473e+06
1.31473e+06
1.31473e+06
1.31473e+06
753728
318912
318912
318912
94387
93245.6
90630.2
90630.2
90630.2
90630.2
66867.3
66867.3
66867.3
30606
19084.5
5608.54
4078.71
3885.76
1371.44
567.066
567.066
567.066
567.066
567.066
567.066
567.066
567.066
567.066
551.821
551.821
551.821
312.637
312.637
293.044
293.044
234.486
207.678
207.678
207.678
207.678
207.678
207.678
207.678
207.678
207.678
207.678
207.678
207.678
207.678
207.678
207.678
207.678
207.678
207.678
207.678
207.678
207.678
207.678
207.678
207.678
207.678
207.678
207.678
207.678
207.678
207.678
207.678
207.678
205.493
205.493
205.493
203.812
203.812
190.522
190.522
190.522
190.522
190.522
190.522
190.522
190.522
190.522
190.522
190.522
190.522
190.522
190.522
190.522
190.522
179.848
179.848
179.848
179.848
179.848
179.848
179.848
179.848
179.848
179.848
179.848
179.848
179.848
179.848
179.848
179.848
179.848
179.848
179.848
179.848
179.848
179.848
179.848
179.848
179.848
179.848
179.848
179.848
179.848
179.848
179.848
178.049
178.049
178.049
178.049
178.049
178.049
178.049
178.049
178.049
178.049
178.049
178.049
178.049
178.049
178.049
178.049
178.049
178.049
178.049
178.049
178.049
178.049
178.049
178.049
178.049
178.049
178.049
178.049
178.049
178.049
178.049
178.049
178.049
178.049
178.049
178.049
178.049
178.049
178.049
178.049
178.049
178.049
178.049
178.049
178.049
178.049
174.417
174.417
174.417
174.417
174.417
174.417
174.417
174.417
172.617
172.617
169.912
169.912
161.339
161.339
161.339
161.339
161.339
161.339
161.339
161.339
161.339
161.339
161.339
161.339
161.339
161.339
161.339
161.339
161.339
161.339
161.339
161.339
161.339
161.339
161.339
161.339
161.339
161.339
161.339
161.339
161.339
161.339
161.339
161.339
161.339
161.339
161.339
161.339
161.339
161.339
161.339
161.339
161.339
161.339
161.339
161.339
161.339
161.339
161.339
161.339
161.339
161.339
161.339
161.339
161.339
161.339
161.339
161.339
161.339
161.339
161.339
161.339
161.339
161.339
161.339
161.339
161.339
161.339
161.339
161.339
161.339
161.339
161.339
161.339
161.339
159.027
159.027
159.027
159.027
159.027
159.027
159.027
159.027
159.027
159.027
159.027
159.027
159.027
159.027
159.027
159.027
159.027
159.027
159.027
159.027
159.027
159.027
159.027
159.027
159.027
159.027
159.027
159.027
159.027
159.027
159.027
159.027
159.027
159.027
159.027
159.027
159.027
159.027
159.027
159.027
159.027
159.027
159.027
159.027
159.027
159.027
159.027
159.027
159.027
159.027
159.027
159.027
159.027
159.027
159.027
159.027
159.027
159.027
159.027
159.027
159.027
159.027
159.027
159.027
159.027
159.027
159.027
159.027
159.027
159.027
159.027
159.027
159.027
159.027
159.027
159.027
159.027
159.027
159.027
159.027
159.027
159.027
159.027
159.027
159.027
159.027
159.027
159.027
159.027
159.027
159.027
159.027
159.027
159.027
159.027
159.027
159.027
159.027
159.027
159.027
159.027
159.027
159.027
159.027
159.027
159.027
159.027
159.027
159.027
159.027
159.027
159.027
159.027
159.027
159.027
159.027
159.027
159.027
159.027
159.027
159.027
159.027
159.027
159.027
159.027
159.027
159.027
159.027
159.027
159.027
159.027
159.027
159.027
159.027
159.027
159.027
159.027
159.027
159.027
159.027
159.027
159.027
159.027
159.027
159.027
159.027
159.027
159.027
159.027
159.027
159.027
159.027
159.027
159.027
159.027
159.027
159.027
159.027
159.027
159.027
159.027
159.027
159.027
159.027
159.027
159.027
159.027
159.027
159.027
159.027
159.027
159.027
159.027
159.027
159.027
159.027
159.027
159.027
159.027
159.027
159.027
159.027
159.027
159.027
159.027
159.027
159.027
159.027
159.027
159.027
159.027
159.027
159.027
159.027
159.027
159.027
159.027
159.027
159.027
159.027
159.027
159.027
159.027
159.027
159.027
159.027
159.027
159.027
159.027
159.027
159.027
159.027
159.027
159.027
159.027
159.027
159.027
159.027
159.027
159.027
159.027
159.027
159.027
159.027
159.027
159.027
159.027
159.027
159.027
159.027
159.027
159.027
159.027
159.027
159.027
159.027
159.027
159.027
159.027
159.027
159.027
159.027
159.027
159.027
159.027
159.027
159.027
159.027
159.027
159.027
159.027
159.027
159.027
159.027
159.027
159.027
159.027
159.027
159.027
159.027
159.027
159.027
159.027
159.027
159.027
159.027
159.027
159.027
159.027
159.027
159.027
159.027
159.027
159.027
159.027
159.027
159.027
159.027
159.027
159.027
159.027
159.027
159.027
159.027
159.027
159.027
159.027
159.027
159.027
159.027
159.027
159.027
159.027
159.027
159.027
159.027
159.027
159.027
159.027
159.027
159.027
159.027
159.027
159.027
159.027
159.027
159.027
159.027
159.027
159.027
159.027
159.027
159.027
159.027
159.027
159.027
159.027
159.027
159.027
159.027
159.027
159.027
159.027
159.027
159.027
159.027
159.027
159.027
159.027
159.027
159.027
159.027
159.027
159.027
159.027
159.027
159.027
159.027
159.027
159.027
159.027
159.027
159.027
159.027
159.027
159.027
159.027
159.027
159.027
159.027
159.027
159.027
159.027
159.027
159.027
159.027
159.027
159.027
159.027
159.027
159.027
159.027
159.027
159.027
159.027
159.027
159.027
159.027
159.027
159.027
159.027
159.027
159.027
159.027
159.027
159.027
159.027
159.027
159.027
159.027
159.027
159.027
159.027
159.027
159.027
159.027
159.027
159.027
159.027
159.027
159.027
159.027
159.027
159.027
159.027
159.027
159.027
159.027
159.027
159.027
159.027
159.027
159.027
159.027
159.027
159.027
159.027
159.027
159.027
159.027
159.027
159.027
159.027
159.027
159.027
159.027
159.027
159.027
159.027
159.027
159.027
159.027
159.027
159.027
159.027
159.027
159.027
159.027
159.027
159.027
159.027
159.027
159.027
159.027
159.027
159.027
159.027
159.027
159.027
159.027
159.027
159.027
159.027
159.027
159.027
159.027
159.027
159.027
159.027
159.027
159.027
159.027
159.027
159.027
159.027
159.027
159.027
159.027
159.027
159.027
159.027
159.027
159.027
159.027
159.027
159.027
159.027
159.027
159.027
159.027
159.027
159.027
159.027
159.027
159.027
159.027
159.027
159.027
159.027
159.027
159.027
159.027
159.027
159.027
159.027
159.027
159.027
159.027
159.027
159.027
159.027
159.027
159.027
159.027
159.027
159.027
159.027
159.027
159.027
159.027
159.027
159.027
159.027
159.027
159.027
159.027
159.027
159.027
159.027
159.027
159.027
159.027
159.027
159.027
159.027
159.027
159.027
159.027
159.027
159.027
159.027
159.027
159.027
159.027
159.027
159.027
159.027
159.027
159.027
159.027
159.027
159.027
159.027
159.027
159.027
159.027
159.027
159.027
159.027
159.027
159.027
159.027
159.027
159.027
159.027
159.027
159.027
159.027
159.027
159.027
159.027
159.027
159.027
159.027
159.027
159.027
159.027
159.027
159.027
159.027
159.027
159.027
159.027
159.027
159.027
159.027
159.027
159.027
159.027
159.027
156.085
156.085
156.085
156.085
156.085
156.085
156.085
156.085
156.085
156.085
156.085
156.085
156.085
156.085
156.085
156.085
156.085
156.085
156.085
156.085
156.085
156.085
156.085
156.085
156.085
156.085
156.085
156.085
156.085
156.085
156.085
156.085
156.085
156.085
156.085
156.085
156.085
156.085
156.085
156.085
156.085
156.085
156.085
156.085
156.085
156.085
156.085
156.085
156.085
156.085
156.085
156.085
156.085
156.085
156.085
156.085
156.085
156.085
156.085
156.085
156.085
156.085
156.085
156.085
156.085
156.085
156.085
156.085
156.085
156.085
156.085
156.085
156.085
156.085
156.085
156.085
156.085
156.085
156.085
156.085
156.085
156.085
156.085
156.085
156.085
156.085
156.085
156.085
156.085
156.085
156.085
156.085
156.085
156.085
156.085
156.085
156.085
156.085
156.085
156.085
156.085
156.085
156.085
156.085
156.085
156.085
156.085
156.085
156.085
156.085
156.085
156.085
156.085
156.085
156.085
156.085
156.085
156.085
156.085
156.085
156.085
156.085
156.085
156.085
156.085
156.085
156.085
156.085
156.085
156.085
156.085
156.085
156.085
156.085
156.085
156.085
156.085
156.085
156.085
156.085
156.085
156.085
156.085
156.085
156.085
156.085
156.085
156.085
156.085
156.085
156.085
156.085
156.085
156.085
156.085
156.085
156.085
156.085
156.085
156.085
156.085
156.085
156.085
156.085
156.085
156.085
156.085
156.085
156.085
156.085
156.085
156.085
156.085
156.085
156.085
156.085
156.085
156.085
156.085
156.085
156.085
156.085
156.085
156.085
156.085
156.085
156.085
156.085
156.085
156.085
156.085
156.085
156.085
156.085
156.085
156.085
156.085
156.085
156.085
156.085
156.085
156.085
156.085
156.085
156.085
156.085
156.085
156.085
156.085
156.085
156.085
156.085
156.085
156.085
156.085
156.085
156.085
156.085
156.085
156.085
156.085
156.085
156.085
156.085
156.085
156.085
156.085
156.085
156.085
156.085
156.085
156.085
156.085
156.085
156.085
156.085
156.085
156.085
156.085
156.085
156.085
156.085
156.085
156.085
156.085
156.085
156.085
156.085
156.085
156.085
156.085
156.085
156.085
156.085
156.085
156.085
156.085
156.085
156.085
156.085
156.085
156.085
156.085
156.085
156.085
156.085
156.085
156.085
156.085
156.085
156.085
156.085
156.085
156.085
156.085
156.085
156.085
156.085
156.085
156.085
156.085
156.085
156.085
156.085
156.085
156.085
156.085
156.085
156.085
156.085
156.085
156.085
156.085
156.085
156.085
156.085
156.085
156.085
156.085
156.085
156.085
156.085
156.085
156.085
156.085
156.085
156.085
156.085
156.085
156.085
156.085
156.085
156.085
156.085
156.085
156.085
156.085
156.085
156.085
156.085
156.085
156.085
156.085
156.085
156.085
156.085
156.085
156.085
156.085
156.085
156.085
156.085
156.085
156.085
156.085
156.085
156.085
156.085
156.085
156.085
156.085
156.085
156.085
156.085
156.085
156.085
156.085
156.085
156.085
156.085
156.085
156.085
156.085
156.085
156.085
156.085
156.085
156.085
156.085
156.085
156.085
156.085
156.085
156.085
156.085
156.085
156.085
156.085
156.085
156.085
156.085
156.085
156.085
156.085
156.085
156.085
156.085
156.085
156.085
156.085
156.085
156.085
156.085
156.085
156.085
156.085
156.085
156.085
156.085
156.085
156.085
156.085
156.085
156.085
156.085
156.085
156.085
156.085
156.085
156.085
156.085
156.085
156.085
156.085
156.085
156.085
156.085
156.085
156.085
156.085
156.085
156.085
156.085
156.085
156.085
156.085
156.085
156.085
156.085
156.085
156.085
156.085
156.085
156.085
156.085
156.085
156.085
156.085
156.085
156.085
156.085
156.085
156.085
156.085
156.085
156.085
156.085
156.085
156.085
156.085
156.085
156.085
156.085
156.085
156.085
156.085
156.085
156.085
156.085
156.085
156.085
156.085
156.085
156.085
156.085
156.085
156.085
156.085
156.085
156.085
156.085
156.085
156.085
156.085
156.085
156.085
156.085
156.085
156.085
156.085
156.085
156.085
156.085
156.085
156.085
156.085
156.085
156.085
156.085
156.085
156.085
156.085
156.085
156.085
156.085
156.085
156.085
156.085
156.085
156.085
156.085
156.085
156.085
156.085
156.085
156.085
156.085
156.085
156.085
156.085
156.085
156.085
156.085
156.085
156.085
156.085
156.085
156.085
156.085
156.085
156.085
156.085
156.085
156.085
156.085
156.085
156.085
156.085
156.085
156.085
156.085
156.085
156.085
156.085
156.085
156.085
156.085
156.085
156.085
156.085
156.085
156.085
156.085
156.085
156.085
156.085
156.085
156.085
156.085
156.085
156.085
156.085
156.085
156.085
156.085
156.085
156.085
156.085
156.085
156.085
156.085
156.085
156.085
156.085
156.085
156.085
156.085
156.085
156.085
156.085
156.085
156.085
156.085
156.085
156.085
156.085
156.085
156.085
156.085
156.085
156.085
156.085
156.085
156.085
156.085
156.085
156.085
156.085
156.085
156.085
156.085
156.085
156.085
156.085
156.085
156.085
156.085
156.085
156.085
156.085
156.085
156.085
156.085
156.085
156.085
156.085
156.085
156.085
156.085
156.085
156.085
156.085
156.085
156.085
156.085
156.085
156.085
156.085
156.085
156.085
156.085
155.423
155.423
155.423
155.423
155.423
155.423
155.423
155.423
155.423
155.423
155.423
155.423
155.423
155.423
155.423
155.423
155.423
155.423
155.423
155.423
155.423
155.423
155.423
155.423
155.423
155.423
155.423
155.423
155.423
155.423
155.423
155.423
155.423
155.423
155.423
155.423
155.423
155.423
155.423
155.423
155.423
155.423
155.423
155.423
155.423
155.423
155.423
155.423
155.423
155.423
155.423
155.423
155.423
155.423
155.423
155.423
155.423
155.423
155.423
155.423
155.423
155.423
155.423
155.423
155.423
155.423
155.423
155.423
155.423
155.423
155.423
155.423
155.423
155.423
155.423
155.423
155.423
155.423
155.423
155.423
155.423
155.423
155.423
155.423
155.423
155.423
155.423
155.423
155.423
155.423
155.423
155.423
155.423
155.423
155.423
155.423
155.423
155.423
155.423
155.423
155.423
155.423
155.423
155.423
155.423
155.423
155.423
155.423
155.423
155.423
155.423
155.129
155.129
155.129
155.129
155.129
155.129
155.129
155.129
155.129
155.129
155.129
155.129
155.129
155.129
155.129
155.129
139.115
139.115
139.115
139.115
139.115
139.115
139.115
139.115
139.115
139.115
139.115
139.115
139.115
139.115
139.115
139.115
139.115
139.115
139.115
139.115
139.115
139.115
139.115
139.115
139.115
139.115
139.115
139.115
139.115
139.115
139.115
139.115
139.115
139.115
139.115
139.115
139.115
139.115
139.115
139.115
139.115
139.115
139.115
139.115
139.115
139.115
139.115
139.115
139.115
139.115
139.115
139.115
139.115
139.115
139.115
139.115
139.115
139.115
139.115
139.115
139.115
139.115
139.115
139.115
139.115
139.115
139.115
139.115
139.115
139.115
139.115
139.115
139.115
137.606
137.606
137.606
137.606
137.606
137.606
133.603
133.603
133.603
125.167
125.167
125.167
125.167
125.167
125.167
125.167
125.167
125.167
125.167
125.167
125.167
125.167
125.167
125.167
125.167
125.167
125.167
125.167
125.167
125.167
125.167
125.167
125.167
125.167
125.167
125.167
125.167
125.167
125.167
125.167
125.167
125.167
125.167
125.167
125.167
125.167
125.167
125.167
125.167
125.167
125.167
125.167
125.167
125.167
125.167
125.167
125.167
125.167
125.167
125.167
125.167
125.167
125.167
125.167
125.167
125.167
125.167
125.167
125.167
125.167
125.167
125.167
125.167
125.167
125.167
125.167
125.167
125.167
125.167
125.167
125.167
125.167
125.167
125.167
125.167
125.167
125.167
125.167
125.167
125.167
125.167
125.167
125.167
125.167
125.167
125.167
125.167
125.167
125.167
125.167
125.167
125.167
125.167
125.167
125.167
125.167
125.167
125.167
125.167
125.167
125.167
125.167
125.167
125.167
125.167
125.167
125.167
116.95
116.95
116.95
116.95
116.95
116.95
116.95
116.95
116.95
116.95
116.95
116.95
116.95
116.95
116.95
116.95
116.95
116.95
116.95
116.95
116.95
116.95
116.95
116.95
116.95
116.95
116.95
116.95
116.95
116.95
116.95
116.95
116.95
116.95
116.95
116.95
116.95
116.95
116.95
116.95
116.95
116.95
116.95
116.95
116.95
116.95
116.95
116.95
116.95
116.95
116.95
116.95
116.95
116.95
111.392
111.392
111.392
111.392
111.392
111.392
111.392
111.392
111.392
111.392
111.392
111.392
111.392
111.392
111.392
111.392
111.392
111.392
111.392
111.392
111.392
111.392
111.392
111.392
111.392
111.392
111.392
111.392
109.486
109.486
108.747
108.747
108.747
108.747
108.747
108.747
108.747
108.747
108.747
108.747
108.747
108.747
108.747
108.747
108.747
108.747
108.747
107.393
107.393
107.393
107.393
99.7574
99.7574
99.7574
99.7574
99.7574
98.7394
96.5927
96.5927
96.5927
96.5927
96.5927
95.2108
93.1738
92.1898
92.0959
91.4844
91.4844
91.4844
91.4844
91.4327
91.4327
91.4327
91.4248
91.2968
91.2968
91.2377
91.1133
91.0825
91.0824
91.0791
91.0712
91.0461
91.0461
91.0461
91.0461
91.0461
91.0461
91.0461
91.0461
91.0461
91.0461
91.0461
91.0461
91.0162
91.0155
91.0037
91.0037
91.0009
91.0009
91.0009
90.9866
90.9865
90.9684
90.9684
90.9684
90.9665
90.9617
90.9561
90.9561
90.9561
90.9531
90.9501
90.9496
90.9488
90.9488
90.9472
90.9465
90.9465
90.9459
90.9458
90.9444
90.9433
90.943
90.9424
90.9422
90.9422
90.9421
90.9421
90.942
90.942
90.942
90.9418
90.9416
90.9416
90.9415
90.9415
90.9415
90.9415
90.9415
90.9415
90.9415
90.9415
90.9415
90.9415
90.9415
90.9415
90.9415
90.9415
90.9415
90.9415
90.9415
90.9415
90.9415
90.9415
90.9415
90.9415
90.9415
90.9415
90.9415
90.9415
90.9415
90.9415
90.9415
90.9415
90.9415
90.9415
90.9415
90.9415
90.9415
90.9415
90.9415
90.9415
90.9415
90.9415
90.9415
90.9415
90.9415
90.9415
90.9415
90.9415
90.9415
90.9415
90.9415
90.9415
90.9415
90.9415
90.9415
90.9415
90.9415
90.9415
90.9415
90.9415
90.9415
90.9415
90.9415
90.9415
90.9415
90.9415
90.9415
90.9415
90.9415
90.9415
90.9415
90.9415
90.9415
90.9415
90.9415
90.9415
90.9415
90.9415
90.9415
90.9415
90.9415
90.9415
90.9415
90.9415
90.9415
90.9415
90.9415
90.9415
90.9415
90.9415
90.9415
90.9415
90.9415
90.9415
90.9415
90.9415
90.9415
90.9415
90.9415
90.9415
90.9415
90.9415
90.9415
90.9415
90.9415
90.9415
90.9415
90.9415
90.9415
90.9415
90.9415
90.9415
90.9415
90.9415
90.9415
90.9415
90.9415
90.9415
90.9415
90.9415
90.9415
90.9415
90.9415
90.9415
90.9415
90.9415
90.9415
90.9415
90.9415
90.9415
90.9415
90.9415
90.9415
90.9415
90.9415
90.9415
90.9415
90.9415
90.9415
90.9415
90.9415
90.9415
90.9415
90.9415
90.9415
90.9415
90.9415
90.9415
90.9415
90.9415
90.9415
90.9415
90.9415
90.9415
90.9415
90.9415
90.9415
90.9415
90.9415
90.9415
90.9415
90.9415
90.9415
90.9415
90.9415
90.9415
90.9415
90.9415
90.9415
90.9415
90.9415
90.9415
90.9415
90.9415
90.9415
90.9415
90.9415
90.9415
90.9415
90.9415
90.9415
90.9415
90.9415
90.9415
90.9415
90.9415
90.9415
90.9415
90.9415
90.9415
90.9415
90.9415
90.9415
90.9415
90.9415
90.9415
90.9415
90.9415
90.9415
90.9415
90.9415
90.9415
90.9415
90.9415
90.9415
90.9415
90.9415
90.9415
90.9415
90.9415
90.9415
90.9415
90.9415
90.9415
90.9415
90.9415
90.9415
90.9415
90.9415
90.9415
90.9415
90.9415
90.9415
90.9415
90.9415
90.9415
90.9415
90.9415
90.9415
90.9415
90.9415
90.9415
90.9415
90.9415
90.9415
90.9415
90.9415
90.9415
90.9415
90.9415
90.9415
90.9415
90.9415
90.9415
90.9415
90.9415
90.9415
90.9415
90.9415
90.9415
90.9415
90.9415
90.9415
90.9415
90.9415
90.9415
90.9415
90.9415
90.9415
90.9415
90.9415
90.9415
90.9415
90.9415
90.9415
90.9415
90.9415
90.9415
90.9415
90.9415
90.9415
90.9415
90.9415
90.9415
90.9415
90.9415
90.9415
90.9415
90.9415
90.9415
90.9415
90.9415
90.9415
90.9415
90.9415
90.9415
90.9415
90.9415
90.9415
90.9415
90.9415
90.9415
90.9415
90.9415
90.9415
90.9415
90.9415
90.9415
90.9415
90.9415
90.9415
90.9415
90.9415
90.9415
90.9415
90.9415
90.9415
90.9415
90.9415
90.9415
90.9415
90.9415
90.9415
90.9415
90.9415
90.9415
90.9415
90.9415
90.9415
90.9415
90.9415
90.9415
90.9415
90.9415
90.9415
90.9415
90.9415
90.9415
90.9415
90.9415
90.9415
90.9415
90.9415
90.9415
90.9415
90.9415
90.9415
90.9415
90.9415
90.9415
90.9415
90.9415
90.9415
90.9415
90.9415
90.9415
90.9415
90.9415
90.9415
90.9415
90.9415
90.9415
90.9415
90.9415
90.9415
90.9415
90.9415
90.9415
90.9415
90.9415
90.9415
90.9415
90.9415
90.9415
90.9415
90.9415
90.9415
90.9415
90.9415
90.9415
90.9415
90.9415
90.9415
90.9415
90.9415
90.9415
90.9415
90.9415
90.9415
90.9415
90.9415
90.9415
90.9415
90.9415
90.9415
90.9415
90.9415
90.9415
90.9415
90.9415
90.9415
90.9415
90.9415
90.9415
90.9415
90.9415
90.9415
90.9415
90.9415
90.9415
90.9415
90.9415
90.9415
90.9415
90.9415
90.9415
90.9415
90.9415
90.9415
90.9415
90.9415
90.9415
90.9415
90.9415
90.9415
90.9415
90.9415
90.9415
90.9415
90.9415
90.9415
90.9415
90.9415
90.9415
90.9415
90.9415
90.9415
90.9415
90.9415
90.9415
90.9415
90.9415
90.9415
90.9415
90.9415
90.9415
90.9415
90.9415
90.9415
90.9415
90.9415
90.9415
90.9415
90.9415
90.9415
90.9415
90.9415
90.9415
90.9415
90.9415
90.9415
90.9415
90.9415
90.9415
90.9415
90.9415
90.9415
90.9415
90.9415
90.9415
90.9415
90.9415
90.9415
90.9415
90.9415
90.9415
90.9415
90.9415
90.9415
90.9415
90.9415
90.9415
90.9415
90.9415
90.9415
90.9415
90.9415
90.9415
90.9415
90.9415
90.9415
90.9415
90.9415
90.9415
90.9415
90.9415
90.9415
90.9415
90.9415
90.9415
90.9415
90.9415
90.9415
90.9415
90.9415
90.9415
90.9415
90.9415
90.9415
90.9415
90.9415
90.9415
90.9415
90.9415
90.9415
90.9415
90.9415
90.9415
90.9415
90.9415
90.9415
90.9415
90.9415
90.9415
90.9415
90.9415
90.9415
90.9415
90.9415
90.9415
90.9415
90.9415
90.9415
90.9415
90.9415
90.9415
90.9415
90.9415
90.9415
90.9415
90.9415
90.9415
90.9415
90.9415
90.9415
90.9415
90.9415
90.9415
90.9415
90.9415
90.9415
90.9415
90.9415
90.9415
90.9415
90.9415
90.9415
90.9415
90.9415
90.9415
90.9415
90.9415
90.9415
90.9415
90.9415
90.9415
90.9415
90.9415
90.9415
90.9415
90.9415
90.9415
90.9415
90.9415
90.9415
90.9415
90.9415
90.9415
90.9415
90.9415
90.9415
90.9415
90.9415
90.9415
90.9415
90.9415
90.9415
90.9415
90.9415
90.9415
90.9415
90.9415
90.9415
90.9415
90.9415
90.9415
90.9415
90.9415
90.9415
90.9415
90.9415
90.9415
90.9415
90.9415
90.9415
90.9415
90.9415
90.9415
90.9415
90.9415
90.9415
90.9415
90.9415
90.9415
90.9415
90.9415
90.9415
90.9415
90.9415
90.9415
90.9415
90.9415
90.9415
90.9415
90.9415
90.9415
90.9415
90.9415
90.9415
90.9415
90.9415
90.9415
90.9415
90.9415
90.9415
90.9415
90.9415
90.9415
90.9415
90.9415
90.9415
90.9415
90.9415
90.9415
90.9415
90.9415
90.9415
90.9415
90.9415
90.9415
90.9415
90.9415
90.9415
90.9415
90.9415
90.9415
90.9415
90.9415
90.9415
90.9415
90.9415
90.9415
90.9415
90.9415
90.9415
90.9415
90.9415
90.9415
90.9415
90.9415
90.9415
90.9415
90.9415
90.9415
90.9415
90.9415
90.9415
90.9415
90.9415
90.9415
90.9415
90.9415
90.9415
90.9415
90.9415
90.9415
90.9415
90.9415
90.9415
90.9415
90.9415
90.9415
90.9415
90.9415
90.9415
90.9415
90.9415
90.9415
90.9415
90.9415
90.9415
90.9415
90.9415
90.9415
90.9415
90.9415
90.9415
90.9415
90.9415
90.9415
90.9415
90.9415
90.9415
90.9415
90.9415
90.9415
90.9415
90.9415
90.9415
90.9415
90.9415
90.9415
90.9415
90.9415
90.9415
90.9415
90.9415
90.9415
90.9415
90.9415
90.9415
90.9415
90.9415
90.9415
90.9415
90.9415
90.9415
90.9415
90.9415
90.9415
90.9415
90.9415
90.9415
90.9415
90.9415
90.9415
90.9415
90.9415
90.9415
90.9415
90.9415
90.9415
90.9415
90.9415
90.9415
90.9415
90.9415
90.9415
90.9415
90.9415
90.9415
90.9415
90.9415
90.9415
90.9415
90.9415
90.9415
90.9415
90.9415
90.9415
90.9415
90.9415
90.9415
90.9415
90.9415
90.9415
90.9415
90.9415
90.9415
90.9415
90.9415
90.9415
90.9415
90.9415
90.9415
90.9415
90.9415
90.9415
90.9415
90.9415
90.9415
90.9415
90.9415
90.9415
90.9415
90.9415
90.9415
90.9415
90.9415
90.9415
90.9415
90.9415
90.9415
90.9415
90.9415
90.9415
90.9415
90.9415
90.9415
90.9415
90.9415
90.9415
90.9415
90.9415
90.9415
90.9415
90.9415
90.9415
90.9415
90.9415
90.9415
90.9415
90.9415
90.9415
90.9415
90.9415
90.9415
90.9415
90.9415
90.9415
90.9415
90.9415
90.9415
90.9415
90.9415
90.9415
90.9415
90.9415
90.9415
90.9415
90.9415
90.9415
90.9415
90.9415
90.9415
90.9415
90.9415
90.9415
90.9415
90.9415
90.9415
90.9415
90.9415
90.9415
90.9415
90.9415
90.9415
90.9415
90.9415
90.9415
90.9415
90.9415
90.9415
90.9415
90.9415
90.9415
90.9415
90.9415
90.9415
90.9415
90.9415
90.9415
90.9415
90.9415
90.9415
90.9415
90.9415
90.9415
90.9415
90.9415
90.9415
90.9415
90.9415
90.9415
90.9415
90.9415
90.9415
90.9415
90.9415
90.9415
90.9415
90.9415
90.9415
90.9415
90.9415
90.9415
90.9415
90.9415
90.9415
90.9415
90.9415
90.9415
90.9415
90.9415
90.9415
90.9415
90.9415
90.9415
90.9415
90.9415
90.9415
90.9415
90.9415
90.9415
90.9415
90.9415
90.9415
90.9415
90.9415
90.9415
90.9415
90.9415
90.9415
90.9415
90.9415
90.9415
90.9415
90.9415
90.9415
90.9415
90.9415
90.9415
90.9415
90.9415
90.9415
90.9415
90.9415
90.9415
90.9415
90.9415
90.9415
90.9415
90.9415
90.9415
90.9415
90.9415
90.9415
90.9415
90.9415
90.9415
90.9415
90.9415
90.9415
90.9415
90.9415
90.9415
90.9415
90.9415
90.9415
90.9415
90.9415
90.9415
90.9415
90.9415
90.9415
90.9415
90.9415
90.9415
90.9415
90.9415
90.9415
90.9415
90.9415
90.9415
90.9415
90.9415
90.9415
90.9415
90.9415
90.9415
90.9415
90.9415
90.9415
90.9415
90.9415
90.9415
90.9415
90.9415
90.9415
90.9415
90.9415
90.9415
90.9415
90.9415
90.9415
90.9415
90.9415
90.9415
90.9415
90.9415
90.9415
90.9415
90.9415
90.9415
90.9415
90.9415
90.9415
90.9415
90.9415
90.9415
90.9415
90.9415
90.9415
90.9415
90.9415
90.9415
90.9415
90.9415
90.9415
90.9415
90.9415
90.9415
90.9415
90.9415
90.9415
90.9415
90.9415
90.9415
90.9415
90.9415
90.9415
90.9415
90.9415
90.9415
90.9415
90.9415
90.9415
90.9415
90.9415
90.9415
90.9415
90.9415
90.9415
90.9415
90.9415
90.9415
90.9415
90.9415
90.9415
90.9415
90.9415
90.9415
90.9415
90.9415
90.9415
90.9415
90.9415
90.9415
90.9415
90.9415
90.9415
90.9415
90.9415
90.9415
90.9415
90.9415
90.9415
90.9415
90.9415
90.9415
90.9415
90.9415
90.9415
90.9415
90.9415
90.9415
90.9415
90.9415
90.9415
90.9415
90.9415
90.9415
90.9415
90.9415
90.9415
90.9415
90.9415
90.9415
90.9415
90.9415
90.9415
90.9415
90.9415
90.9415
90.9415
90.9415
90.9415
90.9415
90.9415
90.9415
90.9415
90.9415
90.9415
90.9415
90.9415
90.9415
90.9415
90.9415
90.9415
90.9415
90.9415
90.9415
90.9415
90.9415
90.9415
90.9415
90.9415
90.9415
90.9415
90.9415
90.9415
90.9415
90.9415
90.9415
90.9415
90.9415
90.9415
90.9415
90.9415
90.9415
90.9415
90.9415
90.9415
90.9415
90.9415
90.9415
90.9415
90.9415
90.9415
90.9415
90.9415
90.9415
90.9415
90.9415
90.9415
90.9415
90.9415
90.9415
90.9415
90.9415
90.9415
90.9415
90.9415
90.9415
90.9415
90.9415
90.9415
90.9415
90.9415
90.9415
90.9415
90.9415
90.9415
90.9415
90.9415
90.9415
90.9415
90.9415
90.9415
90.9415
90.9415
90.9415
90.9415
90.9415
90.9415
90.9415
90.9415
90.9415
90.9415
90.9415
90.9415
90.9415
90.9415
90.9415
90.9415
90.9415
90.9415
90.9415
90.9415
90.9415
90.9415
90.9415
90.9415
90.9415
90.9415
90.9415
90.9415
90.9415
90.9415
90.9415
90.9415
90.9415
90.9415
90.9415
90.9415
90.9415
90.9415
90.9415
90.9415
90.9415
90.9415
90.9415
90.9415
90.9415
90.9415
90.9415
90.9415
90.9415
90.9415
90.9415
90.9415
90.9415
90.9415
90.9415
90.9415
90.9415
90.9415
90.9415
90.9415
90.9415
90.9415
90.9415
90.9415
90.9415
90.9415
90.9415
90.9415
90.9415
90.9415
90.9415
90.9415
90.9415
90.9415
90.9415
90.9415
90.9415
90.9415
90.9415
90.9415
90.9415
90.9415
90.9415
90.9415
90.9415
90.9415
90.9415
90.9415
90.9415
90.9415
90.9415
90.9415
90.9415
90.9415
90.9415
90.9415
90.9415
90.9415
90.9415
90.9415
90.9415
90.9415
90.9415
90.9415
90.9415
90.9415
90.9415
90.9415
90.9415
90.9415
90.9415
90.9415
90.9415
90.9415
90.9415
90.9415
90.9415
90.9415
90.9415
90.9415
90.9415
90.9415
90.9415
90.9415
90.9415
90.9415
90.9415
90.9415
90.9415
90.9415
90.9415
90.9415
90.9415
90.9415
90.9415
90.9415
90.9415
90.9415
90.9415
90.9415
90.9415
90.9415
90.9415
90.9415
90.9415
90.9415
90.9415
90.9415
90.9415
90.9415
90.9415
90.9415
90.9415
90.9415
90.9415
90.9415
90.9415
90.9415
