6.18964e+09
6.9332e+08
3.03186e+08
4.6777e+07
3.99558e+07
1.04729e+07
1.04729e+07
852388
852388
852388
321523
321523
321523
321523
220486
220486
220486
30546.3
30546.3
8192.63
7684.87
1621.67
1621.67
1621.67
1621.67
1621.67
1621.67
1621.67
1621.67
1621.67
1618.49
1132
1132
721.617
721.617
721.617
721.617
721.617
490.845
490.845
401.682
401.682
401.682
362.68
362.68
362.68
328.35
328.35
328.35
328.35
328.35
328.35
328.35
328.35
315.788
258.314
258.314
247.167
247.167
247.167
240.325
226.918
226.918
226.918
226.918
226.918
226.918
226.918
226.918
214.755
210.786
209.344
204.363
204.24
204.24
204.24
204.24
204.24
204.24
190.549
190.549
190.549
190.549
190.549
184.936
184.936
178.656
178.656
178.656
178.656
178.656
178.656
178.656
178.656
178.656
178.656
178.656
178.656
178.656
178.656
178.656
178.656
178.656
178.656
178.656
178.656
176.677
176.677
176.677
176.677
176.677
176.677
176.677
176.677
176.677
176.677
176.677
176.677
176.677
176.677
176.677
169.83
169.83
169.83
169.83
169.83
169.83
169.83
169.83
169.83
169.83
169.83
169.83
169.83
169.83
169.83
169.83
169.83
169.83
169.83
169.83
169.83
169.83
169.83
169.83
169.83
169.83
169.83
169.83
169.83
169.83
169.83
169.83
169.83
169.83
169.83
169.83
169.83
169.83
169.83
169.83
169.83
169.83
169.83
169.83
169.83
169.83
169.83
169.83
169.83
169.83
169.83
169.83
169.83
169.83
169.83
169.83
169.83
169.83
169.83
169.83
169.83
169.83
169.83
169.83
169.83
169.83
169.83
169.83
169.83
169.83
169.83
169.83
169.83
169.83
169.83
169.83
169.83
169.83
169.83
169.83
169.83
169.83
169.83
169.83
169.83
169.83
169.83
169.83
169.83
169.83
169.83
169.83
169.83
169.83
169.83
169.83
169.83
169.83
169.83
169.83
169.83
169.83
169.83
169.83
169.83
169.83
169.83
169.83
169.83
169.83
169.83
169.83
169.83
169.83
169.83
169.83
169.83
169.83
169.83
169.83
169.83
169.83
169.83
169.83
169.83
169.83
169.83
169.83
169.83
169.83
169.83
169.83
169.83
169.83
169.83
169.83
169.83
169.83
169.83
169.83
169.83
169.83
169.83
169.83
169.83
169.83
169.83
169.83
169.83
169.83
169.83
169.83
169.83
169.83
169.83
169.83
169.83
169.83
169.83
169.83
169.83
169.83
169.83
169.83
169.83
169.83
169.83
169.83
169.83
169.83
169.83
169.83
169.83
169.83
169.83
169.83
169.83
169.83
169.83
169.83
169.83
169.83
169.83
169.83
169.83
169.83
169.83
169.83
169.83
169.83
169.83
169.83
169.83
169.83
169.83
169.83
169.83
169.83
169.83
169.83
169.83
169.83
169.83
169.83
169.83
169.83
169.83
169.83
169.83
169.83
169.83
169.83
169.83
169.83
169.83
169.83
169.83
169.83
169.83
169.83
169.83
169.83
169.83
169.83
169.83
169.83
169.83
169.83
169.83
169.83
169.83
169.83
169.83
169.83
169.83
169.83
169.83
169.83
169.83
169.83
169.83
169.83
169.83
169.83
169.83
169.83
169.83
169.83
169.83
169.83
169.83
169.83
169.83
169.83
169.83
169.83
169.83
169.83
169.83
169.83
169.83
169.83
169.83
169.83
169.83
169.83
169.83
169.83
169.83
169.83
169.83
169.83
169.83
169.83
169.83
169.83
169.83
169.83
169.83
169.83
169.83
169.83
169.83
169.83
169.83
169.83
169.83
169.83
169.83
169.83
169.83
169.83
169.83
169.83
169.83
169.83
169.83
169.83
169.83
169.83
169.83
169.83
169.83
169.83
169.83
169.83
169.83
169.83
169.83
169.83
169.83
169.83
169.83
169.83
169.83
169.83
169.83
169.83
169.83
169.83
169.83
169.83
169.83
169.83
169.83
169.83
169.256
169.256
169.256
169.256
169.256
169.256
169.256
169.256
169.256
169.256
169.256
169.256
169.256
169.256
169.256
169.256
169.256
169.256
169.256
169.256
169.256
169.256
169.256
169.256
169.256
169.256
169.256
169.256
169.256
169.256
169.256
169.256
169.256
169.256
169.256
169.256
169.256
169.256
169.256
169.256
169.256
169.256
169.256
169.256
169.256
169.256
169.256
169.256
169.256
169.256
169.256
169.256
169.256
169.256
169.256
169.256
169.256
169.256
169.256
169.256
169.256
169.256
169.256
169.256
169.256
169.256
169.256
169.256
169.256
169.256
169.256
166.565
166.565
166.565
166.565
166.565
166.565
166.565
166.565
166.565
166.565
166.565
166.565
166.565
166.565
166.565
166.565
166.565
166.565
166.565
166.565
166.565
166.565
166.565
166.565
166.565
166.565
166.565
166.565
166.565
166.565
166.565
166.565
166.565
166.565
166.565
166.565
166.565
166.565
166.565
166.565
166.565
166.565
166.565
166.565
166.565
166.565
166.565
166.565
166.565
166.565
166.565
166.565
166.565
166.565
166.565
166.565
166.565
166.565
166.565
166.565
166.565
166.565
166.565
166.565
166.565
166.565
166.565
166.565
166.565
166.565
166.565
166.565
166.565
166.565
166.565
166.565
166.565
166.565
166.565
166.565
166.565
166.565
166.565
166.565
166.565
166.565
166.565
166.565
166.565
166.565
166.565
162.8
162.8
162.8
162.8
162.8
162.8
162.8
162.8
162.8
162.8
162.8
162.8
162.8
162.8
162.8
162.8
162.8
162.8
162.8
162.8
162.8
162.8
162.8
162.8
162.8
162.8
162.8
162.8
162.8
162.8
162.8
162.8
162.8
162.8
162.8
162.8
162.8
162.8
162.8
162.8
162.8
162.8
162.8
162.8
162.8
162.8
162.8
162.8
162.8
162.8
162.8
162.8
162.8
162.8
162.8
162.8
162.8
162.8
162.8
162.8
162.8
162.8
162.8
162.8
162.8
162.8
162.8
162.8
162.8
162.8
162.8
162.8
162.8
162.8
162.8
162.8
162.8
162.8
162.8
162.8
162.8
162.8
162.8
162.8
162.8
162.8
162.8
162.8
162.8
162.8
162.8
162.8
162.8
162.8
162.8
162.8
162.8
162.8
162.8
162.8
162.8
162.8
162.8
162.8
162.8
162.8
162.8
162.8
162.8
162.8
162.8
162.8
162.8
162.8
162.8
162.8
162.8
162.8
162.8
162.8
162.8
162.8
162.8
162.8
162.8
162.8
162.8
162.8
162.8
162.8
162.8
162.8
162.8
162.8
162.8
162.8
162.8
162.8
162.8
162.8
162.8
162.8
162.8
162.8
162.8
162.8
162.8
162.8
162.8
162.8
162.8
162.8
162.8
162.8
162.8
162.8
162.8
162.8
162.8
162.8
162.8
162.8
162.8
162.8
162.8
162.8
162.8
162.8
162.8
162.8
162.8
162.8
162.8
162.8
162.8
162.8
162.8
162.8
162.8
162.8
162.8
162.8
162.8
162.8
162.8
162.8
162.8
162.8
162.8
162.8
162.8
162.8
162.8
162.8
162.8
162.8
162.8
162.8
162.8
162.8
162.8
162.8
162.8
162.8
162.8
162.8
147.29
147.29
147.29
147.29
147.29
147.29
147.29
147.29
147.29
147.29
147.29
147.29
147.29
147.29
147.29
147.29
147.29
147.29
147.29
147.29
147.29
147.29
147.29
147.29
147.29
147.29
147.29
147.29
147.29
147.29
147.29
147.29
147.29
147.29
147.29
147.29
147.29
147.29
147.29
147.29
147.29
147.29
147.29
147.29
147.29
147.29
147.29
147.29
147.29
147.29
147.29
147.29
147.29
147.29
147.29
147.29
147.29
147.29
147.29
147.29
147.29
147.29
147.29
147.29
147.29
147.29
147.29
147.29
147.29
147.29
147.29
147.29
147.29
147.29
147.29
147.29
147.29
147.29
147.29
147.29
147.29
147.29
147.29
147.29
147.29
147.29
147.29
147.29
147.29
147.29
147.29
147.29
147.29
147.29
147.29
147.29
147.29
147.29
147.29
147.29
147.29
147.29
147.29
147.29
147.29
147.29
147.29
147.29
147.29
147.29
147.29
147.29
147.29
147.29
147.29
147.29
147.29
147.29
147.29
147.29
147.29
147.29
147.29
147.29
147.29
147.29
147.29
147.29
147.29
147.29
147.29
147.29
147.29
147.29
147.29
147.29
147.29
147.29
147.29
147.29
147.29
147.29
147.29
147.29
147.29
147.29
147.29
147.29
147.29
147.29
147.29
147.29
147.29
147.29
147.29
147.29
147.29
147.29
147.29
147.29
147.29
147.29
147.29
147.29
147.29
147.29
147.29
147.29
147.29
147.29
147.29
147.29
147.29
147.29
147.29
147.29
147.29
147.29
147.29
147.29
147.29
147.29
147.29
147.29
147.29
147.29
147.29
147.29
147.29
147.29
147.29
147.29
147.29
147.29
147.29
147.29
147.29
147.29
147.29
147.29
147.29
147.29
147.29
147.29
147.29
147.29
147.29
147.29
147.29
147.29
147.29
147.29
147.29
147.29
147.29
147.29
147.29
147.29
147.29
147.29
147.29
147.29
147.29
147.29
147.29
147.29
147.29
147.29
147.29
147.29
147.29
147.29
147.29
147.29
147.29
147.29
147.29
147.29
147.29
147.29
147.29
147.29
147.29
147.29
147.29
147.29
147.29
147.29
147.29
147.29
147.29
147.29
147.29
147.29
147.29
147.29
147.29
147.29
147.29
147.29
147.29
147.29
147.29
147.29
147.29
147.29
147.29
147.29
147.29
147.29
147.29
147.29
147.29
147.29
147.29
147.29
147.29
147.29
147.29
147.29
147.29
147.29
147.29
147.29
147.29
147.29
147.29
147.29
147.29
147.29
147.29
147.29
147.29
147.29
147.29
147.29
147.29
147.29
147.29
147.29
147.29
147.29
147.29
147.29
147.29
147.29
147.29
147.29
147.29
147.29
147.29
147.29
147.29
147.29
147.29
147.29
147.29
147.29
147.29
147.29
147.29
147.29
147.29
147.29
147.29
147.29
147.29
147.29
147.29
147.29
147.29
147.29
147.29
147.29
147.29
147.29
147.29
147.29
147.29
147.29
147.29
147.29
147.29
147.29
147.29
147.29
147.29
147.29
147.29
147.29
147.29
147.29
147.29
147.29
147.29
147.29
147.29
147.29
147.29
147.29
147.29
147.29
147.29
147.29
147.29
147.29
147.29
147.29
147.29
147.29
147.29
147.29
147.29
147.29
147.29
147.29
147.29
147.29
147.29
147.29
147.29
147.29
147.29
147.29
147.29
147.29
147.29
147.29
147.29
147.29
147.29
147.29
147.29
147.29
147.29
147.29
147.29
147.29
147.29
147.29
147.29
147.29
147.29
147.29
147.29
147.29
147.29
147.29
147.29
147.29
147.29
147.29
147.29
147.29
147.29
147.29
147.29
147.29
147.29
147.29
147.29
147.29
147.29
147.29
147.29
147.29
147.29
147.29
147.29
147.29
147.29
147.29
147.29
147.29
147.29
147.29
147.29
147.29
147.29
147.29
147.29
147.29
147.29
147.29
147.29
147.29
147.29
147.29
147.29
147.29
147.29
147.29
147.29
147.29
147.29
147.29
147.29
147.29
147.29
147.29
147.29
147.29
147.29
147.29
147.29
147.29
147.29
147.29
147.29
147.29
147.29
147.29
147.29
147.29
147.29
147.29
147.29
147.29
147.29
147.29
147.29
147.29
147.29
147.29
147.29
147.29
147.29
147.29
147.29
147.29
147.29
147.29
147.29
147.29
147.29
147.29
147.29
147.29
147.29
147.29
147.29
147.29
147.29
147.29
147.29
147.29
147.29
147.29
147.29
147.29
147.29
147.29
147.29
147.29
147.29
147.29
147.29
147.29
147.29
147.29
147.29
147.29
147.29
147.29
147.29
147.29
147.29
147.29
147.29
147.29
147.29
147.29
147.29
147.29
147.29
147.29
147.29
147.29
147.29
147.29
147.29
147.29
147.29
147.29
147.29
147.29
147.29
147.29
147.29
147.29
147.29
147.29
147.29
147.29
147.29
147.29
147.29
147.29
147.29
147.29
147.29
147.29
147.29
147.29
147.29
147.29
147.29
147.29
147.29
147.29
147.29
147.29
147.29
147.29
147.29
147.29
147.29
147.29
147.29
147.29
147.29
147.29
147.29
147.29
147.29
147.29
147.29
147.29
147.29
147.29
147.29
147.29
147.29
147.29
147.29
147.29
147.29
147.29
147.29
147.29
147.29
147.29
147.29
147.29
147.29
147.29
147.29
147.29
147.29
147.29
147.29
147.29
147.29
147.29
147.29
147.29
147.29
147.29
147.29
147.29
147.29
147.29
147.29
147.29
147.29
147.29
147.29
147.29
147.29
147.29
147.29
147.29
147.29
147.29
147.29
147.29
147.29
147.29
147.29
147.29
147.29
147.29
147.29
147.29
147.29
147.29
147.29
147.29
147.29
147.29
147.29
147.29
147.29
147.29
147.29
147.29
147.29
147.29
147.29
147.29
147.29
147.29
147.29
147.29
147.29
147.29
147.29
147.29
147.29
147.29
147.29
147.29
147.29
147.29
147.29
147.29
147.29
147.29
147.29
147.29
147.29
147.29
147.29
147.29
147.29
147.29
147.29
147.29
147.29
147.29
147.29
147.29
147.29
147.29
147.29
147.29
147.29
147.29
147.29
147.29
147.29
147.29
147.29
147.29
147.29
147.29
147.29
147.29
147.29
147.29
147.29
147.29
147.29
147.29
147.29
147.29
147.29
147.29
147.29
147.29
147.29
147.29
147.29
147.29
147.29
147.29
147.29
147.29
147.29
147.29
147.29
147.29
147.29
147.29
147.29
147.29
147.29
147.29
147.29
147.29
147.29
147.29
147.29
147.29
147.29
147.29
147.29
147.29
147.29
147.29
147.29
147.29
147.29
147.29
147.29
147.29
147.29
147.29
147.29
147.29
147.29
147.29
147.29
147.29
147.29
147.29
147.29
147.29
147.29
147.29
147.29
147.29
147.29
147.29
147.29
147.29
147.29
147.29
147.29
147.29
147.29
147.29
147.29
147.29
147.29
147.29
147.29
147.29
147.29
147.29
147.29
147.29
147.29
147.29
147.29
147.29
147.29
147.29
147.29
147.29
147.29
147.29
147.29
147.29
147.29
147.29
147.29
147.29
147.29
147.29
147.29
147.29
147.29
147.29
147.29
147.29
147.29
147.29
147.29
147.29
147.29
147.29
147.29
147.29
147.29
147.29
147.29
147.29
147.29
147.29
147.29
147.29
147.29
147.29
147.29
147.29
147.29
147.29
147.29
147.29
147.29
147.29
147.29
147.29
147.29
147.29
147.29
147.29
147.29
147.29
147.29
147.29
147.29
147.29
147.29
147.29
147.29
147.29
147.29
147.29
147.29
147.29
147.29
147.29
147.29
147.29
147.29
147.29
147.29
147.29
147.29
147.29
147.29
147.29
147.29
147.29
147.29
147.29
147.29
147.29
147.29
147.29
147.29
147.29
147.29
147.29
147.29
147.29
147.29
147.29
147.29
147.29
147.29
147.29
147.29
147.29
147.29
147.29
147.29
147.29
147.29
147.29
147.29
147.29
147.29
147.29
147.29
147.29
147.29
147.29
147.29
147.29
147.29
147.29
147.29
147.29
147.29
147.29
147.29
147.29
147.29
147.29
147.29
147.29
147.29
147.29
147.29
147.29
147.29
147.29
147.29
147.29
147.29
147.29
147.29
147.29
147.29
147.29
147.29
147.29
147.29
147.29
147.29
147.29
147.29
147.29
147.29
147.29
147.29
147.29
147.29
147.29
147.29
147.29
147.29
147.29
147.29
147.29
147.29
147.29
147.29
147.29
147.29
147.29
147.29
147.29
147.29
147.29
147.29
147.29
147.29
147.29
147.29
147.29
147.29
147.29
147.29
147.29
147.29
147.29
147.29
147.29
147.29
147.29
147.29
147.29
147.29
147.29
147.29
147.29
147.29
147.29
147.29
147.29
147.29
147.29
147.29
147.29
147.29
147.29
147.29
147.29
147.29
147.29
147.29
147.29
147.29
147.29
147.29
147.29
147.29
147.29
147.29
147.29
147.29
147.29
147.29
147.29
147.29
147.29
147.29
147.29
147.29
147.29
147.29
147.29
147.29
147.29
147.29
147.29
147.29
147.29
147.29
147.29
147.29
147.29
147.29
147.29
147.29
147.29
147.29
147.29
147.29
147.29
147.29
147.29
147.29
147.29
147.29
147.29
147.29
147.29
147.29
147.29
147.29
147.29
147.29
147.29
147.29
147.29
147.29
147.29
147.29
147.29
147.29
147.29
147.29
147.29
147.29
147.29
147.29
147.29
147.29
147.29
147.29
147.29
147.29
147.29
147.29
147.29
147.29
147.29
147.29
147.29
147.29
147.29
147.29
147.29
147.29
147.29
147.29
147.29
147.29
147.29
147.29
147.29
147.29
147.29
147.29
147.29
147.29
147.29
147.29
147.29
147.29
147.29
147.29
147.29
147.29
147.29
147.29
147.29
147.29
147.29
147.29
147.29
147.29
147.29
147.29
147.29
147.29
147.29
147.29
147.29
147.29
147.29
147.29
147.29
147.29
147.29
147.29
147.29
147.29
147.29
147.29
147.29
147.29
147.29
147.29
147.29
147.29
147.29
147.29
147.29
147.29
147.29
147.29
147.29
147.29
147.29
147.29
147.29
147.29
147.29
147.29
147.29
147.29
147.29
147.29
147.29
147.29
147.29
147.29
147.29
147.29
147.29
147.29
147.29
147.29
147.29
147.29
147.29
147.29
147.29
147.29
147.29
147.29
147.29
147.29
147.29
147.29
147.29
147.29
147.29
147.29
147.29
147.29
147.29
147.29
147.29
147.29
147.29
147.29
147.29
147.29
147.29
147.29
147.29
147.29
147.29
147.29
147.29
147.29
147.29
147.29
147.29
147.29
147.29
147.29
147.29
147.29
147.29
147.29
147.29
147.29
147.29
147.29
147.29
147.29
147.29
147.29
147.29
147.29
147.29
147.29
147.29
147.29
147.29
147.29
147.29
147.29
147.29
147.29
147.29
147.29
147.29
147.29
147.29
147.29
147.29
147.29
147.29
147.29
147.29
147.29
147.29
147.29
147.29
147.29
147.29
147.29
147.29
147.29
147.29
147.29
147.29
147.29
147.29
147.29
147.29
147.29
147.29
147.29
147.29
147.29
147.29
147.29
147.29
147.29
147.29
147.29
147.29
147.29
147.29
147.29
147.29
147.29
147.29
147.29
147.29
147.29
147.29
147.29
147.29
147.29
147.29
147.29
147.29
147.29
147.29
147.29
147.29
147.29
147.29
147.29
147.29
147.29
147.29
147.29
147.29
147.29
147.29
147.29
147.29
147.29
147.29
147.29
147.29
147.29
147.29
147.29
147.29
147.29
147.29
147.29
147.29
147.29
147.29
147.29
147.29
147.29
147.29
147.29
147.29
147.29
147.29
147.29
147.29
147.29
147.29
147.29
147.29
147.29
147.29
147.29
147.29
147.29
147.29
147.29
147.29
147.29
147.29
147.29
147.29
147.29
147.29
147.29
147.29
147.29
147.29
147.29
147.29
147.29
147.29
147.29
147.29
147.29
143.29
143.29
143.29
143.29
143.29
143.29
117.784
117.784
117.784
117.784
117.784
117.784
117.784
117.784
117.784
117.784
117.784
117.784
117.784
117.784
117.784
117.784
117.784
117.784
117.784
117.784
117.784
117.784
117.784
117.784
117.784
117.784
117.784
117.784
117.784
117.784
117.784
117.784
117.784
117.784
117.784
117.784
117.784
117.784
117.784
117.784
117.784
117.784
117.784
117.784
117.784
117.784
117.784
117.784
117.784
117.784
117.784
117.784
117.784
117.784
117.784
117.784
117.784
117.784
117.784
117.784
117.784
117.784
117.784
117.784
117.784
117.784
117.784
117.784
117.784
117.784
117.784
117.784
117.784
117.784
115.704
111.71
111.71
111.71
110.507
107.029
107.029
107.029
107.029
107.029
107.029
107.029
107.029
107.029
107.029
107.029
107.029
107.029
107.029
107.029
106.459
105.922
105.774
105.343
104.865
104.702
104.647
104.352
103.952
103.77
103.46
103.454
103.302
103.288
103.288
103.288
103.252
103.221
103.221
103.221
103.203
103.175
103.169
103.158
103.143
103.111
103.111
103.111
103.111
103.111
103.111
103.111
103.111
103.111
103.111
103.106
103.104
103.104
103.104
103.104
103.104
103.104
103.104
103.104
103.104
103.102
103.097
103.096
103.093
103.092
103.092
103.09
103.088
103.087
103.086
103.086
103.086
103.086
103.086
103.086
103.086
103.086
103.086
103.086
103.086
103.086
103.086
103.086
103.086
103.086
103.086
103.086
103.086
103.086
103.086
103.086
103.086
103.085
103.085
103.085
103.085
103.085
103.085
103.085
103.085
103.085
103.085
103.085
103.085
103.085
103.085
103.085
103.085
103.085
103.085
103.085
103.085
103.085
103.085
103.085
103.085
103.085
103.085
103.085
103.085
103.085
103.085
103.085
103.085
103.085
103.085
103.085
103.085
103.085
103.085
103.085
103.085
103.085
103.085
103.085
103.085
103.085
103.085
103.085
103.085
103.085
103.085
103.085
103.085
103.085
103.085
103.085
103.085
103.085
103.085
103.085
103.085
103.085
103.085
103.085
103.085
103.085
103.085
103.085
103.085
103.085
103.085
103.085
103.085
103.085
103.085
103.085
103.085
103.085
103.085
103.085
103.085
103.085
103.085
103.085
103.085
103.085
103.085
103.085
103.085
103.085
103.085
103.085
103.085
103.085
103.085
103.085
103.085
103.085
103.085
103.085
103.085
103.085
103.085
103.085
103.085
103.085
103.085
103.085
103.085
103.085
103.085
103.085
103.085
103.085
103.085
103.085
103.085
103.085
103.085
103.085
103.085
103.085
103.085
103.085
103.085
103.085
103.085
103.085
103.085
103.085
103.085
103.085
103.085
103.085
103.085
103.085
103.085
103.085
103.085
103.085
103.085
103.085
103.085
103.085
103.085
103.085
103.085
103.085
103.085
103.085
103.085
103.085
103.085
103.085
103.085
103.085
103.085
103.085
103.085
103.085
103.085
103.085
103.085
103.085
103.085
103.085
103.085
103.085
103.085
103.085
103.085
103.085
103.085
103.085
103.085
103.085
103.085
103.085
103.085
103.085
103.085
103.085
103.085
103.085
103.085
103.085
103.085
103.085
103.085
103.085
103.085
103.085
103.085
103.085
103.085
103.085
103.085
103.085
103.085
103.085
103.085
103.085
103.085
103.085
103.085
103.085
103.085
103.085
103.085
103.085
103.085
103.085
103.085
103.085
103.085
103.085
103.085
103.085
103.085
103.085
103.085
103.085
103.085
103.085
103.085
103.085
103.085
103.085
103.085
103.085
103.085
103.085
103.085
103.085
103.085
103.085
103.085
103.085
103.085
103.085
103.085
103.085
103.085
103.085
103.085
103.085
103.085
103.085
103.085
103.085
103.085
103.085
103.085
103.085
103.085
103.085
103.085
103.085
103.085
103.085
103.085
103.085
103.085
103.085
103.085
103.085
103.085
103.085
103.085
103.085
103.085
103.085
103.085
103.085
103.085
103.085
103.085
103.085
103.085
103.085
103.085
103.085
103.085
103.085
103.085
103.085
103.085
103.085
103.085
103.085
103.085
103.085
103.085
103.085
103.085
103.085
103.085
103.085
103.085
103.085
103.085
103.085
103.085
103.085
103.085
103.085
103.085
103.085
103.085
103.085
103.085
103.085
103.085
103.085
103.085
103.085
103.085
103.085
103.085
103.085
103.085
103.085
103.085
103.085
103.085
103.085
103.085
103.085
103.085
103.085
103.085
103.085
103.085
103.085
103.085
103.085
103.085
103.085
103.085
103.085
103.085
103.085
103.085
103.085
103.085
103.085
103.085
103.085
103.085
103.085
103.085
103.085
103.085
103.085
103.085
103.085
103.085
103.085
103.085
103.085
103.085
103.085
103.085
103.085
103.085
103.085
103.085
103.085
103.085
103.085
103.085
103.085
103.085
103.085
103.085
103.085
103.085
103.085
103.085
103.085
103.085
103.085
103.085
103.085
103.085
103.085
103.085
103.085
103.085
103.085
103.085
103.085
103.085
103.085
103.085
103.085
103.085
103.085
103.085
103.085
103.085
103.085
103.085
103.085
103.085
103.085
103.085
103.085
103.085
103.085
103.085
103.085
103.085
103.085
103.085
103.085
103.085
103.085
103.085
103.085
103.085
103.085
103.085
103.085
103.085
103.085
103.085
103.085
103.085
103.085
103.085
103.085
103.085
103.085
103.085
103.085
103.085
103.085
103.085
103.085
103.085
103.085
103.085
103.085
103.085
103.085
103.085
103.085
103.085
103.085
103.085
103.085
103.085
103.085
103.085
103.085
103.085
103.085
103.085
103.085
103.085
103.085
103.085
103.085
103.085
103.085
103.085
103.085
103.085
103.085
103.085
103.085
103.085
103.085
103.085
103.085
103.085
103.085
103.085
103.085
103.085
103.085
103.085
103.085
103.085
103.085
103.085
103.085
103.085
103.085
103.085
103.085
103.085
103.085
103.085
103.085
103.085
103.085
103.085
103.085
103.085
103.085
103.085
103.085
103.085
103.085
103.085
103.085
103.085
103.085
103.085
103.085
103.085
103.085
103.085
103.085
103.085
103.085
103.085
103.085
103.085
103.085
103.085
103.085
103.085
103.085
103.085
103.085
103.085
103.085
103.085
103.085
103.085
103.085
103.085
103.085
103.085
103.085
103.085
103.085
103.085
103.085
103.085
103.085
103.085
103.085
103.085
103.085
103.085
103.085
103.085
103.085
103.085
103.085
103.085
103.085
103.085
103.085
103.085
103.085
103.085
103.085
103.085
103.085
103.085
103.085
103.085
103.085
103.085
103.085
103.085
103.085
103.085
103.085
103.085
103.085
103.085
103.085
103.085
103.085
103.085
103.085
103.085
103.085
103.085
103.085
103.085
103.085
103.085
103.085
103.085
103.085
103.085
103.085
103.085
103.085
103.085
103.085
103.085
103.085
103.085
103.085
103.085
103.085
103.085
103.085
103.085
103.085
103.085
103.085
103.085
103.085
103.085
103.085
103.085
103.085
103.085
103.085
103.085
103.085
103.085
103.085
103.085
103.085
103.085
103.085
103.085
103.085
103.085
103.085
103.085
103.085
103.085
103.085
103.085
103.085
103.085
103.085
103.085
103.085
103.085
103.085
103.085
103.085
103.085
103.085
103.085
103.085
103.085
103.085
103.085
103.085
103.085
103.085
103.085
103.085
103.085
103.085
103.085
103.085
103.085
103.085
103.085
103.085
103.085
103.085
103.085
103.085
103.085
103.085
103.085
103.085
103.085
103.085
103.085
103.085
103.085
103.085
103.085
103.085
103.085
103.085
103.085
103.085
103.085
103.085
103.085
103.085
103.085
103.085
103.085
103.085
103.085
103.085
103.085
103.085
103.085
103.085
103.085
103.085
103.085
103.085
103.085
103.085
103.085
103.085
103.085
103.085
103.085
103.085
103.085
103.085
103.085
103.085
103.085
103.085
103.085
103.085
103.085
103.085
103.085
103.085
103.085
103.085
103.085
103.085
103.085
103.085
103.085
103.085
103.085
103.085
103.085
103.085
103.085
103.085
103.085
103.085
103.085
103.085
103.085
103.085
103.085
103.085
103.085
103.085
103.085
103.085
103.085
103.085
103.085
103.085
103.085
103.085
103.085
103.085
103.085
103.085
103.085
103.085
103.085
103.085
103.085
103.085
103.085
103.085
103.085
103.085
103.085
103.085
103.085
103.085
103.085
103.085
103.085
103.085
103.085
103.085
103.085
103.085
103.085
103.085
103.085
103.085
103.085
103.085
103.085
103.085
103.085
103.085
103.085
103.085
103.085
103.085
103.085
103.085
103.085
103.085
103.085
103.085
103.085
103.085
103.085
103.085
103.085
103.085
103.085
103.085
103.085
103.085
103.085
103.085
103.085
103.085
103.085
103.085
103.085
103.085
103.085
103.085
103.085
103.085
103.085
103.085
103.085
103.085
103.085
103.085
103.085
103.085
103.085
103.085
103.085
103.085
103.085
103.085
103.085
103.085
103.085
103.085
103.085
103.085
103.085
103.085
103.085
103.085
103.085
103.085
103.085
103.085
103.085
103.085
103.085
103.085
103.085
103.085
103.085
103.085
103.085
103.085
103.085
103.085
103.085
103.085
103.085
103.085
103.085
103.085
103.085
103.085
103.085
103.085
103.085
103.085
103.085
103.085
103.085
103.085
103.085
103.085
103.085
103.085
103.085
103.085
103.085
103.085
103.085
103.085
103.085
103.085
103.085
103.085
103.085
103.085
103.085
103.085
103.085
103.085
103.085
103.085
103.085
103.085
103.085
103.085
103.085
103.085
103.085
103.085
103.085
103.085
103.085
103.085
103.085
103.085
103.085
103.085
103.085
103.085
103.085
103.085
103.085
103.085
103.085
103.085
103.085
103.085
103.085
103.085
103.085
103.085
103.085
103.085
103.085
103.085
103.085
103.085
103.085
103.085
103.085
103.085
103.085
103.085
103.085
103.085
103.085
103.085
103.085
103.085
103.085
103.085
103.085
103.085
103.085
103.085
103.085
103.085
103.085
103.085
103.085
103.085
103.085
103.085
103.085
103.085
103.085
103.085
103.085
103.085
103.085
103.085
103.085
103.085
103.085
103.085
103.085
103.085
103.085
103.085
103.085
103.085
103.085
103.085
103.085
103.085
103.085
103.085
103.085
103.085
103.085
103.085
103.085
103.085
103.085
103.085
103.085
103.085
103.085
103.085
103.085
103.085
103.085
103.085
103.085
103.085
103.085
103.085
103.085
103.085
103.085
103.085
103.085
103.085
103.085
103.085
103.085
103.085
103.085
103.085
103.085
103.085
103.085
103.085
103.085
103.085
103.085
103.085
103.085
103.085
103.085
103.085
103.085
103.085
103.085
103.085
103.085
103.085
103.085
103.085
103.085
103.085
103.085
103.085
103.085
103.085
103.085
103.085
103.085
103.085
103.085
103.085
103.085
103.085
103.085
103.085
103.085
103.085
103.085
103.085
103.085
103.085
103.085
103.085
103.085
103.085
103.085
103.085
103.085
103.085
103.085
103.085
103.085
103.085
103.085
103.085
103.085
103.085
103.085
103.085
103.085
103.085
103.085
103.085
103.085
103.085
103.085
103.085
103.085
103.085
103.085
103.085
103.085
103.085
103.085
103.085
103.085
103.085
103.085
103.085
103.085
103.085
103.085
103.085
103.085
103.085
103.085
103.085
103.085
103.085
103.085
103.085
103.085
103.085
103.085
103.085
103.085
103.085
103.085
103.085
103.085
103.085
103.085
103.085
103.085
103.085
103.085
103.085
103.085
103.085
103.085
103.085
103.085
103.085
103.085
103.085
103.085
103.085
103.085
103.085
103.085
103.085
103.085
103.085
103.085
103.085
103.085
103.085
103.085
103.085
103.085
103.085
103.085
103.085
103.085
103.085
103.085
103.085
103.085
103.085
103.085
103.085
103.085
103.085
103.085
103.085
103.085
103.085
103.085
103.085
103.085
103.085
103.085
103.085
103.085
103.085
103.085
103.085
103.085
103.085
103.085
103.085
103.085
103.085
103.085
103.085
103.085
103.085
103.085
103.085
103.085
103.085
103.085
103.085
103.085
103.085
103.085
103.085
103.085
103.085
103.085
103.085
103.085
103.085
103.085
103.085
103.085
103.085
103.085
103.085
103.085
103.085
103.085
103.085
103.085
103.085
103.085
103.085
103.085
103.085
103.085
103.085
103.085
103.085
103.085
103.085
103.085
103.085
103.085
103.085
103.085
103.085
103.085
103.085
103.085
103.085
103.085
103.085
103.085
103.085
103.085
103.085
103.085
103.085
103.085
103.085
103.085
103.085
103.085
103.085
103.085
103.085
103.085
103.085
103.085
103.085
103.085
103.085
103.085
103.085
103.085
103.085
103.085
103.085
103.085
103.085
103.085
103.085
103.085
103.085
103.085
103.085
103.085
103.085
103.085
103.085
103.085
103.085
103.085
103.085
103.085
103.085
103.085
103.085
103.085
103.085
103.085
103.085
103.085
103.085
103.085
103.085
103.085
103.085
103.085
103.085
103.085
103.085
103.085
103.085
103.085
103.085
103.085
103.085
103.085
103.085
103.085
103.085
103.085
103.085
103.085
103.085
103.085
103.085
103.085
103.085
103.085
103.085
103.085
103.085
103.085
103.085
103.085
103.085
103.085
103.085
103.085
103.085
103.085
103.085
103.085
103.085
103.085
103.085
103.085
103.085
103.085
103.085
103.085
103.085
103.085
103.085
103.085
103.085
103.085
103.085
103.085
103.085
103.085
103.085
103.085
103.085
103.085
103.085
103.085
103.085
103.085
103.085
103.085
103.085
103.085
103.085
103.085
103.085
103.085
103.085
103.085
103.085
103.085
103.085
103.085
103.085
103.085
103.085
103.085
103.085
103.085
103.085
103.085
103.085
103.085
103.085
103.085
103.085
103.085
103.085
103.085
103.085
103.085
103.085
103.085
103.085
103.085
103.085
103.085
103.085
103.085
103.085
103.085
103.085
103.085
103.085
103.085
103.085
103.085
103.085
103.085
103.085
103.085
103.085
103.085
103.085
103.085
103.085
103.085
103.085
103.085
103.085
103.085
90.3738
86.6691
73.29
73.29
68.7838
54.0348
53.4369
41.8619
34.4693
23.2109
17.742
17.742
17.6652
13.8263
13.4209
4.66137
4.66137
4.66137
4.66137
4.66137
4.66137
2.0622
2.0622
2.0622
2.0622
2.0622
1.01302
0.785965
0.307781
0.307781
0.307438
0.0936659
0.0936659
0.0712118
0.0712118
0.0712118
0.0486637
0.0486637
0.0486637
0.0486637
0.0301828
0.0301828
0.0237878
0.0156512
0.0156512
0.0156512
0.0145968
0.00751125
0.0030789
0.0030789
0.00304692
0.00181293
0.00181293
0.00181293
0.00181064
0.000933708
0.00023697
0.00023697
0.00023697
0.000164435
0.00015163
5.81223e-05
5.81223e-05
5.53055e-05
1.61629e-05
1.25334e-05
9.15294e-06
7.42228e-06
7.42228e-06
7.42228e-06
7.42228e-06
7.42228e-06
7.42228e-06
7.21418e-06
7.21418e-06
4.40188e-06
3.93742e-06
3.87847e-06
3.87847e-06
1.95934e-06
1.66649e-07
1.66649e-07
1.66649e-07
1.66649e-07
1.66649e-07
1.61924e-07
1.61924e-07
1.60326e-07
1.60326e-07
1.60326e-07
7.57231e-08
7.26875e-08
3.89439e-08
2.46757e-08
2.46757e-08
2.46757e-08
1.6633e-08
1.36918e-08
1.36918e-08
1.25568e-08
5.96271e-09
5.75322e-09
5.75322e-09
5.75322e-09
5.75322e-09
5.75322e-09
5.75322e-09
5.75322e-09
5.75322e-09
5.75322e-09
5.75322e-09
5.75322e-09
5.75322e-09
5.75322e-09
5.75322e-09
5.75322e-09
5.75322e-09
5.75322e-09
5.75322e-09
5.75322e-09
5.75322e-09
5.75322e-09
5.75322e-09
5.75322e-09
5.75322e-09
5.75322e-09
5.75322e-09
5.75322e-09
5.75322e-09
5.75322e-09
5.75322e-09
5.75322e-09
5.75322e-09
5.75322e-09
5.75322e-09
5.75322e-09
5.75322e-09
5.75322e-09
5.75322e-09
5.75322e-09
5.75322e-09
5.75322e-09
5.75322e-09
5.75322e-09
5.75322e-09
5.75322e-09
5.75322e-09
5.75322e-09
5.75322e-09
5.75322e-09
5.75322e-09
5.75322e-09
5.75322e-09
5.75322e-09
5.75322e-09
5.75322e-09
5.75322e-09
5.75322e-09
5.75322e-09
5.75322e-09
5.75322e-09
5.75322e-09
5.75322e-09
5.75322e-09
5.75322e-09
5.75322e-09
5.75322e-09
5.75322e-09
5.75322e-09
5.75322e-09
5.75322e-09
5.75322e-09
5.75322e-09
5.75322e-09
5.75322e-09
5.75322e-09
5.75322e-09
5.75322e-09
5.75322e-09
5.75322e-09
5.75322e-09
5.75322e-09
5.75322e-09
5.75322e-09
5.75322e-09
5.75322e-09
5.75322e-09
5.75322e-09
5.75322e-09
5.75322e-09
5.75322e-09
5.75322e-09
5.75322e-09
5.75322e-09
5.75322e-09
5.75322e-09
5.75322e-09
5.75322e-09
5.75322e-09
5.75322e-09
5.75322e-09
5.75322e-09
5.75322e-09
5.75322e-09
5.75322e-09
5.75322e-09
5.75322e-09
5.75322e-09
5.75322e-09
5.75322e-09
5.75322e-09
5.75322e-09
5.75322e-09
5.75322e-09
5.75322e-09
5.75322e-09
5.75322e-09
5.75322e-09
5.75322e-09
5.75322e-09
5.75322e-09
5.75322e-09
5.75322e-09
5.75322e-09
5.75322e-09
5.75322e-09
5.75322e-09
5.75322e-09
5.75322e-09
5.75322e-09
5.75322e-09
5.75322e-09
5.75322e-09
5.75322e-09
5.75322e-09
5.75322e-09
5.75322e-09
5.75322e-09
5.75322e-09
5.75322e-09
5.75322e-09
5.75322e-09
5.75322e-09
5.75322e-09
5.75322e-09
5.75322e-09
5.75322e-09
5.75322e-09
5.75322e-09
5.75322e-09
5.75322e-09
5.75322e-09
5.75322e-09
5.75322e-09
5.75322e-09
5.75322e-09
5.75322e-09
5.75322e-09
5.75322e-09
5.75322e-09
5.75322e-09
5.75322e-09
5.75322e-09
5.75322e-09
5.75322e-09
5.75322e-09
5.75322e-09
5.75322e-09
5.75322e-09
5.75322e-09
5.75322e-09
