36019.7
193.556
31.4941
31.4941
31.4941
31.4941
31.4941
22.0285
22.0285
22.0285
22.0285
20.7902
20.7902
20.7902
20.7902
20.7902
20.7902
20.7902
20.7902
20.7902
20.7902
20.7902
18.2805
18.2805
18.2805
18.2805
18.2805
18.2805
18.2805
18.2805
17.9384
17.9384
17.9384
17.4152
17.4152
17.4152
17.4152
16.9751
16.9751
16.9751
16.9751
16.9751
16.9751
16.9751
16.9751
15.0009
15.0009
15.0009
15.0009
15.0009
15.0009
15.0009
15.0009
15.0009
15.0009
15.0009
15.0009
15.0009
15.0009
15.0009
15.0009
15.0009
15.0009
15.0009
15.0009
15.0009
15.0009
15.0009
15.0009
15.0009
15.0009
15.0009
15.0009
15.0009
15.0009
15.0009
15.0009
15.0009
15.0009
13.7144
13.7144
13.2463
13.2463
13.2463
13.2463
13.2463
12.8683
12.8683
12.8683
11.1399
11.1399
10.8797
10.8797
10.8797
10.8797
10.8797
10.8797
10.8797
10.8797
10.8797
10.8797
10.8797
10.8797
10.8797
10.8797
10.8797
10.8797
10.8797
10.8797
10.8797
10.8797
10.8797
10.8797
10.8797
10.8797
10.8797
10.8797
10.8797
10.8797
10.8797
10.8797
10.8797
10.8797
10.8797
10.8797
10.8797
10.8797
10.8797
10.8797
10.8797
10.8797
10.8797
10.8797
10.8797
10.8797
10.8797
10.8797
10.8797
10.8797
10.8797
10.8797
10.8797
10.8797
10.8797
10.8797
10.8797
10.8797
10.8797
10.8797
10.8797
10.8797
10.8797
10.6755
9.21011
9.21011
9.21011
9.21011
9.21011
9.21011
9.21011
9.21011
9.21011
9.21011
9.21011
9.21011
9.21011
9.21011
9.21011
9.21011
9.21011
9.21011
9.21011
9.21011
9.21011
9.21011
9.21011
9.21011
9.21011
9.21011
9.21011
9.21011
9.21011
9.21011
9.21011
9.21011
9.21011
9.21011
9.21011
9.21011
9.21011
9.21011
9.21011
9.21011
9.21011
9.21011
9.21011
9.21011
9.21011
9.21011
9.21011
9.21011
9.21011
9.21011
9.21011
9.21011
9.21011
9.21011
9.21011
9.21011
9.21011
9.21011
9.21011
9.21011
9.21011
9.21011
9.21011
9.21011
9.21011
9.21011
9.21011
9.21011
9.21011
9.21011
9.21011
9.21011
9.21011
9.21011
9.21011
9.21011
9.21011
9.21011
9.21011
9.21011
9.21011
9.21011
9.21011
9.21011
9.21011
9.21011
9.21011
9.21011
9.21011
9.21011
9.21011
9.21011
9.21011
9.21011
9.21011
9.21011
9.21011
9.21011
9.21011
9.21011
9.21011
9.21011
9.21011
9.21011
9.21011
9.21011
9.21011
9.21011
9.21011
9.21011
9.21011
9.21011
9.21011
9.21011
9.21011
9.21011
9.21011
9.21011
9.21011
9.21011
9.21011
9.21011
9.21011
9.21011
9.21011
9.21011
9.21011
9.21011
9.21011
9.21011
9.21011
9.21011
9.21011
9.21011
9.21011
9.21011
9.21011
9.21011
9.21011
9.21011
9.21011
9.21011
9.21011
9.21011
9.21011
9.21011
9.21011
9.21011
9.21011
9.21011
9.21011
9.21011
9.21011
9.21011
9.21011
9.21011
9.21011
9.21011
9.21011
9.21011
9.21011
9.21011
9.21011
9.21011
9.21011
9.21011
9.21011
9.21011
9.21011
9.21011
9.21011
9.21011
9.21011
9.21011
9.21011
9.21011
9.21011
9.21011
9.21011
9.21011
9.21011
9.21011
9.21011
9.21011
9.21011
9.21011
9.21011
9.21011
9.21011
9.21011
9.21011
9.21011
9.21011
9.21011
9.21011
9.21011
9.21011
9.21011
9.21011
9.21011
9.21011
9.21011
9.21011
9.21011
9.21011
9.21011
9.21011
9.21011
9.21011
9.21011
9.21011
9.21011
9.21011
9.21011
9.21011
9.21011
9.21011
9.21011
9.21011
9.21011
9.21011
9.21011
9.21011
9.21011
9.21011
9.21011
9.21011
9.21011
9.21011
9.21011
9.21011
9.21011
9.21011
9.21011
9.21011
9.21011
9.21011
9.21011
9.21011
9.21011
9.21011
9.21011
9.21011
9.21011
9.21011
9.21011
9.21011
9.21011
9.21011
9.21011
9.21011
9.21011
9.21011
9.21011
9.21011
9.21011
9.21011
9.21011
9.21011
9.21011
9.21011
9.21011
9.21011
9.21011
9.21011
9.21011
9.21011
9.21011
9.21011
9.21011
9.21011
9.21011
9.21011
9.21011
9.21011
9.21011
9.21011
9.21011
9.21011
9.21011
9.21011
9.21011
9.21011
9.21011
9.21011
9.21011
9.21011
8.26252
8.26252
8.26252
8.08196
8.08196
8.08196
8.08196
8.08196
6.66781
6.66781
6.66781
6.66781
6.48499
6.11863
5.944
5.48464
5.45236
5.29971
4.97191
4.56652
3.85635
3.78148
3.36979
3.26859
2.94252
2.82641
2.71964
2.59606
2.50847
2.50182
2.4304
2.37805
2.34482
2.32242
2.28257
2.23097
2.19819
2.1818
2.16755
2.14122
2.13797
2.13352
2.13017
2.1276
2.1188
2.11749
2.11579
2.11111
2.10874
2.10621
2.10179
2.09613
2.093
2.09275
2.09081
2.08991
2.08942
2.08942
2.08942
2.08933
2.0888
2.0888
2.08852
2.08842
2.08842
2.08827
2.08827
2.08827
2.08827
2.08827
2.08827
2.08827
2.08827
2.08827
2.08827
2.08827
2.08827
2.08827
2.08827
2.08827
2.08827
2.08827
2.08827
2.08827
2.08827
2.08827
2.08827
2.08827
2.08827
2.08827
2.08827
2.08827
2.08827
2.08827
2.08827
2.08827
2.08827
2.08827
2.08827
2.08827
2.08827
2.08827
2.08827
2.08827
2.08827
2.08827
2.08827
2.08827
2.08827
2.08827
2.08827
2.08827
2.08827
2.08827
2.08827
2.08827
2.08827
2.08827
2.08827
2.08827
2.08827
2.08827
2.08827
2.08827
2.08827
2.08827
2.08827
2.08827
2.08827
2.08827
2.08827
2.08827
2.08827
2.08827
2.08827
2.08827
2.08827
2.08827
2.08827
2.08827
2.08827
2.08827
2.08827
2.08827
2.08827
2.08827
2.08827
2.08827
2.08827
2.08827
2.08827
2.08827
2.08827
2.08827
2.08827
2.08827
2.08827
2.08827
2.08827
2.08827
2.08827
2.08827
2.08827
2.08827
2.08827
2.08827
2.08827
2.08827
0.772741
0.772741
0.51877
0.51877
0.193789
0.193789
0.193789
0.193789
0.193789
0.0992575
0.0992575
0.0992575
0.0285935
0.012786
0.0101358
0.00563385
0.00563385
0.00563385
0.00513174
0.00513174
0.00513174
0.00513174
0.00513174
0.00134654
0.00134654
0.00134654
0.00134654
0.000986802
0.000986802
0.000986802
0.000986802
0.000564227
0.000312712
0.000312712
7.30715e-05
7.30715e-05
1.69597e-05
1.69597e-05
1.69597e-05
1.69597e-05
1.69597e-05
1.69597e-05
1.69597e-05
3.19518e-06
3.19518e-06
3.19518e-06
3.19518e-06
3.19518e-06
3.19518e-06
3.19518e-06
3.19518e-06
1.79252e-06
3.62867e-07
3.62867e-07
3.62867e-07
1.32149e-07
1.32149e-07
8.28289e-08
8.28289e-08
8.28289e-08
1.40188e-08
1.40188e-08
1.40188e-08
1.40188e-08
1.37452e-08
9.31035e-09
9.31035e-09
2.35291e-09
2.35291e-09
2.35291e-09
2.35291e-09
2.35291e-09
2.35291e-09
2.35291e-09
1.57229e-09
1.14683e-09
4.45015e-11
4.45015e-11
4.45015e-11
4.45015e-11
2.9346e-11
2.9346e-11
2.9346e-11
2.9346e-11
2.9346e-11
2.9346e-11
2.9346e-11
2.9346e-11
2.9346e-11
2.9346e-11
2.9346e-11
2.9346e-11
2.9346e-11
2.9346e-11
2.9346e-11
2.9346e-11
2.9346e-11
2.9346e-11
2.9346e-11
2.9346e-11
2.9346e-11
2.9346e-11
2.9346e-11
2.9346e-11
2.9346e-11
2.9346e-11
2.9346e-11
2.9346e-11
2.9346e-11
2.9346e-11
2.9346e-11
2.9346e-11
2.9346e-11
2.9346e-11
2.9346e-11
2.9346e-11
2.9346e-11
2.9346e-11
2.9346e-11
2.9346e-11
2.9346e-11
2.9346e-11
2.9346e-11
2.9346e-11
2.9346e-11
2.9346e-11
2.9346e-11
2.9346e-11
2.9346e-11
2.9346e-11
2.9346e-11
2.9346e-11
2.9346e-11
2.9346e-11
2.9346e-11
2.9346e-11
2.9346e-11
2.9346e-11
2.9346e-11
2.9346e-11
2.9346e-11
2.9346e-11
2.9346e-11
2.9346e-11
2.9346e-11
2.9346e-11
2.9346e-11
2.9346e-11
2.9346e-11
2.9346e-11
2.9346e-11
2.9346e-11
2.9346e-11
2.9346e-11
2.9346e-11
2.9346e-11
2.9346e-11
2.9346e-11
2.9346e-11
2.9346e-11
2.9346e-11
2.9346e-11
2.9346e-11
2.9346e-11
2.9346e-11
2.9346e-11
2.9346e-11
2.9346e-11
2.9346e-11
2.9346e-11
2.9346e-11
2.9346e-11
2.9346e-11
2.9346e-11
2.9346e-11
2.9346e-11
2.9346e-11
2.9346e-11
2.9346e-11
2.9346e-11
2.9346e-11
2.9346e-11
2.9346e-11
2.9346e-11
2.9346e-11
2.9346e-11
2.9346e-11
2.9346e-11
2.9346e-11
2.9346e-11
2.9346e-11
2.9346e-11
2.9346e-11
2.9346e-11
2.9346e-11
2.9346e-11
2.9346e-11
2.9346e-11
2.9346e-11
2.9346e-11
2.9346e-11
2.9346e-11
2.9346e-11
2.9346e-11
2.9346e-11
2.9346e-11
2.9346e-11
2.9346e-11
2.9346e-11
2.9346e-11
2.9346e-11
2.9346e-11
2.9346e-11
2.9346e-11
2.9346e-11
2.9346e-11
2.9346e-11
2.9346e-11
2.9346e-11
2.9346e-11
2.9346e-11
2.9346e-11
2.9346e-11
2.9346e-11
2.9346e-11
2.9346e-11
2.9346e-11
2.9346e-11
2.9346e-11
2.9346e-11
2.9346e-11
2.9346e-11
2.9346e-11
2.9346e-11
2.9346e-11
2.9346e-11
2.9346e-11
2.9346e-11
2.9346e-11
2.9346e-11
2.9346e-11
2.9346e-11
2.9346e-11
2.9346e-11
2.9346e-11
2.9346e-11
2.9346e-11
2.9346e-11
2.9346e-11
2.9346e-11
2.9346e-11
2.9346e-11
2.9346e-11
2.9346e-11
2.9346e-11
2.9346e-11
2.9346e-11
2.9346e-11
2.9346e-11
2.9346e-11
2.9346e-11
2.9346e-11
2.9346e-11
2.9346e-11
2.9346e-11
2.9346e-11
2.9346e-11
2.9346e-11
2.9346e-11
2.9346e-11
2.9346e-11
2.9346e-11
2.9346e-11
2.9346e-11
2.9346e-11
2.9346e-11
2.9346e-11
2.9346e-11
2.9346e-11
2.9346e-11
2.9346e-11
2.9346e-11
2.9346e-11
2.9346e-11
2.9346e-11
2.9346e-11
2.9346e-11
2.9346e-11
2.9346e-11
2.9346e-11
2.9346e-11
2.9346e-11
2.9346e-11
2.9346e-11
2.9346e-11
2.9346e-11
2.9346e-11
2.9346e-11
2.9346e-11
2.9346e-11
2.9346e-11
2.9346e-11
2.9346e-11
2.9346e-11
2.9346e-11
2.9346e-11
2.9346e-11
2.9346e-11
2.9346e-11
2.9346e-11
2.9346e-11
2.9346e-11
2.9346e-11
2.9346e-11
2.9346e-11
2.9346e-11
2.9346e-11
2.9346e-11
2.9346e-11
2.9346e-11
2.9346e-11
2.9346e-11
2.9346e-11
2.9346e-11
2.9346e-11
2.9346e-11
2.9346e-11
2.9346e-11
2.9346e-11
2.9346e-11
2.9346e-11
2.9346e-11
2.9346e-11
2.9346e-11
2.9346e-11
2.9346e-11
2.9346e-11
2.9346e-11
2.9346e-11
2.9346e-11
2.9346e-11
2.9346e-11
2.9346e-11
2.9346e-11
2.9346e-11
2.9346e-11
2.9346e-11
2.9346e-11
2.9346e-11
2.9346e-11
2.9346e-11
2.9346e-11
2.9346e-11
2.9346e-11
2.9346e-11
2.9346e-11
2.9346e-11
2.9346e-11
2.9346e-11
2.9346e-11
2.9346e-11
2.9346e-11
2.9346e-11
2.9346e-11
2.9346e-11
2.9346e-11
2.9346e-11
2.9346e-11
2.9346e-11
2.9346e-11
2.9346e-11
2.9346e-11
2.9346e-11
2.9346e-11
2.9346e-11
2.9346e-11
2.9346e-11
2.9346e-11
2.9346e-11
2.9346e-11
2.9346e-11
2.9346e-11
2.9346e-11
2.9346e-11
2.9346e-11
2.9346e-11
2.9346e-11
2.9346e-11
2.9346e-11
2.9346e-11
2.9346e-11
2.9346e-11
2.9346e-11
2.9346e-11
2.9346e-11
2.9346e-11
2.9346e-11
2.9346e-11
2.9346e-11
2.9346e-11
2.9346e-11
2.9346e-11
2.9346e-11
2.9346e-11
2.9346e-11
2.9346e-11
2.9346e-11
2.9346e-11
2.9346e-11
2.9346e-11
2.9346e-11
2.9346e-11
2.9346e-11
2.9346e-11
2.9346e-11
2.9346e-11
2.9346e-11
2.9346e-11
2.9346e-11
2.9346e-11
2.9346e-11
2.9346e-11
2.9346e-11
2.9346e-11
2.9346e-11
2.9346e-11
2.9346e-11
2.9346e-11
2.9346e-11
2.9346e-11
2.9346e-11
2.9346e-11
2.9346e-11
2.9346e-11
2.9346e-11
2.9346e-11
2.9346e-11
2.9346e-11
2.9346e-11
2.9346e-11
2.9346e-11
2.9346e-11
2.9346e-11
2.9346e-11
2.9346e-11
2.9346e-11
2.9346e-11
2.9346e-11
2.9346e-11
2.9346e-11
2.9346e-11
2.9346e-11
2.9346e-11
2.9346e-11
2.9346e-11
2.9346e-11
2.9346e-11
2.9346e-11
2.9346e-11
2.9346e-11
2.9346e-11
2.9346e-11
2.9346e-11
2.9346e-11
2.9346e-11
2.9346e-11
2.9346e-11
2.9346e-11
2.9346e-11
2.9346e-11
2.9346e-11
2.9346e-11
2.9346e-11
2.9346e-11
2.9346e-11
2.9346e-11
2.9346e-11
2.9346e-11
2.9346e-11
2.9346e-11
2.9346e-11
2.9346e-11
2.9346e-11
2.9346e-11
2.9346e-11
2.9346e-11
2.9346e-11
2.9346e-11
2.9346e-11
2.9346e-11
2.9346e-11
2.9346e-11
2.9346e-11
2.9346e-11
2.9346e-11
2.9346e-11
2.9346e-11
2.9346e-11
2.9346e-11
2.9346e-11
2.9346e-11
2.9346e-11
2.9346e-11
2.9346e-11
2.9346e-11
2.9346e-11
2.9346e-11
2.9346e-11
2.9346e-11
2.9346e-11
2.9346e-11
2.9346e-11
2.9346e-11
2.9346e-11
2.9346e-11
2.9346e-11
2.9346e-11
2.9346e-11
2.9346e-11
2.9346e-11
2.9346e-11
2.9346e-11
2.9346e-11
2.9346e-11
2.9346e-11
2.9346e-11
2.9346e-11
2.9346e-11
2.9346e-11
2.9346e-11
2.9346e-11
2.9346e-11
2.9346e-11
2.9346e-11
2.9346e-11
2.9346e-11
2.9346e-11
2.9346e-11
2.9346e-11
2.9346e-11
2.9346e-11
2.9346e-11
2.9346e-11
2.9346e-11
2.9346e-11
2.9346e-11
2.9346e-11
2.9346e-11
2.9346e-11
2.9346e-11
2.9346e-11
2.9346e-11
2.9346e-11
2.9346e-11
2.9346e-11
2.9346e-11
2.9346e-11
2.9346e-11
2.9346e-11
2.9346e-11
2.9346e-11
2.9346e-11
2.9346e-11
2.9346e-11
2.9346e-11
2.9346e-11
2.9346e-11
2.9346e-11
2.9346e-11
2.9346e-11
2.9346e-11
2.9346e-11
2.9346e-11
2.9346e-11
2.9346e-11
2.9346e-11
2.9346e-11
2.9346e-11
2.9346e-11
2.9346e-11
2.9346e-11
2.9346e-11
2.9346e-11
2.9346e-11
2.9346e-11
2.9346e-11
2.9346e-11
2.9346e-11
2.9346e-11
2.9346e-11
2.9346e-11
2.9346e-11
2.9346e-11
2.9346e-11
2.9346e-11
2.9346e-11
2.9346e-11
2.9346e-11
2.9346e-11
2.9346e-11
2.9346e-11
2.9346e-11
2.9346e-11
2.9346e-11
2.9346e-11
2.9346e-11
2.9346e-11
2.9346e-11
2.9346e-11
2.9346e-11
2.9346e-11
2.9346e-11
2.9346e-11
2.9346e-11
2.9346e-11
2.9346e-11
2.9346e-11
2.9346e-11
2.9346e-11
2.9346e-11
2.9346e-11
2.9346e-11
2.9346e-11
2.9346e-11
2.9346e-11
2.9346e-11
2.9346e-11
2.9346e-11
2.9346e-11
2.9346e-11
2.9346e-11
2.9346e-11
2.9346e-11
2.9346e-11
2.9346e-11
2.9346e-11
2.9346e-11
2.9346e-11
2.9346e-11
2.9346e-11
2.9346e-11
2.9346e-11
2.9346e-11
2.9346e-11
2.9346e-11
2.9346e-11
2.9346e-11
2.9346e-11
2.9346e-11
2.9346e-11
2.9346e-11
2.9346e-11
2.9346e-11
2.9346e-11
2.9346e-11
2.9346e-11
2.9346e-11
2.9346e-11
2.9346e-11
2.9346e-11
2.9346e-11
2.9346e-11
2.9346e-11
2.9346e-11
2.9346e-11
2.9346e-11
2.9346e-11
2.9346e-11
2.9346e-11
2.9346e-11
2.9346e-11
2.9346e-11
2.9346e-11
2.9346e-11
2.9346e-11
2.9346e-11
2.9346e-11
2.9346e-11
2.9346e-11
2.9346e-11
2.9346e-11
2.9346e-11
2.9346e-11
2.9346e-11
2.9346e-11
2.9346e-11
2.9346e-11
2.9346e-11
2.9346e-11
2.9346e-11
2.9346e-11
2.9346e-11
2.9346e-11
2.9346e-11
2.9346e-11
2.9346e-11
2.9346e-11
2.9346e-11
2.9346e-11
2.9346e-11
2.9346e-11
2.9346e-11
2.9346e-11
2.9346e-11
2.9346e-11
2.9346e-11
2.9346e-11
2.9346e-11
2.9346e-11
2.9346e-11
2.9346e-11
2.9346e-11
2.9346e-11
2.9346e-11
2.9346e-11
2.9346e-11
2.9346e-11
2.9346e-11
2.9346e-11
2.9346e-11
2.9346e-11
2.9346e-11
2.9346e-11
2.9346e-11
2.9346e-11
2.9346e-11
2.9346e-11
2.9346e-11
2.9346e-11
2.9346e-11
2.9346e-11
2.9346e-11
2.9346e-11
2.9346e-11
2.9346e-11
2.9346e-11
2.9346e-11
2.9346e-11
2.9346e-11
2.9346e-11
2.9346e-11
2.9346e-11
2.9346e-11
2.9346e-11
2.9346e-11
2.9346e-11
2.9346e-11
2.9346e-11
2.9346e-11
2.9346e-11
2.9346e-11
2.9346e-11
2.9346e-11
2.9346e-11
2.9346e-11
2.9346e-11
2.9346e-11
2.9346e-11
2.9346e-11
2.9346e-11
2.9346e-11
2.9346e-11
2.9346e-11
2.9346e-11
2.9346e-11
2.9346e-11
2.9346e-11
2.9346e-11
2.9346e-11
2.9346e-11
2.9346e-11
2.9346e-11
2.9346e-11
2.9346e-11
2.9346e-11
2.9346e-11
2.9346e-11
2.9346e-11
2.9346e-11
2.9346e-11
2.9346e-11
2.9346e-11
2.9346e-11
2.9346e-11
2.9346e-11
2.9346e-11
2.9346e-11
2.9346e-11
2.9346e-11
2.9346e-11
2.9346e-11
2.9346e-11
2.9346e-11
2.9346e-11
2.9346e-11
2.9346e-11
2.9346e-11
2.9346e-11
2.9346e-11
2.9346e-11
2.9346e-11
2.9346e-11
2.9346e-11
2.9346e-11
2.9346e-11
2.9346e-11
2.9346e-11
2.9346e-11
2.9346e-11
2.9346e-11
2.9346e-11
2.9346e-11
2.9346e-11
2.9346e-11
2.9346e-11
2.9346e-11
2.9346e-11
2.9346e-11
2.9346e-11
2.9346e-11
2.9346e-11
2.9346e-11
2.9346e-11
2.9346e-11
2.9346e-11
2.9346e-11
2.9346e-11
2.9346e-11
2.9346e-11
2.9346e-11
2.9346e-11
2.9346e-11
2.9346e-11
2.9346e-11
2.9346e-11
2.9346e-11
2.9346e-11
2.9346e-11
2.9346e-11
2.9346e-11
2.9346e-11
2.9346e-11
2.9346e-11
2.9346e-11
2.9346e-11
2.9346e-11
2.9346e-11
2.9346e-11
2.9346e-11
2.9346e-11
2.9346e-11
2.9346e-11
2.9346e-11
2.9346e-11
2.9346e-11
2.9346e-11
2.9346e-11
2.9346e-11
2.9346e-11
2.9346e-11
2.9346e-11
2.9346e-11
2.9346e-11
2.9346e-11
2.9346e-11
2.9346e-11
2.9346e-11
2.9346e-11
2.9346e-11
2.9346e-11
2.9346e-11
2.9346e-11
2.9346e-11
2.9346e-11
2.9346e-11
2.9346e-11
2.9346e-11
2.9346e-11
2.9346e-11
2.9346e-11
2.9346e-11
2.9346e-11
2.9346e-11
2.9346e-11
2.9346e-11
2.9346e-11
2.9346e-11
2.9346e-11
2.9346e-11
2.9346e-11
2.9346e-11
2.9346e-11
2.9346e-11
2.9346e-11
2.9346e-11
2.9346e-11
2.9346e-11
2.9346e-11
2.9346e-11
2.9346e-11
2.9346e-11
2.9346e-11
2.9346e-11
2.9346e-11
2.9346e-11
2.9346e-11
2.9346e-11
2.9346e-11
2.9346e-11
2.9346e-11
2.9346e-11
2.9346e-11
2.9346e-11
2.9346e-11
2.9346e-11
2.9346e-11
2.9346e-11
2.9346e-11
2.9346e-11
2.9346e-11
2.9346e-11
2.9346e-11
2.9346e-11
2.9346e-11
2.9346e-11
2.9346e-11
2.9346e-11
2.9346e-11
2.9346e-11
2.9346e-11
2.9346e-11
2.9346e-11
2.9346e-11
2.9346e-11
2.9346e-11
2.9346e-11
2.9346e-11
2.9346e-11
2.9346e-11
2.9346e-11
2.9346e-11
2.9346e-11
2.9346e-11
2.9346e-11
2.9346e-11
2.9346e-11
2.9346e-11
2.9346e-11
2.9346e-11
2.9346e-11
2.9346e-11
2.9346e-11
2.9346e-11
2.9346e-11
2.9346e-11
2.9346e-11
2.9346e-11
2.9346e-11
2.9346e-11
2.9346e-11
2.9346e-11
2.9346e-11
2.9346e-11
2.9346e-11
2.9346e-11
2.9346e-11
2.9346e-11
2.9346e-11
2.9346e-11
2.9346e-11
2.9346e-11
2.9346e-11
2.9346e-11
2.9346e-11
2.9346e-11
2.9346e-11
2.9346e-11
2.9346e-11
2.9346e-11
2.9346e-11
2.9346e-11
2.9346e-11
2.9346e-11
2.9346e-11
2.9346e-11
2.9346e-11
2.9346e-11
2.9346e-11
2.9346e-11
2.9346e-11
2.9346e-11
2.9346e-11
2.9346e-11
2.9346e-11
2.9346e-11
2.9346e-11
2.9346e-11
2.9346e-11
2.9346e-11
2.9346e-11
2.9346e-11
2.9346e-11
2.9346e-11
2.9346e-11
2.9346e-11
2.9346e-11
2.9346e-11
2.9346e-11
2.9346e-11
2.9346e-11
2.9346e-11
2.9346e-11
2.9346e-11
2.9346e-11
2.9346e-11
2.9346e-11
2.9346e-11
2.9346e-11
2.9346e-11
2.9346e-11
2.9346e-11
2.9346e-11
2.9346e-11
2.9346e-11
2.9346e-11
2.9346e-11
2.9346e-11
2.9346e-11
2.9346e-11
2.9346e-11
2.9346e-11
2.9346e-11
2.9346e-11
2.9346e-11
2.9346e-11
2.9346e-11
2.9346e-11
2.9346e-11
2.9346e-11
2.9346e-11
2.9346e-11
2.9346e-11
2.9346e-11
2.9346e-11
2.9346e-11
2.9346e-11
2.9346e-11
2.9346e-11
2.9346e-11
2.9346e-11
2.9346e-11
2.9346e-11
2.9346e-11
2.9346e-11
2.9346e-11
2.9346e-11
2.9346e-11
2.9346e-11
2.9346e-11
2.9346e-11
2.9346e-11
2.9346e-11
2.9346e-11
2.9346e-11
2.9346e-11
2.9346e-11
2.9346e-11
2.9346e-11
2.9346e-11
2.9346e-11
2.9346e-11
2.9346e-11
2.9346e-11
2.9346e-11
2.9346e-11
2.9346e-11
2.9346e-11
2.9346e-11
2.9346e-11
2.9346e-11
2.9346e-11
2.9346e-11
2.9346e-11
2.9346e-11
2.9346e-11
2.9346e-11
2.9346e-11
2.9346e-11
2.9346e-11
2.9346e-11
2.9346e-11
2.9346e-11
2.9346e-11
2.9346e-11
2.9346e-11
2.9346e-11
2.9346e-11
2.9346e-11
2.9346e-11
2.9346e-11
2.9346e-11
2.9346e-11
2.9346e-11
2.9346e-11
2.9346e-11
2.9346e-11
2.9346e-11
2.9346e-11
2.9346e-11
2.9346e-11
2.9346e-11
2.9346e-11
2.9346e-11
2.9346e-11
2.9346e-11
2.9346e-11
2.9346e-11
2.9346e-11
2.9346e-11
2.9346e-11
2.9346e-11
2.9346e-11
2.9346e-11
2.9346e-11
2.9346e-11
2.9346e-11
2.9346e-11
2.9346e-11
2.9346e-11
2.9346e-11
2.9346e-11
2.9346e-11
2.9346e-11
2.9346e-11
2.9346e-11
2.9346e-11
2.9346e-11
2.9346e-11
2.9346e-11
2.9346e-11
2.9346e-11
2.9346e-11
2.9346e-11
2.9346e-11
2.9346e-11
2.9346e-11
2.9346e-11
2.9346e-11
2.9346e-11
2.9346e-11
2.9346e-11
2.9346e-11
2.9346e-11
2.9346e-11
2.9346e-11
2.9346e-11
2.9346e-11
2.9346e-11
2.9346e-11
2.9346e-11
2.9346e-11
2.9346e-11
2.9346e-11
2.9346e-11
2.9346e-11
2.9346e-11
2.9346e-11
2.9346e-11
2.9346e-11
2.9346e-11
2.9346e-11
2.9346e-11
2.9346e-11
2.9346e-11
2.9346e-11
2.9346e-11
2.9346e-11
2.9346e-11
2.9346e-11
2.9346e-11
2.9346e-11
2.9346e-11
2.9346e-11
2.9346e-11
2.9346e-11
2.9346e-11
2.9346e-11
2.9346e-11
2.9346e-11
2.9346e-11
2.9346e-11
2.9346e-11
2.9346e-11
2.9346e-11
2.9346e-11
2.9346e-11
2.9346e-11
2.9346e-11
2.9346e-11
2.9346e-11
2.9346e-11
2.9346e-11
2.9346e-11
2.9346e-11
2.9346e-11
2.9346e-11
2.9346e-11
2.9346e-11
2.9346e-11
2.9346e-11
2.9346e-11
2.9346e-11
2.9346e-11
2.9346e-11
2.9346e-11
2.9346e-11
2.9346e-11
2.9346e-11
2.9346e-11
2.9346e-11
2.9346e-11
2.9346e-11
2.9346e-11
2.9346e-11
2.9346e-11
2.9346e-11
2.9346e-11
2.9346e-11
2.9346e-11
2.9346e-11
2.9346e-11
2.9346e-11
2.9346e-11
2.9346e-11
2.9346e-11
2.9346e-11
2.9346e-11
2.9346e-11
2.9346e-11
2.9346e-11
2.9346e-11
2.9346e-11
2.9346e-11
2.9346e-11
2.9346e-11
2.9346e-11
2.9346e-11
2.9346e-11
2.9346e-11
2.9346e-11
2.9346e-11
2.9346e-11
2.9346e-11
2.9346e-11
2.9346e-11
2.9346e-11
2.9346e-11
2.9346e-11
2.9346e-11
2.9346e-11
2.9346e-11
2.9346e-11
2.9346e-11
2.9346e-11
2.9346e-11
2.9346e-11
2.9346e-11
2.9346e-11
2.9346e-11
2.9346e-11
2.9346e-11
2.9346e-11
2.9346e-11
2.9346e-11
2.9346e-11
2.9346e-11
2.9346e-11
2.9346e-11
2.9346e-11
2.9346e-11
2.9346e-11
2.9346e-11
2.9346e-11
2.9346e-11
2.9346e-11
2.9346e-11
2.9346e-11
2.9346e-11
2.9346e-11
2.9346e-11
2.9346e-11
2.9346e-11
2.9346e-11
2.9346e-11
2.9346e-11
2.9346e-11
2.9346e-11
2.9346e-11
2.9346e-11
2.9346e-11
2.9346e-11
2.9346e-11
2.9346e-11
2.9346e-11
2.9346e-11
2.9346e-11
2.9346e-11
2.9346e-11
2.9346e-11
2.9346e-11
2.9346e-11
2.9346e-11
2.9346e-11
2.9346e-11
2.9346e-11
2.9346e-11
2.9346e-11
2.9346e-11
2.9346e-11
2.9346e-11
2.9346e-11
2.9346e-11
2.9346e-11
2.9346e-11
2.9346e-11
2.9346e-11
2.9346e-11
2.9346e-11
2.9346e-11
2.9346e-11
2.9346e-11
2.9346e-11
2.9346e-11
2.9346e-11
2.9346e-11
2.9346e-11
2.9346e-11
2.9346e-11
2.9346e-11
2.9346e-11
2.9346e-11
2.9346e-11
2.9346e-11
2.9346e-11
2.9346e-11
2.9346e-11
2.9346e-11
2.9346e-11
2.9346e-11
2.9346e-11
2.9346e-11
2.9346e-11
2.9346e-11
2.9346e-11
2.9346e-11
2.9346e-11
2.9346e-11
2.9346e-11
2.9346e-11
2.9346e-11
2.9346e-11
2.9346e-11
2.9346e-11
2.9346e-11
2.9346e-11
2.9346e-11
2.9346e-11
2.9346e-11
2.9346e-11
2.9346e-11
2.9346e-11
2.9346e-11
2.9346e-11
2.9346e-11
2.9346e-11
2.9346e-11
2.9346e-11
2.9346e-11
2.9346e-11
2.9346e-11
2.9346e-11
2.9346e-11
2.9346e-11
2.9346e-11
2.9346e-11
2.9346e-11
2.9346e-11
2.9346e-11
2.9346e-11
2.9346e-11
2.9346e-11
2.9346e-11
2.9346e-11
2.9346e-11
2.9346e-11
2.9346e-11
2.9346e-11
2.9346e-11
2.9346e-11
2.9346e-11
2.9346e-11
2.9346e-11
2.9346e-11
2.9346e-11
2.9346e-11
2.9346e-11
2.9346e-11
2.9346e-11
2.9346e-11
2.9346e-11
2.9346e-11
2.9346e-11
2.9346e-11
2.9346e-11
2.9346e-11
2.9346e-11
2.9346e-11
2.9346e-11
2.9346e-11
2.9346e-11
2.9346e-11
2.9346e-11
2.9346e-11
2.9346e-11
2.9346e-11
2.9346e-11
2.9346e-11
2.9346e-11
2.9346e-11
2.9346e-11
2.9346e-11
2.9346e-11
2.9346e-11
2.9346e-11
2.9346e-11
2.9346e-11
2.9346e-11
2.9346e-11
2.9346e-11
2.9346e-11
2.9346e-11
2.9346e-11
2.9346e-11
2.9346e-11
2.9346e-11
2.9346e-11
2.9346e-11
2.9346e-11
2.9346e-11
2.9346e-11
2.9346e-11
2.9346e-11
2.9346e-11
2.9346e-11
2.9346e-11
2.9346e-11
2.9346e-11
2.9346e-11
2.9346e-11
2.9346e-11
2.9346e-11
2.9346e-11
2.9346e-11
2.9346e-11
2.9346e-11
2.9346e-11
2.9346e-11
2.9346e-11
2.9346e-11
2.9346e-11
2.9346e-11
2.9346e-11
2.9346e-11
2.9346e-11
2.9346e-11
2.9346e-11
2.9346e-11
2.9346e-11
2.9346e-11
2.9346e-11
2.9346e-11
2.9346e-11
2.9346e-11
2.9346e-11
2.9346e-11
2.9346e-11
2.9346e-11
2.9346e-11
2.9346e-11
2.9346e-11
2.9346e-11
2.9346e-11
2.9346e-11
