1.13233e+06
4976.16
4976.16
284.777
284.777
284.777
284.777
284.777
284.777
284.777
284.777
284.777
128.96
128.96
96.2196
54.7378
40.8386
30.6832
30.6832
30.6832
30.6832
27.9416
19.5306
19.5306
19.5306
19.5306
19.5306
19.5306
19.5306
19.5306
18.5922
18.5922
18.5922
17.7545
17.7545
16.4423
16.4423
16.4423
16.4423
12.8415
12.8415
12.8415
12.8415
12.8415
12.8415
12.8415
12.8415
12.8415
12.8415
12.8415
12.8415
12.8415
12.8415
12.8415
12.8415
12.8415
12.8415
12.8415
12.8415
12.8415
12.8415
12.8415
12.8415
12.8415
11.0322
11.0322
11.0322
11.0322
11.0322
11.0322
11.0322
11.0322
11.0322
11.0322
11.0322
11.0322
11.0322
11.0322
11.0322
11.0322
11.0322
11.0322
11.0322
11.0322
11.0322
11.0322
11.0322
11.0322
11.0322
11.0322
11.0322
11.0322
11.0322
11.0322
11.0322
11.0322
11.0322
11.0322
11.0322
11.0322
11.0322
11.0322
11.0322
11.0322
11.0322
11.0322
11.0322
11.0322
11.0322
11.0322
11.0322
11.0322
11.0322
11.0322
11.0322
11.0322
11.0322
11.0322
11.0322
11.0322
11.0322
11.0322
11.0322
11.0322
11.0322
11.0322
11.0322
11.0322
11.0322
11.0322
11.0322
11.0322
11.0322
11.0322
11.0322
11.0322
11.0322
11.0322
11.0322
11.0322
11.0322
11.0322
11.0322
11.0322
11.0322
11.0322
11.0322
11.0322
11.0322
11.0322
11.0322
11.0322
11.0322
11.0322
11.0322
11.0322
11.0322
11.0322
11.0322
11.0322
11.0322
11.0322
11.0322
11.0322
11.0322
11.0322
11.0322
11.0322
11.0322
11.0322
11.0322
11.0322
11.0322
11.0322
11.0322
11.0322
11.0322
11.0322
11.0322
11.0322
11.0322
11.0322
11.0322
11.0322
11.0322
11.0322
11.0322
11.0322
11.0322
11.0322
11.0322
11.0322
11.0322
11.0322
11.0322
11.0322
11.0322
11.0322
11.0322
11.0322
11.0322
11.0322
11.0322
11.0322
11.0322
11.0322
11.0322
11.0322
11.0322
11.0322
11.0322
11.0322
11.0322
11.0322
11.0322
11.0322
11.0322
11.0322
11.0322
11.0322
11.0322
11.0322
11.0322
11.0322
11.0322
11.0322
11.0322
11.0322
11.0322
11.0322
11.0322
11.0322
11.0322
11.0322
11.0322
11.0322
11.0322
11.0322
11.0322
1.69023
0.878689
0.878689
0.878689
0.878689
0.878689
0.878689
0.878689
0.878689
0.878689
0.878689
0.878689
0.878689
0.878689
0.878689
0.559394
0.559394
0.229599
0.229599
0.0451517
0.0451517
0.0451517
0.0451517
0.0451517
0.0451517
0.0451517
0.0359304
0.0359304
0.0359304
0.0302367
0.0117561
0.0117561
0.00902514
0.00357497
0.00308678
0.00141812
0.00141812
0.00141812
0.00141812
0.00141812
0.00141812
0.00141812
0.00141812
0.000538939
0.000538939
5.82133e-05
4.9223e-05
5.68564e-08
5.68564e-08
5.68564e-08
5.68564e-08
5.68564e-08
5.68564e-08
5.68564e-08
5.68564e-08
5.68564e-08
5.68564e-08
5.68564e-08
5.68564e-08
5.68564e-08
5.68564e-08
5.68564e-08
5.68564e-08
5.68564e-08
5.68564e-08
5.68564e-08
5.68564e-08
5.15894e-08
3.34352e-08
1.7593e-08
1.7593e-08
1.7593e-08
1.7593e-08
1.7593e-08
1.27682e-08
1.20534e-08
1.20534e-08
1.20534e-08
8.26161e-09
8.26161e-09
8.26161e-09
8.26161e-09
8.26161e-09
8.26161e-09
8.26161e-09
8.26161e-09
8.26161e-09
8.26161e-09
6.65575e-09
1.62343e-09
3.98783e-10
3.98783e-10
2.65404e-10
1.36261e-10
1.36261e-10
7.39695e-11
7.39695e-11
7.39695e-11
7.39695e-11
7.39695e-11
7.39695e-11
7.39695e-11
7.39695e-11
7.39695e-11
7.39695e-11
7.39695e-11
7.39695e-11
7.39695e-11
7.39695e-11
7.39695e-11
7.39695e-11
7.39695e-11
7.39695e-11
7.39695e-11
7.39695e-11
7.39695e-11
7.39695e-11
7.39695e-11
7.39695e-11
7.39695e-11
7.39695e-11
7.39695e-11
7.39695e-11
7.39695e-11
7.39695e-11
7.39695e-11
7.39695e-11
7.39695e-11
7.39695e-11
7.39695e-11
7.39695e-11
7.39695e-11
7.39695e-11
7.39695e-11
7.39695e-11
7.39695e-11
7.39695e-11
7.39695e-11
7.39695e-11
7.39695e-11
7.39695e-11
7.39695e-11
7.39695e-11
7.39695e-11
7.39695e-11
7.39695e-11
7.39695e-11
7.39695e-11
7.39695e-11
7.39695e-11
7.39695e-11
7.39695e-11
7.39695e-11
7.39695e-11
7.39695e-11
7.39695e-11
7.39695e-11
7.39695e-11
7.39695e-11
7.39695e-11
7.39695e-11
7.39695e-11
7.39695e-11
7.39695e-11
7.39695e-11
7.39695e-11
7.39695e-11
7.39695e-11
7.39695e-11
7.39695e-11
7.39695e-11
7.39695e-11
7.39695e-11
7.39695e-11
7.39695e-11
7.39695e-11
7.39695e-11
7.39695e-11
7.39695e-11
7.39695e-11
7.39695e-11
7.39695e-11
7.39695e-11
7.39695e-11
7.39695e-11
7.39695e-11
7.39695e-11
7.39695e-11
7.39695e-11
7.39695e-11
7.39695e-11
7.39695e-11
7.39695e-11
7.39695e-11
7.39695e-11
7.39695e-11
7.39695e-11
7.39695e-11
7.39695e-11
7.39695e-11
7.39695e-11
7.39695e-11
7.39695e-11
7.39695e-11
7.39695e-11
7.39695e-11
7.39695e-11
7.39695e-11
7.39695e-11
7.39695e-11
7.39695e-11
7.39695e-11
7.39695e-11
7.39695e-11
7.39695e-11
7.39695e-11
7.39695e-11
7.39695e-11
7.39695e-11
7.39695e-11
7.39695e-11
7.39695e-11
7.39695e-11
7.39695e-11
7.39695e-11
7.39695e-11
7.39695e-11
7.39695e-11
7.39695e-11
7.39695e-11
7.39695e-11
7.39695e-11
7.39695e-11
7.39695e-11
7.39695e-11
7.39695e-11
7.39695e-11
7.39695e-11
7.39695e-11
7.39695e-11
7.39695e-11
7.39695e-11
7.39695e-11
7.39695e-11
7.39695e-11
7.39695e-11
7.39695e-11
7.39695e-11
7.39695e-11
7.39695e-11
7.39695e-11
7.39695e-11
7.39695e-11
7.39695e-11
7.39695e-11
7.39695e-11
7.39695e-11
7.39695e-11
7.39695e-11
7.39695e-11
7.39695e-11
7.39695e-11
7.39695e-11
7.39695e-11
7.39695e-11
7.39695e-11
7.39695e-11
7.39695e-11
7.39695e-11
7.39695e-11
7.39695e-11
7.39695e-11
7.39695e-11
7.39695e-11
7.39695e-11
7.39695e-11
7.39695e-11
7.39695e-11
7.39695e-11
7.39695e-11
7.39695e-11
7.39695e-11
7.39695e-11
7.39695e-11
7.39695e-11
7.39695e-11
7.39695e-11
7.39695e-11
7.39695e-11
7.39695e-11
7.39695e-11
7.39695e-11
7.39695e-11
7.39695e-11
7.39695e-11
7.39695e-11
7.39695e-11
7.39695e-11
7.39695e-11
7.39695e-11
7.39695e-11
7.39695e-11
7.39695e-11
7.39695e-11
7.39695e-11
7.39695e-11
7.39695e-11
7.39695e-11
7.39695e-11
7.39695e-11
7.39695e-11
7.39695e-11
7.39695e-11
7.39695e-11
7.39695e-11
7.39695e-11
7.39695e-11
7.39695e-11
7.39695e-11
7.39695e-11
7.39695e-11
7.39695e-11
7.39695e-11
7.39695e-11
7.39695e-11
7.39695e-11
7.39695e-11
7.39695e-11
7.39695e-11
7.39695e-11
7.39695e-11
7.39695e-11
7.39695e-11
7.39695e-11
7.39695e-11
7.39695e-11
7.39695e-11
7.39695e-11
7.39695e-11
7.39695e-11
7.39695e-11
7.39695e-11
7.39695e-11
7.39695e-11
7.39695e-11
7.39695e-11
7.39695e-11
7.39695e-11
7.39695e-11
7.39695e-11
7.39695e-11
7.39695e-11
7.39695e-11
7.39695e-11
7.39695e-11
7.39695e-11
7.39695e-11
7.39695e-11
7.39695e-11
7.39695e-11
7.39695e-11
7.39695e-11
7.39695e-11
7.39695e-11
7.39695e-11
7.39695e-11
7.39695e-11
7.39695e-11
7.39695e-11
7.39695e-11
7.39695e-11
7.39695e-11
7.39695e-11
7.39695e-11
7.39695e-11
7.39695e-11
7.39695e-11
7.39695e-11
7.39695e-11
7.39695e-11
7.39695e-11
7.39695e-11
7.39695e-11
7.39695e-11
7.39695e-11
7.39695e-11
7.39695e-11
7.39695e-11
7.39695e-11
7.39695e-11
7.39695e-11
7.39695e-11
7.39695e-11
7.39695e-11
7.39695e-11
7.39695e-11
7.39695e-11
7.39695e-11
7.39695e-11
7.39695e-11
7.39695e-11
7.39695e-11
7.39695e-11
7.39695e-11
7.39695e-11
7.39695e-11
7.39695e-11
7.39695e-11
7.39695e-11
7.39695e-11
7.39695e-11
7.39695e-11
7.39695e-11
7.39695e-11
7.39695e-11
7.39695e-11
7.39695e-11
7.39695e-11
7.39695e-11
7.39695e-11
7.39695e-11
7.39695e-11
7.39695e-11
7.39695e-11
7.39695e-11
7.39695e-11
7.39695e-11
7.39695e-11
7.39695e-11
7.39695e-11
7.39695e-11
7.39695e-11
7.39695e-11
7.39695e-11
7.39695e-11
7.39695e-11
7.39695e-11
7.39695e-11
7.39695e-11
7.39695e-11
7.39695e-11
7.39695e-11
7.39695e-11
7.39695e-11
7.39695e-11
7.39695e-11
7.39695e-11
7.39695e-11
7.39695e-11
7.39695e-11
7.39695e-11
7.39695e-11
7.39695e-11
7.39695e-11
7.39695e-11
7.39695e-11
7.39695e-11
7.39695e-11
7.39695e-11
7.39695e-11
7.39695e-11
7.39695e-11
7.39695e-11
7.39695e-11
7.39695e-11
7.39695e-11
7.39695e-11
7.39695e-11
7.39695e-11
7.39695e-11
7.39695e-11
7.39695e-11
7.39695e-11
7.39695e-11
7.39695e-11
7.39695e-11
7.39695e-11
7.39695e-11
7.39695e-11
7.39695e-11
7.39695e-11
7.39695e-11
7.39695e-11
7.39695e-11
7.39695e-11
7.39695e-11
7.39695e-11
7.39695e-11
7.39695e-11
7.39695e-11
7.39695e-11
7.39695e-11
7.39695e-11
7.39695e-11
7.39695e-11
7.39695e-11
7.39695e-11
7.39695e-11
7.39695e-11
7.39695e-11
7.39695e-11
7.39695e-11
7.39695e-11
7.39695e-11
7.39695e-11
7.39695e-11
7.39695e-11
7.39695e-11
7.39695e-11
7.39695e-11
7.39695e-11
7.39695e-11
7.39695e-11
7.39695e-11
7.39695e-11
7.39695e-11
7.39695e-11
7.39695e-11
7.39695e-11
7.39695e-11
7.39695e-11
7.39695e-11
7.39695e-11
7.39695e-11
7.39695e-11
7.39695e-11
7.39695e-11
7.39695e-11
7.39695e-11
7.39695e-11
7.39695e-11
7.39695e-11
7.39695e-11
7.39695e-11
7.39695e-11
7.39695e-11
7.39695e-11
7.39695e-11
7.39695e-11
7.39695e-11
7.39695e-11
7.39695e-11
7.39695e-11
7.39695e-11
7.39695e-11
7.39695e-11
7.39695e-11
7.39695e-11
7.39695e-11
7.39695e-11
7.39695e-11
7.39695e-11
7.39695e-11
7.39695e-11
7.39695e-11
7.39695e-11
7.39695e-11
7.39695e-11
7.39695e-11
7.39695e-11
7.39695e-11
7.39695e-11
7.39695e-11
7.39695e-11
7.39695e-11
7.39695e-11
7.39695e-11
7.39695e-11
7.39695e-11
7.39695e-11
7.39695e-11
7.39695e-11
7.39695e-11
7.39695e-11
7.39695e-11
7.39695e-11
7.39695e-11
7.39695e-11
7.39695e-11
7.39695e-11
7.39695e-11
7.39695e-11
7.39695e-11
7.39695e-11
7.39695e-11
7.39695e-11
7.39695e-11
7.39695e-11
7.39695e-11
7.39695e-11
7.39695e-11
7.39695e-11
7.39695e-11
7.39695e-11
7.39695e-11
7.39695e-11
7.39695e-11
7.39695e-11
7.39695e-11
7.39695e-11
7.39695e-11
7.39695e-11
7.39695e-11
7.39695e-11
7.39695e-11
7.39695e-11
7.39695e-11
7.39695e-11
7.39695e-11
7.39695e-11
7.39695e-11
7.39695e-11
7.39695e-11
7.39695e-11
7.39695e-11
7.39695e-11
7.39695e-11
7.39695e-11
7.39695e-11
7.39695e-11
7.39695e-11
7.39695e-11
7.39695e-11
7.39695e-11
7.39695e-11
7.39695e-11
7.39695e-11
7.39695e-11
7.39695e-11
7.39695e-11
7.39695e-11
7.39695e-11
7.39695e-11
7.39695e-11
7.39695e-11
7.39695e-11
7.39695e-11
7.39695e-11
7.39695e-11
7.39695e-11
7.39695e-11
7.39695e-11
7.39695e-11
7.39695e-11
7.39695e-11
7.39695e-11
7.39695e-11
7.39695e-11
7.39695e-11
7.39695e-11
7.39695e-11
7.39695e-11
7.39695e-11
7.39695e-11
7.39695e-11
7.39695e-11
7.39695e-11
7.39695e-11
7.39695e-11
7.39695e-11
7.39695e-11
7.39695e-11
7.39695e-11
7.39695e-11
7.39695e-11
7.39695e-11
7.39695e-11
7.39695e-11
7.39695e-11
7.39695e-11
7.39695e-11
7.39695e-11
7.39695e-11
7.39695e-11
7.39695e-11
7.39695e-11
7.39695e-11
7.39695e-11
7.39695e-11
7.39695e-11
7.39695e-11
7.39695e-11
7.39695e-11
7.39695e-11
7.39695e-11
7.39695e-11
7.39695e-11
7.39695e-11
7.39695e-11
7.39695e-11
7.39695e-11
7.39695e-11
7.39695e-11
7.39695e-11
7.39695e-11
7.39695e-11
7.39695e-11
7.39695e-11
7.39695e-11
7.39695e-11
7.39695e-11
7.39695e-11
7.39695e-11
7.39695e-11
7.39695e-11
7.39695e-11
7.39695e-11
7.39695e-11
7.39695e-11
7.39695e-11
7.39695e-11
7.39695e-11
7.39695e-11
7.39695e-11
7.39695e-11
7.39695e-11
7.39695e-11
7.39695e-11
7.39695e-11
7.39695e-11
7.39695e-11
7.39695e-11
7.39695e-11
7.39695e-11
7.39695e-11
7.39695e-11
7.39695e-11
7.39695e-11
7.39695e-11
7.39695e-11
7.39695e-11
7.39695e-11
7.39695e-11
7.39695e-11
7.39695e-11
7.39695e-11
7.39695e-11
7.39695e-11
7.39695e-11
7.39695e-11
7.39695e-11
7.39695e-11
7.39695e-11
7.39695e-11
7.39695e-11
7.39695e-11
7.39695e-11
7.39695e-11
7.39695e-11
7.39695e-11
7.39695e-11
7.39695e-11
7.39695e-11
7.39695e-11
7.39695e-11
7.39695e-11
7.39695e-11
7.39695e-11
7.39695e-11
7.39695e-11
7.39695e-11
7.39695e-11
7.39695e-11
7.39695e-11
7.39695e-11
7.39695e-11
7.39695e-11
7.39695e-11
7.39695e-11
7.39695e-11
7.39695e-11
7.39695e-11
7.39695e-11
7.39695e-11
7.39695e-11
7.39695e-11
7.39695e-11
7.39695e-11
7.39695e-11
7.39695e-11
7.39695e-11
7.39695e-11
7.39695e-11
7.39695e-11
7.39695e-11
7.39695e-11
7.39695e-11
7.39695e-11
7.39695e-11
7.39695e-11
7.39695e-11
7.39695e-11
7.39695e-11
7.39695e-11
7.39695e-11
7.39695e-11
7.39695e-11
7.39695e-11
7.39695e-11
7.39695e-11
7.39695e-11
7.39695e-11
7.39695e-11
7.39695e-11
7.39695e-11
7.39695e-11
7.39695e-11
7.39695e-11
7.39695e-11
7.39695e-11
7.39695e-11
7.39695e-11
7.39695e-11
7.39695e-11
7.39695e-11
7.39695e-11
7.39695e-11
7.39695e-11
7.39695e-11
7.39695e-11
7.39695e-11
7.39695e-11
7.39695e-11
7.39695e-11
7.39695e-11
7.39695e-11
7.39695e-11
7.39695e-11
7.39695e-11
7.39695e-11
7.39695e-11
7.39695e-11
7.39695e-11
7.39695e-11
7.39695e-11
7.39695e-11
7.39695e-11
7.39695e-11
7.39695e-11
7.39695e-11
7.39695e-11
7.39695e-11
7.39695e-11
7.39695e-11
7.39695e-11
7.39695e-11
7.39695e-11
7.39695e-11
7.39695e-11
7.39695e-11
7.39695e-11
7.39695e-11
7.39695e-11
7.39695e-11
7.39695e-11
7.39695e-11
7.39695e-11
7.39695e-11
7.39695e-11
7.39695e-11
7.39695e-11
7.39695e-11
7.39695e-11
7.39695e-11
7.39695e-11
7.39695e-11
7.39695e-11
7.39695e-11
7.39695e-11
7.39695e-11
7.39695e-11
7.39695e-11
7.39695e-11
7.39695e-11
7.39695e-11
7.39695e-11
7.39695e-11
7.39695e-11
7.39695e-11
7.39695e-11
7.39695e-11
7.39695e-11
7.39695e-11
7.39695e-11
7.39695e-11
7.39695e-11
7.39695e-11
7.39695e-11
7.39695e-11
7.39695e-11
7.39695e-11
7.39695e-11
7.39695e-11
7.39695e-11
7.39695e-11
7.39695e-11
7.39695e-11
7.39695e-11
7.39695e-11
7.39695e-11
7.39695e-11
7.39695e-11
7.39695e-11
7.39695e-11
7.39695e-11
7.39695e-11
7.39695e-11
7.39695e-11
7.39695e-11
7.39695e-11
7.39695e-11
7.39695e-11
7.39695e-11
7.39695e-11
7.39695e-11
7.39695e-11
7.39695e-11
7.39695e-11
7.39695e-11
7.39695e-11
7.39695e-11
7.39695e-11
7.39695e-11
7.39695e-11
7.39695e-11
7.39695e-11
7.39695e-11
7.39695e-11
7.39695e-11
7.39695e-11
7.39695e-11
7.39695e-11
7.39695e-11
7.39695e-11
7.39695e-11
7.39695e-11
7.39695e-11
7.39695e-11
7.39695e-11
7.39695e-11
7.39695e-11
7.39695e-11
7.39695e-11
7.39695e-11
7.39695e-11
7.39695e-11
7.39695e-11
7.39695e-11
7.39695e-11
7.39695e-11
7.39695e-11
7.39695e-11
7.39695e-11
7.39695e-11
7.39695e-11
7.39695e-11
7.39695e-11
7.39695e-11
7.39695e-11
7.39695e-11
7.39695e-11
7.39695e-11
7.39695e-11
7.39695e-11
7.39695e-11
7.39695e-11
7.39695e-11
7.39695e-11
7.39695e-11
7.39695e-11
7.39695e-11
7.39695e-11
7.39695e-11
7.39695e-11
7.39695e-11
7.39695e-11
7.39695e-11
7.39695e-11
7.39695e-11
7.39695e-11
7.39695e-11
7.39695e-11
7.39695e-11
7.39695e-11
7.39695e-11
7.39695e-11
7.39695e-11
7.39695e-11
7.39695e-11
7.39695e-11
7.39695e-11
7.39695e-11
7.39695e-11
7.39695e-11
7.39695e-11
7.39695e-11
7.39695e-11
7.39695e-11
7.39695e-11
7.39695e-11
7.39695e-11
7.39695e-11
7.39695e-11
7.39695e-11
7.39695e-11
7.39695e-11
7.39695e-11
7.39695e-11
7.39695e-11
7.39695e-11
7.39695e-11
7.39695e-11
7.39695e-11
7.39695e-11
7.39695e-11
7.39695e-11
7.39695e-11
7.39695e-11
7.39695e-11
7.39695e-11
7.39695e-11
7.39695e-11
7.39695e-11
7.39695e-11
7.39695e-11
7.39695e-11
7.39695e-11
7.39695e-11
7.39695e-11
7.39695e-11
7.39695e-11
7.39695e-11
7.39695e-11
7.39695e-11
7.39695e-11
7.39695e-11
7.39695e-11
7.39695e-11
7.39695e-11
7.39695e-11
7.39695e-11
7.39695e-11
7.39695e-11
7.39695e-11
7.39695e-11
7.39695e-11
7.39695e-11
7.39695e-11
7.39695e-11
7.39695e-11
7.39695e-11
7.39695e-11
7.39695e-11
7.39695e-11
7.39695e-11
7.39695e-11
7.39695e-11
7.39695e-11
7.39695e-11
7.39695e-11
7.39695e-11
7.39695e-11
7.39695e-11
7.39695e-11
7.39695e-11
7.39695e-11
7.39695e-11
7.39695e-11
7.39695e-11
7.39695e-11
7.39695e-11
7.39695e-11
7.39695e-11
7.39695e-11
7.39695e-11
7.39695e-11
7.39695e-11
7.39695e-11
7.39695e-11
7.39695e-11
7.39695e-11
7.39695e-11
7.39695e-11
7.39695e-11
7.39695e-11
7.39695e-11
7.39695e-11
7.39695e-11
7.39695e-11
7.39695e-11
7.39695e-11
7.39695e-11
7.39695e-11
7.39695e-11
7.39695e-11
7.39695e-11
7.39695e-11
7.39695e-11
7.39695e-11
7.39695e-11
7.39695e-11
7.39695e-11
7.39695e-11
7.39695e-11
7.39695e-11
7.39695e-11
7.39695e-11
7.39695e-11
7.39695e-11
7.39695e-11
7.39695e-11
7.39695e-11
7.39695e-11
7.39695e-11
7.39695e-11
7.39695e-11
7.39695e-11
7.39695e-11
7.39695e-11
7.39695e-11
7.39695e-11
7.39695e-11
7.39695e-11
7.39695e-11
7.39695e-11
7.39695e-11
7.39695e-11
7.39695e-11
7.39695e-11
7.39695e-11
7.39695e-11
7.39695e-11
7.39695e-11
7.39695e-11
7.39695e-11
7.39695e-11
7.39695e-11
7.39695e-11
7.39695e-11
7.39695e-11
7.39695e-11
7.39695e-11
7.39695e-11
7.39695e-11
7.39695e-11
7.39695e-11
7.39695e-11
7.39695e-11
7.39695e-11
7.39695e-11
7.39695e-11
7.39695e-11
7.39695e-11
7.39695e-11
7.39695e-11
7.39695e-11
7.39695e-11
7.39695e-11
7.39695e-11
7.39695e-11
7.39695e-11
7.39695e-11
7.39695e-11
7.39695e-11
7.39695e-11
7.39695e-11
7.39695e-11
7.39695e-11
7.39695e-11
7.39695e-11
7.39695e-11
7.39695e-11
7.39695e-11
7.39695e-11
7.39695e-11
7.39695e-11
7.39695e-11
7.39695e-11
7.39695e-11
7.39695e-11
7.39695e-11
7.39695e-11
7.39695e-11
7.39695e-11
7.39695e-11
7.39695e-11
7.39695e-11
7.39695e-11
7.39695e-11
7.39695e-11
7.39695e-11
7.39695e-11
7.39695e-11
7.39695e-11
7.39695e-11
7.39695e-11
7.39695e-11
7.39695e-11
7.39695e-11
7.39695e-11
7.39695e-11
7.39695e-11
7.39695e-11
7.39695e-11
7.39695e-11
7.39695e-11
7.39695e-11
7.39695e-11
7.39695e-11
7.39695e-11
7.39695e-11
7.39695e-11
7.39695e-11
7.39695e-11
7.39695e-11
7.39695e-11
7.39695e-11
7.39695e-11
7.39695e-11
7.39695e-11
7.39695e-11
7.39695e-11
7.39695e-11
7.39695e-11
7.39695e-11
7.39695e-11
7.39695e-11
7.39695e-11
7.39695e-11
7.39695e-11
7.39695e-11
7.39695e-11
7.39695e-11
7.39695e-11
7.39695e-11
7.39695e-11
7.39695e-11
7.39695e-11
7.39695e-11
7.39695e-11
7.39695e-11
7.39695e-11
7.39695e-11
7.39695e-11
7.39695e-11
7.39695e-11
7.39695e-11
7.39695e-11
7.39695e-11
7.39695e-11
7.39695e-11
7.39695e-11
7.39695e-11
7.39695e-11
7.39695e-11
7.39695e-11
7.39695e-11
7.39695e-11
7.39695e-11
7.39695e-11
7.39695e-11
7.39695e-11
7.39695e-11
7.39695e-11
7.39695e-11
7.39695e-11
7.39695e-11
7.39695e-11
7.39695e-11
7.39695e-11
7.39695e-11
7.39695e-11
7.39695e-11
7.39695e-11
7.39695e-11
7.39695e-11
7.39695e-11
7.39695e-11
7.39695e-11
7.39695e-11
7.39695e-11
7.39695e-11
7.39695e-11
7.39695e-11
7.39695e-11
7.39695e-11
7.39695e-11
7.39695e-11
7.39695e-11
7.39695e-11
7.39695e-11
7.39695e-11
7.39695e-11
7.39695e-11
7.39695e-11
7.39695e-11
7.39695e-11
7.39695e-11
7.39695e-11
7.39695e-11
7.39695e-11
7.39695e-11
7.39695e-11
7.39695e-11
7.39695e-11
7.39695e-11
7.39695e-11
7.39695e-11
7.39695e-11
7.39695e-11
7.39695e-11
7.39695e-11
7.39695e-11
7.39695e-11
7.39695e-11
7.39695e-11
7.39695e-11
7.39695e-11
7.39695e-11
7.39695e-11
7.39695e-11
7.39695e-11
7.39695e-11
7.39695e-11
7.39695e-11
7.39695e-11
7.39695e-11
7.39695e-11
7.39695e-11
7.39695e-11
7.39695e-11
7.39695e-11
7.39695e-11
7.39695e-11
7.39695e-11
7.39695e-11
7.39695e-11
7.39695e-11
7.39695e-11
7.39695e-11
7.39695e-11
7.39695e-11
7.39695e-11
7.39695e-11
7.39695e-11
7.39695e-11
7.39695e-11
7.39695e-11
7.39695e-11
7.39695e-11
7.39695e-11
7.39695e-11
7.39695e-11
7.39695e-11
7.39695e-11
7.39695e-11
7.39695e-11
7.39695e-11
7.39695e-11
7.39695e-11
7.39695e-11
7.39695e-11
7.39695e-11
7.39695e-11
7.39695e-11
7.39695e-11
7.39695e-11
7.39695e-11
7.39695e-11
7.39695e-11
7.39695e-11
7.39695e-11
7.39695e-11
7.39695e-11
7.39695e-11
7.39695e-11
7.39695e-11
7.39695e-11
7.39695e-11
7.39695e-11
7.39695e-11
7.39695e-11
7.39695e-11
7.39695e-11
7.39695e-11
7.39695e-11
7.39695e-11
7.39695e-11
7.39695e-11
7.39695e-11
7.39695e-11
7.39695e-11
7.39695e-11
7.39695e-11
7.39695e-11
7.39695e-11
7.39695e-11
7.39695e-11
7.39695e-11
7.39695e-11
7.39695e-11
7.39695e-11
7.39695e-11
7.39695e-11
7.39695e-11
7.39695e-11
7.39695e-11
7.39695e-11
7.39695e-11
7.39695e-11
7.39695e-11
7.39695e-11
7.39695e-11
7.39695e-11
7.39695e-11
7.39695e-11
7.39695e-11
7.39695e-11
7.39695e-11
7.39695e-11
7.39695e-11
7.39695e-11
7.39695e-11
7.39695e-11
7.39695e-11
7.39695e-11
7.39695e-11
7.39695e-11
7.39695e-11
7.39695e-11
7.39695e-11
7.39695e-11
7.39695e-11
7.39695e-11
7.39695e-11
7.39695e-11
7.39695e-11
7.39695e-11
7.39695e-11
7.39695e-11
7.39695e-11
7.39695e-11
7.39695e-11
7.39695e-11
7.39695e-11
7.39695e-11
7.39695e-11
7.39695e-11
7.39695e-11
7.39695e-11
7.39695e-11
7.39695e-11
7.39695e-11
7.39695e-11
7.39695e-11
7.39695e-11
7.39695e-11
7.39695e-11
7.39695e-11
7.39695e-11
7.39695e-11
7.39695e-11
7.39695e-11
7.39695e-11
7.39695e-11
7.39695e-11
7.39695e-11
7.39695e-11
7.39695e-11
7.39695e-11
7.39695e-11
7.39695e-11
7.39695e-11
7.39695e-11
7.39695e-11
7.39695e-11
7.39695e-11
7.39695e-11
7.39695e-11
7.39695e-11
7.39695e-11
7.39695e-11
7.39695e-11
7.39695e-11
7.39695e-11
7.39695e-11
7.39695e-11
7.39695e-11
7.39695e-11
7.39695e-11
7.39695e-11
7.39695e-11
7.39695e-11
7.39695e-11
7.39695e-11
7.39695e-11
7.39695e-11
7.39695e-11
7.39695e-11
7.39695e-11
7.39695e-11
7.39695e-11
7.39695e-11
7.39695e-11
7.39695e-11
7.39695e-11
7.39695e-11
7.39695e-11
7.39695e-11
7.39695e-11
7.39695e-11
7.39695e-11
7.39695e-11
7.39695e-11
7.39695e-11
7.39695e-11
7.39695e-11
7.39695e-11
7.39695e-11
7.39695e-11
7.39695e-11
7.39695e-11
7.39695e-11
7.39695e-11
7.39695e-11
7.39695e-11
7.39695e-11
7.39695e-11
7.39695e-11
7.39695e-11
7.39695e-11
7.39695e-11
7.39695e-11
7.39695e-11
7.39695e-11
7.39695e-11
7.39695e-11
7.39695e-11
7.39695e-11
7.39695e-11
7.39695e-11
7.39695e-11
7.39695e-11
7.39695e-11
7.39695e-11
7.39695e-11
7.39695e-11
7.39695e-11
7.39695e-11
7.39695e-11
7.39695e-11
7.39695e-11
7.39695e-11
7.39695e-11
7.39695e-11
7.39695e-11
7.39695e-11
7.39695e-11
7.39695e-11
7.39695e-11
7.39695e-11
7.39695e-11
7.39695e-11
7.39695e-11
7.39695e-11
7.39695e-11
7.39695e-11
7.39695e-11
7.39695e-11
7.39695e-11
7.39695e-11
7.39695e-11
7.39695e-11
7.39695e-11
7.39695e-11
7.39695e-11
7.39695e-11
7.39695e-11
7.39695e-11
7.39695e-11
7.39695e-11
7.39695e-11
7.39695e-11
7.39695e-11
7.39695e-11
7.39695e-11
7.39695e-11
7.39695e-11
7.39695e-11
7.39695e-11
7.39695e-11
7.39695e-11
7.39695e-11
7.39695e-11
7.39695e-11
7.39695e-11
7.39695e-11
7.39695e-11
7.39695e-11
7.39695e-11
7.39695e-11
7.39695e-11
7.39695e-11
7.39695e-11
7.39695e-11
7.39695e-11
7.39695e-11
7.39695e-11
7.39695e-11
7.39695e-11
7.39695e-11
7.39695e-11
7.39695e-11
7.39695e-11
7.39695e-11
7.39695e-11
7.39695e-11
7.39695e-11
7.39695e-11
7.39695e-11
7.39695e-11
7.39695e-11
7.39695e-11
7.39695e-11
7.39695e-11
7.39695e-11
7.39695e-11
7.39695e-11
7.39695e-11
7.39695e-11
7.39695e-11
7.39695e-11
7.39695e-11
7.39695e-11
7.39695e-11
7.39695e-11
7.39695e-11
7.39695e-11
7.39695e-11
7.39695e-11
7.39695e-11
7.39695e-11
7.39695e-11
7.39695e-11
7.39695e-11
7.39695e-11
7.39695e-11
7.39695e-11
7.39695e-11
7.39695e-11
7.39695e-11
7.39695e-11
7.39695e-11
7.39695e-11
7.39695e-11
7.39695e-11
7.39695e-11
7.39695e-11
7.39695e-11
7.39695e-11
7.39695e-11
7.39695e-11
7.39695e-11
7.39695e-11
7.39695e-11
7.39695e-11
7.39695e-11
7.39695e-11
7.39695e-11
7.39695e-11
7.39695e-11
7.39695e-11
7.39695e-11
7.39695e-11
7.39695e-11
7.39695e-11
7.39695e-11
7.39695e-11
7.39695e-11
7.39695e-11
7.39695e-11
7.39695e-11
7.39695e-11
7.39695e-11
7.39695e-11
7.39695e-11
7.39695e-11
7.39695e-11
7.39695e-11
7.39695e-11
7.39695e-11
7.39695e-11
7.39695e-11
7.39695e-11
7.39695e-11
7.39695e-11
7.39695e-11
7.39695e-11
7.39695e-11
7.39695e-11
7.39695e-11
7.39695e-11
7.39695e-11
7.39695e-11
7.39695e-11
7.39695e-11
7.39695e-11
7.39695e-11
7.39695e-11
7.39695e-11
7.39695e-11
7.39695e-11
7.39695e-11
7.39695e-11
7.39695e-11
7.39695e-11
7.39695e-11
7.39695e-11
7.39695e-11
7.39695e-11
7.39695e-11
7.39695e-11
7.39695e-11
7.39695e-11
7.39695e-11
7.39695e-11
7.39695e-11
7.39695e-11
7.39695e-11
7.39695e-11
7.39695e-11
7.39695e-11
7.39695e-11
7.39695e-11
7.39695e-11
7.39695e-11
7.39695e-11
7.39695e-11
7.39695e-11
7.39695e-11
7.39695e-11
7.39695e-11
7.39695e-11
7.39695e-11
7.39695e-11
7.39695e-11
7.39695e-11
7.39695e-11
7.39695e-11
7.39695e-11
7.39695e-11
7.39695e-11
7.39695e-11
7.39695e-11
7.39695e-11
7.39695e-11
7.39695e-11
7.39695e-11
7.39695e-11
7.39695e-11
7.39695e-11
7.39695e-11
7.39695e-11
7.39695e-11
7.39695e-11
7.39695e-11
7.39695e-11
7.39695e-11
7.39695e-11
7.39695e-11
7.39695e-11
7.39695e-11
7.39695e-11
7.39695e-11
7.39695e-11
7.39695e-11
7.39695e-11
7.39695e-11
7.39695e-11
7.39695e-11
7.39695e-11
7.39695e-11
7.39695e-11
7.39695e-11
7.39695e-11
7.39695e-11
7.39695e-11
7.39695e-11
7.39695e-11
7.39695e-11
7.39695e-11
7.39695e-11
7.39695e-11
7.39695e-11
7.39695e-11
7.39695e-11
7.39695e-11
7.39695e-11
7.39695e-11
7.39695e-11
7.39695e-11
7.39695e-11
7.39695e-11
7.39695e-11
7.39695e-11
7.39695e-11
7.39695e-11
7.39695e-11
7.39695e-11
7.39695e-11
7.39695e-11
7.39695e-11
7.39695e-11
7.39695e-11
7.39695e-11
7.39695e-11
7.39695e-11
7.39695e-11
7.39695e-11
7.39695e-11
7.39695e-11
7.39695e-11
7.39695e-11
7.39695e-11
7.39695e-11
7.39695e-11
7.39695e-11
7.39695e-11
7.39695e-11
7.39695e-11
7.39695e-11
7.39695e-11
7.39695e-11
7.39695e-11
7.39695e-11
7.39695e-11
7.39695e-11
7.39695e-11
7.39695e-11
7.39695e-11
7.39695e-11
7.39695e-11
7.39695e-11
7.39695e-11
7.39695e-11
7.39695e-11
7.39695e-11
7.39695e-11
7.39695e-11
7.39695e-11
7.39695e-11
7.39695e-11
7.39695e-11
7.39695e-11
7.39695e-11
7.39695e-11
7.39695e-11
7.39695e-11
7.39695e-11
7.39695e-11
7.39695e-11
7.39695e-11
7.39695e-11
7.39695e-11
7.39695e-11
7.39695e-11
7.39695e-11
7.39695e-11
7.39695e-11
7.39695e-11
7.39695e-11
7.39695e-11
7.39695e-11
7.39695e-11
7.39695e-11
7.39695e-11
7.39695e-11
7.39695e-11
7.39695e-11
7.39695e-11
7.39695e-11
7.39695e-11
7.39695e-11
7.39695e-11
7.39695e-11
7.39695e-11
7.39695e-11
7.39695e-11
7.39695e-11
7.39695e-11
7.39695e-11
7.39695e-11
7.39695e-11
7.39695e-11
7.39695e-11
7.39695e-11
7.39695e-11
7.39695e-11
7.39695e-11
7.39695e-11
7.39695e-11
7.39695e-11
7.39695e-11
7.39695e-11
7.39695e-11
7.39695e-11
7.39695e-11
7.39695e-11
7.39695e-11
7.39695e-11
7.39695e-11
7.39695e-11
7.39695e-11
7.39695e-11
7.39695e-11
7.39695e-11
7.39695e-11
7.39695e-11
7.39695e-11
7.39695e-11
7.39695e-11
7.39695e-11
7.39695e-11
7.39695e-11
7.39695e-11
7.39695e-11
7.39695e-11
7.39695e-11
7.39695e-11
7.39695e-11
