1.82182e+06
17546.1
17546.1
3604.26
3604.26
3604.26
3604.26
3604.26
3604.26
3604.26
1504.84
361.607
352.648
271.073
72.5751
35.1816
22.3807
21.6166
19.4687
19.4687
19.4687
19.4687
19.4687
19.4687
19.4687
19.4687
19.4687
19.4687
19.4687
19.4687
19.4687
19.4687
19.4687
19.4687
19.4687
19.4687
19.4687
19.4687
19.4687
19.4687
19.4687
19.4687
19.4687
19.4687
19.4687
19.4687
19.4687
19.4687
19.4687
19.4687
19.4687
16.8545
16.8545
16.8545
16.8545
16.8545
16.8545
16.8545
16.8545
16.8545
14.1418
14.1418
11.6303
11.6303
11.6303
11.6303
11.6303
11.6303
11.6303
11.6303
11.6303
11.6303
11.6303
11.6303
11.6303
11.6303
11.6303
11.6303
11.6303
11.6303
11.6303
11.6303
11.6303
11.6303
11.6303
11.6303
11.6303
11.6303
11.6303
11.6303
11.6303
11.6303
11.6303
11.6303
11.6303
11.6303
11.6303
11.6303
11.6303
11.6303
11.6303
11.6303
11.6303
11.6303
11.6303
11.6303
11.6303
11.6303
11.6303
11.6303
11.6303
11.6303
11.6303
11.6303
11.6303
11.6303
11.6303
11.6303
11.6303
11.6303
11.6303
11.6303
11.6303
11.6303
11.6303
11.6303
11.6303
11.6303
11.6303
11.6303
11.6303
11.6303
11.6303
11.6303
11.6303
11.6303
11.6303
11.6303
11.6303
11.6303
11.6303
11.6303
11.6303
11.6303
11.6303
11.6303
11.6303
11.6303
11.6303
11.6303
11.6303
11.6303
11.6303
11.6303
11.6303
11.6303
11.6303
11.6303
11.6303
11.6303
11.6303
11.6303
11.6303
11.6303
11.6303
11.6303
11.6303
11.6303
11.6303
11.6303
11.6303
11.6303
11.6303
9.63258
9.63258
9.63258
9.63258
9.63258
9.63258
9.63258
9.63258
9.63258
9.63258
9.63258
9.63258
9.63258
9.63258
9.63258
9.63258
9.63258
9.63258
9.63258
9.63258
9.63258
9.63258
9.63258
9.63258
9.63258
9.63258
9.63258
9.63258
9.63258
9.63258
9.63258
9.63258
9.63258
9.63258
9.63258
9.63258
9.63258
9.63258
9.63258
9.63258
9.63258
9.63258
9.63258
9.63258
9.63258
9.63258
9.63258
9.63258
9.63258
9.63258
9.63258
9.63258
9.63258
9.63258
9.63258
9.63258
9.63258
9.63258
9.63258
9.63258
9.63258
9.63258
9.63258
9.63258
9.63258
9.63258
9.63258
9.63258
9.63258
9.63258
9.63258
9.63258
9.63258
9.63258
9.63258
9.63258
9.63258
9.63258
9.63258
9.63258
9.63258
9.63258
9.63258
9.63258
9.63258
9.63258
9.63258
9.63258
9.63258
9.63258
9.63258
9.63258
9.63258
9.63258
9.63258
9.63258
9.63258
9.63258
9.63258
9.63258
9.63258
9.63258
9.63258
9.63258
9.63258
9.63258
9.63258
9.63258
9.63258
9.63258
9.63258
9.63258
9.63258
9.63258
9.63258
9.63258
9.63258
9.63258
9.63258
9.63258
9.63258
9.63258
9.63258
9.63258
9.63258
9.63258
9.63258
9.63258
9.63258
9.63258
9.63258
9.63258
9.63258
9.63258
9.63258
9.63258
9.63258
9.63258
9.63258
9.63258
9.63258
9.63258
9.63258
9.63258
9.63258
9.63258
9.63258
9.63258
9.63258
9.63258
9.63258
9.63258
9.63258
9.63258
9.63258
9.63258
9.63258
9.63258
9.63258
9.63258
9.63258
9.63258
9.63258
9.63258
9.63258
9.63258
9.63258
9.63258
9.63258
9.63258
9.63258
9.63258
9.63258
9.63258
9.63258
9.63258
9.63258
9.63258
9.63258
9.63258
9.63258
9.63258
9.63258
9.63258
9.63258
9.63258
9.63258
9.63258
9.63258
9.63258
9.63258
9.63258
9.63258
9.63258
9.63258
9.63258
9.63258
9.63258
9.63258
9.63258
9.63258
9.63258
9.63258
9.63258
9.63258
9.63258
9.63258
9.63258
9.63258
9.63258
9.63258
9.63258
9.63258
9.63258
9.63258
9.63258
9.63258
9.63258
9.63258
9.63258
9.63258
9.63258
9.63258
9.63258
9.63258
9.63258
9.63258
9.63258
9.63258
9.63258
9.63258
9.63258
9.63258
9.63258
9.63258
9.63258
9.63258
9.63258
9.63258
9.63258
9.63258
9.63258
9.63258
9.63258
9.63258
9.63258
9.63258
9.63258
9.63258
9.63258
9.63258
9.63258
9.63258
9.63258
9.63258
9.63258
9.63258
9.63258
9.63258
9.63258
9.63258
9.63258
9.63258
9.63258
9.63258
9.63258
9.63258
9.63258
9.63258
9.63258
9.63258
9.63258
9.63258
9.63258
9.63258
9.63258
9.63258
9.63258
9.63258
9.63258
9.63258
9.63258
9.63258
9.63258
9.63258
9.63258
9.63258
9.63258
9.63258
9.63258
9.63258
9.63258
9.63258
9.63258
9.63258
9.63258
9.63258
9.63258
9.63258
9.63258
9.63258
9.63258
9.63258
9.63258
9.63258
9.63258
9.63258
9.63258
9.63258
9.63258
9.63258
9.63258
9.63258
9.63258
9.63258
9.63258
9.63258
9.63258
9.63258
9.63258
9.63258
9.63258
9.63258
9.63258
9.63258
9.63258
9.63258
9.63258
9.63258
9.63258
9.63258
9.63258
9.63258
9.63258
9.63258
9.63258
9.63258
9.63258
9.63258
9.63258
9.63258
9.63258
9.63258
9.63258
9.63258
9.63258
9.63258
9.63258
9.63258
9.63258
9.63258
6.14262
5.65356
5.65356
5.65356
5.65356
5.65356
5.65356
5.65356
5.65356
5.65356
4.97153
4.97153
4.97153
4.97153
4.82857
4.82857
4.82857
4.82857
4.74053
4.74053
4.74053
4.74053
4.74053
4.74053
4.74053
4.74053
4.74053
4.65515
4.57469
4.57469
4.57469
4.54662
4.54662
4.49085
4.47786
4.45547
4.44477
4.44477
4.44477
4.41586
4.41396
4.40547
4.39802
4.38098
4.38098
4.38098
4.38098
4.37984
4.37984
4.37984
4.37984
4.37984
4.37984
4.37984
4.37984
4.37984
4.37984
4.37984
4.37984
4.37984
4.37984
4.37984
4.37984
4.37984
4.37984
4.37952
4.37915
4.37872
4.37725
4.37725
4.37725
4.37725
4.37725
4.37725
4.37725
4.37619
4.37619
4.37619
4.37619
4.37619
4.37606
4.37606
4.37606
4.37593
4.37593
4.37573
4.37573
4.37573
4.37573
4.37573
4.37573
4.37573
4.37573
4.37573
4.37573
4.37573
4.37573
4.37573
4.37573
4.37573
4.37573
4.37573
4.37573
4.37573
4.37573
4.37573
4.37573
4.37573
4.37573
4.37573
4.37573
4.37573
4.37573
4.37573
4.37573
4.37573
4.37573
4.37573
4.37573
4.37573
4.37573
4.37573
4.37573
4.37573
4.37573
4.37573
4.37573
3.1489
3.1489
3.1489
1.6369
1.6369
1.6369
1.6369
1.6369
1.6369
1.20625
1.20625
1.20625
1.20625
0.929021
0.929021
0.929021
0.388533
0.388533
0.388533
0.24399
0.240481
0.154506
0.0732229
0.0732229
0.0535352
0.0395164
0.0121061
0.00767576
0.00274832
0.000690347
7.32237e-05
7.32237e-05
1.92284e-05
3.86007e-06
1.88329e-06
1.88329e-06
1.88329e-06
1.88329e-06
1.88329e-06
2.96168e-07
2.54961e-07
6.24509e-08
6.24509e-08
1.26249e-08
1.26249e-08
1.26249e-08
8.98717e-09
8.59035e-09
2.13451e-09
2.13451e-09
2.13451e-09
2.13451e-09
1.72732e-09
6.61014e-10
5.07959e-10
1.09395e-10
6.08574e-11
6.08574e-11
1.21635e-11
1.21635e-11
1.21635e-11
1.01579e-11
1.01579e-11
1.01579e-11
1.01579e-11
1.01579e-11
1.01579e-11
1.01579e-11
1.01579e-11
1.01579e-11
1.01579e-11
1.01579e-11
1.01579e-11
1.01579e-11
1.01579e-11
1.01579e-11
1.01579e-11
1.01579e-11
1.01579e-11
1.01579e-11
1.01579e-11
1.01579e-11
1.01579e-11
1.01579e-11
1.01579e-11
1.01579e-11
1.01579e-11
1.01579e-11
1.01579e-11
1.01579e-11
1.01579e-11
1.01579e-11
1.01579e-11
1.01579e-11
1.01579e-11
1.01579e-11
1.01579e-11
1.01579e-11
1.01579e-11
1.01579e-11
1.01579e-11
1.01579e-11
1.01579e-11
1.01579e-11
1.01579e-11
1.01579e-11
1.01579e-11
1.01579e-11
1.01579e-11
1.01579e-11
1.01579e-11
1.01579e-11
1.01579e-11
1.01579e-11
1.01579e-11
1.01579e-11
1.01579e-11
1.01579e-11
1.01579e-11
1.01579e-11
1.01579e-11
1.01579e-11
1.01579e-11
1.01579e-11
1.01579e-11
1.01579e-11
1.01579e-11
1.01579e-11
1.01579e-11
1.01579e-11
1.01579e-11
1.01579e-11
1.01579e-11
1.01579e-11
1.01579e-11
1.01579e-11
1.01579e-11
1.01579e-11
1.01579e-11
1.01579e-11
1.01579e-11
1.01579e-11
1.01579e-11
1.01579e-11
1.01579e-11
1.01579e-11
1.01579e-11
1.01579e-11
1.01579e-11
1.01579e-11
1.01579e-11
1.01579e-11
1.01579e-11
1.01579e-11
1.01579e-11
1.01579e-11
1.01579e-11
1.01579e-11
1.01579e-11
1.01579e-11
1.01579e-11
1.01579e-11
1.01579e-11
1.01579e-11
1.01579e-11
1.01579e-11
1.01579e-11
1.01579e-11
1.01579e-11
1.01579e-11
1.01579e-11
1.01579e-11
1.01579e-11
1.01579e-11
1.01579e-11
1.01579e-11
1.01579e-11
1.01579e-11
1.01579e-11
1.01579e-11
1.01579e-11
1.01579e-11
1.01579e-11
1.01579e-11
1.01579e-11
1.01579e-11
1.01579e-11
1.01579e-11
1.01579e-11
1.01579e-11
1.01579e-11
1.01579e-11
1.01579e-11
1.01579e-11
1.01579e-11
1.01579e-11
1.01579e-11
1.01579e-11
1.01579e-11
1.01579e-11
1.01579e-11
1.01579e-11
1.01579e-11
1.01579e-11
1.01579e-11
1.01579e-11
1.01579e-11
1.01579e-11
1.01579e-11
1.01579e-11
1.01579e-11
1.01579e-11
1.01579e-11
1.01579e-11
1.01579e-11
1.01579e-11
1.01579e-11
1.01579e-11
1.01579e-11
1.01579e-11
1.01579e-11
1.01579e-11
1.01579e-11
1.01579e-11
1.01579e-11
1.01579e-11
1.01579e-11
1.01579e-11
1.01579e-11
1.01579e-11
1.01579e-11
1.01579e-11
1.01579e-11
1.01579e-11
1.01579e-11
1.01579e-11
1.01579e-11
1.01579e-11
1.01579e-11
1.01579e-11
1.01579e-11
1.01579e-11
1.01579e-11
1.01579e-11
1.01579e-11
1.01579e-11
1.01579e-11
1.01579e-11
1.01579e-11
1.01579e-11
1.01579e-11
1.01579e-11
1.01579e-11
1.01579e-11
1.01579e-11
1.01579e-11
1.01579e-11
1.01579e-11
1.01579e-11
1.01579e-11
1.01579e-11
1.01579e-11
1.01579e-11
1.01579e-11
1.01579e-11
1.01579e-11
1.01579e-11
1.01579e-11
1.01579e-11
1.01579e-11
1.01579e-11
1.01579e-11
1.01579e-11
1.01579e-11
1.01579e-11
1.01579e-11
1.01579e-11
1.01579e-11
1.01579e-11
1.01579e-11
1.01579e-11
1.01579e-11
1.01579e-11
1.01579e-11
1.01579e-11
1.01579e-11
1.01579e-11
1.01579e-11
1.01579e-11
1.01579e-11
1.01579e-11
1.01579e-11
1.01579e-11
1.01579e-11
1.01579e-11
1.01579e-11
1.01579e-11
1.01579e-11
1.01579e-11
1.01579e-11
1.01579e-11
1.01579e-11
1.01579e-11
1.01579e-11
1.01579e-11
1.01579e-11
1.01579e-11
1.01579e-11
1.01579e-11
1.01579e-11
1.01579e-11
1.01579e-11
1.01579e-11
1.01579e-11
1.01579e-11
1.01579e-11
1.01579e-11
1.01579e-11
1.01579e-11
1.01579e-11
1.01579e-11
1.01579e-11
1.01579e-11
1.01579e-11
1.01579e-11
1.01579e-11
1.01579e-11
1.01579e-11
1.01579e-11
1.01579e-11
1.01579e-11
1.01579e-11
1.01579e-11
1.01579e-11
1.01579e-11
1.01579e-11
1.01579e-11
1.01579e-11
1.01579e-11
1.01579e-11
1.01579e-11
1.01579e-11
1.01579e-11
1.01579e-11
1.01579e-11
1.01579e-11
1.01579e-11
1.01579e-11
1.01579e-11
1.01579e-11
1.01579e-11
1.01579e-11
1.01579e-11
1.01579e-11
1.01579e-11
1.01579e-11
1.01579e-11
1.01579e-11
1.01579e-11
1.01579e-11
1.01579e-11
1.01579e-11
1.01579e-11
1.01579e-11
1.01579e-11
1.01579e-11
1.01579e-11
1.01579e-11
1.01579e-11
1.01579e-11
1.01579e-11
1.01579e-11
1.01579e-11
1.01579e-11
1.01579e-11
1.01579e-11
1.01579e-11
1.01579e-11
1.01579e-11
1.01579e-11
1.01579e-11
1.01579e-11
1.01579e-11
1.01579e-11
1.01579e-11
1.01579e-11
1.01579e-11
1.01579e-11
1.01579e-11
1.01579e-11
1.01579e-11
1.01579e-11
1.01579e-11
1.01579e-11
1.01579e-11
1.01579e-11
1.01579e-11
1.01579e-11
1.01579e-11
1.01579e-11
1.01579e-11
1.01579e-11
1.01579e-11
1.01579e-11
1.01579e-11
1.01579e-11
1.01579e-11
1.01579e-11
1.01579e-11
1.01579e-11
1.01579e-11
1.01579e-11
1.01579e-11
1.01579e-11
1.01579e-11
1.01579e-11
1.01579e-11
1.01579e-11
1.01579e-11
1.01579e-11
1.01579e-11
1.01579e-11
1.01579e-11
1.01579e-11
1.01579e-11
1.01579e-11
1.01579e-11
1.01579e-11
1.01579e-11
1.01579e-11
1.01579e-11
1.01579e-11
1.01579e-11
1.01579e-11
1.01579e-11
1.01579e-11
1.01579e-11
1.01579e-11
1.01579e-11
1.01579e-11
1.01579e-11
1.01579e-11
1.01579e-11
1.01579e-11
1.01579e-11
1.01579e-11
1.01579e-11
1.01579e-11
1.01579e-11
1.01579e-11
1.01579e-11
1.01579e-11
1.01579e-11
1.01579e-11
1.01579e-11
1.01579e-11
1.01579e-11
1.01579e-11
1.01579e-11
1.01579e-11
1.01579e-11
1.01579e-11
1.01579e-11
1.01579e-11
1.01579e-11
1.01579e-11
1.01579e-11
1.01579e-11
1.01579e-11
1.01579e-11
1.01579e-11
1.01579e-11
1.01579e-11
1.01579e-11
1.01579e-11
1.01579e-11
1.01579e-11
1.01579e-11
1.01579e-11
1.01579e-11
1.01579e-11
1.01579e-11
1.01579e-11
1.01579e-11
1.01579e-11
1.01579e-11
1.01579e-11
1.01579e-11
1.01579e-11
1.01579e-11
1.01579e-11
1.01579e-11
1.01579e-11
1.01579e-11
1.01579e-11
1.01579e-11
1.01579e-11
1.01579e-11
1.01579e-11
1.01579e-11
1.01579e-11
1.01579e-11
1.01579e-11
1.01579e-11
1.01579e-11
1.01579e-11
1.01579e-11
1.01579e-11
1.01579e-11
1.01579e-11
1.01579e-11
1.01579e-11
1.01579e-11
1.01579e-11
1.01579e-11
1.01579e-11
1.01579e-11
1.01579e-11
1.01579e-11
1.01579e-11
1.01579e-11
1.01579e-11
1.01579e-11
1.01579e-11
1.01579e-11
1.01579e-11
1.01579e-11
1.01579e-11
1.01579e-11
1.01579e-11
1.01579e-11
1.01579e-11
1.01579e-11
1.01579e-11
1.01579e-11
1.01579e-11
1.01579e-11
1.01579e-11
1.01579e-11
1.01579e-11
1.01579e-11
1.01579e-11
1.01579e-11
1.01579e-11
1.01579e-11
1.01579e-11
1.01579e-11
1.01579e-11
1.01579e-11
1.01579e-11
1.01579e-11
1.01579e-11
1.01579e-11
1.01579e-11
1.01579e-11
1.01579e-11
1.01579e-11
1.01579e-11
1.01579e-11
1.01579e-11
1.01579e-11
1.01579e-11
1.01579e-11
1.01579e-11
1.01579e-11
1.01579e-11
1.01579e-11
1.01579e-11
1.01579e-11
1.01579e-11
1.01579e-11
1.01579e-11
1.01579e-11
1.01579e-11
1.01579e-11
1.01579e-11
1.01579e-11
1.01579e-11
1.01579e-11
1.01579e-11
1.01579e-11
1.01579e-11
1.01579e-11
1.01579e-11
1.01579e-11
1.01579e-11
1.01579e-11
1.01579e-11
1.01579e-11
1.01579e-11
1.01579e-11
1.01579e-11
1.01579e-11
1.01579e-11
1.01579e-11
1.01579e-11
1.01579e-11
1.01579e-11
1.01579e-11
1.01579e-11
1.01579e-11
1.01579e-11
1.01579e-11
1.01579e-11
1.01579e-11
1.01579e-11
1.01579e-11
1.01579e-11
1.01579e-11
1.01579e-11
1.01579e-11
1.01579e-11
1.01579e-11
1.01579e-11
1.01579e-11
1.01579e-11
1.01579e-11
1.01579e-11
1.01579e-11
1.01579e-11
1.01579e-11
1.01579e-11
1.01579e-11
1.01579e-11
1.01579e-11
1.01579e-11
1.01579e-11
1.01579e-11
1.01579e-11
1.01579e-11
1.01579e-11
1.01579e-11
1.01579e-11
1.01579e-11
1.01579e-11
1.01579e-11
1.01579e-11
1.01579e-11
1.01579e-11
1.01579e-11
1.01579e-11
1.01579e-11
1.01579e-11
1.01579e-11
1.01579e-11
1.01579e-11
1.01579e-11
1.01579e-11
1.01579e-11
1.01579e-11
1.01579e-11
1.01579e-11
1.01579e-11
1.01579e-11
1.01579e-11
1.01579e-11
1.01579e-11
1.01579e-11
1.01579e-11
1.01579e-11
1.01579e-11
1.01579e-11
1.01579e-11
1.01579e-11
1.01579e-11
1.01579e-11
1.01579e-11
1.01579e-11
1.01579e-11
1.01579e-11
1.01579e-11
1.01579e-11
1.01579e-11
1.01579e-11
1.01579e-11
1.01579e-11
1.01579e-11
1.01579e-11
1.01579e-11
1.01579e-11
1.01579e-11
1.01579e-11
1.01579e-11
1.01579e-11
1.01579e-11
1.01579e-11
1.01579e-11
1.01579e-11
1.01579e-11
1.01579e-11
1.01579e-11
1.01579e-11
1.01579e-11
1.01579e-11
1.01579e-11
1.01579e-11
1.01579e-11
1.01579e-11
1.01579e-11
1.01579e-11
1.01579e-11
1.01579e-11
1.01579e-11
1.01579e-11
1.01579e-11
1.01579e-11
1.01579e-11
1.01579e-11
1.01579e-11
1.01579e-11
1.01579e-11
1.01579e-11
1.01579e-11
1.01579e-11
1.01579e-11
1.01579e-11
1.01579e-11
1.01579e-11
1.01579e-11
1.01579e-11
1.01579e-11
1.01579e-11
1.01579e-11
1.01579e-11
1.01579e-11
1.01579e-11
1.01579e-11
1.01579e-11
1.01579e-11
1.01579e-11
1.01579e-11
1.01579e-11
1.01579e-11
1.01579e-11
1.01579e-11
1.01579e-11
1.01579e-11
1.01579e-11
1.01579e-11
1.01579e-11
1.01579e-11
1.01579e-11
1.01579e-11
1.01579e-11
1.01579e-11
1.01579e-11
1.01579e-11
1.01579e-11
1.01579e-11
1.01579e-11
1.01579e-11
1.01579e-11
1.01579e-11
1.01579e-11
1.01579e-11
1.01579e-11
1.01579e-11
1.01579e-11
1.01579e-11
1.01579e-11
1.01579e-11
1.01579e-11
1.01579e-11
1.01579e-11
1.01579e-11
1.01579e-11
1.01579e-11
1.01579e-11
1.01579e-11
1.01579e-11
1.01579e-11
1.01579e-11
1.01579e-11
1.01579e-11
1.01579e-11
1.01579e-11
1.01579e-11
1.01579e-11
1.01579e-11
1.01579e-11
1.01579e-11
1.01579e-11
1.01579e-11
1.01579e-11
1.01579e-11
1.01579e-11
1.01579e-11
1.01579e-11
1.01579e-11
1.01579e-11
1.01579e-11
1.01579e-11
1.01579e-11
1.01579e-11
1.01579e-11
1.01579e-11
1.01579e-11
1.01579e-11
1.01579e-11
1.01579e-11
1.01579e-11
1.01579e-11
1.01579e-11
1.01579e-11
1.01579e-11
1.01579e-11
1.01579e-11
1.01579e-11
1.01579e-11
1.01579e-11
1.01579e-11
1.01579e-11
1.01579e-11
1.01579e-11
1.01579e-11
1.01579e-11
1.01579e-11
1.01579e-11
1.01579e-11
1.01579e-11
1.01579e-11
1.01579e-11
1.01579e-11
1.01579e-11
1.01579e-11
1.01579e-11
1.01579e-11
1.01579e-11
1.01579e-11
1.01579e-11
1.01579e-11
1.01579e-11
1.01579e-11
1.01579e-11
1.01579e-11
1.01579e-11
1.01579e-11
1.01579e-11
1.01579e-11
1.01579e-11
1.01579e-11
1.01579e-11
1.01579e-11
1.01579e-11
1.01579e-11
1.01579e-11
1.01579e-11
1.01579e-11
1.01579e-11
1.01579e-11
1.01579e-11
1.01579e-11
1.01579e-11
1.01579e-11
1.01579e-11
1.01579e-11
1.01579e-11
1.01579e-11
1.01579e-11
1.01579e-11
1.01579e-11
1.01579e-11
1.01579e-11
1.01579e-11
1.01579e-11
1.01579e-11
1.01579e-11
1.01579e-11
1.01579e-11
1.01579e-11
1.01579e-11
1.01579e-11
1.01579e-11
1.01579e-11
1.01579e-11
1.01579e-11
1.01579e-11
1.01579e-11
1.01579e-11
1.01579e-11
1.01579e-11
1.01579e-11
1.01579e-11
1.01579e-11
1.01579e-11
1.01579e-11
1.01579e-11
1.01579e-11
1.01579e-11
1.01579e-11
1.01579e-11
1.01579e-11
1.01579e-11
1.01579e-11
1.01579e-11
1.01579e-11
1.01579e-11
1.01579e-11
1.01579e-11
1.01579e-11
1.01579e-11
1.01579e-11
1.01579e-11
1.01579e-11
1.01579e-11
1.01579e-11
1.01579e-11
1.01579e-11
1.01579e-11
1.01579e-11
1.01579e-11
1.01579e-11
1.01579e-11
1.01579e-11
1.01579e-11
1.01579e-11
1.01579e-11
1.01579e-11
1.01579e-11
1.01579e-11
1.01579e-11
1.01579e-11
1.01579e-11
1.01579e-11
1.01579e-11
1.01579e-11
1.01579e-11
1.01579e-11
1.01579e-11
1.01579e-11
1.01579e-11
1.01579e-11
1.01579e-11
1.01579e-11
1.01579e-11
1.01579e-11
1.01579e-11
1.01579e-11
1.01579e-11
1.01579e-11
1.01579e-11
1.01579e-11
1.01579e-11
1.01579e-11
1.01579e-11
1.01579e-11
1.01579e-11
1.01579e-11
1.01579e-11
1.01579e-11
1.01579e-11
1.01579e-11
1.01579e-11
1.01579e-11
1.01579e-11
1.01579e-11
1.01579e-11
1.01579e-11
1.01579e-11
1.01579e-11
1.01579e-11
1.01579e-11
1.01579e-11
1.01579e-11
1.01579e-11
1.01579e-11
1.01579e-11
1.01579e-11
1.01579e-11
1.01579e-11
1.01579e-11
1.01579e-11
1.01579e-11
1.01579e-11
1.01579e-11
1.01579e-11
1.01579e-11
1.01579e-11
1.01579e-11
1.01579e-11
1.01579e-11
1.01579e-11
1.01579e-11
1.01579e-11
1.01579e-11
1.01579e-11
1.01579e-11
1.01579e-11
1.01579e-11
1.01579e-11
1.01579e-11
1.01579e-11
1.01579e-11
1.01579e-11
1.01579e-11
1.01579e-11
1.01579e-11
1.01579e-11
1.01579e-11
1.01579e-11
1.01579e-11
1.01579e-11
1.01579e-11
1.01579e-11
1.01579e-11
1.01579e-11
1.01579e-11
1.01579e-11
1.01579e-11
1.01579e-11
1.01579e-11
1.01579e-11
1.01579e-11
1.01579e-11
1.01579e-11
1.01579e-11
1.01579e-11
1.01579e-11
1.01579e-11
1.01579e-11
1.01579e-11
1.01579e-11
1.01579e-11
1.01579e-11
1.01579e-11
1.01579e-11
1.01579e-11
1.01579e-11
1.01579e-11
1.01579e-11
1.01579e-11
1.01579e-11
1.01579e-11
1.01579e-11
1.01579e-11
1.01579e-11
1.01579e-11
1.01579e-11
1.01579e-11
1.01579e-11
1.01579e-11
1.01579e-11
1.01579e-11
1.01579e-11
1.01579e-11
1.01579e-11
1.01579e-11
1.01579e-11
1.01579e-11
1.01579e-11
1.01579e-11
1.01579e-11
1.01579e-11
1.01579e-11
1.01579e-11
1.01579e-11
1.01579e-11
1.01579e-11
1.01579e-11
1.01579e-11
1.01579e-11
1.01579e-11
1.01579e-11
1.01579e-11
1.01579e-11
1.01579e-11
1.01579e-11
1.01579e-11
1.01579e-11
1.01579e-11
1.01579e-11
1.01579e-11
1.01579e-11
1.01579e-11
1.01579e-11
1.01579e-11
1.01579e-11
1.01579e-11
1.01579e-11
1.01579e-11
1.01579e-11
1.01579e-11
1.01579e-11
1.01579e-11
1.01579e-11
1.01579e-11
1.01579e-11
1.01579e-11
1.01579e-11
1.01579e-11
1.01579e-11
1.01579e-11
1.01579e-11
1.01579e-11
1.01579e-11
1.01579e-11
1.01579e-11
1.01579e-11
1.01579e-11
1.01579e-11
1.01579e-11
1.01579e-11
1.01579e-11
1.01579e-11
1.01579e-11
1.01579e-11
1.01579e-11
1.01579e-11
1.01579e-11
1.01579e-11
1.01579e-11
1.01579e-11
1.01579e-11
1.01579e-11
1.01579e-11
1.01579e-11
1.01579e-11
1.01579e-11
1.01579e-11
1.01579e-11
1.01579e-11
1.01579e-11
1.01579e-11
1.01579e-11
1.01579e-11
1.01579e-11
1.01579e-11
1.01579e-11
1.01579e-11
1.01579e-11
1.01579e-11
1.01579e-11
1.01579e-11
1.01579e-11
1.01579e-11
1.01579e-11
1.01579e-11
1.01579e-11
1.01579e-11
1.01579e-11
1.01579e-11
1.01579e-11
1.01579e-11
1.01579e-11
1.01579e-11
1.01579e-11
1.01579e-11
1.01579e-11
1.01579e-11
1.01579e-11
1.01579e-11
1.01579e-11
1.01579e-11
1.01579e-11
1.01579e-11
1.01579e-11
1.01579e-11
1.01579e-11
1.01579e-11
1.01579e-11
1.01579e-11
1.01579e-11
1.01579e-11
1.01579e-11
1.01579e-11
1.01579e-11
1.01579e-11
1.01579e-11
1.01579e-11
1.01579e-11
1.01579e-11
1.01579e-11
1.01579e-11
1.01579e-11
1.01579e-11
1.01579e-11
1.01579e-11
1.01579e-11
1.01579e-11
1.01579e-11
1.01579e-11
1.01579e-11
1.01579e-11
1.01579e-11
1.01579e-11
1.01579e-11
1.01579e-11
1.01579e-11
1.01579e-11
1.01579e-11
1.01579e-11
1.01579e-11
1.01579e-11
1.01579e-11
1.01579e-11
1.01579e-11
1.01579e-11
1.01579e-11
1.01579e-11
1.01579e-11
1.01579e-11
1.01579e-11
1.01579e-11
1.01579e-11
1.01579e-11
1.01579e-11
1.01579e-11
1.01579e-11
1.01579e-11
1.01579e-11
1.01579e-11
1.01579e-11
1.01579e-11
1.01579e-11
1.01579e-11
1.01579e-11
1.01579e-11
1.01579e-11
1.01579e-11
1.01579e-11
1.01579e-11
1.01579e-11
1.01579e-11
1.01579e-11
1.01579e-11
1.01579e-11
1.01579e-11
1.01579e-11
1.01579e-11
1.01579e-11
1.01579e-11
1.01579e-11
1.01579e-11
1.01579e-11
1.01579e-11
1.01579e-11
