743.982
192.262
38.3768
38.3768
38.3768
38.3768
38.3768
36.934
36.934
36.934
36.934
36.934
36.934
36.934
36.934
24.3286
24.3286
24.3286
24.3286
24.3286
24.3286
24.3286
24.3286
24.3286
24.3286
24.3286
23.873
23.873
19.8972
19.8972
19.8972
16.0217
16.0217
14.5074
14.5074
14.5074
14.5074
14.5074
14.5074
14.5074
14.5074
14.5074
14.5074
14.5074
14.5074
14.5074
14.5074
14.5074
14.5074
14.5074
14.5074
14.5074
14.5074
14.5074
14.5074
14.5074
14.5074
14.5074
14.5074
14.5074
14.5074
14.5074
14.5074
14.5074
14.5074
14.5074
14.5074
14.5074
14.5074
14.5074
14.5074
14.5074
14.5074
14.5074
14.5074
14.5074
14.5074
14.5074
14.5074
14.5074
14.5074
8.83628
8.83628
8.83628
8.83628
8.83628
8.83628
8.83628
8.83628
8.83628
8.83628
8.83628
8.83628
8.83628
8.83628
8.83628
8.83628
8.83628
8.83628
8.83628
8.83628
8.83628
8.83628
8.83628
8.83628
8.83628
8.83628
8.83628
8.83628
8.83628
8.83628
8.83628
8.44485
8.44485
8.39449
8.39449
8.10558
6.77087
6.77087
6.28865
6.28865
6.28865
5.38727
5.38727
5.38727
5.38727
5.38727
5.38727
5.38727
4.87388
4.87388
4.87388
4.87388
4.04343
4.04343
4.04343
4.04343
4.04343
4.04343
4.04343
0.326206
0.326206
0.326206
0.326206
0.326206
0.164125
0.164125
0.164125
0.164125
0.164125
0.164125
0.164125
0.0750064
0.0750064
0.0750064
0.0215505
0.0147159
0.0133348
0.0133348
0.0133348
0.0133348
0.0133348
0.0133348
0.0133348
0.0133348
0.0133348
0.0133348
0.0133348
0.0133348
0.0133348
0.0133348
0.0133348
0.0133348
0.0133348
0.0133348
0.0126756
0.00227147
0.00227147
0.00227147
0.00227147
0.00227147
0.00227147
0.00227147
0.00227147
0.00227147
0.00227147
0.00227147
0.00227147
0.00227147
0.00227147
0.00227147
0.00227147
0.00227147
0.00227147
0.00227147
0.00227147
0.00227147
0.00227147
0.00188189
0.00188189
0.00163443
0.00137633
0.00101602
0.000949244
0.000787756
0.000605026
0.000369772
0.000297116
0.000266146
0.000169458
9.35124e-05
9.35124e-05
9.35124e-05
5.74892e-05
5.22321e-05
3.99758e-05
3.79795e-05
2.39609e-05
2.37515e-05
2.24818e-05
2.24818e-05
2.24818e-05
2.03985e-05
1.63594e-05
1.63594e-05
1.45125e-05
5.55404e-06
5.55404e-06
5.21199e-06
2.43449e-06
7.80506e-07
7.80506e-07
7.80506e-07
4.23359e-07
1.66768e-07
3.82195e-08
1.38861e-08
1.38861e-08
9.40915e-09
6.76645e-09
6.76645e-09
6.76645e-09
6.76645e-09
6.76645e-09
6.76645e-09
4.12861e-09
4.12861e-09
4.12861e-09
4.12861e-09
4.12861e-09
4.12861e-09
4.12861e-09
4.12861e-09
4.12861e-09
4.12861e-09
4.12861e-09
4.12861e-09
4.12861e-09
4.12861e-09
4.12861e-09
4.12861e-09
4.12861e-09
4.12861e-09
4.12861e-09
4.12861e-09
4.12861e-09
4.12861e-09
4.12861e-09
4.12861e-09
4.12861e-09
4.12861e-09
4.12861e-09
4.12861e-09
4.12861e-09
4.12861e-09
4.12861e-09
4.12861e-09
4.12861e-09
4.12861e-09
4.12861e-09
4.12861e-09
4.12861e-09
4.12861e-09
4.12861e-09
4.12861e-09
4.12861e-09
4.12861e-09
4.12861e-09
4.12861e-09
4.12861e-09
4.12861e-09
4.12861e-09
4.12861e-09
4.12861e-09
4.12861e-09
4.12861e-09
4.12861e-09
4.12861e-09
4.12861e-09
4.12861e-09
4.12861e-09
4.12861e-09
4.12861e-09
4.12861e-09
4.12861e-09
4.12861e-09
4.12861e-09
4.12861e-09
4.12861e-09
4.12861e-09
4.12861e-09
4.12861e-09
4.12861e-09
4.12861e-09
4.12861e-09
4.12861e-09
4.12861e-09
4.12861e-09
4.12861e-09
4.12861e-09
4.12861e-09
4.12861e-09
4.12861e-09
4.12861e-09
4.12861e-09
4.12861e-09
4.12861e-09
4.12861e-09
4.12861e-09
4.12861e-09
4.12861e-09
4.12861e-09
4.12861e-09
4.12861e-09
4.12861e-09
4.12861e-09
4.12861e-09
4.12861e-09
4.12861e-09
4.12861e-09
4.12861e-09
4.12861e-09
4.12861e-09
4.12861e-09
4.12861e-09
4.12861e-09
4.12861e-09
4.12861e-09
4.12861e-09
4.12861e-09
4.12861e-09
4.12861e-09
4.12861e-09
4.12861e-09
4.12861e-09
4.12861e-09
4.12861e-09
4.12861e-09
4.12861e-09
4.12861e-09
4.12861e-09
4.12861e-09
4.12861e-09
4.12861e-09
4.12861e-09
4.12861e-09
4.12861e-09
4.12861e-09
4.12861e-09
4.12861e-09
4.12861e-09
4.12861e-09
4.12861e-09
4.12861e-09
4.12861e-09
4.12861e-09
4.12861e-09
4.12861e-09
4.12861e-09
4.12861e-09
4.12861e-09
4.12861e-09
4.12861e-09
4.12861e-09
4.12861e-09
4.12861e-09
4.12861e-09
4.12861e-09
4.12861e-09
4.12861e-09
4.12861e-09
4.12861e-09
4.12861e-09
4.12861e-09
4.12861e-09
4.12861e-09
4.12861e-09
4.12861e-09
4.12861e-09
4.12861e-09
4.12861e-09
4.12861e-09
4.12861e-09
4.12861e-09
4.12861e-09
4.12861e-09
4.12861e-09
4.12861e-09
4.12861e-09
4.12861e-09
4.12861e-09
4.12861e-09
4.12861e-09
4.12861e-09
4.12861e-09
4.12861e-09
4.12861e-09
4.12861e-09
4.12861e-09
4.12861e-09
4.12861e-09
4.12861e-09
4.12861e-09
4.12861e-09
4.12861e-09
4.12861e-09
4.12861e-09
4.12861e-09
4.12861e-09
4.12861e-09
4.12861e-09
4.12861e-09
4.12861e-09
4.12861e-09
4.12861e-09
4.12861e-09
4.12861e-09
4.12861e-09
4.12861e-09
4.12861e-09
4.12861e-09
4.12861e-09
4.12861e-09
4.12861e-09
4.12861e-09
4.12861e-09
4.12861e-09
4.12861e-09
4.12861e-09
4.12861e-09
4.12861e-09
4.12861e-09
4.12861e-09
4.12861e-09
4.12861e-09
4.12861e-09
4.12861e-09
4.12861e-09
4.12861e-09
4.12861e-09
4.12861e-09
4.12861e-09
4.12861e-09
4.12861e-09
4.12861e-09
4.12861e-09
4.12861e-09
4.12861e-09
4.12861e-09
4.12861e-09
4.12861e-09
4.12861e-09
4.12861e-09
4.12861e-09
4.12861e-09
4.12861e-09
4.12861e-09
4.12861e-09
4.12861e-09
4.12861e-09
4.12861e-09
4.12861e-09
4.12861e-09
4.12861e-09
4.12861e-09
4.12861e-09
4.12861e-09
4.12861e-09
4.12861e-09
4.12861e-09
4.12861e-09
4.12861e-09
4.12861e-09
4.12861e-09
4.12861e-09
4.12861e-09
4.12861e-09
4.12861e-09
4.12861e-09
4.12861e-09
4.12861e-09
4.12861e-09
4.12861e-09
4.12861e-09
4.12861e-09
4.12861e-09
4.12861e-09
4.12861e-09
4.12861e-09
4.12861e-09
4.12861e-09
4.12861e-09
4.12861e-09
4.12861e-09
4.12861e-09
4.12861e-09
4.12861e-09
4.12861e-09
4.12861e-09
4.12861e-09
4.12861e-09
4.12861e-09
4.12861e-09
4.12861e-09
4.12861e-09
4.12861e-09
4.12861e-09
4.12861e-09
4.12861e-09
4.12861e-09
4.12861e-09
4.12861e-09
4.12861e-09
4.12861e-09
4.12861e-09
4.12861e-09
4.12861e-09
4.12861e-09
4.12861e-09
4.12861e-09
4.12861e-09
4.12861e-09
4.12861e-09
4.12861e-09
4.12861e-09
4.12861e-09
4.12861e-09
4.12861e-09
4.12861e-09
4.12861e-09
4.12861e-09
4.12861e-09
4.12861e-09
4.12861e-09
4.12861e-09
4.12861e-09
4.12861e-09
4.12861e-09
4.12861e-09
4.12861e-09
4.12861e-09
4.12861e-09
4.12861e-09
4.12861e-09
4.12861e-09
4.12861e-09
4.12861e-09
4.12861e-09
4.12861e-09
4.12861e-09
4.12861e-09
4.12861e-09
4.12861e-09
4.12861e-09
4.12861e-09
4.12861e-09
4.12861e-09
4.12861e-09
4.12861e-09
4.12861e-09
4.12861e-09
4.12861e-09
4.12861e-09
4.12861e-09
4.12861e-09
4.12861e-09
4.12861e-09
4.12861e-09
4.12861e-09
4.12861e-09
4.12861e-09
4.12861e-09
4.12861e-09
4.12861e-09
4.12861e-09
4.12861e-09
4.12861e-09
4.12861e-09
4.12861e-09
4.12861e-09
4.12861e-09
4.12861e-09
4.12861e-09
4.12861e-09
4.12861e-09
4.12861e-09
4.12861e-09
4.12861e-09
4.12861e-09
4.12861e-09
4.12861e-09
4.12861e-09
4.12861e-09
4.12861e-09
4.12861e-09
4.12861e-09
4.12861e-09
4.12861e-09
4.12861e-09
4.12861e-09
4.12861e-09
4.12861e-09
4.12861e-09
4.12861e-09
4.12861e-09
4.12861e-09
4.12861e-09
4.12861e-09
4.12861e-09
4.12861e-09
4.12861e-09
4.12861e-09
4.12861e-09
4.12861e-09
4.12861e-09
4.12861e-09
4.12861e-09
4.12861e-09
4.12861e-09
4.12861e-09
4.12861e-09
4.12861e-09
4.12861e-09
4.12861e-09
4.12861e-09
4.12861e-09
4.12861e-09
4.12861e-09
4.12861e-09
4.12861e-09
4.12861e-09
4.12861e-09
4.12861e-09
4.12861e-09
4.12861e-09
4.12861e-09
4.12861e-09
4.12861e-09
4.12861e-09
4.12861e-09
4.12861e-09
4.12861e-09
4.12861e-09
4.12861e-09
4.12861e-09
4.12861e-09
4.12861e-09
4.12861e-09
4.12861e-09
4.12861e-09
4.12861e-09
4.12861e-09
4.12861e-09
4.12861e-09
4.12861e-09
4.12861e-09
4.12861e-09
4.12861e-09
4.12861e-09
4.12861e-09
4.12861e-09
4.12861e-09
4.12861e-09
4.12861e-09
4.12861e-09
4.12861e-09
4.12861e-09
4.12861e-09
4.12861e-09
4.12861e-09
4.12861e-09
4.12861e-09
4.12861e-09
4.12861e-09
4.12861e-09
4.12861e-09
4.12861e-09
4.12861e-09
4.12861e-09
4.12861e-09
4.12861e-09
4.12861e-09
4.12861e-09
4.12861e-09
4.12861e-09
4.12861e-09
4.12861e-09
4.12861e-09
4.12861e-09
4.12861e-09
4.12861e-09
4.12861e-09
4.12861e-09
4.12861e-09
4.12861e-09
4.12861e-09
4.12861e-09
4.12861e-09
4.12861e-09
4.12861e-09
4.12861e-09
4.12861e-09
4.12861e-09
4.12861e-09
4.12861e-09
4.12861e-09
4.12861e-09
4.12861e-09
4.12861e-09
4.12861e-09
4.12861e-09
4.12861e-09
4.12861e-09
4.12861e-09
4.12861e-09
4.12861e-09
4.12861e-09
4.12861e-09
4.12861e-09
4.12861e-09
4.12861e-09
4.12861e-09
4.12861e-09
4.12861e-09
4.12861e-09
4.12861e-09
4.12861e-09
4.12861e-09
4.12861e-09
4.12861e-09
4.12861e-09
4.12861e-09
4.12861e-09
4.12861e-09
4.12861e-09
4.12861e-09
4.12861e-09
4.12861e-09
4.12861e-09
4.12861e-09
4.12861e-09
4.12861e-09
4.12861e-09
4.12861e-09
4.12861e-09
4.12861e-09
4.12861e-09
4.12861e-09
4.12861e-09
4.12861e-09
4.12861e-09
4.12861e-09
4.12861e-09
4.12861e-09
4.12861e-09
4.12861e-09
4.12861e-09
4.12861e-09
4.12861e-09
4.12861e-09
4.12861e-09
4.12861e-09
4.12861e-09
4.12861e-09
4.12861e-09
4.12861e-09
4.12861e-09
4.12861e-09
4.12861e-09
4.12861e-09
4.12861e-09
4.12861e-09
4.12861e-09
4.12861e-09
4.12861e-09
4.12861e-09
4.12861e-09
4.12861e-09
4.12861e-09
4.12861e-09
4.12861e-09
4.12861e-09
4.12861e-09
4.12861e-09
4.12861e-09
4.12861e-09
4.12861e-09
4.12861e-09
4.12861e-09
4.12861e-09
4.12861e-09
4.12861e-09
4.12861e-09
4.12861e-09
4.12861e-09
4.12861e-09
4.12861e-09
4.12861e-09
4.12861e-09
4.12861e-09
4.12861e-09
4.12861e-09
4.12861e-09
4.12861e-09
4.12861e-09
4.12861e-09
4.12861e-09
4.12861e-09
4.12861e-09
4.12861e-09
4.12861e-09
4.12861e-09
4.12861e-09
4.12861e-09
4.12861e-09
4.12861e-09
4.12861e-09
4.12861e-09
4.12861e-09
4.12861e-09
4.12861e-09
4.12861e-09
4.12861e-09
4.12861e-09
4.12861e-09
4.12861e-09
4.12861e-09
4.12861e-09
4.12861e-09
4.12861e-09
4.12861e-09
4.12861e-09
4.12861e-09
4.12861e-09
4.12861e-09
4.12861e-09
4.12861e-09
4.12861e-09
4.12861e-09
4.12861e-09
4.12861e-09
4.12861e-09
4.12861e-09
4.12861e-09
4.12861e-09
4.12861e-09
4.12861e-09
4.12861e-09
4.12861e-09
4.12861e-09
4.12861e-09
4.12861e-09
4.12861e-09
4.12861e-09
4.12861e-09
4.12861e-09
4.12861e-09
4.12861e-09
4.12861e-09
4.12861e-09
4.12861e-09
4.12861e-09
4.12861e-09
4.12861e-09
4.12861e-09
4.12861e-09
4.12861e-09
4.12861e-09
4.12861e-09
3.37637e-09
3.37637e-09
3.37637e-09
3.37637e-09
3.37637e-09
3.37637e-09
3.37637e-09
3.37637e-09
3.37637e-09
3.37637e-09
3.37637e-09
3.37637e-09
3.37637e-09
3.37637e-09
3.37637e-09
3.37637e-09
3.37637e-09
3.37637e-09
3.37637e-09
3.37637e-09
3.37637e-09
4.62209e-10
2.44036e-10
2.44036e-10
6.27518e-11
6.27518e-11
6.27518e-11
6.27518e-11
6.27518e-11
6.27518e-11
3.36781e-11
3.36781e-11
3.36781e-11
3.36781e-11
3.36781e-11
3.36781e-11
3.36781e-11
3.36781e-11
3.36781e-11
3.36781e-11
3.36781e-11
3.36781e-11
3.36781e-11
3.36781e-11
3.36781e-11
3.36781e-11
3.36781e-11
3.36781e-11
3.36781e-11
3.36781e-11
3.36781e-11
3.36781e-11
3.36781e-11
3.36781e-11
3.36781e-11
3.36781e-11
3.36781e-11
3.36781e-11
3.36781e-11
3.36781e-11
3.36781e-11
3.36781e-11
3.36781e-11
3.36781e-11
3.36781e-11
3.36781e-11
3.36781e-11
3.36781e-11
3.36781e-11
3.36781e-11
3.36781e-11
3.36781e-11
3.36781e-11
3.36781e-11
3.36781e-11
3.36781e-11
3.36781e-11
3.36781e-11
3.36781e-11
3.36781e-11
3.36781e-11
3.36781e-11
3.36781e-11
3.36781e-11
3.36781e-11
3.36781e-11
3.36781e-11
3.36781e-11
3.36781e-11
3.36781e-11
3.36781e-11
3.36781e-11
3.36781e-11
3.36781e-11
3.36781e-11
3.36781e-11
3.36781e-11
3.36781e-11
3.36781e-11
3.36781e-11
3.36781e-11
3.36781e-11
3.36781e-11
3.36781e-11
3.36781e-11
3.36781e-11
3.36781e-11
3.36781e-11
3.36781e-11
3.36781e-11
3.36781e-11
3.36781e-11
3.36781e-11
3.36781e-11
3.36781e-11
3.36781e-11
3.36781e-11
3.36781e-11
3.36781e-11
3.36781e-11
3.36781e-11
3.36781e-11
3.36781e-11
3.36781e-11
3.36781e-11
3.36781e-11
3.36781e-11
3.36781e-11
3.36781e-11
3.36781e-11
3.36781e-11
3.36781e-11
3.36781e-11
3.36781e-11
3.36781e-11
3.36781e-11
3.36781e-11
3.36781e-11
3.36781e-11
3.36781e-11
3.36781e-11
3.36781e-11
3.36781e-11
3.36781e-11
3.36781e-11
3.36781e-11
3.36781e-11
3.36781e-11
3.36781e-11
3.36781e-11
3.36781e-11
3.36781e-11
3.36781e-11
3.36781e-11
3.36781e-11
3.36781e-11
3.36781e-11
3.36781e-11
3.36781e-11
3.36781e-11
3.36781e-11
3.36781e-11
3.36781e-11
3.36781e-11
3.36781e-11
3.36781e-11
3.36781e-11
3.36781e-11
3.36781e-11
3.36781e-11
3.36781e-11
3.36781e-11
3.36781e-11
3.36781e-11
3.36781e-11
3.36781e-11
3.36781e-11
3.36781e-11
3.36781e-11
3.36781e-11
3.36781e-11
3.36781e-11
3.36781e-11
3.36781e-11
3.36781e-11
3.36781e-11
3.36781e-11
3.36781e-11
3.36781e-11
3.36781e-11
3.36781e-11
3.36781e-11
3.36781e-11
3.36781e-11
3.36781e-11
3.36781e-11
3.36781e-11
3.36781e-11
3.36781e-11
3.36781e-11
3.36781e-11
3.36781e-11
3.36781e-11
3.36781e-11
3.36781e-11
3.36781e-11
3.36781e-11
3.36781e-11
3.36781e-11
3.36781e-11
3.36781e-11
3.36781e-11
3.36781e-11
3.36781e-11
3.36781e-11
3.36781e-11
3.36781e-11
3.36781e-11
3.36781e-11
3.36781e-11
3.36781e-11
3.36781e-11
3.36781e-11
3.36781e-11
3.36781e-11
3.36781e-11
3.36781e-11
3.36781e-11
3.36781e-11
3.36781e-11
3.36781e-11
3.36781e-11
3.36781e-11
3.36781e-11
3.36781e-11
3.36781e-11
3.36781e-11
3.36781e-11
3.36781e-11
3.36781e-11
3.36781e-11
3.36781e-11
3.36781e-11
3.36781e-11
3.36781e-11
3.36781e-11
3.36781e-11
3.36781e-11
3.36781e-11
3.36781e-11
3.36781e-11
3.36781e-11
3.36781e-11
3.36781e-11
3.36781e-11
3.36781e-11
3.36781e-11
3.36781e-11
3.36781e-11
3.36781e-11
3.36781e-11
3.36781e-11
3.36781e-11
3.36781e-11
3.36781e-11
3.36781e-11
3.36781e-11
3.36781e-11
3.36781e-11
3.36781e-11
3.36781e-11
3.36781e-11
3.36781e-11
3.36781e-11
3.36781e-11
3.36781e-11
3.36781e-11
3.36781e-11
3.36781e-11
3.36781e-11
3.36781e-11
3.36781e-11
3.36781e-11
3.36781e-11
3.36781e-11
3.36781e-11
3.36781e-11
3.36781e-11
3.36781e-11
3.36781e-11
3.36781e-11
3.36781e-11
3.36781e-11
3.36781e-11
3.36781e-11
3.36781e-11
3.36781e-11
3.36781e-11
3.36781e-11
3.36781e-11
3.36781e-11
3.36781e-11
3.36781e-11
3.36781e-11
3.36781e-11
3.36781e-11
3.36781e-11
3.36781e-11
3.36781e-11
3.36781e-11
3.36781e-11
3.36781e-11
3.36781e-11
3.36781e-11
3.36781e-11
3.36781e-11
3.36781e-11
3.36781e-11
3.36781e-11
3.36781e-11
3.36781e-11
3.36781e-11
3.36781e-11
3.36781e-11
3.36781e-11
3.36781e-11
3.36781e-11
3.36781e-11
3.36781e-11
3.36781e-11
3.36781e-11
3.36781e-11
3.36781e-11
3.36781e-11
3.36781e-11
3.36781e-11
3.36781e-11
3.36781e-11
3.36781e-11
3.36781e-11
3.36781e-11
3.36781e-11
3.36781e-11
3.36781e-11
3.36781e-11
3.36781e-11
3.36781e-11
3.36781e-11
3.36781e-11
3.36781e-11
3.36781e-11
3.36781e-11
3.36781e-11
3.36781e-11
3.36781e-11
3.36781e-11
3.36781e-11
3.36781e-11
3.36781e-11
3.36781e-11
3.36781e-11
3.36781e-11
3.36781e-11
3.36781e-11
3.36781e-11
3.36781e-11
3.36781e-11
3.36781e-11
3.36781e-11
3.36781e-11
3.36781e-11
3.36781e-11
3.36781e-11
3.36781e-11
3.36781e-11
3.36781e-11
3.36781e-11
3.36781e-11
3.36781e-11
3.36781e-11
3.36781e-11
3.36781e-11
3.36781e-11
3.36781e-11
3.36781e-11
3.36781e-11
3.36781e-11
3.36781e-11
3.36781e-11
3.36781e-11
3.36781e-11
3.36781e-11
3.36781e-11
3.36781e-11
3.36781e-11
3.36781e-11
3.36781e-11
3.36781e-11
3.36781e-11
3.36781e-11
3.36781e-11
3.36781e-11
3.36781e-11
3.36781e-11
3.36781e-11
3.36781e-11
3.36781e-11
3.36781e-11
3.36781e-11
3.36781e-11
3.36781e-11
3.36781e-11
3.36781e-11
3.36781e-11
3.36781e-11
3.36781e-11
3.36781e-11
3.36781e-11
3.36781e-11
3.36781e-11
3.36781e-11
3.36781e-11
3.36781e-11
3.36781e-11
3.36781e-11
3.36781e-11
3.36781e-11
3.36781e-11
3.36781e-11
3.36781e-11
3.36781e-11
3.36781e-11
3.36781e-11
3.36781e-11
3.36781e-11
3.36781e-11
3.36781e-11
3.36781e-11
3.36781e-11
3.36781e-11
3.36781e-11
3.36781e-11
3.36781e-11
3.36781e-11
3.36781e-11
3.36781e-11
3.36781e-11
3.36781e-11
3.36781e-11
3.36781e-11
3.36781e-11
3.36781e-11
3.36781e-11
3.36781e-11
3.36781e-11
3.36781e-11
3.36781e-11
3.36781e-11
3.36781e-11
3.36781e-11
3.36781e-11
3.36781e-11
3.36781e-11
3.36781e-11
3.36781e-11
3.36781e-11
3.36781e-11
3.36781e-11
3.36781e-11
3.36781e-11
3.36781e-11
3.36781e-11
3.36781e-11
3.36781e-11
3.36781e-11
3.36781e-11
3.36781e-11
3.36781e-11
3.36781e-11
3.36781e-11
3.36781e-11
3.36781e-11
3.36781e-11
3.36781e-11
3.36781e-11
3.36781e-11
3.36781e-11
3.36781e-11
3.36781e-11
3.36781e-11
3.36781e-11
3.36781e-11
3.36781e-11
3.36781e-11
3.36781e-11
3.36781e-11
3.36781e-11
3.36781e-11
3.36781e-11
3.36781e-11
3.36781e-11
3.36781e-11
3.36781e-11
3.36781e-11
3.36781e-11
3.36781e-11
3.36781e-11
3.36781e-11
3.36781e-11
3.36781e-11
3.36781e-11
3.36781e-11
3.36781e-11
3.36781e-11
3.36781e-11
3.36781e-11
3.36781e-11
3.36781e-11
3.36781e-11
3.36781e-11
3.36781e-11
3.36781e-11
3.36781e-11
3.36781e-11
3.36781e-11
3.36781e-11
3.36781e-11
3.36781e-11
3.36781e-11
3.36781e-11
3.36781e-11
3.36781e-11
3.36781e-11
3.36781e-11
3.36781e-11
3.36781e-11
3.36781e-11
3.36781e-11
3.36781e-11
3.36781e-11
3.36781e-11
3.36781e-11
3.36781e-11
3.36781e-11
3.36781e-11
3.36781e-11
3.36781e-11
3.36781e-11
3.36781e-11
3.36781e-11
3.36781e-11
3.36781e-11
3.36781e-11
3.36781e-11
3.36781e-11
3.36781e-11
3.36781e-11
3.36781e-11
3.36781e-11
3.36781e-11
3.36781e-11
3.36781e-11
3.36781e-11
3.36781e-11
3.36781e-11
3.36781e-11
3.36781e-11
3.36781e-11
3.36781e-11
3.36781e-11
3.36781e-11
3.36781e-11
3.36781e-11
3.36781e-11
3.36781e-11
3.36781e-11
3.36781e-11
3.36781e-11
3.36781e-11
3.36781e-11
3.36781e-11
3.36781e-11
3.36781e-11
3.36781e-11
3.36781e-11
3.36781e-11
3.36781e-11
3.36781e-11
3.36781e-11
3.36781e-11
3.36781e-11
3.36781e-11
3.36781e-11
3.36781e-11
3.36781e-11
3.36781e-11
3.36781e-11
3.36781e-11
3.36781e-11
3.36781e-11
3.36781e-11
3.36781e-11
3.36781e-11
3.36781e-11
3.36781e-11
3.36781e-11
3.36781e-11
3.36781e-11
3.36781e-11
3.36781e-11
3.36781e-11
3.36781e-11
3.36781e-11
3.36781e-11
3.36781e-11
3.36781e-11
3.36781e-11
3.36781e-11
3.36781e-11
3.36781e-11
3.36781e-11
3.36781e-11
3.36781e-11
3.36781e-11
3.36781e-11
3.36781e-11
3.36781e-11
3.36781e-11
3.36781e-11
3.36781e-11
3.36781e-11
3.36781e-11
3.36781e-11
3.36781e-11
3.36781e-11
3.36781e-11
3.36781e-11
3.36781e-11
3.36781e-11
3.36781e-11
3.36781e-11
3.36781e-11
3.36781e-11
3.36781e-11
3.36781e-11
3.36781e-11
3.36781e-11
3.36781e-11
3.36781e-11
3.36781e-11
3.36781e-11
3.36781e-11
3.36781e-11
3.36781e-11
3.36781e-11
3.36781e-11
3.36781e-11
3.36781e-11
3.36781e-11
3.36781e-11
3.36781e-11
3.36781e-11
3.36781e-11
3.36781e-11
3.36781e-11
3.36781e-11
3.36781e-11
3.36781e-11
3.36781e-11
3.36781e-11
3.36781e-11
3.36781e-11
3.36781e-11
3.36781e-11
3.36781e-11
3.36781e-11
3.36781e-11
3.36781e-11
3.36781e-11
3.36781e-11
3.36781e-11
3.36781e-11
3.36781e-11
3.36781e-11
3.36781e-11
3.36781e-11
3.36781e-11
3.36781e-11
3.36781e-11
3.36781e-11
3.36781e-11
3.36781e-11
3.36781e-11
3.36781e-11
3.36781e-11
3.36781e-11
3.36781e-11
3.36781e-11
3.36781e-11
3.36781e-11
3.36781e-11
3.36781e-11
3.36781e-11
3.36781e-11
3.36781e-11
3.36781e-11
3.36781e-11
3.36781e-11
3.36781e-11
3.36781e-11
3.36781e-11
3.36781e-11
3.36781e-11
3.36781e-11
3.36781e-11
3.36781e-11
3.36781e-11
3.36781e-11
3.36781e-11
3.36781e-11
3.36781e-11
3.36781e-11
3.36781e-11
3.36781e-11
3.36781e-11
3.36781e-11
3.36781e-11
3.36781e-11
3.36781e-11
3.36781e-11
3.36781e-11
3.36781e-11
3.36781e-11
3.36781e-11
3.36781e-11
3.36781e-11
3.36781e-11
3.36781e-11
3.36781e-11
3.36781e-11
3.36781e-11
3.36781e-11
3.36781e-11
3.36781e-11
3.36781e-11
3.36781e-11
3.36781e-11
3.36781e-11
3.36781e-11
3.36781e-11
3.36781e-11
3.36781e-11
3.36781e-11
3.36781e-11
3.36781e-11
3.36781e-11
3.36781e-11
3.36781e-11
3.36781e-11
3.36781e-11
3.36781e-11
3.36781e-11
3.36781e-11
3.36781e-11
3.36781e-11
3.36781e-11
3.36781e-11
3.36781e-11
3.36781e-11
3.36781e-11
3.36781e-11
3.36781e-11
3.36781e-11
3.36781e-11
3.36781e-11
3.36781e-11
3.36781e-11
3.36781e-11
3.36781e-11
3.36781e-11
3.36781e-11
3.36781e-11
3.36781e-11
3.36781e-11
3.36781e-11
3.36781e-11
3.36781e-11
3.36781e-11
3.36781e-11
3.36781e-11
3.36781e-11
3.36781e-11
3.36781e-11
3.36781e-11
3.36781e-11
3.36781e-11
3.36781e-11
3.36781e-11
3.36781e-11
3.36781e-11
3.36781e-11
3.36781e-11
3.36781e-11
3.36781e-11
3.36781e-11
3.36781e-11
3.36781e-11
3.36781e-11
3.36781e-11
3.36781e-11
3.36781e-11
3.36781e-11
3.36781e-11
3.36781e-11
3.36781e-11
3.36781e-11
3.36781e-11
3.36781e-11
3.36781e-11
3.36781e-11
3.36781e-11
3.36781e-11
3.36781e-11
3.36781e-11
3.36781e-11
3.36781e-11
3.36781e-11
3.36781e-11
3.36781e-11
3.36781e-11
3.36781e-11
3.36781e-11
3.36781e-11
3.36781e-11
3.36781e-11
3.36781e-11
3.36781e-11
3.36781e-11
3.36781e-11
3.36781e-11
3.36781e-11
3.36781e-11
3.36781e-11
3.36781e-11
3.36781e-11
3.36781e-11
3.36781e-11
3.36781e-11
3.36781e-11
3.36781e-11
3.36781e-11
3.36781e-11
3.36781e-11
3.36781e-11
3.36781e-11
3.36781e-11
3.36781e-11
3.36781e-11
3.36781e-11
3.36781e-11
3.36781e-11
3.36781e-11
3.36781e-11
3.36781e-11
3.36781e-11
3.36781e-11
3.36781e-11
3.36781e-11
3.36781e-11
3.36781e-11
3.36781e-11
3.36781e-11
3.36781e-11
3.36781e-11
3.36781e-11
3.36781e-11
3.36781e-11
3.36781e-11
3.36781e-11
3.36781e-11
3.36781e-11
3.36781e-11
3.36781e-11
3.36781e-11
3.36781e-11
3.36781e-11
3.36781e-11
3.36781e-11
3.36781e-11
3.36781e-11
3.36781e-11
3.36781e-11
3.36781e-11
3.36781e-11
3.36781e-11
3.36781e-11
3.36781e-11
3.36781e-11
3.36781e-11
3.36781e-11
3.36781e-11
3.36781e-11
3.36781e-11
3.36781e-11
3.36781e-11
3.36781e-11
3.36781e-11
3.36781e-11
3.36781e-11
3.36781e-11
3.36781e-11
3.36781e-11
3.36781e-11
3.36781e-11
3.36781e-11
3.36781e-11
3.36781e-11
3.36781e-11
3.36781e-11
3.36781e-11
3.36781e-11
3.36781e-11
3.36781e-11
3.36781e-11
3.36781e-11
3.36781e-11
3.36781e-11
3.36781e-11
3.36781e-11
3.36781e-11
3.36781e-11
3.36781e-11
3.36781e-11
3.36781e-11
3.36781e-11
3.36781e-11
3.36781e-11
3.36781e-11
3.36781e-11
3.36781e-11
3.36781e-11
3.36781e-11
3.36781e-11
3.36781e-11
3.36781e-11
3.36781e-11
3.36781e-11
3.36781e-11
3.36781e-11
3.36781e-11
3.36781e-11
3.36781e-11
3.36781e-11
3.36781e-11
3.36781e-11
3.36781e-11
3.36781e-11
3.36781e-11
3.36781e-11
3.36781e-11
3.36781e-11
3.36781e-11
3.36781e-11
3.36781e-11
3.36781e-11
3.36781e-11
3.36781e-11
3.36781e-11
3.36781e-11
3.36781e-11
3.36781e-11
3.36781e-11
3.36781e-11
3.36781e-11
3.36781e-11
3.36781e-11
3.36781e-11
