57665.3
12053.9
12053.9
12053.9
1342.26
1342.26
1342.26
1342.26
1342.26
1342.26
1342.26
1342.26
1342.26
1295.41
465.149
465.149
53.5574
53.5574
36.9511
36.9511
31.9163
28.9791
23.3469
23.2307
21.7825
21.7825
21.5008
21.0125
13.3186
13.3186
13.3186
13.3186
13.3186
13.3186
13.3186
13.3186
13.3186
13.3186
13.3186
13.3186
13.3186
13.3186
13.3186
13.3186
13.3186
13.3186
13.3186
13.3186
13.3186
13.3186
13.3186
13.3186
13.3186
13.3186
13.3186
13.3186
13.3186
13.3186
13.3186
13.3186
13.3186
13.3186
13.3186
13.3186
13.3186
13.3186
13.3186
13.3186
13.3186
13.3186
13.3186
13.3186
13.3186
13.3186
13.3186
13.3186
13.3186
13.3186
13.3186
13.3186
13.3186
13.3186
13.3186
13.3186
13.3186
13.3186
13.3186
13.3186
13.3186
13.3186
13.3186
13.3186
13.3186
13.3186
13.3186
13.3186
13.3186
12.9934
12.9934
12.9934
12.9934
12.9934
12.9934
12.9934
12.9934
12.9934
12.9934
12.9934
12.9934
11.2619
11.2619
11.2619
11.2619
11.2619
11.2619
11.2619
11.2619
11.2619
11.2619
11.2619
11.2619
11.2619
11.2619
11.2619
11.2619
11.2619
11.2619
11.2619
11.2619
11.2619
11.2619
10.2311
10.2311
10.2311
10.2311
10.2311
10.2311
10.2311
10.2311
10.2311
10.2311
10.2311
10.2311
10.2311
10.2311
10.2311
10.2311
10.2311
10.2311
10.2311
10.2311
10.2311
10.2311
10.2311
10.2311
10.2311
10.2311
10.2311
10.2311
10.2311
10.2311
10.2311
10.2311
10.2311
10.2311
10.2311
10.2311
10.2311
10.2311
7.92881
7.1802
7.1802
7.1802
7.1802
7.1802
7.1802
7.1802
7.13299
7.13299
7.13299
7.13299
7.13299
7.13299
7.13299
7.13299
7.13299
7.13299
7.13299
7.13299
7.13299
7.13299
7.13299
7.13299
7.13299
7.13299
0.950913
0.950913
0.950913
0.950913
0.950913
0.950913
0.950913
0.950913
0.950913
0.950913
0.950913
0.950913
0.950913
0.950913
0.950913
0.182741
0.182741
0.182741
0.182741
0.182741
0.182741
0.182741
0.182741
0.182741
0.182741
0.182741
0.0600786
0.0106831
0.0106831
0.0106831
0.0106831
0.00379224
0.00229324
0.00164994
0.00135275
0.000951646
0.00064611
0.000504212
0.000504212
0.000447731
0.0003267
0.0003267
0.000269761
0.000269761
0.000213967
0.000213967
0.000104962
0.000104962
6.94673e-05
6.0511e-05
5.62117e-05
4.19079e-05
1.27426e-05
1.2229e-05
7.18658e-06
3.91867e-06
2.74218e-06
1.82754e-06
1.82754e-06
9.87921e-07
6.1515e-07
6.1515e-07
6.1515e-07
6.1515e-07
3.85875e-07
3.72437e-08
3.72437e-08
3.72437e-08
3.72437e-08
3.72437e-08
3.72437e-08
3.56588e-08
3.56588e-08
2.27788e-08
2.27788e-08
1.39405e-08
1.36032e-08
1.36032e-08
1.21763e-08
1.21763e-08
1.21763e-08
1.21763e-08
8.17845e-09
8.17845e-09
7.64399e-09
7.64399e-09
3.99667e-09
3.3859e-09
3.3859e-09
3.3859e-09
3.3859e-09
3.3859e-09
3.3859e-09
3.3859e-09
3.3859e-09
3.3859e-09
3.3859e-09
3.3859e-09
3.3859e-09
3.3859e-09
3.3859e-09
3.3859e-09
3.3859e-09
3.3859e-09
3.3859e-09
3.3859e-09
3.3859e-09
3.3859e-09
3.3859e-09
3.3859e-09
3.3859e-09
3.3859e-09
3.3859e-09
3.3859e-09
3.3859e-09
3.3859e-09
3.3859e-09
3.3859e-09
3.3859e-09
3.3859e-09
3.3859e-09
3.3859e-09
3.3859e-09
3.3859e-09
3.3859e-09
3.3859e-09
3.3859e-09
3.3859e-09
3.3859e-09
3.3859e-09
3.3859e-09
3.3859e-09
3.3859e-09
3.3859e-09
3.3859e-09
3.3859e-09
3.3859e-09
3.3859e-09
3.3859e-09
3.3859e-09
3.3859e-09
3.3859e-09
3.3859e-09
3.3859e-09
3.3859e-09
3.3859e-09
3.3859e-09
3.3859e-09
3.3859e-09
3.3859e-09
3.3859e-09
3.3859e-09
3.3859e-09
3.3859e-09
3.3859e-09
3.3859e-09
3.3859e-09
3.3859e-09
3.3859e-09
3.3859e-09
3.3859e-09
3.3859e-09
3.3859e-09
3.3859e-09
3.3859e-09
3.3859e-09
3.3859e-09
3.3859e-09
3.3859e-09
3.3859e-09
3.3859e-09
3.3859e-09
3.3859e-09
3.3859e-09
3.3859e-09
3.3859e-09
3.3859e-09
3.3859e-09
3.3859e-09
3.3859e-09
3.3859e-09
3.3859e-09
3.3859e-09
3.3859e-09
3.3859e-09
3.3859e-09
3.3859e-09
3.3859e-09
3.3859e-09
3.3859e-09
3.3859e-09
3.3859e-09
3.3859e-09
3.3859e-09
3.3859e-09
3.3859e-09
3.3859e-09
3.3859e-09
3.3859e-09
3.3859e-09
3.3859e-09
3.3859e-09
3.3859e-09
3.3859e-09
3.3859e-09
3.3859e-09
3.3859e-09
3.3859e-09
3.3859e-09
3.3859e-09
3.3859e-09
3.3859e-09
3.3859e-09
3.3859e-09
3.3859e-09
3.3859e-09
3.3859e-09
3.3859e-09
3.3859e-09
3.3859e-09
3.3859e-09
3.3859e-09
3.3859e-09
3.3859e-09
3.3859e-09
3.3859e-09
3.3859e-09
3.3859e-09
3.3859e-09
3.3859e-09
3.3859e-09
3.3859e-09
3.3859e-09
3.3859e-09
3.3859e-09
3.3859e-09
3.3859e-09
3.3859e-09
3.3859e-09
3.3859e-09
3.3859e-09
3.3859e-09
3.3859e-09
3.3859e-09
3.3859e-09
3.3859e-09
3.3859e-09
3.3859e-09
3.3859e-09
3.3859e-09
3.3859e-09
3.3859e-09
3.3859e-09
3.3859e-09
3.3859e-09
3.3859e-09
3.3859e-09
3.3859e-09
3.3859e-09
3.3859e-09
3.3859e-09
3.3859e-09
3.3859e-09
3.3859e-09
3.3859e-09
3.3859e-09
3.3859e-09
3.3859e-09
3.3859e-09
3.3859e-09
3.3859e-09
3.3859e-09
3.3859e-09
3.3859e-09
3.3859e-09
3.3859e-09
3.3859e-09
3.3859e-09
3.3859e-09
3.3859e-09
3.3859e-09
3.3859e-09
3.3859e-09
3.3859e-09
3.3859e-09
3.3859e-09
3.3859e-09
3.3859e-09
3.3859e-09
3.3859e-09
3.3859e-09
3.3859e-09
3.3859e-09
3.3859e-09
3.3859e-09
3.3859e-09
3.3859e-09
3.3859e-09
3.3859e-09
3.3859e-09
3.3859e-09
3.3859e-09
3.3859e-09
3.3859e-09
3.3859e-09
3.3859e-09
3.3859e-09
3.3859e-09
3.3859e-09
3.3859e-09
3.3859e-09
3.3859e-09
3.3859e-09
3.3859e-09
3.3859e-09
3.3859e-09
3.3859e-09
3.3859e-09
3.3859e-09
3.3859e-09
3.3859e-09
3.3859e-09
3.3859e-09
3.3859e-09
3.3859e-09
3.3859e-09
3.3859e-09
3.3859e-09
3.3859e-09
3.3859e-09
3.3859e-09
3.3859e-09
3.3859e-09
3.3859e-09
3.3859e-09
3.3859e-09
3.3859e-09
3.3859e-09
3.3859e-09
3.3859e-09
3.3859e-09
3.3859e-09
3.3859e-09
3.3859e-09
3.3859e-09
3.3859e-09
3.3859e-09
3.3859e-09
3.3859e-09
3.3859e-09
3.3859e-09
3.3859e-09
3.3859e-09
3.3859e-09
3.3859e-09
3.3859e-09
3.3859e-09
3.3859e-09
3.3859e-09
3.3859e-09
3.3859e-09
3.3859e-09
3.3859e-09
3.3859e-09
3.3859e-09
3.3859e-09
3.3859e-09
3.3859e-09
3.3859e-09
3.3859e-09
3.3859e-09
3.3859e-09
3.3859e-09
3.3859e-09
3.3859e-09
3.3859e-09
3.3859e-09
3.3859e-09
3.3859e-09
3.3859e-09
3.3859e-09
3.3859e-09
3.3859e-09
3.3859e-09
3.3859e-09
3.3859e-09
3.3859e-09
3.3859e-09
3.3859e-09
3.3859e-09
3.3859e-09
3.3859e-09
3.3859e-09
3.3859e-09
3.3859e-09
3.3859e-09
3.3859e-09
3.3859e-09
3.3859e-09
3.3859e-09
3.3859e-09
3.3859e-09
3.3859e-09
3.3859e-09
3.3859e-09
3.3859e-09
3.3859e-09
3.3859e-09
3.3859e-09
3.3859e-09
3.3859e-09
3.3859e-09
3.3859e-09
3.3859e-09
3.3859e-09
3.3859e-09
3.3859e-09
3.3859e-09
3.3859e-09
3.3859e-09
3.3859e-09
3.3859e-09
3.3859e-09
3.3859e-09
3.3859e-09
3.3859e-09
3.3859e-09
3.3859e-09
3.3859e-09
3.3859e-09
3.3859e-09
3.3859e-09
3.3859e-09
3.3859e-09
3.3859e-09
3.3859e-09
3.3859e-09
3.3859e-09
3.3859e-09
3.3859e-09
3.3859e-09
3.3859e-09
3.3859e-09
3.3859e-09
3.3859e-09
3.3859e-09
3.3859e-09
3.3859e-09
3.3859e-09
3.3859e-09
3.3859e-09
3.3859e-09
3.3859e-09
3.3859e-09
3.3859e-09
3.3859e-09
3.3859e-09
3.3859e-09
3.3859e-09
3.3859e-09
3.3859e-09
3.3859e-09
3.3859e-09
3.3859e-09
3.3859e-09
3.3859e-09
3.3859e-09
3.3859e-09
3.3859e-09
3.3859e-09
3.3859e-09
3.3859e-09
3.3859e-09
3.3859e-09
3.3859e-09
3.3859e-09
3.3859e-09
3.3859e-09
3.3859e-09
3.3859e-09
3.3859e-09
3.3859e-09
3.3859e-09
3.3859e-09
3.3859e-09
3.3859e-09
3.3859e-09
3.3859e-09
3.3859e-09
3.3859e-09
3.3859e-09
3.3859e-09
3.3859e-09
3.3859e-09
3.3859e-09
3.3859e-09
3.3859e-09
3.3859e-09
3.3859e-09
3.3859e-09
3.3859e-09
3.3859e-09
3.3859e-09
3.3859e-09
3.3859e-09
3.3859e-09
3.3859e-09
3.3859e-09
3.3859e-09
3.3859e-09
3.3859e-09
3.3859e-09
3.3859e-09
3.3859e-09
3.3859e-09
3.3859e-09
3.3859e-09
3.3859e-09
3.3859e-09
3.3859e-09
3.3859e-09
3.3859e-09
3.3859e-09
3.3859e-09
3.3859e-09
3.3859e-09
3.3859e-09
3.3859e-09
3.3859e-09
3.3859e-09
3.3859e-09
3.3859e-09
3.3859e-09
3.3859e-09
3.3859e-09
3.3859e-09
3.3859e-09
3.3859e-09
3.3859e-09
3.3859e-09
3.3859e-09
3.3859e-09
3.3859e-09
3.3859e-09
3.3859e-09
3.3859e-09
3.3859e-09
3.3859e-09
3.3859e-09
3.3859e-09
3.3859e-09
3.3859e-09
3.3859e-09
3.3859e-09
3.3859e-09
3.3859e-09
3.3859e-09
3.3859e-09
3.3859e-09
3.3859e-09
3.3859e-09
3.3859e-09
3.3859e-09
3.3859e-09
3.3859e-09
3.3859e-09
3.3859e-09
3.3859e-09
3.3859e-09
3.3859e-09
3.3859e-09
3.3859e-09
3.3859e-09
3.3859e-09
3.3859e-09
3.3859e-09
3.3859e-09
3.3859e-09
3.3859e-09
3.3859e-09
3.3859e-09
3.3859e-09
3.3859e-09
3.3859e-09
3.3859e-09
3.3859e-09
3.3859e-09
3.3859e-09
3.3859e-09
3.3859e-09
3.3859e-09
3.3859e-09
3.3859e-09
3.3859e-09
3.3859e-09
3.3859e-09
3.3859e-09
3.3859e-09
3.3859e-09
3.3859e-09
3.3859e-09
3.3859e-09
3.3859e-09
3.3859e-09
3.3859e-09
3.3859e-09
3.3859e-09
3.3859e-09
3.3859e-09
3.3859e-09
3.3859e-09
3.3859e-09
3.3859e-09
3.3859e-09
3.3859e-09
3.3859e-09
3.3859e-09
3.3859e-09
3.3859e-09
3.3859e-09
3.3859e-09
3.3859e-09
3.3859e-09
3.3859e-09
3.3859e-09
3.3859e-09
3.3859e-09
3.3859e-09
3.3859e-09
3.3859e-09
3.3859e-09
3.3859e-09
3.3859e-09
3.3859e-09
3.3859e-09
3.3859e-09
3.3859e-09
3.3859e-09
3.3859e-09
3.3859e-09
3.3859e-09
3.3859e-09
3.3859e-09
3.3859e-09
3.3859e-09
3.3859e-09
3.3859e-09
3.3859e-09
3.3859e-09
3.3859e-09
3.3859e-09
3.3859e-09
3.3859e-09
3.3859e-09
3.3859e-09
3.3859e-09
3.3859e-09
3.3859e-09
3.3859e-09
3.3859e-09
3.3859e-09
3.3859e-09
3.3859e-09
3.3859e-09
3.3859e-09
3.3859e-09
3.3859e-09
3.3859e-09
3.3859e-09
3.3859e-09
3.3859e-09
3.3859e-09
3.3859e-09
3.3859e-09
3.3859e-09
3.3859e-09
3.3859e-09
3.3859e-09
3.3859e-09
3.3859e-09
3.3859e-09
3.3859e-09
3.3859e-09
3.3859e-09
3.3859e-09
3.3859e-09
3.3859e-09
3.3859e-09
3.3859e-09
3.3859e-09
3.3859e-09
3.3859e-09
3.3859e-09
3.3859e-09
3.3859e-09
3.3859e-09
3.3859e-09
3.3859e-09
3.3859e-09
3.3859e-09
3.3859e-09
3.3859e-09
3.3859e-09
3.3859e-09
3.3859e-09
3.3859e-09
3.3859e-09
3.3859e-09
3.3859e-09
3.3859e-09
3.3859e-09
3.3859e-09
3.3859e-09
3.3859e-09
3.3859e-09
3.3859e-09
3.3859e-09
3.3859e-09
3.3859e-09
3.3859e-09
3.3859e-09
3.3859e-09
3.3859e-09
3.3859e-09
3.3859e-09
3.3859e-09
3.3859e-09
3.3859e-09
3.3859e-09
3.3859e-09
3.3859e-09
3.3859e-09
3.3859e-09
3.3859e-09
3.3859e-09
3.3859e-09
3.3859e-09
3.3859e-09
3.3859e-09
3.3859e-09
3.3859e-09
3.3859e-09
3.3859e-09
3.3859e-09
3.3859e-09
3.3859e-09
3.3859e-09
3.3859e-09
3.3859e-09
3.3859e-09
3.3859e-09
3.3859e-09
3.3859e-09
3.3859e-09
3.3859e-09
3.3859e-09
3.3859e-09
3.3859e-09
3.3859e-09
3.3859e-09
3.3859e-09
3.3859e-09
3.3859e-09
3.3859e-09
3.3859e-09
3.3859e-09
3.3859e-09
3.3859e-09
3.3859e-09
3.3859e-09
3.3859e-09
3.3859e-09
3.3859e-09
3.3859e-09
3.3859e-09
3.3859e-09
3.3859e-09
3.3859e-09
3.3859e-09
3.3859e-09
3.3859e-09
3.3859e-09
3.3859e-09
3.3859e-09
3.3859e-09
3.3859e-09
3.3859e-09
3.3859e-09
3.3859e-09
3.3859e-09
3.3859e-09
3.3859e-09
3.3859e-09
3.3859e-09
3.3859e-09
3.3859e-09
3.3859e-09
3.3859e-09
3.3859e-09
3.3859e-09
3.3859e-09
3.3859e-09
3.3859e-09
3.3859e-09
3.3859e-09
3.3859e-09
3.3859e-09
3.3859e-09
3.3859e-09
3.3859e-09
3.3859e-09
3.3859e-09
3.3859e-09
3.3859e-09
3.3859e-09
3.3859e-09
3.3859e-09
3.3859e-09
3.3859e-09
3.3859e-09
3.3859e-09
3.3859e-09
3.3859e-09
3.3859e-09
3.3859e-09
3.3859e-09
3.3859e-09
3.3859e-09
3.3859e-09
3.3859e-09
3.3859e-09
3.3859e-09
3.3859e-09
3.3859e-09
3.3859e-09
3.3859e-09
3.3859e-09
3.3859e-09
3.3859e-09
3.3859e-09
3.3859e-09
3.3859e-09
3.3859e-09
3.3859e-09
3.3859e-09
3.3859e-09
3.3859e-09
3.3859e-09
3.3859e-09
3.3859e-09
3.3859e-09
3.3859e-09
3.3859e-09
3.3859e-09
3.3859e-09
3.3859e-09
3.3859e-09
3.3859e-09
3.3859e-09
3.3859e-09
3.3859e-09
3.3859e-09
3.3859e-09
3.3859e-09
3.3859e-09
3.3859e-09
3.3859e-09
3.3859e-09
3.3859e-09
3.3859e-09
3.3859e-09
3.3859e-09
3.3859e-09
3.3859e-09
3.3859e-09
3.3859e-09
3.3859e-09
3.3859e-09
3.3859e-09
3.3859e-09
3.3859e-09
3.3859e-09
3.3859e-09
3.3859e-09
3.3859e-09
3.3859e-09
3.3859e-09
3.3859e-09
3.3859e-09
3.3859e-09
3.3859e-09
3.3859e-09
3.3859e-09
3.3859e-09
3.3859e-09
3.3859e-09
3.3859e-09
3.3859e-09
3.3859e-09
3.3859e-09
3.3859e-09
3.3859e-09
3.3859e-09
3.3859e-09
3.3859e-09
3.3859e-09
3.3859e-09
3.3859e-09
3.3859e-09
3.3859e-09
3.3859e-09
3.3859e-09
3.3859e-09
3.3859e-09
3.3859e-09
3.3859e-09
3.3859e-09
3.3859e-09
3.3859e-09
3.3859e-09
3.3859e-09
3.3859e-09
3.3859e-09
3.3859e-09
3.3859e-09
3.3859e-09
3.3859e-09
3.3859e-09
3.3859e-09
3.3859e-09
3.3859e-09
3.3859e-09
3.3859e-09
3.3859e-09
3.3859e-09
3.3859e-09
3.3859e-09
3.3859e-09
3.3859e-09
3.3859e-09
3.3859e-09
3.3859e-09
3.3859e-09
3.3859e-09
3.3859e-09
3.3859e-09
3.3859e-09
3.3859e-09
3.3859e-09
3.3859e-09
3.3859e-09
3.3859e-09
3.3859e-09
3.3859e-09
3.3859e-09
3.3859e-09
3.3859e-09
3.3859e-09
3.3859e-09
3.3859e-09
3.3859e-09
3.3859e-09
3.3859e-09
3.3859e-09
3.3859e-09
3.3859e-09
3.3859e-09
3.3859e-09
3.3859e-09
3.3859e-09
3.3859e-09
3.3859e-09
3.3859e-09
3.3859e-09
3.3859e-09
3.3859e-09
3.3859e-09
3.3859e-09
3.3859e-09
3.3859e-09
3.3859e-09
3.3859e-09
3.3859e-09
3.3859e-09
3.3859e-09
3.3859e-09
3.3859e-09
3.3859e-09
3.3859e-09
3.3859e-09
3.3859e-09
3.3859e-09
3.3859e-09
3.3859e-09
3.3859e-09
3.3859e-09
3.3859e-09
3.3859e-09
3.3859e-09
3.3859e-09
3.3859e-09
3.3859e-09
3.3859e-09
3.3859e-09
3.3859e-09
3.3859e-09
3.3859e-09
3.3859e-09
3.3859e-09
3.3859e-09
3.3859e-09
3.3859e-09
3.3859e-09
3.3859e-09
3.3859e-09
3.3859e-09
3.3859e-09
3.3859e-09
3.3859e-09
3.3859e-09
3.3859e-09
3.3859e-09
3.3859e-09
3.3859e-09
3.3859e-09
3.3859e-09
3.3859e-09
3.3859e-09
3.3859e-09
3.3859e-09
3.3859e-09
3.3859e-09
3.3859e-09
3.3859e-09
3.3859e-09
3.3859e-09
3.3859e-09
3.3859e-09
3.3859e-09
3.3859e-09
3.3859e-09
3.3859e-09
3.3859e-09
3.3859e-09
3.3859e-09
3.3859e-09
3.3859e-09
3.3859e-09
3.3859e-09
3.3859e-09
3.3859e-09
3.3859e-09
3.3859e-09
3.3859e-09
3.3859e-09
3.3859e-09
3.3859e-09
3.3859e-09
3.3859e-09
3.3859e-09
3.3859e-09
3.3859e-09
3.3859e-09
3.3859e-09
3.3859e-09
3.3859e-09
3.3859e-09
3.3859e-09
3.3859e-09
3.3859e-09
3.3859e-09
3.3859e-09
3.3859e-09
3.3859e-09
3.3859e-09
3.3859e-09
3.3859e-09
3.3859e-09
3.3859e-09
3.3859e-09
3.3859e-09
3.3859e-09
3.3859e-09
3.3859e-09
3.3859e-09
3.3859e-09
3.3859e-09
3.3859e-09
3.3859e-09
3.3859e-09
3.3859e-09
3.3859e-09
3.3859e-09
3.3859e-09
3.3859e-09
3.3859e-09
3.3859e-09
3.3859e-09
3.3859e-09
3.3859e-09
3.3859e-09
3.3859e-09
3.3859e-09
3.3859e-09
3.3859e-09
3.3859e-09
3.3859e-09
3.3859e-09
3.3859e-09
3.3859e-09
3.3859e-09
3.3859e-09
3.3859e-09
3.3859e-09
3.3859e-09
3.3859e-09
3.3859e-09
3.3859e-09
3.3859e-09
3.3859e-09
3.3859e-09
3.3859e-09
3.3859e-09
3.3859e-09
3.3859e-09
3.3859e-09
3.3859e-09
3.3859e-09
3.3859e-09
3.3859e-09
3.3859e-09
3.3859e-09
3.3859e-09
3.3859e-09
3.3859e-09
3.3859e-09
3.3859e-09
3.3859e-09
3.3859e-09
3.3859e-09
3.3859e-09
3.3859e-09
3.3859e-09
3.3859e-09
3.3859e-09
3.3859e-09
3.3859e-09
3.3859e-09
3.3859e-09
3.3859e-09
3.3859e-09
3.3859e-09
3.3859e-09
3.3859e-09
3.3859e-09
3.3859e-09
3.3859e-09
3.3859e-09
3.3859e-09
3.3859e-09
3.3859e-09
3.3859e-09
3.3859e-09
3.3859e-09
3.3859e-09
3.3859e-09
3.3859e-09
3.3859e-09
3.3859e-09
3.3859e-09
3.3859e-09
3.3859e-09
3.3859e-09
3.3859e-09
3.3859e-09
3.3859e-09
3.3859e-09
3.3859e-09
3.3859e-09
3.3859e-09
3.3859e-09
3.3859e-09
3.3859e-09
3.3859e-09
3.3859e-09
3.3859e-09
3.3859e-09
3.3859e-09
3.3859e-09
3.3859e-09
3.3859e-09
3.3859e-09
3.3859e-09
3.3859e-09
3.3859e-09
3.3859e-09
3.3859e-09
3.3859e-09
3.3859e-09
3.3859e-09
3.3859e-09
3.3859e-09
3.3859e-09
3.3859e-09
3.3859e-09
3.3859e-09
3.3859e-09
3.3859e-09
3.3859e-09
3.3859e-09
3.3859e-09
3.3859e-09
3.3859e-09
3.3859e-09
3.3859e-09
3.3859e-09
3.3859e-09
3.3859e-09
3.3859e-09
3.3859e-09
3.3859e-09
3.3859e-09
3.3859e-09
3.3859e-09
3.3859e-09
3.3859e-09
3.3859e-09
3.3859e-09
3.3859e-09
3.3859e-09
3.3859e-09
3.3859e-09
3.3859e-09
3.3859e-09
3.3859e-09
3.3859e-09
3.3859e-09
3.3859e-09
3.3859e-09
3.3859e-09
3.3859e-09
3.3859e-09
3.3859e-09
3.3859e-09
3.3859e-09
3.3859e-09
3.3859e-09
3.3859e-09
3.3859e-09
3.3859e-09
3.3859e-09
3.3859e-09
3.3859e-09
3.3859e-09
3.3859e-09
3.3859e-09
3.3859e-09
3.3859e-09
3.3859e-09
3.3859e-09
3.3859e-09
3.3859e-09
3.3859e-09
3.3859e-09
3.3859e-09
3.3859e-09
3.3859e-09
3.3859e-09
3.3859e-09
3.3859e-09
3.3859e-09
3.3859e-09
3.3859e-09
3.3859e-09
3.3859e-09
3.3859e-09
3.3859e-09
3.3859e-09
3.3859e-09
3.3859e-09
3.3859e-09
3.3859e-09
3.3859e-09
3.3859e-09
3.3859e-09
3.3859e-09
3.3859e-09
3.3859e-09
3.3859e-09
3.3859e-09
3.3859e-09
3.3859e-09
3.3859e-09
3.3859e-09
3.3859e-09
3.3859e-09
3.3859e-09
3.3859e-09
3.3859e-09
3.3859e-09
3.3859e-09
3.3859e-09
3.3859e-09
3.3859e-09
3.3859e-09
3.3859e-09
3.3859e-09
3.3859e-09
3.3859e-09
3.3859e-09
3.3859e-09
3.3859e-09
3.3859e-09
3.3859e-09
3.3859e-09
3.3859e-09
3.3859e-09
3.3859e-09
3.3859e-09
3.3859e-09
3.3859e-09
3.3859e-09
3.3859e-09
3.3859e-09
3.3859e-09
3.3859e-09
3.3859e-09
3.3859e-09
3.3859e-09
3.3859e-09
3.3859e-09
3.3859e-09
3.3859e-09
3.3859e-09
3.3859e-09
3.3859e-09
3.3859e-09
3.3859e-09
3.3859e-09
3.3859e-09
3.3859e-09
3.3859e-09
3.3859e-09
3.3859e-09
3.3859e-09
3.3859e-09
3.3859e-09
3.3859e-09
3.3859e-09
3.3859e-09
3.3859e-09
3.3859e-09
3.3859e-09
3.3859e-09
3.3859e-09
3.3859e-09
3.3859e-09
3.3859e-09
3.3859e-09
3.3859e-09
3.3859e-09
3.3859e-09
3.3859e-09
3.3859e-09
3.3859e-09
3.3859e-09
3.3859e-09
3.3859e-09
3.3859e-09
3.3859e-09
3.3859e-09
3.3859e-09
3.3859e-09
3.3859e-09
3.3859e-09
3.3859e-09
3.3859e-09
3.3859e-09
3.3859e-09
3.3859e-09
3.3859e-09
3.3859e-09
3.3859e-09
3.3859e-09
3.3859e-09
3.3859e-09
3.3859e-09
3.3859e-09
3.3859e-09
3.3859e-09
3.3859e-09
3.3859e-09
3.3859e-09
3.3859e-09
3.3859e-09
3.3859e-09
3.3859e-09
3.3859e-09
3.3859e-09
3.3859e-09
3.3859e-09
3.3859e-09
3.3859e-09
3.3859e-09
3.3859e-09
3.3859e-09
3.3859e-09
3.3859e-09
3.3859e-09
3.3859e-09
3.3859e-09
3.3859e-09
3.3859e-09
3.3859e-09
3.3859e-09
3.3859e-09
3.3859e-09
3.3859e-09
3.3859e-09
3.3859e-09
3.3859e-09
3.3859e-09
3.3859e-09
3.3859e-09
3.3859e-09
3.3859e-09
3.3859e-09
3.3859e-09
3.3859e-09
3.3859e-09
3.3859e-09
3.3859e-09
3.3859e-09
3.3859e-09
3.3859e-09
3.3859e-09
3.3859e-09
3.3859e-09
3.3859e-09
3.3859e-09
3.3859e-09
3.3859e-09
3.3859e-09
3.3859e-09
3.3859e-09
3.3859e-09
3.3859e-09
3.3859e-09
3.3859e-09
3.3859e-09
3.3859e-09
3.3859e-09
3.3859e-09
3.3859e-09
3.3859e-09
3.3859e-09
3.3859e-09
3.3859e-09
3.3859e-09
3.3859e-09
3.3859e-09
3.3859e-09
3.3859e-09
3.3859e-09
3.3859e-09
3.3859e-09
3.3859e-09
3.3859e-09
3.3859e-09
3.3859e-09
3.3859e-09
3.3859e-09
3.3859e-09
3.3859e-09
3.3859e-09
3.3859e-09
3.3859e-09
3.3859e-09
3.3859e-09
3.3859e-09
3.3859e-09
3.3859e-09
3.3859e-09
3.3859e-09
3.3859e-09
3.3859e-09
3.3859e-09
3.3859e-09
3.3859e-09
3.3859e-09
3.3859e-09
3.3859e-09
3.3859e-09
3.3859e-09
3.3859e-09
3.3859e-09
3.3859e-09
3.3859e-09
3.3859e-09
3.3859e-09
3.3859e-09
3.3859e-09
3.3859e-09
3.3859e-09
3.3859e-09
3.3859e-09
3.3859e-09
3.3859e-09
3.3859e-09
3.3859e-09
3.3859e-09
3.3859e-09
3.3859e-09
3.3859e-09
3.3859e-09
3.3859e-09
3.3859e-09
3.3859e-09
3.3859e-09
3.3859e-09
3.3859e-09
3.3859e-09
3.3859e-09
3.3859e-09
3.3859e-09
3.3859e-09
3.3859e-09
3.3859e-09
3.3859e-09
3.3859e-09
3.3859e-09
3.3859e-09
3.3859e-09
3.3859e-09
3.3859e-09
3.3859e-09
3.3859e-09
3.3859e-09
3.3859e-09
3.3859e-09
3.3859e-09
3.3859e-09
3.3859e-09
3.3859e-09
3.3859e-09
3.3859e-09
3.3859e-09
3.3859e-09
3.3859e-09
3.3859e-09
3.3859e-09
3.3859e-09
3.3859e-09
3.3859e-09
3.3859e-09
3.3859e-09
3.3859e-09
3.3859e-09
3.3859e-09
3.3859e-09
3.3859e-09
3.3859e-09
3.3859e-09
3.3859e-09
3.3859e-09
3.3859e-09
3.3859e-09
3.3859e-09
3.3859e-09
3.3859e-09
3.3859e-09
3.3859e-09
3.3859e-09
3.3859e-09
3.3859e-09
3.3859e-09
3.3859e-09
3.3859e-09
3.3859e-09
3.3859e-09
3.3859e-09
3.3859e-09
3.3859e-09
3.3859e-09
3.3859e-09
3.3859e-09
3.3859e-09
3.3859e-09
3.3859e-09
3.3859e-09
3.3859e-09
3.3859e-09
3.3859e-09
3.3859e-09
3.3859e-09
3.3859e-09
3.3859e-09
3.3859e-09
3.3859e-09
3.3859e-09
3.3859e-09
3.3859e-09
3.3859e-09
3.3859e-09
3.3859e-09
3.3859e-09
3.3859e-09
3.3859e-09
3.3859e-09
3.3859e-09
3.3859e-09
3.3859e-09
3.3859e-09
3.3859e-09
3.3859e-09
3.3859e-09
3.3859e-09
3.3859e-09
3.3859e-09
3.3859e-09
3.3859e-09
3.3859e-09
3.3859e-09
3.3859e-09
3.3859e-09
3.3859e-09
3.3859e-09
3.3859e-09
3.3859e-09
3.3859e-09
3.3859e-09
3.3859e-09
3.3859e-09
3.3859e-09
3.3859e-09
3.3859e-09
3.3859e-09
3.3859e-09
3.3859e-09
3.3859e-09
3.3859e-09
3.3859e-09
3.3859e-09
3.3859e-09
3.3859e-09
3.3859e-09
3.3859e-09
3.3859e-09
3.3859e-09
3.3859e-09
3.3859e-09
3.3859e-09
3.3859e-09
3.3859e-09
3.3859e-09
3.3859e-09
3.3859e-09
3.3859e-09
3.3859e-09
3.3859e-09
3.3859e-09
3.3859e-09
3.3859e-09
3.3859e-09
3.3859e-09
3.3859e-09
3.3859e-09
3.3859e-09
3.3859e-09
3.3859e-09
3.3859e-09
3.3859e-09
3.3859e-09
3.3859e-09
3.3859e-09
3.3859e-09
3.3859e-09
3.3859e-09
3.3859e-09
3.3859e-09
3.3859e-09
3.3859e-09
3.3859e-09
3.3859e-09
3.3859e-09
3.3859e-09
3.3859e-09
3.3859e-09
3.3859e-09
3.3859e-09
3.3859e-09
3.3859e-09
3.3859e-09
3.3859e-09
3.3859e-09
3.3859e-09
3.3859e-09
3.3859e-09
3.3859e-09
3.3859e-09
3.3859e-09
3.3859e-09
3.3859e-09
3.3859e-09
3.3859e-09
3.3859e-09
3.3859e-09
3.3859e-09
3.3859e-09
3.3859e-09
3.3859e-09
3.3859e-09
3.3859e-09
3.3859e-09
3.3859e-09
3.3859e-09
3.3859e-09
3.3859e-09
3.3859e-09
3.3859e-09
3.3859e-09
3.3859e-09
3.3859e-09
3.3859e-09
3.3859e-09
3.3859e-09
3.3859e-09
3.3859e-09
3.3859e-09
3.3859e-09
3.3859e-09
3.3859e-09
3.3859e-09
3.3859e-09
3.3859e-09
3.3859e-09
3.3859e-09
3.3859e-09
3.3859e-09
3.3859e-09
3.3859e-09
3.3859e-09
3.3859e-09
3.3859e-09
3.3859e-09
3.3859e-09
3.3859e-09
3.3859e-09
3.3859e-09
3.3859e-09
3.3859e-09
3.3859e-09
3.3859e-09
3.3859e-09
3.3859e-09
3.3859e-09
3.3859e-09
3.3859e-09
3.3859e-09
3.3859e-09
3.3859e-09
3.3859e-09
3.3859e-09
3.3859e-09
3.3859e-09
3.3859e-09
3.3859e-09
3.3859e-09
3.3859e-09
3.3859e-09
3.3859e-09
3.3859e-09
3.3859e-09
3.3859e-09
3.3859e-09
3.3859e-09
3.3859e-09
3.3859e-09
3.3859e-09
3.3859e-09
3.3859e-09
3.3859e-09
3.3859e-09
3.3859e-09
3.3859e-09
3.3859e-09
3.3859e-09
3.3859e-09
3.3859e-09
3.3859e-09
3.3859e-09
3.3859e-09
3.3859e-09
3.3859e-09
3.3859e-09
3.3859e-09
3.3859e-09
3.3859e-09
3.3859e-09
3.3859e-09
3.3859e-09
3.3859e-09
3.3859e-09
3.3859e-09
3.3859e-09
3.3859e-09
3.3859e-09
3.3859e-09
3.3859e-09
3.3859e-09
3.3859e-09
3.3859e-09
3.3859e-09
3.3859e-09
3.3859e-09
3.3859e-09
3.3859e-09
3.3859e-09
3.3859e-09
3.3859e-09
3.3859e-09
3.3859e-09
3.3859e-09
3.3859e-09
3.3859e-09
3.3859e-09
3.3859e-09
3.3859e-09
3.3859e-09
3.3859e-09
3.3859e-09
3.3859e-09
3.3859e-09
3.3859e-09
3.3859e-09
3.3859e-09
3.3859e-09
3.3859e-09
3.3859e-09
3.3859e-09
3.3859e-09
3.3859e-09
3.3859e-09
3.3859e-09
3.3859e-09
3.3859e-09
3.3859e-09
3.3859e-09
3.3859e-09
3.3859e-09
3.3859e-09
3.3859e-09
3.3859e-09
3.3859e-09
3.3859e-09
3.3859e-09
3.3859e-09
3.3859e-09
3.3859e-09
3.3859e-09
3.3859e-09
3.3859e-09
3.3859e-09
3.3859e-09
3.3859e-09
3.3859e-09
3.3859e-09
3.3859e-09
3.3859e-09
3.3859e-09
3.3859e-09
3.3859e-09
3.3859e-09
3.3859e-09
3.3859e-09
3.3859e-09
3.3859e-09
3.3859e-09
3.3859e-09
3.3859e-09
3.3859e-09
3.3859e-09
3.3859e-09
3.3859e-09
3.3859e-09
3.3859e-09
3.3859e-09
3.3859e-09
3.3859e-09
3.3859e-09
3.3859e-09
3.3859e-09
3.3859e-09
3.3859e-09
3.3859e-09
3.3859e-09
3.3859e-09
3.3859e-09
3.3859e-09
3.3859e-09
3.3859e-09
3.3859e-09
3.3859e-09
3.3859e-09
3.3859e-09
3.3859e-09
3.3859e-09
3.3859e-09
3.3859e-09
3.3859e-09
3.3859e-09
3.3859e-09
3.3859e-09
3.3859e-09
3.3859e-09
3.3859e-09
3.3859e-09
3.3859e-09
3.3859e-09
3.3859e-09
3.3859e-09
3.3859e-09
3.3859e-09
3.3859e-09
3.3859e-09
3.3859e-09
3.3859e-09
3.3859e-09
3.3859e-09
3.3859e-09
3.3859e-09
3.3859e-09
3.3859e-09
3.3859e-09
3.3859e-09
3.3859e-09
3.3859e-09
3.3859e-09
3.3859e-09
3.3859e-09
3.3859e-09
3.3859e-09
3.3859e-09
3.3859e-09
3.3859e-09
3.3859e-09
3.3859e-09
3.3859e-09
3.3859e-09
3.3859e-09
3.3859e-09
3.3859e-09
3.3859e-09
3.3859e-09
3.3859e-09
3.3859e-09
3.3859e-09
3.3859e-09
3.3859e-09
3.3859e-09
3.3859e-09
3.3859e-09
3.3859e-09
3.3859e-09
3.3859e-09
3.3859e-09
3.3859e-09
3.3859e-09
3.3859e-09
3.3859e-09
3.3859e-09
3.3859e-09
3.3859e-09
3.3859e-09
3.3859e-09
3.3859e-09
3.3859e-09
3.3859e-09
3.3859e-09
3.3859e-09
3.3859e-09
3.3859e-09
3.3859e-09
3.3859e-09
3.3859e-09
3.3859e-09
3.3859e-09
3.3859e-09
3.3859e-09
3.3859e-09
3.3859e-09
3.3859e-09
3.3859e-09
3.3859e-09
3.3859e-09
3.3859e-09
3.3859e-09
3.3859e-09
3.3859e-09
3.3859e-09
3.3859e-09
3.3859e-09
3.3859e-09
3.3859e-09
3.3859e-09
3.3859e-09
3.3859e-09
3.3859e-09
3.3859e-09
3.3859e-09
3.3859e-09
3.3859e-09
3.3859e-09
3.3859e-09
3.3859e-09
3.3859e-09
3.3859e-09
3.3859e-09
3.3859e-09
3.3859e-09
3.3859e-09
3.3859e-09
3.3859e-09
3.3859e-09
3.3859e-09
3.3859e-09
3.3859e-09
3.3859e-09
3.3859e-09
3.3859e-09
3.3859e-09
3.3859e-09
3.3859e-09
3.3859e-09
3.3859e-09
3.3859e-09
3.3859e-09
3.3859e-09
3.3859e-09
3.3859e-09
3.3859e-09
3.3859e-09
3.3859e-09
3.3859e-09
3.3859e-09
3.3859e-09
3.3859e-09
3.3859e-09
3.3859e-09
3.3859e-09
3.3859e-09
3.3859e-09
3.3859e-09
3.3859e-09
3.3859e-09
3.3859e-09
3.3859e-09
3.3859e-09
3.3859e-09
3.3859e-09
3.3859e-09
3.3859e-09
3.3859e-09
3.3859e-09
3.3859e-09
3.3859e-09
3.3859e-09
3.3859e-09
3.3859e-09
3.3859e-09
3.3859e-09
3.3859e-09
3.3859e-09
3.3859e-09
3.3859e-09
3.3859e-09
3.3859e-09
3.3859e-09
3.3859e-09
3.3859e-09
3.3859e-09
3.3859e-09
3.3859e-09
3.3859e-09
3.3859e-09
3.3859e-09
3.3859e-09
3.3859e-09
3.3859e-09
3.3859e-09
3.3859e-09
3.3859e-09
3.3859e-09
3.3859e-09
3.3859e-09
3.3859e-09
3.3859e-09
3.3859e-09
3.3859e-09
3.3859e-09
3.3859e-09
3.3859e-09
3.3859e-09
3.3859e-09
3.3859e-09
3.3859e-09
3.3859e-09
3.3859e-09
3.3859e-09
3.3859e-09
3.3859e-09
3.3859e-09
3.3859e-09
3.3859e-09
3.3859e-09
3.3859e-09
3.3859e-09
3.3859e-09
3.3859e-09
3.3859e-09
3.3859e-09
3.3859e-09
3.3859e-09
3.3859e-09
3.3859e-09
3.3859e-09
3.3859e-09
3.3859e-09
3.3859e-09
3.3859e-09
3.3859e-09
3.3859e-09
3.3859e-09
3.3859e-09
3.3859e-09
3.3859e-09
3.3859e-09
3.3859e-09
3.3859e-09
3.3859e-09
3.3859e-09
3.3859e-09
3.3859e-09
3.3859e-09
3.3859e-09
3.3859e-09
3.3859e-09
3.3859e-09
3.3859e-09
3.3859e-09
3.3859e-09
3.3859e-09
3.3859e-09
3.3859e-09
3.3859e-09
3.3859e-09
3.3859e-09
3.3859e-09
3.3859e-09
3.3859e-09
3.3859e-09
3.3859e-09
3.3859e-09
3.3859e-09
3.3859e-09
3.3859e-09
3.3859e-09
3.3859e-09
3.3859e-09
3.3859e-09
3.3859e-09
3.3859e-09
3.3859e-09
3.3859e-09
3.3859e-09
3.3859e-09
3.3859e-09
3.3859e-09
3.3859e-09
3.3859e-09
3.3859e-09
3.3859e-09
3.3859e-09
3.3859e-09
3.3859e-09
