1.28034e+09
2.90978e+07
975603
230506
230506
125194
125194
125194
2806
341.668
341.668
341.668
341.668
341.668
341.668
341.668
341.668
113.64
31.1893
26.4622
25.9036
24.9285
21.1055
21.1055
20.3397
20.3397
20.3397
19.778
13.2976
13.2976
13.2976
11.3828
11.3828
11.3828
11.3828
11.3828
11.3828
11.3828
11.3828
11.3828
11.3828
11.3828
11.3828
11.3828
11.3828
11.3828
11.3828
11.3828
11.3828
11.3828
11.3828
11.3828
11.3828
11.3828
11.3828
11.3828
11.3828
11.3828
11.3828
11.3828
11.3828
11.3828
11.3828
11.3828
11.3828
11.3828
11.3828
11.3828
11.3828
11.3828
11.3828
11.3828
11.3828
11.3828
11.3828
11.3828
11.3828
11.3828
11.3828
11.3828
11.3828
11.3828
11.3828
11.3828
11.3828
11.3828
9.05872
9.05872
9.05872
9.05872
9.05872
9.05872
9.05872
9.05872
9.05872
9.05872
9.05872
9.05872
9.05872
9.05872
9.05872
9.05872
9.05872
9.05872
9.05872
9.05872
9.05872
9.05872
9.05872
9.05872
9.05872
9.05872
9.05872
9.05872
9.05872
9.05872
9.05872
9.05872
9.05872
9.05872
9.05872
9.05872
9.05872
9.05872
9.05872
9.05872
9.05872
9.05872
9.05872
9.05872
9.05872
9.05872
9.05872
9.05872
9.05872
9.05872
9.05872
9.05872
9.05872
9.05872
9.05872
9.05872
9.05872
9.05872
9.05872
9.05872
9.05872
9.05872
9.05872
9.05872
9.05872
9.05872
9.05872
9.05872
9.05872
9.05872
9.05872
9.05872
5.9189
5.9189
5.59079
5.18215
5.18215
3.15059
2.33486
2.33486
2.33486
2.33486
2.33486
2.33486
2.33486
2.2079
2.2079
1.7974
1.76587
1.6974
1.66235
1.64272
1.59907
1.58969
1.58969
1.58969
1.58969
1.58969
1.58411
1.58411
1.58411
1.58411
1.58411
1.58411
1.58411
1.58165
1.57797
1.57797
1.57716
1.57716
1.56932
1.56932
1.56698
1.5608
1.5608
1.55001
1.54745
1.54745
1.54745
1.54745
1.54661
1.54194
1.54194
1.53413
1.53413
1.53413
1.53244
1.53244
1.53244
1.53244
1.53244
1.53244
1.53244
1.53244
1.53244
1.53244
1.53244
1.53244
1.53129
1.53064
1.53064
1.53039
1.5298
1.52816
1.52651
1.52517
1.52268
1.52217
1.52137
1.52032
1.51976
1.5197
1.51867
1.51827
1.51677
1.5167
1.51608
1.51608
1.51608
1.51608
1.51608
1.51608
1.51608
1.51608
1.51608
1.51608
1.51608
1.51608
1.51608
1.51608
1.51608
1.51608
1.51608
1.51608
1.51608
1.51608
1.51608
1.51608
1.51608
1.51608
1.51608
1.51608
1.51608
1.51608
1.51608
1.51608
1.51608
1.51608
1.51608
1.51608
1.51608
1.51608
1.51608
1.51608
1.51608
1.51608
1.51608
1.51608
1.51608
1.51608
1.51608
1.51608
1.51608
1.51608
1.51608
1.51608
1.51608
1.51608
1.51608
1.51608
1.51608
1.51608
1.51608
1.51608
1.51608
1.51608
1.51608
1.51608
1.51608
1.51608
1.51608
1.51608
1.51608
1.51608
1.51608
1.51608
1.51608
1.51608
1.51608
1.51608
1.51608
1.51608
1.51608
1.51608
1.51608
1.51608
1.51608
1.51608
1.51608
1.51608
1.51608
1.51608
1.51608
1.51608
1.51608
1.51608
1.51608
1.51608
1.51608
1.51608
1.51608
1.51608
1.51608
1.51608
1.51608
1.51608
1.51608
1.51608
1.51608
1.51608
1.51608
1.51608
1.51608
1.51608
1.51608
1.51608
1.51608
1.51608
1.51608
1.51608
1.51608
1.51608
1.51608
1.51608
1.51608
1.51608
1.51608
1.51608
1.51608
1.51608
1.51608
1.51608
1.51608
1.51608
1.51608
1.51608
1.51608
1.51608
1.51608
1.51608
1.51608
1.51608
1.51608
1.51608
1.51608
1.51608
1.51608
1.51608
1.51608
1.51608
1.51608
1.51608
1.51608
1.51608
1.51608
1.51608
1.51608
1.51608
1.51608
1.51608
1.51608
1.51608
1.51608
1.51608
1.51608
1.51608
1.51608
1.51608
1.51608
1.51608
1.51608
1.51608
1.51608
1.51608
1.51608
1.51608
1.51608
1.51608
1.51608
1.51608
1.51608
1.51608
1.51608
1.51608
1.51608
1.51608
1.51608
1.51608
1.51608
1.51608
1.51608
1.51608
1.51608
1.51608
1.51608
1.51608
1.51608
1.51608
1.51608
1.51608
1.51608
1.51608
1.51608
1.51608
1.51608
1.51608
1.51608
1.51608
1.51608
1.51608
1.51608
1.51608
1.51608
1.51608
1.51608
1.51608
1.51608
1.51608
1.51608
1.51608
1.51608
1.51608
1.51608
1.51608
1.51608
1.51608
1.51608
1.51608
1.51608
1.51608
1.51608
1.51608
1.51608
1.51608
1.51608
1.51608
1.51608
1.51608
1.51608
1.51608
1.51608
1.51608
1.51608
1.51608
1.51608
1.51608
1.51608
1.51608
1.51608
1.51608
1.51608
1.51608
1.51608
1.51608
1.51608
1.51608
1.51608
1.51608
1.51608
1.51608
1.51608
1.51608
1.51608
1.51608
1.51608
1.51608
1.51608
1.51608
1.51608
1.51608
1.51608
1.51608
1.51608
1.51608
1.51608
1.51608
1.51608
1.51608
1.51608
1.51608
1.51608
1.51608
1.51608
1.51608
1.51608
1.51608
1.51608
1.51608
1.51608
1.51608
1.51608
1.51608
1.51608
1.51608
1.51608
1.51608
1.51608
1.51608
1.51608
1.51608
1.51608
1.51608
1.51608
1.51608
1.51608
1.51608
1.51608
1.51608
1.51608
1.51608
1.51608
1.51608
1.51608
1.51608
1.51608
1.51608
1.51608
1.51608
1.51608
1.51608
1.51608
1.51608
1.51608
1.51608
1.51608
1.51608
1.51608
1.51608
1.51608
1.51608
1.51608
1.51608
1.51608
1.51608
1.51608
1.51608
1.51608
1.51608
1.51608
1.51608
1.51608
1.51608
1.51608
1.51608
1.51608
1.51608
1.51608
1.51608
1.51608
1.51608
1.51608
1.51608
1.51608
1.51608
1.51608
1.51608
1.51608
1.51608
1.51608
1.51608
1.51608
1.51608
1.51608
1.51608
1.51608
1.51608
1.51608
1.51608
1.51608
1.51608
1.51608
1.51608
1.51608
1.51608
1.51608
1.51608
1.51608
1.51608
1.51608
1.51608
1.51608
1.51608
1.51608
1.51608
1.51608
1.51608
1.51608
1.51608
1.51608
1.51608
1.51608
1.51608
1.51608
1.51608
1.51608
1.51608
1.51608
1.51608
1.51608
1.51608
1.51608
1.51608
1.51608
1.51608
1.51608
1.51608
1.51608
1.51608
1.51608
1.51608
1.51608
1.51608
1.51608
1.51608
1.51608
1.51608
1.51608
1.51608
1.51608
1.51608
1.51608
1.51608
1.51608
1.51608
1.51608
1.51608
1.51608
1.51608
1.51608
1.51608
1.51608
1.51608
1.51608
1.51608
1.51608
1.51608
1.51608
1.51608
1.51608
1.51608
1.51608
1.51608
1.51608
1.51608
1.51608
1.51608
1.51608
1.51608
1.51608
1.51608
1.51608
1.51608
1.51608
1.51608
1.51608
1.51608
1.51608
1.51608
1.51608
1.51608
1.51608
1.51608
1.51608
1.51608
1.51608
1.51608
1.51608
1.51608
1.51608
1.51608
1.51608
1.51608
1.51608
1.51608
1.51608
1.51608
1.51608
1.51608
1.51608
1.51608
1.51608
1.51608
1.51608
1.51608
1.51608
1.51608
1.51608
1.51608
1.51608
1.51608
1.51608
1.51608
1.51608
1.51608
1.51608
1.51608
1.51608
1.51608
1.51608
1.51608
1.51608
1.51608
1.51608
1.51608
1.51608
1.51608
1.51608
1.51608
1.51608
1.51608
1.51608
1.51608
1.51608
1.51608
1.51608
1.51608
1.51608
1.51608
1.51608
1.51608
1.51608
1.51608
1.51608
1.51608
1.51608
1.51608
1.51608
1.51608
1.51608
1.51608
1.51608
1.51608
1.51608
1.51608
1.51608
1.51608
1.51608
1.51608
1.51608
1.51608
1.51608
1.51608
1.51608
1.51608
1.51608
1.51608
1.51608
1.51608
1.51608
1.51608
1.51608
1.51608
1.51608
1.51608
1.51608
1.51608
1.51608
1.51608
1.51608
1.51608
1.51608
1.51608
1.51608
1.51608
1.51608
1.51608
1.51608
1.51608
1.51608
1.51608
1.51608
1.51608
1.51608
1.51608
1.51608
1.51608
1.51608
1.51608
1.51608
1.51608
1.51608
1.51608
1.51608
1.51608
1.51608
1.51608
1.51608
1.51608
1.51608
1.51608
1.51608
1.51608
1.51608
1.51608
1.51608
1.51608
1.51608
1.51608
1.51608
1.51608
1.51608
1.51608
1.51608
1.51608
1.51608
1.51608
1.51608
1.51608
1.51608
1.51608
1.51608
1.51608
1.51608
1.51608
1.51608
1.51608
1.51608
1.51608
1.51608
1.51608
1.51608
1.51608
1.51608
1.51608
1.51608
1.51608
1.51608
1.51608
1.51608
1.51608
1.51608
1.51608
1.51608
1.51608
1.51608
1.51608
1.51608
1.51608
1.51608
1.51608
1.51608
1.51608
1.51608
1.51608
1.51608
1.51608
1.51608
1.51608
1.51608
1.51608
1.51608
1.51608
1.51608
1.51608
1.51608
1.51608
1.51608
1.51608
1.51608
1.51608
1.51608
1.51608
1.51608
1.51608
1.51608
1.51608
1.51608
1.51608
1.51608
1.51608
1.51608
1.51608
1.51608
1.51608
1.51608
1.51608
1.51608
1.51608
1.51608
1.51608
1.51608
1.51608
1.51608
1.51608
1.51608
1.51608
1.51608
1.51608
1.51608
1.51608
1.51608
1.51608
1.51608
1.51608
1.51608
1.51608
1.51608
1.51608
1.51608
1.51608
1.51608
1.51608
1.51608
1.51608
1.51608
1.51608
1.51608
1.51608
1.51608
1.51608
1.51608
1.51608
1.51608
1.51608
1.51608
1.51608
1.51608
1.51608
1.51608
1.51608
1.51608
1.51608
1.51608
1.51608
1.51608
1.51608
1.51608
1.51608
1.51608
1.51608
1.51608
1.51608
1.51608
1.51608
1.51608
1.51608
1.51608
1.51608
1.51608
1.51608
1.51608
1.51608
1.51608
1.51608
1.51608
1.51608
1.51608
1.51608
1.51608
1.51608
1.51608
1.51608
1.51608
1.51608
1.51608
1.51608
1.51608
1.51608
1.51608
1.51608
1.51608
1.51608
1.51608
1.51608
1.51608
1.51608
1.51608
1.51608
1.51608
1.51608
1.51608
1.51608
1.51608
1.51608
1.51608
1.51608
1.51608
1.51608
1.51608
1.51608
1.51608
1.51608
1.51608
1.51608
1.51608
1.51608
1.51608
1.51608
1.51608
1.51608
1.51608
1.51608
1.51608
1.51608
1.51608
1.51608
1.51608
1.51608
1.51608
1.51608
1.51608
1.51608
1.51608
1.51608
1.51608
1.51608
1.51608
1.51608
1.51608
1.51608
1.51608
1.51608
1.51608
1.51608
1.51608
1.51608
1.51608
1.51608
1.51608
1.51608
1.51608
1.51608
1.51608
1.51608
1.51608
1.51608
1.51608
1.51608
1.51608
1.51608
1.51608
1.51608
1.51608
1.51608
1.51608
1.51608
1.51608
1.51608
1.51608
1.51608
1.51608
1.51608
1.51608
1.51608
1.51608
1.51608
1.51608
1.51608
1.51608
1.51608
1.51608
1.51608
1.51608
1.51608
1.51608
1.51608
1.51608
1.51608
1.51608
1.51608
1.51608
1.51608
1.51608
1.51608
1.51608
1.51608
1.51608
1.51608
1.51608
1.51608
1.51608
1.51608
1.51608
1.51608
1.51608
1.51608
1.51608
1.51608
1.51608
1.51608
1.51608
1.51608
1.51608
1.51608
1.51608
1.51608
1.51608
1.51608
1.51608
1.51608
1.51608
1.51608
1.51608
1.51608
1.51608
1.51608
1.51608
1.51608
1.51608
1.51608
1.51608
1.51608
1.51608
1.51608
1.51608
1.51608
1.51608
1.51608
1.51608
1.51608
1.51608
1.51608
1.51608
1.51608
1.51608
1.51608
1.51608
1.51608
1.51608
1.51608
1.51608
1.51608
1.51608
1.51608
1.51608
1.51608
1.51608
1.51608
1.51608
1.51608
1.51608
1.51608
1.51608
1.51608
1.51608
1.51608
1.51608
1.51608
1.51608
1.51608
1.51608
1.51608
1.51608
1.51608
1.51608
1.51608
1.51608
1.51608
1.51608
1.51608
1.51608
1.51608
1.51608
1.51608
1.51608
1.51608
1.51608
1.51608
1.51608
1.51608
1.51608
1.51608
1.51608
1.51608
1.51608
1.51608
1.51608
1.51608
1.51608
1.51608
1.51608
1.51608
1.51608
1.51608
1.51608
1.51608
1.51608
1.51608
1.51608
1.51608
1.51608
1.51608
1.51608
1.51608
1.51608
1.51608
1.51608
1.51608
1.51608
1.51608
1.51608
1.51608
1.51608
1.51608
1.51608
1.51608
1.51608
1.51608
1.51608
1.51608
1.51608
1.51608
1.51608
1.51608
1.51608
1.51608
1.51608
1.51608
1.51608
1.51608
1.51608
1.51608
1.51608
1.51608
1.51608
1.51608
1.51608
1.51608
1.51608
1.51608
1.51608
1.51608
1.51608
1.51608
1.51608
1.51608
1.51608
1.51608
1.51608
1.51608
1.51608
1.51608
1.51608
1.51608
1.51608
1.51608
1.51608
1.51608
1.51608
1.51608
1.51608
1.51608
1.51608
1.51608
1.51608
1.51608
1.51608
1.51608
1.51608
1.51608
1.51608
1.51608
1.51608
1.51608
1.51608
1.51608
1.51608
1.51608
1.51608
1.51608
1.51608
1.51608
1.51608
1.51608
1.51608
1.51608
1.51608
1.51608
1.51608
1.51608
1.51608
1.51608
1.51608
1.51608
1.51608
1.51608
1.51608
1.51608
1.51608
1.51608
1.51608
1.51608
1.51608
1.51608
1.51608
1.51608
1.51608
1.51608
1.51608
1.51608
1.51608
1.51608
1.51608
1.51608
1.51608
1.51608
1.51608
1.51608
1.51608
1.51608
1.51608
1.51608
1.51608
1.51608
1.51608
1.51608
1.51608
1.51608
1.51608
1.51608
1.51608
1.51608
1.51608
1.51608
1.51608
1.51608
1.51608
1.51608
1.51608
1.51608
1.51608
1.51608
1.51608
1.51608
1.51608
1.51608
1.51608
1.51608
1.51608
1.51608
1.51608
1.51608
1.51608
1.51608
1.51608
1.51608
1.51608
1.51608
1.51608
1.51608
1.51608
1.51608
1.51608
1.51608
1.51608
1.51608
1.51608
1.51608
1.51608
1.51608
1.51608
1.51608
1.51608
1.51608
1.51608
1.51608
1.51608
1.51608
1.51608
1.51608
1.51608
1.51608
1.51608
1.51608
1.51608
1.51608
1.51608
1.51608
1.51608
1.51608
1.51608
1.51608
1.51608
1.51608
1.51608
1.51608
1.51608
1.51608
1.51608
1.51608
1.51608
1.51608
1.51608
1.51608
1.51608
1.51608
1.51608
1.51608
1.51608
1.51608
1.51608
1.51608
1.51608
1.51608
1.51608
1.51608
1.51608
1.51608
1.51608
1.51608
1.51608
1.51608
1.51608
1.51608
1.51608
1.51608
1.51608
1.51608
1.51608
1.51608
1.51608
1.51608
1.51608
1.51608
1.51608
1.51608
1.51608
1.51608
1.51608
1.51608
1.51608
1.51608
1.51608
1.51608
1.51608
1.51608
1.51608
1.51608
1.51608
1.51608
1.51608
1.51608
1.51608
1.51608
1.51608
1.51608
1.51608
1.51608
1.51608
1.51608
1.51608
1.51608
1.51608
1.51608
1.51608
1.51608
1.51608
1.51608
1.51608
1.51608
1.51608
1.51608
1.51608
1.51608
1.51608
1.51608
1.51608
1.51608
1.51608
1.51608
1.51608
1.51608
1.51608
1.51608
1.51608
1.51608
1.51608
1.51608
1.51608
1.51608
1.51608
1.51608
1.51608
1.51608
1.51608
1.51608
1.51608
1.51608
1.51608
1.51608
1.51608
1.51608
1.51608
1.51608
1.51608
1.51608
1.51608
1.51608
1.51608
1.51608
1.51608
1.51608
1.51608
1.51608
1.51608
1.51608
1.51608
1.51608
1.51608
1.51608
1.51608
1.51608
1.51608
1.51608
1.51608
1.51608
1.51608
1.51608
1.51608
1.51608
1.51608
1.51608
1.51608
1.51608
1.51608
1.51608
1.51608
1.51608
1.51608
1.51608
1.51608
1.51608
1.51608
1.51608
1.51608
1.51608
1.51608
1.51608
1.51608
1.51608
1.51608
1.51608
1.51608
1.51608
1.51608
1.51608
1.51608
1.51608
1.51608
1.51608
1.51608
1.51608
1.51608
1.51608
1.51608
1.51608
1.51608
1.51608
1.51608
1.51608
1.51608
1.51608
1.51608
1.51608
1.51608
1.51608
1.51608
1.51608
1.51608
1.51608
1.51608
1.51608
1.51608
1.51608
1.51608
1.51608
1.51608
1.51608
1.51608
1.51608
1.51608
1.51608
1.51608
1.51608
1.51608
1.51608
1.51608
1.51608
1.51608
1.51608
1.51608
1.51608
1.51608
1.51608
1.51608
1.51608
1.51608
1.51608
1.51608
1.51608
1.51608
1.51608
1.51608
1.51608
1.51608
1.51608
1.51608
1.51608
1.51608
1.51608
1.51608
1.51608
1.51608
1.51608
1.51608
1.51608
1.51608
1.51608
1.51608
1.51608
1.51608
1.51608
1.51608
1.51608
1.51608
1.51608
1.51608
1.51608
1.51608
1.51608
1.51608
1.51608
1.51608
1.51608
1.51608
1.51608
1.51608
1.51608
1.51608
1.51608
1.51608
1.51608
1.51608
1.51608
1.51608
1.51608
1.51608
1.51608
1.51608
1.51608
1.51608
1.51608
1.51608
1.51608
1.51608
1.51608
1.51608
1.51608
1.51608
1.51608
1.51608
1.51608
1.51608
1.51608
1.51608
1.51608
1.51608
1.51608
1.51608
1.51608
1.51608
1.51608
1.51608
1.51608
1.51608
1.51608
1.51608
1.51608
1.51608
1.51608
1.51608
1.51608
1.51608
1.51608
1.51608
1.51608
1.51608
1.51608
1.51608
1.51608
1.51608
1.51608
1.51608
1.51608
1.51608
1.51608
1.51608
1.51608
1.51608
1.51608
1.51608
1.51608
1.51608
1.51608
1.51608
1.51608
1.51608
1.51608
1.51608
1.51608
1.51608
1.51608
1.51608
1.51608
1.51608
1.51608
1.51608
1.51608
1.51608
1.51608
1.51608
1.51608
1.51608
1.51608
1.51608
1.51608
1.51608
1.51608
1.51608
1.51608
1.51608
1.51608
1.51608
1.51608
1.51608
1.51608
1.51608
1.51608
1.51608
1.51608
1.51608
1.51608
1.51608
1.51608
1.51608
1.51608
1.51608
1.51608
1.51608
1.51608
1.51608
1.51608
1.51608
1.51608
1.51608
1.51608
1.51608
1.51608
1.51608
1.51608
1.51608
1.51608
1.51608
1.51608
1.51608
1.51608
1.51608
1.51608
1.51608
1.51608
1.51608
1.51608
1.51608
1.51608
1.51608
1.51608
1.51608
1.51608
1.51608
1.51608
1.51608
1.51608
1.51608
1.51608
1.51608
1.51608
1.51608
1.51608
1.51608
1.51608
1.51608
1.51608
1.51608
1.51608
1.51608
1.51608
1.51608
1.51608
1.51608
1.51608
1.51608
1.51608
1.51608
1.51608
1.51608
1.51608
1.51608
1.51608
1.51608
1.51608
1.51608
1.51608
1.51608
1.51608
1.51608
1.51608
1.51608
1.51608
1.51608
1.51608
1.51608
1.51608
1.51608
1.51608
1.51608
1.51608
1.51608
1.51608
1.51608
1.51608
1.51608
1.51608
1.51608
1.51608
1.51608
1.51608
1.51608
1.51608
1.51608
1.51608
1.51608
1.51608
1.51608
1.51608
1.51608
1.51608
1.51608
1.51608
1.51608
1.51608
1.51608
1.51608
1.51608
1.51608
1.51608
1.51608
1.51608
1.51608
1.51608
1.51608
1.51608
1.51608
1.51608
1.51608
1.51608
1.51608
1.51608
1.51608
1.51608
1.51608
1.51608
1.51608
1.51608
1.51608
1.51608
1.51608
1.51608
1.51608
1.51608
1.51608
1.51608
1.51608
1.51608
1.51608
1.51608
1.51608
1.51608
1.51608
1.51608
1.51608
1.51608
1.51608
1.51608
1.51608
1.51608
1.51608
1.51608
1.51608
1.51608
1.51608
1.51608
1.51608
1.51608
1.51608
1.51608
1.51608
1.51608
1.51608
1.51608
1.51608
1.51608
1.51608
1.51608
1.51608
1.51608
1.51608
1.51608
1.51608
1.51608
1.51608
1.51608
1.51608
1.51608
1.51608
1.51608
1.51608
1.51608
1.51608
1.51608
1.51608
1.51608
1.51608
1.51608
1.51608
1.51608
1.51608
1.51608
1.51608
1.51608
1.51608
1.51608
1.51608
1.51608
1.51608
1.51608
1.51608
1.51608
1.51608
1.51608
1.51608
1.51608
1.51608
1.51608
1.51608
1.51608
1.51608
1.51608
1.51608
1.51608
1.51608
1.51608
1.51608
1.51608
1.51608
1.51608
1.51608
1.51608
1.51608
1.51608
1.51608
1.51608
1.51608
1.51608
1.51608
1.51608
1.51608
1.51608
1.51608
1.51608
1.51608
1.51608
1.51608
1.51608
1.51608
1.51608
1.51608
1.51608
1.51608
1.51608
1.51608
1.51608
1.51608
1.51608
1.51608
1.51608
1.51608
1.51608
1.51608
1.51608
1.51608
1.51608
1.51608
1.51608
1.51608
1.51608
1.51608
1.51608
1.51608
1.51608
1.51608
1.51608
1.51608
1.51608
1.51608
1.51608
1.51608
1.51608
1.51608
1.51608
1.51608
1.51608
1.51608
1.51608
1.51608
1.51608
1.51608
1.51608
1.51608
1.51608
1.51608
1.51608
1.51608
1.51608
1.51608
1.51608
1.51608
1.51608
1.51608
1.51608
1.51608
1.51608
1.51608
1.51608
1.51608
1.51608
1.51608
1.51608
1.51608
1.51608
1.51608
1.51608
1.51608
1.51608
1.51608
1.51608
1.51608
1.51608
1.51608
1.51608
1.51608
1.51608
1.51608
1.51608
1.51608
