6.97751e+08
4.1596e+08
2.15387e+06
15507.9
170.33
170.33
170.33
170.33
170.33
163.41
163.41
163.41
24.218
24.218
23.3301
23.3301
20.3684
20.3684
20.3684
20.3684
20.3684
20.3684
20.3684
20.3684
19.815
19.702
17.6394
16.3787
16.3787
16.3787
16.1689
16.1689
16.1689
16.1689
16.1689
15.8359
15.8359
15.8359
15.6834
15.6834
15.6834
15.6834
15.6834
15.6834
15.6834
15.0633
15.0633
15.0633
15.0633
13.3796
13.3796
13.3796
13.3796
13.3796
13.3796
13.3796
13.3796
13.3796
13.3796
13.3796
13.3796
13.3796
13.3796
13.3796
13.3796
13.3796
13.3796
13.3796
13.3796
13.3796
13.3796
13.3796
13.3796
13.3796
13.3796
12.2269
12.2269
12.2269
12.2269
12.2269
12.2269
12.2269
12.2269
12.2269
12.2269
12.2269
12.2269
12.2269
12.2269
12.2269
12.2269
12.2269
12.2269
12.2269
12.2269
12.2269
12.2269
12.2269
12.2269
12.1705
12.1705
12.1705
9.36762
9.36762
9.36762
9.36762
9.36762
8.68705
5.31818
1.52407
1.52407
1.52407
1.52407
1.52407
1.52407
1.52407
1.52407
1.52407
1.49154
1.49154
1.49154
0.446643
0.446643
0.446643
0.446643
0.068428
0.068428
0.068428
0.068428
0.068428
0.068428
0.068428
0.0260163
0.0232463
0.0160994
0.00945378
0.00945378
0.00945378
0.00505825
0.00505825
0.00505825
0.00505825
0.00505825
0.00505825
0.00505825
0.0021312
0.000831009
0.000402362
0.000381756
0.000165795
0.000165795
0.000165795
0.000165795
0.000135362
0.000135362
0.000135362
0.000135362
0.000103692
9.92173e-05
9.19259e-05
6.76979e-05
4.81558e-05
3.31963e-05
2.57699e-05
1.61056e-05
1.61056e-05
1.28947e-05
1.03351e-05
6.80013e-06
5.49453e-06
3.14953e-06
2.18188e-06
1.80219e-06
1.74254e-06
1.2437e-06
1.02699e-06
7.32828e-07
4.83889e-07
3.68432e-07
2.43011e-07
1.90485e-07
1.85234e-07
1.62143e-07
1.45035e-07
1.1261e-07
8.70802e-08
7.98588e-08
5.23042e-08
3.99542e-08
2.36937e-08
1.28022e-08
8.15121e-09
7.46199e-09
2.15529e-09
3.6652e-10
2.85214e-10
2.85214e-10
2.85214e-10
3.67861e-11
3.67861e-11
3.67861e-11
3.67861e-11
3.67861e-11
3.67861e-11
3.67861e-11
3.67861e-11
3.67861e-11
3.67861e-11
3.67861e-11
3.67861e-11
3.67861e-11
3.67861e-11
3.67861e-11
3.67861e-11
3.67861e-11
3.67861e-11
3.67861e-11
3.67861e-11
3.67861e-11
3.67861e-11
3.67861e-11
3.67861e-11
3.67861e-11
3.67861e-11
3.67861e-11
3.67861e-11
3.67861e-11
3.67861e-11
3.67861e-11
3.67861e-11
3.67861e-11
3.67861e-11
3.67861e-11
3.67861e-11
3.67861e-11
3.67861e-11
3.67861e-11
3.67861e-11
3.67861e-11
3.67861e-11
3.67861e-11
3.67861e-11
3.67861e-11
3.67861e-11
3.67861e-11
3.67861e-11
3.67861e-11
3.67861e-11
3.67861e-11
3.67861e-11
3.67861e-11
3.67861e-11
3.67861e-11
3.67861e-11
3.67861e-11
3.67861e-11
3.67861e-11
3.67861e-11
3.67861e-11
3.67861e-11
3.67861e-11
3.67861e-11
3.67861e-11
3.67861e-11
3.67861e-11
3.67861e-11
3.67861e-11
3.67861e-11
3.67861e-11
3.67861e-11
3.67861e-11
3.67861e-11
3.67861e-11
3.67861e-11
3.67861e-11
3.67861e-11
3.67861e-11
3.67861e-11
3.67861e-11
3.67861e-11
3.67861e-11
3.67861e-11
3.67861e-11
3.67861e-11
3.67861e-11
3.67861e-11
3.67861e-11
3.67861e-11
3.67861e-11
3.67861e-11
3.67861e-11
3.67861e-11
3.67861e-11
3.67861e-11
3.67861e-11
3.67861e-11
3.67861e-11
3.67861e-11
3.67861e-11
3.67861e-11
3.67861e-11
3.67861e-11
3.67861e-11
3.67861e-11
3.67861e-11
3.67861e-11
3.67861e-11
3.67861e-11
3.67861e-11
3.67861e-11
3.67861e-11
3.67861e-11
3.67861e-11
3.67861e-11
3.67861e-11
3.67861e-11
3.67861e-11
3.67861e-11
3.67861e-11
3.67861e-11
3.67861e-11
3.67861e-11
3.67861e-11
3.67861e-11
3.67861e-11
3.67861e-11
3.67861e-11
3.67861e-11
3.67861e-11
3.67861e-11
3.67861e-11
3.67861e-11
3.67861e-11
3.67861e-11
3.67861e-11
3.67861e-11
3.67861e-11
3.67861e-11
3.67861e-11
3.67861e-11
3.67861e-11
3.67861e-11
3.67861e-11
3.67861e-11
3.67861e-11
3.67861e-11
3.67861e-11
3.67861e-11
3.67861e-11
3.67861e-11
3.67861e-11
3.67861e-11
3.67861e-11
3.67861e-11
3.67861e-11
3.67861e-11
3.67861e-11
3.67861e-11
3.67861e-11
3.67861e-11
3.67861e-11
3.67861e-11
3.67861e-11
3.67861e-11
3.67861e-11
3.67861e-11
3.67861e-11
3.67861e-11
3.67861e-11
3.67861e-11
3.67861e-11
3.67861e-11
3.67861e-11
3.67861e-11
3.67861e-11
3.67861e-11
3.67861e-11
3.67861e-11
3.67861e-11
3.67861e-11
3.67861e-11
3.67861e-11
3.67861e-11
3.67861e-11
3.67861e-11
3.67861e-11
3.67861e-11
3.67861e-11
3.67861e-11
3.67861e-11
3.67861e-11
3.67861e-11
3.67861e-11
3.67861e-11
3.67861e-11
3.67861e-11
3.67861e-11
3.67861e-11
3.67861e-11
3.67861e-11
3.67861e-11
3.67861e-11
3.67861e-11
3.67861e-11
3.67861e-11
3.67861e-11
3.67861e-11
3.67861e-11
3.67861e-11
3.67861e-11
3.67861e-11
3.67861e-11
3.67861e-11
3.67861e-11
3.67861e-11
3.67861e-11
3.67861e-11
3.67861e-11
3.67861e-11
3.67861e-11
3.67861e-11
3.67861e-11
3.67861e-11
3.67861e-11
3.67861e-11
3.67861e-11
3.67861e-11
3.67861e-11
3.67861e-11
3.67861e-11
3.67861e-11
3.67861e-11
3.67861e-11
3.67861e-11
3.67861e-11
3.67861e-11
3.67861e-11
3.67861e-11
3.67861e-11
3.67861e-11
3.67861e-11
3.67861e-11
3.67861e-11
3.67861e-11
3.67861e-11
3.67861e-11
3.67861e-11
3.67861e-11
3.67861e-11
3.67861e-11
3.67861e-11
3.67861e-11
3.67861e-11
3.67861e-11
3.67861e-11
3.67861e-11
3.67861e-11
3.67861e-11
3.67861e-11
3.67861e-11
3.67861e-11
3.67861e-11
3.67861e-11
3.67861e-11
3.67861e-11
3.67861e-11
3.67861e-11
3.67861e-11
3.67861e-11
3.67861e-11
3.67861e-11
3.67861e-11
3.67861e-11
3.67861e-11
3.67861e-11
3.67861e-11
3.67861e-11
3.67861e-11
3.67861e-11
3.67861e-11
3.67861e-11
3.67861e-11
3.67861e-11
3.67861e-11
3.67861e-11
3.67861e-11
3.67861e-11
3.67861e-11
3.67861e-11
3.67861e-11
3.67861e-11
3.67861e-11
3.67861e-11
3.67861e-11
3.67861e-11
3.67861e-11
3.67861e-11
3.67861e-11
3.67861e-11
3.67861e-11
3.67861e-11
3.67861e-11
3.67861e-11
3.67861e-11
3.67861e-11
3.67861e-11
3.67861e-11
3.67861e-11
3.67861e-11
3.67861e-11
3.67861e-11
3.67861e-11
3.67861e-11
3.67861e-11
3.67861e-11
3.67861e-11
3.67861e-11
3.67861e-11
3.67861e-11
3.67861e-11
3.67861e-11
3.67861e-11
3.67861e-11
3.67861e-11
3.67861e-11
3.67861e-11
3.67861e-11
3.67861e-11
3.67861e-11
3.67861e-11
3.67861e-11
3.67861e-11
3.67861e-11
3.67861e-11
3.67861e-11
3.67861e-11
3.67861e-11
3.67861e-11
3.67861e-11
3.67861e-11
3.67861e-11
3.67861e-11
3.67861e-11
3.67861e-11
3.67861e-11
3.67861e-11
3.67861e-11
3.67861e-11
3.67861e-11
3.67861e-11
3.67861e-11
3.67861e-11
3.67861e-11
3.67861e-11
3.67861e-11
3.67861e-11
3.67861e-11
3.67861e-11
3.67861e-11
3.67861e-11
3.67861e-11
3.67861e-11
3.67861e-11
3.67861e-11
3.67861e-11
3.67861e-11
3.67861e-11
3.67861e-11
3.67861e-11
3.67861e-11
3.67861e-11
3.67861e-11
3.67861e-11
3.67861e-11
3.67861e-11
3.67861e-11
3.67861e-11
3.67861e-11
3.67861e-11
3.67861e-11
3.67861e-11
3.67861e-11
3.67861e-11
3.67861e-11
3.67861e-11
3.67861e-11
3.67861e-11
3.67861e-11
3.67861e-11
3.67861e-11
3.67861e-11
3.67861e-11
3.67861e-11
3.67861e-11
3.67861e-11
3.67861e-11
3.67861e-11
3.67861e-11
3.67861e-11
3.67861e-11
3.67861e-11
3.67861e-11
3.67861e-11
3.67861e-11
3.67861e-11
3.67861e-11
3.67861e-11
3.67861e-11
3.67861e-11
3.67861e-11
3.67861e-11
3.67861e-11
3.67861e-11
3.67861e-11
3.67861e-11
3.67861e-11
3.67861e-11
3.67861e-11
3.67861e-11
3.67861e-11
3.67861e-11
3.67861e-11
3.67861e-11
3.67861e-11
3.67861e-11
3.67861e-11
3.67861e-11
3.67861e-11
3.67861e-11
3.67861e-11
3.67861e-11
3.67861e-11
3.67861e-11
3.67861e-11
3.67861e-11
3.67861e-11
3.67861e-11
3.67861e-11
3.67861e-11
3.67861e-11
3.67861e-11
3.67861e-11
3.67861e-11
3.67861e-11
3.67861e-11
3.67861e-11
3.67861e-11
3.67861e-11
3.67861e-11
3.67861e-11
3.67861e-11
3.67861e-11
3.67861e-11
3.67861e-11
3.67861e-11
3.67861e-11
3.67861e-11
3.67861e-11
3.67861e-11
3.67861e-11
3.67861e-11
3.67861e-11
3.67861e-11
3.67861e-11
3.67861e-11
3.67861e-11
3.67861e-11
3.67861e-11
3.67861e-11
3.67861e-11
3.67861e-11
3.67861e-11
3.67861e-11
3.67861e-11
3.67861e-11
3.67861e-11
3.67861e-11
3.67861e-11
3.67861e-11
3.67861e-11
3.67861e-11
3.67861e-11
3.67861e-11
3.67861e-11
3.67861e-11
3.67861e-11
3.67861e-11
3.67861e-11
3.67861e-11
3.67861e-11
3.67861e-11
3.67861e-11
3.67861e-11
3.67861e-11
3.67861e-11
3.67861e-11
3.67861e-11
3.67861e-11
3.67861e-11
3.67861e-11
3.67861e-11
3.67861e-11
3.67861e-11
3.67861e-11
3.67861e-11
3.67861e-11
3.67861e-11
3.67861e-11
3.67861e-11
3.67861e-11
3.67861e-11
3.67861e-11
3.67861e-11
3.67861e-11
3.67861e-11
3.67861e-11
3.67861e-11
3.67861e-11
3.67861e-11
3.67861e-11
3.67861e-11
3.67861e-11
3.67861e-11
3.67861e-11
3.67861e-11
3.67861e-11
3.67861e-11
3.67861e-11
3.67861e-11
3.67861e-11
3.67861e-11
3.67861e-11
3.67861e-11
3.67861e-11
3.67861e-11
3.67861e-11
3.67861e-11
3.67861e-11
3.67861e-11
3.67861e-11
3.67861e-11
3.67861e-11
3.67861e-11
3.67861e-11
3.67861e-11
3.67861e-11
3.67861e-11
3.67861e-11
3.67861e-11
3.67861e-11
3.67861e-11
3.67861e-11
3.67861e-11
3.67861e-11
3.67861e-11
3.67861e-11
3.67861e-11
3.67861e-11
3.67861e-11
3.67861e-11
3.67861e-11
3.67861e-11
3.67861e-11
3.67861e-11
3.67861e-11
3.67861e-11
3.67861e-11
3.67861e-11
3.67861e-11
3.67861e-11
3.67861e-11
3.67861e-11
3.67861e-11
3.67861e-11
3.67861e-11
3.67861e-11
3.67861e-11
3.67861e-11
3.67861e-11
3.67861e-11
3.67861e-11
3.67861e-11
3.67861e-11
3.67861e-11
3.67861e-11
3.67861e-11
3.67861e-11
3.67861e-11
3.67861e-11
3.67861e-11
3.67861e-11
3.67861e-11
3.67861e-11
3.67861e-11
3.67861e-11
3.67861e-11
3.67861e-11
3.67861e-11
3.67861e-11
3.67861e-11
3.67861e-11
3.67861e-11
3.67861e-11
3.67861e-11
3.67861e-11
3.67861e-11
3.67861e-11
3.67861e-11
3.67861e-11
3.67861e-11
3.67861e-11
3.67861e-11
3.67861e-11
3.67861e-11
3.67861e-11
3.67861e-11
3.67861e-11
3.67861e-11
3.67861e-11
3.67861e-11
3.67861e-11
3.67861e-11
3.67861e-11
3.67861e-11
3.67861e-11
3.67861e-11
3.67861e-11
3.67861e-11
3.67861e-11
3.67861e-11
3.67861e-11
3.67861e-11
3.67861e-11
3.67861e-11
3.67861e-11
3.67861e-11
3.67861e-11
3.67861e-11
3.67861e-11
3.67861e-11
3.67861e-11
3.67861e-11
3.67861e-11
3.67861e-11
3.67861e-11
3.67861e-11
3.67861e-11
3.67861e-11
3.67861e-11
3.67861e-11
3.67861e-11
3.67861e-11
3.67861e-11
3.67861e-11
3.67861e-11
3.67861e-11
3.67861e-11
3.67861e-11
3.67861e-11
3.67861e-11
3.67861e-11
3.67861e-11
3.67861e-11
3.67861e-11
3.67861e-11
3.67861e-11
3.67861e-11
3.67861e-11
3.67861e-11
3.67861e-11
3.67861e-11
3.67861e-11
3.67861e-11
3.67861e-11
3.67861e-11
3.67861e-11
3.67861e-11
3.67861e-11
3.67861e-11
3.67861e-11
3.67861e-11
3.67861e-11
3.67861e-11
3.67861e-11
3.67861e-11
3.67861e-11
3.67861e-11
3.67861e-11
3.67861e-11
3.67861e-11
3.67861e-11
3.67861e-11
3.67861e-11
3.67861e-11
3.67861e-11
3.67861e-11
2.80979e-11
4.62574e-12
4.62574e-12
4.62574e-12
4.62574e-12
4.62574e-12
4.62574e-12
4.62574e-12
4.62574e-12
4.62574e-12
4.62574e-12
4.62574e-12
4.62574e-12
4.62574e-12
4.62574e-12
4.62574e-12
4.62574e-12
4.62574e-12
4.62574e-12
4.62574e-12
4.62574e-12
4.62574e-12
4.62574e-12
4.62574e-12
4.62574e-12
4.62574e-12
4.62574e-12
4.62574e-12
4.62574e-12
4.62574e-12
4.62574e-12
4.62574e-12
4.62574e-12
4.62574e-12
4.62574e-12
4.62574e-12
4.62574e-12
4.62574e-12
4.62574e-12
4.62574e-12
4.62574e-12
4.62574e-12
4.62574e-12
4.62574e-12
4.62574e-12
4.62574e-12
4.62574e-12
4.62574e-12
4.62574e-12
4.62574e-12
4.62574e-12
4.62574e-12
4.62574e-12
4.62574e-12
4.62574e-12
4.62574e-12
4.62574e-12
4.62574e-12
4.62574e-12
4.62574e-12
4.62574e-12
4.62574e-12
4.62574e-12
4.62574e-12
4.62574e-12
4.62574e-12
4.62574e-12
4.62574e-12
4.62574e-12
4.62574e-12
4.62574e-12
4.62574e-12
4.62574e-12
4.62574e-12
4.62574e-12
4.62574e-12
4.62574e-12
4.62574e-12
4.62574e-12
4.62574e-12
4.62574e-12
4.62574e-12
4.62574e-12
4.62574e-12
4.62574e-12
4.62574e-12
4.62574e-12
4.62574e-12
4.62574e-12
4.62574e-12
4.62574e-12
4.62574e-12
4.62574e-12
4.62574e-12
4.62574e-12
4.62574e-12
4.62574e-12
4.62574e-12
4.62574e-12
4.62574e-12
4.62574e-12
4.62574e-12
4.62574e-12
4.62574e-12
4.62574e-12
4.62574e-12
4.62574e-12
4.62574e-12
4.62574e-12
4.62574e-12
4.62574e-12
4.62574e-12
4.62574e-12
4.62574e-12
4.62574e-12
4.62574e-12
4.62574e-12
4.62574e-12
4.62574e-12
4.62574e-12
4.62574e-12
4.62574e-12
4.62574e-12
4.62574e-12
4.62574e-12
4.62574e-12
4.62574e-12
4.62574e-12
4.62574e-12
4.62574e-12
4.62574e-12
4.62574e-12
4.62574e-12
4.62574e-12
4.62574e-12
4.62574e-12
4.62574e-12
4.62574e-12
4.62574e-12
4.62574e-12
4.62574e-12
4.62574e-12
4.62574e-12
4.62574e-12
4.62574e-12
4.62574e-12
4.62574e-12
4.62574e-12
4.62574e-12
4.62574e-12
4.62574e-12
4.62574e-12
4.62574e-12
4.62574e-12
4.62574e-12
4.62574e-12
4.62574e-12
4.62574e-12
4.62574e-12
4.62574e-12
4.62574e-12
4.62574e-12
4.62574e-12
4.62574e-12
4.62574e-12
4.62574e-12
4.62574e-12
4.62574e-12
4.62574e-12
4.62574e-12
4.62574e-12
4.62574e-12
4.62574e-12
4.62574e-12
4.62574e-12
4.62574e-12
4.62574e-12
4.62574e-12
4.62574e-12
4.62574e-12
4.62574e-12
4.62574e-12
4.62574e-12
4.62574e-12
4.62574e-12
4.62574e-12
4.62574e-12
4.62574e-12
4.62574e-12
4.62574e-12
4.62574e-12
4.62574e-12
4.62574e-12
4.62574e-12
4.62574e-12
4.62574e-12
4.62574e-12
4.62574e-12
4.62574e-12
4.62574e-12
4.62574e-12
4.62574e-12
4.62574e-12
4.62574e-12
4.62574e-12
4.62574e-12
4.62574e-12
4.62574e-12
4.62574e-12
4.62574e-12
4.62574e-12
4.62574e-12
4.62574e-12
4.62574e-12
4.62574e-12
4.62574e-12
4.62574e-12
4.62574e-12
4.62574e-12
4.62574e-12
4.62574e-12
4.62574e-12
4.62574e-12
4.62574e-12
4.62574e-12
4.62574e-12
4.62574e-12
4.62574e-12
4.62574e-12
4.62574e-12
4.62574e-12
4.62574e-12
4.62574e-12
4.62574e-12
4.62574e-12
4.62574e-12
4.62574e-12
4.62574e-12
4.62574e-12
4.62574e-12
4.62574e-12
4.62574e-12
4.62574e-12
4.62574e-12
4.62574e-12
4.62574e-12
4.62574e-12
4.62574e-12
4.62574e-12
4.62574e-12
4.62574e-12
4.62574e-12
4.62574e-12
4.62574e-12
4.62574e-12
4.62574e-12
4.62574e-12
4.62574e-12
4.62574e-12
4.62574e-12
4.62574e-12
4.62574e-12
4.62574e-12
4.62574e-12
4.62574e-12
4.62574e-12
4.62574e-12
4.62574e-12
4.62574e-12
4.62574e-12
4.62574e-12
4.62574e-12
4.62574e-12
4.62574e-12
4.62574e-12
4.62574e-12
4.62574e-12
4.62574e-12
4.62574e-12
4.62574e-12
4.62574e-12
4.62574e-12
4.62574e-12
4.62574e-12
4.62574e-12
4.62574e-12
4.62574e-12
4.62574e-12
4.62574e-12
4.62574e-12
4.62574e-12
4.62574e-12
4.62574e-12
4.62574e-12
4.62574e-12
4.62574e-12
4.62574e-12
4.62574e-12
4.62574e-12
4.62574e-12
4.62574e-12
4.62574e-12
4.62574e-12
4.62574e-12
4.62574e-12
4.62574e-12
4.62574e-12
4.62574e-12
4.62574e-12
4.62574e-12
4.62574e-12
4.62574e-12
4.62574e-12
4.62574e-12
4.62574e-12
4.62574e-12
4.62574e-12
4.62574e-12
4.62574e-12
4.62574e-12
4.62574e-12
4.62574e-12
4.62574e-12
4.62574e-12
4.62574e-12
4.62574e-12
4.62574e-12
4.62574e-12
4.62574e-12
4.62574e-12
4.62574e-12
4.62574e-12
4.62574e-12
4.62574e-12
4.62574e-12
4.62574e-12
4.62574e-12
4.62574e-12
4.62574e-12
4.62574e-12
4.62574e-12
4.62574e-12
4.62574e-12
4.62574e-12
4.62574e-12
4.62574e-12
4.62574e-12
4.62574e-12
4.62574e-12
4.62574e-12
4.62574e-12
4.62574e-12
4.62574e-12
4.62574e-12
4.62574e-12
4.62574e-12
4.62574e-12
4.62574e-12
4.62574e-12
4.62574e-12
4.62574e-12
4.62574e-12
4.62574e-12
4.62574e-12
4.62574e-12
4.62574e-12
4.62574e-12
4.62574e-12
4.62574e-12
4.62574e-12
4.62574e-12
4.62574e-12
4.62574e-12
4.62574e-12
4.62574e-12
4.62574e-12
4.62574e-12
4.62574e-12
4.62574e-12
4.62574e-12
4.62574e-12
4.62574e-12
4.62574e-12
4.62574e-12
4.62574e-12
4.62574e-12
4.62574e-12
4.62574e-12
4.62574e-12
4.62574e-12
4.62574e-12
4.62574e-12
4.62574e-12
4.62574e-12
4.62574e-12
4.62574e-12
4.62574e-12
4.62574e-12
4.62574e-12
4.62574e-12
4.62574e-12
4.62574e-12
4.62574e-12
4.62574e-12
4.62574e-12
4.62574e-12
4.62574e-12
4.62574e-12
4.62574e-12
4.62574e-12
4.62574e-12
4.62574e-12
4.62574e-12
4.62574e-12
4.62574e-12
4.62574e-12
4.62574e-12
4.62574e-12
4.62574e-12
4.62574e-12
4.62574e-12
4.62574e-12
4.62574e-12
4.62574e-12
4.62574e-12
4.62574e-12
4.62574e-12
4.62574e-12
4.62574e-12
4.62574e-12
4.62574e-12
4.62574e-12
4.62574e-12
4.62574e-12
4.62574e-12
4.62574e-12
4.62574e-12
4.62574e-12
4.62574e-12
4.62574e-12
4.62574e-12
4.62574e-12
4.62574e-12
4.62574e-12
4.62574e-12
4.62574e-12
4.62574e-12
4.62574e-12
4.62574e-12
4.62574e-12
4.62574e-12
4.62574e-12
4.62574e-12
4.62574e-12
4.62574e-12
4.62574e-12
4.62574e-12
4.62574e-12
4.62574e-12
4.62574e-12
4.62574e-12
4.62574e-12
4.62574e-12
4.62574e-12
4.62574e-12
4.62574e-12
4.62574e-12
4.62574e-12
4.62574e-12
4.62574e-12
4.62574e-12
4.62574e-12
4.62574e-12
4.62574e-12
4.62574e-12
4.62574e-12
4.62574e-12
4.62574e-12
4.62574e-12
4.62574e-12
4.62574e-12
4.62574e-12
4.62574e-12
4.62574e-12
4.62574e-12
4.62574e-12
4.62574e-12
4.62574e-12
4.62574e-12
4.62574e-12
4.62574e-12
4.62574e-12
4.62574e-12
4.62574e-12
4.62574e-12
4.62574e-12
4.62574e-12
4.62574e-12
4.62574e-12
4.62574e-12
4.62574e-12
4.62574e-12
4.62574e-12
4.62574e-12
4.62574e-12
4.62574e-12
4.62574e-12
4.62574e-12
4.62574e-12
4.62574e-12
4.62574e-12
4.62574e-12
4.62574e-12
4.62574e-12
4.62574e-12
4.62574e-12
4.62574e-12
4.62574e-12
4.62574e-12
4.62574e-12
4.62574e-12
4.62574e-12
4.62574e-12
4.62574e-12
4.62574e-12
4.62574e-12
4.62574e-12
4.62574e-12
4.62574e-12
4.62574e-12
4.62574e-12
4.62574e-12
4.62574e-12
4.62574e-12
4.62574e-12
4.62574e-12
4.62574e-12
4.62574e-12
4.62574e-12
4.62574e-12
4.62574e-12
4.62574e-12
4.62574e-12
4.62574e-12
4.62574e-12
4.62574e-12
4.62574e-12
4.62574e-12
4.62574e-12
4.62574e-12
4.62574e-12
4.62574e-12
4.62574e-12
4.62574e-12
4.62574e-12
4.62574e-12
4.62574e-12
4.62574e-12
4.62574e-12
4.62574e-12
4.62574e-12
4.62574e-12
4.62574e-12
4.62574e-12
4.62574e-12
4.62574e-12
4.62574e-12
4.62574e-12
4.62574e-12
4.62574e-12
4.62574e-12
4.62574e-12
4.62574e-12
4.62574e-12
4.62574e-12
4.62574e-12
4.62574e-12
4.62574e-12
4.62574e-12
4.62574e-12
4.62574e-12
4.62574e-12
4.62574e-12
4.62574e-12
4.62574e-12
4.62574e-12
4.62574e-12
4.62574e-12
4.62574e-12
4.62574e-12
4.62574e-12
4.62574e-12
4.62574e-12
4.62574e-12
4.62574e-12
4.62574e-12
4.62574e-12
4.62574e-12
4.62574e-12
4.62574e-12
4.62574e-12
4.62574e-12
4.62574e-12
4.62574e-12
4.62574e-12
4.62574e-12
4.62574e-12
4.62574e-12
4.62574e-12
4.62574e-12
4.62574e-12
4.62574e-12
4.62574e-12
4.62574e-12
4.62574e-12
4.62574e-12
4.62574e-12
4.62574e-12
4.62574e-12
4.62574e-12
4.62574e-12
4.62574e-12
4.62574e-12
4.62574e-12
4.62574e-12
4.62574e-12
4.62574e-12
4.62574e-12
4.62574e-12
4.62574e-12
4.62574e-12
4.62574e-12
4.62574e-12
4.62574e-12
4.62574e-12
4.62574e-12
4.62574e-12
4.62574e-12
4.62574e-12
4.62574e-12
4.62574e-12
4.62574e-12
4.62574e-12
4.62574e-12
4.62574e-12
4.62574e-12
4.62574e-12
4.62574e-12
4.62574e-12
4.62574e-12
4.62574e-12
4.62574e-12
4.62574e-12
4.62574e-12
4.62574e-12
4.62574e-12
4.62574e-12
4.62574e-12
4.62574e-12
4.62574e-12
4.62574e-12
4.62574e-12
4.62574e-12
4.62574e-12
4.62574e-12
4.62574e-12
4.62574e-12
4.62574e-12
4.62574e-12
4.62574e-12
4.62574e-12
4.62574e-12
4.62574e-12
4.62574e-12
4.62574e-12
4.62574e-12
4.62574e-12
4.62574e-12
4.62574e-12
4.62574e-12
4.62574e-12
4.62574e-12
4.62574e-12
4.62574e-12
4.62574e-12
4.62574e-12
4.62574e-12
4.62574e-12
4.62574e-12
4.62574e-12
4.62574e-12
4.62574e-12
4.62574e-12
4.62574e-12
4.62574e-12
4.62574e-12
4.62574e-12
4.62574e-12
4.62574e-12
4.62574e-12
4.62574e-12
4.62574e-12
4.62574e-12
4.62574e-12
4.62574e-12
4.62574e-12
4.62574e-12
4.62574e-12
4.62574e-12
4.62574e-12
4.62574e-12
4.62574e-12
4.62574e-12
4.62574e-12
4.62574e-12
4.62574e-12
4.62574e-12
4.62574e-12
4.62574e-12
4.62574e-12
4.62574e-12
4.62574e-12
4.62574e-12
4.62574e-12
4.62574e-12
4.62574e-12
4.62574e-12
4.62574e-12
4.62574e-12
4.62574e-12
4.62574e-12
4.62574e-12
4.62574e-12
4.62574e-12
4.62574e-12
4.62574e-12
4.62574e-12
4.62574e-12
4.62574e-12
4.62574e-12
4.62574e-12
4.62574e-12
4.62574e-12
4.62574e-12
4.62574e-12
4.62574e-12
4.62574e-12
4.62574e-12
4.62574e-12
4.62574e-12
