1.5676e+07
1.62037e+06
3618.83
2527.66
2527.66
41.8315
41.8315
41.8315
41.8315
41.8315
41.8315
41.8315
41.8315
41.8315
41.8315
41.8315
41.8315
41.8315
29.567
27.0866
27.0866
27.0441
27.0441
27.0441
27.0441
27.0441
27.0441
27.0441
27.0441
18.9727
18.9727
18.9727
10.9044
10.9044
10.9044
10.9044
10.9044
10.9044
10.9044
10.9044
10.9044
10.9044
10.9044
10.9044
10.9044
10.9044
10.9044
10.9044
10.9044
10.9044
10.9044
10.9044
10.9044
10.9044
10.9044
10.9044
10.9044
10.9044
10.9044
3.99484
3.99484
2.39991
2.39991
2.39991
2.39991
2.39991
2.39991
2.39991
2.39991
2.39991
2.39991
2.39991
2.39991
2.39991
2.39991
2.39991
2.39991
2.39991
2.39991
2.39991
2.39991
2.39991
2.39991
2.39991
2.39991
2.39991
2.39991
2.39991
2.39991
2.39991
2.39991
2.39991
2.39991
2.39991
2.39991
2.39991
2.39991
2.39991
2.39991
2.39991
2.39991
2.39991
2.39991
2.39991
2.39991
2.39991
2.39991
2.39991
2.39991
2.39991
2.39991
2.39991
2.39991
2.39991
2.39991
2.39991
2.39991
2.39991
2.39991
2.39991
2.39991
2.39991
2.39991
2.39991
2.39991
2.39991
2.39991
2.39991
2.39991
2.39991
2.39991
2.39991
2.39991
2.39991
2.39991
2.39991
2.39991
2.39991
2.39991
2.39991
2.39991
2.39991
2.39991
2.39991
2.39991
2.39991
2.39991
2.39991
2.39991
2.39991
2.39991
2.39991
2.39991
2.39991
2.39991
2.39991
2.39991
2.39991
2.39991
2.39991
2.39991
2.39991
2.39991
2.39991
2.39991
2.39991
2.39991
2.39991
2.39991
2.39991
2.39991
2.39991
2.39991
2.39991
2.39991
2.39991
2.39991
2.39991
2.39991
2.39991
2.39991
2.39991
2.39991
2.39991
2.39991
2.39991
2.39991
2.39991
2.39991
2.39991
2.39991
2.39991
2.39991
2.39991
2.39991
2.39991
2.39991
2.39991
2.39991
2.39991
2.39991
2.39991
2.39991
2.39991
2.39991
2.39991
2.39991
2.39991
2.39991
2.39991
2.39991
2.39991
2.39991
2.39991
2.39991
2.39991
2.39991
2.39991
2.39991
2.39991
2.39991
2.39991
2.39991
2.39991
2.39991
2.39991
2.39991
2.39991
2.39991
2.39991
2.39991
2.39991
2.39991
2.39991
2.39991
2.39991
2.39991
2.39991
2.39991
2.39991
2.39991
2.39991
2.39991
2.39991
2.39991
2.39991
2.39991
2.39991
2.39991
2.39991
2.39991
2.39991
2.39991
2.39991
2.39991
2.39991
2.39991
2.39991
2.39991
2.39991
2.39991
2.39991
2.39991
2.39991
2.39991
2.39991
2.39991
2.39991
2.39991
2.39991
2.39991
2.39991
2.39991
2.39991
2.39991
2.39991
2.39991
2.39991
2.39991
2.39991
2.39991
2.39991
2.39991
2.39991
2.39991
2.39991
2.39991
2.39991
2.39991
2.39991
2.39991
2.39991
2.39991
2.39991
2.39991
2.39991
2.39991
2.39991
2.39991
2.39991
2.39991
2.39991
2.39991
2.39991
2.39991
2.39991
2.39991
2.39991
2.39991
2.39991
2.39991
2.39991
2.39991
2.39991
2.39991
2.39991
2.39991
2.39991
2.39991
2.39991
2.39991
2.39991
2.39991
2.39991
2.39991
2.39991
2.39991
2.39991
2.39991
2.39991
2.39991
2.39991
2.39991
2.39991
2.39991
2.39991
2.39991
2.39991
2.39991
2.39991
2.39991
2.39991
2.39991
2.39991
2.39991
2.39991
2.39991
2.39991
2.39991
2.39991
2.39991
2.39991
2.39991
2.39991
2.39991
2.39991
2.39991
2.39991
2.39991
2.39991
2.39991
2.39991
2.39991
2.39991
2.39991
2.39991
2.39991
2.39991
2.39991
2.39991
2.39991
2.39991
2.39991
2.39991
2.39991
2.39991
2.39991
2.39991
2.39991
2.39991
2.39991
2.39991
2.39991
2.39991
2.39991
2.39991
2.39991
2.39991
2.39991
2.39991
2.39991
2.39991
2.39991
2.39991
2.39991
2.39991
2.39991
2.39991
2.39991
2.39991
2.39991
2.39991
2.39991
2.39991
2.39991
2.39991
2.39991
2.39991
2.39991
2.39991
2.39991
2.39991
2.39991
2.39991
2.39991
2.39991
2.39991
2.39991
2.39991
2.39991
2.39991
2.39991
2.39991
2.39991
2.39991
2.39991
2.39991
2.39991
2.39991
2.39991
2.39991
2.39991
2.39991
2.39991
2.39991
2.39991
2.39991
2.39991
2.39991
2.39991
2.39991
2.39991
2.39991
2.39991
2.39991
2.39991
2.39991
2.39991
2.39991
2.39991
2.39991
2.39991
2.39991
2.39991
2.39991
2.39991
2.39991
2.39991
2.39991
2.39991
2.39991
2.39991
2.39991
2.39991
2.39991
2.39991
2.39991
2.39991
2.39991
2.39991
2.39991
2.39991
2.39991
2.39991
2.39991
2.39991
2.39991
2.39991
2.39991
2.39991
2.39991
2.39991
2.39991
2.39991
2.39991
2.39991
2.39991
2.39991
2.39991
2.39991
2.39991
2.39991
2.39991
2.39991
2.39991
2.39991
2.39991
2.39991
2.39991
2.39991
2.39991
2.39991
2.39991
2.39991
2.39991
2.39991
2.39991
2.39991
2.39991
2.39991
2.39991
2.39991
2.39991
2.39991
2.39991
2.39991
2.39991
2.39991
2.39991
2.39991
2.39991
2.39991
2.39991
2.39991
2.39991
2.39991
2.39991
2.39991
2.39991
2.39991
2.39991
2.39991
2.39991
2.39991
2.39991
2.39991
2.39991
2.39991
2.39991
2.39991
2.39991
2.39991
2.39991
2.39991
2.39991
2.39991
2.39991
2.39991
2.39991
2.39991
2.39991
2.39991
2.39991
2.39991
2.39991
2.39991
2.39991
2.39991
2.39991
2.39991
2.39991
2.39991
2.39991
2.39991
2.39991
2.39991
2.39991
2.39991
2.39991
2.39991
2.39991
2.39991
2.39991
2.39991
2.39991
2.39991
2.39991
2.39991
2.39991
2.39991
2.39991
2.39991
2.39991
2.39991
2.39991
2.39991
2.39991
2.39991
2.39991
2.39991
2.39991
2.39991
2.39991
2.39991
2.39991
2.39991
2.39991
2.39991
2.39991
2.39991
2.39991
2.39991
2.39991
2.39991
2.39991
2.39991
2.39991
2.39991
2.39991
2.39991
2.39991
2.39991
2.39991
2.39991
2.39991
2.39991
2.39991
2.39991
2.39991
2.39991
2.39991
2.39991
2.39991
2.39991
2.39991
2.39991
2.39991
2.39991
2.39991
2.39991
2.39991
2.39991
2.39991
2.39991
2.39991
2.39991
2.39991
2.39991
2.39991
2.39991
2.39991
2.39991
2.39991
2.39991
2.39991
2.39991
2.39991
2.39991
2.02344
2.02344
2.02344
1.99868
1.99868
1.99868
1.99868
1.99868
1.99868
1.78767
1.7539
1.7539
1.71942
1.71942
1.71942
1.71942
1.71942
1.71942
1.71942
1.6861
1.60064
1.59001
1.56685
1.56685
1.56685
1.56685
1.56685
1.56685
1.55415
1.55415
1.55415
1.55415
1.55415
1.54909
1.54909
1.54909
1.54909
1.54693
1.54528
1.54478
1.54411
1.54395
1.54279
1.54236
1.54151
1.54075
1.54006
1.53944
1.53899
1.53899
1.53899
1.53899
1.53899
1.53899
1.53899
1.53899
1.53899
1.53899
1.53899
1.53899
1.53899
1.53899
1.53899
1.53899
1.53899
1.53899
1.53899
1.53899
1.53899
1.53899
1.53899
1.53899
1.53899
1.53899
1.53899
1.53899
1.53899
1.53899
1.53899
1.53899
1.53899
1.53899
1.53899
1.53899
1.53899
1.53899
1.53899
1.53899
1.53899
1.53899
1.53899
1.53899
1.53899
1.53899
1.53899
1.53899
1.53899
1.53899
1.53899
1.53899
1.53899
1.53899
1.53899
1.53899
1.53899
1.53899
1.53899
1.53899
1.53899
1.53899
1.53899
1.53899
1.53899
1.53899
1.53899
1.53899
1.53899
1.53899
1.53899
1.53899
1.53899
1.53899
1.53899
1.53899
1.53899
1.53899
1.53899
1.53899
1.53899
1.53899
1.53899
1.53899
1.53899
1.53899
1.53899
1.53899
1.53899
1.53899
1.53899
1.53899
1.53899
1.53899
1.53899
1.53899
1.53899
1.53899
1.53899
1.53899
1.53899
1.53899
1.53899
1.53899
1.53899
1.53899
1.53899
1.53899
1.53899
1.53899
1.53899
1.53899
1.53899
1.53899
1.53899
1.53899
1.53899
1.53899
1.53899
1.53899
1.53899
1.53899
1.53899
1.53899
1.53899
1.53899
1.53899
1.53899
1.53899
1.53899
1.53899
1.53899
1.53899
1.53899
1.53899
1.53899
1.53899
1.53899
1.53899
1.53899
1.53899
1.53899
1.53899
1.53899
1.53899
1.53899
1.53899
1.53899
1.53899
1.53899
1.53899
1.53899
1.53899
1.53899
1.53899
1.53899
1.53899
1.53899
1.53899
1.53899
1.53899
1.53899
1.53899
1.53899
1.53899
1.53899
1.53899
1.53899
1.53899
1.53899
1.53899
1.53899
1.53899
1.53899
1.53899
1.53899
1.53899
1.53899
1.53899
1.53899
1.53899
1.53899
1.53899
1.53899
1.53899
1.53899
1.53899
1.53899
1.53899
1.53899
1.53899
1.53899
1.53899
1.53899
1.53899
1.53899
1.53899
1.53899
1.53899
1.53899
1.53899
1.53899
1.53899
1.53899
1.53899
1.53899
1.53899
1.53899
1.53899
1.53899
1.53899
1.53899
1.53899
1.53899
1.53899
1.53899
1.53899
1.53899
1.53899
1.53899
1.53899
1.53899
1.53899
1.53899
1.53899
1.53899
1.53899
1.53899
1.53899
1.53899
1.53899
1.53899
1.53899
1.53899
1.53899
1.53899
1.53899
1.53899
1.53899
1.53899
1.53899
1.53899
1.53899
1.53841
1.53627
1.53489
1.53335
1.53335
1.53335
1.53335
1.53335
1.53335
1.53335
1.53335
1.53335
1.53335
1.53335
1.53335
1.53335
1.53335
1.53335
1.53335
1.53335
1.53335
1.53335
1.53335
1.53335
1.53335
1.53335
1.53335
1.53335
1.53335
1.53335
1.53335
1.53335
1.53335
1.53335
1.53335
1.53335
1.53335
1.53335
1.53335
1.53335
1.53335
1.53335
1.53335
1.53335
1.53335
1.53335
1.53335
1.53335
1.53335
1.53335
1.53335
1.53335
1.53335
1.53335
1.53335
1.53335
1.53335
1.53335
1.53335
1.53335
1.53335
1.53335
1.53335
1.53335
1.53335
1.53335
1.53335
1.53335
1.53335
1.53335
1.53335
1.53335
1.53335
1.53335
1.53335
1.53335
1.53335
1.53335
1.53335
1.53335
1.53335
1.53335
1.53335
1.53335
1.53335
1.53335
1.53335
1.53335
1.53335
1.53335
1.53335
1.53335
1.53335
1.53335
1.53335
1.53335
1.53335
1.53335
1.53335
1.53335
1.53335
1.53335
1.53335
1.53335
1.53335
1.53335
1.53335
1.53335
1.53335
1.53335
1.53335
1.53335
1.53335
1.53335
1.53335
1.53335
1.53335
1.53335
1.53335
1.53335
1.53335
1.53335
1.53335
1.53335
1.53335
1.53335
1.53335
1.53335
1.53335
1.53335
1.53335
1.53335
1.53335
1.53335
1.53335
1.53335
1.53335
1.53335
1.53335
1.53335
1.53335
1.53335
1.53335
1.53335
1.53335
1.53335
1.53335
1.53335
1.53335
1.53335
1.53335
1.53335
1.53335
1.53335
1.53335
1.53335
1.53335
1.53335
1.53335
1.53335
1.53335
1.53335
1.53335
1.53335
1.53335
1.53335
1.53335
1.53335
1.53335
1.53335
1.53335
1.53335
1.53335
1.53335
1.53335
1.53335
1.53335
1.53335
1.53335
1.53335
1.53335
1.53335
1.53335
1.53335
1.53335
1.53335
1.53335
1.53335
1.53335
1.53335
1.53335
1.53335
1.53335
1.53335
1.53335
1.53335
1.53335
1.53335
1.53335
1.53335
1.53335
1.53335
1.53335
1.53335
1.53335
1.53335
1.53335
1.53335
1.53335
1.53335
1.53335
1.53335
1.53335
1.53335
1.53335
1.53335
1.53335
1.53335
1.53335
1.53335
1.53335
1.53335
1.53335
1.53335
1.53335
1.53335
1.53335
1.53335
1.53335
1.53335
1.53335
1.53335
1.53335
1.53335
1.53335
1.53335
1.53335
1.53335
1.53335
1.53335
1.53335
1.53335
1.53335
1.53335
1.53335
1.53335
1.53335
1.53335
1.53335
1.53335
1.53335
1.53335
1.53335
1.53335
1.53335
1.53335
1.53335
1.53335
1.53335
1.53335
1.53335
1.53335
1.53335
1.53335
1.53335
1.53335
1.53335
1.53335
1.53335
1.53335
1.53335
1.53335
1.53335
1.53335
1.53335
1.53335
1.53335
1.53335
1.53335
1.53335
1.53335
1.53335
1.53335
1.53335
1.53335
1.53335
1.53335
1.53335
1.53335
1.53335
1.53335
1.53335
1.53335
1.53335
1.53335
1.53335
1.53335
1.53335
1.53335
1.53335
1.53335
1.53335
1.53335
1.53335
1.53335
1.53335
1.53335
1.53335
1.53335
1.53335
1.53335
1.53335
1.53335
1.53335
1.53335
1.53335
1.53335
1.53335
1.53335
1.53335
1.53335
1.53335
1.53335
1.53335
1.53335
1.53335
1.53335
1.53335
1.53335
1.53335
1.53335
1.53335
1.53335
1.53335
1.53335
1.53335
1.53335
1.53335
1.53335
1.53335
1.53335
1.53335
1.53335
1.53335
1.53335
1.53335
1.53335
1.53335
1.53335
1.53335
1.53335
1.53335
1.53335
1.53335
1.53335
1.53335
1.53335
1.53335
1.53335
1.53335
1.53335
1.53335
1.53335
1.53335
1.53335
1.53335
1.53335
1.53335
1.53335
1.53335
1.53335
1.53335
1.53335
1.53335
1.53335
1.53335
1.53335
1.53335
1.53335
1.53335
1.53335
1.53335
1.53335
1.53335
1.53335
1.53335
1.53335
1.53335
1.53335
1.53335
1.53335
1.53335
1.53335
1.53335
1.53335
1.53335
1.53335
1.53335
1.53335
1.53335
1.53335
1.53335
1.53335
1.53335
1.53335
1.53335
1.53335
1.53335
1.53335
1.53335
1.53335
1.53335
1.53335
1.53335
1.53335
1.53335
1.53335
1.53335
1.53335
1.53335
1.53335
1.53335
1.53335
1.53335
1.53335
1.53335
1.53335
1.53335
1.53335
1.53335
1.53335
1.53335
1.53335
1.53335
1.53335
1.53335
1.53335
1.53335
1.53335
1.53335
1.53335
1.53335
1.53335
1.53335
1.53335
1.53335
1.53335
1.53335
1.53335
1.53335
1.53335
1.53335
1.53335
1.53335
1.53335
1.53335
1.53335
1.53335
1.53335
1.53335
1.53335
1.53335
1.53335
1.53335
1.53335
1.53335
1.53335
1.53335
1.53335
1.53335
1.53335
1.53335
1.53335
1.53335
1.53335
1.53335
1.53335
1.53335
1.53335
1.53335
1.53335
1.53335
1.53335
1.53335
1.53335
1.53335
1.53335
1.53335
1.53335
1.53335
1.53335
1.53335
1.53335
1.53335
1.53335
1.53335
1.53335
1.53335
1.53335
1.53335
1.53335
1.53335
1.53335
1.53335
1.53335
1.53335
1.53335
1.53335
1.53335
1.53335
1.53335
1.53335
1.53335
1.53335
1.53335
1.53335
1.53335
1.53335
1.53335
1.53335
1.53335
1.53335
1.53335
1.53335
1.53335
1.53335
1.53335
1.53335
1.53335
1.53335
1.53335
1.53335
1.53335
1.53335
1.53335
1.53335
1.53335
1.53335
1.53335
1.53335
1.53335
1.53335
1.53335
1.53335
1.53335
1.53335
1.53335
1.53335
1.53335
1.53335
1.53335
1.53335
1.53335
1.53335
1.53335
1.53335
1.53335
1.53335
1.53335
1.53335
1.53335
1.53335
1.53335
1.53335
1.53335
1.53335
1.53335
1.53335
1.53335
1.53335
1.53335
1.53335
1.53335
1.53335
1.53335
1.53335
1.53335
1.53335
1.53335
1.53335
1.53335
1.53335
1.53335
1.53335
1.53335
1.53335
1.53335
1.53335
1.53335
1.53335
1.53335
1.53335
1.53335
1.53335
1.53335
1.53335
1.53335
1.53335
1.53335
1.53335
1.53335
1.53335
1.53335
1.53335
1.53335
1.53335
1.53335
1.53335
1.53335
1.53335
1.53335
1.53335
1.53335
1.53335
1.53335
1.53335
1.53335
1.53335
1.53335
1.53335
1.53335
1.53335
1.53335
1.53335
1.53335
1.53335
1.53335
1.53335
1.53335
1.53335
1.53335
1.53335
1.53335
1.53335
1.53335
1.53335
1.53335
1.53335
1.53335
1.53335
1.53335
1.53335
1.53335
1.53335
1.53335
1.53335
1.53335
1.53335
1.53335
1.53335
1.53335
1.53335
1.53335
1.53335
1.53335
1.53335
1.53335
1.53335
1.53335
1.53335
1.53335
1.53335
1.53335
1.53335
1.53335
1.53335
1.53335
1.53335
1.53335
1.53335
1.53335
1.53335
1.53335
1.53335
1.53335
1.53335
1.53335
1.53335
1.53335
1.53335
1.53335
1.53335
1.53335
1.53335
1.53335
1.53335
1.53335
1.53335
1.53335
1.53335
1.53335
1.53335
1.53335
1.53335
1.53335
1.53335
1.53335
1.53335
1.53335
1.53335
1.53335
1.53335
1.53335
1.53335
1.53335
1.53335
1.53335
1.53335
1.53335
1.53335
1.53335
1.53335
1.53335
1.53335
1.53335
1.53335
1.53335
1.53335
1.53335
1.53335
1.53335
1.53335
1.53335
1.53335
1.53335
1.53335
1.53335
1.53335
1.53335
1.53335
1.53335
1.53335
1.53335
1.53335
1.53335
1.53335
1.53335
1.53335
1.53335
1.53335
1.53335
1.53335
1.53335
1.53335
1.53335
1.53335
1.53335
1.53335
1.53335
1.53335
1.53335
1.53335
1.53335
1.53335
1.53335
1.53335
1.53335
1.53335
1.53335
1.53335
1.53335
1.53335
1.53335
1.53335
1.53335
1.53335
1.53335
1.53335
1.53335
1.53335
1.53335
1.53335
1.53335
1.53335
1.53335
1.53335
1.53335
1.53335
1.53335
1.53335
1.53335
1.53335
1.53335
1.53335
1.53335
1.53335
1.53335
1.53335
1.53335
1.53335
1.53335
1.53335
1.53335
1.53335
