1.7004e+07
441701
441701
2721.61
2721.61
2721.61
2721.61
2721.61
2721.61
2721.61
2721.61
2036.74
2036.74
547.773
547.773
453.36
182.467
182.467
112.177
112.177
112.177
112.177
112.177
112.177
82.4433
42.2962
29.944
23.4434
8.81593
5.02691
5.02691
5.02691
5.02691
3.99261
3.99261
3.99261
3.8157
3.41816
3.41816
3.31253
3.21959
3.21959
3.21959
3.07506
3.07506
2.89113
2.82047
2.7509
2.7509
2.62081
2.62081
2.62081
2.62081
2.60413
2.53366
2.48183
2.48056
2.45468
2.40865
2.37631
2.30589
2.2648
2.23893
2.1712
2.1274
2.05655
1.99929
1.96306
1.92818
1.88384
1.82969
1.79909
1.74152
1.72806
1.70602
1.67508
1.65638
1.61603
1.60248
1.57826
1.55461
1.52029
1.51169
1.49024
1.45885
1.45209
1.4234
1.40332
1.39021
1.36614
1.35274
1.33163
1.31165
1.29034
1.27378
1.26001
1.23885
1.23221
1.22071
1.2106
1.20587
1.18599
1.17555
1.16293
1.14603
1.12777
1.12134
1.11207
1.09767
1.09035
1.07912
1.06646
1.05729
1.0469
1.03089
1.02205
0.999581
0.994402
0.984762
0.9695
0.960859
0.941074
0.935266
0.918891
0.909532
0.901104
0.891004
0.884963
0.868256
0.863633
0.855042
0.847615
0.842659
0.833068
0.830121
0.819727
0.809202
0.803616
0.792522
0.783742
0.777089
0.7667
0.764307
0.757679
0.749618
0.740642
0.736208
0.729867
0.724809
0.720161
0.711928
0.709887
0.701042
0.696363
0.689412
0.683949
0.675897
0.67059
0.659933
0.657424
0.652403
0.645232
0.640943
0.635937
0.632531
0.627618
0.62056
0.617556
0.615317
0.61019
0.605905
0.601502
0.597457
0.592894
0.585178
0.5821
0.57906
0.574733
0.57001
0.567359
0.564176
0.555914
0.55527
0.551317
0.547269
0.540163
0.539157
0.535036
0.530172
0.524353
0.521896
0.517066
0.514354
0.50914
0.50634
0.503985
0.497722
0.491105
0.487262
0.480116
0.467754
0.467754
0.460861
0.454498
0.449531
0.440826
0.434923
0.427587
0.424231
0.415023
0.409576
0.405032
0.39897
0.394257
0.389974
0.386632
0.381863
0.378022
0.374735
0.372192
0.368841
0.365848
0.361606
0.360272
0.357689
0.353381
0.352252
0.349684
0.347423
0.344728
0.343021
0.341236
0.339167
0.336911
0.3341
0.332218
0.329407
0.326769
0.325026
0.323945
0.322014
0.319702
0.318295
0.314371
0.313924
0.311921
0.310136
0.308171
0.306733
0.303879
0.303464
0.301911
0.298441
0.296931
0.295518
0.292531
0.290816
0.289027
0.286891
0.284494
0.283154
0.281813
0.280263
0.277965
0.275993
0.270691
0.270018
0.267593
0.265464
0.262458
0.260827
0.258965
0.256792
0.255245
0.253466
0.251327
0.250789
0.249905
0.24821
0.247691
0.24647
0.245369
0.24385
0.241495
0.240582
0.238637
0.237793
0.235725
0.234615
0.232095
0.230988
0.22975
0.227708
0.225493
0.225197
0.223579
0.222354
0.219899
0.219108
0.217574
0.215754
0.214965
0.212431
0.211561
0.21019
0.208172
0.206725
0.204842
0.203039
0.20145
0.200839
0.199255
0.197383
0.196536
0.19573
0.194438
0.193051
0.190167
0.189795
0.188463
0.187575
0.186608
0.185112
0.183089
0.182351
0.180873
0.179373
0.176848
0.176848
0.175351
0.173767
0.17229
0.171344
0.17033
0.168821
0.167371
0.165944
0.164327
0.162456
0.160532
0.160311
0.159765
0.158334
0.15758
0.156825
0.155715
0.154565
0.15308
0.152874
0.151758
0.150614
0.149872
0.148779
0.147501
0.146855
0.145998
0.145247
0.144139
0.14381
0.142929
0.141592
0.139957
0.139957
0.138931
0.138037
0.13713
0.136927
0.136542
0.135808
0.135184
0.134676
0.134221
0.133775
0.1334
0.133004
0.132657
0.132145
0.13178
0.131232
0.131057
0.130348
0.129542
0.129256
0.128655
0.128312
0.127628
0.127251
0.126426
0.125881
0.125127
0.124456
0.123777
0.122892
0.122558
0.12191
0.12154
0.120718
0.120251
0.119266
0.118719
0.118338
0.117537
0.117074
0.116312
0.115704
0.115112
0.113608
0.113441
0.112732
0.111961
0.111412
0.110881
0.109771
0.109422
0.108875
0.108241
0.107522
0.107225
0.106602
0.105972
0.104649
0.104559
0.104076
0.103673
0.10281
0.102431
0.101813
0.101459
0.101272
0.10071
0.100486
0.10001
0.0993723
0.0990312
0.0988467
0.0979483
0.0978596
0.0973254
0.0956789
0.0956789
0.0954379
0.0948057
0.0938109
0.0928462
0.092706
0.0917564
0.0912775
0.0909747
0.0901047
0.0893451
0.0887603
0.0882906
0.0877408
0.0867424
0.0862157
0.0853729
0.0848803
0.0839387
0.083438
0.0829388
0.0824553
0.0820744
0.0808488
0.0805413
0.0802605
0.0796615
0.0791807
0.0784638
0.0780583
0.0776811
0.0772339
0.076785
0.0762488
0.0757696
0.0752093
0.0749116
0.0742311
0.0736756
0.0735623
0.0728981
0.0723402
0.0718704
0.0711489
0.0708363
0.0705473
0.0699778
0.069761
0.0693977
0.0690927
0.0688013
0.0685246
0.068287
0.0678464
0.067428
0.0671748
0.0668577
0.0667057
0.0664031
0.0662583
0.0659885
0.0657289
0.0656093
0.0653642
0.0650476
0.0647926
0.0645416
0.0642531
0.0639583
0.0636934
0.0633845
0.0630136
0.0627898
0.062557
0.0622649
0.0619243
0.0615414
0.0611415
0.0605671
0.0603627
0.0599985
0.0597081
0.0593567
0.0590925
0.0587769
0.0584966
0.0581227
0.0577387
0.0574735
0.0571869
0.0566365
0.0564838
0.0561627
0.0559155
0.0555639
0.0553501
0.0550532
0.0549369
0.0546127
0.0544221
0.0542379
0.0536945
0.0535623
0.0532511
0.052923
0.052757
0.0523607
0.0519664
0.0517062
0.0514247
0.0513233
0.0510402
0.0508494
0.050554
0.0503469
0.0501843
0.0500363
0.049941
0.0498032
0.0497005
0.0495746
0.0494561
0.0493174
0.0491565
0.0490807
0.0489283
0.0486728
0.0485569
0.0484349
0.0481554
0.0480811
0.0479327
0.0476413
0.0474746
0.0472114
0.0471266
0.046872
0.0466451
0.046416
0.0461029
0.0458476
0.0454765
0.0452571
0.0450396
0.0446461
0.0442721
0.0440588
0.0438486
0.0436497
0.0433524
0.0431786
0.0429801
0.0428032
0.0426483
0.0424555
0.0422908
0.0420727
0.0418414
0.0417584
0.0415554
0.0413322
0.0411787
0.0409868
0.0407275
0.0405147
0.040386
0.0401801
0.0400524
0.0398766
0.0396725
0.0395909
0.039432
0.039242
0.0389991
0.038933
0.0387554
0.0387191
0.0385505
0.0383582
0.0383239
0.0380555
0.0379416
0.0378553
0.0376586
0.037506
0.0373822
0.0372434
0.0370866
0.0368996
0.0367376
0.0366777
0.0364213
0.0363041
0.0361362
0.0359986
0.0358931
0.035709
0.035542
0.0354009
0.0353498
0.0351995
0.0349564
0.0347936
0.0347388
0.0346078
0.0344084
0.0342871
0.0341427
0.0340402
0.0338606
0.0337924
0.0336808
0.0335208
0.0334238
0.0332586
0.0330694
0.0329663
0.0327888
0.0327016
0.0324971
0.0324347
0.0323174
0.0321587
0.0320497
0.0318197
0.0316797
0.0314421
0.0313307
0.0312275
0.03104
0.0309328
0.0307572
0.0306171
0.0304995
0.030352
0.0302086
0.0301021
0.0300072
0.0298715
0.0297889
0.0296569
0.0295811
0.0295036
0.0294089
0.0292747
0.0291899
0.0290781
0.0289788
0.0288552
0.0287817
0.0286597
0.0285553
0.0284832
0.028381
0.0282515
0.028199
0.0280408
0.0279585
0.0278533
0.0276857
0.0276283
0.0274416
0.0273541
0.0273208
0.0271984
0.0271385
0.0270589
0.0269807
0.0268431
0.0267032
0.0267032
0.0265015
0.0263164
0.0262658
0.0261177
0.0260443
0.0260092
0.0259158
0.0257288
0.025476
0.025476
0.0254292
0.0253622
0.0252746
0.0251878
0.0251385
0.0250762
0.0249867
0.0249503
0.0249039
0.0248308
0.0248002
0.0247408
0.0246936
0.0246132
0.024525
0.0244006
0.0242861
0.0241776
0.0240679
0.0240298
0.0239272
0.0238054
0.0236581
0.023648
0.0235264
0.0234136
0.0233413
0.0232465
0.0231658
0.0230816
0.022961
0.022896
0.0227486
0.0225078
0.0224919
0.0223419
0.0222728
0.022172
0.0218948
0.0217492
0.0216695
0.0215278
0.0212542
0.0211842
0.0210624
0.0208949
0.0207788
0.020664
0.0205587
0.0203439
0.0202275
0.0201167
0.0200194
0.019912
0.0198028
0.0197832
0.0197175
0.0196491
0.0195813
0.0195179
0.0194652
0.0193994
0.0193584
0.0192821
0.0192464
0.0191602
0.0190919
0.0190139
0.0189501
0.0188885
0.0188296
0.0187939
0.0187395
0.0186303
0.0186162
0.0185416
0.0184725
0.0184008
0.0182469
0.018207
0.0181459
0.0180382
0.0180302
0.0178843
0.0178729
0.0177669
0.0177203
0.0176558
0.0175807
0.0174961
0.0174567
0.0174133
0.0173341
0.0172897
0.017214
0.0171754
0.0171337
0.0170988
0.0170372
0.017013
0.0169632
0.0169138
0.0168258
0.0167964
0.0167533
0.0167533
0.0167533
0.0167533
0.0167533
0.0167533
0.0167533
0.0167533
0.0167533
0.0167533
0.0167533
0.0167533
0.0167533
0.0167533
0.0167533
0.0167533
0.0167533
0.0167533
0.0167533
0.0167533
0.0167533
0.0167533
0.0167533
0.0167533
0.0167533
0.0167533
0.0167533
0.0167533
0.0167533
0.0167533
0.0167533
0.0167533
0.0167533
0.0167533
0.0167533
0.0167533
0.0167533
0.0167533
0.0167533
0.0167533
0.0167533
0.0167533
0.0167533
0.0167533
0.0167533
0.0167533
0.0167533
0.0167533
0.0167533
0.0167533
0.0167533
0.0167533
0.0167533
0.0167533
0.0167533
0.0167533
0.0167533
0.0167533
0.0167533
0.0167533
0.0167533
0.0167533
0.0167533
0.0167533
0.0167533
0.0167533
0.0167533
0.0167533
0.0167533
0.0167533
0.0167533
0.0167533
0.0167533
0.0167533
0.0167533
0.0167533
0.0167533
0.0167533
0.0167533
0.0167533
0.0167533
0.0167533
0.0167533
0.0167533
0.0167533
0.0167533
0.0167533
0.0167533
0.0167533
0.0167533
0.0167533
0.0167533
0.0167533
0.0167533
0.0167533
0.0167533
0.0167533
0.0167533
0.0167533
0.0167533
0.0167533
0.0167533
0.0167533
0.0167533
0.0167533
0.0167533
0.0167533
0.0167533
0.0167533
0.0167533
0.0167533
0.0167533
0.0167533
0.0167533
0.0167533
0.0167533
0.0167533
0.0167533
0.0167533
0.0167533
0.0167533
0.0167533
0.0167533
0.0167533
0.0167533
0.0167533
0.0167533
0.0167533
0.0167533
0.0167533
0.0167533
0.0167533
0.0167533
0.0167533
0.0167533
0.0167533
0.0167533
0.0167533
0.0167533
0.0167533
0.0167533
0.0167533
0.0167533
0.0167533
0.0167533
0.0167533
0.0167533
0.0167533
0.0167533
0.0167533
0.0167533
0.0167533
0.0167533
0.0167533
0.0167533
0.0167533
0.0167533
0.0167533
0.0167533
0.0167533
0.0167533
0.0167533
0.0167533
0.0167533
0.0167533
0.0167533
0.0167533
0.0167533
0.0167533
0.0167533
0.0167533
0.0167533
0.0167533
0.0167533
0.0167533
0.0167533
0.0167533
0.0167533
0.0167533
0.0167533
0.0167533
0.0167533
0.0167533
0.0167533
0.0167533
0.0167533
0.0167533
0.0167533
0.0167533
0.0167533
0.0167533
0.0167533
0.0167533
0.0167533
0.0167533
0.0167533
0.0167533
0.0167533
0.0167533
0.0167533
0.0167533
0.0167533
0.0167533
0.0167533
0.0167533
0.0167533
0.0167533
0.0167533
0.0167533
0.0167533
0.0167533
0.0167533
0.0167533
0.0167533
0.0167533
0.0167533
0.0167533
0.0167533
0.0167533
0.0167533
0.0167533
0.0167533
0.0167533
0.0167533
0.0167533
0.0167533
0.0167533
0.0167533
0.0167533
0.0167533
0.0167533
0.0167533
0.0167533
0.0167533
0.0167533
0.0167533
0.0167533
0.0167533
0.0167533
0.0167533
0.0167533
0.0167533
0.0167533
0.0167533
0.0167533
0.0167533
0.0167533
0.0167533
0.0167533
0.0167533
0.0167533
0.0167533
0.0167533
0.0167533
0.0167533
0.0167533
0.0167533
0.0167533
0.0167533
0.0167533
0.0167533
0.0167533
0.0167533
0.0167533
0.0167533
0.0167533
0.0167533
0.0167533
0.0167533
0.0167533
0.0167533
0.0167533
0.0167533
0.0167533
0.0167533
0.0167533
0.0167533
0.0167533
0.0167533
0.0167533
0.0167533
0.0167533
0.0167533
0.0167533
0.0167533
0.0167533
0.0167533
0.0167533
0.0167533
0.0167533
0.0167533
0.0167533
0.0167533
0.0167533
0.0167533
0.0167533
0.0167533
0.0167533
0.0167533
0.0167533
0.0167533
0.0167533
0.0167533
0.0167533
0.0167533
0.0167533
0.0167533
0.0167533
0.0167533
0.0167533
0.0167533
0.0167533
0.0167533
0.0167533
0.0167533
0.0167533
0.0167533
0.0167533
0.0167533
0.0167533
0.0167533
0.0167533
0.0167533
0.0167533
0.0167533
0.0167533
0.0167533
0.0167533
0.0167533
0.0167533
0.0167533
0.0167533
0.0167533
0.0167533
0.0167533
0.0167533
0.0167533
0.0167533
0.0167533
0.0167533
0.0167533
0.0167533
0.0167533
0.0167533
0.0167533
0.0167533
0.0167533
0.0167533
0.0167533
0.0167533
0.0167533
0.0167533
0.0167533
0.0167533
0.0167533
0.0167533
0.0167533
0.0167533
0.0167533
0.0167533
0.0167533
0.0167533
0.0167533
0.0167533
0.0167533
0.0167533
0.0167533
0.0167533
0.0167533
0.0167533
0.0167533
0.0167533
0.0167533
0.0167533
0.0167533
0.0167533
0.0167533
0.0167533
0.0167533
0.0167533
0.0167533
0.0167533
0.0167533
0.0167533
0.0167533
0.0167533
0.0167533
0.0167533
0.0167533
0.0167533
0.0167533
0.0167533
0.0167533
0.0167533
0.0167533
0.0167533
0.0167533
0.0167533
0.0167533
0.0167533
0.0167533
0.0167533
0.0167533
0.0167533
0.0167533
0.0167533
0.0167533
0.0167533
0.0167533
0.0167533
0.0167533
0.0167533
0.0167533
0.0167533
0.0167533
0.0167533
0.0167533
0.0167533
0.0167533
0.0167533
0.0167533
0.0167533
0.0167533
0.0167533
0.0167533
0.0167533
0.0167533
0.0167533
0.0167533
0.0167533
0.0167533
0.0167533
0.0167533
0.0167533
0.0167533
0.0167533
0.0167533
0.0167533
0.0167533
0.0167533
0.0167533
0.0167533
0.0167533
0.0167533
0.0167533
0.0167533
0.0167533
0.0167533
0.0167533
0.0167533
0.0167533
0.0167533
0.0167533
0.0167533
0.0167533
0.0167533
0.0167533
0.0167533
0.0167533
0.0167533
0.0167533
0.0167533
0.0167533
0.0167533
0.0167533
0.0167533
0.0167533
0.0167533
0.0167533
0.0167533
0.0167533
0.0167533
0.0167533
0.0167533
0.0167533
0.0167533
0.0167533
0.0167533
0.0167533
0.0167533
0.0167533
0.0167533
0.0167533
0.0167533
0.0167533
0.0167533
0.0167533
0.0167533
0.0167533
0.0167533
0.0167533
0.0167533
0.0167533
0.0167533
0.0167533
0.0167533
0.0167533
0.0167533
0.0167533
0.0167533
0.0167533
0.0167533
0.0167533
0.0167533
0.0167533
0.0167533
0.0167533
0.0167533
0.0167533
0.0167533
0.0167533
0.0167533
0.0167533
0.0167533
0.0167533
0.0167533
0.0167533
0.0167533
0.0167533
0.0167533
0.0167533
0.0167533
0.0167533
0.0167533
0.0167533
0.0167533
0.0167533
0.0167533
0.0167533
0.0167533
0.0167533
0.0167533
0.0167533
0.0167533
0.0167533
0.0167533
0.0167533
0.0167533
0.0167533
0.0167533
0.0167533
0.0167533
0.0167533
0.0167533
0.0167533
0.0167533
0.0167533
0.0167533
0.0167533
0.0167533
0.0167533
0.0167533
0.0167533
0.0167533
0.0167533
0.0167533
0.0167533
0.0167533
0.0167533
0.0167533
0.0167533
