6.78505e+06
2.92379e+06
240111
52347
24175.9
24175.9
24175.9
5074.48
5074.48
5074.48
2094.51
530.884
229.889
229.889
229.889
229.889
229.889
229.889
229.889
135.19
135.19
135.19
135.19
104.537
104.537
104.537
99.2396
30.4985
30.4985
30.4985
30.4985
30.4985
30.4985
30.4985
30.4985
30.4985
22.2256
22.2256
22.2256
20.0983
8.86658
8.42249
8.42249
8.42249
5.03376
4.60732
4.60732
4.175
4.175
3.35694
3.35694
3.35694
3.35694
3.20787
3.13697
3.13697
2.93078
2.92636
2.72043
2.72043
2.67822
2.67822
2.48164
2.29454
2.29454
2.29454
2.29454
2.29454
2.1978
2.10582
1.97719
1.97719
1.92525
1.91861
1.87446
1.83139
1.80321
1.76285
1.70828
1.68257
1.63894
1.62816
1.59479
1.56372
1.53075
1.50936
1.47143
1.43718
1.42511
1.39478
1.37758
1.35608
1.34047
1.31924
1.31056
1.29645
1.28763
1.27116
1.26164
1.23859
1.23447
1.22396
1.21038
1.19989
1.19225
1.17883
1.16871
1.15588
1.14508
1.13085
1.11934
1.10013
1.10013
1.09126
1.0785
1.07266
1.06264
1.05557
1.04194
1.03368
1.02772
1.01985
1.01269
1.00948
1.00692
0.995952
0.985767
0.982693
0.977393
0.971314
0.961591
0.955718
0.94928
0.938527
0.922497
0.921568
0.907887
0.898985
0.891791
0.881056
0.87487
0.862223
0.858577
0.849865
0.840257
0.834379
0.825574
0.811531
0.799415
0.791557
0.784436
0.777167
0.770173
0.759709
0.751169
0.743117
0.73452
0.727851
0.717701
0.711186
0.706557
0.698804
0.693883
0.686801
0.679637
0.673306
0.669342
0.665433
0.661082
0.65624
0.651865
0.647356
0.64401
0.639935
0.634287
0.631853
0.624948
0.61939
0.61503
0.608741
0.604127
0.599407
0.591999
0.588837
0.583337
0.574327
0.569929
0.563061
0.558704
0.553685
0.545698
0.539666
0.535913
0.529164
0.519987
0.518397
0.509991
0.509558
0.503517
0.502192
0.497749
0.494607
0.490384
0.485868
0.482746
0.475843
0.473221
0.469394
0.465301
0.459339
0.458471
0.456671
0.454206
0.45225
0.450486
0.447973
0.44432
0.443766
0.438098
0.437861
0.435625
0.432181
0.429528
0.427858
0.424627
0.421963
0.419823
0.417752
0.415696
0.411363
0.409031
0.405391
0.403697
0.402405
0.398614
0.396817
0.394813
0.391258
0.389337
0.385627
0.382894
0.380272
0.376839
0.375095
0.373149
0.37081
0.36676
0.364465
0.361307
0.357319
0.355165
0.353321
0.350127
0.347619
0.344403
0.343399
0.340764
0.339606
0.337542
0.336192
0.3335
0.331113
0.32891
0.326995
0.324991
0.323391
0.32113
0.319602
0.31734
0.316302
0.314295
0.31215
0.310574
0.308745
0.307654
0.304445
0.303919
0.301193
0.300229
0.298999
0.296442
0.294703
0.293017
0.292272
0.290819
0.289516
0.288285
0.286449
0.284703
0.283402
0.2816
0.278907
0.277851
0.27606
0.273464
0.271388
0.270224
0.266267
0.266014
0.264404
0.262355
0.261138
0.259344
0.255712
0.254871
0.252387
0.25053
0.249366
0.247498
0.246139
0.244488
0.24249
0.241049
0.240243
0.237758
0.236946
0.236018
0.234519
0.233629
0.232444
0.231386
0.230475
0.229961
0.229088
0.227263
0.226387
0.225295
0.224634
0.22308
0.221039
0.220136
0.218954
0.217732
0.21598
0.214867
0.213874
0.212059
0.209814
0.208811
0.208584
0.207361
0.206789
0.205507
0.204133
0.202878
0.202073
0.200897
0.20009
0.19843
0.197851
0.196607
0.195424
0.194958
0.193641
0.192742
0.19195
0.191072
0.190305
0.189722
0.188812
0.187917
0.18688
0.185691
0.185306
0.184535
0.18345
0.183019
0.182151
0.181286
0.180384
0.179087
0.17857
0.177235
0.175872
0.175615
0.174335
0.173952
0.172865
0.172313
0.17162
0.170906
0.169964
0.169346
0.168652
0.16798
0.167168
0.166728
0.165044
0.164841
0.163851
0.163175
0.162566
0.16197
0.161319
0.160248
0.159851
0.15912
0.158725
0.158126
0.157461
0.156765
0.15583
0.155275
0.155082
0.154535
0.153808
0.153388
0.152458
0.151495
0.151062
0.149819
0.148923
0.14851
0.146948
0.145247
0.144739
0.143618
0.142169
0.141045
0.140332
0.139275
0.1386
0.137568
0.136373
0.136312
0.13545
0.134858
0.134565
0.133918
0.133044
0.132779
0.131866
0.131307
0.130693
0.130237
0.129942
0.12946
0.129146
0.12868
0.12801
0.127371
0.126811
0.126216
0.12577
0.125309
0.124822
0.124262
0.123497
0.123262
0.121873
0.121456
0.120362
0.11994
0.11928
0.118756
0.117893
0.117728
0.116815
0.116343
0.115744
0.115135
0.114611
0.114119
0.113248
0.11293
0.112372
0.11194
0.111397
0.110804
0.110208
0.109995
0.109509
0.109233
0.108823
0.108466
0.108011
0.107737
0.107367
0.107018
0.106686
0.106205
0.105596
0.105201
0.104519
0.10435
0.103803
0.103374
0.10319
0.102901
0.102531
0.10192
0.100962
0.10056
0.100064
0.0991283
0.0990961
0.0986674
0.0976969
0.0975348
0.0970346
0.0965412
0.0962294
0.0959265
0.0955151
0.0950957
0.0949037
0.0944954
0.0942213
0.0938298
0.0934909
0.0931023
0.0929718
0.092582
0.0923726
0.0921622
0.09202
0.0917572
0.0917064
0.0911537
0.0910091
0.0908303
0.0903101
0.0899894
0.0887288
0.0886936
0.0883646
0.0877116
0.0874324
0.0866513
0.0862543
0.0856197
0.0849661
0.0846835
0.083926
0.083389
0.0829841
0.0821304
0.0819211
0.0814178
0.0807769
0.0803506
0.0794881
0.0790947
0.0785776
0.0779548
0.0767676
0.0767531
0.0756883
0.0755478
0.0746579
0.0734963
0.0730921
0.0728949
0.0719968
0.0715114
0.0710683
0.0702973
0.0696882
0.069349
0.0690248
0.0679796
0.0677219
0.0669301
0.0667188
0.0661998
0.0658111
0.0654159
0.0650182
0.0647656
0.0643044
0.0638182
0.0634196
0.063099
0.062758
0.0623243
0.0618924
0.0614764
0.0612037
0.0608639
0.0605088
0.0603028
0.0600206
0.0598337
0.0596226
0.0594587
0.0592685
0.0587789
0.0586767
0.0583225
0.0582435
0.0579381
0.0578403
0.0575867
0.0574312
0.0572577
0.0570979
0.0569448
0.0567858
0.0566421
0.0564817
0.0562625
0.0560963
0.0557139
0.0554404
0.0553225
0.0551077
0.0549521
0.0547173
0.0545871
0.0543924
0.0542297
0.0540087
0.0538678
0.0536827
0.0535131
0.0533921
0.0532351
0.0531209
0.0530319
0.0528462
0.0527669
0.0525653
0.0523985
0.0522088
0.0520109
0.0518184
0.0515262
0.0513021
0.0511207
0.050957
0.0507291
0.0504726
0.0503103
0.0499807
0.0498353
0.0495762
0.0493474
0.0490063
0.0487104
0.0485166
0.0482412
0.0480498
0.0476593
0.0474613
0.0470728
0.0468775
0.0465549
0.0463227
0.0462181
0.0459252
0.0458577
0.0449639
0.0448942
0.044477
0.0442828
0.0440344
0.0438119
0.0434969
0.0430368
0.0429175
0.0425686
0.042356
0.0420152
0.0417502
0.0414214
0.0410678
0.0408527
0.0407443
0.0404014
0.0402453
0.040089
0.0398669
0.0395577
0.0394628
0.0392625
0.039067
0.0388701
0.038703
0.0384861
0.0383406
0.0381803
0.0380899
0.0378879
0.0377524
0.0375347
0.0373398
0.037134
0.0369082
0.0366965
0.03643
0.0361972
0.036076
0.0358958
0.0357426
0.0356165
0.0355061
0.0353235
0.0351943
0.0350513
0.0349541
0.0348092
0.0347024
0.0345108
0.034335
0.0342169
0.0340716
0.0339011
0.033842
0.0336221
0.033547
0.0334085
0.0331633
0.033057
0.032897
0.032792
0.0326546
0.032553
0.0324387
0.0321647
0.0320646
0.031835
0.0316598
0.0315246
0.0314392
0.0312424
0.0311704
0.0310494
0.0309544
0.0308221
0.0306692
0.0305895
0.0304766
0.0304073
0.0302221
0.0300953
0.029987
0.0298488
0.0297471
0.0295286
0.0294772
0.0293441
0.0291935
0.0290417
0.0288776
0.0287736
0.0286766
0.028564
0.0284803
0.028332
0.0282647
0.0280814
0.0280008
0.0278475
0.0277739
0.0276561
0.0275835
0.0274532
0.0273834
0.0273115
0.0272159
0.0271361
0.0270122
0.0268793
0.0266509
0.0265669
0.0264576
0.0263248
0.0262828
0.02613
0.0259556
0.0259149
0.0257942
0.0257673
0.0255752
0.0254845
0.0253308
0.0252279
0.025141
0.025
0.024884
0.0247267
0.0245381
0.0245242
0.0244557
0.0242753
0.0241552
0.0239348
0.0237867
0.0237428
0.0235679
0.0235176
0.0233808
0.0233235
0.02324
0.0230888
0.0230376
0.0229745
0.022822
0.0228017
0.02267
0.0226056
0.0224678
0.0223864
0.0222161
0.0220592
0.0219609
0.0218211
0.021714
0.0216374
0.0215217
0.0214281
0.021416
0.0213107
0.021221
0.0211465
0.0210588
0.0209898
0.020859
0.020802
0.0207572
0.0206035
0.0205246
0.0204778
0.0204037
0.0203392
0.0202658
0.0202315
0.0201739
0.0201112
0.0200613
0.0200188
0.0199204
0.0198992
0.0198501
0.0198129
0.0198129
0.0198129
0.0198129
0.0198129
0.0198129
0.0198129
0.0198129
0.0198129
0.0198129
0.0198129
0.0198129
0.0198129
0.0198129
0.0198129
0.0198129
0.0198129
0.0198129
0.0198129
0.0198129
0.0198129
0.0198129
0.0198129
0.0198129
0.0198129
0.0198129
0.0198129
0.0198129
0.0198129
0.0198129
0.0198129
0.0198129
0.0198129
0.0198129
0.0198129
0.0198129
0.0198129
0.0198129
0.0198129
0.0198129
0.0198129
0.0198129
0.0198129
0.0198129
0.0198129
0.0198129
0.0198129
0.0198129
0.0198129
0.0198129
0.0198129
0.0198129
0.0198129
0.0198129
0.0198129
0.0198129
0.0198129
0.0198129
0.0198129
0.0198129
0.0198129
0.0198129
0.0198129
0.0198129
0.0198129
0.0198129
0.0198129
0.0198129
0.0198129
0.0198129
0.0198129
0.0198129
0.0198129
0.0198129
0.0198129
0.0198129
0.0198129
0.0198129
0.0198129
0.0198129
0.0198129
0.0198129
0.0198129
0.0198129
0.0198129
0.0198129
0.0198129
0.0198129
0.0198129
0.0198129
0.0198129
0.0198129
0.0198129
0.0198129
0.0198129
0.0198129
0.0198129
0.0198129
0.0198129
0.0198129
0.0198129
0.0198129
0.0198129
0.0198129
0.0198129
0.0198129
0.0198129
0.0198129
0.0198129
0.0198129
0.0198129
0.0198129
0.0198129
0.0198129
0.0198129
0.0198129
0.0198129
0.0198129
0.0198129
0.0198129
0.0198129
0.0198129
0.0198129
0.0198129
0.0198129
0.0198129
0.0198129
0.0198129
0.0198129
0.0198129
0.0198129
0.0198129
0.0198129
0.0198129
0.0198129
0.0198129
0.0198129
0.0198129
0.0198129
0.0198129
0.0198129
0.0198129
0.0198129
0.0198129
0.0198129
0.0198129
0.0198129
0.0198129
0.0198129
0.0198129
0.0198129
0.0198129
0.0198129
0.0198129
0.0198129
0.0198129
0.0198129
0.0198129
0.0198129
0.0198129
0.0198129
0.0198129
0.0198129
0.0198129
0.0198129
0.0198129
0.0198129
0.0198129
0.0198129
0.0198129
0.0198129
0.0198129
0.0198129
0.0198129
0.0198129
0.0198129
0.0198129
0.0198129
0.0198129
0.0198129
0.0198129
0.0198129
0.0198129
0.0198129
0.0198129
0.0198129
0.0198129
0.0198129
0.0198129
0.0198129
0.0198129
0.0198129
0.0198129
0.0198129
0.0198129
0.0198129
0.0198129
0.0198129
0.0198129
0.0198129
0.0198129
0.0198129
0.0198129
0.0198129
0.0198129
0.0198129
0.0198129
0.0198129
0.0198129
0.0198129
0.0198129
0.0198129
0.0198129
0.0198129
0.0198129
0.0198129
0.0198129
0.0198129
0.0198129
0.0198129
0.0198129
0.0198129
0.0198129
0.0198129
0.0198129
0.0198129
0.0198129
0.0198129
0.0198129
0.0198129
0.0198129
0.0198129
0.0198129
0.0198129
0.0198129
0.0198129
0.0198129
0.0198129
0.0198129
0.0198129
0.0198129
0.0198129
0.0198129
0.0198129
0.0198129
0.0198129
0.0198129
0.0198129
0.0198129
0.0198129
0.0198129
0.0198129
0.0198129
0.0198129
0.0198129
0.0198129
0.0198129
0.0198129
0.0198129
0.0198129
0.0198129
0.0198129
0.0198129
0.0198129
0.0198129
0.0198129
0.0198129
0.0198129
0.0198129
0.0198129
0.0198129
0.0198129
0.0198129
0.0198129
0.0198129
0.0198129
0.0198129
0.0198129
0.0198129
0.0198129
0.0198129
0.0198129
0.0198129
0.0198129
0.0198129
0.0198129
0.0198129
0.0198129
0.0198129
0.0198129
0.0198129
0.0198129
0.0198129
0.0198129
0.0198129
0.0198129
0.0198129
0.0198129
0.0198129
0.0198129
0.0198129
0.0198129
0.0198129
0.0198129
0.0198129
0.0198129
0.0198129
0.0198129
0.0198129
0.0198129
0.0198129
0.0198129
0.0198129
0.0198129
0.0198129
0.0198129
0.0198129
0.0198129
0.0198129
0.0198129
0.0198129
0.0198129
0.0198129
0.0198129
0.0198129
0.0198129
0.0198129
0.0198129
0.0198129
0.0198129
0.0198129
0.0198129
0.0198129
0.0198129
0.0198129
0.0198129
0.0198129
0.0198129
0.0198129
0.0198129
0.0198129
0.0198129
0.0198129
0.0198129
0.0198129
0.0198129
0.0198129
0.0198129
0.0198129
0.0198129
0.0198129
0.0198129
0.0198129
0.0198129
0.0198129
0.0198129
0.0198129
0.0198129
0.0198129
0.0198129
0.0198129
0.0198129
0.0198129
0.0198129
0.0198129
0.0198129
0.0198129
0.0198129
0.0198129
0.0198129
0.0198129
0.0198129
0.0198129
0.0198129
0.0198129
0.0198129
0.0198129
0.0198129
0.0198129
0.0198129
0.0198129
0.0198129
0.0198129
0.0198129
0.0198129
0.0198129
0.0198129
0.0198129
0.0198129
0.0198129
0.0198129
0.0198129
0.0198129
0.0198129
0.0198129
0.0198129
0.0198129
0.0198129
0.0198129
0.0198129
0.0198129
0.0198129
0.0198129
0.0198129
0.0198129
0.0198129
0.0198129
0.0198129
0.0198129
0.0198129
0.0198129
0.0198129
0.0198129
0.0198129
0.0198129
0.0198129
0.0198129
0.0198129
0.0198129
0.0198129
0.0198129
0.0198129
0.0198129
0.0198129
0.0198129
0.0198129
0.0198129
0.0198129
0.0198129
0.0198129
0.0198129
0.0198129
0.0198129
0.0198129
0.0198129
0.0198129
0.0198129
0.0198129
0.0198129
0.0198129
0.0198129
0.0198129
0.0198129
0.0198129
0.0198129
0.0198129
0.0198129
0.0198129
0.0198129
0.0198129
0.0198129
0.0198129
0.0198129
0.0198129
0.0198129
0.0198129
0.0198129
0.0198129
0.0198129
0.0198129
0.0198129
0.0198129
0.0198129
0.0198129
0.0198129
0.0198129
0.0198129
0.0198129
0.0198129
0.0198129
0.0198129
0.0198129
0.0198129
0.0198129
0.0198129
0.0198129
0.0198129
0.0198129
0.0198129
0.0198129
0.0198129
0.0198129
0.0198129
0.0198129
0.0198129
0.0198129
0.0198129
0.0198129
0.0198129
0.0198129
0.0198129
0.0198129
0.0198129
0.0198129
0.0198129
0.0198129
0.0198129
0.0198129
0.0198129
0.0198129
0.0198129
0.0198129
0.0198129
0.0198129
0.0198129
0.0198129
0.0198129
0.0198129
0.0198129
0.0198129
0.0198129
0.0198129
0.0198129
0.0198129
0.0198129
0.0198129
0.0198129
0.0198129
0.0198129
0.0198129
0.0198129
0.0198129
0.0198129
0.0198129
0.0198129
0.0198129
0.0198129
0.0198129
0.0198129
0.0198129
0.0198129
0.0198129
0.0198129
0.0198129
0.0198129
0.0198129
0.0198129
0.0198129
0.0198129
0.0198129
0.0198129
0.0198129
0.0198129
0.0198129
0.0198129
0.0198129
0.0198129
0.0198129
0.0198129
0.0198129
0.0198129
0.0198129
0.0198129
0.0198129
