5.29276e+07
1.36592e+07
35535.9
35535.9
10229.6
10229.6
10229.6
4327.33
4327.33
4327.33
684.742
684.742
684.742
684.742
684.742
684.742
684.742
188.163
188.163
47.831
47.831
29.4879
29.4879
21.9313
12.7482
11.634
11.634
11.634
9.09659
9.09659
5.97691
5.51991
5.51991
5.09994
5.09994
4.62487
4.62487
4.62487
4.62487
4.62487
4.62487
4.62487
4.62487
4.62487
4.62487
4.62467
4.62467
4.62467
4.62467
4.62145
4.61774
4.61736
4.61736
4.61736
4.61736
4.6173
4.61707
4.61707
4.61583
4.61295
4.61243
4.61188
4.60897
4.60828
4.60677
4.60539
4.60412
4.60152
4.60011
4.59883
4.5977
4.59577
4.59382
4.59293
4.59051
4.58902
4.58659
4.58529
4.58372
4.58184
4.58048
4.57811
4.57694
4.57423
4.57138
4.57036
4.56834
4.56691
4.5642
4.56255
4.56089
4.55978
4.55877
4.55641
4.55547
4.5536
4.55183
4.55001
4.54752
4.54528
4.54398
4.54258
4.54069
4.5388
4.5361
4.53409
4.53211
4.52908
4.52718
4.52631
4.52404
4.52286
4.52059
4.51915
4.51732
4.51596
4.51441
4.51324
4.51198
4.50907
4.50764
4.50694
4.50551
4.50373
4.50187
4.4996
4.4968
4.49544
4.49148
4.4899
4.48834
4.48514
4.48178
4.47992
4.47855
4.47763
4.47477
4.47356
4.47182
4.47046
4.46878
4.46654
4.46259
4.45971
4.45681
4.45666
4.45449
4.45186
4.4497
4.44803
4.44551
4.44406
4.44128
4.43908
4.4377
4.43577
4.43251
4.43015
4.42634
4.42633
4.42339
4.42013
4.41863
4.4155
4.41295
4.40979
4.40769
4.40568
4.40311
4.40239
4.40003
4.39807
4.39594
4.39461
4.39364
4.391
4.3888
4.38555
4.38492
4.38212
4.37952
4.37769
4.37631
4.37285
4.37069
4.36748
4.36631
4.36399
4.36018
4.3579
4.35583
4.35324
4.35143
4.34852
4.34509
4.34329
4.34056
4.33883
4.33575
4.33296
4.33131
4.32836
4.32597
4.3232
4.32051
4.31676
4.31383
4.31084
4.30783
4.30642
4.30299
4.3018
4.29954
4.2951
4.29312
4.28966
4.28961
4.28728
4.28526
4.2838
4.28112
4.27953
4.27824
4.27638
4.27516
4.27315
4.27144
4.27064
4.26914
4.26798
4.26512
4.26469
4.26246
4.26139
4.25981
4.25809
4.25728
4.25585
4.25376
4.2517
4.25015
4.2488
4.2481
4.2468
4.24588
4.2445
4.24298
4.24105
4.2407
4.23942
4.2387
4.23694
4.2365
4.23528
4.23361
4.23342
4.23052
4.23026
4.22955
4.22821
4.22769
4.2261
4.22489
4.22362
4.22224
4.22132
4.22029
4.21864
4.21764
4.21684
4.2159
4.2145
4.21291
4.21241
4.21127
4.21012
4.20907
4.20817
4.20708
4.20615
4.20551
4.20279
4.20246
4.20185
4.2005
4.1991
4.19589
4.19501
4.19387
4.19207
4.19133
4.19023
4.18828
4.18708
4.18437
4.18327
4.18031
4.18002
4.17842
4.17626
4.17465
4.17295
4.16952
4.16895
4.16734
4.16551
4.16381
4.16211
4.16058
4.15931
4.15726
4.15564
4.15477
4.15365
4.15287
4.15099
4.15054
4.14958
4.14895
4.14785
4.14676
4.1459
4.14445
4.14382
4.1431
4.14212
4.14088
4.13988
4.13784
4.13701
4.13537
4.13365
4.13334
4.13129
4.12956
4.12815
4.12695
4.1255
4.12323
4.12247
4.12157
4.11905
4.11832
4.11734
4.11577
4.11496
4.11407
4.11294
4.11221
4.11119
4.11064
4.10955
4.10901
4.1082
4.10787
4.10671
4.10671
4.10616
4.10532
4.10463
4.1037
4.10317
4.1027
4.10109
4.10023
4.09934
4.09862
4.09786
4.09681
4.09552
4.09456
4.09373
4.09296
4.09181
4.09151
4.09028
4.08943
4.08854
4.08823
4.08753
4.08698
4.08667
4.08598
4.08488
4.08456
4.08373
4.08172
4.08144
4.08094
4.08023
4.07943
4.07888
4.07827
4.07764
4.0771
4.07644
4.07592
4.07506
4.07413
4.07411
4.073
4.07247
4.07198
4.07139
4.07084
4.0702
4.06938
4.06838
4.06811
4.0672
4.06633
4.06571
4.06505
4.064
4.06319
4.06262
4.06169
4.06089
4.05981
4.05918
4.05874
4.05805
4.05757
4.05687
4.05621
4.05569
4.05483
4.05417
4.05365
4.05302
4.05261
4.05206
4.05169
4.05119
4.05085
4.05004
4.04905
4.04817
4.04805
4.04737
4.0468
4.04616
4.04561
4.04499
4.04421
4.04385
4.04332
4.04229
4.04121
4.04061
4.0397
4.03908
4.03847
4.03808
4.03731
4.03628
4.03603
4.03532
4.03487
4.03424
4.03353
4.03296
4.03241
4.0313
4.0313
4.03064
4.03028
4.02957
4.02906
4.02875
4.02766
4.0275
4.02706
4.02631
4.02598
4.02528
4.02481
4.02411
4.02369
4.02335
4.02291
4.02245
4.02186
4.0214
4.02108
4.02055
4.02018
4.01982
4.01924
4.01909
4.01871
4.01806
4.01776
4.01742
4.01703
4.01665
4.01624
4.01582
4.0155
4.01501
4.01436
4.01405
4.01383
4.01318
4.01263
4.01233
4.01166
4.01129
4.01096
4.01052
4.01001
4.0095
4.0091
4.00867
4.00805
4.00777
4.00736
4.00701
4.00666
4.00616
4.00555
4.00507
4.00456
4.00416
4.00362
4.0029
4.00269
4.00196
4.00157
4.00149
4.00063
4.00053
3.9997
3.99938
3.99896
3.99844
3.99793
3.99722
3.99643
3.99622
3.99584
3.99545
3.99486
3.9942
3.99377
3.99319
3.99259
3.99209
3.99137
3.99137
3.99108
3.99043
3.98986
3.98932
3.98895
3.98879
3.9882
3.9877
3.98722
3.98696
3.98668
3.98623
3.98572
3.9854
3.98506
3.98482
3.98454
3.98405
3.98386
3.98346
3.98313
3.98294
3.98287
3.98264
3.98238
3.98215
3.98185
3.98165
3.9813
3.98099
3.98061
3.98026
3.97996
3.97947
3.9793
3.97878
3.97858
3.97826
3.97784
3.97759
3.97722
3.9768
3.97659
3.97629
3.97587
3.97554
3.9752
3.97503
3.97471
3.9744
3.97412
3.974
3.97378
3.97348
3.97335
3.97315
3.97305
3.97289
3.97275
3.97255
3.97235
3.9722
3.97204
3.97177
3.97148
3.97125
3.97117
3.97093
3.97077
3.97067
3.97042
3.97019
3.97003
3.96988
3.9697
3.96941
3.96926
3.96905
3.96885
3.9687
3.96846
3.96831
3.96814
3.96795
3.96784
3.96771
3.9674
3.96719
3.96707
3.9668
3.9666
3.96637
3.96611
3.96591
3.96567
3.96548
3.96529
3.96518
3.96501
3.96481
3.96473
3.96459
3.9645
3.96439
3.9643
3.96418
3.9641
3.96389
3.9638
3.96366
3.96348
3.96341
3.96327
3.96318
3.96292
3.96277
3.9626
3.96244
3.9622
3.96204
3.96192
3.96172
3.96163
3.9615
3.9614
3.96125
3.96106
3.96096
3.96084
3.96069
3.96064
3.96052
3.96037
3.96026
3.9601
3.96002
3.95989
3.95986
3.95975
3.95969
3.95961
3.95952
3.95943
3.95932
3.95921
3.95913
3.95899
3.95882
3.95874
3.95861
3.95832
3.95827
3.95808
3.958
3.95782
3.9576
3.95755
3.95732
3.95722
3.95703
3.95691
3.95676
3.95667
3.95657
3.9565
3.95643
3.95633
3.95625
3.95617
3.95613
3.95604
3.95596
3.95591
3.95581
3.95574
3.95571
3.95564
3.95556
3.95548
3.9554
3.95533
3.95527
3.9552
3.95511
3.95504
3.95495
3.95488
3.95477
3.95467
3.9546
3.95446
3.95425
3.95417
3.95406
3.9539
3.95386
3.95375
3.95368
3.95359
3.95347
3.95338
3.9533
3.95317
3.95313
3.95298
3.95284
3.95277
3.95269
3.9526
3.95252
3.9524
3.95224
3.95213
3.95198
3.9519
3.95182
3.95171
3.95152
3.95151
3.95139
3.95133
3.95126
3.95116
3.95111
3.95105
3.95097
3.95091
3.95082
3.95072
3.95064
3.95058
3.95053
3.95046
3.95041
3.95032
3.95026
3.95014
3.95008
3.95002
3.94994
3.94989
3.94982
3.94964
3.94961
3.94951
3.94943
3.94938
3.9493
3.94921
3.94917
3.9491
3.94903
3.94896
3.94891
3.9488
3.9487
3.94862
3.94849
3.94839
3.94832
3.94821
3.94811
3.94801
3.94796
3.94791
3.94785
3.94778
3.94771
3.94768
3.94766
3.94761
3.94758
3.94754
3.94737
3.94735
3.94731
3.94719
3.94712
3.94692
3.94692
3.94689
3.9468
3.94675
3.94674
3.94668
3.94658
3.94656
3.9465
3.94645
3.94642
3.94636
3.94633
3.94626
3.94623
3.94617
3.94612
3.94607
3.94601
3.94597
3.94592
3.94584
3.94582
3.94577
3.94571
3.94567
3.94559
3.94557
3.9455
3.94544
3.94535
3.9453
3.94526
3.94517
3.94514
3.94506
3.94503
3.94496
3.94492
3.94482
3.94476
3.94473
3.94457
3.94447
3.94442
3.94428
3.94426
3.94411
3.944
3.94399
3.94388
3.94383
3.94378
3.94372
3.94361
3.94358
3.94351
3.94346
3.94339
3.94335
3.9433
3.94324
3.94319
3.94314
3.9431
3.94306
3.94303
3.94299
3.94299
3.94299
3.94299
3.94299
3.94299
3.94299
3.94299
3.94299
3.94299
3.94299
3.94299
3.94299
3.94299
3.94299
3.94299
3.94299
3.94299
3.94299
3.94299
3.94299
3.94299
3.94299
3.94299
3.94299
3.94299
3.94299
3.94299
3.94299
3.94299
3.94299
3.94299
3.94299
3.94299
3.94299
3.94299
3.94299
3.94299
3.94299
3.94299
3.90436
3.48273
3.45843
3.30082
3.30082
3.21522
3.12446
3.08275
2.97135
2.95316
2.91528
2.83005
2.70138
2.66929
2.63674
2.60591
2.52925
2.49346
2.43258
2.40223
2.34886
2.31301
2.21982
2.20088
2.11693
2.08531
2.04823
1.99287
1.92604
1.8766
1.85202
1.81608
1.7759
1.69788
1.68923
1.65163
1.61413
1.5705
1.53656
1.48125
1.45315
1.40791
1.37798
1.34429
1.30066
1.27641
1.25677
1.20374
1.17199
1.16071
1.13379
1.11017
1.09052
1.05913
1.0505
1.03545
1.01546
0.998228
0.977769
0.952855
0.948428
0.929119
0.917914
0.905483
0.887939
0.875702
0.857748
0.845203
0.832922
0.82421
0.811189
0.804273
0.794746
0.783831
0.752166
0.752166
0.7497
0.73561
0.727686
0.717068
0.70786
0.696971
0.690308
0.686664
0.680251
0.665332
0.664534
0.65496
0.642854
0.636801
0.627066
0.619639
0.614046
0.603261
0.596836
0.5925
0.585646
0.580459
0.575207
0.566214
0.559559
0.553941
0.550139
0.543866
0.535492
0.53149
0.526271
0.518543
0.514668
0.507837
0.501958
0.494002
0.491552
0.486265
0.482838
0.477188
0.470204
0.469182
0.465789
0.463332
0.459618
0.456192
0.453156
0.447579
0.44422
0.44021
0.435532
0.432085
0.431128
0.428118
0.425237
0.423119
0.418308
0.415031
0.411497
0.407591
0.40538
0.398685
0.397369
0.392853
0.389442
0.38528
0.383197
0.380264
0.377317
0.375044
0.370446
0.365646
0.362146
0.359544
0.356878
0.353794
0.351434
0.349319
0.347047
0.344874
0.341224
0.338317
0.335595
0.333118
0.329083
0.328369
0.324659
0.322164
0.319694
0.317877
0.31356
0.313255
0.311041
0.308344
0.306166
0.304177
0.301858
0.299686
0.297028
0.294019
0.292637
0.289782
0.286684
0.284285
0.282081
0.28059
0.277811
0.276248
0.274351
0.271014
0.270987
0.268914
0.267103
0.263959
0.261736
0.260395
0.258083
0.254657
0.254294
0.252229
0.249288
0.247493
0.245411
0.242703
0.241129
0.239489
0.23709
0.234854
0.232112
0.229981
0.228562
0.225236
0.223657
0.221187
0.219537
0.217757
0.216156
0.214003
0.212667
0.210795
0.209462
0.206984
0.20474
0.203841
0.202175
0.200582
0.198578
0.19657
0.195922
0.193618
0.192149
0.189974
0.188272
0.186093
0.184567
0.182697
0.181453
0.180035
0.178244
0.176666
0.175167
0.172644
0.172025
0.170237
0.168675
0.167323
0.164021
0.164021
0.163419
0.16277
0.161855
0.161221
0.159709
0.158935
0.158393
0.157335
0.156316
0.155308
0.154822
0.153858
0.152847
0.151808
0.150928
0.150149
0.148976
0.148045
0.14709
0.146075
0.145663
0.144797
0.14384
0.143195
0.142107
0.141769
0.141138
0.140467
0.139686
0.139086
0.138243
0.136982
0.136382
0.135669
0.134528
0.133703
0.13242
0.131204
0.130797
0.129575
0.128287
0.127047
0.126436
0.125795
0.124958
0.123949
0.123222
0.122646
0.121867
0.121219
0.120532
0.119769
0.118332
0.118166
0.117231
0.116413
0.115365
0.114716
0.113895
0.112889
0.111633
0.110629
0.109675
0.109607
0.108683
0.10817
0.107311
0.106731
0.105452
0.103688
0.103688
0.102969
0.102279
0.101682
0.100844
0.100261
0.0989063
0.0987882
0.0982665
0.0979545
0.0974623
0.0971473
0.0967691
0.0961906
0.0953413
0.0951413
0.0944065
0.0938838
0.0935335
0.0929839
0.092498
0.0915879
0.0909272
0.0906755
0.09018
0.0894555
0.0891038
0.0885795
0.0881164
0.0875986
0.0867369
0.0865459
0.085986
0.0855563
0.0850162
0.0846209
0.0840703
0.0837569
0.0833075
0.0824102
0.0821482
0.0817168
0.0810787
0.0809207
0.0804124
0.0798866
0.0795536
0.0792272
0.0789252
0.0786182
0.0783319
0.0782237
0.0779006
0.0776068
0.0773082
0.0769816
0.0767694
0.0762052
0.0753862
0.0753251
0.0750717
0.0745724
0.0741854
0.0737864
0.0733124
0.0727974
0.0723389
0.0719244
0.0714269
0.0710629
0.0706556
0.0704329
0.0698621
0.0695446
0.0692235
0.0685605
0.0682266
0.0677678
0.0673891
0.0669976
0.0666506
0.0662307
0.0657781
0.065616
0.0652414
0.0650259
0.0646224
0.0643821
0.0641767
0.0637182
0.0635804
0.0634013
0.063105
0.0627921
0.0626977
0.0620499
0.06202
0.0617416
0.0613469
0.061062
0.0607108
0.0602222
0.0600756
0.0597185
0.0591267
0.0587938
0.0584228
0.0580167
0.0573651
0.0570232
0.056166
0.0560322
0.0555221
0.0551986
0.0548756
0.0544113
0.0540211
0.0537636
0.0534036
0.0531453
0.0527932
0.0525327
0.0522098
0.0519459
0.0516143
0.0514048
0.0511836
0.0508819
0.0507296
0.0505566
0.0503834
0.05017
0.0499357
0.0498215
0.0495955
0.0494276
0.0491737
0.0490068
0.0487216
0.0485718
0.0483517
0.0482124
0.0480526
0.0478535
0.0476611
0.0476174
0.0474547
0.0471758
0.0470264
0.0468184
0.0465615
0.0462594
0.0460717
0.0457446
0.0455211
0.0453355
0.0450672
0.0448636
0.0446505
