1.16567e+07
2.29502e+06
100364
67092.9
67092.9
62592.2
43165.9
43165.9
43165.9
37363.8
3084.56
3084.56
1508.54
1508.54
1118.69
257.147
257.147
257.147
257.147
257.147
257.147
257.147
257.147
257.147
257.147
257.147
235.167
200.636
178.65
178.65
139.406
133.008
133.008
127.43
100.098
79.7088
51.6938
38.7331
23.1043
8.04329
8.04329
8.04329
8.04329
8.04329
7.58621
7.58621
5.17523
4.13992
4.13992
4.13992
4.13992
4.13992
4.13992
3.76415
3.75478
3.59555
3.54349
3.47322
3.47322
3.3794
3.24736
2.9759
2.9759
2.78262
2.71246
2.65748
2.54322
2.35451
2.35297
2.31095
2.23929
2.20749
2.17744
2.14586
2.11158
2.07564
2.02044
2.00388
1.98332
1.93471
1.91654
1.87692
1.83687
1.8192
1.76653
1.74568
1.71561
1.68429
1.6637
1.63816
1.5992
1.55568
1.55568
1.53264
1.49314
1.47382
1.45852
1.43813
1.41161
1.39372
1.37466
1.34818
1.31686
1.31081
1.29658
1.27685
1.25924
1.24016
1.21647
1.20287
1.1844
1.17826
1.1641
1.14716
1.1407
1.1329
1.12287
1.11248
1.10133
1.09685
1.08487
1.07813
1.07184
1.06111
1.05588
1.05065
1.04311
1.03361
1.02373
1.01671
1.00435
0.99306
0.980173
0.972754
0.966128
0.959491
0.949394
0.944064
0.93395
0.930059
0.92003
0.908617
0.895441
0.888503
0.876053
0.875085
0.867498
0.857402
0.84728
0.838483
0.837108
0.830336
0.823053
0.816453
0.808958
0.799701
0.791388
0.786072
0.779095
0.773001
0.764501
0.75675
0.749694
0.741693
0.736147
0.729995
0.721385
0.715212
0.707918
0.699146
0.689276
0.684911
0.679167
0.673265
0.667448
0.665765
0.661192
0.656251
0.652849
0.647979
0.644095
0.640635
0.637445
0.63373
0.629817
0.625793
0.623295
0.619845
0.617761
0.612305
0.608214
0.60654
0.603537
0.598949
0.593314
0.585555
0.580338
0.57681
0.567928
0.563999
0.557972
0.551565
0.547849
0.544278
0.537735
0.535968
0.531741
0.528013
0.52528
0.521926
0.518408
0.515348
0.512128
0.508721
0.506009
0.500583
0.49787
0.492127
0.488273
0.487468
0.484695
0.481527
0.478339
0.474842
0.473133
0.47031
0.466391
0.463435
0.461689
0.458284
0.455487
0.452326
0.44816
0.445695
0.442734
0.438628
0.435027
0.433183
0.428756
0.426783
0.423716
0.422134
0.419598
0.414592
0.412954
0.409714
0.40573
0.402202
0.399838
0.396835
0.392746
0.388188
0.385861
0.383009
0.380728
0.378134
0.376738
0.374378
0.373944
0.371064
0.370261
0.368425
0.366692
0.364792
0.360672
0.360186
0.355943
0.355145
0.352061
0.348747
0.346073
0.344297
0.341878
0.338746
0.336071
0.333687
0.330987
0.32845
0.324442
0.323624
0.320752
0.318414
0.313607
0.310489
0.307273
0.302865
0.297243
0.295377
0.293623
0.291485
0.289126
0.285865
0.284952
0.281051
0.280962
0.279587
0.27687
0.274923
0.273358
0.27007
0.267981
0.265246
0.263519
0.262489
0.260879
0.259296
0.256884
0.255683
0.254364
0.253145
0.251957
0.249855
0.247437
0.246617
0.244228
0.242299
0.240832
0.238819
0.236663
0.234301
0.23357
0.232372
0.230637
0.22882
0.227271
0.225269
0.224348
0.222888
0.221058
0.219889
0.219012
0.217807
0.216483
0.215606
0.215055
0.214038
0.21299
0.211952
0.210846
0.210327
0.20925
0.208446
0.206985
0.205772
0.2048
0.202855
0.202399
0.201336
0.199649
0.198525
0.197035
0.196319
0.194855
0.193239
0.19152
0.190457
0.189404
0.18828
0.187058
0.186071
0.183329
0.18274
0.181632
0.18063
0.179555
0.177977
0.176868
0.17501
0.173667
0.173062
0.171972
0.170801
0.169649
0.168702
0.167923
0.167027
0.166505
0.165724
0.164408
0.164264
0.163432
0.162847
0.162231
0.161261
0.160688
0.159784
0.159161
0.157966
0.157592
0.157023
0.156244
0.155267
0.154518
0.153576
0.15289
0.152113
0.151287
0.149461
0.148241
0.146407
0.145711
0.143967
0.143518
0.142045
0.141542
0.140988
0.140158
0.139319
0.13845
0.137159
0.136067
0.135423
0.1341
0.133854
0.133033
0.132529
0.131364
0.130691
0.129977
0.129271
0.128378
0.127514
0.127002
0.125966
0.125405
0.124772
0.122831
0.122541
0.121162
0.120757
0.120575
0.119596
0.118986
0.118179
0.117448
0.117185
0.116115
0.115649
0.115063
0.114551
0.114095
0.113283
0.112899
0.112122
0.111743
0.111143
0.11048
0.109915
0.109159
0.108892
0.108444
0.108114
0.107544
0.106741
0.106262
0.105834
0.105318
0.10515
0.104706
0.104146
0.103651
0.103294
0.102916
0.102511
0.102345
0.102039
0.101585
0.101376
0.101033
0.100701
0.100335
0.100166
0.0998624
0.0995661
0.0990674
0.0987513
0.098143
0.0978729
0.0970526
0.0967031
0.0962892
0.0959548
0.0955068
0.0952104
0.0945676
0.094267
0.094253
0.0938713
0.0934422
0.0929765
0.0925934
0.0923947
0.0921112
0.0912377
0.0910457
0.0904501
0.0898449
0.0893123
0.0890242
0.08853
0.0881508
0.0875716
0.0872148
0.0867879
0.0862034
0.085815
0.0855077
0.0851538
0.0846946
0.0843359
0.0840504
0.0836693
0.083187
0.0825249
0.0821843
0.0816856
0.0813061
0.0808698
0.0803389
0.07992
0.0793578
0.0789021
0.0782342
0.077837
0.0768239
0.0768239
0.0768239
0.0762368
0.075672
0.0754661
0.074843
0.0743762
0.0739521
0.0736725
0.0730402
0.0728607
0.0722336
0.0721553
0.0712751
0.071085
0.0709209
0.070621
0.0701497
0.0697834
0.0694477
0.0687459
0.0687459
0.0683081
0.067947
0.0674775
0.0671844
0.0668164
0.0663466
0.0660416
0.065776
0.0654236
0.0652249
0.0649972
0.0648038
0.0646202
0.0643338
0.0640225
0.06374
0.0635261
0.0632919
0.0630223
0.0627365
0.062498
0.0623846
0.0620792
0.0617033
0.061621
0.0612499
0.060914
0.0606176
0.0603286
0.0600517
0.0596258
0.059522
0.059225
0.0589667
0.0586223
0.0581901
0.0578953
0.0575637
0.0571012
0.0567692
0.0563749
0.056054
0.0558521
0.0556186
0.0553094
0.0551874
0.0548647
0.0546449
0.0543236
0.0542307
0.0538598
0.0537047
0.0533508
0.0531281
0.052787
0.0526357
0.0523501
0.0520507
0.0517742
0.0515764
0.0511493
0.0509669
0.0507093
0.0502831
0.0500171
0.0497811
0.0496456
0.0491792
0.0490014
0.0486207
0.0484292
0.0481867
0.0479503
0.0477514
0.04742
0.0473033
0.0467122
0.0463687
0.0461919
0.0459735
0.04573
0.0454755
0.0449519
0.0447136
0.0444019
0.04396
0.0436183
0.0431585
0.0428574
0.0427239
0.042499
0.0422068
0.0421341
0.0419774
0.0418272
0.0416165
0.0414227
0.0413235
0.0412057
0.0410502
0.0408525
0.040614
0.0405475
0.0404042
0.04022
0.0400807
0.0399816
0.0397872
0.0396795
0.0395373
0.0394083
0.039188
0.0390841
0.0389052
0.0387287
0.0385872
0.0384172
0.0382519
0.0381021
0.0379508
0.0377768
0.0376049
0.0374653
0.0372976
0.0371867
0.0370262
0.036877
0.036552
0.0362676
0.0362496
0.0359671
0.0358212
0.035682
0.0355426
0.0353009
0.0351133
0.0349678
0.0347965
0.0346474
0.0344704
0.0342823
0.0341312
0.0340032
0.0338507
0.0336856
0.0335444
0.0334332
0.0333161
0.0331822
0.0330787
0.0330136
0.0328373
0.0327234
0.0325922
0.0324833
0.0323006
0.0322169
0.032001
0.0319305
0.0317912
0.0317311
0.0316427
0.0316035
0.0314663
0.0313216
0.0311975
0.031111
0.030821
0.030821
0.030745
0.0305639
0.0305123
0.0303615
0.0302949
0.0302075
0.0300503
0.0299432
0.0298121
0.0296473
0.0296012
0.0294666
0.0293227
0.0292689
0.0291942
0.0291204
0.0290335
0.0289161
0.0288705
0.0287549
0.0285887
0.0284299
0.0283802
0.0282474
0.0281507
0.0279943
0.0279109
0.0277278
0.0276503
0.0274408
0.0273237
0.0272756
0.0270847
0.0270202
0.0268379
0.0267312
0.0266205
0.0264764
0.0262711
0.0260773
0.0259792
0.0258385
0.0257207
0.0255875
0.0254853
0.0254332
0.0252881
0.0252214
0.0251607
0.025071
0.0250238
0.0248851
0.0248743
0.0247805
0.0246706
0.0246022
0.0245513
0.0244403
0.0243699
0.0242567
0.0242057
0.0240797
0.0239763
0.0238246
0.0236475
0.0235173
0.0233743
0.0232285
0.0231112
0.0230363
0.0229324
0.0228245
0.0226344
0.0226166
0.0224623
0.0223778
0.0222354
0.0220242
0.0219941
0.0218663
0.0217431
0.021683
0.0215294
0.0214621
0.0213501
0.0211577
0.0211055
0.0209286
0.0208253
0.0207404
0.020611
0.0205451
0.0204206
0.0203589
0.0202937
0.0201885
0.0201045
0.0199279
0.0198784
0.0197632
0.0196717
0.0195289
0.0194052
0.0193264
0.0192449
0.0191757
0.0189778
0.0188773
0.0186308
0.0184493
0.0183268
0.0182441
0.0179746
0.0178594
0.0178111
0.0176257
0.017498
0.0174522
0.0173695
0.0172678
0.0171493
0.0171219
0.0170163
0.0169408
0.0168489
0.0167476
0.0167006
0.0166366
0.0165584
0.0164308
0.0163232
0.0162596
0.0161685
0.0161159
0.0160328
0.015952
0.0159152
0.0158245
0.0157818
0.0157286
0.0157286
0.0157286
0.0157286
0.0157286
0.0157286
0.0157286
0.0157286
0.0157286
0.0157286
0.0157286
0.0157286
0.0157286
0.0157286
0.0157286
0.0157286
0.0157286
0.0157286
0.0157286
0.0157286
0.0157286
0.0157286
0.0157286
0.0157286
0.0157286
0.0157286
0.0157286
0.0157286
0.0157286
0.0157286
0.0157286
0.0157286
0.0157286
0.0157286
0.0157286
0.0157286
0.0157286
0.0157286
0.0157286
0.0157286
0.0157286
0.0157286
0.0157286
0.0157286
0.0157286
0.0157286
0.0157286
0.0157286
0.0157286
0.0157286
0.0157286
0.0157286
0.0157286
0.0157286
0.0157286
0.0157286
0.0157286
0.0157286
0.0157286
0.0157286
0.0157286
0.0157286
0.0157286
0.0157286
0.0157286
0.0157286
0.0157286
0.0157286
0.0157286
0.0157286
0.0157286
0.0157286
0.0157286
0.0157286
0.0157286
0.0157286
0.0157286
0.0157286
0.0157286
0.0157286
0.0157286
0.0157286
0.0157286
0.0157286
0.0157286
0.0157286
0.0157286
0.0157286
0.0157286
0.0157286
0.0157286
0.0157286
0.0157286
0.0157286
0.0157286
0.0157286
0.0157286
0.0157286
0.0157286
0.0157286
0.0157286
0.0157286
0.0157286
0.0157286
0.0157286
0.0157286
0.0157286
0.0157286
0.0157286
0.0157286
0.0157286
0.0157286
0.0157286
0.0157286
0.0157286
0.0157286
0.0157286
0.0157286
0.0157286
0.0157286
0.0157286
0.0157286
0.0157286
0.0157286
0.0157286
0.0157286
0.0157286
0.0157286
0.0157286
0.0157286
0.0157286
0.0157286
0.0157286
0.0157286
0.0157286
0.0157286
0.0157286
0.0157286
0.0157286
0.0157286
0.0157286
0.0157286
0.0157286
0.0157286
0.0157286
0.0157286
0.0157286
0.0157286
0.0157286
0.0157286
0.0157286
0.0157286
0.0157286
0.0157286
0.0157286
0.0157286
0.0157286
0.0157286
0.0157286
0.0157286
0.0157286
0.0157286
0.0157286
0.0157286
0.0157286
0.0157286
0.0157286
0.0157286
0.0157286
0.0157286
0.0157286
0.0157286
0.0157286
0.0157286
0.0157286
0.0157286
0.0157286
0.0157286
0.0157286
0.0157286
0.0157286
0.0157286
0.0157286
0.0157286
0.0157286
0.0157286
0.0157286
0.0157286
0.0157286
0.0157286
0.0157286
0.0157286
0.0157286
0.0157286
0.0157286
0.0157286
0.0157286
0.0157286
0.0157286
0.0157286
0.0157286
0.0157286
0.0157286
0.0157286
0.0157286
0.0157286
0.0157286
0.0157286
0.0157286
0.0157286
0.0157286
0.0157286
0.0157286
0.0157286
0.0157286
0.0157286
0.0157286
0.0157286
0.0157286
0.0157286
0.0157286
0.0157286
0.0157286
0.0157286
0.0157286
0.0157286
0.0157286
0.0157286
0.0157286
0.0157286
0.0157286
0.0157286
0.0157286
0.0157286
0.0157286
0.0157286
0.0157286
0.0157286
0.0157286
0.0157286
0.0157286
0.0157286
0.0157286
0.0157286
0.0157286
0.0157286
0.0157286
0.0157286
0.0157286
0.0157286
0.0157286
0.0157286
0.0157286
0.0157286
0.0157286
0.0157286
0.0157286
0.0157286
0.0157286
0.0157286
0.0157286
0.0157286
0.0157286
0.0157286
0.0157286
0.0157286
0.0157286
0.0157286
0.0157286
0.0157286
0.0157286
0.0157286
0.0157286
0.0157286
0.0157286
0.0157286
0.0157286
0.0157286
0.0157286
0.0157286
0.0157286
0.0157286
0.0157286
0.0157286
0.0157286
0.0157286
0.0157286
0.0157286
0.0157286
0.0157286
0.0157286
0.0157286
0.0157286
0.0157286
0.0157286
0.0157286
0.0157286
0.0157286
0.0157286
0.0157286
0.0157286
0.0157286
0.0157286
0.0157286
0.0157286
0.0157286
0.0157286
0.0157286
0.0157286
0.0157286
0.0157286
0.0157286
0.0157286
0.0157286
0.0157286
0.0157286
0.0157286
0.0157286
0.0157286
0.0157286
0.0157286
0.0157286
0.0157286
0.0157286
0.0157286
0.0157286
0.0157286
0.0157286
0.0157286
0.0157286
0.0157286
0.0157286
0.0157286
0.0157286
0.0157286
0.0157286
0.0157286
0.0157286
0.0157286
0.0157286
0.0157286
0.0157286
0.0157286
0.0157286
0.0157286
0.0157286
0.0157286
0.0157286
0.0157286
0.0157286
0.0157286
0.0157286
0.0157286
0.0157286
0.0157286
0.0157286
0.0157286
0.0157286
0.0157286
0.0157286
0.0157286
0.0157286
0.0157286
0.0157286
0.0157286
0.0157286
0.0157286
0.0157286
0.0157286
0.0157286
0.0157286
0.0157286
0.0157286
0.0157286
0.0157286
0.0157286
0.0157286
0.0157286
0.0157286
0.0157286
0.0157286
0.0157286
0.0157286
0.0157286
0.0157286
0.0157286
0.0157286
0.0157286
0.0157286
0.0157286
0.0157286
0.0157286
0.0157286
0.0157286
0.0157286
0.0157286
0.0157286
0.0157286
0.0157286
0.0157286
0.0157286
0.0157286
0.0157286
0.0157286
0.0157286
0.0157286
0.0157286
0.0157286
0.0157286
0.0157286
0.0157286
0.0157286
0.0157286
0.0157286
0.0157286
0.0157286
0.0157286
0.0157286
0.0157286
0.0157286
0.0157286
0.0157286
0.0157286
0.0157286
0.0157286
0.0157286
0.0157286
0.0157286
0.0157286
0.0157286
0.0157286
0.0157286
0.0157286
0.0157286
0.0157286
0.0157286
0.0157286
0.0157286
0.0157286
0.0157286
0.0157286
0.0157286
0.0157286
0.0157286
0.0157286
0.0157286
0.0157286
0.0157286
0.0157286
0.0157286
0.0157286
0.0157286
0.0157286
0.0157286
0.0157286
0.0157286
0.0157286
0.0157286
0.0157286
0.0157286
0.0157286
0.0157286
0.0157286
0.0157286
0.0157286
0.0157286
0.0157286
0.0157286
0.0157286
0.0157286
0.0157286
0.0157286
0.0157286
0.0157286
0.0157286
0.0157286
0.0157286
0.0157286
0.0157286
0.0157286
0.0157286
0.0157286
0.0157286
0.0157286
0.0157286
0.0157286
0.0157286
0.0157286
0.0157286
0.0157286
0.0157286
0.0157286
0.0157286
0.0157286
0.0157286
0.0157286
0.0157286
0.0157286
0.0157286
0.0157286
0.0157286
0.0157286
0.0157286
0.0157286
0.0157286
0.0157286
0.0157286
0.0157286
0.0157286
0.0157286
0.0157286
0.0157286
0.0157286
0.0157286
0.0157286
0.0157286
0.0157286
0.0157286
0.0157286
0.0157286
0.0157286
0.0157286
0.0157286
0.0157286
0.0157286
0.0157286
0.0157286
0.0157286
0.0157286
0.0157286
0.0157286
0.0157286
0.0157286
0.0157286
0.0157286
0.0157286
0.0157286
0.0157286
0.0157286
0.0157286
