7.1287e+07
1.01992e+07
691973
176894
79538.4
79538.4
53189.3
53189.3
53189.3
5797.7
5797.7
5797.7
1109.94
1002.79
1002.79
656.895
75.0903
75.0903
75.0903
75.0903
75.0903
75.0903
75.0903
75.0903
75.0903
75.0903
75.0903
75.0903
75.0903
75.0903
75.0903
17.7209
17.7209
11.1176
11.1176
11.1176
4.90731
4.90731
4.90731
4.90731
4.90731
4.90731
4.66808
4.66808
4.66808
4.66808
4.66808
4.66808
4.29035
3.99799
3.99799
3.84336
3.84336
3.68876
3.52433
3.52433
3.52433
3.328
3.22454
3.19257
3.1729
3.12644
3.05021
3.01003
2.9843
2.92999
2.89021
2.85673
2.81825
2.7474
2.72673
2.70498
2.65219
2.5934
2.5934
2.4871
2.4871
2.44959
2.42237
2.39132
2.34881
2.3097
2.24243
2.24003
2.19737
2.1478
2.104
2.07331
2.04184
2.01595
1.99082
1.96144
1.93543
1.92049
1.89588
1.86886
1.85979
1.83231
1.81857
1.79771
1.78339
1.76946
1.75247
1.74101
1.71899
1.70724
1.70221
1.68713
1.66581
1.66247
1.64321
1.62855
1.59218
1.59103
1.575
1.562
1.55688
1.53377
1.52716
1.50316
1.49685
1.46561
1.45851
1.45007
1.43782
1.40771
1.40332
1.38423
1.36514
1.34298
1.32317
1.30916
1.29441
1.27718
1.26661
1.24594
1.23177
1.21624
1.19815
1.18294
1.15233
1.13843
1.1159
1.10318
1.08195
1.07004
1.0484
1.03751
1.012
1.00079
0.989464
0.971678
0.952489
0.937352
0.927164
0.914444
0.895442
0.887528
0.872304
0.859187
0.835636
0.829576
0.820549
0.805479
0.798866
0.782973
0.77548
0.768112
0.759066
0.741809
0.734035
0.729722
0.72279
0.712104
0.706306
0.694439
0.69075
0.680677
0.674858
0.668606
0.662476
0.657419
0.649375
0.641954
0.637563
0.628811
0.621212
0.614927
0.606654
0.600777
0.59147
0.586301
0.580972
0.57485
0.56549
0.562636
0.559255
0.553478
0.550531
0.545194
0.542195
0.537171
0.53415
0.527721
0.524474
0.51891
0.515922
0.509696
0.505459
0.501548
0.497553
0.493341
0.487744
0.484742
0.480784
0.478375
0.473821
0.470979
0.468644
0.465193
0.462346
0.459343
0.457722
0.452265
0.451354
0.444529
0.444529
0.439916
0.439459
0.436503
0.434473
0.431343
0.42921
0.426792
0.42468
0.422012
0.418706
0.416618
0.41302
0.410819
0.408502
0.403034
0.400735
0.398543
0.395514
0.392875
0.387463
0.386888
0.384332
0.381304
0.379939
0.376755
0.373345
0.371065
0.369919
0.367602
0.365078
0.362631
0.35836
0.35778
0.354829
0.352033
0.349609
0.348334
0.346515
0.344744
0.342715
0.341455
0.34001
0.33881
0.337457
0.33561
0.333774
0.332657
0.331185
0.330147
0.328496
0.327649
0.325699
0.324066
0.323033
0.321599
0.319588
0.31808
0.31685
0.315508
0.314392
0.312735
0.311029
0.310041
0.3087
0.306732
0.305863
0.304394
0.303054
0.301923
0.300275
0.299135
0.297255
0.295922
0.294007
0.292971
0.291509
0.288419
0.288171
0.286197
0.283885
0.282733
0.280135
0.279454
0.277085
0.276013
0.273595
0.272199
0.271754
0.268786
0.268011
0.266715
0.264112
0.262286
0.25962
0.257774
0.254899
0.251981
0.250271
0.249322
0.247424
0.243438
0.242755
0.240856
0.238428
0.236814
0.236052
0.23409
0.233025
0.231213
0.228253
0.226576
0.225786
0.224274
0.222707
0.221402
0.220529
0.218823
0.217414
0.21591
0.214401
0.212964
0.211733
0.210438
0.208739
0.207131
0.206736
0.205544
0.20475
0.20325
0.202002
0.200774
0.198755
0.197754
0.196519
0.19502
0.194242
0.192705
0.190393
0.190301
0.188786
0.188235
0.187253
0.186309
0.184045
0.183812
0.182714
0.18078
0.180274
0.179834
0.178241
0.177342
0.175969
0.174876
0.173722
0.172467
0.171733
0.170876
0.169314
0.168671
0.167206
0.166657
0.165487
0.164727
0.164135
0.163411
0.162632
0.162158
0.160955
0.160588
0.159849
0.159485
0.158076
0.157658
0.157254
0.156768
0.156072
0.155462
0.15491
0.154624
0.154379
0.153828
0.153112
0.152859
0.152353
0.151793
0.151341
0.150523
0.149514
0.148721
0.14795
0.146753
0.146281
0.145584
0.144552
0.143791
0.142387
0.141692
0.140031
0.139727
0.138861
0.137988
0.137555
0.136639
0.135981
0.134923
0.134281
0.133593
0.132525
0.131237
0.130444
0.128704
0.127872
0.126159
0.1259
0.125511
0.124659
0.123793
0.123202
0.122694
0.122134
0.121676
0.121299
0.120945
0.120489
0.120283
0.119946
0.119449
0.11919
0.118781
0.118397
0.118112
0.117806
0.117488
0.117156
0.116701
0.116373
0.115776
0.115176
0.114473
0.114083
0.113565
0.113208
0.112284
0.111787
0.111543
0.110528
0.11012
0.109719
0.109381
0.108523
0.108103
0.1076
0.106868
0.106462
0.105806
0.105174
0.104737
0.104182
0.103436
0.103046
0.101852
0.100816
0.100247
0.0996008
0.0992746
0.0986003
0.0980671
0.0975821
0.0971026
0.0965105
0.0957304
0.0950255
0.0943951
0.0936973
0.0928582
0.092518
0.0918505
0.0913802
0.090575
0.0901108
0.0894289
0.0884796
0.0881908
0.0879279
0.0875696
0.0869761
0.0866113
0.085792
0.0855973
0.0847353
0.0843236
0.0836217
0.0830024
0.0826987
0.0822852
0.0818588
0.0815553
0.081171
0.0808475
0.0805744
0.0803326
0.0801006
0.0797184
0.0792788
0.0791052
0.0786934
0.078288
0.0780083
0.0777049
0.0772243
0.0771376
0.0768979
0.0764873
0.0760828
0.0757619
0.0755106
0.0751287
0.074802
0.0745416
0.0740495
0.0734906
0.0733585
0.0730012
0.0725129
0.072143
0.0718653
0.0716673
0.071234
0.0711014
0.0706673
0.0704516
0.070052
0.0696328
0.0694438
0.0692508
0.0690203
0.0688631
0.0684945
0.0683683
0.0679213
0.0677066
0.0673438
0.0668509
0.0664853
0.0660895
0.0659318
0.065438
0.0648642
0.0645863
0.0643572
0.0641563
0.0637323
0.0633337
0.0631167
0.0629134
0.0624609
0.0623058
0.0620066
0.0617584
0.0612764
0.0611733
0.0608202
0.0606027
0.0604059
0.0602875
0.0600443
0.0599245
0.0596561
0.0594263
0.0591521
0.0587413
0.0585271
0.0584326
0.0582064
0.0579335
0.057596
0.0572251
0.0570938
0.0564545
0.0562828
0.056099
0.0557648
0.0553949
0.0553689
0.055141
0.0548659
0.0542815
0.0540769
0.0537978
0.0531493
0.0531014
0.0527003
0.0522873
0.0518297
0.0515412
0.0512874
0.0511116
0.0505529
0.0504406
0.0499246
0.0495747
0.0494467
0.0491403
0.0487141
0.0486287
0.0482225
0.0478136
0.0476824
0.0473372
0.046946
0.0467401
0.0463687
0.0460874
0.0457498
0.0454563
0.045263
0.0450633
0.0447458
0.0444399
0.0442738
0.0441516
0.0438849
0.0437275
0.0435398
0.0433895
0.0430616
0.0429265
0.0427999
0.0424343
0.0423213
0.0421305
0.0419593
0.0417522
0.041542
0.0413314
0.0411547
0.041024
0.0408387
0.0406992
0.0405291
0.0404133
0.0402802
0.0401484
0.0399579
0.0397942
0.03958
0.0394022
0.0391852
0.0390858
0.0388256
0.0387307
0.0385091
0.0380039
0.0378321
0.0376946
0.0373342
0.0371687
0.0368687
0.0365318
0.0364284
0.036027
0.0358866
0.0357425
0.0355468
0.0353031
0.0349501
0.0347153
0.0346226
0.0344967
0.0343832
0.0342327
0.0341032
0.0339971
0.0337917
0.0336764
0.0335379
0.0333305
0.0332804
0.0331472
0.0329747
0.0329121
0.0328292
0.0327134
0.0325548
0.0324555
0.0323643
0.0322395
0.0321485
0.032062
0.0319972
0.03188
0.0317798
0.0316731
0.0315953
0.0314669
0.031326
0.0312626
0.0312223
0.031018
0.0310104
0.0309739
0.0307828
0.0307249
0.0305798
0.0304115
0.0303623
0.0301705
0.030055
0.0299575
0.029882
0.0297531
0.0296991
0.0294786
0.0294786
0.0293456
0.0291985
0.0289431
0.0287767
0.0285906
0.0282939
0.0280955
0.0278572
0.0277565
0.0276374
0.0274439
0.0272914
0.0271599
0.0270343
0.0269769
0.0268589
0.0266643
0.0265764
0.0263828
0.0263117
0.0262519
0.0261497
0.0260249
0.0259466
0.0258277
0.0257564
0.0256485
0.0255883
0.0254777
0.0253929
0.0252827
0.0251014
0.0250526
0.0250012
0.024852
0.0247345
0.0246184
0.0245882
0.0243781
0.0243059
0.0241955
0.0240747
0.0239171
0.0238461
0.0237208
0.0236263
0.0235083
0.0233844
0.023307
0.0232082
0.0230686
0.0229425
0.0228451
0.0226349
0.0225226
0.0224491
0.0223702
0.0222205
0.0222056
0.022113
0.0220485
0.021931
0.0218338
0.0217558
0.0216768
0.0216287
0.0215669
0.021453
0.0213118
0.0213118
0.0211588
0.02115
0.0210902
0.0210121
0.0209417
0.020867
0.020797
0.0207391
0.0206501
0.0205948
0.0205665
0.0204184
0.0203276
0.0201827
0.0201755
0.0200914
0.0199616
0.0198303
0.0196798
0.0195909
0.0194892
0.0193314
0.0192097
0.0191129
0.0190234
0.0188718
0.0188001
0.018677
0.0185862
0.0184478
0.018381
0.0181941
0.0181083
0.0180082
0.0178918
0.0177914
0.0176774
0.0176154
0.017515
0.0173742
0.0173375
0.0172437
0.0171188
0.0170655
0.0169423
0.0168896
0.0168129
0.0167614
0.0165973
0.016512
0.016512
0.0164153
0.0163911
0.0163417
0.0162603
0.0161248
0.0161121
0.0160357
0.0159856
0.0158965
0.0158269
0.0157554
0.0156859
0.0155967
0.01556
0.0154711
0.0153623
0.0152837
0.0152451
0.0151473
0.0150641
0.014999
0.0149601
0.0148911
0.0148276
0.0147552
0.0147098
0.0146042
0.0145268
0.0144826
0.0144324
0.0143427
0.014217
0.014217
0.0141595
0.0140712
0.0139535
0.013922
0.0138662
0.0138105
0.0137834
0.0137206
0.0136706
0.0136374
0.0135747
0.0135245
0.0134437
0.0134107
0.013315
0.0132578
0.0131781
0.0130962
0.0130658
0.012945
0.0128939
0.0128506
0.0127586
0.0127304
0.0126343
0.0125695
0.0124657
0.0123888
0.0123429
0.0122362
0.0121625
0.0121313
0.0120452
0.0119812
0.0119365
0.0118871
0.0118166
0.011775
0.0116938
0.0116728
0.0116016
0.0115536
0.0114728
0.0114446
0.0114028
0.0113775
0.0113251
0.0112861
0.0112405
0.0112
0.0111686
0.0111191
0.0111191
0.0111191
0.0111191
0.0111191
0.0111191
0.0111191
0.0111191
0.0111191
0.0111191
0.0111191
0.0111191
0.0111191
0.0111191
0.0111191
0.0111191
0.0111191
0.0111191
0.0111191
0.0111191
0.0111191
0.0111191
0.0111191
0.0111191
0.0111191
0.0111191
0.0111191
0.0111191
0.0111191
0.0111191
0.0111191
0.0111191
0.0111191
0.0111191
0.0111191
0.0111191
0.0111191
0.0111191
0.0111191
0.0111191
0.0111191
0.0111191
0.0111191
0.0111191
0.0111191
0.0111191
0.0111191
0.0111191
0.0111191
0.0111191
0.0111191
0.0111191
0.0111191
0.0111191
0.0111191
0.0111191
0.0111191
0.0111191
0.0111191
0.0111191
0.0111191
0.0111191
0.0111191
0.0111191
0.0111191
0.0111191
0.0111191
0.0111191
0.0111191
0.0111191
0.0111191
0.0111191
0.0111191
0.0111191
0.0111191
0.0111191
0.0111191
0.0111191
0.0111191
0.0111191
0.0111191
0.0111191
0.0111191
0.0111191
0.0111191
0.0111191
0.0111191
0.0111191
0.0111191
0.0111191
0.0111191
0.0111191
0.0111191
0.0111191
0.0111191
0.0111191
0.0111191
0.0111191
0.0111191
0.0111191
0.0111191
0.0111191
0.0111191
0.0111191
0.0111191
0.0111191
0.0111191
0.0111191
0.0111191
0.0111191
0.0111191
0.0111191
0.0111191
0.0111191
0.0111191
0.0111191
0.0111191
0.0111191
0.0111191
0.0111191
0.0111191
0.0111191
0.0111191
0.0111191
0.0111191
0.0111191
0.0111191
0.0111191
0.0111191
0.0111191
0.0111191
0.0111191
0.0111191
0.0111191
0.0111191
0.0111191
0.0111191
0.0111191
0.0111191
0.0111191
0.0111191
0.0111191
0.0111191
0.0111191
0.0111191
0.0111191
0.0111191
0.0111191
0.0111191
0.0111191
0.0111191
0.0111191
0.0111191
0.0111191
0.0111191
0.0111191
0.0111191
0.0111191
0.0111191
0.0111191
0.0111191
0.0111191
0.0111191
0.0111191
0.0111191
0.0111191
0.0111191
0.0111191
0.0111191
0.0111191
0.0111191
0.0111191
0.0111191
0.0111191
0.0111191
0.0111191
0.0111191
0.0111191
0.0111191
0.0111191
0.0111191
0.0111191
0.0111191
0.0111191
0.0111191
0.0111191
0.0111191
0.0111191
0.0111191
0.0111191
0.0111191
0.0111191
0.0111191
0.0111191
0.0111191
0.0111191
0.0111191
0.0111191
0.0111191
0.0111191
0.0111191
0.0111191
0.0111191
0.0111191
0.0111191
0.0111191
0.0111191
0.0111191
0.0111191
0.0111191
0.0111191
0.0111191
0.0111191
0.0111191
0.0111191
0.0111191
0.0111191
0.0111191
0.0111191
0.0111191
0.0111191
0.0111191
0.0111191
0.0111191
0.0111191
0.0111191
0.0111191
0.0111191
0.0111191
0.0111191
0.0111191
0.0111191
0.0111191
0.0111191
0.0111191
0.0111191
0.0111191
0.0111191
0.0111191
0.0111191
0.0111191
0.0111191
0.0111191
0.0111191
0.0111191
0.0111191
0.0111191
0.0111191
0.0111191
0.0111191
0.0111191
0.0111191
0.0111191
0.0111191
0.0111191
0.0111191
0.0111191
0.0111191
0.0111191
0.0111191
0.0111191
0.0111191
0.0111191
0.0111191
0.0111191
0.0111191
0.0111191
0.0111191
0.0111191
0.0111191
0.0111191
0.0111191
0.0111191
0.0111191
0.0111191
0.0111191
0.0111191
0.0111191
0.0111191
0.0111191
0.0111191
0.0111191
0.0111191
0.0111191
0.0111191
0.0111191
0.0111191
0.0111191
0.0111191
0.0111191
0.0111191
0.0111191
0.0111191
0.0111191
0.0111191
0.0111191
0.0111191
0.0111191
0.0111191
0.0111191
0.0111191
0.0111191
0.0111191
0.0111191
0.0111191
0.0111191
0.0111191
0.0111191
0.0111191
0.0111191
0.0111191
0.0111191
0.0111191
0.0111191
0.0111191
0.0111191
0.0111191
0.0111191
0.0111191
0.0111191
0.0111191
0.0111191
0.0111191
0.0111191
0.0111191
0.0111191
0.0111191
0.0111191
0.0111191
0.0111191
0.0111191
0.0111191
0.0111191
0.0111191
0.0111191
0.0111191
0.0111191
0.0111191
0.0111191
0.0111191
0.0111191
0.0111191
0.0111191
0.0111191
0.0111191
0.0111191
0.0111191
0.0111191
0.0111191
0.0111191
0.0111191
0.0111191
0.0111191
0.0111191
0.0111191
0.0111191
0.0111191
0.0111191
0.0111191
0.0111191
0.0111191
0.0111191
0.0111191
0.0111191
0.0111191
0.0111191
0.0111191
0.0111191
0.0111191
0.0111191
0.0111191
0.0111191
0.0111191
0.0111191
0.0111191
0.0111191
0.0111191
0.0111191
0.0111191
0.0111191
0.0111191
0.0111191
0.0111191
0.0111191
0.0111191
0.0111191
0.0111191
0.0111191
0.0111191
0.0111191
0.0111191
0.0111191
0.0111191
0.0111191
0.0111191
0.0111191
0.0111191
0.0111191
0.0111191
0.0111191
0.0111191
0.0111191
0.0111191
0.0111191
0.0111191
0.0111191
0.0111191
0.0111191
0.0111191
0.0111191
0.0111191
0.0111191
0.0111191
0.0111191
0.0111191
0.0111191
0.0111191
0.0111191
0.0111191
0.0111191
0.0111191
0.0111191
0.0111191
0.0111191
0.0111191
0.0111191
0.0111191
0.0111191
0.0111191
0.0111191
0.0111191
0.0111191
0.0111191
0.0111191
0.0111191
0.0111191
0.0111191
0.0111191
0.0111191
0.0111191
0.0111191
0.0111191
0.0111191
0.0111191
0.0111191
0.0111191
0.0111191
0.0111191
0.0111191
0.0111191
0.0111191
0.0111191
0.0111191
0.0111191
0.0111191
0.0111191
0.0111191
0.0111191
0.0111191
0.0111191
0.0111191
0.0111191
0.0111191
0.0111191
0.0111191
0.0111191
0.0111191
0.0111191
0.0111191
0.0111191
0.0111191
0.0111191
0.0111191
0.0111191
0.0111191
0.0111191
0.0111191
0.0111191
0.0111191
