2.44201e+07
5.58736e+06
1.23205e+06
5232.65
5232.65
5232.65
5232.65
2126.41
2126.41
2126.41
2126.41
2126.41
2126.41
1161.64
603.04
603.04
150.443
150.443
98.669
38.0316
38.0316
36.1182
19.4105
15.9212
15.9212
15.9212
9.04184
9.04184
7.94887
4.9982
4.60551
4.35924
4.0923
3.47408
3.47408
3.47408
3.47408
3.47408
3.24549
3.14651
3.14651
3.10329
3.10329
2.99239
2.99239
2.99239
2.96606
2.88986
2.82397
2.54571
2.47444
2.45256
2.36446
2.28173
2.23912
2.1888
2.09149
2.03413
1.98122
1.94076
1.89622
1.8718
1.79322
1.77961
1.697
1.66011
1.60627
1.5627
1.51791
1.47498
1.44374
1.43084
1.40378
1.38135
1.35508
1.33214
1.31168
1.30314
1.27644
1.25496
1.24138
1.21129
1.2106
1.1885
1.18049
1.15907
1.15355
1.12715
1.09656
1.09656
1.09068
1.05465
1.05365
1.02712
1.01652
0.994115
0.978575
0.966829
0.958557
0.943382
0.930932
0.916457
0.905352
0.894329
0.874394
0.8657
0.85685
0.845762
0.8327
0.826563
0.811677
0.801455
0.790863
0.780742
0.770549
0.75675
0.753646
0.735603
0.728907
0.721942
0.715264
0.707194
0.699343
0.689394
0.684304
0.675994
0.670047
0.659067
0.654768
0.643771
0.635449
0.627826
0.620206
0.610155
0.603506
0.598386
0.591726
0.587248
0.578746
0.574588
0.571566
0.564478
0.55939
0.550015
0.543932
0.541344
0.534653
0.527882
0.524936
0.520517
0.51567
0.512769
0.505349
0.501956
0.497707
0.492537
0.489333
0.484639
0.479063
0.475935
0.473633
0.470836
0.464483
0.461701
0.457217
0.450993
0.445879
0.442939
0.436415
0.432551
0.428874
0.426204
0.420655
0.417391
0.41423
0.410553
0.407715
0.405206
0.402511
0.400141
0.397698
0.394721
0.392751
0.390269
0.388537
0.385205
0.381646
0.37921
0.376172
0.373415
0.370568
0.368363
0.365528
0.362513
0.360566
0.356151
0.354037
0.352205
0.349866
0.346207
0.344384
0.340929
0.339048
0.336633
0.334741
0.33215
0.330635
0.327253
0.323476
0.322064
0.319746
0.317061
0.315606
0.31445
0.311987
0.309985
0.307307
0.305493
0.302856
0.301175
0.299392
0.296914
0.294385
0.293348
0.290927
0.288538
0.286295
0.284576
0.28202
0.279603
0.278236
0.277005
0.27447
0.273293
0.271975
0.270903
0.267183
0.265051
0.264756
0.262207
0.257341
0.255237
0.253034
0.251721
0.248663
0.246716
0.243602
0.240545
0.237352
0.236746
0.234288
0.232653
0.231393
0.228931
0.227615
0.225346
0.222607
0.221668
0.219382
0.217267
0.214738
0.213071
0.210978
0.208264
0.205837
0.204725
0.202663
0.201059
0.199393
0.197831
0.196012
0.193925
0.19344
0.191053
0.189952
0.189354
0.18797
0.186886
0.185406
0.183966
0.182807
0.182168
0.181255
0.180283
0.179348
0.177826
0.177779
0.176803
0.175437
0.174782
0.173895
0.173336
0.172484
0.171933
0.171309
0.170421
0.169719
0.169097
0.167883
0.166963
0.166129
0.165445
0.163965
0.163442
0.162849
0.161816
0.161533
0.16093
0.160328
0.160045
0.159542
0.159131
0.158753
0.15813
0.157683
0.157042
0.156781
0.156307
0.15599
0.155642
0.15515
0.154648
0.153584
0.153123
0.152519
0.151853
0.151002
0.150267
0.149785
0.149128
0.14781
0.146971
0.14617
0.145655
0.144823
0.143959
0.143021
0.142346
0.141451
0.139937
0.138682
0.138225
0.137377
0.136221
0.135623
0.134296
0.133187
0.131946
0.13102
0.129464
0.12905
0.127785
0.127045
0.126141
0.125047
0.124277
0.123331
0.122841
0.122356
0.121775
0.120864
0.120709
0.120142
0.119619
0.118677
0.118597
0.118192
0.117778
0.117457
0.11714
0.116826
0.116447
0.116041
0.115446
0.115335
0.114598
0.114464
0.114277
0.113906
0.113585
0.1132
0.112668
0.112184
0.111729
0.111332
0.110782
0.110474
0.110052
0.109122
0.10884
0.1082
0.107466
0.107155
0.1066
0.105784
0.105061
0.104588
0.103654
0.102673
0.102283
0.101128
0.100541
0.0995566
0.099372
0.0985077
0.0976781
0.0973248
0.0967269
0.0959209
0.0950484
0.0944401
0.094037
0.0935014
0.0926997
0.0926844
0.0921149
0.0917944
0.0911775
0.0907408
0.0902737
0.0893697
0.0893697
0.0889695
0.0883085
0.0880401
0.0876832
0.0874364
0.0870745
0.0868611
0.0866111
0.0862449
0.0860133
0.0857499
0.085573
0.0853403
0.0852333
0.0849818
0.0845414
0.0844322
0.0842218
0.0838536
0.0836399
0.0832754
0.0831785
0.0828231
0.0824844
0.0819056
0.0812107
0.0809272
0.0804114
0.0800073
0.0796373
0.0792391
0.0786301
0.0785073
0.0781666
0.0779015
0.0775863
0.0769483
0.0767284
0.076033
0.0757385
0.075415
0.0748946
0.0742018
0.0740431
0.0736284
0.073185
0.0728154
0.0723842
0.0721369
0.0716932
0.0715018
0.071139
0.0708273
0.0702117
0.069999
0.0696576
0.0694868
0.0691534
0.0685542
0.0683518
0.0681021
0.0679396
0.0675567
0.0673193
0.0668512
0.0664175
0.0662061
0.0657172
0.0654678
0.0652354
0.0648287
0.0646011
0.0642939
0.0640015
0.0635316
0.0632935
0.0627807
0.0624809
0.0620712
0.0617565
0.061485
0.061023
0.0606379
0.0602595
0.0598543
0.0593524
0.059007
0.0587827
0.0584492
0.0580697
0.0576631
0.0574557
0.057014
0.0569143
0.056525
0.0563549
0.0561368
0.0557212
0.0553792
0.0552274
0.0550891
0.0545933
0.0543647
0.053925
0.0535337
0.053194
0.0526548
0.0522819
0.0513606
0.0513491
0.0510936
0.0506565
0.0501955
0.0500039
0.0498009
0.0495062
0.0493294
0.0490215
0.0489144
0.0486417
0.0484304
0.0481922
0.0480391
0.0476992
0.0476058
0.0473518
0.0470017
0.0467715
0.0462867
0.0458714
0.0457789
0.0453596
0.0451721
0.0449756
0.0447285
0.0445342
0.0441137
0.0439907
0.0437702
0.0435473
0.043292
0.0427583
0.0424793
0.0423259
0.0421243
0.0418313
0.0415626
0.0413759
0.0411668
0.0407533
0.0404855
0.0401596
0.0399901
0.0397945
0.0395296
0.0392946
0.0391272
0.0388805
0.0387154
0.038574
0.0383815
0.0382391
0.0379349
0.0378035
0.0375391
0.0372926
0.0371308
0.0368943
0.0367767
0.0366164
0.0363712
0.0362422
0.0360964
0.035952
0.0357797
0.0355301
0.035366
0.0352238
0.0349637
0.0346762
0.0342019
0.0341946
0.0340586
0.033863
0.0336311
0.0334318
0.0331858
0.0329779
0.0327941
0.0327106
0.0325578
0.032389
0.0322482
0.0321102
0.0320235
0.0318793
0.0317667
0.0315711
0.0314797
0.0313114
0.0311952
0.0310669
0.0309414
0.0308247
0.0307416
0.0306631
0.0305352
0.0304483
0.0303428
0.0301867
0.0299919
0.0298585
0.029736
0.0296446
0.0293987
0.029284
0.0291403
0.0288999
0.0288414
0.0286368
0.0284873
0.0283381
0.0281144
0.0280342
0.0278661
0.0277408
0.0276474
0.0275573
0.0274313
0.0272453
0.0271309
0.0270101
0.0268661
0.0267714
0.0266656
0.026603
0.0264147
0.0263408
0.0262147
0.0261164
0.0260137
0.0258747
0.0258385
0.025742
0.0255525
0.0253171
0.0252045
0.0251401
0.0249902
0.0247364
0.0246191
0.0243916
0.0242095
0.0240398
0.0238986
0.0237914
0.0236759
0.0235228
0.0233838
0.0232515
0.0230682
0.0229921
0.0229076
0.0227912
0.0226592
0.022609
0.0225083
0.0224015
0.0223647
0.022277
0.0222117
0.0221199
0.0220664
0.0219923
0.0218761
0.0218106
0.0217558
0.0216158
0.0215793
0.0214644
0.02138
0.0212304
0.0211262
0.021075
0.0209736
0.0209292
0.0208583
0.0207879
0.0207367
0.0206564
0.0206117
0.0205357
0.0204717
0.0203687
0.0203188
0.0202397
0.0202113
0.0201475
0.0200886
0.0199971
0.0199374
0.0198362
0.0197432
0.0196236
0.0195417
0.01947
0.0193698
0.0193287
0.0192645
0.0192011
0.0190685
0.0190417
0.018963
0.0189283
0.0188649
0.0187996
0.0187346
0.0186291
0.018597
0.0185599
0.0184777
0.0184443
0.0183673
0.0182779
0.0182362
0.0181796
0.0181371
0.0180584
0.0180206
0.0179801
0.0179424
0.0178813
0.0178606
0.0178252
0.0177817
0.0177124
0.0176148
0.01761
0.0175553
0.0174987
0.0174701
0.017422
0.0173888
0.0173185
0.0172828
0.0172167
0.0170802
0.017049
0.0169301
0.0168998
0.0168269
0.0167696
0.0167332
0.0166547
0.0164639
0.0164639
0.0164152
0.0163255
0.0162364
0.0161797
0.0160788
0.0160309
0.0159488
0.0158764
0.0158057
0.0157219
0.015634
0.0154833
0.015408
0.0154063
0.0153209
0.015219
0.0151703
0.0150349
0.0149674
0.0148664
0.0147712
0.0147239
0.0146445
0.0144969
0.0144969
0.0143714
0.0142848
0.014172
0.0141257
0.0140719
0.0139784
0.013924
0.0138735
0.0138011
0.0137113
0.0136728
0.0136011
0.0135504
0.0134909
0.0134635
0.0134158
0.013353
0.013326
0.0132443
0.0132373
0.0131867
0.013148
0.0130894
0.0130408
0.0129937
0.0129715
0.0129166
0.0128632
0.0127899
0.0127693
0.0127081
0.0126477
0.0126082
0.0125457
0.0124805
0.0123632
0.0123423
0.0122911
0.0122475
0.0121669
0.0121176
0.0120871
0.0120476
0.0120076
0.0119636
0.0119288
0.0118869
0.0118481
0.0118108
0.0117438
0.0116956
0.0116214
0.0115502
0.0115169
0.0114633
0.0114046
0.0113389
0.0112774
0.0112458
0.0111825
0.0111373
0.0110686
0.0110281
0.0109899
0.0109401
0.0108933
0.0108497
0.0107967
0.0107322
0.0106232
0.0106192
0.0105693
0.0105128
0.0104775
0.0103686
0.0103686
0.0103111
0.0102824
0.0102272
0.0101793
0.0101341
0.0100837
0.0100503
0.00998978
0.00996212
0.00994301
0.00988148
0.00986741
0.009828
0.0097722
0.00970472
0.00965686
0.00961963
0.00957934
0.00955907
0.00951916
0.00947725
0.00943167
0.00936801
0.00932646
0.00929615
0.00924845
0.00920263
0.00918809
0.00913277
0.00910936
0.00905596
0.00905596
0.00905596
0.00905596
0.00905596
0.00905596
0.00905596
0.00905596
0.00905596
0.00905596
0.00905596
0.00905596
0.00905596
0.00905596
0.00905596
0.00905596
0.00905596
0.00905596
0.00905596
0.00905596
0.00905596
0.00905596
0.00905596
0.00905596
0.00905596
0.00905596
0.00905596
0.00905596
0.00905596
0.00905596
0.00905596
0.00905596
0.00905596
0.00905596
0.00905596
0.00905596
0.00905596
0.00905596
0.00905596
0.00905596
0.00905596
0.00905596
0.00905596
0.00905596
0.00905596
0.00905596
0.00905596
0.00905596
0.00905596
0.00905596
0.00905596
0.00905596
0.00905596
0.00905596
0.00905596
0.00905596
0.00905596
0.00905596
0.00905596
0.00905596
0.00905596
0.00905596
0.00905596
0.00905596
0.00905596
0.00905596
0.00905596
0.00905596
0.00905596
0.00905596
0.00905596
0.00905596
0.00905596
0.00905596
0.00905596
0.00905596
0.00905596
0.00905596
0.00905596
0.00905596
0.00905596
0.00905596
0.00905596
0.00905596
0.00905596
0.00905596
0.00905596
0.00905596
0.00905596
0.00905596
0.00905596
0.00905596
0.00905596
0.00905596
0.00905596
0.00905596
0.00905596
0.00905596
0.00905596
0.00905596
0.00905596
0.00905596
0.00905596
0.00905596
0.00905596
0.00905596
0.00905596
0.00905596
0.00905596
0.00905596
0.00905596
0.00905596
0.00905596
0.00905596
0.00905596
0.00905596
0.00905596
0.00905596
0.00905596
0.00905596
0.00905596
0.00905596
0.00905596
0.00905596
0.00905596
0.00905596
0.00905596
0.00905596
0.00905596
0.00905596
0.00905596
0.00905596
0.00905596
0.00905596
0.00905596
0.00905596
0.00905596
0.00905596
0.00905596
0.00905596
0.00905596
0.00905596
0.00905596
0.00905596
0.00905596
0.00905596
0.00905596
0.00905596
0.00905596
0.00905596
0.00905596
0.00905596
0.00905596
0.00905596
0.00905596
0.00905596
0.00905596
0.00905596
0.00905596
0.00905596
0.00905596
0.00905596
0.00905596
0.00905596
0.00905596
0.00905596
0.00905596
0.00905596
0.00905596
0.00905596
0.00905596
0.00905596
0.00905596
0.00905596
0.00905596
0.00905596
0.00905596
0.00905596
0.00905596
0.00905596
0.00905596
0.00905596
0.00905596
0.00905596
0.00905596
0.00905596
0.00905596
0.00905596
0.00905596
0.00905596
0.00905596
0.00905596
0.00905596
0.00905596
0.00905596
0.00905596
0.00905596
0.00905596
0.00905596
0.00905596
0.00905596
0.00905596
0.00905596
0.00905596
0.00905596
0.00905596
0.00905596
0.00905596
0.00905596
0.00905596
0.00905596
0.00905596
0.00905596
0.00905596
0.00905596
0.00905596
0.00905596
0.00905596
0.00905596
0.00905596
0.00905596
0.00905596
0.00905596
0.00905596
0.00905596
0.00905596
0.00905596
0.00905596
0.00905596
0.00905596
0.00905596
0.00905596
0.00905596
0.00905596
0.00905596
0.00905596
0.00905596
0.00905596
0.00905596
0.00905596
0.00905596
0.00905596
0.00905596
0.00905596
0.00905596
0.00905596
0.00905596
0.00905596
0.00905596
0.00905596
0.00905596
0.00905596
0.00905596
0.00905596
0.00905596
0.00905596
0.00905596
0.00905596
0.00905596
0.00905596
0.00905596
0.00905596
0.00905596
0.00905596
0.00905596
0.00905596
0.00905596
0.00905596
0.00905596
0.00905596
0.00905596
0.00905596
0.00905596
0.00905596
0.00905596
0.00905596
0.00905596
0.00905596
0.00905596
0.00905596
0.00905596
0.00905596
0.00905596
0.00905596
0.00905596
0.00905596
0.00905596
0.00905596
0.00905596
0.00905596
0.00905596
0.00905596
0.00905596
0.00905596
0.00905596
0.00905596
0.00905596
0.00905596
0.00905596
0.00905596
0.00905596
0.00905596
0.00905596
0.00905596
0.00905596
0.00905596
0.00905596
0.00905596
0.00905596
0.00905596
0.00905596
0.00905596
0.00905596
0.00905596
0.00905596
0.00905596
0.00905596
0.00905596
0.00905596
0.00905596
0.00905596
0.00905596
0.00905596
0.00905596
0.00905596
0.00905596
0.00905596
0.00905596
0.00905596
0.00905596
0.00905596
0.00905596
0.00905596
0.00905596
0.00905596
0.00905596
0.00905596
0.00905596
0.00905596
0.00905596
0.00905596
0.00905596
0.00905596
0.00905596
0.00905596
0.00905596
0.00905596
0.00905596
0.00905596
0.00905596
0.00905596
0.00905596
0.00905596
0.00905596
0.00905596
0.00905596
0.00905596
0.00905596
0.00905596
0.00905596
0.00905596
0.00905596
0.00905596
0.00905596
0.00905596
0.00905596
0.00905596
0.00905596
0.00905596
0.00905596
0.00905596
0.00905596
0.00905596
0.00905596
0.00905596
0.00905596
0.00905596
0.00905596
0.00905596
0.00905596
0.00905596
0.00905596
0.00905596
0.00905596
0.00905596
0.00905596
0.00905596
0.00905596
0.00905596
0.00905596
0.00905596
0.00905596
0.00905596
0.00905596
0.00905596
0.00905596
0.00905596
0.00905596
0.00905596
0.00905596
0.00905596
0.00905596
0.00905596
0.00905596
0.00905596
0.00905596
0.00905596
0.00905596
0.00905596
0.00905596
0.00905596
0.00905596
0.00905596
0.00905596
0.00905596
0.00905596
0.00905596
0.00905596
0.00905596
0.00905596
0.00905596
0.00905596
0.00905596
0.00905596
0.00905596
0.00905596
0.00905596
0.00905596
0.00905596
0.00905596
0.00905596
0.00905596
0.00905596
0.00905596
0.00905596
0.00905596
0.00905596
0.00905596
0.00905596
0.00905596
0.00905596
0.00905596
0.00905596
0.00905596
0.00905596
0.00905596
0.00905596
0.00905596
0.00905596
0.00905596
0.00905596
0.00905596
0.00905596
0.00905596
0.00905596
0.00905596
0.00905596
0.00905596
0.00905596
0.00905596
0.00905596
0.00905596
0.00905596
0.00905596
0.00905596
0.00905596
0.00905596
0.00905596
0.00905596
0.00905596
0.00905596
0.00905596
0.00905596
0.00905596
0.00905596
0.00905596
0.00905596
0.00905596
0.00905596
0.00905596
0.00905596
0.00905596
0.00905596
0.00905596
0.00905596
0.00905596
0.00905596
0.00905596
0.00905596
0.00905596
0.00905596
0.00905596
0.00905596
0.00905596
0.00905596
0.00905596
0.00905596
0.00905596
0.00905596
0.00905596
0.00905596
0.00905596
0.00905596
0.00905596
