3.93866e+06
1.01751e+06
1.01751e+06
1.01751e+06
1.01751e+06
668062
668062
490566
490566
481752
235661
235661
235661
36877.7
36877.7
36877.7
36877.7
31150.6
16922.6
8014.17
8014.17
7225.62
2397.5
1637.05
842.82
842.82
842.82
842.82
842.82
842.82
842.82
842.82
842.82
842.82
842.82
842.82
842.82
499.315
498.566
487.101
404.484
385.281
306.264
306.264
285.213
285.213
282.913
236.94
236.94
236.94
216.703
216.703
216.703
216.703
216.703
216.703
216.703
216.703
202.832
202.832
202.832
200.938
200.938
200.486
194.36
194.36
194.36
194.36
194.36
194.36
191.21
191.21
191.21
191.21
191.21
191.21
191.21
177.42
177.42
177.42
177.42
177.42
177.42
177.42
177.42
177.42
177.42
177.42
177.42
177.42
177.42
177.42
177.42
177.42
174.136
174.136
167.5
167.5
167.5
167.5
167.5
167.5
167.5
167.5
167.5
167.5
167.5
167.5
167.5
167.5
167.5
167.5
167.5
167.5
167.5
167.5
167.5
167.5
167.5
167.5
167.5
167.5
167.5
167.5
167.5
167.5
167.5
167.5
167.5
167.5
167.5
167.5
167.5
167.5
167.5
167.5
167.5
167.5
167.5
167.5
167.5
167.5
167.5
167.5
167.5
167.5
167.5
167.5
167.5
167.5
167.5
167.5
167.5
167.5
167.5
167.5
167.5
167.5
167.5
167.5
167.5
167.5
167.5
167.5
167.5
167.5
167.5
167.5
167.5
167.5
167.5
167.5
167.5
167.5
167.5
167.5
167.5
167.5
167.5
167.5
167.5
167.5
167.5
167.5
167.5
167.5
167.5
167.5
167.5
167.5
167.5
167.5
167.5
167.5
167.5
167.5
167.5
167.5
167.5
167.5
167.5
167.5
167.5
167.5
167.5
167.5
167.5
167.5
167.5
167.5
167.5
167.5
167.5
167.5
167.5
167.5
167.5
167.5
167.5
167.5
167.5
167.5
167.5
167.5
167.5
167.5
167.5
167.5
167.5
167.5
167.5
167.5
167.5
167.5
167.5
167.5
167.5
167.5
167.5
167.5
167.5
167.5
167.5
167.5
167.5
167.5
167.5
167.5
167.5
167.5
167.5
167.5
167.5
167.5
167.5
167.5
167.5
167.5
167.5
167.5
167.5
167.5
167.5
167.5
167.5
167.5
167.5
167.5
167.5
167.5
167.5
167.5
167.5
167.5
167.5
167.5
167.5
167.5
167.5
167.5
167.5
167.5
167.5
167.5
167.5
167.5
167.5
167.5
167.5
167.5
167.5
167.5
167.5
167.5
167.5
167.5
167.5
167.5
167.5
167.5
167.5
167.5
167.5
167.5
167.5
167.5
167.5
167.5
167.5
167.5
167.5
167.5
167.5
167.5
167.5
167.5
167.5
167.5
167.5
167.5
167.5
167.5
167.5
167.5
167.5
167.5
167.5
167.5
167.5
167.5
167.5
167.5
167.5
167.5
167.5
167.5
167.5
167.5
167.5
167.5
167.5
167.5
167.5
167.5
167.5
167.5
167.5
167.5
167.5
167.5
167.5
167.5
167.5
167.5
167.5
167.5
167.5
167.5
167.5
167.5
167.5
167.5
167.5
167.5
167.5
167.5
167.5
167.5
167.5
167.5
155.635
155.635
155.635
155.635
155.635
155.635
155.635
155.635
155.635
155.635
155.635
155.635
155.635
155.635
155.635
155.635
155.635
155.635
155.635
155.635
155.635
155.635
155.635
155.635
155.635
155.635
155.635
155.635
155.635
155.635
155.635
155.635
155.635
155.635
155.635
155.635
155.635
155.635
155.635
155.635
155.635
155.635
155.635
155.635
155.635
155.635
155.635
155.635
155.635
155.635
155.635
155.635
155.635
155.635
155.635
155.635
155.635
155.635
155.635
155.635
155.635
155.635
155.635
155.635
155.635
155.635
155.635
155.635
155.635
155.635
155.635
155.635
155.635
155.635
155.635
155.635
155.635
155.635
155.635
155.635
155.635
155.635
155.635
155.635
155.635
155.635
155.635
155.635
155.635
155.635
155.635
155.635
155.635
155.635
155.635
155.635
155.635
155.635
155.635
155.635
155.635
155.635
155.635
155.635
155.635
155.635
155.635
155.635
155.635
155.635
155.635
155.635
155.635
155.635
155.635
155.635
155.635
155.635
155.635
155.635
155.635
155.635
155.635
155.635
155.635
155.635
155.635
155.635
155.635
155.635
155.635
155.635
155.635
155.635
155.635
155.635
155.635
155.635
155.635
155.635
155.635
155.635
155.635
155.635
155.635
155.635
155.635
155.635
155.635
155.635
155.635
155.635
155.635
155.635
155.635
155.635
155.635
155.635
155.635
155.635
155.635
155.635
155.635
155.635
155.635
155.635
155.635
155.635
155.635
155.635
155.635
155.635
155.635
155.635
155.635
155.635
155.635
155.635
155.635
155.635
155.635
155.635
155.635
155.635
155.635
155.635
155.635
155.635
155.635
155.635
155.635
155.635
155.635
155.635
155.635
155.635
155.635
155.635
155.635
155.635
155.635
155.635
155.635
155.635
155.635
155.635
155.635
155.635
155.635
155.635
155.635
155.635
155.635
155.635
155.635
155.635
155.635
155.635
155.635
155.635
155.635
155.635
155.635
155.635
155.635
155.635
155.635
155.635
155.635
155.635
155.635
155.635
155.635
155.635
155.635
155.635
155.635
155.635
155.635
155.635
155.635
155.635
155.635
155.635
155.635
155.635
155.635
155.635
155.635
155.635
155.635
155.635
155.635
155.635
155.635
155.635
155.635
155.635
155.635
155.635
155.635
155.635
155.635
155.635
155.635
155.635
155.635
155.635
155.635
155.635
155.635
155.635
155.635
155.635
155.635
155.635
155.635
155.635
155.635
155.635
155.635
155.635
155.635
155.635
155.635
155.635
155.635
155.635
155.635
155.635
155.635
155.635
155.635
155.635
155.635
155.635
155.635
155.635
155.635
155.635
155.635
155.635
155.635
155.635
155.635
155.635
155.635
155.635
155.635
155.635
155.635
155.635
155.635
155.635
155.635
155.635
155.635
155.635
155.635
155.635
155.635
155.635
155.635
155.635
155.635
155.635
155.635
155.635
155.635
155.635
155.635
155.635
155.635
155.635
155.635
155.635
155.635
155.635
155.635
155.635
155.635
155.635
155.635
155.635
155.635
155.635
155.635
155.635
155.635
155.635
155.635
155.635
155.635
155.635
155.635
155.635
155.635
155.635
155.635
155.635
155.635
155.635
155.635
155.635
155.635
155.635
155.635
155.635
155.635
155.635
155.635
155.635
155.635
155.635
155.635
155.635
155.635
155.635
155.635
155.635
155.635
155.635
155.635
155.635
155.635
155.635
155.635
155.635
155.635
155.635
155.635
155.635
155.635
155.635
155.635
155.635
155.635
155.635
155.635
155.635
155.635
155.635
155.635
155.635
155.635
155.635
155.635
155.635
155.635
155.635
155.635
155.635
155.635
155.635
155.635
155.635
155.635
155.635
155.635
155.635
155.635
155.635
155.635
155.635
155.635
155.635
155.635
155.635
155.635
155.635
155.635
155.635
155.635
155.635
155.635
155.635
155.635
155.635
155.635
155.635
155.635
155.635
155.635
155.635
155.635
155.635
155.635
155.635
155.635
155.635
155.635
155.635
155.635
155.635
155.635
155.635
155.635
155.635
155.635
155.635
155.635
155.635
155.635
155.635
155.635
155.635
155.635
155.635
155.635
155.635
155.635
155.635
155.635
155.635
155.635
155.635
155.635
155.635
155.635
155.635
155.635
155.635
155.635
155.635
155.635
155.635
155.635
155.635
155.635
155.635
155.635
155.635
155.635
155.635
155.635
155.635
155.635
155.635
155.635
155.635
155.635
155.635
155.635
155.635
155.635
155.635
155.635
155.635
155.635
155.635
155.635
155.635
155.635
155.635
155.635
155.635
155.635
155.635
155.635
155.635
155.635
155.635
155.635
155.635
155.635
155.635
155.635
155.635
155.635
155.635
155.635
155.635
155.635
155.635
155.635
155.635
155.635
155.635
155.635
155.635
155.635
155.635
155.635
155.635
155.635
155.635
155.635
155.635
155.635
155.635
155.635
155.635
155.635
155.635
155.635
155.635
155.635
155.635
155.635
155.635
155.635
155.635
155.635
155.635
155.635
155.635
155.635
155.635
155.635
155.635
155.635
155.635
155.635
155.635
155.635
155.635
155.635
155.635
155.635
155.635
155.635
155.635
155.635
155.635
155.635
155.635
155.635
155.635
155.635
155.635
155.635
155.635
155.635
155.635
155.635
155.635
155.635
155.635
155.635
155.635
155.635
155.635
155.635
155.635
155.635
155.635
155.635
155.635
155.635
155.635
155.635
155.635
155.635
155.635
155.635
155.635
155.635
155.635
155.635
155.635
155.635
155.635
155.635
155.635
155.635
155.635
155.635
155.635
155.635
155.635
155.635
155.635
155.635
155.635
155.635
155.635
155.635
155.635
155.635
155.635
155.635
155.635
155.635
155.635
155.635
155.635
155.635
155.635
155.635
155.635
155.635
155.635
155.635
155.635
155.635
155.635
155.635
155.635
155.635
155.635
155.635
155.635
155.635
155.635
155.635
155.635
155.635
155.635
155.635
155.635
155.635
155.635
155.635
155.635
155.635
155.635
155.635
155.635
155.635
155.635
155.635
155.635
155.635
155.635
155.635
155.635
155.635
155.635
155.635
155.635
155.635
155.635
155.635
155.635
155.635
155.635
155.635
155.635
155.635
155.635
155.635
155.635
155.635
155.635
155.635
155.635
155.635
155.635
155.635
155.635
155.635
155.635
155.635
155.635
155.635
155.635
155.635
155.635
155.635
155.635
155.635
155.635
155.635
155.635
155.635
155.635
155.635
155.635
155.635
155.635
155.635
155.635
155.635
155.635
155.635
155.635
155.635
155.635
155.635
155.635
155.635
155.635
155.635
155.635
155.635
155.635
155.635
155.635
155.635
155.635
155.635
155.635
155.635
155.635
155.635
155.635
155.635
155.635
155.635
155.635
155.635
155.635
155.635
155.635
155.635
155.635
155.635
155.635
155.635
155.635
155.635
155.635
155.635
155.635
155.635
155.635
155.635
155.635
155.635
155.635
155.635
155.635
155.635
155.635
155.635
155.635
155.635
155.635
155.635
155.635
155.635
155.635
155.635
155.635
155.635
155.635
155.635
155.635
155.635
155.635
155.635
155.635
155.635
155.635
155.635
155.635
155.635
155.635
155.635
155.635
155.635
155.635
155.635
155.635
155.635
155.635
155.635
155.635
155.635
155.635
155.635
155.635
155.635
155.635
155.635
155.635
155.635
155.635
155.635
155.635
155.635
155.635
155.635
155.635
155.635
155.635
155.635
155.635
155.635
155.635
155.635
155.635
155.635
155.635
155.635
155.635
155.635
155.635
155.635
155.635
155.635
155.635
155.635
155.635
155.635
155.635
155.635
155.635
155.635
155.635
155.635
155.635
155.635
155.635
155.635
155.635
155.635
155.635
155.635
155.635
155.635
155.635
155.635
155.635
155.635
155.635
155.635
155.635
155.635
155.635
155.635
155.635
155.635
155.635
155.635
155.635
155.635
155.635
155.635
155.635
155.635
155.635
155.635
155.635
155.635
155.635
155.635
155.635
155.635
155.635
155.635
155.635
155.635
155.635
155.635
155.635
155.635
155.635
155.635
155.635
155.635
155.635
155.635
155.635
155.635
155.635
155.635
155.635
155.635
155.635
155.635
155.635
155.635
155.635
155.635
155.635
155.635
155.635
155.635
155.635
155.635
155.635
155.635
155.635
155.635
155.635
155.635
155.635
155.635
155.635
155.635
155.635
155.635
155.635
155.635
155.635
155.635
155.635
155.635
155.635
155.635
155.635
155.635
155.635
155.635
155.635
155.635
155.635
155.635
155.635
155.635
155.635
155.635
155.635
155.635
155.635
155.635
155.635
155.635
155.635
155.635
155.635
155.635
155.635
155.635
155.635
155.635
155.635
155.635
155.635
155.635
155.635
155.635
155.635
155.635
155.635
155.635
155.635
155.635
155.635
155.635
155.635
155.635
155.635
155.635
155.635
155.635
155.635
155.635
155.635
155.635
155.635
155.635
155.635
155.635
155.635
155.635
155.635
155.635
155.635
155.635
155.635
155.635
155.635
155.635
155.635
155.635
155.635
155.635
155.635
155.635
155.635
155.635
155.635
155.635
155.635
155.635
155.635
155.635
155.635
155.635
155.635
155.635
155.635
155.635
155.635
155.635
155.635
155.635
155.635
155.635
155.635
155.635
155.635
155.635
155.635
155.635
155.635
155.635
155.635
155.635
155.635
155.635
155.635
155.635
155.635
155.635
155.635
155.635
155.635
155.635
155.635
155.635
155.635
155.635
155.635
155.635
155.635
155.635
155.635
155.635
155.635
155.635
155.635
155.635
155.635
155.635
155.635
155.635
155.635
155.635
155.635
155.635
155.635
155.635
155.635
155.635
155.635
155.635
155.635
155.635
155.635
155.635
155.635
155.635
155.635
155.635
155.635
155.635
155.635
155.635
155.635
155.635
155.635
155.635
155.635
155.635
155.635
155.635
155.635
155.635
155.635
155.635
155.635
155.635
155.635
155.635
155.635
155.635
155.635
155.635
155.635
155.635
155.635
155.635
155.635
155.635
155.635
155.635
155.635
155.635
155.635
155.635
155.635
155.635
155.635
155.635
155.635
155.635
155.635
155.635
155.635
155.635
155.635
155.635
155.635
155.635
155.635
155.635
155.635
155.635
155.635
155.635
155.635
155.635
155.635
155.635
155.635
155.635
155.635
155.635
155.635
155.635
155.635
155.635
155.635
155.635
155.635
155.635
155.635
155.635
155.635
155.635
155.635
155.635
155.635
155.635
155.635
155.635
155.635
155.635
155.635
155.635
155.635
155.635
155.635
155.635
155.635
155.635
155.635
155.635
155.635
155.635
155.635
155.635
155.635
155.635
155.635
155.635
155.635
155.635
155.635
155.635
155.635
155.635
155.635
155.635
155.635
155.635
155.635
155.635
155.635
155.635
155.635
155.635
155.635
155.635
155.635
155.635
155.635
155.635
155.635
155.635
155.635
155.635
155.635
155.635
155.635
155.635
155.635
155.635
155.635
155.635
155.635
155.635
155.635
155.635
155.635
155.635
155.635
155.635
155.635
155.635
155.635
155.635
155.635
155.635
155.635
155.635
155.635
155.635
155.635
155.635
155.635
155.635
155.635
155.635
155.635
155.635
155.635
155.635
155.635
155.635
155.635
155.635
155.635
155.635
155.635
155.635
155.635
155.635
155.635
155.635
155.635
155.635
155.635
155.635
155.635
155.635
155.635
155.635
155.635
155.635
155.635
155.635
155.635
155.635
155.635
155.635
155.635
155.635
155.635
155.635
155.635
155.635
155.635
155.635
155.635
155.635
155.635
155.635
155.635
155.635
155.635
155.635
155.635
155.635
155.635
155.635
155.635
155.635
155.635
155.635
155.635
155.635
155.635
155.635
155.635
155.635
155.635
155.635
155.635
155.635
155.635
155.635
155.635
155.635
155.635
155.635
155.635
155.635
155.635
155.635
155.635
155.635
155.635
155.635
155.635
155.635
155.635
155.635
155.635
155.635
155.635
155.635
155.635
155.635
155.635
155.635
155.635
155.635
155.635
155.635
155.635
155.635
155.635
155.635
155.635
155.635
155.635
155.635
155.635
155.635
155.635
155.635
155.635
155.635
155.635
155.635
155.635
155.635
155.635
155.635
155.635
155.635
155.635
155.635
155.635
155.635
155.635
155.635
155.635
155.635
155.635
155.635
155.635
155.635
155.635
155.635
155.635
155.635
155.635
155.635
155.635
155.635
155.635
155.635
155.635
155.635
155.635
155.635
155.635
155.635
155.635
155.635
155.635
155.635
155.635
155.635
155.635
155.635
155.635
155.635
155.635
155.635
155.635
155.635
155.635
155.635
155.635
155.635
155.635
155.635
155.635
155.635
155.635
155.635
155.635
155.635
155.635
155.635
155.635
155.635
155.635
155.635
155.635
155.635
155.635
155.635
155.635
155.635
155.635
155.635
155.635
155.635
155.635
155.635
155.635
155.635
155.635
155.635
155.635
155.635
155.635
155.635
155.635
155.635
155.635
155.635
155.635
155.635
155.635
155.635
155.635
155.635
155.635
155.635
155.635
155.635
155.635
155.635
155.635
155.635
155.635
155.635
155.635
155.635
155.635
155.635
155.635
155.635
155.635
155.635
155.635
155.635
155.635
155.635
155.635
155.635
155.635
155.635
155.635
155.635
155.635
155.635
155.635
155.635
155.635
155.635
155.635
155.635
155.635
155.635
155.635
155.635
155.635
155.635
155.635
155.635
155.635
155.635
155.635
155.635
155.635
155.635
155.635
155.635
155.635
155.635
155.635
155.635
155.635
155.635
155.635
155.635
155.635
155.635
155.635
155.635
155.635
155.635
155.635
155.635
155.635
155.635
155.635
155.635
155.635
155.635
155.635
155.635
155.635
155.635
155.635
155.635
155.635
155.635
155.635
155.635
155.635
155.635
155.635
155.635
155.635
155.635
155.635
155.635
155.635
155.635
155.635
155.635
155.635
155.635
155.635
155.635
155.635
155.635
155.635
155.635
155.635
155.635
155.635
155.635
155.635
155.635
155.635
155.635
155.635
155.635
155.635
155.635
155.635
155.635
155.635
155.635
155.635
155.635
155.635
155.635
155.635
155.635
155.635
155.635
155.635
155.635
155.635
155.635
155.635
155.635
155.635
155.635
155.635
155.635
155.635
155.635
155.635
155.635
155.635
155.635
155.635
155.635
155.635
155.635
155.635
155.635
155.635
155.635
155.635
155.635
155.635
155.635
155.635
155.635
155.635
155.635
155.635
155.635
155.635
155.635
155.635
155.635
155.635
155.635
155.635
155.635
155.635
155.635
155.635
155.635
155.635
155.635
155.635
155.635
155.635
155.635
155.635
155.635
155.635
155.635
155.635
155.635
155.635
155.635
155.635
155.635
155.635
155.635
155.635
155.635
155.635
155.635
155.635
155.635
155.635
155.635
155.635
155.635
155.635
155.635
155.635
155.635
155.635
155.635
155.635
155.635
155.635
155.635
155.635
155.635
155.635
155.635
155.635
155.635
155.635
155.635
155.635
155.635
155.635
155.635
155.635
155.635
155.635
155.635
155.635
155.635
155.635
155.635
155.635
155.635
155.635
155.635
155.635
155.635
155.635
155.635
155.635
155.635
155.635
155.635
155.635
155.635
155.635
155.635
155.635
155.635
155.635
155.635
155.635
155.635
155.635
155.635
155.635
155.635
155.635
155.635
155.635
155.635
155.635
155.635
155.635
155.635
155.635
155.635
155.635
155.635
155.635
155.635
152.76
152.76
151.81
136.384
136.384
136.384
136.384
124.543
122.522
114.988
108.859
99.4115
89.3567
89.3567
89.3567
89.3567
89.3567
89.3567
89.3567
89.3567
89.3567
89.3567
89.3567
89.3567
89.3567
89.3567
89.3567
85.4878
72.7609
69.6767
59.8462
59.8462
59.8462
59.8462
56.9576
47.7894
46.8032
34.2927
33.5512
33.5512
33.5512
33.5512
33.5512
33.5512
33.5512
33.5512
33.5512
33.5512
29.4514
20.6956
11.905
8.72657
3.71355
2.40687
2.40687
2.38933
2.38933
1.91855
1.91855
1.38424
1.38424
1.38424
0.452816
0.452816
0.452816
0.452816
0.452816
0.452816
0.452816
0.355823
0.353878
0.195808
0.121543
0.0809445
0.0464699
0.0459798
0.0232906
0.021429
0.00998187
0.00359679
0.00359679
0.00182113
0.00129472
0.00129472
0.000438529
0.000438529
0.000438529
0.000438529
0.000438529
0.000270405
0.000187615
0.000157646
0.000157646
0.000157646
0.000157646
0.000157646
0.000117338
9.87655e-05
7.50613e-05
7.50613e-05
7.50613e-05
3.3843e-05
2.61259e-05
2.61259e-05
2.09345e-05
1.16306e-05
4.48585e-06
4.48585e-06
4.48585e-06
3.9765e-06
3.9765e-06
3.32188e-06
2.73529e-06
1.25896e-06
1.25896e-06
5.80464e-07
5.80464e-07
3.24021e-07
3.24021e-07
3.24021e-07
3.24021e-07
3.24021e-07
3.24021e-07
3.24021e-07
3.24021e-07
3.24021e-07
3.24021e-07
3.24021e-07
3.11657e-07
3.11657e-07
3.11657e-07
3.11657e-07
3.11657e-07
3.11657e-07
2.1215e-07
1.47578e-07
1.29928e-07
8.66454e-08
7.85272e-08
7.12346e-08
7.12346e-08
7.12346e-08
7.12346e-08
7.12346e-08
6.74126e-08
6.74126e-08
5.79793e-08
2.35249e-08
2.35249e-08
2.35249e-08
2.35249e-08
7.72768e-09
7.72768e-09
3.44243e-09
3.44243e-09
3.44243e-09
3.44243e-09
3.44243e-09
3.44243e-09
3.44243e-09
3.44243e-09
3.44243e-09
3.44243e-09
3.44243e-09
3.44243e-09
3.44243e-09
3.44243e-09
3.44243e-09
3.44243e-09
3.44243e-09
3.44243e-09
3.44243e-09
3.44243e-09
3.44243e-09
3.44243e-09
3.44243e-09
3.44243e-09
3.44243e-09
3.44243e-09
3.44243e-09
3.44243e-09
3.44243e-09
3.44243e-09
3.44243e-09
3.44243e-09
3.44243e-09
3.44243e-09
3.44243e-09
3.44243e-09
3.44243e-09
3.44243e-09
3.44243e-09
3.44243e-09
3.44243e-09
3.44243e-09
3.44243e-09
3.44243e-09
3.44243e-09
3.44243e-09
3.44243e-09
3.44243e-09
3.44243e-09
3.44243e-09
3.44243e-09
3.44243e-09
3.44243e-09
3.44243e-09
3.44243e-09
3.44243e-09
3.44243e-09
3.44243e-09
3.44243e-09
3.44243e-09
3.44243e-09
3.44243e-09
3.44243e-09
3.44243e-09
3.44243e-09
3.44243e-09
3.44243e-09
3.44243e-09
3.44243e-09
3.44243e-09
3.44243e-09
3.44243e-09
3.44243e-09
3.44243e-09
3.44243e-09
3.44243e-09
3.44243e-09
3.44243e-09
3.44243e-09
3.44243e-09
3.44243e-09
3.44243e-09
3.44243e-09
3.44243e-09
3.44243e-09
3.44243e-09
3.44243e-09
3.44243e-09
3.44243e-09
3.44243e-09
3.44243e-09
3.44243e-09
3.44243e-09
3.44243e-09
3.44243e-09
3.44243e-09
3.44243e-09
3.44243e-09
3.44243e-09
3.44243e-09
3.44243e-09
3.44243e-09
3.44243e-09
3.44243e-09
3.44243e-09
3.44243e-09
3.44243e-09
3.44243e-09
3.44243e-09
3.44243e-09
3.44243e-09
3.44243e-09
3.44243e-09
3.44243e-09
3.44243e-09
3.44243e-09
3.44243e-09
3.44243e-09
3.44243e-09
3.44243e-09
3.44243e-09
3.44243e-09
3.44243e-09
3.44243e-09
3.44243e-09
3.44243e-09
3.44243e-09
3.44243e-09
3.44243e-09
3.44243e-09
3.44243e-09
3.44243e-09
3.44243e-09
3.44243e-09
3.44243e-09
3.44243e-09
3.44243e-09
3.44243e-09
3.44243e-09
3.44243e-09
3.44243e-09
3.44243e-09
3.44243e-09
3.44243e-09
3.44243e-09
3.44243e-09
3.44243e-09
3.44243e-09
3.44243e-09
3.44243e-09
3.44243e-09
3.44243e-09
3.44243e-09
3.44243e-09
3.44243e-09
3.44243e-09
3.44243e-09
3.44243e-09
3.44243e-09
3.44243e-09
3.44243e-09
3.44243e-09
3.44243e-09
3.44243e-09
3.44243e-09
3.44243e-09
3.44243e-09
3.44243e-09
3.44243e-09
3.44243e-09
3.44243e-09
3.44243e-09
3.44243e-09
3.44243e-09
3.44243e-09
3.44243e-09
3.44243e-09
3.44243e-09
3.44243e-09
3.44243e-09
3.44243e-09
3.44243e-09
3.44243e-09
3.44243e-09
3.44243e-09
3.44243e-09
3.44243e-09
3.44243e-09
3.44243e-09
3.44243e-09
3.44243e-09
3.44243e-09
3.44243e-09
3.44243e-09
3.44243e-09
3.44243e-09
3.44243e-09
3.44243e-09
3.44243e-09
3.44243e-09
3.44243e-09
3.44243e-09
3.44243e-09
3.44243e-09
3.44243e-09
3.44243e-09
3.44243e-09
3.44243e-09
3.44243e-09
3.44243e-09
3.44243e-09
3.44243e-09
3.44243e-09
3.44243e-09
3.44243e-09
3.44243e-09
3.44243e-09
3.44243e-09
3.44243e-09
3.44243e-09
3.44243e-09
3.44243e-09
3.44243e-09
3.44243e-09
3.44243e-09
3.44243e-09
3.44243e-09
3.44243e-09
3.44243e-09
3.44243e-09
3.44243e-09
3.44243e-09
3.44243e-09
3.44243e-09
3.44243e-09
3.44243e-09
3.44243e-09
3.44243e-09
3.44243e-09
3.44243e-09
3.44243e-09
3.44243e-09
3.44243e-09
3.44243e-09
3.44243e-09
3.44243e-09
3.44243e-09
3.44243e-09
3.44243e-09
3.44243e-09
3.44243e-09
3.44243e-09
3.44243e-09
3.44243e-09
3.44243e-09
3.44243e-09
3.44243e-09
3.44243e-09
3.44243e-09
3.44243e-09
3.44243e-09
3.44243e-09
3.44243e-09
3.44243e-09
3.44243e-09
3.44243e-09
3.44243e-09
3.44243e-09
3.44243e-09
3.44243e-09
3.44243e-09
3.44243e-09
3.44243e-09
3.44243e-09
3.44243e-09
3.44243e-09
3.44243e-09
3.44243e-09
3.44243e-09
3.44243e-09
3.44243e-09
3.44243e-09
3.44243e-09
3.44243e-09
3.44243e-09
3.44243e-09
3.44243e-09
3.44243e-09
3.44243e-09
3.44243e-09
3.44243e-09
3.44243e-09
3.44243e-09
3.44243e-09
3.44243e-09
3.44243e-09
3.44243e-09
3.44243e-09
3.44243e-09
3.44243e-09
3.44243e-09
3.44243e-09
3.44243e-09
3.44243e-09
3.44243e-09
3.44243e-09
3.44243e-09
3.44243e-09
3.44243e-09
3.44243e-09
3.44243e-09
3.44243e-09
3.44243e-09
3.44243e-09
3.44243e-09
3.44243e-09
3.44243e-09
3.44243e-09
3.44243e-09
3.44243e-09
3.44243e-09
3.44243e-09
3.44243e-09
3.44243e-09
3.44243e-09
3.44243e-09
3.44243e-09
3.44243e-09
3.44243e-09
3.44243e-09
3.44243e-09
3.44243e-09
3.44243e-09
3.44243e-09
3.44243e-09
3.44243e-09
3.44243e-09
3.44243e-09
3.44243e-09
3.44243e-09
3.44243e-09
3.44243e-09
3.44243e-09
3.44243e-09
3.44243e-09
3.44243e-09
3.44243e-09
3.44243e-09
3.44243e-09
3.44243e-09
3.44243e-09
3.44243e-09
3.44243e-09
3.44243e-09
3.44243e-09
3.44243e-09
3.44243e-09
3.44243e-09
3.44243e-09
3.44243e-09
3.44243e-09
3.44243e-09
3.44243e-09
3.44243e-09
3.44243e-09
3.44243e-09
3.44243e-09
3.44243e-09
3.44243e-09
3.44243e-09
3.44243e-09
3.44243e-09
3.44243e-09
3.44243e-09
3.44243e-09
3.44243e-09
3.44243e-09
3.44243e-09
3.44243e-09
3.44243e-09
3.44243e-09
3.44243e-09
3.44243e-09
3.44243e-09
3.44243e-09
3.44243e-09
3.44243e-09
3.44243e-09
3.44243e-09
3.44243e-09
3.44243e-09
3.44243e-09
3.44243e-09
3.44243e-09
3.44243e-09
3.44243e-09
3.44243e-09
3.44243e-09
3.44243e-09
3.44243e-09
3.44243e-09
3.44243e-09
3.44243e-09
3.44243e-09
3.44243e-09
3.44243e-09
3.44243e-09
3.44243e-09
3.44243e-09
3.44243e-09
3.44243e-09
3.44243e-09
3.44243e-09
3.44243e-09
3.44243e-09
3.44243e-09
3.44243e-09
3.44243e-09
3.44243e-09
3.44243e-09
3.44243e-09
3.44243e-09
3.44243e-09
3.44243e-09
3.44243e-09
3.44243e-09
3.44243e-09
3.44243e-09
3.44243e-09
3.44243e-09
3.44243e-09
3.44243e-09
3.44243e-09
3.44243e-09
3.44243e-09
3.44243e-09
3.44243e-09
3.44243e-09
3.44243e-09
3.44243e-09
3.44243e-09
3.44243e-09
3.44243e-09
3.44243e-09
3.44243e-09
3.44243e-09
3.44243e-09
3.44243e-09
3.44243e-09
3.44243e-09
3.44243e-09
3.44243e-09
3.44243e-09
3.44243e-09
3.44243e-09
3.44243e-09
3.44243e-09
3.44243e-09
3.44243e-09
3.44243e-09
3.44243e-09
3.44243e-09
3.44243e-09
3.44243e-09
3.44243e-09
3.44243e-09
3.44243e-09
3.44243e-09
3.44243e-09
3.44243e-09
3.44243e-09
3.44243e-09
3.44243e-09
3.44243e-09
3.44243e-09
3.44243e-09
3.44243e-09
3.44243e-09
3.44243e-09
3.44243e-09
3.44243e-09
3.44243e-09
3.44243e-09
3.44243e-09
3.44243e-09
3.44243e-09
3.44243e-09
3.44243e-09
3.44243e-09
3.44243e-09
3.44243e-09
3.44243e-09
3.44243e-09
3.44243e-09
3.44243e-09
3.44243e-09
3.44243e-09
3.44243e-09
3.44243e-09
3.44243e-09
3.44243e-09
3.44243e-09
3.44243e-09
3.44243e-09
3.44243e-09
3.44243e-09
3.44243e-09
3.44243e-09
3.44243e-09
3.44243e-09
3.44243e-09
3.44243e-09
3.44243e-09
3.44243e-09
3.44243e-09
3.44243e-09
3.44243e-09
3.44243e-09
3.44243e-09
3.44243e-09
3.44243e-09
3.44243e-09
3.44243e-09
3.44243e-09
3.44243e-09
3.44243e-09
3.44243e-09
3.44243e-09
3.44243e-09
3.44243e-09
3.44243e-09
3.44243e-09
3.44243e-09
3.44243e-09
3.44243e-09
3.44243e-09
3.44243e-09
3.44243e-09
3.44243e-09
3.44243e-09
3.44243e-09
3.44243e-09
3.44243e-09
3.44243e-09
3.44243e-09
3.44243e-09
3.44243e-09
3.44243e-09
3.44243e-09
3.44243e-09
3.44243e-09
3.44243e-09
3.44243e-09
3.44243e-09
3.44243e-09
3.44243e-09
3.44243e-09
3.44243e-09
3.44243e-09
3.44243e-09
3.44243e-09
3.44243e-09
3.44243e-09
3.44243e-09
3.44243e-09
3.44243e-09
3.44243e-09
3.44243e-09
3.44243e-09
3.44243e-09
3.44243e-09
3.44243e-09
3.44243e-09
3.44243e-09
3.44243e-09
3.44243e-09
3.44243e-09
3.44243e-09
3.44243e-09
3.44243e-09
3.44243e-09
3.44243e-09
3.44243e-09
3.44243e-09
3.44243e-09
3.44243e-09
3.44243e-09
3.44243e-09
3.44243e-09
3.44243e-09
3.44243e-09
3.44243e-09
3.44243e-09
3.44243e-09
3.44243e-09
3.44243e-09
3.44243e-09
3.44243e-09
3.44243e-09
3.44243e-09
3.44243e-09
3.44243e-09
3.44243e-09
3.44243e-09
3.44243e-09
3.44243e-09
3.44243e-09
3.44243e-09
3.44243e-09
3.44243e-09
3.44243e-09
3.44243e-09
3.44243e-09
3.44243e-09
3.44243e-09
3.44243e-09
3.44243e-09
3.44243e-09
3.44243e-09
3.44243e-09
3.44243e-09
3.44243e-09
3.44243e-09
3.44243e-09
3.44243e-09
3.44243e-09
3.44243e-09
3.44243e-09
3.44243e-09
3.44243e-09
3.44243e-09
3.44243e-09
3.44243e-09
3.44243e-09
3.44243e-09
3.44243e-09
3.44243e-09
3.44243e-09
3.44243e-09
3.44243e-09
3.44243e-09
3.44243e-09
3.44243e-09
3.44243e-09
3.44243e-09
3.44243e-09
3.44243e-09
3.44243e-09
3.44243e-09
3.44243e-09
3.44243e-09
3.44243e-09
3.44243e-09
3.44243e-09
3.44243e-09
3.44243e-09
3.44243e-09
3.44243e-09
3.44243e-09
3.44243e-09
3.44243e-09
3.44243e-09
3.44243e-09
3.44243e-09
3.44243e-09
3.44243e-09
3.44243e-09
3.44243e-09
3.44243e-09
3.44243e-09
3.44243e-09
3.44243e-09
3.44243e-09
3.44243e-09
3.44243e-09
3.44243e-09
3.44243e-09
3.44243e-09
3.44243e-09
3.44243e-09
3.44243e-09
3.44243e-09
3.44243e-09
3.44243e-09
3.44243e-09
3.44243e-09
3.44243e-09
3.44243e-09
3.44243e-09
3.44243e-09
3.44243e-09
3.44243e-09
3.44243e-09
3.44243e-09
3.44243e-09
3.44243e-09
3.44243e-09
3.44243e-09
3.44243e-09
3.44243e-09
3.44243e-09
3.44243e-09
3.44243e-09
3.44243e-09
3.44243e-09
3.44243e-09
3.44243e-09
3.44243e-09
3.44243e-09
3.44243e-09
3.44243e-09
3.44243e-09
3.44243e-09
3.44243e-09
3.44243e-09
3.44243e-09
3.44243e-09
3.44243e-09
3.44243e-09
3.44243e-09
3.44243e-09
3.44243e-09
3.44243e-09
3.44243e-09
3.44243e-09
3.44243e-09
3.44243e-09
3.44243e-09
3.44243e-09
3.44243e-09
3.44243e-09
3.44243e-09
3.44243e-09
3.44243e-09
3.44243e-09
3.44243e-09
3.44243e-09
3.44243e-09
3.44243e-09
3.44243e-09
3.44243e-09
3.44243e-09
3.44243e-09
3.44243e-09
3.44243e-09
3.44243e-09
3.44243e-09
3.44243e-09
3.44243e-09
3.44243e-09
3.44243e-09
3.44243e-09
3.44243e-09
3.44243e-09
3.44243e-09
3.44243e-09
3.44243e-09
3.44243e-09
3.44243e-09
3.44243e-09
3.44243e-09
3.44243e-09
3.44243e-09
3.44243e-09
3.44243e-09
3.44243e-09
3.44243e-09
3.44243e-09
3.44243e-09
3.44243e-09
3.44243e-09
3.44243e-09
3.44243e-09
3.44243e-09
3.44243e-09
3.44243e-09
3.44243e-09
3.44243e-09
3.44243e-09
3.44243e-09
3.44243e-09
3.44243e-09
3.44243e-09
3.44243e-09
3.44243e-09
3.44243e-09
3.44243e-09
3.44243e-09
3.44243e-09
3.44243e-09
3.44243e-09
3.44243e-09
3.44243e-09
3.44243e-09
3.44243e-09
3.44243e-09
3.44243e-09
3.44243e-09
3.44243e-09
3.44243e-09
3.44243e-09
3.44243e-09
3.44243e-09
3.44243e-09
3.44243e-09
3.44243e-09
3.44243e-09
3.44243e-09
3.44243e-09
3.44243e-09
3.44243e-09
3.44243e-09
3.44243e-09
3.44243e-09
3.44243e-09
3.44243e-09
3.44243e-09
3.44243e-09
3.44243e-09
3.44243e-09
3.44243e-09
3.44243e-09
3.44243e-09
3.44243e-09
3.44243e-09
3.44243e-09
3.44243e-09
3.44243e-09
3.44243e-09
3.44243e-09
3.44243e-09
3.44243e-09
3.44243e-09
3.44243e-09
3.44243e-09
3.44243e-09
3.44243e-09
3.44243e-09
3.44243e-09
3.44243e-09
3.44243e-09
3.44243e-09
3.44243e-09
3.44243e-09
3.44243e-09
3.44243e-09
3.44243e-09
3.44243e-09
3.44243e-09
3.44243e-09
3.44243e-09
3.44243e-09
3.44243e-09
3.44243e-09
3.44243e-09
3.44243e-09
3.44243e-09
3.44243e-09
3.44243e-09
3.44243e-09
3.44243e-09
3.44243e-09
3.44243e-09
3.44243e-09
3.44243e-09
3.44243e-09
3.44243e-09
3.44243e-09
3.44243e-09
3.44243e-09
3.44243e-09
3.44243e-09
3.44243e-09
3.44243e-09
3.44243e-09
3.44243e-09
3.44243e-09
3.44243e-09
3.44243e-09
3.44243e-09
3.44243e-09
3.44243e-09
3.44243e-09
3.44243e-09
3.44243e-09
3.44243e-09
3.44243e-09
3.44243e-09
3.44243e-09
3.44243e-09
3.44243e-09
3.44243e-09
3.44243e-09
3.44243e-09
3.44243e-09
3.44243e-09
3.44243e-09
3.44243e-09
3.44243e-09
3.44243e-09
3.44243e-09
3.44243e-09
3.44243e-09
3.44243e-09
3.44243e-09
3.44243e-09
3.44243e-09
3.44243e-09
3.44243e-09
3.44243e-09
3.44243e-09
3.44243e-09
3.44243e-09
3.44243e-09
3.44243e-09
3.44243e-09
3.44243e-09
3.44243e-09
3.44243e-09
3.44243e-09
3.44243e-09
3.44243e-09
3.44243e-09
3.44243e-09
3.44243e-09
3.44243e-09
3.44243e-09
3.44243e-09
3.44243e-09
3.44243e-09
3.44243e-09
3.44243e-09
3.44243e-09
3.44243e-09
3.44243e-09
3.44243e-09
3.44243e-09
3.44243e-09
3.44243e-09
3.44243e-09
3.44243e-09
3.44243e-09
3.44243e-09
3.44243e-09
3.44243e-09
3.44243e-09
3.44243e-09
3.44243e-09
3.44243e-09
3.44243e-09
3.44243e-09
3.44243e-09
3.44243e-09
3.44243e-09
3.44243e-09
3.44243e-09
3.44243e-09
3.44243e-09
3.44243e-09
3.44243e-09
3.44243e-09
3.44243e-09
3.44243e-09
3.44243e-09
3.44243e-09
3.44243e-09
3.44243e-09
3.44243e-09
3.44243e-09
3.44243e-09
3.44243e-09
3.44243e-09
3.44243e-09
3.44243e-09
3.44243e-09
3.44243e-09
3.44243e-09
3.44243e-09
3.44243e-09
3.44243e-09
3.44243e-09
3.44243e-09
3.44243e-09
3.44243e-09
3.44243e-09
3.44243e-09
3.44243e-09
3.44243e-09
3.44243e-09
3.44243e-09
3.44243e-09
3.44243e-09
3.44243e-09
3.44243e-09
3.44243e-09
3.44243e-09
3.44243e-09
3.44243e-09
3.44243e-09
3.44243e-09
3.44243e-09
3.44243e-09
3.44243e-09
3.44243e-09
3.44243e-09
3.44243e-09
3.44243e-09
3.44243e-09
3.44243e-09
3.44243e-09
3.44243e-09
3.44243e-09
3.44243e-09
3.44243e-09
3.44243e-09
3.44243e-09
3.44243e-09
3.44243e-09
3.44243e-09
3.44243e-09
3.44243e-09
3.44243e-09
3.44243e-09
3.44243e-09
3.44243e-09
3.44243e-09
3.44243e-09
3.44243e-09
3.44243e-09
3.44243e-09
3.44243e-09
3.44243e-09
3.44243e-09
3.44243e-09
3.44243e-09
3.44243e-09
3.44243e-09
3.44243e-09
3.44243e-09
3.44243e-09
3.44243e-09
3.44243e-09
3.44243e-09
3.44243e-09
3.44243e-09
3.44243e-09
3.44243e-09
3.44243e-09
3.44243e-09
3.44243e-09
3.44243e-09
3.44243e-09
3.44243e-09
3.44243e-09
3.44243e-09
3.44243e-09
3.44243e-09
3.44243e-09
3.44243e-09
3.44243e-09
3.44243e-09
3.44243e-09
3.44243e-09
3.44243e-09
3.44243e-09
3.44243e-09
3.44243e-09
3.44243e-09
3.44243e-09
3.44243e-09
3.44243e-09
3.44243e-09
3.44243e-09
3.44243e-09
3.44243e-09
3.44243e-09
3.44243e-09
3.44243e-09
3.44243e-09
3.44243e-09
3.44243e-09
3.44243e-09
3.44243e-09
3.44243e-09
3.44243e-09
3.44243e-09
3.44243e-09
3.44243e-09
3.44243e-09
3.44243e-09
3.44243e-09
3.44243e-09
3.44243e-09
3.44243e-09
3.44243e-09
3.44243e-09
3.44243e-09
3.44243e-09
3.44243e-09
3.44243e-09
3.44243e-09
3.44243e-09
3.44243e-09
3.44243e-09
3.44243e-09
3.44243e-09
3.44243e-09
3.44243e-09
3.44243e-09
3.44243e-09
3.44243e-09
3.44243e-09
3.44243e-09
3.44243e-09
3.44243e-09
3.44243e-09
3.44243e-09
3.44243e-09
3.44243e-09
3.44243e-09
3.44243e-09
3.44243e-09
3.44243e-09
3.44243e-09
3.44243e-09
3.44243e-09
3.44243e-09
3.44243e-09
3.44243e-09
3.44243e-09
3.44243e-09
3.44243e-09
3.44243e-09
3.44243e-09
3.44243e-09
3.44243e-09
3.44243e-09
3.44243e-09
3.44243e-09
3.44243e-09
3.44243e-09
3.44243e-09
3.44243e-09
3.44243e-09
3.44243e-09
3.44243e-09
3.44243e-09
3.44243e-09
3.44243e-09
3.44243e-09
3.44243e-09
3.44243e-09
3.44243e-09
3.44243e-09
3.44243e-09
3.44243e-09
3.44243e-09
3.44243e-09
3.44243e-09
3.44243e-09
3.44243e-09
3.44243e-09
3.44243e-09
3.44243e-09
3.44243e-09
3.44243e-09
3.44243e-09
3.44243e-09
3.44243e-09
3.44243e-09
3.44243e-09
3.44243e-09
3.44243e-09
3.44243e-09
3.44243e-09
3.44243e-09
3.44243e-09
3.44243e-09
3.44243e-09
3.44243e-09
3.44243e-09
3.44243e-09
3.44243e-09
3.44243e-09
3.44243e-09
3.44243e-09
3.44243e-09
3.44243e-09
3.44243e-09
3.44243e-09
3.44243e-09
3.44243e-09
3.44243e-09
3.44243e-09
3.44243e-09
3.44243e-09
3.44243e-09
3.44243e-09
3.44243e-09
3.44243e-09
3.44243e-09
3.44243e-09
3.44243e-09
3.44243e-09
3.44243e-09
3.44243e-09
3.44243e-09
3.44243e-09
3.44243e-09
3.44243e-09
3.44243e-09
3.44243e-09
3.44243e-09
3.44243e-09
3.44243e-09
3.44243e-09
3.44243e-09
3.44243e-09
3.44243e-09
3.44243e-09
3.44243e-09
3.44243e-09
3.44243e-09
3.44243e-09
3.44243e-09
3.44243e-09
3.44243e-09
3.44243e-09
3.44243e-09
3.44243e-09
3.44243e-09
3.44243e-09
3.44243e-09
3.44243e-09
3.44243e-09
3.44243e-09
3.44243e-09
3.44243e-09
3.44243e-09
3.44243e-09
3.44243e-09
3.44243e-09
3.44243e-09
3.44243e-09
3.44243e-09
3.44243e-09
3.44243e-09
3.44243e-09
3.44243e-09
3.44243e-09
3.44243e-09
3.44243e-09
3.44243e-09
3.44243e-09
3.44243e-09
3.44243e-09
3.44243e-09
3.44243e-09
3.44243e-09
3.44243e-09
3.44243e-09
3.44243e-09
3.44243e-09
3.44243e-09
3.44243e-09
3.44243e-09
3.44243e-09
3.44243e-09
3.44243e-09
3.44243e-09
3.44243e-09
3.44243e-09
3.44243e-09
3.44243e-09
3.44243e-09
3.44243e-09
3.44243e-09
3.44243e-09
3.44243e-09
3.44243e-09
3.44243e-09
3.44243e-09
3.44243e-09
3.44243e-09
3.44243e-09
3.44243e-09
3.44243e-09
3.44243e-09
3.44243e-09
3.44243e-09
3.44243e-09
3.44243e-09
3.44243e-09
3.44243e-09
3.44243e-09
3.44243e-09
3.44243e-09
3.44243e-09
3.44243e-09
3.44243e-09
3.44243e-09
3.44243e-09
3.44243e-09
3.44243e-09
3.44243e-09
3.44243e-09
3.44243e-09
3.44243e-09
3.44243e-09
3.44243e-09
3.44243e-09
3.44243e-09
3.44243e-09
3.44243e-09
3.44243e-09
3.44243e-09
3.44243e-09
3.44243e-09
3.44243e-09
3.44243e-09
3.44243e-09
3.44243e-09
3.44243e-09
3.44243e-09
3.44243e-09
3.44243e-09
3.44243e-09
3.44243e-09
3.44243e-09
3.44243e-09
3.44243e-09
3.44243e-09
3.44243e-09
3.44243e-09
3.44243e-09
3.44243e-09
3.44243e-09
3.44243e-09
3.44243e-09
3.44243e-09
3.44243e-09
3.44243e-09
3.44243e-09
3.44243e-09
3.44243e-09
3.44243e-09
3.44243e-09
3.44243e-09
3.44243e-09
3.44243e-09
3.44243e-09
3.44243e-09
3.44243e-09
3.44243e-09
3.44243e-09
3.44243e-09
3.44243e-09
3.44243e-09
3.44243e-09
3.44243e-09
3.44243e-09
3.44243e-09
3.44243e-09
3.44243e-09
3.44243e-09
3.44243e-09
3.44243e-09
3.44243e-09
3.44243e-09
3.44243e-09
3.44243e-09
3.44243e-09
3.44243e-09
3.44243e-09
3.44243e-09
3.44243e-09
3.44243e-09
3.44243e-09
3.44243e-09
3.44243e-09
3.44243e-09
3.44243e-09
3.44243e-09
3.44243e-09
3.44243e-09
3.44243e-09
3.44243e-09
3.44243e-09
3.44243e-09
3.44243e-09
3.44243e-09
3.44243e-09
3.44243e-09
3.44243e-09
3.44243e-09
3.44243e-09
3.44243e-09
3.44243e-09
3.44243e-09
3.44243e-09
3.44243e-09
3.44243e-09
3.44243e-09
3.44243e-09
3.44243e-09
3.44243e-09
3.44243e-09
3.44243e-09
3.44243e-09
3.44243e-09
3.44243e-09
3.44243e-09
3.44243e-09
3.44243e-09
3.44243e-09
3.44243e-09
3.44243e-09
3.44243e-09
3.44243e-09
3.44243e-09
3.44243e-09
3.44243e-09
3.44243e-09
3.44243e-09
3.44243e-09
3.44243e-09
3.44243e-09
3.44243e-09
3.44243e-09
3.44243e-09
3.44243e-09
3.44243e-09
3.44243e-09
3.44243e-09
3.44243e-09
3.44243e-09
3.44243e-09
3.44243e-09
3.44243e-09
3.44243e-09
3.44243e-09
3.44243e-09
3.44243e-09
3.44243e-09
3.44243e-09
3.44243e-09
3.44243e-09
3.44243e-09
3.44243e-09
3.44243e-09
3.44243e-09
3.44243e-09
3.44243e-09
3.44243e-09
3.44243e-09
3.44243e-09
3.44243e-09
3.44243e-09
3.44243e-09
