3.22388e+06
583379
583379
583379
583379
583379
583379
583379
583379
583379
583379
221670
221670
205926
77220
36190.7
36190.7
36190.7
36190.7
36190.7
36190.7
36190.7
36190.7
36190.7
36190.7
36190.7
29011.9
29011.9
18994.5
18271.9
18271.9
11417.5
11417.5
4034.23
2358.27
1400.58
1400.58
1400.58
1343.24
1343.24
1259.15
1259.15
1124.85
356.131
356.131
356.131
356.131
313.709
311.869
311.869
311.869
292.706
283.012
273.703
273.703
268.73
257.015
250.905
246.83
246.83
231.865
231.865
212.074
204.716
204.716
204.716
204.716
204.716
204.716
204.716
204.693
204.693
204.693
190.842
190.842
190.842
190.842
190.842
190.842
190.842
190.842
190.842
190.842
190.842
190.842
190.842
190.842
190.842
190.842
190.842
190.842
190.842
190.842
190.842
190.842
190.842
190.842
190.842
173.541
173.541
173.541
173.541
173.541
173.541
173.541
173.541
173.541
173.541
173.541
173.541
173.541
173.541
173.541
173.541
173.541
173.541
173.541
173.541
173.541
173.541
173.541
173.541
173.541
173.541
173.541
173.541
173.541
173.541
173.541
173.541
173.541
173.541
173.541
173.541
173.541
173.541
173.541
173.541
173.541
173.541
173.541
173.541
173.541
173.541
173.541
173.541
173.541
173.541
173.541
173.541
173.541
173.541
173.541
173.541
173.541
173.541
173.541
173.541
173.541
173.541
173.541
173.541
173.541
173.541
173.541
173.541
173.541
173.541
173.541
173.541
173.541
173.541
173.541
173.541
173.541
161.181
161.181
161.181
161.181
161.181
161.181
161.181
161.181
161.181
161.181
161.181
161.181
161.181
161.181
161.181
161.181
161.181
161.181
161.181
161.181
161.181
161.181
161.181
161.181
161.181
161.181
161.181
161.181
161.181
161.181
161.181
161.181
161.181
161.181
161.181
161.181
161.181
161.181
161.181
161.181
161.181
161.181
161.181
161.181
161.181
161.181
161.181
161.181
161.181
161.181
161.181
161.181
161.181
161.181
161.181
161.181
161.181
161.181
161.181
161.181
161.181
161.181
161.181
161.181
161.181
161.181
161.181
161.181
161.181
161.181
161.181
161.181
161.181
161.181
161.181
161.181
161.181
161.181
161.181
161.181
161.181
161.181
161.181
161.181
161.181
161.181
161.181
161.181
161.181
161.181
161.181
161.181
161.181
161.181
161.181
161.181
161.181
161.181
161.181
161.181
161.181
161.181
161.181
161.181
161.181
161.181
161.181
161.181
161.181
161.181
161.181
161.181
161.181
161.181
161.181
161.181
161.181
161.181
161.181
161.181
161.181
161.181
161.181
161.181
161.181
161.181
161.181
161.181
161.181
161.181
161.181
161.181
161.181
161.181
161.181
161.181
161.181
161.181
161.181
161.181
161.181
161.181
161.181
161.181
161.181
161.181
161.181
161.181
161.181
161.181
161.181
161.181
161.181
161.181
161.181
161.181
161.181
161.181
161.181
161.181
161.181
161.181
161.181
161.181
161.181
161.181
161.181
161.181
161.181
161.181
161.181
161.181
161.181
161.181
161.181
161.181
161.181
161.181
161.181
161.181
161.181
144
144
144
144
144
144
144
144
144
144
144
144
144
144
144
144
144
144
144
144
144
144
144
144
144
144
144
144
144
144
144
144
144
144
144
144
144
144
144
144
144
144
144
144
144
144
144
144
144
144
144
144
144
144
144
144
144
144
144
144
144
144
144
144
144
144
144
144
144
144
144
144
144
144
144
144
144
144
144
144
144
144
144
144
144
144
144
144
144
144
144
144
144
144
144
144
144
144
144
144
144
144
144
144
144
144
144
144
144
144
144
144
144
144
144
144
144
144
144
144
144
144
144
144
144
144
144
144
144
144
144
144
144
144
144
144
144
144
144
144
144
144
144
144
144
144
144
144
144
144
144
144
144
144
144
144
144
144
144
144
144
144
144
144
144
144
144
144
144
144
144
144
144
144
144
144
144
144
144
144
144
144
144
144
144
144
144
144
144
144
144
144
144
144
144
144
144
144
144
144
144
144
144
144
144
144
144
144
144
144
144
144
144
144
144
144
144
144
144
144
144
144
144
144
144
144
144
144
144
144
144
144
144
144
144
144
144
144
144
144
144
144
144
144
144
144
144
144
144
144
144
144
144
144
144
144
144
144
144
144
144
144
144
144
144
144
144
144
144
144
144
144
144
144
144
144
144
144
144
144
144
144
144
144
144
144
144
144
144
144
144
144
144
144
144
144
144
144
144
144
144
144
144
144
144
144
144
144
144
144
144
144
144
144
144
144
144
144
144
144
144
144
144
144
144
144
144
144
144
144
144
144
144
144
144
144
144
144
144
144
144
144
144
144
144
144
144
144
144
144
144
144
144
144
144
144
144
144
144
144
144
144
144
144
144
144
144
144
144
144
144
144
144
144
144
144
144
144
144
144
144
144
144
144
144
144
144
144
144
144
144
144
144
144
144
144
144
144
144
144
144
144
144
144
144
144
144
144
144
144
144
144
144
144
144
144
144
144
144
144
144
144
144
144
144
144
144
144
144
144
144
144
144
144
144
144
144
144
144
144
144
144
144
141.662
141.662
141.662
141.662
141.662
141.662
141.662
141.662
141.662
141.662
141.662
141.662
141.662
141.662
141.662
141.662
141.331
141.331
141.331
118.671
117.605
117.605
111.989
111.989
111.989
111.989
110.544
91.84
90.4052
77.1389
77.1389
77.1389
77.1389
72.5631
72.5631
72.5631
72.5631
72.5631
72.5631
72.5631
71.4059
68.903
66.8681
57.8198
57.8198
57.8198
57.8198
57.8198
57.8198
57.8198
57.8198
57.8198
57.8198
57.8198
57.8198
57.8198
57.8198
57.8198
57.8198
57.8198
57.8198
57.8198
57.8198
57.8198
57.8198
57.8198
57.8198
57.8198
57.0668
57.0668
57.0668
54.2829
54.2829
54.2829
54.1084
53.95
53.8582
51.8553
51.0785
49.0887
49.0887
47.7068
46.923
44.784
42.0124
41.2015
39.5344
39.1028
38.5979
37.9722
36.2403
35.9414
35.007
34.4335
34.2853
33.3984
33.3984
33.3984
32.4594
32.3589
31.6401
31.6401
31.0951
30.9917
30.2733
29.8487
29.2335
29.0193
28.4357
27.7583
27.3641
27.2028
26.9543
26.2456
26.2456
26.0044
25.8314
25.6773
25.4682
25.3708
25.0531
25.0531
25.0284
25.0284
24.9925
24.9242
24.8689
24.8689
24.796
24.7747
24.7431
24.6792
24.625
24.5818
24.5383
24.4792
24.4592
24.4159
24.4064
24.3969
24.3492
24.3288
24.3133
24.282
24.2693
24.2461
24.2322
24.2232
24.2077
24.2034
24.2012
24.1948
24.1948
24.1887
24.1767
24.1699
24.1585
24.1475
24.1374
24.126
24.1126
24.1053
24.0805
24.0753
24.058
24.0432
24.0216
24.003
23.984
23.972
23.9556
23.9556
23.9556
23.9556
23.9556
23.9556
23.9556
23.9556
23.9556
23.9556
23.9556
23.9556
23.9556
23.9556
23.9556
23.9556
23.9556
23.9556
23.9556
23.9556
23.9556
23.9556
23.9556
23.9556
23.9556
23.9556
23.9556
23.9556
23.9556
23.9556
23.9556
23.9556
23.9556
23.9556
23.9556
23.9556
23.9556
23.9556
23.9556
23.9556
23.9556
23.9556
23.9556
23.9556
23.9556
23.9556
23.9556
23.9556
23.9556
23.9556
23.9556
23.9556
23.9556
23.9556
23.9556
23.9556
23.9556
23.9556
23.9556
23.9556
23.9556
23.9556
23.9556
23.9556
23.9556
23.9556
23.9556
23.9556
23.9556
23.9556
23.9556
23.9556
23.9556
23.9556
23.9556
23.9556
23.9556
23.9556
23.9556
23.9556
23.9556
23.9556
23.9556
23.9556
23.9556
23.9556
23.9556
23.9556
23.9556
23.9556
23.9556
23.9556
23.9556
23.9556
23.9556
23.9556
23.9556
23.9556
23.9556
23.9556
23.9556
23.9556
23.9556
23.9556
23.9556
23.9556
23.9556
23.9556
23.9556
23.9556
23.9556
23.9556
23.9556
23.9556
23.9556
23.9556
23.9556
23.9556
23.9556
23.9556
23.9556
23.9556
23.9556
23.9556
23.9556
23.9556
23.9556
23.9556
23.9556
23.9556
23.9556
23.9556
23.9556
23.9556
23.9556
23.9556
23.9556
23.9556
23.9556
23.9556
23.9556
23.9556
23.9556
23.9556
23.9556
23.9556
23.9556
23.9556
23.9556
23.9556
23.9556
23.9556
23.9556
23.9556
23.9556
23.9556
23.9556
23.9556
23.9556
23.9556
23.9556
23.9556
23.9556
23.9556
23.9556
23.9556
23.9556
23.9556
23.9556
23.9556
23.9556
23.9556
23.9556
23.9556
23.9556
23.9556
23.9556
23.9556
23.9556
23.9556
23.9556
23.9556
23.9556
23.9556
23.9556
23.9556
23.9556
23.9556
23.9556
23.9556
23.9556
23.9556
23.9556
23.9556
23.9556
23.9556
23.9556
23.9556
23.9556
23.9556
23.9556
23.9556
23.9556
23.9556
23.9556
23.9556
23.9556
23.9556
23.9556
23.9556
23.9556
23.9556
23.9556
23.9556
23.9556
23.9556
23.9556
23.9556
23.9556
23.9556
23.9556
23.9556
23.9556
23.9556
23.9556
23.9556
23.9556
23.9556
23.9556
23.9556
23.9556
23.9556
23.9556
23.9556
23.9556
23.9556
23.9556
23.9556
23.9556
23.9556
23.9556
23.9556
23.9556
23.9556
23.9556
23.9556
23.9556
23.9556
23.9556
23.9556
23.9556
23.9556
23.9556
23.9556
23.9556
23.9556
23.9556
23.9556
23.9556
23.9556
23.9556
23.9556
23.9556
23.9556
23.9556
23.9556
23.9556
23.9556
23.9556
23.9556
23.9556
23.9556
23.9556
23.9556
23.9556
23.9556
23.9556
23.9556
23.9556
23.9556
23.9556
23.9556
23.9556
23.9556
23.9556
23.9556
23.9556
23.9556
23.9556
23.9556
23.9556
23.9556
23.9556
23.9556
23.9556
23.9556
23.9556
23.9556
23.9556
23.9556
23.9556
23.9556
23.9556
23.9556
23.9556
23.9556
23.9556
23.9556
23.9556
23.9556
23.9556
23.9556
23.9556
23.9556
23.9556
23.9556
23.9556
23.9556
23.9556
23.9556
23.9556
23.9556
23.9556
23.9556
23.9556
23.9556
23.9556
23.9556
23.9556
23.9556
23.9556
23.9556
23.9556
23.9556
23.9556
23.9556
23.9556
23.9556
23.9556
23.9556
23.9556
23.9556
23.9556
23.9556
23.9556
23.9556
23.9556
23.9556
23.9556
23.9556
23.9556
23.9556
23.9556
23.9556
23.9556
23.9556
23.9556
23.9556
23.9556
23.9556
23.9556
23.9556
23.9556
23.9556
23.9556
23.9556
23.9556
23.9556
23.9556
23.9556
23.9556
23.9556
23.9556
23.9556
23.9556
23.9556
23.9556
23.9556
23.9556
23.9556
23.9556
23.9556
23.9556
23.9556
23.9556
23.9556
23.9556
23.9556
23.9556
23.9556
23.9556
23.9556
23.9556
23.9556
23.9556
23.9556
23.9556
23.9556
23.9556
23.9556
23.9556
23.9556
23.9556
23.9556
23.9556
23.9556
23.9556
23.9556
23.9556
23.9556
23.9556
23.9556
23.9556
23.9556
23.9556
23.9556
23.9556
23.9556
23.9556
23.9556
23.9556
23.9556
23.9556
23.9556
23.9556
23.9556
23.9556
23.9556
23.9556
23.9556
23.9556
23.9556
23.9556
23.9556
23.9556
23.9556
23.9556
23.9556
23.9556
23.9556
23.9556
23.9556
23.9556
23.9556
23.9556
23.9556
23.9556
23.9556
23.9556
23.9556
23.9556
23.9556
23.9556
23.9556
23.9556
23.9556
23.9556
23.9556
23.9556
23.9556
23.9556
23.9556
23.9556
23.9556
23.9556
23.9556
23.9556
23.9556
23.9556
23.9556
23.9556
23.9556
23.9556
23.9556
23.9556
23.9556
23.9556
23.9556
23.9556
23.9556
23.9556
23.9556
23.9556
23.9556
23.9556
23.9556
23.9556
23.9556
23.9556
23.9556
23.9556
23.9556
23.9556
23.9556
23.9556
23.9556
23.9556
23.9556
23.9556
23.9556
23.9556
23.9556
23.9556
23.9556
23.9556
23.9556
23.9556
23.9556
23.9556
23.9556
23.9556
23.9556
23.9556
23.9556
23.9556
23.9556
23.9556
23.9556
23.9556
23.9556
23.9556
23.9556
23.9556
23.9556
23.9556
23.9556
23.9556
23.9556
23.9556
23.9556
23.9556
23.9556
23.9556
23.9556
23.9556
23.9556
23.9556
23.9556
23.9556
23.9556
23.9556
23.9556
23.9556
23.9556
23.9556
23.9556
23.9556
23.9556
23.9556
23.9556
23.9556
23.9556
23.9556
23.9556
23.9556
23.9556
23.9556
23.9556
23.9556
23.9556
23.9556
23.9556
23.9556
23.9556
23.9556
23.9556
23.9556
23.9556
23.9556
23.9556
23.9556
23.9556
23.9556
23.9556
23.9556
23.9556
23.9556
23.9556
23.9556
23.9556
23.9556
23.9556
23.9556
23.9556
23.9556
23.9556
23.9556
23.9556
23.9556
23.9556
23.9556
23.9556
23.9556
23.9556
23.9556
23.9556
23.9556
23.9556
23.9556
23.9556
23.9556
23.9556
23.9556
23.9556
23.9556
23.9556
23.9556
23.9556
23.9556
23.9556
23.9556
23.9556
23.9556
23.9556
23.9556
23.9556
23.9556
23.9556
23.9556
23.9556
23.9556
23.9556
23.9556
23.9556
23.9556
23.9556
23.9556
23.9556
23.9556
23.9556
23.9556
23.9556
23.9556
23.9556
23.9556
23.9556
23.9556
23.9556
23.9556
23.9556
23.9556
23.9556
23.9556
23.9556
23.9556
23.9556
23.9556
23.9556
23.9556
23.9556
23.9556
23.9556
23.9556
23.9556
23.9556
23.9556
23.9556
23.9556
23.9556
23.9556
23.9556
23.9556
23.9556
23.9556
23.9556
23.9556
23.9556
23.9556
23.9556
23.9556
23.9556
23.9556
23.9556
23.9556
23.9556
23.9556
23.9556
23.9556
23.9556
23.9556
23.9556
23.9556
23.9556
23.9556
23.9556
23.9556
23.9556
23.9556
23.9556
23.9556
23.9556
23.9556
23.9556
23.9556
23.9556
23.9556
23.9556
23.9556
23.9556
23.9556
23.9556
23.9556
23.9556
23.9556
23.9556
23.9556
23.9556
23.9556
23.9556
23.9556
23.9556
23.9556
23.9556
23.9556
23.9556
23.9556
23.9556
23.9556
23.9556
23.9556
23.9556
23.9556
23.9556
23.9556
23.9556
23.9556
23.9556
23.9556
23.9556
23.9556
23.9556
23.9556
23.9556
23.9556
23.9556
23.9556
23.9556
23.9556
23.9556
23.9556
23.9556
23.9556
23.9556
23.9556
23.9556
23.9556
23.9556
23.9556
23.9556
23.9556
23.9556
23.9556
23.9556
23.9556
23.9556
23.9556
23.9556
23.9556
23.9556
23.9556
23.9556
23.9556
23.9556
23.9556
23.9556
23.9556
23.9556
23.9556
23.9556
23.9556
23.9556
23.9556
23.9556
23.9556
23.9556
23.9556
23.9556
23.9556
23.9556
23.9556
23.9556
23.9556
23.9556
23.9556
23.9556
23.9556
23.9556
23.9556
23.9556
23.9556
23.9556
23.9556
23.9556
23.9556
23.9556
23.9556
23.9556
23.9556
23.9556
23.9556
23.9556
23.9556
23.9556
23.9556
23.9556
23.9556
23.9556
23.9556
23.9556
23.9556
23.9556
23.9556
23.9556
23.9556
23.9556
23.9556
23.9556
23.9556
23.9556
23.9556
23.9556
23.9556
23.9556
23.9556
23.9556
23.9556
23.9556
23.9556
23.9556
23.9556
23.9556
23.9556
23.9556
23.9556
23.9556
23.9556
23.9556
23.9556
23.9556
23.9556
23.9556
23.9556
23.9556
23.9556
23.9556
23.9556
23.9556
23.9556
23.9556
23.9556
23.9556
23.9556
23.9556
23.9556
23.9556
23.9556
23.9556
23.9556
23.9556
23.9556
23.9556
23.9556
23.9556
23.9556
23.9556
23.9556
23.9556
23.9556
23.9556
23.9556
23.9556
23.9556
23.9556
23.9556
23.9556
23.9556
23.9556
23.9556
23.9556
23.9556
23.9556
23.9556
23.9556
23.9556
23.9556
23.9556
23.9556
23.9556
23.9556
23.9556
23.9556
23.9556
23.9556
23.9556
23.9556
23.9556
23.9556
23.9556
23.9556
23.9556
23.9556
23.9556
23.9556
23.9556
23.9556
23.9556
23.9556
23.9556
23.9556
23.9556
23.9556
23.9556
23.9556
23.9556
23.9556
23.9556
23.9556
23.9556
23.9556
23.9556
23.9556
23.9556
23.9556
23.9556
23.9556
23.9556
23.9556
23.9556
23.9556
23.9556
23.9556
23.9556
23.9556
23.9556
23.9556
23.9556
23.9556
23.9556
23.9556
23.9556
23.9556
23.9556
23.9556
23.9556
23.9556
23.9556
23.9556
23.9556
23.9556
23.9556
23.9556
23.9556
23.9556
23.9556
23.9556
23.9556
23.9556
23.9556
23.9556
23.9556
23.9556
23.9556
23.9556
23.9556
23.9556
23.9556
23.9556
23.9556
23.9556
23.9556
23.9556
23.9556
23.9556
23.9556
23.9556
23.9556
23.9556
23.9556
23.9556
23.9556
23.9556
23.9556
23.9556
23.9556
23.9556
23.9556
23.9556
23.9556
23.9556
23.9556
23.9556
23.9556
23.9556
23.9556
23.9556
23.9556
23.9556
23.9556
23.9556
23.9556
23.9556
23.9556
23.9556
23.9556
23.9556
23.9556
23.9556
23.9556
23.9556
23.9556
23.9556
23.9556
23.9556
23.9556
23.9556
23.9556
23.9556
23.9556
23.9556
23.9556
23.9556
23.9556
23.9556
23.9556
23.9556
23.9556
23.9556
23.9556
23.9556
23.9556
23.9556
23.9556
23.9556
23.9556
23.9556
23.9556
23.9556
23.9556
23.9556
23.9556
23.9556
23.9556
23.9556
23.9556
23.9556
23.9556
23.9556
23.9556
23.9556
23.9556
23.9556
23.9556
23.9556
23.9556
23.9556
23.9556
23.9556
23.9556
23.9556
23.9556
23.9556
23.9556
23.9556
23.9556
23.9556
23.9556
23.9556
23.9556
23.9556
23.9556
23.9556
23.9556
23.9556
23.9556
23.9556
23.9556
23.9556
23.9556
23.9556
23.9556
23.9556
23.9556
23.9556
23.9556
23.9556
23.9556
23.9556
23.9556
23.9556
23.9556
23.9556
23.9556
23.9556
23.9556
23.9556
23.9556
23.9556
23.9556
23.9556
23.9556
23.9556
23.9556
23.9556
23.9556
23.9556
23.9556
23.9556
23.9556
23.9556
23.9556
23.9556
23.9556
23.9556
23.9556
23.9556
23.9556
23.9556
23.9556
23.9556
23.9556
23.9556
23.9556
23.9556
23.9556
23.9556
23.9556
23.9556
23.9556
23.9556
23.9556
23.9556
23.9556
23.9556
23.9556
23.9556
23.9556
23.9556
23.9556
23.9556
23.9556
23.9556
23.9556
23.9556
23.9556
23.9556
23.9556
23.9556
23.9556
23.9556
23.9556
23.9556
23.9556
23.9556
23.9556
23.9556
23.9556
23.9556
23.9556
23.9556
23.9556
23.9556
23.9556
23.9556
23.9556
23.9556
23.9556
23.9556
23.9556
23.9556
23.9556
23.9556
23.9556
23.9556
23.9556
23.9556
23.9556
23.9556
23.9556
23.9556
23.9556
23.9556
23.9556
23.9556
23.9556
23.9556
23.9556
23.9556
23.9556
23.9556
23.9556
23.9556
23.9556
23.9556
23.9556
23.9556
23.9556
23.9556
23.9556
23.9556
23.9556
23.9556
23.9556
23.9556
23.9556
23.9556
23.9556
23.9556
23.9556
23.9556
23.9556
23.9556
23.9556
23.9556
23.9556
23.9556
23.9556
23.9556
23.9556
23.9556
23.9556
23.9556
23.9556
23.9556
23.9556
23.9556
23.9556
23.9556
23.9556
23.9556
23.9556
23.9556
23.9556
23.9556
23.9556
23.9556
23.9556
23.9556
23.9556
23.9556
23.9556
23.9556
23.9556
23.9556
23.9556
23.9556
23.9556
23.9556
23.9556
23.9556
23.9556
23.9556
23.9556
23.9556
23.9556
23.9556
23.9556
23.9556
23.9556
23.9556
23.9556
23.9556
23.9556
23.9556
23.9556
23.9556
23.9556
23.9556
23.9556
23.9556
23.9556
23.9556
23.9556
23.9556
23.9556
23.9556
23.9556
23.9556
23.9556
23.9556
23.9556
23.9556
23.9556
23.9556
23.9556
23.9556
23.9556
23.9556
23.9556
23.9556
23.9556
23.9556
23.9556
23.9556
23.9556
23.9556
23.9556
23.9556
23.9556
23.9556
23.9556
23.9556
23.9556
23.9556
23.9556
23.9556
23.9556
23.9556
23.9556
23.9556
23.9556
23.9556
23.9556
23.9556
23.9556
23.9556
23.9556
23.9556
23.9556
23.9556
23.9556
23.9556
23.9556
23.9556
23.9556
23.9556
23.9556
23.9556
23.9556
23.9556
23.9556
23.9556
23.9556
23.9556
23.9556
23.9556
23.9556
23.9556
23.9556
23.9556
23.9556
23.9556
23.9556
23.9556
23.9556
23.9556
23.9556
23.9556
23.9556
23.9556
23.9556
23.9556
23.9556
23.9556
23.9556
23.9556
23.9556
23.9556
23.9556
23.9556
23.9556
23.9556
23.9556
23.9556
23.9556
23.9556
23.9556
23.9556
23.9556
23.9556
23.9556
23.9556
23.9556
23.9556
23.9556
23.9556
23.9556
23.9556
23.9556
23.9556
23.9556
23.9556
23.9556
23.9556
23.9556
23.9556
23.9556
23.9556
23.9556
23.9556
23.9556
23.9556
23.9556
23.9556
23.9556
23.9556
23.9556
23.9556
23.9556
23.9556
23.9556
23.9556
23.9556
23.9556
23.9556
23.9556
23.9556
23.9556
23.9556
23.9556
23.9556
23.9556
23.9556
23.9556
23.9556
23.9556
23.9556
23.9556
23.9556
23.9556
23.9556
23.9556
23.9556
23.9556
23.9556
23.9556
23.9556
23.9556
23.9556
23.9556
23.9556
23.9556
23.9556
23.9556
23.9556
23.9556
23.9556
23.9556
23.9556
23.9556
23.9556
23.9556
23.9556
23.9556
23.9556
23.9556
23.9556
23.9556
23.9556
23.9556
23.9556
23.9556
23.9556
23.9556
23.9556
23.9556
23.9556
23.2837
21.5896
21.3286
19.7631
18.0274
17.5982
14.921
13.8436
12.7047
11.4114
10.6741
9.5175
9.5175
8.2562
7.85175
7.17489
6.69852
6.67984
5.85539
5.85539
5.75893
5.52181
5.34362
5.21695
4.85242
4.75343
4.64889
4.57514
4.56033
4.4786
4.44204
4.41125
4.41125
4.41125
4.41125
4.39875
4.39875
4.39639
4.38963
4.37679
4.35778
4.35778
4.33536
4.33536
4.33536
4.32899
4.32899
4.32899
4.32899
4.32899
4.32899
4.3255
4.3255
4.32198
4.32198
4.32198
4.32174
4.32046
4.31901
4.31778
4.31778
4.31778
4.31759
4.31759
4.31759
4.31707
4.31707
4.31673
4.31673
4.31673
4.31673
4.31673
4.31673
4.31673
4.31673
4.31673
4.31673
4.31673
4.31673
4.31673
4.31673
4.31673
4.31673
4.31673
4.31673
4.31673
4.31673
4.31673
4.31673
4.31673
4.31673
4.31673
4.31673
4.31673
4.31673
4.31673
4.31673
4.31673
4.31673
4.31673
4.31673
4.31673
4.31673
4.31673
4.31673
4.31673
4.31673
4.31673
4.31673
4.31673
4.31673
4.31673
4.31673
4.31673
4.31673
4.31673
4.31673
4.31673
4.31673
4.31673
4.31673
4.31673
4.31673
4.31673
4.31673
4.31673
4.31673
4.31673
4.31673
4.31673
4.31673
4.31673
4.31673
4.31673
4.31673
4.31673
4.31673
4.31673
4.31673
4.31673
4.31673
4.31673
4.31673
4.31673
4.31673
4.31673
4.31673
4.31673
4.31673
4.31673
4.31673
4.31673
4.31673
4.31673
4.31673
4.31673
4.31673
4.31673
4.31673
4.31673
4.31673
4.31673
4.31673
4.31673
4.31673
4.31673
4.31673
4.31673
4.31673
4.31673
4.31673
4.31673
4.31673
4.31673
4.31673
4.31673
4.31673
4.31673
4.31673
4.31673
4.31673
4.31673
4.31673
4.31673
4.31673
4.31673
4.31673
4.31673
4.31673
4.31673
4.31673
4.31673
4.31673
4.31673
4.31673
4.31673
4.31673
4.31673
4.31673
4.31673
4.31673
4.31673
4.31673
4.31673
4.31673
4.31673
4.31673
4.31673
4.31673
4.31673
4.31673
4.31673
4.31673
4.31673
4.31673
4.31673
4.31673
4.31673
4.31673
4.31673
4.31673
4.31673
4.31673
4.31673
4.31673
4.31673
4.31673
4.31673
4.31673
4.31673
4.31673
4.31673
4.31673
4.31673
4.31673
4.31673
4.31673
4.31673
4.31673
4.31673
4.31673
4.31673
4.31673
4.31673
4.31673
4.31673
4.31673
4.31673
4.31673
4.31673
4.31673
4.31673
4.31673
4.31673
4.31673
4.31673
4.31673
4.31673
4.31673
4.31673
4.31673
4.31673
4.31673
4.31673
4.31673
4.31673
4.31673
4.31673
4.31673
4.31673
4.31673
4.31673
4.31673
4.31673
4.31673
4.31673
4.31673
4.31673
4.31673
4.31673
4.31673
4.31673
4.31673
4.31673
4.31673
4.31673
4.31673
4.31673
4.31673
4.31673
4.31673
4.31673
4.31673
4.31673
4.31673
4.31673
4.31673
4.31673
4.31673
4.31673
4.31673
4.31673
4.31673
4.31673
4.31673
4.31673
4.31673
4.31673
4.31673
4.31673
4.31673
4.31673
4.31673
4.31673
4.31673
4.31673
4.31673
4.31673
4.31673
4.31673
4.31673
4.31673
4.31673
4.31673
4.31673
4.31673
4.31673
4.31673
4.31673
4.31673
4.31673
4.31673
4.31673
4.31673
4.31673
4.31673
4.31673
4.31673
4.31673
4.31673
4.31673
4.31673
4.31673
4.31673
4.31673
4.31673
4.31673
4.31673
4.31673
4.31673
4.31673
4.31673
4.31673
4.31673
4.31673
4.31673
4.31673
4.31673
4.31673
4.31673
4.31673
4.31673
4.31673
4.31673
4.31673
4.31673
4.31673
4.31673
4.31673
4.31673
4.31673
4.31673
4.31673
4.31673
4.31673
4.31673
4.31673
4.31673
4.31673
4.31673
4.31673
4.31673
4.31673
4.31673
4.31673
4.31673
4.31673
4.31673
4.31673
4.31673
4.31673
4.31673
4.31673
4.31673
4.31673
4.31673
4.31673
4.31673
4.31673
4.31673
4.31673
4.31673
4.31673
4.31673
4.31673
4.31673
4.31673
4.31673
4.31673
4.31673
4.31673
4.31673
4.31673
4.31673
4.31673
4.31673
4.31673
4.31673
4.31673
4.31673
4.31673
4.31673
4.31673
4.31673
4.31673
4.31673
4.31673
4.31673
4.31673
4.31673
4.31673
4.31673
4.31673
4.31673
4.31673
4.31673
4.31673
4.31673
4.31673
4.31673
4.31673
4.31673
4.31673
4.31673
4.31673
4.31673
4.31673
4.31673
4.31673
4.31673
