3.09246e+13
1.99618e+13
2.86301e+12
4.27616e+11
2.26651e+11
5.39259e+09
5.39259e+09
5.39259e+09
5.39259e+09
5.39259e+09
5.39259e+09
3.14444e+09
2.33826e+09
6.0915e+08
1.34713e+08
4.32508e+06
4.32508e+06
4.32508e+06
2.30656e+06
2.30656e+06
2.30656e+06
2.30656e+06
2.30656e+06
2.30656e+06
2.30656e+06
2.30656e+06
2.30656e+06
2.30656e+06
1.428e+06
599441
599441
119622
119622
119622
119622
119622
119622
119622
119622
119622
119622
59776
59776
59776
59776
59776
59776
59776
16933.9
14479.8
10041.5
7256.56
3054.62
3054.62
2890.55
2890.55
2002.16
1224.68
823.711
541.781
349.935
305.453
268.413
250.892
241.722
241.722
241.722
228.419
228.419
228.419
215.792
210.625
199.746
199.746
199.746
199.746
199.746
199.746
199.746
199.746
199.746
199.746
199.746
199.746
199.746
179.747
179.747
179.747
179.747
179.747
179.747
179.747
179.747
179.747
179.747
179.747
179.747
179.747
172.012
172.012
172.012
172.012
172.012
172.012
172.012
172.012
172.012
172.012
172.012
172.012
172.012
172.012
172.012
172.012
172.012
172.012
172.012
172.012
172.012
172.012
172.012
172.012
172.012
172.012
172.012
172.012
172.012
172.012
172.012
172.012
172.012
172.012
172.012
172.012
172.012
172.012
172.012
172.012
172.012
172.012
172.012
172.012
172.012
172.012
172.012
172.012
172.012
172.012
172.012
172.012
172.012
172.012
172.012
172.012
172.012
172.012
172.012
172.012
172.012
172.012
172.012
172.012
172.012
172.012
172.012
172.012
172.012
172.012
171.44
171.44
171.44
171.44
171.44
171.44
171.44
171.44
171.44
171.44
171.44
171.44
171.44
171.44
171.44
171.44
171.44
171.44
171.44
171.44
171.44
171.44
171.44
171.44
171.44
171.44
171.44
171.44
171.44
171.44
171.44
168.669
168.669
168.669
168.669
168.669
168.669
168.669
168.669
168.669
168.669
168.669
167.535
167.535
167.535
167.535
167.535
167.535
167.535
165.049
165.049
165.049
165.049
165.049
165.049
165.049
165.049
165.049
165.049
165.049
165.049
165.049
165.049
165.049
165.049
165.049
165.049
165.049
165.049
165.049
165.049
165.049
165.049
165.049
165.049
165.049
165.049
165.049
165.049
165.049
165.049
165.049
165.049
165.049
165.049
165.049
165.049
165.049
165.049
165.049
165.049
165.049
165.049
165.049
165.049
165.049
162.382
162.382
162.382
162.382
162.382
162.382
162.382
162.382
162.382
162.382
162.382
162.382
162.382
162.382
162.382
162.382
162.382
162.382
162.382
162.382
162.382
162.382
162.382
155.448
155.448
155.448
155.448
155.448
155.448
155.448
155.448
155.448
155.448
155.448
155.448
155.448
155.448
155.448
155.448
155.448
155.448
155.448
155.448
155.448
155.448
155.448
155.448
155.448
155.448
155.448
155.448
155.448
155.448
155.448
155.448
155.448
155.448
155.448
155.448
155.448
155.448
155.448
155.448
155.448
155.448
155.448
155.448
155.448
155.448
155.448
155.448
155.448
155.448
155.448
155.448
155.448
155.448
155.448
155.448
155.448
155.448
155.448
155.448
155.448
155.448
155.448
155.448
155.448
155.448
155.448
155.448
155.448
155.448
155.448
155.448
155.448
155.448
155.448
155.448
155.448
155.448
155.448
155.448
155.448
155.448
155.448
155.448
155.448
155.448
155.448
155.448
155.448
155.448
155.448
155.448
155.448
155.448
155.448
155.448
155.448
155.448
155.448
155.448
155.448
155.448
155.448
155.448
155.448
155.448
155.448
155.448
155.448
155.448
155.448
155.448
155.448
155.448
155.448
155.448
155.448
155.448
155.448
155.448
155.448
155.448
155.448
155.448
155.448
155.448
155.448
155.448
155.448
155.448
155.448
155.448
155.448
155.448
155.448
155.448
155.448
155.448
155.448
155.448
155.448
155.448
155.448
155.448
155.448
155.448
155.448
155.448
155.448
155.448
155.448
155.448
155.448
155.448
155.448
155.448
155.448
155.448
155.448
155.448
155.448
155.448
155.448
155.448
155.448
155.448
155.448
155.448
155.448
155.448
155.448
155.448
155.448
155.448
155.448
155.448
155.448
155.448
155.448
155.448
155.448
155.448
155.448
155.448
155.448
155.448
155.448
155.448
155.448
155.448
155.448
155.448
155.448
155.448
155.448
155.448
155.448
155.448
155.448
155.448
155.448
155.448
155.448
155.448
155.448
155.448
155.448
155.448
155.448
155.448
155.448
155.448
155.448
155.448
155.448
155.448
155.448
155.448
155.448
155.448
155.448
155.448
155.448
155.448
155.448
155.448
155.448
155.448
155.448
155.448
155.448
155.448
155.448
155.448
155.448
155.448
155.448
155.448
155.448
155.448
155.448
155.448
155.448
155.448
155.448
155.448
155.448
155.448
155.448
155.448
155.448
155.448
155.448
155.448
155.448
155.448
155.448
155.448
155.448
155.448
155.448
155.448
155.448
155.448
155.448
155.448
155.448
155.448
155.448
155.448
155.448
155.448
155.448
155.448
155.448
155.448
155.448
155.448
155.448
155.448
155.448
155.448
155.448
155.448
155.448
155.448
155.448
155.448
155.448
155.448
155.448
155.448
155.448
155.448
155.448
155.448
155.448
155.448
155.448
155.448
155.448
155.448
155.448
155.448
155.448
155.448
155.448
155.448
155.448
155.448
155.448
155.448
155.448
155.448
155.448
155.448
155.448
155.448
155.448
155.448
155.448
155.448
155.448
155.448
155.448
155.448
155.448
155.448
155.448
155.448
155.448
155.448
155.448
155.448
155.448
155.448
155.448
155.448
155.448
155.448
155.448
155.448
155.448
155.448
155.448
155.448
155.448
155.448
155.448
155.448
155.448
155.448
155.448
155.448
155.448
155.448
155.448
155.448
155.448
155.448
155.448
155.448
155.448
155.448
155.448
155.448
155.448
155.448
155.448
155.448
155.448
155.448
155.448
155.448
155.448
155.448
155.448
155.448
155.448
155.448
155.448
155.448
155.448
155.448
155.448
155.448
155.448
155.448
155.448
155.448
155.448
155.448
155.448
155.448
155.448
155.448
155.448
155.448
155.448
155.448
155.448
155.448
155.448
155.448
155.448
155.448
155.448
155.448
155.448
155.448
155.448
155.448
155.448
155.448
155.448
155.448
155.448
155.448
155.448
155.448
155.448
155.448
155.448
155.448
155.448
155.448
155.448
155.448
155.448
155.448
155.448
155.448
155.448
155.448
155.448
155.448
155.448
155.448
155.448
155.448
155.448
155.448
155.448
155.448
155.448
155.448
155.448
155.448
155.448
155.448
155.448
155.448
155.448
155.448
155.448
155.448
155.448
155.448
155.448
155.448
155.448
155.448
155.448
155.448
155.448
155.448
155.448
155.448
155.448
155.448
155.448
155.448
155.448
155.448
155.448
155.448
155.448
155.448
155.448
155.448
155.448
155.448
155.448
155.448
155.448
155.448
154.712
150.795
150.795
150.795
150.795
150.795
150.795
150.795
150.795
150.795
150.795
150.795
140.636
140.636
140.636
140.636
140.636
140.636
140.636
140.636
140.636
140.636
140.636
140.636
140.636
140.636
140.636
140.636
140.636
140.636
140.636
140.636
140.636
140.636
140.636
140.636
140.636
140.636
140.636
140.636
140.636
140.636
140.636
140.636
140.636
140.636
140.636
140.636
140.636
140.636
140.636
140.636
140.636
140.636
140.636
140.636
140.636
140.636
140.636
140.636
140.636
140.636
140.636
140.636
140.636
140.636
140.636
140.636
140.636
140.636
140.636
140.636
140.636
140.636
140.636
140.636
140.636
140.636
140.636
140.636
140.636
140.636
140.636
140.636
140.636
140.636
140.636
140.636
140.636
140.636
140.636
140.636
140.636
140.636
140.636
140.636
140.636
140.636
140.636
140.302
134.382
134.382
134.382
126.354
116.263
116.263
116.263
116.263
116.263
116.263
116.263
116.263
116.263
116.263
116.263
116.263
116.263
116.263
116.263
116.263
116.263
116.263
116.263
116.263
116.263
116.263
116.263
114.612
114.612
114.612
114.612
114.612
114.612
114.612
114.612
114.612
114.612
114.612
114.612
114.612
114.612
114.612
114.612
113.525
111.118
111.118
111.118
111.118
111.118
111.118
106.511
104.909
104.112
104.089
104.089
104.089
96.4485
96.4485
96.4485
96.4485
96.4485
96.4485
96.4485
96.4485
96.4485
96.4485
96.4485
96.4485
96.4485
96.0663
96.0663
95.5152
95.5152
95.0245
94.6999
94.6496
94.447
94.3204
94.193
93.6362
93.0934
92.8782
92.7254
92.3693
92.2027
92.131
91.782
91.7322
91.5532
91.5261
91.3467
91.1817
91.1351
91.1351
91.1238
91.1238
91.0883
91.0623
91.0456
91.0241
91.0226
91.0041
90.9945
90.9883
90.9872
90.9872
90.9776
90.9775
90.9675
90.9675
90.9567
90.9567
90.9567
90.9567
90.9567
90.9559
90.954
90.9529
90.9529
90.9513
90.9513
90.9496
90.946
90.946
90.9447
90.9447
90.9435
90.9433
90.9427
90.9427
90.9427
90.9427
90.9427
90.9426
90.9426
90.9422
90.9422
90.9422
90.9422
90.9419
90.9415
90.9415
90.9415
90.9415
90.9415
90.9414
90.9414
90.9414
90.9414
90.9414
90.9414
90.9414
90.9414
90.9414
90.9414
90.9414
90.9414
90.9414
90.9414
90.9414
90.9414
90.9414
90.9414
90.9414
90.9414
90.9414
90.9414
90.9414
90.9414
90.9414
90.9414
90.9414
90.9414
90.9414
90.9414
90.9414
90.9414
90.9414
90.9414
90.9414
90.9414
90.9414
90.9414
90.9414
90.9414
90.9414
90.9414
90.9414
90.9414
90.9414
90.9414
90.9414
90.9414
90.9414
90.9414
90.9414
90.9414
90.9414
90.9414
90.9414
90.9414
90.9414
90.9414
90.9414
90.9414
90.9414
90.9414
90.9414
90.9414
90.9414
90.9414
90.9414
90.9414
90.9414
90.9414
90.9414
90.9414
90.9414
90.9414
90.9414
90.9414
90.9414
90.9414
90.9414
90.9414
90.9414
90.9414
90.9414
90.9414
90.9414
90.9414
90.9414
90.9414
90.9414
90.9414
90.9414
90.9414
90.9414
90.9414
90.9414
90.9414
90.9414
90.9414
90.9414
90.9414
90.9414
90.9414
90.9414
90.9414
90.9414
90.9414
90.9414
90.9414
90.9414
90.9414
90.9414
90.9414
90.9414
90.9414
90.9414
90.9414
90.9414
90.9414
90.9414
90.9414
90.9414
90.9414
90.9414
90.9414
90.9414
90.9414
90.9414
90.9414
90.9414
90.9414
90.9414
90.9414
90.9414
90.9414
90.9414
90.9414
90.9414
90.9414
90.9414
90.9414
90.9414
90.9414
90.9414
90.9414
90.9414
90.9414
90.9414
90.9414
90.9414
90.9414
90.9414
90.9414
90.9414
90.9414
90.9414
90.9414
90.9414
90.9414
90.9414
90.9414
90.9414
90.9414
90.9414
90.9414
90.9414
90.9414
90.9414
90.9414
90.9414
90.9414
90.9414
90.9414
90.9414
90.9414
90.9414
90.9414
90.9414
90.9414
90.9414
90.9414
90.9414
90.9414
90.9414
90.9414
90.9414
90.9414
90.9414
90.9414
90.9414
90.9414
90.9414
90.9414
90.9414
90.9414
90.9414
90.9414
90.9414
90.9414
90.9414
90.9414
90.9414
90.9414
90.9414
90.9414
90.9414
90.9414
90.9414
90.9414
90.9414
90.9414
90.9414
90.9414
90.9414
90.9414
90.9414
90.9414
90.9414
90.9414
90.9414
90.9414
90.9414
90.9414
90.9414
90.9414
90.9414
90.9414
90.9414
90.9414
90.9414
90.9414
90.9414
90.9414
90.9414
90.9414
90.9414
90.9414
90.9414
90.9414
90.9414
90.9414
90.9414
90.9414
90.9414
90.9414
90.9414
90.9414
90.9414
90.9414
90.9414
90.9414
90.9414
90.9414
90.9414
90.9414
90.9414
90.9414
90.9414
90.9414
90.9414
90.9414
90.9414
90.9414
90.9414
90.9414
90.9414
90.9414
90.9414
90.9414
90.9414
90.9414
90.9414
90.9414
90.9414
90.9414
90.9414
90.9414
90.9414
90.9414
90.9414
90.9414
90.9414
90.9414
90.9414
90.9414
90.9414
90.9414
90.9414
90.9414
90.9414
90.9414
90.9414
90.9414
90.9414
90.9414
90.9414
90.9414
90.9414
90.9414
90.9414
90.9414
90.9414
90.9414
90.9414
90.9414
90.9414
90.9414
90.9414
90.9414
90.9414
90.9414
90.9414
90.9414
90.9414
90.9414
90.9414
90.9414
90.9414
90.9414
90.9414
90.9414
90.9414
90.9414
90.9414
90.9414
90.9414
90.9414
90.9414
90.9414
90.9414
90.9414
90.9414
90.9414
90.9414
90.9414
90.9414
90.9414
90.9414
90.9414
90.9414
90.9414
90.9414
90.9414
90.9414
90.9414
90.9414
90.9414
90.9414
90.9414
90.9414
90.9414
90.9414
90.9414
90.9414
90.9414
90.9414
90.9414
90.9414
90.9414
90.9414
90.9414
90.9414
90.9414
90.9414
90.9414
90.9414
90.9414
90.9414
90.9414
90.9414
90.9414
90.9414
90.9414
90.9414
90.9414
90.9414
90.9414
90.9414
90.9414
90.9414
90.9414
90.9414
90.9414
90.9414
90.9414
90.9414
90.9414
90.9414
90.9414
90.9414
90.9414
90.9414
90.9414
90.9414
90.9414
90.9414
90.9414
90.9414
90.9414
90.9414
90.9414
90.9414
90.9414
90.9414
90.9414
90.9414
90.9414
90.9414
90.9414
90.9414
90.9414
90.9414
90.9414
90.9414
90.9414
90.9414
90.9414
90.9414
90.9414
90.9414
90.9414
90.9414
90.9414
90.9414
90.9414
90.9414
90.9414
90.9414
90.9414
90.9414
90.9414
90.9414
90.9414
90.9414
90.9414
90.9414
90.9414
90.9414
90.9414
90.9414
90.9414
90.9414
90.9414
90.9414
90.9414
90.9414
90.9414
90.9414
90.9414
90.9414
90.9414
90.9414
90.9414
90.9414
90.9414
90.9414
90.9414
90.9414
90.9414
90.9414
90.9414
90.9414
90.9414
90.9414
90.9414
90.9414
90.9414
90.9414
90.9414
90.9414
90.9414
90.9414
90.9414
90.9414
90.9414
90.9414
90.9414
90.9414
90.9414
90.9414
90.9414
90.9414
90.9414
90.9414
90.9414
90.9414
90.9414
90.9414
90.9414
90.9414
90.9414
90.9414
90.9414
90.9414
90.9414
90.9414
90.9414
90.9414
90.9414
90.9414
90.9414
90.9414
90.9414
90.9414
90.9414
90.9414
90.9414
90.9414
90.9414
90.9414
90.9414
90.9414
90.9414
90.9414
90.9414
90.9414
90.9414
90.9414
90.9414
90.9414
90.9414
90.9414
90.9414
90.9414
90.9414
90.9414
90.9414
90.9414
90.9414
90.9414
90.9414
90.9414
90.9414
90.9414
90.9414
90.9414
90.9414
90.9414
90.9414
90.9414
90.9414
90.9414
90.9414
90.9414
90.9414
90.9414
90.9414
90.9414
90.9414
90.9414
90.9414
90.9414
90.9414
90.9414
90.9414
90.9414
90.9414
90.9414
90.9414
90.9414
90.9414
90.9414
90.9414
90.9414
90.9414
90.9414
90.9414
90.9414
90.9414
90.9414
90.9414
90.9414
90.9414
90.9414
90.9414
90.9414
90.9414
90.9414
90.9414
90.9414
90.9414
90.9414
90.9414
90.9414
90.9414
90.9414
90.9414
90.9414
90.9414
90.9414
90.9414
90.9414
90.9414
90.9414
90.9414
90.9414
90.9414
90.9414
90.9414
90.9414
90.9414
90.9414
90.9414
90.9414
90.9414
90.9414
90.9414
90.9414
90.9414
90.9414
90.9414
90.9414
90.9414
90.9414
90.9414
90.9414
90.9414
90.9414
90.9414
90.9414
90.9414
90.9414
90.9414
90.9414
90.9414
90.9414
90.9414
90.9414
90.9414
90.9414
90.9414
90.9414
90.9414
90.9414
90.9414
90.9414
90.9414
90.9414
90.9414
90.9414
90.9414
90.9414
90.9414
90.9414
90.9414
90.9414
90.9414
90.9414
90.9414
90.9414
90.9414
90.9414
90.9414
90.9414
90.9414
90.9414
90.9414
90.9414
90.9414
90.9414
90.9414
90.9414
90.9414
90.9414
90.9414
90.9414
90.9414
90.9414
90.9414
90.9414
90.9414
90.9414
90.9414
90.9414
90.9414
90.9414
90.9414
90.9414
90.9414
90.9414
90.9414
90.9414
90.9414
90.9414
90.9414
90.9414
90.9414
90.9414
90.9414
90.9414
90.9414
90.9414
90.9414
90.9414
90.9414
90.9414
90.9414
90.9414
90.9414
90.9414
90.9414
90.9414
90.9414
90.9414
90.9414
90.9414
90.9414
90.9414
90.9414
90.9414
90.9414
90.9414
90.9414
90.9414
90.9414
90.9414
90.9414
90.9414
90.9414
90.9414
90.9414
90.9414
90.9414
90.9414
90.9414
90.9414
90.9414
90.9414
90.9414
90.9414
90.9414
90.9414
90.9414
90.9414
90.9414
90.9414
90.9414
90.9414
90.9414
90.9414
90.9414
90.9414
90.9414
90.9414
90.9414
90.9414
90.9414
90.9414
90.9414
90.9414
90.9414
90.9414
90.9414
90.9414
90.9414
90.9414
90.9414
90.9414
90.9414
90.9414
90.9414
90.9414
90.9414
90.9414
90.9414
90.9414
90.9414
90.9414
90.9414
90.9414
90.9414
90.9414
90.9414
90.9414
90.9414
90.9414
90.9414
90.9414
90.9414
90.9414
90.9414
90.9414
90.9414
90.9414
90.9414
90.9414
90.9414
90.9414
90.9414
90.9414
90.9414
90.9414
90.9414
90.9414
90.9414
90.9414
90.9414
90.9414
90.9414
90.9414
90.9414
90.9414
90.9414
90.9414
90.9414
90.9414
90.9414
90.9414
90.9414
90.9414
90.9414
90.9414
90.9414
90.9414
90.9414
90.9414
90.9414
90.9414
90.9414
90.9414
90.9414
90.9414
90.9414
90.9414
90.9414
90.9414
90.9414
90.9414
90.9414
90.9414
90.9414
90.9414
90.9414
90.9414
90.9414
90.9414
90.9414
90.9414
90.9414
90.9414
90.9414
90.9414
90.9414
90.9414
90.9414
90.9414
90.9414
90.9414
90.9414
90.9414
90.9414
90.9414
90.9414
90.9414
90.9414
90.9414
90.9414
90.9414
90.9414
90.9414
90.9414
90.9414
90.9414
90.9414
90.9414
90.9414
90.9414
90.9414
90.9414
90.9414
90.9414
90.9414
90.9414
90.9414
90.9414
90.9414
90.9414
90.9414
90.9414
90.9414
90.9414
90.9414
90.9414
90.9414
90.9414
90.9414
90.9414
90.9414
90.9414
90.9414
90.9414
90.9414
90.9414
90.9414
90.9414
90.9414
90.9414
90.9414
90.9414
90.9414
90.9414
90.9414
90.9414
90.9414
90.9414
90.9414
90.9414
90.9414
90.9414
90.9414
90.9414
90.9414
90.9414
90.9414
90.9414
90.9414
90.9414
90.9414
90.9414
90.9414
90.9414
90.9414
90.9414
90.9414
90.9414
90.9414
90.9414
90.9414
90.9414
90.9414
90.9414
90.9414
90.9414
90.9414
90.9414
90.9414
90.9414
90.9414
90.9414
90.9414
90.9414
90.9414
90.9414
90.9414
90.9414
90.9414
90.9414
90.9414
90.9414
90.9414
90.9414
90.9414
90.9414
90.9414
90.9414
90.9414
90.9414
90.9414
90.9414
90.9414
90.9414
90.9414
90.9414
90.9414
90.9414
90.9414
90.9414
90.9414
90.9414
90.9414
90.9414
90.9414
90.9414
90.9414
90.9414
90.9414
90.9414
90.9414
90.9414
90.9414
90.9414
90.9414
90.9414
90.9414
90.9414
90.9414
90.9414
90.9414
90.9414
90.9414
90.9414
90.9414
90.9414
90.9414
90.9414
90.9414
90.9414
90.9414
90.9414
90.9414
90.9414
90.9414
90.9414
90.9414
90.9414
90.9414
90.9414
90.9414
90.9414
90.9414
90.9414
90.9414
90.9414
90.9414
90.9414
90.9414
90.9414
90.9414
90.9414
90.9414
90.9414
90.9414
90.9414
90.9414
90.9414
90.9414
90.9414
90.9414
90.9414
90.9414
90.9414
90.9414
90.9414
90.9414
90.9414
90.9414
90.9414
90.9414
90.9414
90.9414
90.9414
90.9414
90.9414
90.9414
90.9414
90.9414
90.9414
90.9414
90.9414
90.9414
90.9414
90.9414
90.9414
90.9414
90.9414
90.9414
90.9414
90.9414
90.9414
90.9414
90.9414
90.9414
90.9414
90.9414
90.9414
90.9414
90.9414
90.9414
90.9414
90.9414
90.9414
90.9414
90.9414
90.9414
90.9414
90.9414
90.9414
90.9414
90.9414
90.9414
90.9414
90.9414
90.9414
90.9414
90.9414
90.9414
90.9414
90.9414
90.9414
90.9414
90.9414
90.9414
90.9414
90.9414
90.9414
90.9414
90.9414
90.9414
90.9414
90.9414
90.9414
90.9414
90.9414
90.9414
90.9414
90.9414
90.9414
90.9414
90.9414
90.9414
90.9414
90.9414
90.9414
90.9414
90.9414
90.9414
90.9414
90.9414
90.9414
90.9414
90.9414
90.9414
90.9414
90.9414
90.9414
90.9414
90.9414
90.9414
90.9414
90.9414
90.9414
90.9414
90.9414
90.9414
90.9414
90.9414
90.9414
90.9414
90.9414
90.9414
90.9414
90.9414
90.9414
90.9414
90.9414
90.9414
90.9414
90.9414
90.9414
90.9414
90.9414
90.9414
90.9414
90.9414
90.9414
90.9414
90.9414
90.9414
90.9414
90.9414
90.9414
90.9414
90.9414
90.9414
90.9414
90.9414
90.9414
90.9414
90.9414
90.9414
90.9414
90.9414
90.9414
90.9414
90.9414
90.9414
90.9414
90.9414
90.9414
90.9414
90.9414
90.9414
90.9414
90.9414
90.9414
90.9414
90.9414
90.9414
90.9414
90.9414
90.9414
90.9414
90.9414
90.9414
90.9414
90.9414
90.9414
90.9414
90.9414
90.9414
90.9414
90.9414
90.9414
90.9414
90.9414
90.9414
90.9414
90.9414
90.9414
90.9414
90.9414
90.9414
90.9414
90.9414
90.9414
90.9414
90.9414
90.9414
90.9414
90.9414
90.9414
90.9414
90.9414
90.9414
90.9414
90.9414
90.9414
90.9414
90.9414
90.9414
90.9414
90.9414
90.9414
90.9414
90.9414
90.9414
90.9414
90.9414
90.9414
90.9414
90.9414
90.9414
90.9414
90.9414
90.9414
90.9414
90.9414
90.9414
90.9414
90.9414
90.9414
90.9414
90.9414
90.9414
90.9414
90.9414
90.9414
90.9414
90.9414
90.9414
90.9414
90.9414
90.9414
90.9414
90.9414
90.9414
90.9414
90.9414
90.9414
90.9414
90.9414
90.9414
90.9414
90.9414
90.9414
90.9414
90.9414
90.9414
90.9414
90.9414
90.9414
90.9414
90.9414
90.9414
90.9414
90.9414
90.9414
90.9414
90.9414
90.9414
90.9414
90.9414
90.9414
90.9414
90.9414
90.9414
90.9414
90.9414
90.9414
90.9414
90.9414
90.9414
90.9414
90.9414
90.9414
90.9414
90.9414
90.9414
90.9414
90.9414
90.9414
90.9414
90.9414
90.9414
90.9414
90.9414
90.9414
90.9414
90.9414
90.9414
90.9414
90.9414
90.9414
90.9414
90.9414
90.9414
90.9414
90.9414
90.9414
90.9414
90.9414
90.9414
90.9414
90.9414
90.9414
90.9414
90.9414
90.9414
90.9414
90.9414
90.9414
90.9414
90.9414
90.9414
90.9414
90.9414
90.9414
90.9414
90.9414
90.9414
90.9414
90.9414
90.9414
90.9414
90.9414
90.9414
90.9414
90.9414
90.9414
90.9414
90.9414
90.9414
90.9414
90.9414
90.9414
90.9414
90.9414
90.9414
90.9414
90.9414
90.9414
90.9414
90.9414
90.9414
90.9414
90.9414
90.9414
90.9414
90.9414
90.9414
90.9414
90.9414
90.9414
90.9414
90.9414
90.9414
90.9414
90.9414
90.9414
90.9414
90.9414
90.9414
90.9414
90.9414
90.9414
90.9414
90.9414
90.9414
90.9414
90.9414
90.9414
90.9414
90.9414
90.9414
90.9414
90.9414
90.9414
90.9414
90.9414
90.9414
90.9414
90.9414
90.9414
90.9414
90.9414
90.9414
90.9414
90.9414
90.9414
90.9414
90.9414
90.9414
90.9414
90.9414
90.9414
90.9414
90.9414
90.9414
90.9414
90.9414
90.9414
90.9414
90.9414
90.9414
90.9414
90.9414
90.9414
90.9414
90.9414
90.9414
90.9414
90.9414
90.9414
90.9414
90.9414
90.9414
90.9414
90.9414
90.9414
90.9414
90.9414
90.9414
90.9414
90.9414
90.9414
90.9414
90.9414
90.9414
90.9414
90.9414
90.9414
90.9414
90.9414
90.9414
90.9414
90.9414
90.9414
90.9414
90.9414
90.9414
90.9414
90.9414
90.9414
90.9414
90.9414
90.9414
90.9414
90.9414
90.9414
90.9414
90.9414
90.9414
90.9414
90.9414
90.9414
90.9414
90.9414
90.9414
90.9414
90.9414
90.9414
90.9414
90.9414
90.9414
90.9414
90.9414
90.9414
90.9414
90.9414
90.9414
90.9414
90.9414
90.9414
90.9414
90.9414
90.9414
90.9414
90.9414
90.9414
90.9414
90.9414
90.9414
90.9414
90.9414
90.9414
90.9414
90.9414
90.9414
90.9414
90.9414
90.9414
90.9414
90.9414
90.9414
90.9414
90.9414
90.9414
90.9414
90.9414
90.9414
90.9414
90.9414
90.9414
90.9414
90.9414
90.9414
90.9414
90.9414
90.9414
90.9414
90.9414
90.9414
90.9414
90.9414
90.9414
90.9414
90.9414
90.9414
90.9414
90.9414
90.9414
90.9414
90.9414
90.9414
90.9414
90.9414
90.9414
90.9414
90.9414
90.9414
90.9414
90.9414
90.9414
90.9414
90.9414
90.9414
90.9414
90.9414
90.9414
90.9414
90.9414
90.9414
90.9414
90.9414
90.9414
