1.3824e+06
462517
462517
462517
462517
462517
462517
462517
61211.6
61211.6
61211.6
61211.6
61211.6
61211.6
27201.2
27201.2
27201.2
27201.2
6932.67
1522.95
1522.95
1522.95
1522.95
1522.95
1522.95
1522.95
1522.95
1522.95
1522.95
1522.95
1522.95
819.681
819.681
718.17
663.243
663.243
663.243
663.243
663.243
663.243
663.243
663.243
663.243
510.002
510.002
503.372
503.372
356.349
262.541
262.541
250.673
250.673
250.673
250.673
250.673
250.673
238.565
238.565
210.755
210.755
206.76
206.76
206.76
203.112
203.112
202.625
202.625
191.181
191.181
191.181
191.181
191.181
191.181
191.181
191.181
191.181
191.181
191.181
191.181
191.181
191.181
191.181
191.181
191.181
191.181
191.181
191.181
191.181
191.181
191.181
191.181
191.181
187.384
187.384
187.384
187.384
187.384
187.384
176.909
176.909
176.909
176.909
176.909
176.909
176.909
176.909
176.909
176.909
176.909
176.909
176.909
176.909
176.909
176.909
176.909
176.909
176.909
176.909
176.909
176.909
176.909
176.909
176.909
176.909
176.909
176.909
176.909
176.909
176.909
176.909
176.909
176.909
176.909
176.909
176.909
176.909
176.909
176.909
176.909
176.909
176.909
176.909
176.909
176.909
176.909
176.909
176.909
176.909
176.909
176.909
176.909
176.909
176.909
176.909
176.909
176.909
176.909
176.909
176.909
176.909
176.909
176.909
176.909
176.909
176.909
176.909
176.909
176.909
176.909
176.909
176.909
176.909
176.909
176.909
176.909
176.909
176.909
176.909
176.909
176.909
176.909
176.909
176.909
176.909
176.909
176.909
176.909
176.909
176.909
176.909
176.909
176.909
176.909
176.909
176.909
176.909
176.909
176.909
172.4
172.4
172.4
172.4
171.399
166.375
166.375
166.375
166.375
166.375
166.375
166.375
166.375
166.375
166.375
166.375
166.375
166.375
166.375
166.375
166.375
166.375
166.375
166.375
166.375
166.375
166.375
166.375
166.375
166.375
166.375
166.375
166.375
166.375
166.375
166.375
166.375
166.375
166.375
166.375
166.375
166.375
166.375
166.375
166.375
166.375
166.375
166.375
161.533
161.533
161.533
161.533
161.533
161.533
161.533
161.533
161.533
161.533
161.533
161.533
161.533
161.533
161.533
161.533
161.533
161.533
161.533
161.533
161.533
161.533
161.533
161.533
161.533
161.533
161.533
161.533
161.533
161.533
161.533
161.533
161.533
161.533
161.533
161.533
161.533
161.533
161.533
161.533
161.533
161.533
161.533
161.533
161.533
161.533
161.533
161.533
161.533
161.533
161.533
161.533
161.533
161.533
161.533
161.533
161.533
161.533
161.533
161.533
161.533
161.533
161.533
161.533
161.533
161.533
161.533
161.533
161.533
161.533
161.533
161.533
161.533
161.533
161.533
161.533
161.533
161.533
161.533
161.533
161.533
161.533
161.533
161.533
161.533
161.533
161.533
161.533
161.533
161.533
161.533
161.533
161.533
161.533
161.533
161.533
161.533
161.533
161.533
161.533
161.533
161.533
161.533
161.533
161.533
161.533
161.533
161.533
161.533
161.533
161.533
161.533
161.533
161.533
161.533
161.533
161.533
161.533
161.533
161.533
161.533
161.533
161.533
161.533
161.533
161.533
161.533
161.533
161.533
161.533
161.533
161.533
161.533
161.533
161.533
161.533
161.533
161.533
161.533
161.533
161.533
161.533
161.533
161.533
161.533
161.533
161.533
161.533
161.533
161.533
161.533
161.533
161.533
161.533
161.533
161.533
161.533
161.533
161.533
161.533
161.533
161.533
161.533
161.533
161.533
161.533
161.533
161.533
161.533
161.533
161.533
161.533
161.533
161.533
161.533
161.533
161.533
161.533
161.533
161.533
161.533
161.533
161.533
161.533
161.533
161.533
161.533
161.533
161.533
161.533
161.533
161.533
161.533
161.533
161.533
161.533
161.533
161.533
161.533
161.533
161.533
161.533
161.533
161.533
161.533
161.533
161.533
161.533
161.533
161.533
161.533
161.533
161.533
161.533
161.533
161.533
161.533
161.533
161.533
161.533
161.533
161.533
161.533
161.533
161.533
161.533
161.533
161.533
161.533
161.533
161.533
161.533
161.533
161.533
161.533
161.533
161.533
161.533
161.533
161.533
161.533
161.533
161.533
161.533
161.533
161.533
161.533
161.533
161.533
161.533
161.533
161.533
161.533
161.533
161.533
161.533
161.533
161.533
161.533
161.533
161.533
161.533
161.533
161.533
161.533
161.533
161.533
161.533
161.533
161.533
161.533
161.533
161.533
161.492
161.492
156.493
156.493
156.493
156.493
156.493
156.493
156.493
156.493
156.493
156.493
156.493
156.493
156.493
156.493
156.493
156.493
156.493
156.493
156.493
156.493
156.493
156.493
156.493
156.493
156.493
156.493
156.493
156.493
156.493
156.493
156.493
156.493
156.493
156.493
156.493
156.493
156.493
156.493
156.493
156.493
156.493
156.493
156.493
156.493
156.493
156.493
156.493
156.493
156.493
156.493
156.493
156.493
156.493
156.493
156.493
156.493
156.493
156.493
156.493
156.493
156.493
156.493
156.493
156.493
156.493
156.493
156.493
156.493
156.493
156.493
156.493
156.493
156.493
156.493
156.493
156.493
156.493
156.493
156.493
156.493
156.493
156.493
156.493
156.493
156.493
156.493
156.493
156.493
156.493
156.493
156.493
156.493
156.493
156.493
156.493
156.493
156.493
156.493
156.493
156.493
156.493
156.493
156.493
156.493
156.493
156.493
156.493
156.493
156.493
156.493
156.493
156.493
156.493
156.493
156.493
156.493
156.493
156.493
156.493
156.493
156.493
156.493
156.493
156.493
156.493
156.493
156.493
156.493
156.493
156.493
156.493
156.493
156.493
156.493
156.493
156.493
156.493
156.493
156.493
156.493
156.493
156.493
156.493
156.493
156.493
156.493
156.493
156.493
156.493
156.493
156.493
156.493
156.493
156.493
156.493
156.493
156.493
156.493
156.493
156.493
156.493
156.493
156.493
156.493
156.493
156.493
156.493
156.493
156.493
156.493
156.493
156.493
156.493
156.493
156.493
156.493
156.493
156.493
156.493
156.493
156.493
156.493
156.493
156.493
156.493
156.493
156.493
156.493
156.493
156.493
156.493
156.493
156.493
156.493
156.493
156.493
156.493
156.493
156.493
156.493
156.493
156.493
156.493
156.493
156.493
156.493
156.493
156.493
156.493
156.493
156.493
156.493
156.493
156.493
156.493
156.493
156.493
156.493
156.493
156.493
156.493
156.493
156.493
156.493
156.493
156.493
156.493
156.493
156.493
156.493
156.493
156.493
156.493
156.493
156.493
156.493
156.493
156.493
156.493
156.493
156.493
156.493
156.493
156.493
156.493
156.493
156.493
156.493
156.493
156.493
156.493
156.493
156.493
156.493
156.493
156.493
156.493
156.493
156.493
156.493
156.493
156.493
156.493
156.493
156.493
156.493
156.493
156.493
156.493
156.493
156.493
156.493
156.493
156.493
156.493
156.493
156.493
156.493
156.493
156.493
156.493
156.493
156.493
156.493
156.493
156.493
156.493
156.493
156.493
156.493
156.493
156.493
156.493
156.493
156.493
156.493
156.493
156.493
156.493
156.493
156.493
156.493
156.493
156.493
156.493
156.493
156.493
156.493
156.493
156.493
156.493
156.493
156.493
156.493
156.493
156.493
156.493
156.493
156.493
156.493
156.493
156.493
156.493
156.493
156.493
156.493
156.493
156.493
156.493
156.493
156.493
156.493
156.493
156.493
156.493
156.493
156.493
156.493
156.493
156.493
156.493
156.493
156.493
156.493
156.493
156.493
156.493
156.493
156.493
156.493
156.493
156.493
156.493
156.493
156.493
156.493
156.493
156.493
156.493
156.493
156.493
156.493
156.493
156.493
156.493
156.493
156.493
156.493
156.493
156.493
156.493
156.493
156.493
156.493
156.493
156.493
156.493
156.493
156.493
156.493
156.493
156.493
156.493
156.493
156.493
156.493
156.493
156.493
156.493
156.493
156.493
156.493
156.493
156.493
156.493
156.493
156.493
156.493
156.493
156.493
156.493
156.493
156.493
156.493
156.493
156.493
156.493
156.493
156.493
156.493
156.493
156.493
156.493
156.493
156.493
156.493
156.493
156.493
156.493
156.493
156.493
156.493
156.493
156.493
156.493
156.493
156.493
156.493
156.493
156.493
156.493
156.493
156.493
156.493
156.493
156.493
156.493
156.493
156.493
156.493
156.493
156.493
156.493
156.493
156.493
156.493
156.493
156.493
156.493
156.493
156.493
156.493
156.493
156.493
156.493
156.493
156.493
156.493
156.493
156.493
156.493
156.493
156.493
156.493
156.493
156.493
156.493
156.493
156.493
156.493
156.493
156.493
156.493
156.493
156.493
156.493
156.493
156.493
156.493
156.493
156.493
156.493
156.493
156.493
156.493
156.493
156.493
156.493
156.493
156.493
156.493
156.493
156.493
156.493
156.493
156.493
156.493
156.493
156.493
156.493
156.493
156.493
156.493
156.493
156.493
156.493
156.493
156.493
156.493
156.493
156.493
156.493
156.493
156.493
156.493
156.493
156.493
156.493
156.493
156.493
156.493
156.493
156.493
156.493
156.493
156.493
156.493
156.493
156.493
156.493
156.493
156.493
156.493
156.493
156.493
156.493
156.493
156.493
156.493
156.493
156.493
156.493
156.493
156.493
156.493
156.493
156.493
156.493
156.493
156.493
156.493
156.493
156.493
156.493
156.493
156.493
156.493
156.493
156.493
156.493
156.493
156.493
156.493
156.493
156.493
156.493
156.493
156.493
156.493
156.493
156.493
156.493
156.493
156.493
156.493
156.493
156.493
156.493
156.493
156.493
156.493
156.493
156.493
156.493
156.493
156.493
156.493
156.493
156.493
156.493
156.493
156.493
156.493
156.493
156.493
156.493
156.493
156.493
156.493
156.493
156.493
156.493
156.493
156.493
156.493
156.493
156.493
156.493
156.493
156.493
156.493
156.493
156.493
156.493
156.493
156.493
156.493
156.493
156.493
156.493
156.493
156.493
156.493
156.493
156.493
156.493
156.493
156.493
156.493
156.493
156.493
156.493
156.493
156.493
156.493
156.493
156.493
156.493
156.493
156.493
156.493
156.493
156.493
156.493
156.493
156.493
156.493
156.493
156.493
156.493
156.493
156.493
156.493
156.493
156.493
156.493
156.493
156.493
156.493
156.493
156.493
156.493
156.493
156.493
156.493
156.493
156.493
156.493
156.493
156.493
156.493
156.493
156.493
156.493
156.493
156.493
156.493
156.493
156.493
156.493
156.493
156.493
156.493
156.493
156.493
156.493
156.493
156.493
156.493
156.493
156.493
156.493
156.493
156.493
156.493
156.493
156.493
156.493
156.493
156.493
156.493
156.493
156.493
156.493
156.493
156.493
156.493
156.493
156.493
156.493
156.493
156.493
156.493
156.493
156.493
156.493
156.493
156.493
156.493
156.493
156.493
156.493
156.493
156.493
156.493
156.493
156.493
156.493
156.493
156.493
156.493
156.493
156.493
156.493
156.493
156.493
156.493
156.493
156.493
156.493
156.493
156.493
156.493
156.493
156.493
156.493
156.493
156.493
156.493
156.493
156.493
156.493
156.493
156.493
156.493
156.493
156.493
156.493
156.493
156.493
146.734
146.734
146.734
146.734
146.734
146.734
146.734
146.734
146.734
146.734
146.734
146.734
146.734
146.734
146.734
146.734
146.734
146.734
146.734
146.734
146.734
146.734
146.734
146.734
146.734
146.734
146.734
146.734
146.734
146.734
146.734
146.734
146.734
146.734
146.734
146.734
146.734
146.734
146.734
146.734
146.734
146.734
146.734
146.734
146.734
146.734
146.734
146.734
146.734
146.734
146.734
146.734
146.734
146.734
146.734
146.734
146.734
146.734
146.734
146.734
146.734
146.734
146.734
146.734
146.734
146.734
146.734
146.734
146.734
146.734
146.734
146.734
146.734
146.734
146.734
146.734
146.734
146.734
146.734
146.734
146.734
146.734
146.734
146.734
146.734
146.734
146.734
146.734
146.734
146.734
146.734
146.734
146.734
146.734
146.734
146.734
146.734
146.734
146.734
146.734
146.734
146.734
146.734
146.734
146.734
146.734
146.734
146.734
146.734
146.734
146.734
146.734
146.734
146.734
146.734
146.734
146.734
146.734
146.734
146.734
146.734
146.734
146.734
146.734
146.734
146.734
146.734
146.734
146.734
146.734
146.734
146.734
146.734
146.734
146.734
146.734
146.734
146.734
146.734
146.734
146.734
146.734
146.734
146.734
146.734
146.734
146.734
146.734
146.734
146.734
146.734
146.734
146.734
146.734
146.734
146.734
146.734
146.734
146.734
146.734
146.734
146.734
146.734
146.734
146.734
146.734
146.734
146.734
146.734
146.734
146.734
146.734
146.734
146.734
146.734
146.734
146.734
146.734
146.734
146.734
146.734
146.734
146.734
146.734
146.734
146.734
146.734
146.734
146.734
146.734
146.734
146.734
146.734
146.734
146.734
146.734
146.734
146.734
146.734
146.734
146.734
146.734
146.734
146.734
146.734
146.734
146.734
146.734
146.734
146.734
146.734
146.734
146.734
146.734
146.734
146.734
146.734
146.734
146.734
146.734
146.734
146.734
146.734
146.734
146.734
146.734
146.734
146.734
146.734
146.734
146.734
146.734
146.734
146.734
146.734
146.734
146.734
146.734
146.734
146.734
146.734
146.734
146.734
146.734
146.734
146.734
146.734
146.734
146.734
146.734
146.734
146.734
146.734
146.734
146.734
146.734
146.734
146.734
146.734
146.734
146.734
146.734
146.734
146.734
146.734
146.734
146.734
146.734
146.734
146.734
146.734
146.734
146.734
146.734
146.734
146.734
146.734
146.734
146.734
146.734
146.734
146.734
146.734
146.734
146.734
146.734
146.734
146.734
146.734
146.734
146.734
146.734
146.734
146.734
146.734
146.734
146.734
146.734
146.734
146.734
146.734
146.734
146.734
146.734
146.734
146.734
146.734
146.734
146.734
146.734
146.734
146.734
146.734
146.734
146.734
146.734
146.734
146.734
146.734
146.734
146.734
146.734
146.734
146.734
146.734
146.734
146.734
146.734
146.734
146.734
146.734
146.734
146.734
146.734
146.734
146.734
146.734
146.734
146.734
146.734
146.734
146.734
146.734
146.734
146.734
146.734
146.734
146.734
146.734
146.734
146.734
146.734
146.734
146.734
146.734
146.734
146.734
146.734
146.734
146.734
146.734
146.734
146.734
146.734
146.734
146.734
146.734
146.734
146.734
146.734
146.734
146.734
146.734
146.734
146.734
146.734
146.734
146.734
146.734
146.734
146.734
146.734
146.734
146.734
146.734
146.734
146.734
146.734
146.734
146.734
146.734
146.734
146.734
146.734
146.734
146.734
146.734
146.734
146.734
146.734
146.734
146.734
146.734
146.734
146.734
146.734
146.734
146.734
146.734
146.734
146.734
146.734
146.734
146.734
146.734
146.734
146.734
146.734
146.734
146.734
146.734
146.734
146.734
146.734
146.734
146.734
146.734
146.734
146.734
146.734
146.734
146.734
146.734
146.734
146.734
146.734
146.734
146.734
146.734
146.734
146.734
146.734
146.734
146.734
146.734
146.734
146.734
146.734
146.734
146.734
146.734
146.734
146.734
146.734
146.734
146.734
146.734
146.734
146.734
146.734
146.734
146.734
146.734
146.734
146.734
146.734
146.734
146.734
146.734
146.734
146.734
146.734
146.734
146.734
146.734
146.734
146.734
146.734
146.734
146.734
146.734
146.734
146.734
146.734
146.734
146.734
146.734
146.734
146.734
146.734
146.734
146.734
146.734
146.734
146.734
146.734
146.734
146.734
146.734
146.734
146.734
146.734
146.734
146.734
146.734
146.734
146.734
146.734
146.734
146.734
146.734
146.734
146.734
146.734
146.734
146.734
146.734
146.734
146.734
146.734
146.734
146.734
146.734
146.734
146.734
146.734
146.734
146.734
146.734
146.734
146.734
146.734
146.734
146.734
146.734
146.734
146.734
146.734
146.734
146.734
146.734
146.734
146.734
146.734
146.734
146.734
146.734
146.734
146.734
146.734
146.734
146.734
146.734
146.734
146.734
146.734
146.734
146.734
146.734
146.734
146.734
146.734
146.734
146.734
146.734
146.734
146.734
146.734
146.734
146.734
146.734
146.734
146.734
146.734
146.734
146.734
146.734
146.734
146.734
146.734
146.734
146.734
146.734
146.734
146.734
146.734
146.734
146.734
146.734
146.734
146.734
146.734
146.734
146.734
146.734
146.734
146.734
146.734
146.734
146.734
146.734
146.734
146.734
146.734
146.734
146.734
146.734
146.734
146.734
146.734
146.734
146.734
146.734
146.734
146.734
146.734
146.734
146.734
146.734
146.734
146.734
146.734
146.734
146.734
146.734
146.734
146.734
146.734
146.734
146.734
146.734
146.734
146.734
146.734
146.734
146.734
146.734
146.734
146.734
146.734
146.734
146.734
146.734
146.734
146.734
146.734
146.734
146.734
146.734
146.734
146.734
146.734
146.734
146.734
146.734
146.734
146.734
146.734
146.734
146.734
146.734
146.734
146.734
146.734
146.734
146.734
146.734
146.734
146.734
146.734
146.734
146.734
146.734
146.734
146.734
146.734
146.734
146.734
146.734
146.734
146.734
146.734
146.734
146.734
146.734
146.734
146.734
146.734
146.734
146.734
146.734
146.734
146.734
146.734
146.734
146.734
146.734
146.734
146.734
146.734
146.734
146.734
146.734
146.734
146.734
146.734
146.734
146.734
146.734
146.734
146.734
146.734
146.734
146.734
146.734
146.734
146.734
146.734
146.734
146.734
146.734
146.734
146.734
146.734
146.734
146.734
146.734
146.734
146.734
146.734
146.734
146.734
146.734
146.734
146.734
146.734
146.734
146.734
146.734
146.734
146.734
146.734
146.734
146.734
146.734
146.734
146.734
146.734
146.734
146.734
146.734
146.734
146.734
146.734
146.734
146.734
146.734
146.734
146.734
146.734
146.734
146.734
146.734
146.734
146.734
146.734
146.734
146.734
146.734
146.734
146.734
146.734
146.734
146.734
146.734
146.734
146.734
146.734
146.734
146.734
146.734
146.734
146.734
146.734
146.734
146.734
146.734
146.734
146.734
146.734
146.734
146.734
146.734
146.734
146.734
146.734
146.734
146.734
146.734
146.734
146.734
146.734
146.734
146.734
146.734
146.734
146.734
146.734
146.734
146.734
146.734
146.734
146.734
146.734
146.734
146.734
146.734
146.734
146.734
146.734
146.734
146.734
146.734
146.734
146.734
146.734
146.734
146.734
146.734
146.734
146.734
146.734
146.734
146.734
146.734
146.734
146.734
146.734
146.734
146.734
146.734
146.734
146.734
146.734
146.734
146.734
146.734
146.734
146.734
146.734
146.734
146.734
146.734
146.734
146.734
146.734
146.734
146.734
146.734
146.734
146.734
146.734
146.734
146.734
146.734
146.734
146.734
146.734
146.734
146.734
146.734
146.734
146.734
146.734
146.734
146.734
146.734
146.734
146.734
146.734
146.734
146.734
146.734
146.734
146.734
146.734
146.734
146.734
146.734
146.734
146.734
146.734
146.734
146.734
146.734
146.734
146.734
146.734
146.734
146.734
146.734
146.734
146.734
146.734
146.734
146.734
146.734
146.734
146.734
146.734
146.734
146.734
146.734
146.734
146.734
146.734
146.734
146.734
146.734
146.734
146.734
146.734
146.734
146.734
146.734
146.734
146.734
146.734
146.734
146.734
146.734
146.734
146.734
146.734
146.734
146.734
146.734
146.734
146.734
146.734
146.734
146.734
146.734
146.734
146.734
146.734
146.734
146.734
146.734
146.734
146.734
146.734
146.734
146.734
146.734
146.734
146.734
146.734
146.734
146.734
146.734
146.734
146.734
146.734
146.734
146.734
146.734
146.734
146.734
146.734
146.734
146.734
146.734
146.734
146.734
146.734
146.734
146.734
146.734
146.734
146.734
146.734
146.734
146.734
146.734
146.734
146.734
146.734
146.734
146.734
146.734
146.734
146.734
146.734
146.734
146.734
146.734
146.734
146.734
146.734
146.734
146.734
146.734
146.734
146.734
146.734
146.734
146.734
146.734
146.734
146.734
146.734
146.734
146.734
146.734
146.734
146.734
146.734
146.734
146.734
146.734
146.734
146.734
146.734
146.734
146.734
146.734
146.734
146.734
146.734
146.734
146.734
146.734
146.734
146.734
146.734
146.734
146.734
146.734
146.734
146.734
146.734
146.734
146.734
146.734
146.734
146.734
146.734
146.734
146.734
146.734
146.734
146.734
146.734
146.734
146.734
146.734
146.734
146.734
146.734
146.734
146.734
146.734
146.734
146.734
146.734
146.734
146.734
146.734
146.734
146.734
146.734
146.734
146.734
146.734
146.734
146.734
146.734
146.734
146.734
146.734
146.734
146.734
146.734
146.734
146.734
146.734
146.734
146.734
146.734
146.734
146.734
146.734
146.734
146.734
146.734
146.734
146.734
146.734
146.734
146.734
146.734
146.734
146.734
146.734
146.734
146.734
146.734
146.734
146.734
146.734
146.734
146.734
146.734
146.734
146.734
146.734
146.734
146.734
146.734
146.734
146.734
146.734
146.734
146.734
146.734
146.734
146.734
146.734
146.734
146.734
146.734
146.734
146.734
146.734
146.734
146.734
146.734
146.734
146.734
146.734
146.734
146.734
146.734
146.734
146.734
146.734
146.734
146.734
146.734
146.734
146.734
146.734
146.734
146.734
146.734
146.734
146.734
146.734
146.734
146.734
146.734
146.734
146.734
146.734
146.734
146.734
146.734
146.734
146.734
146.734
146.734
146.734
146.734
146.734
146.734
146.734
146.734
146.734
146.734
146.734
146.734
146.734
146.734
146.734
146.734
146.734
146.734
146.734
146.734
146.734
146.734
146.734
146.734
146.734
146.734
146.734
146.734
146.734
146.734
146.734
146.734
146.734
146.734
146.734
146.734
146.734
146.734
146.734
146.734
146.734
146.734
146.734
146.734
146.734
146.734
146.734
146.734
146.734
146.734
122.864
122.864
122.864
122.864
122.864
122.864
122.864
122.864
122.864
122.864
122.864
122.864
122.864
122.864
122.864
122.864
122.864
122.864
122.864
122.864
122.864
122.864
122.864
117.522
117.522
115.105
115.105
115.105
115.105
115.105
115.105
115.105
115.105
115.105
108.22
108.22
108.22
108.22
108.22
108.22
108.22
108.22
108.22
108.22
108.22
107.422
107.321
106.966
106.42
104.057
102.616
102.616
101.568
98.8457
98.7251
97.6793
97.6793
97.2615
96.609
96.352
96.352
96.352
96.2996
95.8753
95.8753
95.8626
95.3853
95.2656
94.0641
94.0641
93.8264
93.8264
93.2465
92.8759
92.5426
92.3827
92.2969
92.1758
92.1758
92.0027
91.8171
91.7633
91.7633
91.6269
91.563
91.563
91.563
91.563
91.563
91.563
91.563
91.563
91.563
91.5238
91.4763
91.4763
91.4763
91.4763
91.4419
91.4419
91.4419
91.4419
91.4419
91.4419
91.4419
91.4143
91.4004
91.4004
91.4004
91.4004
91.4004
91.4004
91.3931
91.3881
91.3762
91.3678
91.3586
91.3566
91.3401
91.3401
91.3401
91.3401
91.3391
91.3391
91.3391
91.3385
91.3385
91.3378
91.3366
91.3345
91.3319
91.3319
91.3318
91.3318
91.3318
91.3318
91.3313
91.3313
91.331
91.3304
91.3298
91.3295
91.3288
91.3288
91.3288
91.3288
91.3285
91.3285
91.3283
91.3283
91.3282
91.3282
91.3282
91.3281
91.3281
91.3281
91.3281
91.3281
91.3281
91.3281
91.3281
91.3281
91.3281
91.3281
91.3281
91.3281
91.3281
91.3281
91.3281
91.3281
91.3281
91.3281
91.3281
91.3281
91.3281
91.3281
91.3281
91.3281
91.3281
91.3281
91.3281
91.3281
91.3281
91.3281
91.3281
91.3281
91.3281
91.3281
91.3281
91.3281
91.3281
91.3281
91.3281
91.3281
91.3281
91.3281
91.3281
91.3281
91.3281
91.3281
91.3281
91.3281
91.3281
91.3281
91.3281
91.3281
91.3281
91.3281
91.3281
91.3281
91.3281
91.3281
91.3281
91.3281
91.3281
91.3281
91.3281
91.3281
91.3281
91.3281
91.3281
91.3281
91.3281
91.3281
91.3281
91.3281
91.3281
91.3281
91.3281
91.3281
91.3281
91.3281
91.3281
91.3281
91.3281
91.3281
91.3281
91.3281
91.3281
91.3281
91.3281
91.3281
91.3281
91.3281
91.3281
91.3281
91.3281
91.3281
91.3281
91.3281
91.3281
91.3281
91.3281
91.3281
91.3281
91.3281
91.3281
91.3281
91.3281
91.3281
91.3281
91.3281
91.3281
91.3281
91.3281
91.3281
91.3281
91.3281
91.3281
91.3281
91.3281
91.3281
91.3281
91.3281
91.3281
91.3281
91.3281
91.3281
91.3281
91.3281
91.3281
91.3281
91.3281
91.3281
91.3281
91.3281
91.3281
91.3281
91.3281
91.3281
91.3281
91.3281
91.3281
91.3281
91.3281
91.3281
91.3281
91.3281
91.3281
91.3281
91.3281
91.3281
91.3281
91.3281
91.3281
91.3281
91.3281
91.3281
91.3281
91.3281
91.3281
91.3281
91.3281
91.3281
91.3281
91.3281
91.3281
91.3281
91.3281
91.3281
91.3281
91.3281
91.3281
91.3281
91.3281
91.3281
91.3281
91.3281
91.3281
91.3281
91.3281
91.3281
91.3281
91.3281
91.3281
91.3281
91.3281
91.3281
91.3281
91.3281
91.3281
91.3281
91.3281
91.3281
91.3281
91.3281
91.3281
91.3281
91.3281
91.3281
91.3281
91.3281
91.3281
91.3281
91.3281
91.3281
91.3281
91.3281
91.3281
91.3281
91.3281
91.3281
91.3281
91.3281
91.3281
91.3281
91.3281
91.3281
91.3281
91.3281
91.3281
91.3281
91.3281
91.3281
91.3281
91.3281
91.3281
91.3281
91.3281
91.3281
91.3281
91.3281
91.3281
91.3281
91.3281
91.3281
91.3281
91.3281
91.3281
91.3281
91.3281
91.3281
91.3281
91.3281
91.3281
91.3281
91.3281
91.3281
91.3281
91.3281
91.3281
91.3281
91.3281
91.3281
91.3281
91.3281
91.3281
91.3281
91.3281
91.3281
91.3281
91.3281
91.3281
91.3281
91.3281
91.3281
91.3281
91.3281
91.3281
91.3281
91.3281
91.3281
91.3281
91.3281
91.3281
91.3281
91.3281
91.3281
91.3281
91.3281
91.3281
91.3281
91.3281
91.3281
91.3281
91.3281
91.3281
91.3281
91.3281
91.3281
91.3281
91.3281
91.3281
91.3281
91.3281
91.3281
91.3281
91.3281
91.3281
91.3281
91.3281
91.3281
91.3281
91.3281
91.3281
91.3281
91.3281
91.3281
91.3281
91.3281
91.3281
91.3281
91.3281
91.3281
91.3281
91.3281
91.3281
91.3281
91.3281
91.3281
91.3281
91.3281
91.3281
91.3281
91.3281
91.3281
91.3281
91.3281
91.3281
91.3281
91.3281
91.3281
91.3281
91.3281
91.3281
91.3281
91.3281
91.3281
91.3281
91.3281
91.3281
91.3281
91.3281
91.3281
91.3281
91.3281
91.3281
91.3281
91.3281
91.3281
91.3281
91.3281
91.3281
91.3281
91.3281
91.3281
91.3281
91.3281
91.3281
91.3281
91.3281
91.3281
91.3281
91.3281
91.3281
91.3281
91.3281
91.3281
91.3281
91.3281
91.3281
91.3281
91.3281
91.3281
91.3281
91.3281
91.3281
91.3281
91.3281
91.3281
91.3281
91.3281
91.3281
91.3281
91.3281
91.3281
91.3281
91.3281
91.3281
91.3281
91.3281
91.3281
91.3281
91.3281
91.3281
91.3281
91.3281
91.3281
91.3281
91.3281
91.3281
91.3281
91.3281
91.3281
91.3281
91.3281
91.3281
91.3281
91.3281
91.3281
91.3281
91.3281
91.3281
91.3281
91.3281
91.3281
91.3281
91.3281
91.3281
91.3281
91.3281
91.3281
91.3281
91.3281
91.3281
91.3281
91.3281
91.3281
91.3281
91.3281
91.3281
91.3281
91.3281
91.3281
91.3281
91.3281
91.3281
91.3281
91.3281
91.3281
91.3281
91.3281
91.3281
91.3281
91.3281
91.3281
91.3281
91.3281
91.3281
91.3281
91.3281
91.3281
91.3281
91.3281
91.3281
91.3281
91.3281
91.3281
91.3281
91.3281
91.3281
91.3281
91.3281
91.3281
91.3281
91.3281
91.3281
91.3281
91.3281
91.3281
91.3281
91.3281
91.3281
91.3281
91.3281
91.3281
91.3281
91.3281
91.3281
91.3281
91.3281
91.3281
91.3281
91.3281
91.3281
91.3281
91.3281
91.3281
91.3281
91.3281
91.3281
91.3281
91.3281
91.3281
91.3281
91.3281
91.3281
91.3281
91.3281
91.3281
91.3281
91.3281
91.3281
91.3281
91.3281
91.3281
91.3281
91.3281
91.3281
91.3281
91.3281
91.3281
91.3281
91.3281
91.3281
91.3281
91.3281
91.3281
91.3281
91.3281
91.3281
91.3281
91.3281
91.3281
91.3281
91.3281
91.3281
91.3281
91.3281
91.3281
91.3281
91.3281
91.3281
91.3281
91.3281
91.3281
91.3281
91.3281
91.3281
91.3281
91.3281
91.3281
91.3281
91.3281
91.3281
91.3281
91.3281
91.3281
91.3281
91.3281
91.3281
91.3281
91.3281
91.3281
91.3281
91.3281
91.3281
91.3281
91.3281
91.3281
91.3281
91.3281
91.3281
91.3281
91.3281
91.3281
91.3281
91.3281
91.3281
91.3281
91.3281
91.3281
91.3281
91.3281
91.3281
91.3281
91.3281
91.3281
91.3281
91.3281
91.3281
91.3281
91.3281
91.3281
91.3281
91.3281
91.3281
91.3281
91.3281
91.3281
91.3281
91.3281
91.3281
91.3281
91.3281
91.3281
91.3281
91.3281
91.3281
91.3281
91.3281
91.3281
91.3281
91.3281
91.3281
91.3281
91.3281
91.3281
91.3281
91.3281
91.3281
91.3281
91.3281
91.3281
91.3281
91.3281
91.3281
91.3281
91.3281
91.3281
91.3281
91.3281
91.3281
91.3281
91.3281
91.3281
91.3281
91.3281
91.3281
91.3281
91.3281
91.3281
91.3281
91.3281
91.3281
91.3281
91.3281
91.3281
91.3281
91.3281
91.3281
91.3281
91.3281
91.3281
91.3281
91.3281
91.3281
91.3281
91.3281
91.3281
91.3281
91.3281
91.3281
91.3281
91.3281
91.3281
91.3281
91.3281
91.3281
91.3281
91.3281
91.3281
91.3281
91.3281
91.3281
91.3281
91.3281
91.3281
91.3281
91.3281
91.3281
91.3281
91.3281
91.3281
91.3281
91.3281
91.3281
91.3281
91.3281
91.3281
91.3281
91.3281
91.3281
91.3281
91.3281
91.3281
91.3281
91.3281
91.3281
91.3281
91.3281
91.3281
91.3281
91.3281
91.3281
91.3281
91.3281
91.3281
91.3281
91.3281
91.3281
91.3281
91.3281
91.3281
91.3281
91.3281
91.3281
91.3281
91.3281
91.3281
91.3281
91.3281
91.3281
91.3281
91.3281
91.3281
91.3281
91.3281
91.3281
91.3281
91.3281
91.3281
91.3281
91.3281
91.3281
91.3281
91.3281
91.3281
91.3281
91.3281
91.3281
91.3281
91.3281
91.3281
91.3281
91.3281
91.3281
91.3281
91.3281
91.3281
91.3281
91.3281
91.3281
91.3281
91.3281
91.3281
91.3281
91.3281
91.3281
91.3281
91.3281
91.3281
91.3281
91.3281
91.3281
91.3281
91.3281
91.3281
91.3281
91.3281
91.3281
91.3281
91.3281
91.3281
91.3281
91.3281
91.3281
91.3281
91.3281
91.3281
91.3281
91.3281
91.3281
91.3281
91.3281
91.3281
91.3281
91.3281
91.3281
91.3281
91.3281
91.3281
91.3281
91.3281
91.3281
91.3281
91.3281
91.3281
91.3281
91.3281
91.3281
91.3281
91.3281
91.3281
91.3281
91.3281
91.3281
91.3281
91.3281
91.3281
91.3281
91.3281
91.3281
91.3281
91.3281
91.3281
91.3281
91.3281
91.3281
91.3281
91.3281
91.3281
91.3281
91.3281
91.3281
91.3281
91.3281
91.3281
91.3281
91.3281
91.3281
91.3281
91.3281
91.3281
91.3281
91.3281
91.3281
91.3281
91.3281
91.3281
91.3281
91.3281
91.3281
91.3281
91.3281
91.3281
91.3281
91.3281
91.3281
91.3281
91.3281
91.3281
91.3281
91.3281
91.3281
91.3281
91.3281
91.3281
91.3281
91.3281
91.3281
91.3281
91.3281
91.3281
91.3281
91.3281
91.3281
91.3281
91.3281
91.3281
91.3281
91.3281
91.3281
91.3281
91.3281
91.3281
91.3281
91.3281
91.3281
91.3281
91.3281
91.3281
91.3281
91.3281
91.3281
91.3281
91.3281
91.3281
91.3281
91.3281
91.3281
91.3281
91.3281
91.3281
91.3281
91.3281
91.3281
91.3281
91.3281
91.3281
91.3281
91.3281
91.3281
91.3281
91.3281
91.3281
91.3281
91.3281
91.3281
91.3281
91.3281
91.3281
91.3281
91.3281
91.3281
91.3281
91.3281
91.3281
91.3281
91.3281
91.3281
91.3281
91.3281
91.3281
91.3281
91.3281
91.3281
91.3281
91.3281
91.3281
91.3281
91.3281
91.3281
91.3281
91.3281
91.3281
91.3281
91.3281
91.3281
91.3281
91.3281
91.3281
91.3281
91.3281
91.3281
91.3281
91.3281
91.3281
91.3281
91.3281
91.3281
91.3281
91.3281
91.3281
91.3281
91.3281
91.3281
91.3281
91.3281
91.3281
91.3281
91.3281
91.3281
91.3281
91.3281
91.3281
91.3281
91.3281
91.3281
91.3281
91.3281
91.3281
91.3281
91.3281
91.3281
91.3281
91.3281
91.3281
91.3281
91.3281
91.3281
91.3281
91.3281
91.3281
91.3281
91.3281
91.3281
91.3281
91.3281
91.3281
91.3281
91.3281
91.3281
91.3281
91.3281
91.3281
91.3281
91.3281
91.3281
91.3281
91.3281
91.3281
91.3281
91.3281
91.3281
91.3281
91.3281
91.3281
91.3281
91.3281
91.3281
91.3281
91.3281
91.3281
91.3281
91.3281
91.3281
91.3281
91.3281
91.3281
91.3281
91.3281
91.3281
91.3281
91.3281
91.3281
91.3281
91.3281
91.3281
91.3281
91.3281
91.3281
91.3281
91.3281
91.3281
91.3281
91.3281
91.3281
91.3281
91.3281
91.3281
91.3281
91.3281
91.3281
91.3281
91.3281
91.3281
91.3281
91.3281
91.3281
91.3281
91.3281
91.3281
91.3281
91.3281
91.3281
91.3281
91.3281
91.3281
91.3281
91.3281
91.3281
91.3281
91.3281
91.3281
91.3281
91.3281
91.3281
91.3281
91.3281
91.3281
91.3281
91.3281
91.3281
91.3281
91.3281
91.3281
91.3281
91.3281
91.3281
91.3281
85.0568
74.931
74.931
74.931
67.5539
63.9756
53.0043
17.5518
11.4529
11.4529
11.4529
9.07472
9.07472
9.07472
9.07472
8.20649
4.03109
4.03109
3.25458
3.11157
1.30408
1.30408
1.30408
1.30408
0.729345
0.729345
0.544499
0.544499
0.544499
0.291753
0.196079
0.122087
0.122087
0.076273
0.076273
0.0566256
0.0566256
0.0457796
0.0214799
0.0129516
0.0129516
0.0124835
0.00581536
0.00367242
0.00367242
0.00367242
0.00191962
0.00191962
0.00120225
0.00120225
0.00120225
0.00120225
0.00120225
0.00120225
0.00120225
0.00120225
0.00106094
0.00106094
0.000612889
0.000211825
0.000211825
0.000211825
0.000211825
0.000211825
9.54234e-05
9.19745e-05
9.19745e-05
9.19745e-05
7.648e-05
2.10172e-05
1.98769e-05
1.98769e-05
1.98769e-05
1.98769e-05
1.98769e-05
1.98769e-05
1.98769e-05
6.97355e-06
5.08975e-06
5.08975e-06
3.96454e-06
3.96454e-06
3.59003e-06
3.46269e-06
2.02375e-06
1.76979e-06
1.34984e-06
5.87794e-07
5.87794e-07
5.87794e-07
5.87794e-07
3.56809e-07
2.94871e-07
2.65916e-07
1.75455e-07
1.75455e-07
9.39183e-08
9.39183e-08
3.29557e-08
1.57213e-08
8.17399e-09
8.17399e-09
3.76571e-09
3.76571e-09
3.76571e-09
1.32772e-09
1.32772e-09
1.32772e-09
1.32772e-09
1.32772e-09
1.32772e-09
1.32772e-09
1.32772e-09
1.32772e-09
1.32772e-09
1.32772e-09
1.32772e-09
1.32772e-09
1.32772e-09
1.32772e-09
1.32772e-09
1.32772e-09
1.32772e-09
1.32772e-09
1.32772e-09
1.32772e-09
1.32772e-09
1.32772e-09
1.32772e-09
1.32772e-09
1.32772e-09
1.32772e-09
1.32772e-09
1.32772e-09
1.32772e-09
1.32772e-09
1.32772e-09
1.32772e-09
1.32772e-09
1.32772e-09
1.32772e-09
1.32772e-09
1.32772e-09
1.32772e-09
1.32772e-09
1.32772e-09
1.32772e-09
1.32772e-09
1.32772e-09
1.32772e-09
1.32772e-09
1.32772e-09
1.32772e-09
1.32772e-09
1.32772e-09
1.32772e-09
1.32772e-09
1.32772e-09
1.32772e-09
1.32772e-09
1.32772e-09
1.32772e-09
1.32772e-09
1.32772e-09
1.32772e-09
1.32772e-09
1.32772e-09
1.32772e-09
1.32772e-09
1.32772e-09
1.32772e-09
1.32772e-09
1.32772e-09
1.32772e-09
1.32772e-09
1.32772e-09
1.32772e-09
1.32772e-09
1.32772e-09
1.32772e-09
1.32772e-09
1.32772e-09
1.32772e-09
1.32772e-09
1.32772e-09
1.32772e-09
1.32772e-09
1.32772e-09
1.32772e-09
1.32772e-09
1.32772e-09
1.32772e-09
1.32772e-09
1.32772e-09
1.32772e-09
1.32772e-09
1.32772e-09
1.32772e-09
1.32772e-09
1.32772e-09
1.32772e-09
1.32772e-09
1.32772e-09
1.32772e-09
1.32772e-09
1.32772e-09
1.32772e-09
1.32772e-09
1.32772e-09
1.32772e-09
1.32772e-09
1.32772e-09
1.32772e-09
1.32772e-09
1.32772e-09
1.32772e-09
1.32772e-09
1.32772e-09
1.32772e-09
1.32772e-09
1.32772e-09
1.32772e-09
1.32772e-09
1.32772e-09
1.32772e-09
1.32772e-09
1.32772e-09
1.32772e-09
1.32772e-09
1.32772e-09
1.32772e-09
1.32772e-09
1.32772e-09
1.32772e-09
1.32772e-09
1.32772e-09
1.32772e-09
1.32772e-09
1.32772e-09
1.32772e-09
1.32772e-09
1.32772e-09
1.32772e-09
1.32772e-09
1.32772e-09
1.32772e-09
1.32772e-09
1.32772e-09
1.32772e-09
1.32772e-09
1.32772e-09
1.32772e-09
1.32772e-09
1.32772e-09
1.32772e-09
1.32772e-09
1.32772e-09
1.32772e-09
1.32772e-09
1.32772e-09
1.32772e-09
1.32772e-09
1.32772e-09
1.32772e-09
1.32772e-09
1.32772e-09
1.32772e-09
1.32772e-09
1.32772e-09
1.32772e-09
1.32772e-09
1.32772e-09
1.32772e-09
1.32772e-09
1.32772e-09
1.32772e-09
1.32772e-09
1.32772e-09
1.32772e-09
1.32772e-09
1.32772e-09
1.32772e-09
1.32772e-09
1.32772e-09
1.32772e-09
1.32772e-09
1.32772e-09
1.32772e-09
1.32772e-09
1.32772e-09
1.32772e-09
1.32772e-09
1.32772e-09
1.32772e-09
1.32772e-09
1.32772e-09
1.32772e-09
1.32772e-09
1.32772e-09
1.32772e-09
1.32772e-09
1.32772e-09
1.32772e-09
1.32772e-09
1.32772e-09
1.32772e-09
1.32772e-09
1.32772e-09
1.32772e-09
1.32772e-09
1.32772e-09
1.32772e-09
1.32772e-09
1.32772e-09
1.32772e-09
1.32772e-09
1.32772e-09
1.32772e-09
1.32772e-09
1.32772e-09
1.32772e-09
1.32772e-09
1.32772e-09
1.32772e-09
1.32772e-09
1.32772e-09
1.32772e-09
1.32772e-09
1.32772e-09
1.32772e-09
1.32772e-09
1.32772e-09
1.32772e-09
1.32772e-09
1.32772e-09
1.32772e-09
1.32772e-09
1.32772e-09
1.32772e-09
1.32772e-09
1.32772e-09
1.32772e-09
1.32772e-09
1.32772e-09
1.32772e-09
1.32772e-09
1.32772e-09
1.32772e-09
1.32772e-09
1.32772e-09
1.32772e-09
1.32772e-09
1.32772e-09
1.32772e-09
1.32772e-09
1.32772e-09
1.32772e-09
1.32772e-09
1.32772e-09
1.32772e-09
1.32772e-09
1.32772e-09
1.32772e-09
1.32772e-09
1.32772e-09
1.32772e-09
1.32772e-09
