4.87886e+13
1.09738e+13
7.13231e+11
1.65276e+11
1.5084e+10
1.5084e+10
1.5084e+10
1.5084e+10
1.5084e+10
1.5084e+10
1.5084e+10
7.96823e+09
4.20207e+09
2.89112e+09
1.6401e+09
8.36675e+08
1.75651e+08
1.75651e+08
2.37674e+07
2.37674e+07
2.37674e+07
1.37616e+06
1.37616e+06
1.37616e+06
1.37616e+06
1.37616e+06
1.37616e+06
1.37616e+06
1.37616e+06
798762
212413
212413
212413
212413
212413
212413
212413
212413
212413
212413
212413
212413
165981
64349.1
64349.1
64349.1
27303.3
15397.4
6800.98
2243
1084.32
1084.32
1084.32
1084.32
1084.32
848.77
848.77
848.77
357.178
357.178
310.626
310.626
310.626
282.906
273.693
265.169
261.901
261.901
261.901
261.901
208.809
208.809
208.809
208.809
207.443
192.394
192.394
182.44
182.44
182.44
182.44
182.44
182.44
182.44
182.44
182.44
182.44
182.44
182.44
182.44
182.44
182.44
182.44
179.037
179.037
179.037
179.037
179.037
179.037
179.037
179.037
179.037
179.037
179.037
179.037
179.037
179.037
179.037
179.037
179.037
179.037
179.037
179.037
179.037
179.037
179.037
179.037
179.037
179.037
179.037
179.037
179.037
179.037
179.037
179.037
179.037
179.037
179.037
179.037
179.037
179.037
179.037
179.037
179.037
179.037
179.037
179.037
179.037
179.037
179.037
179.037
179.037
179.037
179.037
179.037
169.839
169.839
169.839
169.839
169.839
169.839
169.839
169.839
169.839
169.839
169.839
169.839
169.839
169.839
169.839
169.839
169.839
169.839
169.839
169.839
169.839
169.839
169.839
169.839
169.839
169.839
169.839
169.839
169.839
169.839
169.839
169.839
169.839
169.839
169.839
169.839
169.839
169.839
169.839
169.839
169.839
169.839
169.839
169.839
169.839
169.839
169.839
169.839
169.839
169.839
169.839
169.839
169.839
169.839
169.839
169.839
169.839
169.839
169.839
169.839
169.839
169.839
169.839
169.839
169.839
169.839
169.839
169.839
169.839
169.839
169.839
169.839
169.839
169.839
169.839
169.839
169.839
169.839
169.839
169.839
169.839
169.839
169.839
169.839
169.839
169.839
169.839
169.839
169.839
169.839
169.839
169.839
169.839
169.839
169.839
169.839
169.839
169.839
169.839
169.839
169.839
169.839
169.839
169.839
169.839
169.839
169.839
169.839
169.839
169.839
169.839
169.839
169.839
169.839
169.839
169.839
169.839
169.839
169.839
169.839
169.839
169.839
169.839
169.839
169.839
169.839
169.839
169.839
169.839
169.839
169.839
169.839
169.839
169.839
169.839
169.839
169.839
169.839
169.839
169.839
169.839
169.839
169.839
169.839
169.839
169.839
169.839
169.839
169.839
169.839
169.839
169.839
169.839
169.839
169.839
169.839
169.839
169.839
169.839
169.839
169.839
169.839
169.839
169.839
169.839
169.839
169.839
169.839
169.839
169.839
169.839
169.839
169.839
169.839
169.839
169.839
169.839
169.839
169.839
169.839
169.839
169.839
169.839
169.839
169.839
169.839
169.839
169.839
169.839
169.839
169.839
169.839
169.839
169.839
169.839
169.839
169.839
169.839
169.839
169.839
169.839
169.839
169.839
169.839
169.839
169.839
169.839
169.839
169.839
169.839
169.839
169.839
169.839
169.839
169.839
169.839
169.839
169.839
169.839
169.839
169.839
169.839
169.839
169.839
169.839
169.839
169.839
169.839
169.839
169.839
169.839
169.839
169.839
169.839
169.839
169.839
169.839
169.839
169.839
169.839
169.839
169.839
169.839
169.839
169.839
169.839
169.839
169.839
169.839
169.839
169.839
169.839
169.839
169.839
169.839
156.477
156.477
156.477
156.477
156.477
156.477
156.477
156.477
156.477
156.477
156.477
156.477
156.477
156.477
156.477
156.477
156.477
156.477
156.477
156.477
156.477
156.477
156.477
156.477
156.477
156.477
156.477
156.477
156.477
156.477
156.477
156.477
156.477
156.477
156.477
156.477
156.477
156.477
156.477
156.477
156.477
156.477
156.477
156.477
156.477
156.477
156.477
156.477
156.477
156.477
156.477
156.477
156.477
156.477
156.477
156.477
156.477
156.477
156.477
156.477
156.477
156.477
156.477
156.477
156.477
156.477
156.477
156.477
156.477
156.477
156.477
156.477
156.477
156.477
156.477
156.477
156.477
156.477
156.477
156.477
156.477
156.477
156.477
156.477
156.477
156.477
156.477
156.477
156.477
156.477
156.477
156.477
156.477
156.477
156.477
156.477
156.477
156.477
156.477
156.477
156.477
156.477
156.477
156.477
156.477
156.477
156.477
156.477
156.477
156.477
156.477
156.477
156.477
156.477
156.477
156.477
156.477
156.477
156.477
156.477
156.477
156.477
156.477
156.477
156.477
156.477
156.477
156.477
156.477
156.477
156.477
156.477
156.477
156.477
156.477
156.477
156.477
156.477
156.477
156.477
156.477
156.477
156.477
156.477
156.477
156.477
156.477
156.477
156.477
156.477
156.477
156.477
156.477
156.477
156.477
156.477
156.477
156.477
156.477
156.477
156.477
156.477
156.477
156.477
156.477
156.477
156.477
156.477
156.477
156.477
156.477
156.477
156.477
156.477
156.477
156.477
156.477
156.477
156.477
156.477
156.477
156.477
156.477
156.477
156.477
156.477
156.477
156.477
156.477
156.477
156.477
156.477
156.477
156.477
156.477
156.477
156.477
156.477
156.477
156.477
156.477
156.477
156.477
156.477
156.477
156.477
156.477
156.477
156.477
156.477
156.477
156.477
156.477
156.477
156.477
156.477
156.477
156.477
156.477
156.477
156.477
156.477
156.477
156.477
156.477
156.477
156.477
156.477
156.477
156.477
156.477
156.477
156.477
156.477
156.477
156.477
156.477
156.477
156.477
156.477
156.477
156.477
156.477
156.477
156.477
156.477
156.477
156.477
156.477
156.477
156.477
156.477
156.477
156.477
156.477
156.477
156.477
156.477
156.477
156.477
156.477
156.477
156.477
156.477
156.477
156.477
156.477
156.477
156.477
156.477
156.477
156.477
156.477
156.477
156.477
156.477
156.477
156.477
156.477
156.477
156.477
156.477
156.477
156.477
156.477
156.477
156.477
156.477
156.477
156.477
156.477
156.477
156.477
156.477
156.477
156.477
156.477
156.477
156.477
156.477
156.477
156.477
156.477
156.477
156.477
156.477
156.477
156.477
156.477
156.477
156.477
156.477
156.477
156.477
156.477
156.477
156.477
156.477
156.477
156.477
156.477
156.477
156.477
156.477
156.477
156.477
156.477
156.477
156.477
156.477
156.477
156.477
156.477
156.477
156.477
156.477
156.477
156.477
156.477
156.477
156.477
156.477
156.477
156.477
156.477
156.477
156.477
156.477
156.477
156.477
156.477
156.477
156.477
156.477
156.477
156.477
156.477
156.477
156.477
156.477
156.477
156.477
156.477
156.477
156.477
156.477
156.477
156.477
156.477
156.477
156.477
156.477
156.477
156.477
156.477
156.477
156.477
156.477
156.477
156.477
156.477
156.477
156.477
156.477
156.477
156.477
156.477
156.477
156.477
156.477
156.477
156.477
156.477
156.477
156.477
156.477
156.477
156.477
156.477
156.477
156.477
156.477
156.477
155.764
155.764
155.764
155.764
155.764
155.764
155.764
155.764
155.764
155.764
155.764
155.764
155.764
155.764
155.764
155.764
141.043
141.043
141.043
141.043
141.043
141.043
141.043
141.043
141.043
141.043
141.043
141.043
141.043
141.043
141.043
141.043
141.043
141.043
141.043
141.043
141.043
141.043
141.043
141.043
141.043
141.043
141.043
141.043
141.043
141.043
141.043
141.043
141.043
141.043
141.043
141.043
141.043
141.043
141.043
141.043
141.043
141.043
141.043
141.043
141.043
141.043
141.043
141.043
141.043
141.043
141.043
141.043
141.043
141.043
141.043
141.043
141.043
141.043
141.043
141.043
141.043
141.043
141.043
141.043
141.043
141.043
141.043
141.043
141.043
141.043
141.043
141.043
141.043
141.043
141.043
141.043
141.043
141.043
141.043
141.043
141.043
141.043
141.043
141.043
141.043
141.043
141.043
141.043
141.043
141.043
141.043
141.043
141.043
141.043
141.043
141.043
141.043
141.043
141.043
141.043
141.043
141.043
141.043
141.043
141.043
141.043
141.043
141.043
141.043
141.043
141.043
141.043
141.043
141.043
141.043
141.043
141.043
141.043
141.043
141.043
141.043
141.043
141.043
141.043
141.043
141.043
141.043
141.043
141.043
141.043
141.043
141.043
141.043
141.043
141.043
141.043
141.043
141.043
141.043
141.043
141.043
141.043
141.043
141.043
141.043
141.043
141.043
141.043
141.043
141.043
141.043
141.043
141.043
141.043
141.043
141.043
141.043
141.043
141.043
141.043
141.043
141.043
141.043
141.043
141.043
141.043
141.043
141.043
141.043
141.043
141.043
141.043
141.043
141.043
141.043
141.043
141.043
141.043
141.043
141.043
141.043
141.043
141.043
141.043
141.043
141.043
141.043
141.043
141.043
141.043
141.043
141.043
141.043
141.043
141.043
141.043
141.043
141.043
141.043
141.043
141.043
141.043
141.043
141.043
141.043
141.043
141.043
141.043
141.043
141.043
141.043
141.043
141.043
141.043
141.043
141.043
141.043
141.043
141.043
141.043
141.043
141.043
141.043
141.043
141.043
141.043
141.043
141.043
141.043
141.043
141.043
141.043
141.043
141.043
141.043
141.043
141.043
141.043
141.043
141.043
141.043
141.043
141.043
141.043
141.043
141.043
141.043
141.043
141.043
141.043
141.043
141.043
141.043
141.043
141.043
141.043
141.043
141.043
141.043
141.043
141.043
141.043
141.043
141.043
141.043
141.043
141.043
141.043
141.043
141.043
141.043
141.043
141.043
141.043
141.043
141.043
141.043
141.043
141.043
141.043
141.043
141.043
141.043
141.043
141.043
141.043
141.043
141.043
141.043
141.043
141.043
141.043
141.043
141.043
141.043
141.043
141.043
141.043
141.043
141.043
141.043
141.043
141.043
141.043
141.043
141.043
141.043
141.043
141.043
141.043
141.043
141.043
141.043
141.043
141.043
141.043
141.043
141.043
141.043
141.043
141.043
141.043
141.043
141.043
141.043
141.043
141.043
141.043
141.043
141.043
141.043
141.043
141.043
141.043
141.043
141.043
141.043
141.043
141.043
141.043
141.043
141.043
141.043
141.043
141.043
141.043
141.043
141.043
141.043
141.043
141.043
141.043
141.043
141.043
141.043
141.043
141.043
141.043
141.043
141.043
141.043
141.043
141.043
141.043
141.043
141.043
141.043
141.043
141.043
141.043
141.043
141.043
141.043
141.043
141.043
141.043
141.043
141.043
141.043
141.043
141.043
141.043
141.043
141.043
141.043
141.043
141.043
141.043
141.043
141.043
141.043
141.043
141.043
141.043
141.043
141.043
141.043
141.043
141.043
141.043
141.043
141.043
141.043
141.043
141.043
141.043
141.043
141.043
141.043
141.043
141.043
141.043
141.043
141.043
141.043
141.043
141.043
141.043
141.043
141.043
141.043
141.043
141.043
141.043
141.043
141.043
141.043
141.043
141.043
141.043
141.043
141.043
141.043
141.043
141.043
141.043
141.043
141.043
141.043
141.043
141.043
141.043
141.043
141.043
141.043
141.043
141.043
141.043
141.043
141.043
141.043
141.043
141.043
141.043
141.043
141.043
141.043
141.043
141.043
141.043
141.043
141.043
132.601
132.601
132.601
132.601
132.601
132.601
132.601
132.601
132.601
132.601
132.601
132.601
132.601
132.601
132.601
132.601
132.601
132.601
132.601
132.601
132.601
132.601
132.601
132.601
132.601
132.601
132.601
132.601
132.601
132.601
132.601
132.601
132.601
132.601
132.601
132.601
132.601
132.601
132.601
132.601
132.601
132.601
132.601
132.601
132.601
132.601
132.601
132.601
132.601
132.601
132.601
132.601
132.601
132.601
132.601
132.601
132.601
132.601
132.601
132.601
132.601
132.601
132.601
132.601
132.601
132.601
132.601
132.601
132.601
132.601
132.601
132.601
132.601
132.601
132.601
132.601
132.601
132.601
132.601
132.601
132.601
132.601
132.601
132.601
132.601
132.601
132.601
132.601
132.601
132.601
132.601
132.601
132.601
132.601
132.601
132.601
132.601
132.601
132.601
132.601
132.601
132.601
132.601
132.601
132.601
132.601
132.601
132.601
132.601
132.601
132.601
132.601
132.601
132.601
132.601
132.601
132.601
132.601
132.601
132.601
132.601
132.601
132.601
132.601
132.601
132.601
132.601
132.601
132.601
132.601
132.601
132.601
132.601
132.601
132.601
132.601
132.601
132.601
129.762
129.762
129.762
129.762
129.762
129.762
129.762
129.762
129.762
129.762
129.762
129.762
129.762
129.762
129.762
129.762
129.762
129.762
129.762
129.762
129.762
129.762
129.762
129.762
129.762
129.762
129.762
129.762
129.762
129.762
129.762
129.762
129.762
129.762
129.762
129.762
129.762
129.762
129.762
129.762
129.762
129.762
129.762
129.762
129.762
129.762
129.762
129.762
129.762
129.762
129.762
129.762
129.762
129.762
129.762
129.762
129.762
129.762
129.762
129.762
129.762
129.762
129.762
129.762
129.762
129.762
129.762
129.762
129.762
129.762
129.762
129.762
129.762
129.762
129.762
129.762
129.762
129.762
129.762
129.762
129.762
129.762
129.762
129.762
129.762
129.762
129.762
129.762
129.762
129.762
129.762
129.762
129.762
129.762
129.762
129.762
129.762
129.762
129.762
129.762
129.762
129.762
129.762
129.762
129.762
129.762
129.762
129.762
129.762
129.762
129.762
129.762
129.762
129.762
129.762
129.762
129.762
129.762
129.762
129.762
129.762
129.762
129.762
129.762
129.762
129.762
129.762
129.762
129.762
129.762
129.762
129.762
129.762
129.762
129.762
129.762
129.762
129.762
129.762
129.762
129.762
129.762
129.762
129.762
129.762
129.762
129.762
129.762
129.762
129.762
129.762
129.762
129.762
129.762
129.762
129.762
129.762
129.762
129.762
129.762
129.762
129.762
129.762
129.762
129.762
129.762
129.762
129.762
129.762
129.762
129.762
129.762
129.762
129.762
129.762
129.762
129.762
129.762
129.762
129.762
129.762
129.762
129.762
129.762
129.762
129.762
129.762
129.762
129.762
129.762
129.762
129.762
129.762
129.762
129.762
129.762
129.762
129.762
129.762
129.762
129.762
129.762
129.762
129.762
129.762
129.762
129.762
129.762
129.762
129.762
129.762
129.762
129.762
129.762
129.762
129.762
129.762
129.762
129.762
129.762
129.762
129.762
129.762
129.762
129.762
129.762
129.762
129.762
129.762
129.762
129.762
129.762
129.762
129.762
129.762
129.762
129.762
129.762
129.762
129.762
129.762
129.762
129.762
129.762
129.762
129.762
129.762
129.762
129.762
129.762
129.762
129.762
129.762
129.762
129.762
129.762
129.762
129.762
129.762
129.762
129.762
129.762
129.762
129.762
129.762
129.762
129.762
129.762
129.762
129.762
129.762
129.762
129.762
129.762
129.762
129.762
129.762
129.762
129.762
129.762
129.762
129.762
129.762
129.762
129.762
129.762
129.762
129.762
129.762
129.762
129.762
129.762
129.762
129.762
129.762
129.762
129.762
129.762
129.762
129.762
129.762
129.762
129.762
129.762
129.762
129.762
129.762
129.762
129.762
129.762
129.762
129.762
129.762
129.762
129.762
129.762
129.762
129.762
129.762
129.762
129.762
129.762
129.762
129.762
129.762
129.762
129.762
129.762
129.762
129.762
129.762
129.762
129.762
129.762
129.762
129.762
129.762
129.762
129.762
129.762
129.762
129.762
129.762
129.762
129.762
129.762
129.762
129.762
129.762
129.762
129.762
129.762
129.762
129.762
129.762
129.762
129.762
129.762
129.762
129.762
129.762
129.762
129.762
129.762
129.762
129.762
129.762
129.762
129.762
129.762
129.762
129.762
129.762
129.762
129.762
129.762
129.762
129.762
129.762
129.762
129.762
129.762
129.762
129.762
129.762
129.762
129.762
129.762
129.762
129.762
129.762
129.762
129.762
129.762
129.762
129.762
129.762
129.762
129.762
129.762
129.762
129.762
129.762
129.762
129.762
129.762
129.762
129.762
129.762
129.762
129.762
129.762
129.762
129.762
129.762
129.762
129.762
129.762
129.762
129.762
129.762
129.762
129.762
129.762
129.762
129.762
129.762
129.762
129.762
129.762
129.762
129.762
129.762
129.762
129.762
129.762
129.762
129.762
129.762
129.762
129.762
129.762
129.762
129.762
129.762
129.762
129.762
129.762
129.762
129.762
129.762
129.762
129.762
129.762
129.762
129.762
129.762
129.762
129.762
129.762
129.762
129.762
129.762
129.762
129.762
129.762
129.762
129.762
129.762
129.762
129.762
129.762
129.762
129.762
129.762
129.762
129.762
129.762
129.762
129.762
129.762
129.762
129.762
129.762
129.762
129.762
129.762
129.762
129.762
129.762
129.762
129.762
129.762
129.762
129.762
129.762
129.762
129.762
129.762
129.762
129.762
129.762
129.762
129.762
129.762
129.762
129.762
129.762
129.762
129.762
129.762
129.762
129.762
129.762
129.762
129.762
129.762
129.762
129.762
129.762
129.762
129.762
129.762
129.762
129.762
129.762
129.762
129.762
129.762
129.762
129.762
129.762
129.762
129.762
129.762
129.762
129.762
129.762
129.762
129.762
129.762
129.762
129.762
129.762
129.762
129.762
129.762
129.762
129.762
129.762
129.762
129.762
129.762
129.762
129.762
129.762
129.762
129.762
129.762
129.762
129.762
129.762
129.762
129.762
129.762
129.762
129.762
129.762
129.762
129.762
129.762
129.762
129.762
129.762
129.762
129.762
129.762
129.762
129.762
129.762
129.762
129.762
129.762
129.762
129.762
129.762
129.762
129.762
129.762
129.762
129.762
129.762
129.762
129.762
129.762
129.762
129.762
129.762
129.762
129.762
129.762
129.762
129.762
129.762
129.762
129.762
129.762
129.762
129.762
129.762
129.762
129.762
129.762
129.762
129.762
129.762
129.762
129.762
129.762
129.762
129.762
129.762
129.762
129.762
129.762
129.762
129.762
129.762
129.762
129.762
129.762
129.762
129.762
129.762
129.762
129.762
129.762
129.762
129.762
129.762
129.762
129.762
129.762
129.762
129.762
129.762
129.762
129.762
129.762
129.762
129.762
129.762
129.762
129.762
129.762
129.762
129.762
129.762
129.762
129.762
129.762
129.762
129.762
129.762
129.762
129.762
129.762
129.762
129.762
129.762
129.762
129.762
129.762
129.762
129.762
129.762
129.762
129.762
129.762
129.762
129.762
129.762
129.762
129.762
129.762
129.762
129.762
129.762
129.762
129.762
129.762
129.762
129.762
129.762
129.762
129.762
129.762
129.762
129.762
129.762
129.762
129.762
129.762
129.762
129.762
129.762
129.762
129.762
129.762
129.762
129.762
129.762
129.762
129.762
129.762
129.762
129.762
129.762
129.762
129.762
129.762
129.762
129.762
129.762
129.762
129.762
129.762
129.762
129.762
129.762
129.762
129.762
129.762
129.762
129.762
129.762
129.762
129.762
129.762
129.762
129.762
129.762
129.762
129.762
129.762
129.762
129.762
129.762
129.762
129.762
129.762
129.762
129.762
129.762
129.762
129.762
129.762
129.762
129.762
129.762
129.762
129.762
129.762
129.762
129.762
129.762
129.762
129.762
129.762
129.762
129.762
129.762
129.762
129.762
129.762
129.762
129.762
129.762
129.762
129.762
129.762
129.762
129.762
129.762
129.762
129.762
129.762
129.762
129.762
129.762
129.762
129.762
129.762
129.762
129.762
129.762
129.762
129.762
129.762
129.762
129.762
129.762
129.762
129.762
129.762
129.762
129.762
129.762
129.762
129.762
129.762
129.762
129.762
129.762
129.762
129.762
129.762
129.762
129.762
129.762
129.762
129.762
129.762
129.762
129.762
129.762
129.762
129.762
129.762
129.762
129.762
129.762
129.762
129.762
129.762
129.762
129.762
129.762
129.762
129.762
129.762
129.762
129.762
129.762
129.762
129.762
129.762
129.762
129.762
129.762
129.762
129.762
129.762
129.762
129.762
129.762
129.762
129.762
129.762
129.762
129.762
129.762
129.762
129.762
129.762
129.762
129.762
129.762
129.762
129.762
129.762
129.762
129.762
129.762
129.762
129.762
129.762
129.762
129.762
129.762
129.762
129.762
129.762
129.762
129.762
129.762
129.762
129.762
129.762
129.762
129.762
129.762
129.762
129.762
129.762
129.762
129.762
129.762
129.762
129.762
129.762
129.762
129.762
129.762
129.762
129.762
129.762
129.762
129.762
129.762
129.762
129.762
129.762
129.762
129.762
129.762
129.762
129.762
129.762
129.762
129.762
129.762
129.762
129.762
129.762
129.762
129.762
129.762
129.762
129.762
129.762
129.762
129.762
129.762
129.762
129.762
129.762
129.762
129.762
129.762
129.762
129.762
129.762
129.762
129.762
129.762
129.762
129.762
129.762
129.762
129.762
129.762
129.762
129.762
129.762
129.762
129.762
129.762
129.762
129.762
129.762
129.762
129.762
129.762
129.762
129.762
129.762
129.762
129.762
129.762
129.762
129.762
129.762
129.762
129.762
129.762
129.762
129.762
129.762
129.762
129.762
129.762
129.762
129.762
129.762
129.762
129.762
129.762
129.762
129.762
129.762
129.762
129.762
129.762
129.762
129.762
129.762
129.762
129.762
129.762
129.762
129.762
129.762
129.762
129.762
129.762
129.762
129.762
129.762
129.762
129.762
129.762
129.762
129.762
129.762
129.762
129.762
129.762
129.762
129.762
129.762
129.762
129.762
129.762
129.762
129.762
129.762
129.762
129.762
129.762
129.762
129.762
129.762
129.762
129.762
129.762
129.762
129.762
129.762
129.762
129.762
129.762
129.762
129.762
129.762
129.762
129.762
129.762
129.762
129.762
129.762
129.762
129.762
129.762
129.762
129.762
129.762
129.762
129.762
129.762
129.762
129.762
129.762
129.762
129.762
129.762
129.762
129.762
129.762
129.762
129.762
129.762
129.762
129.762
129.762
129.762
129.762
129.762
129.762
129.762
129.762
129.762
129.762
129.762
129.762
129.762
129.762
129.762
129.762
129.762
129.762
129.762
129.762
129.762
129.762
129.762
129.762
129.762
129.762
129.762
129.762
129.762
129.762
129.762
129.762
129.762
129.762
129.762
129.762
129.762
129.762
129.762
129.762
129.762
129.762
129.762
129.762
129.762
129.762
129.762
129.762
129.762
129.762
129.762
129.762
129.762
129.762
129.762
129.762
129.762
129.762
129.762
129.762
129.762
129.762
129.762
129.762
129.762
129.762
129.762
129.762
129.762
129.762
129.762
129.762
129.762
129.762
129.762
129.762
129.762
129.762
129.762
129.762
129.762
129.762
129.762
129.762
129.762
129.762
129.762
129.762
129.762
129.762
129.762
129.762
129.762
129.762
129.762
129.762
129.762
129.762
129.762
129.762
129.762
129.762
129.762
129.762
129.762
129.762
129.762
129.762
129.762
129.762
129.762
129.762
129.762
129.762
129.762
129.762
129.762
129.762
129.762
129.762
129.762
129.762
129.762
129.762
129.762
129.762
129.762
129.762
129.762
129.762
129.762
129.762
129.762
129.762
129.762
129.762
129.762
129.762
129.762
129.762
129.762
129.762
129.762
129.762
129.762
129.762
129.762
129.762
129.762
129.762
129.762
129.762
129.762
129.762
129.762
129.762
129.762
129.762
129.762
129.762
129.762
129.762
129.762
129.762
129.762
129.762
129.762
129.762
129.762
129.762
129.762
129.762
129.762
129.762
129.762
129.762
129.762
129.762
129.762
129.762
129.762
129.762
129.762
129.762
129.762
129.762
129.762
129.762
129.762
129.762
129.762
129.762
129.762
129.762
129.762
129.762
129.762
129.762
129.762
129.762
129.762
129.762
129.762
129.762
129.762
129.762
129.762
129.762
129.762
129.762
129.762
129.762
129.762
129.762
129.762
129.762
129.762
129.762
129.762
129.762
129.762
129.762
129.762
129.762
129.762
129.762
129.762
129.762
129.762
129.762
129.762
129.762
129.762
129.762
129.762
129.762
129.762
129.762
129.762
129.762
129.762
129.762
129.762
129.762
129.762
129.762
129.762
129.762
129.762
129.762
129.762
129.762
129.762
129.762
129.762
129.762
129.762
129.762
129.762
129.762
129.762
129.762
113.11
106.47
101.892
100.056
100.056
100.056
100.056
100.056
89.9019
89.9019
86.1601
86.1601
86.1601
81.8526
81.8526
81.8526
81.8526
73.5626
58.7466
45.2973
45.2973
45.2973
45.2973
44.9451
31.7401
31.7401
30.5483
27.994
22.7549
22.7549
22.7549
22.7549
22.7549
22.497
21.1932
20.831
18.0984
15.4656
15.4656
13.9032
13.1084
12.0501
12.0501
12.0501
12.0501
12.0501
11.9296
11.6374
11.6374
11.6374
11.6374
11.6374
11.6374
11.6374
11.3653
11.3653
11.3653
11.262
11.262
10.9004
10.9004
10.9004
10.879
10.5882
10.5882
10.5882
10.4049
10.4049
10.4049
10.4049
10.4049
10.4049
10.4049
10.4049
10.4049
10.4049
10.4049
10.391
10.391
10.391
10.391
10.391
10.391
10.3822
10.3822
10.3801
10.3752
10.3563
10.3563
10.3434
10.3365
10.3311
10.3304
10.3294
10.3256
10.3256
10.3254
10.3254
10.3254
10.3254
10.3226
10.3226
10.3226
10.3226
10.3226
10.3226
10.3226
10.3226
10.3226
10.3225
10.3222
10.3211
10.3211
10.3211
10.3211
10.3211
10.321
10.321
10.321
10.321
10.3204
10.3202
10.3198
10.3197
10.3197
10.3197
10.3197
10.3197
10.3197
10.3197
10.3197
10.3197
10.3197
10.3197
10.3197
10.3197
10.3197
10.3197
10.3197
10.3197
10.3197
10.3197
10.3197
10.3197
10.3197
10.3197
10.3197
10.3197
10.3197
10.3197
10.3197
10.3197
10.3197
10.3197
10.3197
10.3197
10.3197
10.3197
10.3197
10.3197
10.3197
10.3197
10.3197
10.3197
10.3197
10.3197
10.3197
10.3197
10.3197
10.3197
10.3197
10.3197
10.3197
10.3197
10.3197
10.3197
10.3197
10.3197
10.3197
10.3197
10.3197
10.3197
10.3197
10.3197
10.3197
10.3197
10.3197
10.3197
10.3197
10.3197
10.3197
10.3197
10.3197
10.3197
10.3197
10.3197
10.3197
10.3197
10.3197
10.3197
10.3197
10.3197
10.3197
10.3197
10.3197
10.3197
10.3197
10.3197
10.3197
10.3197
10.3197
10.3197
10.3197
10.3197
10.3197
10.3197
10.3197
10.3197
10.3197
10.3197
10.3197
10.3197
10.3197
10.3197
10.3197
10.3197
10.3197
10.3197
10.3197
10.3197
10.3197
10.3197
10.3197
10.3197
10.3197
10.3197
10.3197
10.3197
10.3197
10.3197
10.3197
10.3197
10.3197
10.3197
10.3197
10.3197
10.3197
10.3197
10.3197
10.3197
10.3197
10.3197
10.3197
10.3197
10.3197
10.3197
10.3197
10.3197
10.3197
10.3197
10.3197
10.3197
10.3197
10.3197
10.3197
10.3197
10.3197
10.3197
10.3197
10.3197
10.3197
10.3197
10.3197
10.3197
10.3197
10.3197
10.3197
10.3197
10.3197
10.3197
10.3197
10.3197
10.3197
10.3197
10.3197
10.3197
10.3197
10.3197
10.3197
10.3197
10.3197
10.3197
10.3197
10.3197
10.3197
10.3197
10.3197
10.3197
10.3197
10.3197
10.3197
10.3197
10.3197
10.3197
10.3197
10.3197
10.3197
10.3197
10.3197
10.3197
10.3197
10.3197
10.3197
10.3197
10.3197
10.3197
10.3197
10.3197
10.3197
10.3197
10.3197
10.3197
10.3197
10.3197
10.3197
10.3197
10.3197
10.3197
10.3197
10.3197
10.3197
10.3197
10.3197
10.3197
10.3197
10.3197
10.3197
10.3197
10.3197
10.3197
10.3197
10.3197
10.3197
10.3197
10.3197
10.3197
10.3197
10.3197
10.3197
10.3197
10.3197
10.3197
10.3197
10.3197
10.3197
10.3197
10.3197
10.3197
10.3197
10.3197
10.3197
10.3197
10.3197
10.3197
10.3197
10.3197
10.3197
10.3197
10.3197
10.3197
10.3197
10.3197
10.3197
10.3197
10.3197
10.3197
10.3197
10.3197
10.3197
10.3197
10.3197
10.3197
10.3197
10.3197
10.3197
10.3197
10.3197
10.3197
10.3197
10.3197
10.3197
10.3197
10.3197
10.3197
10.3197
10.3197
10.3197
10.3197
10.3197
10.3197
10.3197
10.3197
10.3197
10.3197
10.3197
10.3197
10.3197
10.3197
10.3197
10.3197
10.3197
10.3197
10.3197
10.3197
10.3197
10.3197
10.3197
10.3197
10.3197
10.3197
10.3197
10.3197
10.3197
10.3197
10.3197
10.3197
10.3197
10.3197
10.3197
10.3197
10.3197
10.3197
10.3197
10.3197
10.3197
10.3197
10.3197
10.3197
10.3197
10.3197
10.3197
10.3197
10.3197
10.3197
10.3197
10.3197
10.3197
10.3197
10.3197
10.3197
10.3197
10.3197
10.3197
10.3197
10.3197
10.3197
10.3197
10.3197
10.3197
10.3197
10.3197
10.3197
10.3197
10.3197
10.3197
10.3197
10.3197
10.3197
10.3197
10.3197
10.3197
10.3197
10.3197
10.3197
10.3197
10.3197
10.3197
10.3197
10.3197
10.3197
10.3197
10.3197
10.3197
10.3197
10.3197
10.3197
10.3197
10.3197
10.3197
10.3197
10.3197
10.3197
10.3197
10.3197
10.3197
10.3197
10.3197
10.3197
10.3197
10.3197
10.3197
10.3197
10.3197
10.3197
10.3197
10.3197
10.3197
10.3197
10.3197
10.3197
10.3197
10.3197
10.3197
10.3197
10.3197
10.3197
10.3197
10.3197
10.3197
10.3197
10.3197
10.3197
10.3197
10.3197
10.3197
10.3197
10.3197
10.3197
10.3197
10.3197
10.3197
10.3197
10.3197
10.3197
10.3197
10.3197
10.3197
10.3197
10.3197
10.3197
10.3197
10.3197
10.3197
10.3197
10.3197
10.3197
10.3197
10.3197
10.3197
10.3197
10.3197
10.3197
10.3197
10.3197
10.3197
10.3197
10.3197
10.3197
10.3197
10.3197
10.3197
10.3197
10.3197
10.3197
10.3197
10.3197
10.3197
10.3197
10.3197
10.3197
10.3197
10.3197
10.3197
10.3197
10.3197
10.3197
10.3197
10.3197
10.3197
10.3197
10.3197
10.3197
10.3197
10.3197
10.3197
10.3197
10.3197
10.3197
10.3197
10.3197
10.3197
10.3197
10.3197
10.3197
10.3197
10.3197
10.3197
10.3197
10.3197
10.3197
10.3197
10.3197
10.3197
10.3197
10.3197
10.3197
10.3197
10.3197
10.3197
10.3197
10.3197
10.3197
10.3197
10.3197
10.3197
10.3197
10.3197
10.3197
10.3197
10.3197
10.3197
10.3197
10.3197
10.3197
10.3197
10.3197
10.3197
10.3197
10.3197
10.3197
10.3197
10.3197
10.3197
10.3197
10.3197
10.3197
10.3197
10.3197
10.3197
10.3197
10.3197
10.3197
10.3197
10.3197
10.3197
10.3197
10.3197
10.3197
10.3197
10.3197
10.3197
10.3197
10.3197
10.3197
10.3197
10.3197
10.3197
10.3197
10.3197
10.3197
10.3197
10.3197
10.3197
10.3197
10.3197
10.3197
10.3197
10.3197
10.3197
10.3197
10.3197
10.3197
10.3197
10.3197
10.3197
10.3197
10.3197
10.3197
10.3197
10.3197
10.3197
10.3197
10.3197
10.3197
10.3197
10.3197
10.3197
10.3197
10.3197
10.3197
10.3197
10.3197
10.3197
10.3197
10.3197
10.3197
10.3197
10.3197
10.3197
10.3197
10.3197
10.3197
10.3197
10.3197
