1.57999e+07
1.35427e+07
586337
586337
586337
586337
586337
574397
288824
288824
206241
206241
206241
44879.7
44879.7
44879.7
44879.7
44879.7
44879.7
32804.6
8082.16
8082.16
8082.16
8082.16
3516.12
3516.12
3516.12
1171.04
1171.04
769.281
478.758
275.501
275.501
275.501
275.501
275.501
275.501
275.501
275.501
275.501
275.501
250.583
231.37
225.408
225.408
225.408
221.699
221.699
221.699
208.59
208.59
208.59
208.59
208.113
208.113
208.113
208.113
208.113
192.288
192.288
192.288
190.833
184.24
184.24
184.24
184.24
180.895
180.895
180.895
180.895
180.895
180.895
180.895
180.895
180.895
169.684
169.684
169.684
169.684
169.684
169.684
169.684
169.684
169.684
169.684
169.684
169.684
169.684
169.684
169.684
169.684
169.684
169.684
169.684
169.684
169.684
169.684
169.684
169.684
169.684
169.684
169.684
169.684
169.684
169.684
169.684
169.684
169.684
169.684
169.684
169.684
169.684
169.684
169.684
169.684
169.684
169.684
169.684
169.684
169.684
169.684
169.684
169.684
169.684
169.684
169.684
169.684
169.684
169.684
169.684
169.684
169.684
169.684
169.684
169.684
169.684
169.684
169.684
169.684
169.684
169.684
169.684
169.684
169.684
169.684
169.684
169.684
169.684
169.684
169.684
169.684
169.684
169.684
169.684
169.684
169.684
169.684
169.684
169.684
169.684
169.684
169.684
169.684
169.684
169.684
169.684
169.684
169.684
169.684
169.684
169.684
169.684
169.684
169.684
169.684
169.684
169.684
169.684
169.684
169.684
169.684
169.684
169.684
169.684
169.684
169.684
169.684
169.684
169.684
169.684
169.684
169.684
169.684
169.684
169.684
169.684
169.684
169.684
169.684
169.684
169.684
169.684
169.684
169.684
169.684
169.684
169.684
169.684
169.684
166.689
166.689
166.689
166.689
166.689
166.689
166.689
166.689
166.689
166.689
166.689
166.689
166.689
166.689
166.689
166.689
166.689
166.689
166.689
166.689
166.689
166.689
166.689
166.689
166.689
166.689
166.689
166.689
166.689
166.689
166.689
166.689
155.285
155.285
155.285
155.285
155.285
155.285
155.285
155.285
155.285
155.285
155.285
155.285
155.285
155.285
155.285
155.285
155.285
155.285
155.285
155.285
155.285
155.285
155.285
155.285
155.285
155.285
155.285
155.285
155.285
155.285
155.285
155.285
155.285
155.285
155.285
155.285
155.285
155.285
155.285
155.285
155.285
155.285
155.285
155.285
155.285
155.285
155.285
155.285
155.285
155.285
155.285
155.285
155.285
155.285
155.285
155.285
155.285
155.285
155.285
155.285
155.285
155.285
155.285
155.285
155.285
155.285
155.285
155.285
155.285
155.285
155.285
155.285
155.285
155.285
155.285
155.285
155.285
155.285
155.285
155.285
155.285
155.285
155.285
155.285
155.285
155.285
155.285
155.285
155.285
155.285
155.285
155.285
155.285
155.285
155.285
155.285
155.285
155.285
155.285
155.285
155.285
155.285
155.285
155.285
155.285
155.285
155.285
155.285
155.285
155.285
155.285
155.285
155.285
155.285
155.285
155.285
155.285
155.285
155.285
155.285
155.285
155.285
155.285
155.285
155.285
155.285
155.285
155.285
155.285
155.285
155.285
155.285
155.285
155.285
155.285
155.285
155.285
155.285
155.285
155.285
155.285
155.285
155.285
155.285
155.285
155.285
155.285
155.285
155.285
155.285
155.285
155.285
155.285
155.285
155.285
155.285
155.285
155.285
155.285
155.285
155.285
155.285
155.285
155.285
155.285
155.285
155.285
155.285
155.285
155.285
155.285
155.285
155.285
155.285
155.285
155.285
155.285
155.285
155.285
155.285
155.285
155.285
155.285
155.285
155.285
155.285
155.285
155.285
155.285
155.285
155.285
155.285
155.285
155.285
155.285
155.285
155.285
155.285
155.285
155.285
155.285
155.285
155.285
155.285
155.285
155.285
155.285
155.285
155.285
155.285
155.285
155.285
155.285
155.285
155.285
155.285
155.285
155.285
155.285
155.285
155.285
155.285
155.285
155.285
155.285
155.285
155.285
155.285
155.285
155.285
155.285
155.285
155.285
155.285
155.285
155.285
155.285
155.285
155.285
155.285
155.285
155.285
155.285
155.285
155.285
155.285
155.285
155.285
155.285
155.285
155.285
155.285
155.285
155.285
155.285
155.285
155.285
155.285
155.285
155.285
155.285
155.285
155.285
155.285
155.285
155.285
155.285
155.285
155.285
155.285
155.285
155.285
155.285
155.285
155.285
155.285
155.285
155.285
155.285
155.285
155.285
155.285
155.285
155.285
155.285
155.285
155.285
155.285
155.285
155.285
155.285
155.285
155.285
155.285
155.285
155.285
155.285
155.285
155.285
155.285
155.285
155.285
155.285
155.285
155.285
155.285
155.285
155.285
155.285
155.285
155.285
155.285
155.285
155.285
155.285
155.285
155.285
155.285
155.285
155.285
155.285
155.285
155.285
155.285
155.285
155.285
155.285
155.285
155.285
155.285
155.285
155.285
155.285
155.285
155.285
155.285
155.285
155.285
155.285
155.285
155.285
155.285
155.285
155.285
155.285
155.285
155.285
155.285
155.285
155.285
155.285
155.285
155.285
155.285
155.285
155.285
155.285
155.285
155.285
155.285
155.285
155.285
155.285
155.285
155.285
155.285
155.285
155.285
155.285
155.285
155.285
155.285
155.285
155.285
155.285
155.285
155.285
155.285
155.285
155.285
155.285
155.285
155.285
155.285
155.285
155.285
155.285
155.285
155.285
155.285
155.285
155.285
155.285
155.285
155.285
155.285
155.285
155.285
155.285
155.285
155.285
155.285
155.285
155.285
155.285
155.285
155.285
155.285
155.285
155.285
155.285
155.285
155.285
155.285
155.285
155.285
155.285
155.285
155.285
155.285
155.285
155.285
155.285
155.285
155.285
155.285
155.285
155.285
155.285
155.285
155.285
155.285
155.285
155.285
155.285
155.285
155.285
155.285
155.285
155.285
155.285
155.285
155.285
155.285
155.285
155.285
155.285
155.285
155.285
155.285
155.285
155.285
155.285
155.285
155.285
155.285
155.285
155.285
155.285
155.285
155.285
155.285
155.285
155.285
155.285
155.285
155.285
155.285
155.285
155.285
155.285
155.285
155.285
155.285
155.285
155.285
155.285
155.285
155.285
155.285
155.285
155.285
155.285
155.285
155.285
155.285
155.285
155.285
155.285
155.285
155.285
155.285
155.285
155.285
155.285
155.285
155.285
155.285
155.285
155.285
155.285
155.285
155.285
155.285
155.285
155.285
155.285
155.285
155.285
155.285
155.285
155.285
155.285
155.285
155.285
155.285
155.285
155.285
155.285
155.285
155.285
155.285
155.285
155.285
155.285
155.285
155.285
155.285
155.285
155.285
155.285
155.285
155.285
155.285
155.285
155.285
155.285
155.285
155.285
155.285
155.285
155.285
155.285
155.285
155.285
155.285
155.285
155.285
155.285
155.285
155.285
155.285
155.285
155.285
155.285
155.285
155.285
155.285
155.285
155.285
155.285
155.285
155.285
155.285
155.285
155.285
155.285
155.285
155.285
155.285
155.285
155.285
155.285
155.285
155.285
155.285
155.285
155.285
155.285
155.285
155.285
155.285
155.285
155.285
155.285
155.285
155.285
155.285
155.285
155.285
155.285
155.285
155.285
155.285
155.285
155.285
155.285
155.285
155.285
155.285
155.285
155.285
155.285
155.285
155.285
155.285
155.285
155.285
155.285
155.285
155.285
155.285
155.285
155.285
155.285
155.285
155.285
155.285
155.285
155.285
155.285
155.285
155.285
155.285
155.285
155.285
155.285
155.285
155.285
155.285
155.285
155.285
155.285
155.285
155.285
155.285
155.285
155.285
155.285
155.285
155.285
155.285
155.285
155.285
155.285
155.285
155.285
155.285
155.285
155.285
155.285
155.285
155.285
155.285
155.285
155.285
155.285
155.285
155.285
155.285
155.285
155.285
155.285
155.285
155.285
155.285
155.285
155.285
155.285
155.285
155.285
155.285
155.285
155.285
155.285
155.285
155.285
155.285
155.285
155.285
155.285
155.285
155.285
155.285
155.285
155.285
155.285
155.285
155.285
155.285
155.285
155.285
155.285
155.285
155.285
155.285
155.285
155.285
155.285
155.285
155.285
155.285
155.285
155.285
155.285
155.285
155.285
155.285
155.285
155.285
155.285
155.285
155.285
155.285
155.285
155.285
155.285
155.285
155.285
155.285
155.285
155.285
155.285
155.285
155.285
155.285
155.285
155.285
155.285
155.285
155.285
155.285
155.285
155.285
155.285
155.285
155.285
155.285
155.285
155.285
155.285
155.285
155.285
155.285
155.285
155.285
155.285
155.285
155.285
155.285
155.285
155.285
155.285
155.285
155.285
155.285
155.285
155.285
155.285
155.285
155.285
155.285
155.285
155.285
155.285
155.285
155.285
155.285
155.285
155.285
155.285
155.285
155.285
155.285
155.285
155.285
155.285
155.285
155.285
155.285
155.285
155.285
155.285
155.285
155.285
155.285
155.285
155.285
155.285
155.285
155.285
155.285
155.285
155.285
155.285
155.285
155.285
155.285
155.285
155.285
155.285
155.285
155.285
155.285
155.285
155.285
155.285
155.285
155.285
155.285
155.285
155.285
155.285
155.285
155.285
155.285
155.285
155.285
155.285
155.285
155.285
155.285
155.285
155.285
155.285
155.285
155.285
155.285
155.285
155.285
155.285
155.285
155.285
155.285
155.285
155.285
155.285
155.285
155.285
155.285
155.285
155.285
155.285
155.285
155.285
155.285
155.285
155.285
155.285
155.285
155.285
155.285
155.285
155.285
155.285
155.285
155.285
155.285
155.285
155.285
155.285
155.285
155.285
155.285
155.285
155.285
155.285
155.285
155.285
155.285
155.285
155.285
155.285
155.285
155.285
155.285
155.285
155.285
155.285
155.285
155.285
155.285
155.285
155.285
155.285
155.285
155.285
155.285
155.285
155.285
155.285
155.285
155.285
155.285
155.285
155.285
155.285
155.285
155.285
155.285
155.285
155.285
155.285
155.285
155.285
155.285
155.285
155.285
155.285
155.285
155.285
155.285
155.285
155.285
155.285
155.285
155.285
155.285
155.285
155.285
155.285
155.285
155.285
155.285
155.285
155.285
155.285
155.285
155.285
155.285
155.285
155.285
155.285
155.285
155.285
155.285
155.285
155.285
155.285
155.285
155.285
155.285
155.285
155.285
155.285
155.285
155.285
155.285
155.285
155.285
155.285
155.285
155.285
155.285
155.285
155.285
155.285
155.285
155.285
155.285
155.285
155.285
155.285
155.285
155.285
155.285
155.285
155.285
155.285
155.285
155.285
155.285
155.285
155.285
155.285
155.285
155.285
155.285
155.285
155.285
155.285
155.285
155.285
155.285
155.285
155.285
155.285
155.285
155.285
155.285
155.285
155.285
155.285
155.285
155.285
155.285
155.285
155.285
155.285
155.285
155.285
155.285
155.285
155.285
155.285
155.285
155.285
155.285
155.285
155.285
155.285
155.285
155.285
155.285
155.285
155.285
155.285
155.285
155.285
155.285
155.285
155.285
155.285
155.285
155.285
155.285
155.285
155.285
155.285
155.285
155.285
155.285
155.285
155.285
155.285
155.285
155.285
155.285
155.285
155.285
155.285
155.285
155.285
155.285
155.285
155.285
155.285
155.285
155.285
155.285
155.285
155.285
155.285
155.285
155.285
155.285
155.285
155.285
155.285
155.285
155.285
155.285
155.285
155.285
155.285
155.285
155.285
155.285
155.285
155.285
155.285
155.285
155.285
155.285
155.285
155.285
155.285
155.285
155.285
155.285
155.285
155.285
155.285
155.285
155.285
155.285
155.285
155.285
155.285
155.285
155.285
155.285
155.285
155.285
155.285
155.285
155.285
155.285
155.285
155.285
155.285
155.285
155.285
155.285
155.285
155.285
155.285
155.285
155.285
155.285
155.285
155.285
155.285
155.285
155.285
155.285
155.285
155.285
155.285
155.285
155.285
155.285
155.285
155.285
155.285
155.285
155.285
155.285
155.285
155.285
155.285
155.285
155.285
155.285
155.285
155.285
155.285
155.285
155.285
155.285
155.285
155.285
155.285
155.285
155.285
155.285
155.285
155.285
155.285
155.285
155.285
155.285
155.285
155.285
155.285
155.285
155.285
155.285
155.285
155.285
155.285
155.285
155.285
155.285
155.285
155.285
155.285
155.285
155.285
155.285
155.285
155.285
155.285
155.285
155.285
155.285
155.285
155.285
155.285
155.285
155.285
155.285
155.285
155.285
155.285
155.285
155.285
155.285
155.285
155.285
155.285
155.285
155.285
155.285
155.285
155.285
155.285
155.285
155.285
155.285
155.285
155.285
155.285
155.285
155.285
155.285
155.285
155.285
155.285
155.285
155.285
155.285
155.285
155.285
155.285
155.285
155.285
155.285
155.285
155.285
155.285
155.285
155.285
155.285
155.285
155.285
155.285
155.285
155.285
155.285
155.285
155.285
155.285
155.285
155.285
155.285
155.285
155.285
155.285
155.285
155.285
155.285
155.285
155.285
155.285
155.285
155.285
155.285
155.285
155.285
155.285
155.285
155.285
155.285
155.285
155.285
155.285
155.285
155.285
155.285
155.285
155.285
155.285
155.285
155.285
155.285
155.285
155.285
155.285
155.285
155.285
155.285
155.285
155.285
155.285
155.285
155.285
155.285
155.285
155.285
155.285
155.285
155.285
155.285
155.285
155.285
155.285
155.285
155.285
155.285
155.285
155.285
155.285
155.285
155.285
155.285
155.285
155.285
155.285
155.285
155.285
155.285
155.285
155.285
155.285
155.285
155.285
155.285
155.285
155.285
155.285
155.285
155.285
155.285
155.285
155.285
155.285
155.285
155.285
155.285
155.285
155.285
155.285
155.285
155.285
155.285
155.285
155.285
155.285
155.285
155.285
155.285
155.285
155.285
155.285
155.285
155.285
155.285
155.285
155.285
155.285
155.285
155.285
155.285
155.285
155.285
155.285
155.285
155.285
155.285
155.285
155.285
155.285
155.285
155.285
155.285
155.285
155.285
155.285
155.285
155.285
155.285
155.285
155.285
155.285
155.285
155.285
155.285
155.285
155.285
155.285
155.285
155.285
155.285
155.285
155.285
155.285
155.285
155.285
155.285
155.285
155.285
155.285
155.285
155.285
155.285
155.285
155.285
155.285
155.285
155.285
155.285
155.285
155.285
155.285
155.285
155.285
155.285
155.285
155.285
155.285
155.285
155.285
155.285
155.285
155.285
155.285
155.285
155.285
155.285
155.285
155.285
155.285
155.285
155.285
155.285
155.285
155.285
155.285
155.285
155.285
155.285
155.285
155.285
155.285
155.285
155.285
155.285
155.285
155.285
155.285
155.285
155.285
155.285
155.285
155.285
155.285
155.285
155.285
155.285
155.285
155.285
155.285
155.285
155.285
155.285
155.285
155.285
155.285
155.285
155.285
155.285
155.285
155.285
155.285
155.285
155.285
155.285
155.285
155.285
155.285
155.285
155.285
155.285
155.285
155.285
155.285
155.285
155.285
155.285
155.285
155.285
155.285
155.285
155.285
155.285
155.285
155.285
155.285
155.285
155.285
155.285
155.285
155.285
155.285
155.285
155.285
155.285
155.285
155.285
155.285
155.285
155.285
155.285
155.285
155.285
155.285
155.285
155.285
155.285
155.285
155.285
155.285
155.285
155.285
155.285
155.285
155.285
155.285
155.285
155.285
155.285
155.285
155.285
155.285
155.285
155.285
155.285
155.285
155.285
155.285
155.285
155.285
155.285
155.285
155.285
155.285
155.285
155.285
155.285
155.285
155.285
155.285
155.285
155.285
155.285
155.285
155.285
155.285
155.285
155.285
155.285
155.285
155.285
155.285
155.285
155.285
155.285
155.285
155.285
155.285
155.285
155.285
155.285
155.285
155.285
155.285
155.285
155.285
155.285
155.285
155.285
155.285
155.285
155.285
155.285
155.285
155.285
155.285
155.285
155.285
155.285
155.285
155.285
155.285
155.285
155.285
155.285
155.285
155.285
155.285
155.285
155.285
155.285
155.285
155.285
155.285
155.285
155.285
155.285
155.285
155.285
155.285
155.285
155.285
155.285
155.285
155.285
155.285
155.285
155.285
155.285
155.285
155.285
155.285
155.285
155.285
155.285
155.285
155.285
155.285
155.285
155.285
155.285
155.285
155.285
155.285
155.285
155.285
155.285
155.285
155.285
155.285
155.285
155.285
155.285
155.285
155.285
155.285
155.285
155.285
151.942
151.942
151.942
151.942
151.942
151.942
151.942
151.942
151.942
151.942
151.942
151.942
151.942
151.942
151.942
151.942
151.942
151.942
151.942
151.942
151.942
151.942
151.942
151.942
151.942
151.942
151.942
151.942
151.942
151.942
151.942
151.942
151.942
151.942
151.942
151.942
151.942
151.942
151.942
151.942
151.942
151.942
151.942
151.942
151.942
151.942
151.942
151.942
151.942
151.942
151.942
151.942
151.942
151.942
151.942
151.942
151.942
151.942
151.942
151.942
151.942
151.942
151.942
151.942
151.942
151.942
151.942
151.942
151.942
151.942
151.942
151.942
151.942
151.942
151.942
151.942
151.942
151.942
151.942
151.942
151.942
151.942
151.942
151.942
151.942
151.942
151.942
151.942
151.942
151.942
151.942
151.942
151.942
151.942
151.942
151.942
151.942
151.942
151.942
151.942
151.942
151.942
151.942
151.942
151.942
151.942
151.942
151.942
151.942
151.942
151.942
151.942
151.942
151.942
151.942
151.942
151.942
151.942
151.942
151.942
151.942
151.942
151.942
151.942
151.942
151.942
151.942
151.942
151.942
151.942
151.942
151.942
151.942
151.942
151.942
151.942
151.942
151.942
151.942
151.942
151.942
151.942
151.942
151.942
151.942
151.942
151.942
151.942
151.942
151.942
151.942
151.942
151.942
151.942
151.942
151.942
151.942
151.942
151.942
151.942
151.942
151.942
151.942
151.942
151.942
151.942
151.942
151.942
151.942
151.942
151.942
151.942
151.942
151.942
151.942
151.942
151.942
151.942
151.942
151.942
151.942
151.942
151.942
151.942
151.942
151.942
151.942
151.942
151.942
151.942
151.942
151.942
151.942
151.942
151.942
151.942
151.942
151.942
151.942
151.942
151.942
151.942
151.942
151.942
151.942
151.942
151.942
151.942
151.942
151.942
151.942
151.942
151.942
151.942
151.942
151.942
151.942
151.942
151.942
151.942
151.942
151.942
151.942
151.942
151.942
151.942
151.942
151.942
151.942
151.942
151.942
151.942
151.942
151.942
151.942
151.942
151.942
151.942
151.942
151.942
151.942
151.942
151.942
151.942
151.942
151.942
151.942
151.942
151.942
151.942
151.942
151.942
151.942
151.942
151.942
151.942
151.942
151.942
148.225
130.917
130.917
130.917
130.917
130.917
130.917
130.917
130.917
130.917
130.917
130.917
130.917
130.917
130.917
130.917
130.917
130.917
130.917
130.917
130.917
130.917
130.917
130.917
130.917
130.917
130.917
130.917
130.917
130.917
130.917
130.917
130.917
130.917
130.917
130.917
130.917
130.917
130.917
130.917
130.917
130.917
130.917
130.917
130.917
130.917
130.917
130.917
130.917
130.917
130.917
130.917
130.917
130.917
130.917
130.917
130.917
130.917
130.917
130.917
130.917
130.917
130.917
130.917
130.917
130.917
130.917
130.917
130.917
130.917
130.917
130.917
130.917
130.917
130.917
130.917
130.917
130.917
130.917
130.917
130.917
130.917
130.917
130.917
130.917
130.917
130.917
130.917
130.917
130.917
130.917
130.917
130.917
130.917
130.917
130.917
123.41
123.41
123.41
123.41
123.41
123.41
123.41
123.41
123.41
120.887
118.286
118.286
118.286
118.286
118.286
118.286
118.286
118.286
118.286
118.286
118.286
116.124
116.124
114.815
114.815
114.815
114.815
114.815
114.815
114.815
114.815
114.214
114.214
114.214
114.214
113.67
111.736
110.622
109.892
109.628
109.344
107.699
105.775
105.531
104.858
104.858
104.858
104.858
104.71
104.71
104.127
104.127
103.503
103.503
103.503
103.503
103.503
103.503
103.403
103.403
103.329
103.241
103.241
103.241
102.768
102.759
102.645
102.358
102.358
102.18
102.18
102.18
102.18
102.18
102.18
102.18
102.18
102.114
102.021
101.969
101.969
101.969
101.969
101.969
101.969
101.969
101.969
101.969
101.969
101.969
101.969
101.969
101.969
101.968
101.968
101.96
101.941
101.941
101.94
101.94
101.94
101.94
101.931
101.931
101.93
101.929
101.928
101.916
101.915
101.906
101.906
101.906
101.905
101.903
101.902
101.902
101.902
101.902
101.901
101.901
101.901
101.901
101.901
101.9
101.9
101.899
101.898
101.898
101.898
101.898
101.897
101.897
101.897
101.897
101.897
101.897
101.897
101.897
101.897
101.897
101.897
101.897
101.897
101.897
101.897
101.897
101.897
101.897
101.897
101.897
101.897
101.897
101.897
101.897
101.897
101.897
101.897
101.897
101.897
101.897
101.897
101.897
101.897
101.897
101.897
101.897
101.897
101.897
101.897
101.897
101.897
101.897
101.897
101.897
101.897
101.897
101.897
101.897
101.897
101.897
101.897
101.897
101.897
101.897
101.897
101.897
101.897
101.897
101.897
101.897
101.897
101.897
101.897
101.897
101.897
101.897
101.897
101.897
101.897
101.897
101.897
101.897
101.897
101.897
101.897
101.897
101.897
101.897
101.897
101.897
101.897
101.897
101.897
101.897
101.897
101.897
101.897
101.897
101.897
101.897
101.897
101.897
101.897
101.897
101.897
101.897
101.897
101.897
101.897
101.897
101.897
101.897
101.897
101.897
101.897
101.897
101.897
101.897
101.897
101.897
101.897
101.897
101.897
101.897
101.897
101.897
101.897
101.897
101.897
101.897
101.897
101.897
101.897
101.897
101.897
101.897
101.897
101.897
101.897
101.897
101.897
101.897
101.897
101.897
101.897
101.897
101.897
101.897
101.897
101.897
101.897
101.897
101.897
101.897
101.897
101.897
101.897
101.897
101.897
101.897
101.897
101.897
101.897
101.897
101.897
101.897
101.897
101.897
101.897
101.897
101.897
101.897
101.897
101.897
101.897
101.897
101.897
101.897
101.897
101.897
101.897
101.897
101.897
101.897
101.897
101.897
101.897
101.897
101.897
101.897
101.897
101.897
101.897
101.897
101.897
101.897
101.897
101.897
101.897
101.897
101.897
101.897
101.897
101.897
101.897
101.897
101.897
101.897
101.897
101.897
101.897
101.897
101.897
101.897
101.897
101.897
101.897
101.897
101.897
101.897
101.897
101.897
101.897
101.897
101.897
101.897
101.897
101.897
101.897
101.897
101.897
101.897
101.897
101.897
101.897
101.897
101.897
101.897
101.897
101.897
101.897
101.897
101.897
101.897
101.897
101.897
101.897
101.897
101.897
101.897
101.897
101.897
101.897
101.897
101.897
101.897
101.897
101.897
101.897
101.897
101.897
101.897
101.897
101.897
101.897
101.897
101.897
101.897
101.897
101.897
101.897
101.897
101.897
101.897
101.897
101.897
101.897
101.897
101.897
101.897
101.897
101.897
101.897
101.897
101.897
101.897
101.897
101.897
101.897
101.897
101.897
101.897
101.897
101.897
101.897
101.897
101.897
101.897
101.897
101.897
101.897
101.897
101.897
101.897
101.897
101.897
101.897
101.897
101.897
101.897
101.897
101.897
101.897
101.897
101.897
101.897
101.897
101.897
101.897
101.897
101.897
101.897
101.897
101.897
101.897
101.897
101.897
101.897
101.897
101.897
101.897
101.897
101.897
101.897
101.897
101.897
101.897
101.897
101.897
101.897
101.897
101.897
101.897
101.897
101.897
101.897
101.897
101.897
101.897
101.897
101.897
101.897
101.897
101.897
101.897
101.897
101.897
101.897
101.897
101.897
101.897
101.897
101.897
101.897
101.897
101.897
101.897
101.897
101.897
101.897
101.897
101.897
101.897
101.897
101.897
101.897
101.897
101.897
101.897
101.897
101.897
101.897
101.897
101.897
101.897
101.897
101.897
101.897
101.897
101.897
101.897
101.897
101.897
101.897
101.897
101.897
101.897
101.897
101.897
101.897
101.897
101.897
101.897
101.897
101.897
101.897
101.897
101.897
101.897
101.897
101.897
101.897
101.897
101.897
101.897
101.897
101.897
101.897
101.897
101.897
101.897
101.897
101.897
101.897
101.897
101.897
101.897
101.897
101.897
101.897
101.897
101.897
101.897
101.897
101.897
101.897
101.897
101.897
101.897
101.897
101.897
101.897
101.897
101.897
101.897
101.897
101.897
101.897
101.897
101.897
101.897
101.897
101.897
101.897
101.897
101.897
101.897
101.897
101.897
101.897
101.897
101.897
101.897
101.897
101.897
101.897
101.897
101.897
101.897
101.897
101.897
101.897
101.897
101.897
101.897
101.897
101.897
101.897
101.897
101.897
101.897
101.897
101.897
101.897
101.897
101.897
101.897
101.897
101.897
101.897
101.897
101.897
101.897
101.897
101.897
101.897
101.897
101.897
101.897
101.897
101.897
101.897
101.897
101.897
101.897
101.897
101.897
101.897
101.897
101.897
101.897
101.897
101.897
101.897
101.897
101.897
101.897
101.897
101.897
101.897
101.897
101.897
101.897
101.897
101.897
101.897
101.897
101.897
101.897
101.897
101.897
101.897
101.897
101.897
101.897
101.897
101.897
101.897
101.897
101.897
101.897
101.897
101.897
101.897
101.897
101.897
101.897
101.897
101.897
101.897
101.897
101.897
101.897
101.897
101.897
101.897
101.897
101.897
101.897
101.897
101.897
101.897
101.897
101.897
101.897
101.897
101.897
101.897
101.897
101.897
101.897
101.897
101.897
101.897
101.897
101.897
101.897
101.897
101.897
101.897
99.1623
99.1623
67.3126
67.3126
67.3126
67.3126
67.3126
53.209
53.209
53.209
53.209
53.209
53.209
53.209
39.0714
27.9319
15.4394
9.90715
8.91955
5.00086
4.651
2.52932
2.18257
0.6875
0.329467
0.301338
0.301182
0.301182
0.301182
0.241724
0.0763937
0.0763937
0.0763937
0.0763937
0.0763937
0.0763937
0.0763937
0.0763937
0.0763937
0.0474317
0.0474317
0.0354621
0.0249142
0.0249142
0.00843729
0.00843729
0.00762395
0.00762395
0.00762395
0.00762395
0.00762395
0.00762395
0.00523371
0.00249217
0.000701332
0.000701332
0.000701332
0.000701332
0.000701332
0.000701332
0.000626837
0.000354006
0.000354006
0.000303339
0.000240397
0.000240397
0.000240397
0.000175512
8.45494e-05
3.53998e-05
3.53998e-05
3.53998e-05
2.30653e-05
1.16896e-05
1.01662e-05
5.40126e-06
5.40126e-06
3.8132e-06
2.31263e-06
5.1935e-07
5.1935e-07
5.1935e-07
5.1935e-07
5.1935e-07
5.1935e-07
5.1935e-07
4.71117e-07
4.71117e-07
3.37539e-07
3.01337e-07
3.01337e-07
2.94465e-07
1.49133e-07
1.49133e-07
1.49133e-07
1.49133e-07
1.49133e-07
1.49133e-07
1.44531e-07
1.3154e-07
5.67402e-08
4.31046e-08
3.91038e-08
3.1361e-08
1.63715e-08
1.6123e-08
8.55455e-09
7.91397e-09
5.33331e-09
3.9421e-09
2.74836e-09
1.91465e-09
1.91465e-09
1.91465e-09
1.91465e-09
1.91465e-09
1.91465e-09
1.91465e-09
1.91465e-09
1.91465e-09
1.91465e-09
1.91465e-09
1.91465e-09
1.91465e-09
1.91465e-09
1.91465e-09
1.91465e-09
1.91465e-09
1.91465e-09
1.91465e-09
1.91465e-09
1.91465e-09
1.91465e-09
1.91465e-09
1.91465e-09
1.91465e-09
1.91465e-09
1.91465e-09
1.91465e-09
1.91465e-09
1.91465e-09
1.91465e-09
1.91465e-09
1.91465e-09
1.91465e-09
1.91465e-09
1.91465e-09
1.91465e-09
1.91465e-09
1.91465e-09
1.91465e-09
1.91465e-09
1.91465e-09
1.91465e-09
1.91465e-09
1.91465e-09
1.91465e-09
1.91465e-09
1.91465e-09
1.91465e-09
1.91465e-09
1.91465e-09
1.91465e-09
1.91465e-09
1.91465e-09
1.91465e-09
1.91465e-09
1.91465e-09
1.91465e-09
1.91465e-09
1.91465e-09
1.91465e-09
1.91465e-09
1.91465e-09
1.91465e-09
1.91465e-09
1.91465e-09
1.91465e-09
1.91465e-09
1.91465e-09
1.91465e-09
1.91465e-09
1.91465e-09
1.91465e-09
1.91465e-09
1.91465e-09
1.91465e-09
1.91465e-09
1.91465e-09
1.91465e-09
1.91465e-09
1.91465e-09
1.91465e-09
1.91465e-09
1.91465e-09
1.91465e-09
1.91465e-09
1.91465e-09
1.91465e-09
1.91465e-09
1.91465e-09
1.91465e-09
1.91465e-09
1.91465e-09
1.91465e-09
1.91465e-09
1.91465e-09
1.91465e-09
1.91465e-09
1.91465e-09
1.91465e-09
1.91465e-09
1.91465e-09
1.91465e-09
1.91465e-09
1.91465e-09
1.91465e-09
1.91465e-09
1.91465e-09
1.91465e-09
1.91465e-09
1.91465e-09
1.91465e-09
1.91465e-09
1.91465e-09
1.91465e-09
1.91465e-09
1.91465e-09
1.91465e-09
1.91465e-09
1.91465e-09
1.91465e-09
1.91465e-09
1.91465e-09
1.91465e-09
1.91465e-09
1.91465e-09
1.91465e-09
1.91465e-09
1.91465e-09
1.91465e-09
1.91465e-09
1.91465e-09
1.91465e-09
1.91465e-09
1.91465e-09
1.91465e-09
1.91465e-09
1.91465e-09
1.91465e-09
1.91465e-09
1.91465e-09
1.91465e-09
1.91465e-09
1.91465e-09
1.91465e-09
1.91465e-09
1.91465e-09
1.91465e-09
1.91465e-09
1.91465e-09
1.91465e-09
1.91465e-09
1.91465e-09
1.91465e-09
1.91465e-09
1.91465e-09
1.91465e-09
1.91465e-09
1.91465e-09
1.91465e-09
1.91465e-09
1.91465e-09
1.91465e-09
1.91465e-09
1.91465e-09
1.91465e-09
1.91465e-09
1.91465e-09
1.91465e-09
1.91465e-09
1.91465e-09
1.91465e-09
1.91465e-09
1.91465e-09
1.91465e-09
1.91465e-09
1.91465e-09
1.91465e-09
1.91465e-09
1.91465e-09
1.91465e-09
1.91465e-09
1.91465e-09
1.91465e-09
1.91465e-09
1.91465e-09
1.91465e-09
1.91465e-09
1.91465e-09
1.91465e-09
1.91465e-09
1.91465e-09
1.91465e-09
1.91465e-09
1.91465e-09
1.91465e-09
1.91465e-09
1.91465e-09
1.91465e-09
1.91465e-09
1.91465e-09
1.91465e-09
1.91465e-09
1.91465e-09
1.91465e-09
1.91465e-09
1.91465e-09
1.91465e-09
1.91465e-09
1.91465e-09
1.91465e-09
1.91465e-09
1.91465e-09
1.91465e-09
1.91465e-09
1.91465e-09
1.91465e-09
1.91465e-09
1.91465e-09
1.91465e-09
1.91465e-09
1.91465e-09
1.91465e-09
1.91465e-09
1.91465e-09
1.91465e-09
1.91465e-09
1.91465e-09
1.91465e-09
1.91465e-09
1.91465e-09
1.91465e-09
1.91465e-09
1.91465e-09
1.91465e-09
1.91465e-09
1.91465e-09
1.91465e-09
1.91465e-09
1.91465e-09
1.91465e-09
1.91465e-09
1.91465e-09
1.91465e-09
1.91465e-09
1.91465e-09
1.91465e-09
1.91465e-09
1.91465e-09
1.91465e-09
1.91465e-09
1.91465e-09
1.91465e-09
1.91465e-09
1.91465e-09
1.91465e-09
1.91465e-09
1.91465e-09
1.91465e-09
1.91465e-09
1.91465e-09
1.91465e-09
1.91465e-09
1.91465e-09
1.91465e-09
1.91465e-09
1.91465e-09
1.91465e-09
1.91465e-09
1.91465e-09
1.91465e-09
1.91465e-09
1.91465e-09
1.91465e-09
1.91465e-09
1.91465e-09
1.91465e-09
1.91465e-09
1.91465e-09
1.91465e-09
1.91465e-09
1.91465e-09
1.91465e-09
1.91465e-09
1.91465e-09
1.91465e-09
1.91465e-09
1.91465e-09
1.91465e-09
1.91465e-09
1.91465e-09
1.91465e-09
1.91465e-09
1.91465e-09
1.91465e-09
1.91465e-09
1.91465e-09
1.91465e-09
1.91465e-09
1.91465e-09
1.91465e-09
1.91465e-09
1.91465e-09
1.91465e-09
1.91465e-09
1.91465e-09
1.91465e-09
1.91465e-09
1.91465e-09
1.91465e-09
1.91465e-09
1.91465e-09
1.91465e-09
1.91465e-09
1.91465e-09
1.91465e-09
1.91465e-09
1.91465e-09
1.91465e-09
1.91465e-09
1.91465e-09
1.91465e-09
1.91465e-09
1.91465e-09
1.91465e-09
1.91465e-09
1.91465e-09
1.91465e-09
1.91465e-09
1.91465e-09
1.91465e-09
1.91465e-09
1.91465e-09
1.91465e-09
1.91465e-09
1.91465e-09
1.91465e-09
1.91465e-09
1.91465e-09
1.91465e-09
1.91465e-09
1.91465e-09
1.91465e-09
1.91465e-09
1.91465e-09
1.91465e-09
1.91465e-09
1.91465e-09
1.91465e-09
1.91465e-09
1.91465e-09
1.91465e-09
1.91465e-09
1.91465e-09
1.91465e-09
1.91465e-09
1.91465e-09
1.91465e-09
1.91465e-09
1.91465e-09
1.91465e-09
1.91465e-09
1.91465e-09
1.91465e-09
1.91465e-09
1.91465e-09
1.91465e-09
1.91465e-09
1.91465e-09
1.91465e-09
1.91465e-09
1.91465e-09
1.91465e-09
1.91465e-09
1.91465e-09
1.91465e-09
1.91465e-09
1.91465e-09
1.91465e-09
1.91465e-09
1.91465e-09
1.91465e-09
1.91465e-09
1.91465e-09
1.91465e-09
1.91465e-09
1.91465e-09
1.91465e-09
1.91465e-09
1.91465e-09
1.91465e-09
1.91465e-09
1.91465e-09
1.91465e-09
1.91465e-09
1.91465e-09
1.91465e-09
1.91465e-09
1.91465e-09
1.91465e-09
1.91465e-09
1.91465e-09
1.91465e-09
1.91465e-09
1.91465e-09
1.91465e-09
1.91465e-09
1.91465e-09
1.91465e-09
1.91465e-09
1.91465e-09
1.91465e-09
1.91465e-09
1.91465e-09
1.91465e-09
1.91465e-09
1.91465e-09
1.91465e-09
1.91465e-09
1.91465e-09
1.91465e-09
1.91465e-09
1.91465e-09
1.91465e-09
1.91465e-09
1.91465e-09
1.91465e-09
1.91465e-09
1.91465e-09
1.91465e-09
1.91465e-09
1.91465e-09
1.91465e-09
1.91465e-09
1.91465e-09
1.91465e-09
1.91465e-09
1.91465e-09
1.91465e-09
1.91465e-09
1.91465e-09
1.91465e-09
1.91465e-09
1.91465e-09
1.91465e-09
1.91465e-09
1.91465e-09
1.91465e-09
1.91465e-09
1.91465e-09
1.91465e-09
1.91465e-09
1.91465e-09
1.91465e-09
1.91465e-09
1.91465e-09
1.91465e-09
1.91465e-09
1.91465e-09
1.91465e-09
1.91465e-09
1.91465e-09
1.91465e-09
1.91465e-09
1.91465e-09
1.91465e-09
1.91465e-09
1.91465e-09
1.91465e-09
1.91465e-09
1.91465e-09
1.91465e-09
1.91465e-09
1.91465e-09
1.91465e-09
1.91465e-09
1.91465e-09
1.91465e-09
1.91465e-09
1.91465e-09
1.91465e-09
1.91465e-09
1.91465e-09
1.91465e-09
1.91465e-09
1.91465e-09
1.91465e-09
1.91465e-09
1.91465e-09
1.91465e-09
1.91465e-09
1.91465e-09
1.91465e-09
1.91465e-09
1.91465e-09
1.91465e-09
1.91465e-09
1.91465e-09
1.91465e-09
1.91465e-09
1.91465e-09
1.91465e-09
1.91465e-09
1.91465e-09
1.91465e-09
1.91465e-09
1.91465e-09
1.91465e-09
1.91465e-09
1.91465e-09
1.91465e-09
1.91465e-09
1.91465e-09
1.91465e-09
1.91465e-09
1.91465e-09
1.91465e-09
1.91465e-09
1.91465e-09
1.91465e-09
1.91465e-09
1.91465e-09
1.91465e-09
1.91465e-09
1.91465e-09
1.91465e-09
1.91465e-09
1.91465e-09
1.91465e-09
1.91465e-09
1.91465e-09
1.91465e-09
1.91465e-09
1.91465e-09
1.91465e-09
1.91465e-09
1.91465e-09
1.91465e-09
1.91465e-09
1.91465e-09
1.91465e-09
1.91465e-09
1.91465e-09
1.91465e-09
1.91465e-09
1.91465e-09
1.91465e-09
1.91465e-09
1.91465e-09
1.91465e-09
1.91465e-09
1.91465e-09
1.91465e-09
1.91465e-09
1.91465e-09
1.91465e-09
1.91465e-09
1.91465e-09
1.91465e-09
1.91465e-09
1.91465e-09
1.91465e-09
1.91465e-09
1.91465e-09
1.91465e-09
1.91465e-09
1.91465e-09
1.91465e-09
1.91465e-09
1.91465e-09
1.91465e-09
1.91465e-09
1.91465e-09
1.91465e-09
1.91465e-09
1.91465e-09
1.91465e-09
1.91465e-09
1.91465e-09
1.91465e-09
1.91465e-09
1.91465e-09
1.91465e-09
1.91465e-09
1.91465e-09
1.91465e-09
1.91465e-09
1.91465e-09
1.91465e-09
1.91465e-09
1.91465e-09
1.91465e-09
1.91465e-09
1.91465e-09
1.91465e-09
1.91465e-09
1.91465e-09
1.91465e-09
1.91465e-09
1.91465e-09
1.91465e-09
1.91465e-09
1.91465e-09
1.91465e-09
1.91465e-09
1.91465e-09
1.91465e-09
1.91465e-09
1.91465e-09
1.91465e-09
1.91465e-09
1.91465e-09
1.91465e-09
1.91465e-09
1.91465e-09
1.91465e-09
1.91465e-09
1.91465e-09
1.91465e-09
1.91465e-09
1.91465e-09
1.91465e-09
1.91465e-09
1.91465e-09
1.91465e-09
1.91465e-09
1.91465e-09
1.91465e-09
1.91465e-09
1.91465e-09
1.91465e-09
1.91465e-09
1.91465e-09
1.91465e-09
1.91465e-09
1.91465e-09
1.91465e-09
1.91465e-09
1.91465e-09
1.91465e-09
1.91465e-09
1.91465e-09
1.91465e-09
1.91465e-09
1.91465e-09
1.91465e-09
1.91465e-09
1.91465e-09
1.91465e-09
1.91465e-09
1.91465e-09
1.91465e-09
1.91465e-09
1.91465e-09
1.91465e-09
1.91465e-09
1.91465e-09
1.91465e-09
1.91465e-09
1.91465e-09
1.91465e-09
1.91465e-09
1.91465e-09
1.91465e-09
1.91465e-09
1.91465e-09
1.91465e-09
1.91465e-09
1.91465e-09
1.91465e-09
1.91465e-09
1.91465e-09
1.91465e-09
1.91465e-09
1.91465e-09
1.91465e-09
1.91465e-09
1.91465e-09
1.91465e-09
1.91465e-09
1.91465e-09
1.91465e-09
1.91465e-09
1.91465e-09
1.91465e-09
1.91465e-09
1.91465e-09
1.91465e-09
1.91465e-09
1.91465e-09
1.91465e-09
1.91465e-09
1.91465e-09
1.91465e-09
1.91465e-09
1.91465e-09
1.91465e-09
1.91465e-09
1.91465e-09
1.91465e-09
1.91465e-09
1.91465e-09
1.91465e-09
1.91465e-09
1.91465e-09
1.91465e-09
1.91465e-09
1.91465e-09
1.91465e-09
1.91465e-09
1.91465e-09
1.91465e-09
1.91465e-09
1.91465e-09
1.91465e-09
1.91465e-09
1.91465e-09
1.91465e-09
1.91465e-09
1.91465e-09
1.91465e-09
1.91465e-09
1.91465e-09
1.91465e-09
1.91465e-09
1.91465e-09
1.91465e-09
1.91465e-09
1.91465e-09
