17731
10701.3
10701.3
10701.3
10701.3
7762.18
3851.56
3851.56
1073.74
1073.74
804.527
469.785
243.208
106.679
106.679
25.7951
25.7951
25.7951
25.7951
25.7951
19.4589
19.4589
15.6898
15.6898
9.49774
9.49774
5.2866
5.2866
5.2866
4.37953
4.37953
4.37953
3.72359
3.72359
3.29074
3.29074
3.19786
3.08801
3.0069
3.0069
2.81147
2.78436
2.69161
2.61795
2.57948
2.53177
2.45073
2.38897
2.36244
2.29328
2.24229
2.20409
2.14823
2.07361
2.06141
2.02446
1.96741
1.94465
1.86294
1.84877
1.80485
1.79212
1.77801
1.75207
1.72326
1.6711
1.66682
1.65064
1.58198
1.56469
1.52218
1.49703
1.47072
1.44326
1.41974
1.38032
1.36781
1.35563
1.34251
1.33326
1.31838
1.30541
1.29271
1.28141
1.25382
1.24668
1.23023
1.2222
1.20227
1.19069
1.17539
1.15651
1.13919
1.12297
1.10413
1.09112
1.08281
1.06524
1.06099
1.03982
1.03243
1.02486
1.00999
1.00126
0.988438
0.984533
0.978974
0.969626
0.964224
0.955907
0.94408
0.938647
0.93048
0.923872
0.920078
0.912965
0.90651
0.896694
0.890236
0.884051
0.8763
0.874591
0.859349
0.853718
0.84449
0.840014
0.833219
0.825435
0.821364
0.811548
0.811548
0.802436
0.797721
0.79378
0.790751
0.783356
0.779904
0.770948
0.763619
0.756687
0.754185
0.746821
0.742772
0.737267
0.729569
0.727231
0.718912
0.713592
0.705545
0.701319
0.694554
0.689251
0.675536
0.672537
0.668814
0.662572
0.655744
0.650554
0.64713
0.640855
0.63478
0.631305
0.623172
0.6138
0.604164
0.599541
0.587103
0.58052
0.566213
0.564084
0.552797
0.548939
0.54106
0.535579
0.527478
0.523172
0.515554
0.505398
0.501285
0.493927
0.490135
0.482856
0.477383
0.472955
0.470501
0.467099
0.4605
0.456708
0.453237
0.445019
0.44292
0.439349
0.434932
0.432445
0.42856
0.424729
0.422455
0.420543
0.417931
0.414615
0.409904
0.408879
0.405634
0.404212
0.40106
0.397884
0.396706
0.393216
0.391724
0.389022
0.385014
0.382616
0.380272
0.376421
0.374477
0.372187
0.368872
0.366459
0.363846
0.360694
0.358288
0.353939
0.35204
0.349501
0.346898
0.344209
0.341575
0.340388
0.335969
0.335222
0.332512
0.327041
0.327041
0.325777
0.323409
0.320269
0.318914
0.317042
0.316326
0.313927
0.312134
0.310144
0.307636
0.307159
0.304838
0.301981
0.299837
0.29842
0.296732
0.295583
0.294401
0.292468
0.290824
0.289146
0.288175
0.285198
0.284074
0.282107
0.281093
0.279882
0.278701
0.27735
0.276098
0.275563
0.273785
0.272778
0.271354
0.270224
0.268134
0.266591
0.265155
0.263321
0.261889
0.259803
0.259086
0.257872
0.256602
0.255402
0.254122
0.252465
0.250629
0.249479
0.248216
0.247005
0.245657
0.244067
0.243536
0.242317
0.240381
0.238949
0.238142
0.237056
0.236106
0.234813
0.233732
0.23205
0.229938
0.2283
0.228213
0.227174
0.22606
0.224994
0.223819
0.222566
0.221056
0.220063
0.219087
0.218201
0.216748
0.215555
0.214592
0.213498
0.211446
0.211263
0.210219
0.208758
0.207537
0.206657
0.203242
0.203242
0.201962
0.200955
0.198609
0.197365
0.195756
0.193717
0.191565
0.189993
0.18823
0.187021
0.185918
0.185081
0.184039
0.183238
0.181985
0.18105
0.180054
0.179117
0.178351
0.177458
0.176338
0.174324
0.174324
0.173726
0.172453
0.17154
0.17118
0.170477
0.169015
0.168441
0.166582
0.166102
0.16425
0.162887
0.160615
0.159398
0.157317
0.15706
0.155921
0.154431
0.152503
0.151229
0.150337
0.149893
0.148235
0.14721
0.146439
0.145752
0.144445
0.143652
0.141651
0.140933
0.140232
0.139461
0.138661
0.137336
0.136346
0.135915
0.134766
0.134122
0.133861
0.132957
0.132535
0.131747
0.13139
0.130193
0.129772
0.128731
0.127873
0.1272
0.126727
0.126103
0.125348
0.124895
0.12458
0.124254
0.123875
0.123436
0.123282
0.122562
0.122118
0.121792
0.121237
0.120577
0.120031
0.120003
0.119505
0.118617
0.118073
0.117625
0.116972
0.116025
0.115273
0.114254
0.112487
0.112487
0.112071
0.111434
0.110278
0.109714
0.10862
0.107811
0.107198
0.106562
0.105872
0.105376
0.104905
0.104209
0.103892
0.103552
0.102813
0.102299
0.10197
0.101304
0.100692
0.100214
0.0997372
0.0992468
0.0988307
0.0985569
0.0982546
0.0975139
0.0967792
0.0963335
0.0956665
0.095132
0.0942107
0.0933679
0.0931025
0.0921948
0.0917558
0.0911675
0.0901603
0.089856
0.0887818
0.0882508
0.0873014
0.0872797
0.0863255
0.085794
0.0852847
0.0846629
0.0841262
0.0833597
0.0831621
0.0828506
0.082437
0.0817488
0.0815587
0.0811618
0.0809381
0.0804866
0.0798466
0.0796909
0.0790777
0.0785713
0.0782738
0.0777392
0.0772381
0.0765636
0.0760183
0.075679
0.0751459
0.0749417
0.0742288
0.073132
0.073132
0.072548
0.0719324
0.0716158
0.070794
0.0707086
0.0703359
0.0697052
0.0692935
0.0688702
0.0684814
0.0682522
0.0679122
0.0678135
0.0675757
0.0671451
0.0669515
0.0665792
0.0662228
0.0658786
0.0655119
0.0650062
0.0645188
0.0641186
0.0636344
0.0631746
0.0628139
0.0623576
0.0621782
0.0619949
0.061664
0.0614533
0.0611336
0.061048
0.0605308
0.0601935
0.0598457
0.0595876
0.0590922
0.0587507
0.0583573
0.0582187
0.0575235
0.0575155
0.0571331
0.0568059
0.0564864
0.0560821
0.0555899
0.0552575
0.054841
0.0543126
0.0537709
0.0534277
0.0528674
0.0526661
0.0520836
0.0517588
0.0514933
0.0507697
0.0507697
0.0496674
0.0496674
0.0491132
0.0489425
0.0476883
0.0476883
0.0474513
0.0470556
0.0468008
0.0465199
0.046265
0.0456977
0.0456778
0.0453803
0.045197
0.0448337
0.0446342
0.0440859
0.0438793
0.0435859
0.0433078
0.0432493
0.0429989
0.0428522
0.0425967
0.0422488
0.04186
0.0416327
0.0413717
0.0412998
0.0410417
0.0407627
0.0404929
0.0404357
0.040238
0.0400701
0.0399058
0.0397092
0.0395548
0.0393484
0.0392749
0.0390047
0.038846
0.0387272
0.0385699
0.0384632
0.038274
0.038274
0.038222
0.0380943
0.0380332
0.037901
0.0377259
0.0376468
0.0374914
0.0374036
0.0372235
0.0370828
0.0369152
0.0367157
0.0365852
0.0363481
0.0361236
0.0360004
0.0358389
0.0356521
0.0354542
0.0352475
0.0349716
0.0347985
0.0346054
0.0344789
0.0342051
0.0340219
0.0338266
0.0336077
0.0334319
0.0332446
0.0329743
0.032733
0.0325336
0.032358
0.0322693
0.032015
0.0319315
0.031752
0.0316154
0.0314652
0.0312766
0.0311166
0.0309247
0.0308615
0.0306885
0.0304871
0.0302699
0.0302202
0.0300373
0.0298645
0.0297472
0.0296068
0.0295041
0.0292421
0.0290892
0.0288679
0.0287628
0.0285485
0.0283228
0.0281825
0.0280465
0.0279078
0.0277905
0.0276466
0.0276141
0.0275012
0.0273714
0.0272408
0.0271146
0.0269684
0.0268341
0.0266902
0.0265618
0.0264128
0.026298
0.0262408
0.0260852
0.02604
0.0259316
0.0258805
0.0256876
0.0256245
0.0255463
0.0254107
0.0253039
0.0252164
0.0251041
0.0250599
0.0249787
0.0248622
0.0248193
0.024724
0.0244881
0.0244881
0.0243344
0.024275
0.0241012
0.0239598
0.023889
0.0237607
0.0235233
0.0234427
0.0233674
0.0231108
0.0229616
0.0228632
0.0226842
0.0225632
0.022421
0.0222894
0.0221946
0.0220446
0.0219332
0.0217893
0.0216686
0.021546
0.0214012
0.0212821
0.021225
0.0211602
0.0210867
0.0210032
0.0208434
0.0207359
0.0205696
0.0204977
0.0203871
0.0202584
0.0201745
0.0201567
0.0200905
0.0199928
0.0199272
0.0198711
0.0198015
0.0197107
0.0196722
0.0196063
0.0195541
0.0194428
0.0194181
0.0193583
0.0192885
0.0192157
0.0191764
0.0190803
0.0190414
0.0189942
0.0189173
0.01883
0.0187258
0.0187057
0.0186633
0.0185924
0.0185027
0.0184691
0.0183766
0.0183016
0.0182228
0.018161
0.0180813
0.0180049
0.0179335
0.0178487
0.0177444
0.0177135
0.0175943
0.0175188
0.0174606
0.0174026
0.0173535
0.0172898
0.0172248
0.0171669
0.0171256
0.0170383
0.0169898
0.0169266
0.0167795
0.0167522
0.0167305
0.0166563
0.0166091
0.0165273
0.0164654
0.0164143
0.0163677
0.0163148
0.0162723
0.0162723
0.0162723
0.0162723
0.0162723
0.0162723
0.0162723
0.0162723
0.0162723
0.0162723
0.0162723
0.0162723
0.0162723
0.0162723
0.0162723
0.0162723
0.0162723
0.0162723
0.0162723
0.0162723
0.0162723
0.0162723
0.0162723
0.0162723
0.0162723
0.0162723
0.0162723
0.0162723
0.0162723
0.0162723
0.0162723
0.0162723
0.0162723
0.0162723
0.0162723
0.0162723
0.0162723
0.0162723
0.0162723
0.0162723
0.0162723
0.0162723
0.0162723
0.0162723
0.0162723
0.0162723
0.0162723
0.0162723
0.0162723
0.0162723
0.0162723
0.0162723
0.0162723
0.0162723
0.0162723
0.0162723
0.0162723
0.0162723
0.0162723
0.0162723
0.0162723
0.0162723
0.0162723
0.0162723
0.0162723
0.0162723
0.0162723
0.0162723
0.0162723
0.0162723
0.0162723
0.0162723
0.0162723
0.0162723
0.0162723
0.0162723
0.0162723
0.0162723
0.0162723
0.0162723
0.0162723
0.0162723
0.0162723
0.0162723
0.0162723
0.0162723
0.0162723
0.0162723
0.0162723
0.0162723
0.0162723
0.0162723
0.0162723
0.0162723
0.0162723
0.0162723
0.0162723
0.0162723
0.0162723
0.0162723
0.0162723
0.0162723
0.0162723
0.0162723
0.0162723
0.0162723
0.0162723
0.0162723
0.0162723
0.0162723
0.0162723
0.0162723
0.0162723
0.0162723
0.0162723
0.0162723
0.0162723
0.0162723
0.0162723
0.0162723
0.0162723
0.0162723
0.0162723
0.0162723
0.0162723
0.0162723
0.0162723
0.0162723
0.0162723
0.0162723
0.0162723
0.0162723
0.0162723
0.0162723
0.0162723
0.0162723
0.0162723
0.0162723
0.0162723
0.0162723
0.0162723
0.0162723
0.0162723
0.0162723
0.0162723
0.0162723
0.0162723
0.0162723
0.0162723
0.0162723
0.0162723
0.0162723
0.0162723
0.0162723
0.0162723
0.0162723
0.0162723
0.0162723
0.0162723
0.0162723
0.0162723
0.0162723
0.0162723
0.0162723
0.0162723
0.0162723
0.0162723
0.0162723
0.0162723
0.0162723
0.0162723
0.0162723
0.0162723
0.0162723
0.0162723
0.0162723
0.0162723
0.0162723
0.0162723
0.0162723
0.0162723
0.0162723
0.0162723
0.0162723
0.0162723
0.0162723
0.0162723
0.0162723
0.0162723
0.0162723
0.0162723
0.0162723
0.0162723
0.0162723
0.0162723
0.0162723
0.0162723
0.0162723
0.0162723
0.0162723
0.0162723
0.0162723
0.0162723
0.0162723
0.0162723
0.0162723
0.0162723
0.0162723
0.0162723
0.0162723
0.0162723
0.0162723
0.0162723
0.0162723
0.0162723
0.0162723
0.0162723
0.0162723
0.0162723
0.0162723
0.0162723
0.0162723
0.0162723
0.0162723
0.0162723
0.0162723
0.0162723
0.0162723
0.0162723
0.0162723
0.0162723
0.0162723
0.0162723
0.0162723
0.0162723
0.0162723
0.0162723
0.0162723
0.0162723
0.0162723
0.0162723
0.0162723
0.0162723
0.0162723
0.0162723
0.0162723
0.0162723
0.0162723
0.0162723
0.0162723
0.0162723
0.0162723
0.0162723
0.0162723
0.0162723
0.0162723
0.0162723
0.0162723
0.0162723
0.0162723
0.0162723
0.0162723
0.0162723
0.0162723
0.0162723
0.0162723
0.0162723
0.0162723
0.0162723
0.0162723
0.0162723
0.0162723
0.0162723
0.0162723
0.0162723
0.0162723
0.0162723
0.0162723
0.0162723
0.0162723
0.0162723
0.0162723
0.0162723
0.0162723
0.0162723
0.0162723
0.0162723
0.0162723
0.0162723
0.0162723
0.0162723
0.0162723
0.0162723
0.0162723
0.0162723
0.0162723
0.0162723
0.0162723
0.0162723
0.0162723
0.0162723
0.0162723
0.0162723
0.0162723
0.0162723
0.0162723
0.0162723
0.0162723
0.0162723
0.0162723
0.0162723
0.0162723
0.0162723
0.0162723
0.0162723
0.0162723
0.0162723
0.0162723
0.0162723
0.0162723
0.0162723
0.0162723
0.0162723
0.0162723
0.0162723
0.0162723
0.0162723
0.0162723
0.0162723
0.0162723
0.0162723
0.0162723
0.0162723
0.0162723
0.0162723
0.0162723
0.0162723
0.0162723
0.0162723
0.0162723
0.0162723
0.0162723
0.0162723
0.0162723
0.0162723
0.0162723
0.0162723
0.0162723
0.0162723
0.0162723
0.0162723
0.0162723
0.0162723
0.0162723
0.0162723
0.0162723
0.0162723
0.0162723
0.0162723
0.0162723
0.0162723
0.0162723
0.0162723
0.0162723
0.0162723
0.0162723
0.0162723
0.0162723
0.0162723
0.0162723
0.0162723
0.0162723
0.0162723
0.0162723
0.0162723
0.0162723
0.0162723
0.0162723
0.0162723
0.0162723
0.0162723
0.0162723
0.0162723
0.0162723
0.0162723
0.0162723
0.0162723
0.0162723
0.0162723
0.0162723
0.0162723
0.0162723
0.0162723
0.0162723
0.0162723
0.0162723
0.0162723
0.0162723
0.0162723
0.0162723
0.0162723
0.0162723
0.0162723
0.0162723
0.0162723
0.0162723
0.0162723
0.0162723
0.0162723
0.0162723
0.0162723
0.0162723
0.0162723
0.0162723
0.0162723
0.0162723
0.0162723
0.0162723
0.0162723
0.0162723
0.0162723
0.0162723
0.0162723
0.0162723
0.0162723
0.0162723
0.0162723
0.0162723
0.0162723
0.0162723
0.0162723
0.0162723
0.0162723
0.0162723
0.0162723
0.0162723
0.0162723
0.0162723
0.0162723
0.0162723
0.0162723
0.0162723
0.0162723
0.0162723
0.0162723
0.0162723
0.0162723
0.0162723
0.0162723
0.0162723
0.0162723
0.0162723
0.0162723
0.0162723
0.0162723
0.0162723
0.0162723
0.0162723
0.0162723
0.0162723
0.0162723
0.0162723
0.0162723
0.0162723
0.0162723
0.0162723
0.0162723
0.0162723
0.0162723
0.0162723
0.0162723
0.0162723
0.0162723
0.0162723
0.0162723
0.0162723
0.0162723
0.0162723
0.0162723
0.0162723
0.0162723
0.0162723
0.0162723
0.0162723
0.0162723
0.0162723
0.0162723
0.0162723
0.0162723
0.0162723
0.0162723
0.0162723
0.0162723
0.0162723
0.0162723
0.0162723
0.0162723
0.0162723
0.0162723
0.0162723
0.0162723
0.0162723
0.0162723
0.0162723
0.0162723
0.0162723
0.0162723
0.0162723
0.0162723
0.0162723
0.0162723
0.0162723
0.0162723
0.0162723
0.0162723
0.0162723
0.0162723
0.0162723
0.0162723
0.0162723
0.0162723
0.0162723
0.0162723
0.0162723
0.0162723
0.0162723
0.0162723
0.0162723
0.0162723
0.0162723
0.0162723
0.0162723
0.0162723
0.0162723
0.0162723
0.0162723
0.0162723
0.0162723
0.0162723
0.0162723
0.0162723
0.0162723
0.0162723
0.0162723
0.0162723
0.0162723
0.0162723
0.0162723
0.0162723
0.0162723
0.0162723
0.0162723
0.0162723
0.0162723
0.0162723
0.0162723
0.0162723
0.0162723
0.0162723
0.0162723
0.0162723
0.0162723
0.0162723
0.0162723
0.0162723
0.0162723
0.0162723
0.0162723
0.0162723
0.0162723
0.0162723
0.0162723
0.0162723
0.0162723
0.0162723
0.0162723
0.0162723
0.0162723
0.0162723
0.0162723
0.0162723
0.0162723
0.0162723
0.0162723
0.0162723
0.0162723
0.0162723
0.0162723
