62595.3
2063.07
2063.07
2063.07
2063.07
1190.42
1190.42
365.927
365.927
365.927
365.927
365.927
177.48
71.9638
71.9638
37.3431
17.0375
17.0375
17.0375
17.0375
17.0375
13.4231
4.94065
4.94065
4.94065
4.94065
4.94065
4.24041
4.24041
4.24041
4.24041
4.24041
4.24041
4.24041
3.40821
3.40821
3.38037
3.38037
3.16517
2.9394
2.9394
2.9394
2.82248
2.73481
2.73481
2.73481
2.61594
2.52466
2.52466
2.52466
2.52466
2.50388
2.46685
2.4377
2.38062
2.33818
2.29215
2.25981
2.22377
2.20577
2.17722
2.14348
2.12631
2.09498
2.03977
2.01142
1.97568
1.94969
1.92793
1.89121
1.85956
1.84089
1.80035
1.77108
1.73984
1.73165
1.6996
1.68038
1.6337
1.60509
1.55785
1.54665
1.51096
1.48584
1.46539
1.45228
1.42665
1.38928
1.36372
1.33237
1.30418
1.28746
1.25556
1.2382
1.21358
1.19587
1.18075
1.15157
1.14941
1.13047
1.11026
1.09421
1.08689
1.0829
1.076
1.05824
1.04652
1.02857
1.01609
1.00655
0.997038
0.982163
0.967017
0.966692
0.947291
0.939994
0.926217
0.920724
0.909156
0.904124
0.891404
0.877093
0.867856
0.8579
0.845829
0.840602
0.830953
0.825427
0.817931
0.80993
0.800916
0.791481
0.78651
0.779323
0.768735
0.765856
0.758759
0.749858
0.739206
0.729635
0.722186
0.709669
0.70373
0.697097
0.689739
0.675469
0.662513
0.662253
0.655524
0.646602
0.64299
0.635966
0.625518
0.622026
0.618203
0.607424
0.603998
0.59458
0.586052
0.580304
0.574965
0.568772
0.56381
0.557928
0.55035
0.545133
0.539323
0.535761
0.531242
0.526219
0.52197
0.515045
0.509681
0.508349
0.505392
0.501855
0.497383
0.49286
0.489708
0.484121
0.474719
0.474719
0.470589
0.46797
0.459144
0.457051
0.452691
0.448043
0.443253
0.440191
0.435871
0.431701
0.427162
0.425182
0.421034
0.417042
0.41373
0.409353
0.40638
0.403855
0.40099
0.398058
0.395996
0.393209
0.391269
0.389044
0.387688
0.385371
0.383181
0.381947
0.379275
0.378005
0.375426
0.373241
0.370136
0.366366
0.36183
0.360198
0.356368
0.353561
0.351846
0.348516
0.346246
0.34319
0.339523
0.337073
0.333505
0.331946
0.328667
0.326187
0.321516
0.319396
0.316361
0.315137
0.312397
0.308726
0.307584
0.305514
0.303947
0.301907
0.299913
0.299106
0.296316
0.294836
0.293234
0.29144
0.290188
0.289188
0.286707
0.285124
0.28368
0.281468
0.279612
0.277919
0.27594
0.27423
0.271886
0.269921
0.266982
0.26628
0.264871
0.262533
0.260693
0.259697
0.256758
0.255491
0.253403
0.251793
0.248066
0.245932
0.244471
0.242623
0.240792
0.239151
0.237354
0.235617
0.233094
0.231912
0.230778
0.228509
0.226873
0.225694
0.224355
0.222839
0.221599
0.220837
0.219595
0.218687
0.21779
0.216327
0.215614
0.214727
0.213846
0.212767
0.211416
0.209636
0.209395
0.207546
0.205694
0.204566
0.203105
0.201254
0.199702
0.1984
0.197408
0.196178
0.194528
0.194528
0.193818
0.192949
0.192142
0.19087
0.189529
0.189337
0.188518
0.187666
0.186727
0.185658
0.18497
0.183797
0.18308
0.182057
0.181164
0.180306
0.178868
0.178561
0.177239
0.176286
0.174911
0.173919
0.172583
0.171077
0.170346
0.168529
0.167262
0.166036
0.164745
0.163523
0.162243
0.161389
0.160763
0.159268
0.159167
0.158204
0.157835
0.157269
0.156703
0.156126
0.155666
0.155086
0.154231
0.153867
0.153558
0.152932
0.152068
0.151524
0.151471
0.151077
0.150519
0.150061
0.149445
0.148983
0.148211
0.147692
0.147108
0.145042
0.144237
0.143232
0.142363
0.142015
0.141016
0.139973
0.139178
0.13865
0.137824
0.136546
0.136368
0.135614
0.134745
0.133463
0.132302
0.131683
0.130305
0.129353
0.128543
0.127684
0.127115
0.126312
0.125607
0.124796
0.124071
0.123276
0.122734
0.122113
0.121439
0.120638
0.120152
0.119363
0.118833
0.118082
0.117918
0.117625
0.116936
0.116413
0.116058
0.115462
0.114651
0.114394
0.113944
0.113429
0.113036
0.112164
0.111911
0.110906
0.110498
0.109975
0.109002
0.108439
0.107185
0.106657
0.105908
0.105496
0.10444
0.104242
0.103597
0.10301
0.102605
0.101848
0.101258
0.100645
0.10014
0.0994714
0.0991443
0.0983021
0.0976702
0.0961281
0.095306
0.0945572
0.0941238
0.0936061
0.0933261
0.0924568
0.0917248
0.0905227
0.0898329
0.0890321
0.0882893
0.0875434
0.0866414
0.0858542
0.0848009
0.0842506
0.0837284
0.0826251
0.0826101
0.082117
0.0820011
0.081276
0.0809036
0.0806673
0.0802275
0.0798389
0.0794874
0.0792014
0.0786964
0.0786006
0.0781405
0.0776272
0.0771115
0.0765456
0.0763815
0.076159
0.0757363
0.0752165
0.0749626
0.0745624
0.0742785
0.07356
0.0728457
0.0724619
0.0719452
0.0714163
0.0710321
0.0701383
0.0697912
0.0694313
0.0687067
0.0686159
0.0680629
0.0676399
0.067395
0.0670079
0.0668491
0.0666179
0.0663169
0.0660963
0.0655966
0.0653736
0.0650776
0.0644091
0.0639875
0.0633495
0.0629618
0.0623791
0.0619841
0.0617488
0.0614975
0.060982
0.0602694
0.0600796
0.0597242
0.0591644
0.058894
0.0584784
0.0580727
0.0578782
0.0575863
0.056828
0.056828
0.056449
0.0558731
0.0554612
0.0550972
0.0545084
0.0542818
0.0537706
0.0534818
0.0532506
0.0530274
0.0528365
0.0526566
0.0522777
0.0519497
0.0515209
0.0514343
0.0510128
0.050827
0.0504865
0.0502244
0.0499062
0.0497664
0.0495812
0.0492561
0.0490316
0.0487954
0.0486104
0.0484444
0.0483092
0.0481423
0.0479518
0.047805
0.0475196
0.0474078
0.047168
0.0471394
0.0470057
0.046896
0.0467687
0.0466634
0.0465684
0.0464943
0.0463847
0.0462167
0.0461174
0.0459925
0.0458495
0.0456551
0.0454782
0.0453131
0.0451895
0.0450639
0.0448594
0.0447664
0.0445533
0.0443896
0.0442637
0.0440985
0.0439614
0.0437566
0.0435624
0.0434946
0.0433771
0.0431615
0.0430731
0.0428859
0.0427245
0.0424991
0.0423852
0.0421493
0.0419877
0.0417845
0.0415796
0.0413757
0.0413031
0.0409797
0.0409797
0.0408401
0.0406977
0.0406019
0.0404974
0.040316
0.0402465
0.0401047
0.0400033
0.0398622
0.0396836
0.0395909
0.0394785
0.0394275
0.039355
0.0392031
0.0391142
0.0389897
0.0388038
0.0387077
0.0384919
0.0383189
0.0381704
0.0380075
0.0378329
0.0376971
0.0374988
0.0373971
0.0372662
0.0369303
0.0368382
0.036686
0.0365448
0.0363827
0.0362281
0.0360136
0.0358618
0.035714
0.0356158
0.0354958
0.0353776
0.0352067
0.0351061
0.0349871
0.0348641
0.0347296
0.034576
0.0344714
0.0343287
0.0342693
0.0341355
0.0340238
0.0339168
0.0338253
0.0337543
0.033689
0.0336304
0.0335776
0.0335529
0.0335529
0.0335529
0.0335529
0.0335529
0.0335529
0.0335529
0.0335529
0.0335529
0.0335529
0.0335529
0.0335529
0.0335529
0.0335529
0.0335529
0.0335529
0.0335529
0.0335529
0.0335529
0.0335529
0.0335529
0.0335529
0.0335529
0.0335529
0.0335529
0.0335529
0.0335529
0.0335529
0.0335529
0.0335529
0.0335529
0.0335529
0.0335529
0.0335529
0.0335529
0.0335529
0.0335529
0.0335529
0.0335529
0.0335529
0.0335529
0.0335529
0.0335529
0.0335529
0.0335529
0.0335529
0.0335529
0.0335529
0.0335529
0.0335529
0.0335529
0.0335529
0.0335529
0.0335529
0.0335529
0.0335529
0.0335529
0.0335529
0.0335529
0.0335529
0.0335529
0.0335529
0.0335529
0.0335529
0.0335529
0.0335529
0.0335529
0.0335529
0.0335529
0.0335529
0.0335529
0.0335529
0.0335529
0.0335529
0.0335529
0.0335529
0.0335529
0.0335529
0.0335529
0.0335529
0.0335529
0.0335529
0.0335529
0.0335529
0.0335529
0.0335529
0.0335529
0.0335529
0.0335529
0.0335529
0.0335529
0.0335529
0.0335529
0.0335529
0.0335529
0.0335529
0.0335529
0.0335529
0.0335529
0.0335529
0.0335529
0.0335529
0.0335529
0.0335529
0.0335529
0.0335529
0.0335529
0.0335529
0.0335529
0.0335529
0.0335529
0.0335529
0.0335529
0.0335529
0.0335529
0.0335529
0.0335529
0.0335529
0.0335529
0.0335529
0.0335529
0.0335529
0.0335529
0.0335529
0.0335529
0.0335529
0.0335529
0.0335529
0.0335529
0.0335529
0.0335529
0.0335529
0.0335529
0.0335529
0.0335529
0.0335529
0.0335529
0.0335529
0.0335529
0.0335529
0.0335529
0.0335529
0.0335529
0.0335529
0.0335529
0.0335529
0.0335529
0.0335529
0.0335529
0.0335529
0.0335529
0.0335529
0.0335529
0.0335529
0.0335529
0.0335529
0.0335529
0.0335529
0.0335529
0.0335529
0.0335529
0.0335529
0.0335529
0.0335529
0.0335529
0.0335529
0.0335529
0.0335529
0.0335529
0.0335529
0.0335529
0.0335529
0.0335529
0.0335529
0.0335529
0.0335529
0.0335529
0.0335529
0.0335529
0.0335529
0.0335529
0.0335529
0.0335529
0.0335529
0.0335529
0.0335529
0.0335529
0.0335529
0.0335529
0.0335529
0.0335529
0.0335529
0.0335529
0.0335529
0.0335529
0.0335529
0.0335529
0.0335529
0.0335529
0.0335529
0.0335529
0.0335529
0.0335529
0.0335529
0.0335529
0.0335529
0.0335529
0.0335529
0.0335529
0.0335529
0.0335529
0.0335529
0.0335529
0.0335529
0.0335529
0.0335529
0.0335529
0.0335529
0.0335529
0.0335529
0.0335529
0.0335529
0.0335529
0.0335529
0.0335529
0.0335529
0.0335529
0.0335529
0.0335529
0.0335529
0.0335529
0.0335529
0.0335529
0.0335529
0.0335529
0.0335529
0.0335529
0.0335529
0.0335529
0.0335529
0.0335529
0.0335529
0.0335529
0.0335529
0.0335529
0.0335529
0.0335529
0.0335529
0.0335529
0.0335529
0.0335529
0.0335529
0.0335529
0.0335529
0.0335529
0.0335529
0.0335529
0.0335529
0.0335529
0.0335529
0.0335529
0.0335529
0.0335529
0.0335529
0.0335529
0.0335529
0.0335529
0.0335529
0.0335529
0.0335529
0.0335529
0.0335529
0.0335529
0.0335529
0.0335529
0.0335529
0.0335529
0.0335529
0.0335529
0.0335529
0.0335529
0.0335529
0.0335529
0.0335529
0.0335529
0.0335529
0.0335529
0.0335529
0.0335529
0.0335529
0.0335529
0.0335529
0.0335529
0.0335529
0.0335529
0.0335529
0.0335529
0.0335529
0.0335529
0.0335529
0.0335529
0.0335529
0.0335529
0.0335529
0.0335529
0.0335529
0.0335529
0.0335529
0.0335529
0.0335529
0.0335529
0.0335529
0.0335529
0.0335529
0.0335529
0.0335529
0.0335529
0.0335529
0.0335529
0.0335529
0.0335529
0.0335529
0.0335529
0.0335529
0.0335529
0.0335529
0.0335529
0.0335529
0.0335529
0.0335529
0.0335529
0.0335529
0.0335529
0.0335529
0.0335529
0.0335529
0.0335529
0.0335529
0.0335529
0.0335529
0.0335529
0.0335529
0.0335529
0.0335529
0.0335529
0.0335529
0.0335529
0.0335529
0.0335529
0.0335529
0.0335529
0.0335529
0.0335529
0.0335529
0.0335529
0.0335529
0.0335529
0.0335529
0.0335529
0.0335529
0.0335529
0.0335529
0.0335529
0.0335529
0.0335529
0.0335529
0.0335529
0.0335529
0.0335529
0.0335529
0.0335529
0.0335529
0.0335529
0.0335529
0.0335529
0.0335529
0.0335529
0.0335529
0.0335529
0.0335529
0.0335529
0.0335529
0.0335529
0.0335529
0.0335529
0.0335529
0.0335529
0.0335529
0.0335529
0.0335529
0.0335529
0.0335529
0.0335529
0.0335529
0.0335529
0.0335529
0.0335529
0.0335529
0.0335529
0.0335529
0.0335529
0.0335529
0.0335529
0.0335529
0.0335529
0.0335529
0.0335529
0.0335529
0.0335529
0.0335529
0.0335529
0.0335529
0.0335529
0.0335529
0.0335529
0.0335529
0.0335529
0.0335529
0.0335529
0.0335529
0.0335529
0.0335529
0.0335529
0.0335529
0.0335529
0.0335529
0.0335529
0.0335529
0.0335529
0.0335529
0.0335529
0.0335529
0.0335529
0.0335529
0.0335529
0.0335529
0.0335529
0.0335529
0.0335529
0.0335529
0.0335529
0.0335529
0.0335529
0.0335529
0.0335529
0.0335529
0.0335529
0.0335529
0.0335529
0.0335529
0.0335529
0.0335529
0.0335529
0.0335529
0.0335529
0.0335529
0.0335529
0.0335529
0.0335529
0.0335529
0.0335529
0.0335529
0.0335529
0.0335529
0.0335529
0.0335529
0.0335529
0.0335529
0.0335529
0.0335529
0.0335529
0.0335529
0.0335529
0.0335529
0.0335529
0.0335529
0.0335529
0.0335529
0.0335529
0.0335529
0.0335529
0.0335529
0.0335529
0.0335529
0.0335529
0.0335529
0.0335529
0.0335529
0.0335529
0.0335529
0.0335529
0.0335529
0.0335529
0.0335529
0.0335529
0.0335529
0.0335529
0.0335529
0.0335529
0.0335529
0.0335529
0.0335529
0.0335529
0.0335529
0.0335529
0.0335529
0.0335529
0.0335529
0.0335529
0.0335529
0.0335529
0.0335529
0.0335529
0.0335529
0.0335529
0.0335529
0.0335529
0.0335529
0.0335529
0.0335529
0.0335529
0.0335529
0.0335529
0.0335529
0.0335529
0.0335529
0.0335529
0.0335529
0.0335529
0.0335529
0.0335529
0.0335529
0.0335529
0.0335529
0.0335529
0.0335529
0.0335529
0.0335529
0.0334291
0.0333032
0.0331233
0.0329854
0.0328102
0.0326973
0.0325161
0.0323124
0.0321762
0.0319463
0.0317833
0.0316048
0.0313277
0.0311753
0.0309162
0.0307493
0.0307102
0.0304829
0.0301442
0.0298955
0.0297364
0.0295072
0.0293373
0.0291349
0.0289718
0.0286797
0.0286077
0.0284311
0.0283275
0.0281267
0.0279937
0.0279319
0.0277172
0.0275826
0.0274132
0.0271933
0.0269282
0.0267886
0.0266049
0.0264267
0.0262199
0.0261145
0.0259327
0.0257757
0.0256767
0.0255181
0.0252795
0.0251522
0.0249887
0.0248921
0.0247497
0.0245705
0.0245275
0.024305
0.0241921
0.024024
0.0238962
0.0238196
0.0237054
0.0234783
0.0233815
0.0231741
0.0229596
0.0228714
0.0227854
0.0225836
0.0224254
0.0223464
0.0219872
0.0218883
0.021769
0.0215916
0.0215785
0.0214825
0.0214422
0.0213883
0.0212882
0.0212639
0.0211977
0.021078
0.0209993
0.0209722
0.020903
0.0207976
0.020739
0.0206768
0.0205835
0.0205444
0.0204701
0.0204068
0.020342
0.0203109
0.0202527
0.0202527
0.0202527
0.0202527
0.0202527
0.0202527
0.0202527
0.0202527
0.0202527
0.0202527
0.0202527
0.0202527
0.0202527
0.0202527
0.0202527
0.0202527
0.0202527
0.0202527
0.0202527
0.0202527
0.0202527
0.0202527
0.0202527
0.0202527
0.0202527
0.0202527
0.0202527
0.0202527
0.0202527
0.0202527
