258663
74595.7
26811
11035.9
8256.31
340.565
340.565
340.565
340.565
340.565
259.371
68.1806
68.1806
68.1806
68.1806
68.1806
68.1806
68.1806
67.3804
11.7917
11.7917
11.7917
8.15684
8.15684
8.15684
8.15684
8.15684
7.42523
4.16838
3.73575
3.73575
3.73575
3.73575
3.73575
3.73575
3.73575
3.73575
3.55069
3.55069
3.55069
3.55069
3.46818
3.26972
3.15351
3.15351
3.06882
3.00827
3.00827
3.00827
2.9135
2.8994
2.71814
2.71814
2.71814
2.6802
2.63536
2.60712
2.55305
2.54302
2.49489
2.48921
2.46401
2.4559
2.43131
2.40101
2.36606
2.32069
2.28538
2.27331
2.23505
2.20142
2.1696
2.1471
2.13781
2.11629
2.09224
2.07559
2.05006
2.02429
1.99168
1.95875
1.94279
1.89643
1.87149
1.85183
1.80673
1.77792
1.75179
1.72978
1.70914
1.6865
1.65611
1.63586
1.61559
1.59656
1.58121
1.55784
1.54974
1.52393
1.5141
1.50184
1.47506
1.43015
1.41638
1.41354
1.38764
1.36161
1.3337
1.31973
1.28162
1.27734
1.25218
1.24165
1.21249
1.19869
1.18317
1.15772
1.15195
1.13548
1.12084
1.1043
1.09713
1.08341
1.07315
1.06452
1.05223
1.04684
1.03863
1.02943
1.01769
1.01152
0.997216
0.986836
0.972136
0.950297
0.949776
0.936084
0.913885
0.908577
0.893914
0.885098
0.875488
0.869437
0.860871
0.856696
0.848519
0.841742
0.833193
0.82003
0.815333
0.810412
0.801925
0.79535
0.786746
0.780118
0.772934
0.765216
0.757032
0.752465
0.745525
0.736054
0.728536
0.717241
0.712262
0.701342
0.699734
0.693846
0.687126
0.687126
0.680938
0.677508
0.672747
0.668701
0.663247
0.659796
0.658352
0.652355
0.64438
0.64038
0.637108
0.630268
0.626528
0.62027
0.613685
0.604533
0.602251
0.597759
0.592851
0.587604
0.582035
0.577852
0.572924
0.568277
0.564335
0.560442
0.555572
0.550455
0.547816
0.541951
0.538681
0.532016
0.529035
0.518241
0.514132
0.509994
0.505105
0.500977
0.494924
0.493356
0.487527
0.484664
0.479825
0.476202
0.474817
0.470761
0.468868
0.466198
0.463751
0.460604
0.45763
0.454054
0.452464
0.44987
0.447309
0.445057
0.443868
0.442215
0.439778
0.438773
0.436788
0.435147
0.433061
0.431251
0.42988
0.427297
0.425122
0.423117
0.420781
0.417921
0.415458
0.414303
0.411368
0.407691
0.405668
0.404014
0.401988
0.398563
0.395856
0.394141
0.391773
0.3859
0.383252
0.3801
0.376181
0.374096
0.371859
0.364488
0.364488
0.362468
0.358084
0.35278
0.347122
0.345075
0.341842
0.339466
0.337512
0.332136
0.330352
0.327398
0.325154
0.321911
0.320856
0.31755
0.315995
0.312854
0.31265
0.311143
0.30958
0.307508
0.305933
0.30485
0.303442
0.302281
0.300732
0.300222
0.29946
0.297901
0.296726
0.296033
0.295022
0.29348
0.292681
0.291238
0.289259
0.288592
0.286663
0.285284
0.28297
0.282406
0.2809
0.279229
0.278136
0.277064
0.275077
0.274025
0.272781
0.271439
0.270108
0.268218
0.26655
0.264507
0.262119
0.260297
0.259258
0.257515
0.255581
0.253531
0.251665
0.25013
0.248913
0.246844
0.24453
0.242086
0.239548
0.238055
0.235624
0.233394
0.233182
0.231757
0.229316
0.229079
0.227509
0.22592
0.224879
0.223936
0.22265
0.221702
0.220625
0.219279
0.218307
0.217336
0.216056
0.214585
0.213855
0.21257
0.211336
0.210673
0.209431
0.208479
0.207269
0.206193
0.20506
0.204525
0.20408
0.203252
0.202405
0.201472
0.2007
0.198716
0.198174
0.196532
0.195406
0.194468
0.19287
0.191072
0.189271
0.18838
0.187356
0.186057
0.185451
0.184556
0.183326
0.182288
0.181197
0.179906
0.178192
0.177672
0.176071
0.17483
0.173722
0.171749
0.169581
0.169581
0.167415
0.166324
0.164881
0.161847
0.160869
0.159795
0.158142
0.157365
0.156866
0.155778
0.155778
0.154666
0.153171
0.152254
0.150994
0.150263
0.149138
0.148617
0.147988
0.146993
0.145791
0.14558
0.144525
0.143376
0.142943
0.141509
0.141384
0.140166
0.139394
0.139001
0.137221
0.137074
0.135563
0.135286
0.134309
0.132885
0.132309
0.131795
0.130892
0.130282
0.129801
0.129035
0.128418
0.128068
0.127437
0.126927
0.126299
0.12578
0.12529
0.124809
0.124126
0.123796
0.12314
0.12266
0.122126
0.121764
0.121445
0.120679
0.119679
0.119232
0.11871
0.118355
0.117354
0.116201
0.11397
0.113041
0.112119
0.111801
0.109889
0.109229
0.107893
0.106806
0.105994
0.105049
0.104049
0.103037
0.102307
0.101682
0.101002
0.100516
0.0999733
0.0996264
0.0992055
0.0988031
0.0984734
0.0981974
0.0977807
0.0976484
0.0972684
0.0970043
0.096736
0.0964954
0.0961691
0.09591
0.0956732
0.0953214
0.0949857
0.0948399
0.0945768
0.0942859
0.094043
0.0936236
0.0933515
0.0931068
0.0928779
0.0923033
0.0920552
0.0912824
0.0911775
0.0907642
0.0904394
0.0900291
0.0895816
0.0891526
0.0888118
0.0883823
0.0879951
0.087399
0.0870195
0.0863802
0.086116
0.0853199
0.0853151
0.0847952
0.0844293
0.0840266
0.0838805
0.0832409
0.0826653
0.0824249
0.0820528
0.0816223
0.0812259
0.0809121
0.0803953
0.0803246
0.0798876
0.0795515
0.0792136
0.0790383
0.0787934
0.0784883
0.077927
0.0776038
0.0772054
0.0769114
0.0766229
0.0763719
0.0759578
0.0757254
0.0754821
0.0751659
0.0749642
0.0747718
0.074482
0.0742718
0.0739182
0.0736398
0.0734577
0.0732476
0.0729818
0.072711
0.0724274
0.0721179
0.0718777
0.0717026
0.0714546
0.0712645
0.0710168
0.0708715
0.0707669
0.0704057
0.0702363
0.0698646
0.0697157
0.0695238
0.0693651
0.0690684
0.0689612
0.0688154
0.0685644
0.0683015
0.0679159
0.0678635
0.0675912
0.0673848
0.067175
0.0669029
0.0667261
0.0665977
0.0663324
0.06612
0.0659938
0.065714
0.0656617
0.0654493
0.0652448
0.0649647
0.0647778
0.0645509
0.0642589
0.0641264
0.0639999
0.0638266
0.0635598
0.0633651
0.0631594
0.0628522
0.0625779
0.0623857
0.0621735
0.0619871
0.061789
0.061534
0.0614019
0.0612144
0.0609999
0.0607309
0.060624
0.0604293
0.0601744
0.0600082
0.0598396
0.0596119
0.0593769
0.0591825
0.0588379
0.0586614
0.0584023
0.0581837
0.0579686
0.0576538
0.0575455
0.0573345
0.0570774
0.056716
0.0566025
0.0564078
0.0561244
0.0559395
0.0557452
0.0555862
0.0554375
0.0552907
0.055082
0.0548466
0.0547578
0.054562
0.0543116
0.0539998
0.0536312
0.0534289
0.0532165
0.0529553
0.0526225
0.0524305
0.0521749
0.0518617
0.0514383
0.051344
0.0510609
0.0506396
0.0503998
0.0502062
0.0499488
0.049634
0.049463
0.0491253
0.0488687
0.0486807
0.048427
0.0481993
0.0478093
0.047411
0.0471027
0.0467967
0.0464067
0.0460375
0.0458467
0.0455412
0.045207
0.0451416
0.0447768
0.0445231
0.0442172
0.0439695
0.0438597
0.0434971
0.0433463
0.0429392
0.0425509
0.0425485
0.0422386
0.0420853
0.0419525
0.0417626
0.0414811
0.0413504
0.0411424
0.0408645
0.0407384
0.0403503
0.0401944
0.0399626
0.0397955
0.0396357
0.0393576
0.0392871
0.0391013
0.038897
0.0387903
0.0385681
0.0383543
0.038126
0.0379281
0.0377392
0.0375333
0.0373317
0.0371209
0.0369132
0.0365512
0.0363765
0.0361354
0.0358495
0.0357187
0.0355633
0.035343
0.0351651
0.034992
0.0347464
0.0345926
0.0345213
0.0343119
0.0341847
0.0340239
0.0338946
0.033728
0.0336393
0.0334363
0.0331332
0.0330786
0.0330049
0.032875
0.0327852
0.0326281
0.0324119
0.0322428
0.0321998
0.0320003
0.031897
0.0316798
0.0315658
0.03143
0.0313056
0.0312075
0.0308754
0.0308388
0.0307425
0.0306509
0.0305406
0.0304107
0.030267
0.0301507
0.0299578
0.029832
0.0298008
0.0296529
0.0295734
0.0294322
0.0292452
0.0291179
0.0290093
0.0288863
0.0288097
0.0287232
0.028625
0.0285308
0.0283833
0.0283258
0.0281912
0.0279077
0.0279077
0.0278017
0.0275663
0.0275244
0.0273803
0.0272643
0.0271496
0.0270247
0.0269667
0.026907
0.0267875
0.0267168
0.0266236
0.0265213
0.0264505
0.0262974
0.0262171
0.026107
0.026024
0.0258898
0.025753
0.025673
0.0255354
0.0254341
0.0253424
0.0252138
0.0251409
0.0250039
0.0248352
0.0246014
0.0245309
0.0243978
0.024219
0.0240643
0.0240455
0.0239576
0.0238157
0.0236278
0.0235488
0.0234527
0.0232679
0.0231104
0.0230055
0.0229931
0.0228627
0.0226505
0.0224409
0.0223933
0.022197
0.022197
0.0220262
0.0216202
0.0216202
0.0214478
0.0212896
0.0212572
0.021093
0.0209989
0.0209112
0.0208257
0.0207216
0.0206431
0.020596
0.0204836
0.0204631
0.0203635
0.0203186
0.0202221
0.0201168
0.0200929
0.0199781
0.0198969
0.0198721
0.0198191
0.0197339
0.0197047
0.0196181
0.0196181
0.0194535
0.0194096
0.0193315
0.019263
0.0191533
0.019067
0.0189468
0.0188689
0.0187474
0.018604
0.0185062
0.0183788
0.0182964
0.0181478
0.018099
0.0179328
0.0179286
0.0177768
0.0175707
0.0175657
0.0174323
0.0173495
0.0171875
0.0171535
0.0170467
0.0169926
0.0169244
0.0168439
0.0167939
0.0167402
0.0166412
0.016578
0.0165344
0.0164751
0.0163804
0.0163197
0.0161998
0.0161178
0.016048
0.0159341
0.0158458
0.0157341
0.0156769
0.015576
0.0155167
0.0154581
0.0153822
0.0153292
0.0152693
0.0152104
0.015175
0.0151502
0.0150614
0.015058
0.0150194
0.0149835
0.014965
0.0149451
0.0149189
0.0148787
0.0148615
0.0148387
0.0148036
0.0147768
0.0147426
0.0147046
0.0146854
0.014649
0.0146184
0.0145856
0.0145663
0.0145311
0.0145119
0.0144881
0.0144599
0.0144274
0.0144017
0.01437
0.0143372
0.0143372
0.0143372
0.0143372
0.0143372
0.0143372
0.0143372
0.0143372
0.0143372
0.0143372
0.0143372
0.0143372
0.0143372
0.0143372
0.0143372
0.0143372
0.0143372
0.0143372
0.0143372
0.0143372
0.0143372
0.0143372
0.0143372
0.0143372
0.0143372
0.0143372
0.0143372
0.0143372
0.0143372
0.0143372
0.0143372
0.0143372
0.0143372
0.0143372
0.0143372
0.0143372
0.0143372
0.0143372
0.0143372
0.0143372
0.0143372
0.0143372
0.0143372
0.0143372
0.0143372
0.0143372
0.0143372
0.0143372
0.0143372
0.0143372
0.0143372
0.0143372
0.0143372
0.0143372
0.0143372
0.0143372
0.0143372
0.0143372
0.0143372
0.0143372
0.0143372
0.0143372
0.0143372
0.0143372
0.0143372
0.0143372
0.0143372
0.0143372
0.0143372
0.0143372
0.0143372
0.0143372
0.0143372
0.0143372
0.0143372
0.0143372
0.0143372
0.0143372
0.0143372
0.0143372
0.0143372
0.0143372
0.0143372
0.0143372
0.0143372
0.0143372
0.0143372
0.0143372
0.0143372
0.0143372
0.0143372
0.0143372
0.0143372
0.0143372
0.0143372
0.0143372
0.0143372
0.0143372
0.0143372
0.0143372
0.0143372
0.0143372
0.0143372
0.0143372
0.0143372
0.0143372
0.0143372
0.0143372
0.0143372
0.0143372
0.0143372
0.0143372
0.0143372
0.0143372
0.0143372
0.0143372
0.0143372
0.0143372
0.0143372
0.0143372
0.0143372
0.0143372
0.0143372
0.0143372
0.0143372
0.0143372
0.0143372
0.0143372
0.0143372
0.0143372
0.0143372
0.0143372
0.0143372
0.0143372
0.0143372
0.0143372
0.0143372
0.0143372
0.0143372
0.0143372
0.0143372
0.0143372
0.0143372
0.0143372
0.0143372
0.0143372
0.0143372
0.0143372
0.0143372
0.0143372
0.0143372
0.0143372
0.0143372
0.0143372
0.0143372
0.0143372
0.0143372
0.0143372
0.0143372
0.0143372
0.0143372
0.0143372
0.0143372
0.0143372
0.0143372
0.0143372
0.0143372
0.0143372
0.0143372
0.0143372
0.0143372
0.0143372
0.0143372
0.0143372
0.0143372
0.0143372
0.0143372
0.0143372
0.0143372
0.0143372
0.0143372
0.0143372
0.0143372
0.0143372
0.0143372
0.0143372
0.0143372
0.0143372
0.0143372
0.0143372
0.0143372
0.0143372
0.0143372
0.0143372
0.0143372
0.0143372
0.0143372
0.0143372
0.0143372
0.0143372
0.0143372
0.0143372
0.0143372
0.0143372
0.0143372
0.0143372
0.0143372
0.0143372
0.0143372
0.0143372
0.0143372
0.0143372
0.0143372
0.0143372
0.0143372
0.0143372
0.0143372
0.0143372
0.0143372
0.0143372
0.0143372
0.0143372
0.0143372
0.0143372
0.0143372
0.0143372
0.0143372
0.0143372
0.0143372
0.0143372
0.0143372
0.0143372
0.0143372
0.0143372
0.0143372
0.0143372
0.0143372
0.0143372
0.0143372
0.0143372
0.0143372
0.0143372
0.0143372
0.0143372
0.0143372
0.0143372
0.0143372
0.0143372
0.0143372
0.0143372
0.0143372
0.0143372
0.0143372
0.0143372
0.0143372
0.0143372
0.0143372
0.0143372
0.0143372
0.0143372
0.0143372
0.0143372
0.0143372
0.0143372
0.0143372
0.0143372
0.0143372
0.0143372
0.0143372
0.0143372
0.0143372
0.0143372
0.0143372
0.0143372
0.0143372
0.0143372
0.0143372
0.0143372
0.0143372
0.0143372
0.0143372
0.0143372
0.0143372
0.0143372
0.0143372
0.0143372
0.0143372
0.0143372
0.0143372
0.0143372
0.0143372
0.0143372
0.0143372
0.0143372
0.0143372
0.0143372
0.0143372
0.0143372
0.0143372
0.0143372
0.0143372
0.0143372
0.0143372
0.0143372
0.0143372
0.0143372
0.0143372
0.0143372
0.0143372
0.0143372
0.0143372
0.0143372
0.0143372
0.0143372
0.0143372
0.0143372
0.0143372
0.0143372
0.0143372
0.0143372
0.0143372
0.0143372
0.0143372
0.0143372
0.0143372
0.0143372
0.0143372
0.0143372
0.0143372
0.0143372
0.0143372
0.0143372
0.0143372
0.0143372
0.0143372
0.0143372
0.0143372
0.0143372
0.0143372
0.0143372
0.0143372
0.0143372
0.0143372
0.0143372
0.0143372
0.0143372
0.0143372
0.0143372
0.0143372
0.0143372
0.0143372
0.0143372
0.0143372
0.0143372
0.0143372
0.0143372
0.0143372
0.0143372
0.0143372
0.0143372
0.0143372
0.0143372
0.0143372
0.0143372
0.0143372
0.0143372
0.0143372
0.0143372
0.0143372
0.0143372
0.0143372
0.0143372
0.0143372
0.0143372
0.0143372
0.0143372
0.0143372
0.0143372
0.0143372
0.0143372
0.0143372
0.0143372
0.0143372
0.0143372
0.0143372
0.0143372
0.0143372
0.0143372
0.0143372
0.0143372
0.0143372
0.0143372
0.0143372
0.0143372
0.0143372
0.0143372
0.0143372
0.0143372
0.0143372
0.0143372
0.0143372
0.0143372
0.0143372
0.0143372
0.0143372
0.0143372
0.0143372
0.0143372
0.0143372
0.0143372
0.0143372
0.0143372
0.0143372
0.0143372
0.0143372
0.0143372
0.0143372
0.0143372
0.0143372
0.0143372
0.0143372
0.0143372
0.0143372
0.0143372
0.0143372
0.0143372
0.0143372
0.0143372
0.0143372
0.0143372
0.0143372
0.0143372
0.0143372
0.0143372
0.0143372
0.0143372
0.0143372
0.0143372
0.0143372
0.0143372
0.0143372
0.0143372
0.0143372
0.0143372
0.0143372
0.0143372
0.0143372
0.0143372
0.0143372
0.0143372
0.0143372
0.0143372
0.0143372
0.0143372
0.0143372
0.0143372
0.0143372
0.0143372
0.0143372
0.0143372
0.0143372
0.0143372
0.0143372
0.0143372
0.0143372
0.0143372
0.0143372
0.0143372
0.0143372
0.0143372
0.0143372
0.0143372
0.0143372
0.0143372
0.0143372
0.0143372
0.0143372
0.0143372
0.0143372
0.0143372
0.0143372
0.0143372
0.0143372
0.0143372
0.0143372
0.0143372
0.0143372
0.0143372
0.0143372
0.0143372
0.0143372
0.0143372
0.0143372
0.0143372
0.0143372
0.0143372
0.0143372
