52125.2
1728.06
1728.06
1728.06
1728.06
1728.06
1728.06
1728.06
868.561
868.561
658.626
658.626
658.626
658.626
658.626
658.626
68.8252
58.537
58.537
58.537
58.537
58.537
58.537
33.5409
12.2177
12.2177
12.2177
12.2177
12.2177
12.2177
12.2177
12.2177
8.51446
8.51446
4.46741
3.42747
3.42747
3.42747
3.42747
3.10085
3.10085
3.10085
3.10085
3.10085
3.10085
3.10085
3.10085
3.10085
3.10085
3.10085
3.10085
3.10085
2.94676
2.83302
2.75648
2.66027
2.57761
2.39928
2.35905
2.2358
2.2358
2.14681
2.14681
2.10551
2.01821
1.98204
1.9637
1.8729
1.85446
1.791
1.7628
1.733
1.71168
1.69385
1.66138
1.6361
1.6175
1.55487
1.54514
1.52204
1.49512
1.47437
1.44448
1.4319
1.40614
1.38431
1.37454
1.36556
1.34318
1.32641
1.30936
1.29261
1.2789
1.26342
1.24659
1.23107
1.2093
1.17375
1.16035
1.14584
1.1158
1.1158
1.09927
1.08143
1.06554
1.05565
1.03432
1.01579
1.00184
0.979798
0.97196
0.95933
0.941746
0.925644
0.915916
0.89857
0.881587
0.872094
0.862741
0.851771
0.838
0.821494
0.815209
0.799827
0.77683
0.771161
0.759785
0.75356
0.743019
0.732012
0.72488
0.715839
0.704626
0.697125
0.688243
0.683866
0.673736
0.664236
0.657219
0.648828
0.642328
0.636129
0.6236
0.616153
0.608246
0.600114
0.595765
0.587201
0.582574
0.580455
0.570177
0.567431
0.556913
0.553691
0.546909
0.541327
0.535751
0.532723
0.527593
0.520807
0.514926
0.512359
0.506
0.499143
0.496527
0.491507
0.486863
0.477816
0.471001
0.465934
0.463837
0.459671
0.457749
0.450328
0.444529
0.434716
0.434716
0.432364
0.427047
0.423705
0.419494
0.417468
0.414491
0.410801
0.407375
0.405934
0.403981
0.400975
0.399569
0.397497
0.394804
0.39279
0.390631
0.387838
0.385767
0.383554
0.382515
0.3804
0.379348
0.377481
0.375563
0.374329
0.37181
0.370296
0.369585
0.367097
0.365511
0.363012
0.361732
0.359232
0.357079
0.35624
0.354772
0.35303
0.350606
0.349351
0.348004
0.346788
0.346212
0.345005
0.343703
0.342633
0.340478
0.338729
0.33688
0.335448
0.334446
0.332165
0.330069
0.32811
0.326456
0.324271
0.322203
0.321141
0.317006
0.31433
0.310772
0.310459
0.308388
0.305687
0.302733
0.30018
0.29831
0.296146
0.293753
0.292528
0.291077
0.288728
0.28782
0.285033
0.283765
0.282147
0.280685
0.279258
0.277276
0.275722
0.2733
0.272558
0.270847
0.269614
0.268238
0.266598
0.264975
0.263261
0.261638
0.260922
0.259607
0.257523
0.256333
0.254877
0.253037
0.250721
0.24974
0.246134
0.245974
0.244688
0.2413
0.240888
0.239263
0.237844
0.236137
0.234607
0.233078
0.231714
0.229291
0.22802
0.227318
0.225891
0.224945
0.223997
0.22343
0.222567
0.221437
0.22044
0.219402
0.218349
0.217768
0.217019
0.216369
0.215442
0.214732
0.213838
0.213463
0.212464
0.211393
0.210574
0.209296
0.208742
0.207375
0.205636
0.204458
0.203483
0.20201
0.201775
0.200876
0.20003
0.198411
0.198046
0.196446
0.195462
0.193507
0.193416
0.191789
0.190864
0.18925
0.188107
0.186833
0.185836
0.18475
0.18351
0.181903
0.180807
0.179525
0.178754
0.177248
0.175261
0.173825
0.173623
0.172287
0.171064
0.170291
0.169357
0.168288
0.166567
0.165448
0.164493
0.163909
0.162888
0.162512
0.160912
0.160329
0.15953
0.158884
0.157491
0.155365
0.154759
0.154302
0.15243
0.152136
0.151466
0.150512
0.14982
0.148597
0.147401
0.146546
0.146464
0.145071
0.144772
0.143474
0.142549
0.141682
0.141108
0.140603
0.13976
0.139273
0.138373
0.137754
0.136695
0.136287
0.135499
0.134659
0.134184
0.133627
0.132899
0.132435
0.131667
0.130998
0.130491
0.129713
0.129256
0.128814
0.128271
0.127613
0.126926
0.126166
0.12504
0.124626
0.123967
0.123521
0.122833
0.122049
0.121374
0.120698
0.120335
0.119774
0.11943
0.118724
0.118236
0.117787
0.117198
0.116853
0.116357
0.115707
0.115536
0.1153
0.114684
0.11424
0.113757
0.112777
0.112553
0.111655
0.111209
0.110598
0.109962
0.109442
0.10825
0.10805
0.10769
0.106844
0.106123
0.105779
0.105386
0.104553
0.103919
0.103567
0.103196
0.102738
0.102298
0.101865
0.101085
0.10053
0.100339
0.100025
0.0997315
0.0994132
0.0988065
0.0982512
0.0979439
0.097513
0.096873
0.0962697
0.0961362
0.0956095
0.094959
0.0940648
0.0933168
0.0922485
0.091524
0.0905071
0.0904229
0.0897041
0.0887969
0.0882437
0.0879785
0.0872984
0.0870755
0.0864607
0.0856227
0.0852126
0.0848927
0.0841268
0.0836844
0.0830712
0.0825754
0.0821107
0.0814216
0.0811952
0.0807282
0.0803217
0.0798952
0.079528
0.0790621
0.0788026
0.0786217
0.0782894
0.0778368
0.0776712
0.0772553
0.0768961
0.0763344
0.0759753
0.075469
0.07527
0.0748466
0.0745094
0.0740519
0.0738019
0.073396
0.073142
0.0728458
0.0725808
0.0722992
0.0720542
0.0717287
0.0715354
0.0713648
0.0711525
0.071001
0.0708526
0.0706765
0.070535
0.0703346
0.0702347
0.0700146
0.0697247
0.0695192
0.0693902
0.0691017
0.0689136
0.0685224
0.0683769
0.0681824
0.0678357
0.0676439
0.0673448
0.0672389
0.0670861
0.0668328
0.0666339
0.0662637
0.0661171
0.0659187
0.0654388
0.0651484
0.0649583
0.0642846
0.0641503
0.0638723
0.0632658
0.0628865
0.0623739
0.0620422
0.0612357
0.061086
0.0607497
0.0604364
0.060212
0.0599647
0.0594528
0.0589628
0.0586413
0.0584907
0.0578781
0.0576294
0.057297
0.0570079
0.0566259
0.0563429
0.0560547
0.0558108
0.0554881
0.0551595
0.0548831
0.0546784
0.0544957
0.0542536
0.0539563
0.0538536
0.0535883
0.0533183
0.0530245
0.0527943
0.0525813
0.0522945
0.0522094
0.0520338
0.0517607
0.051569
0.0513994
0.0509502
0.0504778
0.0494455
0.0494455
0.0494455
0.0491313
0.0488964
0.0483276
0.0477901
0.0476311
0.0472367
0.04705
0.0467044
0.0464748
0.0461712
0.0459288
0.0456876
0.0455018
0.0452804
0.0451317
0.0449449
0.0448421
0.0445919
0.0444941
0.0443803
0.0441018
0.0439701
0.0437978
0.043609
0.0434438
0.0433291
0.043147
0.0429335
0.042794
0.0424995
0.0422551
0.0421245
0.0419663
0.0417747
0.0415982
0.0415027
0.041226
0.0409739
0.0407624
0.040509
0.0403197
0.040179
0.0399595
0.0396857
0.0396444
0.0394503
0.039358
0.0392062
0.0390726
0.0389062
0.038793
0.0386672
0.038526
0.038471
0.038172
0.038172
0.0378967
0.0378961
0.0377747
0.0376686
0.0375677
0.0373037
0.037246
0.0369569
0.0365969
0.0359891
0.0359633
0.0355442
0.0353922
0.0350751
0.0347766
0.0346381
0.0343436
0.0340914
0.0335689
0.03324
0.0332224
0.0325216
0.0325216
0.0323868
0.0322998
0.0320332
0.0318601
0.0316985
0.0315538
0.0314453
0.0311774
0.03106
0.0308739
0.0307782
0.0306019
0.030501
0.0303842
0.0302314
0.030051
0.0299567
0.0298587
0.0297211
0.0296464
0.0295057
0.0293803
0.0293141
0.0292574
0.0291756
0.029071
0.0290268
0.028983
0.0289132
0.0288373
0.0287795
0.0287155
0.0286672
0.028579
0.0285118
0.0284187
0.0282779
0.0281912
0.0280581
0.027908
0.0278155
0.0276458
0.0275347
0.0274787
0.0272737
0.0271579
0.0271002
0.0269763
0.0268543
0.0266695
0.0266047
0.0265013
0.0263941
0.026351
0.0262574
0.0261726
0.0260845
0.0258714
0.0258682
0.0257531
0.0256439
0.0255483
0.0254326
0.0253277
0.0251034
0.0250362
0.0248911
0.0247848
0.0246566
0.0245469
0.0244298
0.0243878
0.0243262
0.0242644
0.0242195
0.0241664
0.0241064
0.0241064
0.0241064
0.0241064
0.0241064
0.0241064
0.0241064
0.0241064
0.0241064
0.0241064
0.0241064
0.0241064
0.0241064
0.0241064
0.0241064
0.0241064
0.0241064
0.0241064
0.0241064
0.0241064
0.0241064
0.0241064
0.0241064
0.0241064
0.0241064
0.0241064
0.0241064
0.0241064
0.0241064
0.0241064
0.0241064
0.0241064
0.0241064
0.0241064
0.0241064
0.0241064
0.0241064
0.0241064
0.0241064
0.0241064
0.0241064
0.0241064
0.0241064
0.0241064
0.0241064
0.0241064
0.0241064
0.0241064
0.0241064
0.0241064
0.0241064
0.0241064
0.0241064
0.0241064
0.0241064
0.0241064
0.0241064
0.0241064
0.0241064
0.0241064
0.0241064
0.0241064
0.0241064
0.0241064
0.0241064
0.0241064
0.0241064
0.0241064
0.0241064
0.0241064
0.0241064
0.0241064
0.0241064
0.0241064
0.0241064
0.0241064
0.0241064
0.0241064
0.0241064
0.0241064
0.0241064
0.0241064
0.0241064
0.0241064
0.0241064
0.0241064
0.0241064
0.0241064
0.0241064
0.0241064
0.0241064
0.0241064
0.0241064
0.0241064
0.0241064
0.0241064
0.0241064
0.0241064
0.0241064
0.0241064
0.0241064
0.0241064
0.0241064
0.0241064
0.0241064
0.0241064
0.0241064
0.0241064
0.0241064
0.0241064
0.0241064
0.0241064
0.0241064
0.0241064
0.0241064
0.0241064
0.0241064
0.0241064
0.0241064
0.0241064
0.0241064
0.0241064
0.0241064
0.0241064
0.0241064
0.0241064
0.0241064
0.0241064
0.0241064
0.0241064
0.0241064
0.0241064
0.0241064
0.0241064
0.0241064
0.0241064
0.0241064
0.0241064
0.0241064
0.0241064
0.0241064
0.0241064
0.0241064
0.0241064
0.0241064
0.0241064
0.0241064
0.0241064
0.0241064
0.0241064
0.0241064
0.0241064
0.0241064
0.0241064
0.0241064
0.0241064
0.0241064
0.0241064
0.0241064
0.0241064
0.0241064
0.0241064
0.0241064
0.0241064
0.0241064
0.0241064
0.0241064
0.0241064
0.0241064
0.0241064
0.0241064
0.0241064
0.0241064
0.0241064
0.0241064
0.0241064
0.0241064
0.0241064
0.0241064
0.0241064
0.0241064
0.0241064
0.0241064
0.0241064
0.0241064
0.0241064
0.0241064
0.0241064
0.0241064
0.0241064
0.0241064
0.0241064
0.0241064
0.0241064
0.0241064
0.0241064
0.0241064
0.0241064
0.0241064
0.0241064
0.0241064
0.0241064
0.0241064
0.0241064
0.0241064
0.0241064
0.0241064
0.0241064
0.0241064
0.0241064
0.0241064
0.0241064
0.0241064
0.0241064
0.0241064
0.0241064
0.0241064
0.0241064
0.0241064
0.0241064
0.0241064
0.0241064
0.0241064
0.0241064
0.0241064
0.0241064
0.0241064
0.0241064
0.0241064
0.0241064
0.0241064
0.0241064
0.0241064
0.0241064
0.0241064
0.0241064
0.0241064
0.0241064
0.0241064
0.0241064
0.0241064
0.0241064
0.0241064
0.0241064
0.0241064
0.0241064
0.0241064
0.0241064
0.0241064
0.0241064
0.0241064
0.0241064
0.0241064
0.0241064
0.0241064
0.0241064
0.0241064
0.0241064
0.0241064
0.0241064
0.0241064
0.0241064
0.0241064
0.0241064
0.0241064
0.0241064
0.0241064
0.0241064
0.0241064
0.0241064
0.0241064
0.0241064
0.0241064
0.0241064
0.0241064
0.0241064
0.0241064
0.0241064
0.0241064
0.0241064
0.0241064
0.0241064
0.0241064
0.0241064
0.0241064
0.0241064
0.0241064
0.0241064
0.0241064
0.0241064
0.0241064
0.0241064
0.0241064
0.0241064
0.0241064
0.0241064
0.0241064
0.0241064
0.0241064
0.0241064
0.0241064
0.0241064
0.0241064
0.0241064
0.0241064
0.0241064
0.0241064
0.0241064
0.0241064
0.0241064
0.0241064
0.0241064
0.0241064
0.0241064
0.0241064
0.0241064
0.0241064
0.0241064
0.0241064
0.0241064
0.0241064
0.0241064
0.0241064
0.0241064
0.0241064
0.0241064
0.0241064
0.0241064
0.0241064
0.0241064
0.0241064
0.0241064
0.0241064
0.0241064
0.0241064
0.0241064
0.0241064
0.0241064
0.0241064
0.0241064
0.0241064
0.0241064
0.0241064
0.0241064
0.0241064
0.0241064
0.0241064
0.0241064
0.0241064
0.0241064
0.0241064
0.0241064
0.0241064
0.0241064
0.0241064
0.0241064
0.0241064
0.0241064
0.0241064
0.0241064
0.0241064
0.0241064
0.0241064
0.0241064
0.0241064
0.0241064
0.0241064
0.0241064
0.0241064
0.0241064
0.0241064
0.0241064
0.0241064
0.0241064
0.0241064
0.0241064
0.0241064
0.0241064
0.0241064
0.0241064
0.0241064
0.0241064
0.0241064
0.0241064
0.0241064
0.0241064
0.0241064
0.0241064
0.0241064
0.0241064
0.0241064
0.0241064
0.0241064
0.0241064
0.0241064
0.0241064
0.0241064
0.0241064
0.0241064
0.0241064
0.0241064
0.0241064
0.0241064
0.0241064
0.0241064
0.0241064
0.0241064
0.0241064
0.0241064
0.0241064
0.0241064
0.0241064
0.0241064
0.0241064
0.0241064
0.0241064
0.0241064
0.0241064
0.0241064
0.0241064
0.0241064
0.0241064
0.0241064
0.0241064
0.0241064
0.0241064
0.0241064
0.0241064
0.0241064
0.0241064
0.0241064
0.0241064
0.0241064
0.0241064
0.0241064
0.0241064
0.0241064
0.0241064
0.0241064
0.0241064
0.0241064
0.0241064
0.0241064
0.0241064
0.0241064
0.0241064
0.0241064
0.0241064
0.0241064
0.0241064
0.0241064
0.0241064
0.0241064
0.0241064
0.0241064
0.0241064
0.0241064
0.0241064
0.0241064
0.0241064
0.0241064
0.0241064
0.0241064
0.0241064
0.0241064
0.0241064
0.0241064
0.0241064
0.0241064
0.0241064
0.0241064
0.0241064
0.0241064
0.0241064
0.0241064
0.0241064
0.0241064
0.0241064
0.0241064
0.0241064
0.0241064
0.0241064
0.0241064
0.0241064
0.0241064
0.0241064
0.0241064
0.0241064
0.0241064
0.0241064
0.0241064
0.0241064
0.0241064
0.0241064
0.0241064
0.0241064
0.0241064
0.0241064
0.0241064
0.0241064
0.0241064
0.0241064
0.0241064
0.0241064
0.0241064
0.0241064
0.0241064
0.0241064
0.0241064
0.0241064
0.0241064
0.0241064
0.0241064
0.0241064
0.0241064
0.0241064
0.0241064
0.0241064
0.0241064
0.0241064
0.0241064
0.0241064
0.0241064
0.0241064
0.0241064
0.0241064
0.0241064
0.0241064
0.0241064
0.0241064
0.0241064
0.0241064
0.0241064
0.0241064
0.0241064
0.0241064
0.0241064
0.0241064
0.0241064
0.0241064
0.0241064
0.0241064
0.0241064
0.0241064
0.0241064
0.0241064
0.0241064
0.0241064
0.0241064
0.0241064
0.0241064
0.0241064
0.0241064
0.0241064
0.0241064
0.0241064
0.0241064
0.0241064
0.0241064
0.0241064
0.0241064
0.0241064
0.0241064
0.0241064
0.0241064
0.0241064
0.0241064
0.0241064
0.0241064
0.0241064
0.0241064
0.0241064
0.0241064
0.0241064
0.0241064
0.0241064
0.0241064
0.0241064
0.0241064
0.0241064
0.0241064
0.0241064
0.0241064
0.0241064
0.0241064
0.0241064
0.0241064
0.0241064
0.0241064
0.0241064
0.0241064
0.0241064
0.0241064
0.0241064
0.0241064
0.0241064
0.0241064
0.0241064
0.0241064
0.0241064
0.0241064
0.0241064
0.0241064
0.0241064
0.0241064
0.0241064
0.0241064
0.0241064
0.0241064
0.0241064
0.0241064
0.0241064
0.0241064
0.0241064
0.0241064
0.0241064
0.0241064
