10362.4
5551
5551
5551
5551
2335.2
2335.2
530.855
530.855
345.028
345.028
345.028
331.093
331.093
36.2578
36.2578
36.2578
36.2578
36.2578
36.2578
36.2578
31.0875
18.8544
18.8544
7.89117
7.89117
7.89117
7.89117
5.04976
5.04976
5.04976
4.64646
4.64646
4.64646
4.30575
3.70723
3.24701
3.1858
3.14189
2.86599
2.49413
2.3861
2.23656
2.23656
2.13682
2.06652
2.02845
1.91138
1.82668
1.82668
1.7128
1.7128
1.67169
1.64359
1.6015
1.58019
1.55665
1.48878
1.48878
1.46445
1.43599
1.41098
1.39299
1.36661
1.34726
1.32576
1.31505
1.28929
1.27887
1.26797
1.2456
1.22957
1.215
1.20306
1.19778
1.16918
1.15317
1.1443
1.13415
1.12118
1.11404
1.09956
1.09268
1.07801
1.07281
1.06505
1.05652
1.04686
1.04251
1.03384
1.02723
1.01854
1.01241
0.997981
0.994634
0.988869
0.974481
0.971728
0.963911
0.94852
0.943764
0.932028
0.922431
0.914265
0.900793
0.889715
0.88348
0.876386
0.868593
0.86238
0.855321
0.844703
0.838023
0.832212
0.822714
0.815206
0.810959
0.803646
0.79705
0.791708
0.782618
0.778406
0.764084
0.754739
0.746387
0.739859
0.734
0.725033
0.719575
0.712597
0.706865
0.699437
0.692829
0.687371
0.678748
0.673109
0.664659
0.657513
0.649867
0.645746
0.639259
0.63579
0.63167
0.624283
0.618039
0.613937
0.603948
0.601438
0.592179
0.587512
0.580599
0.577065
0.573286
0.570487
0.565782
0.56219
0.557488
0.553177
0.54724
0.543527
0.53897
0.537446
0.531878
0.530528
0.523911
0.518375
0.513541
0.511093
0.508106
0.503606
0.500028
0.494631
0.491463
0.482994
0.481755
0.477832
0.473883
0.469307
0.466423
0.460916
0.458057
0.453683
0.44883
0.44586
0.442448
0.43759
0.434698
0.426544
0.42584
0.422708
0.420353
0.418261
0.41621
0.411703
0.407118
0.40524
0.40068
0.398113
0.393141
0.385627
0.37837
0.37837
0.374772
0.371348
0.365862
0.360232
0.357037
0.354895
0.350509
0.34612
0.341789
0.337203
0.333639
0.330807
0.327808
0.324578
0.320876
0.320054
0.317229
0.315073
0.311912
0.310053
0.306909
0.305162
0.299989
0.299988
0.296224
0.294147
0.291219
0.289041
0.286044
0.283067
0.281917
0.280426
0.279014
0.276964
0.274828
0.272978
0.270828
0.26821
0.264913
0.263764
0.261495
0.259926
0.258276
0.256986
0.254698
0.253309
0.251257
0.249316
0.248189
0.246515
0.244822
0.242758
0.240979
0.240167
0.238618
0.237283
0.236094
0.234054
0.2317
0.231446
0.230203
0.228802
0.228071
0.226003
0.225435
0.222999
0.221978
0.221021
0.220171
0.219548
0.218791
0.217378
0.217076
0.216075
0.215356
0.214408
0.213538
0.212911
0.212119
0.211521
0.21092
0.210243
0.209808
0.208991
0.207515
0.20671
0.205932
0.20528
0.204667
0.204111
0.202948
0.201954
0.201493
0.200181
0.199264
0.197912
0.197493
0.195931
0.195006
0.194457
0.193653
0.192965
0.192104
0.191334
0.190286
0.188644
0.187863
0.185519
0.185517
0.184041
0.183367
0.182657
0.181575
0.180836
0.17905
0.178545
0.17711
0.175191
0.174553
0.173446
0.173007
0.171756
0.17142
0.170269
0.169189
0.167918
0.167499
0.166875
0.16593
0.165323
0.164442
0.163704
0.163035
0.162365
0.161525
0.160348
0.159953
0.15926
0.1586
0.157406
0.157109
0.15609
0.155056
0.154235
0.153241
0.152335
0.151801
0.150641
0.15025
0.149394
0.148801
0.148013
0.14636
0.146119
0.14483
0.144593
0.143814
0.143242
0.142488
0.140999
0.140226
0.137584
0.137584
0.136635
0.13645
0.134886
0.134672
0.13224
0.13224
0.131801
0.130952
0.13
0.128444
0.127068
0.125877
0.125045
0.124068
0.123001
0.122193
0.121058
0.119142
0.118501
0.116928
0.116106
0.114823
0.113379
0.113209
0.112285
0.111575
0.110175
0.109771
0.109042
0.108208
0.107735
0.107451
0.106514
0.10595
0.105171
0.104689
0.103578
0.102973
0.102609
0.101375
0.100614
0.100057
0.0994398
0.0989002
0.0982029
0.0977542
0.0967671
0.0964688
0.096009
0.0951177
0.0948682
0.094413
0.0937097
0.0931196
0.0928086
0.0918124
0.0914265
0.0908201
0.0901886
0.0894194
0.0889296
0.0886614
0.088155
0.0878808
0.0874903
0.087169
0.0867229
0.0864821
0.085939
0.0854777
0.0851288
0.0847569
0.0843944
0.0841948
0.0840159
0.0837654
0.0834881
0.0833246
0.0829356
0.0826609
0.0821981
0.081853
0.0816649
0.0814034
0.0810149
0.0805163
0.0801419
0.0796974
0.0795236
0.0792447
0.0790347
0.0787921
0.0785068
0.0782644
0.0780906
0.0776877
0.0773806
0.0771545
0.0770601
0.0768786
0.0766859
0.0762766
0.0761056
0.0758323
0.0753839
0.0748596
0.074526
0.0741242
0.0738344
0.0733685
0.0730614
0.0723707
0.0723698
0.0719222
0.0714819
0.0710293
0.0706301
0.0700064
0.0695114
0.0690566
0.0683594
0.0674462
0.0671518
0.0665991
0.0662738
0.0656221
0.0651748
0.0646949
0.0642602
0.0636868
0.0635217
0.0630597
0.0625778
0.061662
0.061662
0.0614541
0.0612593
0.0608592
0.0607322
0.0605839
0.060037
0.0599842
0.0596345
0.0592833
0.0589218
0.058669
0.0584623
0.0583024
0.0578951
0.0573554
0.056981
0.0569503
0.0564036
0.0558707
0.0553786
0.0549074
0.0544998
0.0541615
0.0538607
0.0532084
0.0531262
0.0529427
0.0526654
0.0524929
0.0521862
0.0520413
0.0518033
0.0514386
0.0511917
0.050992
0.0507601
0.0505768
0.0504374
0.050236
0.0499952
0.0496799
0.0496799
0.049397
0.0492918
0.0491095
0.0489177
0.048791
0.0486201
0.0483275
0.0480035
0.0477324
0.0475063
0.0471783
0.0469514
0.0466786
0.0465384
0.0463124
0.0459855
0.0457613
0.0455369
0.0454238
0.0452844
0.0450996
0.0449218
0.0446793
0.0444243
0.0443635
0.0440504
0.0439661
0.0436767
0.0436383
0.0434965
0.0434186
0.0433181
0.0431254
0.0430049
0.0428206
0.0425932
0.0425932
0.0424661
0.042375
0.0421039
0.0419946
0.0418864
0.0417719
0.0416123
0.0416087
0.0415308
0.0414249
0.0413522
0.0412028
0.0411496
0.0409984
0.0408056
0.0407321
0.0405955
0.0403997
0.0402829
0.0401813
0.040071
0.0399935
0.0397745
0.039691
0.0395207
0.0393331
0.0392186
0.0389201
0.0388962
0.0387721
0.0386356
0.0385085
0.0383074
0.0381447
0.0380803
0.0378845
0.0376765
0.0376051
0.0374825
0.0373147
0.0370706
0.0369699
0.0368274
0.0367145
0.0365026
0.0364917
0.0363698
0.0362731
0.036144
0.035972
0.03595
0.0357991
0.0356874
0.0355635
0.0354745
0.0352865
0.0350846
0.0348981
0.0347668
0.034623
0.0344527
0.0343515
0.0342086
0.0341078
0.0339043
0.0338322
0.0336703
0.0335074
0.0333233
0.0332465
0.0329819
0.0328942
0.0328103
0.0326983
0.0325831
0.032348
0.032293
0.0322255
0.0320647
0.0319921
0.0319106
0.0317166
0.0316327
0.0313891
0.0313221
0.0310776
0.0309678
0.0308554
0.03069
0.0305432
0.0304414
0.030217
0.0300312
0.0300137
0.0296388
0.0296161
0.0294482
0.0293136
0.0292095
0.0290791
0.0290418
0.0289317
0.0287717
0.0287451
0.0286153
0.0285126
0.0283973
0.0282997
0.0282247
0.0280872
0.027765
0.0276664
0.0275335
0.0274052
0.0273014
0.0271397
0.027046
0.0269219
0.0268173
0.0266759
0.0265427
0.0264294
0.0263709
0.026257
0.0261554
0.0260485
0.025959
0.0258559
0.0257647
0.0256567
0.0255957
0.025501
0.0254269
0.0253425
0.0252708
0.0252078
0.0251464
0.0250833
0.0249579
0.0248448
0.0247158
0.0246919
0.0245855
0.0245227
0.0244194
0.0243227
0.0242268
0.0241026
0.0240157
0.0239001
0.0238293
0.0235042
0.0234637
0.0232645
0.0231087
0.0229966
0.0228536
0.0227207
0.0226267
0.0225283
0.0223875
0.022279
0.0221338
0.0219847
0.0219605
0.0218251
0.0217284
0.0215806
0.0215049
0.0213457
0.0212261
0.0210419
0.020989
0.0208954
0.0207764
0.0207229
0.0206409
0.0205477
0.0204395
0.0203464
0.0202628
0.0201813
0.0200695
0.019977
0.0199369
0.0198775
0.0197752
0.0196932
0.0195727
0.0194745
0.0193925
0.0193164
0.0191333
0.0190496
0.0189533
0.0188873
0.0187996
0.018634
0.0185991
0.0185139
0.0183829
0.0183015
0.0182081
0.0180653
0.0179724
0.0178912
0.0177701
0.0177122
0.0175638
0.0174358
0.0173965
0.0173088
0.0172379
0.0171239
0.0170702
0.016926
0.0167781
0.01668
0.0165194
0.0164079
0.0163112
0.0162029
0.0161368
0.0160189
0.0159327
0.0158592
0.0158199
0.0157318
0.0156466
0.0155705
0.0154394
0.0153709
0.0153074
0.0152636
0.0150937
0.0150937
0.0150211
0.0149799
0.0148766
0.0147719
0.0146572
0.0145664
0.0145118
0.014452
0.0144034
0.0143422
0.0143015
0.014216
0.0142035
0.0142035
0.0142035
0.0142035
0.0142035
0.0142035
0.0142035
0.0142035
0.0142035
0.0142035
0.0142035
0.0142035
0.0142035
0.0142035
0.0142035
0.0142035
0.0142035
0.0142035
0.0142035
0.0142035
0.0142035
0.0142035
0.0142035
0.0142035
0.0142035
0.0142035
0.0142035
0.0142035
0.0142035
0.0142035
0.0142035
0.0142035
0.0142035
0.0142035
0.0142035
0.0142035
0.0142035
0.0142035
0.0142035
0.0142035
0.0142035
0.0142035
0.0142035
0.0142035
0.0142035
0.0142035
0.0142035
0.0142035
0.0142035
0.0142035
0.0142035
0.0142035
0.0142035
0.0142035
0.0142035
0.0142035
0.0142035
0.0142035
0.0142035
0.0142035
0.0142035
0.0142035
0.0142035
0.0142035
0.0142035
0.0142035
0.0142035
0.0142035
0.0142035
0.0142035
0.0142035
0.0142035
0.0142035
0.0142035
0.0142035
0.0142035
0.0142035
0.0142035
0.0142035
0.0142035
0.0142035
0.0142035
0.0142035
0.0142035
0.0142035
0.0142035
0.0142035
0.0142035
0.0142035
0.0142035
0.0142035
0.0142035
0.0142035
0.0142035
0.0142035
0.0142035
0.0142035
0.0142035
0.0142035
0.0142035
0.0142035
0.0142035
0.0142035
0.0142035
0.0142035
0.0142035
0.0142035
0.0142035
0.0142035
0.0142035
0.0142035
0.0142035
0.0142035
0.0142035
0.0142035
0.0142035
0.0142035
0.0142035
0.0142035
0.0142035
0.0142035
0.0142035
0.0142035
0.0142035
0.0142035
0.0142035
0.0142035
0.0142035
0.0142035
0.0142035
0.0142035
0.0142035
0.0142035
0.0142035
0.0142035
0.0142035
0.0142035
0.0142035
0.0142035
0.0142035
0.0142035
0.0142035
0.0142035
0.0142035
0.0142035
0.0142035
0.0142035
0.0142035
0.0142035
0.0142035
0.0142035
0.0142035
0.0142035
0.0142035
0.0142035
0.0142035
0.0142035
0.0142035
0.0142035
0.0142035
0.0142035
0.0142035
0.0142035
0.0142035
0.0142035
0.0142035
0.0142035
0.0142035
0.0142035
0.0142035
0.0142035
0.0142035
0.0142035
0.0142035
0.0142035
0.0142035
0.0142035
0.0142035
0.0142035
0.0142035
0.0142035
0.0142035
0.0142035
0.0142035
0.0142035
0.0142035
0.0142035
0.0142035
0.0142035
0.0142035
0.0142035
0.0142035
0.0142035
0.0142035
0.0142035
0.0142035
0.0142035
0.0142035
0.0142035
0.0142035
0.0142035
0.0142035
0.0142035
0.0142035
0.0142035
0.0142035
0.0142035
0.0142035
0.0142035
0.0142035
0.0142035
0.0142035
0.0142035
0.0142035
0.0142035
0.0142035
0.0142035
0.0142035
0.0142035
0.0142035
0.0142035
0.0142035
0.0142035
0.0142035
0.0142035
0.0142035
0.0142035
0.0142035
0.0142035
0.0142035
0.0142035
0.0142035
0.0142035
0.0142035
0.0142035
0.0142035
0.0142035
0.0142035
0.0142035
0.0142035
0.0142035
0.0142035
0.0142035
0.0142035
0.0142035
0.0142035
0.0142035
0.0142035
0.0142035
0.0142035
0.0142035
0.0142035
0.0142035
0.0142035
0.0142035
0.0142035
0.0142035
0.0142035
0.0142035
0.0142035
0.0142035
0.0142035
0.0142035
0.0142035
0.0142035
0.0142035
0.0142035
0.0142035
0.0142035
0.0142035
0.0142035
0.0142035
0.0142035
0.0142035
0.0142035
0.0142035
0.0142035
0.0142035
0.0142035
0.0142035
0.0142035
0.0142035
0.0142035
0.0142035
0.0142035
0.0142035
0.0142035
0.0142035
0.0142035
0.0142035
0.0142035
0.0142035
0.0142035
0.0142035
0.0142035
0.0142035
0.0142035
0.0142035
0.0142035
0.0142035
0.0142035
0.0142035
0.0142035
0.0142035
0.0142035
0.0142035
0.0142035
0.0142035
0.0142035
0.0142035
0.0142035
0.0142035
0.0142035
0.0142035
0.0142035
0.0142035
0.0142035
0.0142035
0.0142035
0.0142035
0.0142035
0.0142035
0.0142035
0.0142035
0.0142035
0.0142035
0.0142035
0.0142035
0.0142035
0.0142035
0.0142035
0.0142035
0.0142035
0.0142035
0.0142035
0.0142035
0.0142035
0.0142035
0.0142035
0.0142035
0.0142035
0.0142035
0.0142035
0.0142035
0.0142035
0.0142035
0.0142035
0.0142035
0.0142035
0.0142035
0.0142035
0.0142035
0.0142035
0.0142035
0.0142035
0.0142035
0.0142035
0.0142035
0.0142035
0.0142035
0.0142035
0.0142035
0.0142035
0.0142035
0.0142035
0.0142035
0.0142035
0.0142035
0.0142035
0.0142035
0.0142035
0.0142035
0.0142035
0.0142035
0.0142035
0.0142035
0.0142035
0.0142035
0.0142035
0.0142035
0.0142035
0.0142035
0.0142035
0.0142035
0.0142035
0.0142035
0.0142035
0.0142035
0.0142035
0.0142035
0.0142035
0.0142035
0.0142035
0.0142035
0.0142035
0.0142035
0.0142035
0.0142035
0.0142035
0.0142035
0.0142035
0.0142035
0.0142035
0.0142035
0.0142035
0.0142035
0.0142035
0.0142035
0.0142035
0.0142035
0.0142035
0.0142035
0.0142035
0.0142035
0.0142035
0.0142035
0.0142035
0.0142035
0.0142035
0.0142035
0.0142035
0.0142035
0.0142035
0.0142035
0.0142035
0.0142035
0.0142035
0.0142035
0.0142035
0.0142035
0.0142035
0.0142035
0.0142035
0.0142035
0.0142035
0.0142035
0.0142035
0.0142035
0.0142035
0.0142035
0.0142035
0.0142035
0.0142035
0.0142035
0.0142035
0.0142035
0.0142035
0.0142035
0.0142035
0.0142035
0.0142035
0.0142035
0.0142035
0.0142035
0.0142035
0.0142035
0.0142035
0.0142035
0.0142035
0.0142035
0.0142035
0.0142035
0.0142035
0.0142035
0.0142035
0.0142035
0.0142035
0.0142035
0.0142035
0.0142035
0.0142035
0.0142035
0.0142035
0.0142035
0.0142035
0.0142035
0.0142035
0.0142035
0.0142035
0.0142035
0.0142035
0.0142035
0.0142035
0.0142035
0.0142035
0.0142035
0.0142035
0.0142035
0.0142035
0.0142035
0.0142035
0.0142035
0.0142035
0.0142035
0.0142035
0.0142035
0.0142035
0.0142035
0.0142035
0.0142035
0.0142035
0.0142035
0.0142035
0.0142035
0.0142035
0.0142035
0.0142035
0.0142035
0.0142035
0.0142035
0.0142035
0.0142035
0.0142035
0.0142035
0.0142035
0.0142035
0.0142035
0.0142035
0.0142035
0.0142035
0.0142035
0.0142035
0.0142035
0.0142035
0.0142035
0.0142035
0.0142035
0.0142035
0.0142035
0.0142035
0.0142035
0.0142035
0.0142035
0.0142035
0.0142035
0.0142035
0.0142035
0.0142035
0.0142035
0.0142035
0.0142035
0.0142035
0.0142035
0.0142035
0.0142035
0.0142035
0.0142035
0.0142035
0.0142035
0.0142035
0.0142035
0.0142035
0.0142035
0.0142035
0.0142035
0.0142035
0.0142035
0.0142035
0.0142035
