251029
66015.4
25490.5
7423.01
1047.25
1047.25
1047.25
1047.25
716.828
264.764
248.082
248.082
248.082
94.2498
24.2456
24.2456
24.2456
20.4019
12.5049
10.8525
7.31261
7.31261
5.92561
5.92561
5.92561
5.48354
5.48354
5.20289
4.87517
4.04372
3.77664
3.77664
3.36974
3.36974
3.29901
2.9143
2.88314
2.74219
2.7077
2.69277
2.61798
2.50245
2.44258
2.42433
2.35132
2.28629
2.2646
2.20445
2.13686
2.02674
1.94986
1.94505
1.87564
1.83179
1.7992
1.73653
1.70018
1.66733
1.62336
1.59225
1.56728
1.5147
1.48687
1.46465
1.43802
1.40692
1.39019
1.35662
1.35248
1.33561
1.32019
1.30132
1.28913
1.27331
1.26538
1.25456
1.24928
1.23936
1.23416
1.227
1.21898
1.20987
1.20148
1.19569
1.19032
1.1829
1.17683
1.16545
1.16084
1.15501
1.14794
1.13908
1.13097
1.12297
1.11702
1.10839
1.10254
1.08995
1.08796
1.08109
1.07511
1.07139
1.06455
1.05828
1.05308
1.04651
1.03867
1.03148
1.02259
1.01649
1.01173
0.999708
0.992976
0.988702
0.974926
0.971127
0.966843
0.952662
0.944342
0.934163
0.928524
0.920495
0.913651
0.907337
0.90271
0.895701
0.884442
0.882466
0.870139
0.867773
0.856632
0.852902
0.846014
0.838182
0.828817
0.822648
0.812857
0.804985
0.801073
0.792862
0.789296
0.783688
0.776163
0.772654
0.76719
0.761544
0.754843
0.747669
0.74038
0.737979
0.728538
0.722023
0.720383
0.717463
0.711752
0.708035
0.704372
0.700177
0.694292
0.692483
0.685743
0.680859
0.676368
0.673209
0.665618
0.65942
0.65415
0.648861
0.643049
0.638592
0.634175
0.63045
0.626704
0.620886
0.617246
0.614011
0.611152
0.607832
0.603942
0.598225
0.595396
0.588816
0.582747
0.575516
0.573732
0.567544
0.564893
0.557505
0.552395
0.548337
0.54634
0.540483
0.533613
0.532353
0.526716
0.525046
0.521779
0.519488
0.515747
0.51342
0.509663
0.507318
0.503487
0.500526
0.498149
0.494428
0.488643
0.488643
0.484834
0.482898
0.47676
0.474746
0.468743
0.468743
0.466034
0.460323
0.458518
0.455468
0.450132
0.446555
0.440269
0.436565
0.433154
0.428814
0.423905
0.420826
0.415999
0.414007
0.411914
0.408503
0.405284
0.401069
0.39819
0.395493
0.392498
0.388472
0.38726
0.384177
0.381736
0.380505
0.378911
0.375492
0.373796
0.3715
0.369108
0.366698
0.362855
0.361688
0.357455
0.356557
0.353507
0.351389
0.348882
0.347426
0.344251
0.342865
0.339291
0.33352
0.33352
0.329087
0.32683
0.323629
0.320998
0.317913
0.316263
0.313679
0.311778
0.308352
0.304699
0.302258
0.299418
0.297897
0.294292
0.292257
0.290215
0.28871
0.285963
0.282227
0.281733
0.28
0.278725
0.277667
0.27643
0.275583
0.275031
0.274198
0.273398
0.272323
0.270595
0.269991
0.269095
0.267949
0.266744
0.265785
0.264805
0.263149
0.262276
0.260869
0.259422
0.25864
0.256815
0.254962
0.253245
0.25198
0.24893
0.248752
0.247202
0.244587
0.243107
0.238051
0.237612
0.235786
0.233622
0.230736
0.229821
0.228998
0.227358
0.225499
0.224895
0.222537
0.22121
0.218762
0.218054
0.215699
0.213861
0.211705
0.210048
0.2082
0.20709
0.203931
0.203594
0.20196
0.200473
0.199278
0.197245
0.196073
0.193665
0.192838
0.192015
0.190819
0.190015
0.187931
0.18733
0.186436
0.184889
0.182998
0.181704
0.181704
0.17915
0.177617
0.176527
0.175127
0.174342
0.173558
0.17255
0.17179
0.170886
0.170249
0.169652
0.168821
0.168048
0.1675
0.166908
0.166323
0.165878
0.164586
0.163946
0.162999
0.162677
0.16172
0.161051
0.160362
0.159705
0.15895
0.158202
0.157591
0.157114
0.156302
0.155427
0.154976
0.154317
0.153942
0.153424
0.152976
0.152387
0.151879
0.151535
0.151098
0.150612
0.150006
0.149492
0.148961
0.148052
0.147632
0.147232
0.146534
0.146016
0.145266
0.14484
0.144049
0.143545
0.142448
0.142105
0.141501
0.141084
0.140246
0.14008
0.139477
0.139041
0.1387
0.138111
0.137432
0.13682
0.136306
0.13541
0.135034
0.134519
0.134345
0.133513
0.133082
0.13235
0.131707
0.131259
0.130006
0.129866
0.129093
0.128437
0.127719
0.126966
0.126533
0.126246
0.125663
0.124972
0.124217
0.123435
0.122832
0.122245
0.121358
0.121097
0.120451
0.119898
0.119543
0.11897
0.117872
0.117525
0.116888
0.116192
0.115971
0.11552
0.115128
0.114999
0.11453
0.114297
0.113966
0.113646
0.11338
0.113105
0.112815
0.112568
0.11231
0.112099
0.111894
0.111669
0.111425
0.111048
0.110657
0.110171
0.110132
0.109788
0.109473
0.109215
0.108817
0.108232
0.107779
0.107204
0.106731
0.106035
0.105461
0.105154
0.104317
0.103884
0.103369
0.102453
0.10157
0.100994
0.100245
0.0998447
0.0992488
0.0985801
0.0977296
0.0971278
0.096262
0.0957393
0.0953186
0.0946446
0.0942013
0.0936406
0.0924886
0.0924723
0.0917675
0.0914105
0.0909657
0.0901325
0.0894022
0.0888899
0.0885558
0.0877445
0.0876154
0.0873038
0.0868304
0.0862308
0.0858698
0.085393
0.0851703
0.0846622
0.0842099
0.0839195
0.0835311
0.0830398
0.0826482
0.0823058
0.0818692
0.0814014
0.0809429
0.0806501
0.0802422
0.0799594
0.0795389
0.0793162
0.0788723
0.0785586
0.0782528
0.0778625
0.077524
0.0771946
0.0768022
0.0764049
0.0759919
0.0755772
0.0752582
0.0749093
0.0744852
0.0741068
0.0736095
0.0732476
0.0723502
0.0720904
0.0717686
0.0713691
0.071123
0.0707751
0.0704195
0.0702498
0.0699395
0.0696839
0.0694725
0.0690823
0.0689127
0.0686532
0.0683875
0.0682404
0.0679435
0.0678067
0.0674974
0.0670951
0.0666344
0.0666344
0.0662753
0.0659378
0.0656758
0.0652458
0.0649801
0.0646526
0.0644192
0.0641125
0.0637708
0.0633944
0.0631049
0.0627601
0.062563
0.0623019
0.0619981
0.0617823
0.061438
0.0609464
0.0608139
0.0604483
0.0601198
0.0599334
0.0596628
0.0594813
0.0591867
0.0591393
0.0588661
0.058799
0.0585771
0.0583713
0.0581636
0.0579806
0.0575494
0.0573176
0.0570269
0.057011
0.0566063
0.0564088
0.0562273
0.0559982
0.0557726
0.0555226
0.0552565
0.0547337
0.0544418
0.0538708
0.0538708
0.0535377
0.0532385
0.0528389
0.0526912
0.0520903
0.0516169
0.0515727
0.0511893
0.0507596
0.0505121
0.0500688
0.0499114
0.0495348
0.0494403
0.0490613
0.0481929
0.0481395
0.047879
0.0474624
0.0469464
0.046638
0.0465774
0.0460638
0.0458482
0.0455306
0.0451229
0.0448437
0.0443612
0.0442679
0.0441045
0.0437592
0.0435219
0.043226
0.0431671
0.04301
0.042789
0.0426167
0.0423909
0.0421705
0.0419468
0.0417919
0.0414992
0.0412263
0.0410833
0.04096
0.0407916
0.0405979
0.0403512
0.0402177
0.040067
0.0397804
0.0397285
0.0395414
0.0393302
0.0392084
0.038961
0.0387755
0.0385981
0.0384108
0.0381485
0.0380547
0.0378664
0.0377753
0.0375684
0.037481
0.0373805
0.0372396
0.0371626
0.037063
0.0368867
0.0368812
0.036724
0.036638
0.0365019
0.0363817
0.0363628
0.036102
0.03594
0.0358423
0.0357335
0.0355397
0.0354247
0.0350015
0.0350015
0.0348658
0.0347078
0.0345719
0.0343691
0.0341305
0.0341287
0.0339415
0.0337732
0.0337149
0.0333692
0.0333609
0.0332093
0.0329588
0.0328607
0.0327958
0.0326546
0.0325594
0.0324894
0.0324168
0.0323023
0.0321618
0.0321526
0.0321173
0.032008
0.0319533
0.0318698
0.0317896
0.0317384
0.0316533
0.0315877
0.0315239
0.0314722
0.031414
0.0312685
0.0311586
0.0310929
0.030988
0.0308942
0.0308586
0.0307588
0.0306749
0.0305275
0.0305275
0.030439
0.0303969
0.0303004
0.0301536
0.0300626
0.030014
0.02994
0.0298292
0.0297538
0.0296377
0.0295439
0.0294586
0.0293772
0.0293193
0.0291881
0.0291007
0.0290247
0.0289116
0.0288089
0.0287703
0.0285882
0.0284439
0.0283458
0.0281518
0.0280934
0.0280014
0.0279225
0.0278096
0.0277498
0.02766
0.0275794
0.027416
0.027416
0.0273043
0.0272084
0.0271563
0.027054
0.0269098
0.0267824
0.0266298
0.0265748
0.0264573
0.0263658
0.0262698
0.0261896
0.0260526
0.0259472
0.0257874
0.0255659
0.0254992
0.0253937
0.0252036
0.0250499
0.024924
0.0248543
0.0247028
0.0245267
0.0244557
0.0242819
0.0241269
0.0239905
0.0239872
0.0238398
0.0238138
0.0237269
0.0235738
0.0234491
0.0233517
0.0232617
0.0231717
0.0230582
0.0229859
0.0228981
0.022814
0.0227305
0.0226566
0.0225413
0.0225028
0.0223699
0.0222935
0.0221702
0.0220848
0.0220425
0.0219241
0.0218464
0.0217314
0.0216547
0.0215377
0.0214859
0.0214202
0.021346
0.0212285
0.0211494
0.0210924
0.0210254
0.020883
0.0208013
0.0207118
0.0206568
0.0206021
0.0204442
0.0204301
0.0203307
0.0201568
0.0201514
0.0200725
0.0199234
0.0198753
0.019784
0.0196833
0.0196197
0.0195005
0.0194368
0.019307
0.0192594
0.0191632
0.0190923
0.0190331
0.0189961
0.0189238
0.0189024
0.0188363
0.0187986
0.0187289
0.0186985
0.0186287
0.0185644
0.0185271
0.018413
0.0183422
0.0183169
0.0182673
0.018161
0.0181478
0.0180698
0.0179826
0.0179603
0.0178489
0.0178237
0.0176745
0.0176356
0.0175942
0.0174654
0.017377
0.0172466
0.01721
0.0171348
0.017004
0.0168258
0.0167699
0.0165382
0.0164825
0.0164289
0.0162636
0.0162033
0.0161412
0.0160552
0.0159759
0.0159238
0.0158545
0.015784
0.0156511
0.0155646
0.0155032
0.0154158
0.0152218
0.0151962
0.0150688
0.0149583
0.0149117
0.014851
0.014733
0.0146128
0.0145127
0.0145127
0.0144517
0.0143852
0.0143078
0.0142673
0.0141959
0.0141427
0.0141079
0.0140709
0.0140349
0.0139765
0.0139585
0.0139118
0.0138717
0.0138413
0.0137945
0.0137711
0.0136991
0.0136838
0.013655
0.013582
0.0135249
0.0134915
0.0134241
0.0133951
0.0133351
0.0132627
0.0132275
0.0131764
0.0131764
0.0131764
0.0131764
0.0131764
0.0131764
0.0131764
0.0131764
0.0131764
0.0131764
0.0131764
0.0131764
0.0131764
0.0131764
0.0131764
0.0131764
0.0131764
0.0131764
0.0131764
0.0131764
0.0131764
0.0131764
0.0131764
0.0131764
0.0131764
0.0131764
0.0131764
0.0131764
0.0131764
0.0131764
0.0131764
0.0131764
0.0131764
0.0131764
0.0131764
0.0131764
0.0131764
0.0131764
0.0131764
0.0131764
0.0131764
0.0131764
0.0131764
0.0131764
0.0131764
0.0131764
0.0131764
0.0131764
0.0131764
0.0131764
0.0131764
0.0131764
0.0131764
0.0131764
0.0131764
0.0131764
0.0131764
0.0131764
0.0131764
0.0131764
0.0131764
0.0131764
0.0131764
0.0131764
0.0131764
0.0131764
0.0131764
0.0131764
0.0131764
0.0131764
0.0131764
0.0131764
0.0131764
0.0131764
0.0131764
0.0131764
0.0131764
0.0131764
0.0131764
0.0131764
0.0131764
0.0131764
0.0131764
0.0131764
0.0131764
0.0131764
0.0131764
0.0131764
0.0131764
0.0131764
0.0131764
0.0131764
0.0131764
0.0131764
0.0131764
0.0131764
0.0131764
0.0131764
0.0131764
0.0131764
0.0131764
0.0131764
0.0131764
0.0131764
0.0131764
0.0131764
0.0131764
0.0131764
0.0131764
0.0131764
0.0131764
0.0131764
0.0131764
0.0131764
0.0131764
0.0131764
0.0131764
0.0131764
0.0131764
0.0131764
0.0131764
0.0131764
0.0131764
0.0131764
0.0131764
0.0131764
0.0131764
0.0131764
0.0131764
0.0131764
0.0131764
0.0131764
0.0131764
0.0131764
0.0131764
0.0131764
0.0131764
0.0131764
0.0131764
0.0131764
0.0131764
0.0131764
0.0131764
0.0131764
0.0131764
0.0131764
0.0131764
0.0131764
0.0131764
0.0131764
0.0131764
0.0131764
0.0131764
0.0131764
0.0131764
0.0131764
0.0131764
0.0131764
0.0131764
0.0131764
0.0131764
0.0131764
0.0131764
0.0131764
0.0131764
0.0131764
0.0131764
0.0131764
0.0131764
0.0131764
0.0131764
0.0131764
0.0131764
0.0131764
0.0131764
0.0131764
0.0131764
0.0131764
0.0131764
0.0131764
0.0131764
0.0131764
0.0131764
0.0131764
0.0131764
0.0131764
0.0131764
0.0131764
0.0131764
0.0131764
0.0131764
0.0131764
0.0131764
0.0131764
0.0131764
0.0131764
0.0131764
0.0131764
0.0131764
0.0131764
0.0131764
0.0131764
0.0131764
0.0131764
0.0131764
0.0131764
0.0131764
0.0131764
0.0131764
0.0131764
0.0131764
0.0131764
0.0131764
0.0131764
0.0131764
0.0131764
0.0131764
0.0131764
0.0131764
0.0131764
0.0131764
0.0131764
0.0131764
0.0131764
0.0131764
0.0131764
0.0131764
0.0131764
0.0131764
0.0131764
0.0131764
0.0131764
0.0131764
0.0131764
0.0131764
0.0131764
0.0131764
0.0131764
0.0131764
0.0131764
0.0131764
0.0131764
0.0131764
0.0131764
0.0131764
0.0131764
0.0131764
0.0131764
0.0131764
0.0131764
0.0131764
0.0131764
0.0131764
0.0131764
0.0131764
0.0131764
0.0131764
0.0131764
0.0131764
0.0131764
0.0131764
0.0131764
0.0131764
0.0131764
0.0131764
0.0131764
0.0131764
0.0131764
0.0131764
0.0131764
0.0131764
0.0131764
0.0131764
0.0131764
0.0131764
0.0131764
0.0131764
0.0131764
0.0131764
0.0131764
0.0131764
0.0131764
0.0131764
0.0131764
0.0131764
0.0131764
0.0131764
0.0131764
0.0131764
0.0131764
0.0131764
0.0131764
0.0131764
0.0131764
0.0131764
0.0131764
0.0131764
0.0131764
0.0131764
0.0131764
0.0131764
0.0131764
0.0131764
0.0131764
0.0131764
0.0131764
0.0131764
0.0131764
0.0131764
0.0131764
0.0131764
0.0131764
0.0131764
0.0131764
0.0131764
0.0131764
0.0131764
0.0131764
0.0131764
0.0131764
0.0131764
0.0131764
0.0131764
0.0131764
0.0131764
0.0131764
0.0131764
0.0131764
0.0131764
0.0131764
0.0131764
0.0131764
0.0131764
0.0131764
0.0131764
0.0131764
0.0131764
0.0131764
0.0131764
0.0131764
0.0131764
0.0131764
0.0131764
0.0131764
0.0131764
0.0131764
0.0131764
0.0131764
0.0131764
0.0131764
0.0131764
0.0131764
0.0131764
0.0131764
0.0131764
0.0131764
0.0131764
0.0131764
0.0131764
0.0131764
0.0131764
0.0131764
0.0131764
0.0131764
0.0131764
0.0131764
0.0131764
0.0131764
0.0131764
0.0131764
0.0131764
0.0131764
0.0131764
0.0131764
0.0131764
0.0131764
0.0131764
0.0131764
0.0131764
0.0131764
0.0131764
0.0131764
0.0131764
0.0131764
0.0131764
0.0131764
0.0131764
0.0131764
0.0131764
0.0131764
0.0131764
0.0131764
0.0131764
0.0131764
0.0131764
0.0131764
0.0131764
0.0131764
0.0131764
0.0131764
0.0131764
0.0131764
0.0131764
0.0131764
0.0131764
0.0131764
0.0131764
0.0131764
0.0131764
0.0131764
0.0131764
0.0131764
0.0131764
0.0131764
0.0131764
0.0131764
0.0131764
0.0131764
0.0131764
0.0131764
0.0131764
0.0131764
0.0131764
0.0131764
0.0131764
0.0131764
0.0131764
0.0131764
0.0131764
0.0131764
0.0131764
0.0131764
0.0131764
0.0131764
0.0131764
0.0131764
0.0131764
0.0131764
0.0131764
0.0131764
0.0131764
0.0131764
0.0131764
0.0131764
0.0131764
0.0131764
0.0131764
0.0131764
0.0131764
0.0131764
0.0131764
0.0131764
0.0131764
0.0131764
0.0131764
0.0131764
0.0131764
0.0131764
0.0131764
0.0131764
0.0131764
0.0131764
0.0131764
0.0131764
0.0131764
0.0131764
0.0131764
0.0131764
0.0131764
0.0131764
0.0131764
0.0131764
0.0131764
0.0131764
0.0131764
0.0131764
0.0131764
0.0131764
0.0131764
0.0131764
0.0131764
