23681.4
19610.1
9894.49
9894.49
9894.49
9894.49
9894.49
2990.69
2990.69
2990.69
2990.69
2990.69
964.898
778.453
290.624
213.801
68.7068
68.7068
68.7068
68.7068
68.7068
63.5654
37.574
37.574
19.7038
19.7038
9.37333
6.26893
6.26893
6.26893
6.26893
6.26893
6.26893
6.01909
4.85533
4.85533
4.85533
4.85533
4.30601
4.30601
4.27746
4.27746
4.19605
3.57062
3.57062
3.52573
3.51519
3.48192
3.32552
3.32464
3.22649
3.22649
3.18844
3.13285
3.13285
3.08017
3.06068
3.02203
2.97395
2.92768
2.85138
2.8046
2.76579
2.71616
2.68163
2.52987
2.52987
2.48695
2.48695
2.39253
2.29033
2.27973
2.24042
2.15271
2.15271
2.09218
2.04435
2.01289
1.89759
1.83832
1.7916
1.77673
1.73443
1.70336
1.67979
1.6377
1.61597
1.58789
1.56388
1.54536
1.52336
1.51933
1.50361
1.49174
1.47635
1.46331
1.44635
1.43731
1.42296
1.40899
1.39687
1.38172
1.37043
1.36174
1.35069
1.33389
1.32897
1.32055
1.30162
1.29697
1.29207
1.28512
1.2711
1.26441
1.24681
1.23746
1.22908
1.22164
1.21241
1.20129
1.18563
1.17136
1.16592
1.15252
1.13538
1.1305
1.12098
1.11128
1.08298
1.07693
1.06029
1.04732
1.03236
1.01866
1.01646
1.00539
0.991792
0.978718
0.97156
0.957476
0.951546
0.938365
0.931959
0.923638
0.91155
0.903651
0.89541
0.875395
0.873963
0.864895
0.857393
0.848862
0.840904
0.836253
0.828887
0.820945
0.812797
0.807516
0.803689
0.791115
0.783556
0.777195
0.774538
0.769178
0.763121
0.760057
0.754501
0.750073
0.747054
0.742114
0.738744
0.73379
0.729841
0.726068
0.723147
0.718989
0.70544
0.704408
0.699565
0.693898
0.683915
0.679479
0.672315
0.664286
0.659587
0.649499
0.643369
0.638297
0.632075
0.627495
0.621917
0.616888
0.612705
0.60979
0.605899
0.6004
0.598538
0.594786
0.590932
0.587002
0.581724
0.576537
0.573011
0.567778
0.564272
0.558319
0.553858
0.547736
0.545689
0.540385
0.536487
0.533522
0.529699
0.526926
0.523533
0.519004
0.51493
0.511699
0.508362
0.503381
0.50199
0.499304
0.495048
0.493046
0.490326
0.487164
0.483612
0.481196
0.478323
0.474777
0.474777
0.471079
0.466713
0.465174
0.462263
0.460881
0.459418
0.457202
0.455439
0.451417
0.451136
0.448118
0.443972
0.441467
0.43847
0.434363
0.432553
0.428274
0.426123
0.424003
0.42241
0.420577
0.419664
0.416939
0.415238
0.414039
0.411467
0.409906
0.408391
0.406595
0.40342
0.401936
0.39954
0.396305
0.393812
0.390393
0.38837
0.385438
0.381888
0.380589
0.376801
0.375927
0.37236
0.36926
0.367586
0.364981
0.363908
0.359984
0.355692
0.352992
0.351648
0.348119
0.345539
0.339417
0.335803
0.333611
0.330809
0.327893
0.326003
0.324446
0.321916
0.320374
0.318096
0.316036
0.313543
0.312273
0.310267
0.306147
0.304168
0.300787
0.298529
0.294874
0.2933
0.291494
0.289655
0.288556
0.286902
0.284657
0.281939
0.280537
0.278821
0.277758
0.275297
0.273244
0.271164
0.269918
0.268726
0.267673
0.26642
0.265579
0.262575
0.262337
0.260901
0.25852
0.257187
0.254972
0.253076
0.250943
0.246276
0.246276
0.245741
0.243466
0.24303
0.240741
0.239923
0.238317
0.237238
0.235288
0.234266
0.232539
0.231223
0.229779
0.227664
0.226274
0.225082
0.223492
0.222265
0.221427
0.220021
0.218553
0.217869
0.217157
0.215859
0.214739
0.213177
0.212574
0.211494
0.210489
0.209069
0.208035
0.206944
0.205687
0.204179
0.202681
0.20149
0.199153
0.196665
0.195946
0.19419
0.193028
0.191645
0.190066
0.189453
0.187576
0.184737
0.184293
0.183085
0.181688
0.181166
0.180306
0.179511
0.177945
0.177811
0.177032
0.175956
0.175198
0.174254
0.173547
0.172814
0.171774
0.170703
0.169838
0.168782
0.167731
0.165475
0.165475
0.164777
0.163694
0.162948
0.161656
0.161011
0.159518
0.158444
0.157901
0.15743
0.156301
0.155592
0.154819
0.154206
0.152704
0.152481
0.151731
0.150503
0.149825
0.149023
0.148129
0.146863
0.145186
0.144908
0.143098
0.141869
0.141188
0.140519
0.138939
0.138689
0.137337
0.136163
0.13449
0.13449
0.13305
0.131234
0.13025
0.127685
0.126017
0.125213
0.123636
0.122237
0.121116
0.119611
0.117183
0.116228
0.115866
0.11467
0.113532
0.112862
0.112565
0.111382
0.110544
0.109546
0.108839
0.108082
0.106626
0.105448
0.104917
0.104083
0.103131
0.102656
0.101703
0.101066
0.100598
0.10017
0.099411
0.0993576
0.0990712
0.0985495
0.0977498
0.0972545
0.0965558
0.0960688
0.095378
0.0942051
0.0937506
0.0937103
0.0930928
0.0924219
0.0921424
0.0914978
0.0910335
0.0904985
0.0897163
0.0894477
0.0890104
0.0884569
0.0881642
0.0878802
0.0872805
0.0868226
0.0865429
0.0857499
0.085388
0.0851199
0.0846944
0.0838957
0.0834998
0.0831671
0.0822987
0.0822987
0.0820409
0.0814994
0.0810876
0.0808114
0.0802224
0.0798855
0.0797198
0.0792912
0.0791615
0.0783623
0.078138
0.078138
0.0777704
0.0773609
0.0769945
0.0766142
0.0760109
0.0757314
0.0750623
0.0742276
0.0737063
0.0730777
0.072453
0.0711087
0.0711087
0.0701559
0.0694546
0.0693624
0.0688101
0.0682182
0.0676323
0.0670636
0.0670636
0.0667658
0.0664583
0.0659321
0.0654753
0.0653451
0.0650112
0.0645167
0.0644006
0.0641961
0.0639555
0.0636947
0.0635553
0.0633479
0.0630421
0.0627842
0.0625217
0.0624127
0.0621877
0.0620335
0.0618592
0.0616814
0.0615912
0.061356
0.0613318
0.0610691
0.0610179
0.0608946
0.0606066
0.0604618
0.0603456
0.0602472
0.0600769
0.0598318
0.0595991
0.0594741
0.0592638
0.0590614
0.0585259
0.0585142
0.0583029
0.057941
0.0577577
0.0573575
0.0572003
0.05691
0.0565979
0.0563905
0.0561832
0.0558553
0.0555676
0.0554102
0.0550794
0.0547616
0.0546145
0.0542074
0.0540875
0.0537936
0.0535476
0.0530935
0.0529108
0.0526519
0.0524194
0.0523133
0.0521383
0.0519758
0.0518183
0.0516712
0.05164
0.0514562
0.0513283
0.0512574
0.0511203
0.0509349
0.0508719
0.0507206
0.0505947
0.0504818
0.0502692
0.0500186
0.0498387
0.0496098
0.0493593
0.049163
0.0488836
0.0486396
0.0483898
0.0481596
0.0477436
0.0476552
0.0473326
0.0471616
0.0468612
0.0468032
0.0465409
0.046373
0.0461868
0.0458544
0.0453675
0.0451766
0.0449901
0.0445779
0.0443556
0.0441409
0.0440474
0.0437559
0.0434028
0.0430689
0.0428505
0.0425515
0.0424093
0.0421073
0.0417663
0.0412983
0.041029
0.0408653
0.0405463
0.0403426
0.0399132
0.0398509
0.039453
0.0393144
0.0390867
0.0388028
0.0386405
0.0383884
0.038132
0.0377915
0.0375745
0.03753
0.0373352
0.0371103
0.0368399
0.0367476
0.0364843
0.0362225
0.0360816
0.0358584
0.0356602
0.035533
0.0353946
0.0352322
0.0350079
0.0348733
0.0344933
0.0344469
0.0342903
0.0340998
0.0338283
0.0337614
0.0335827
0.0334833
0.0333374
0.0331812
0.0329295
0.0329279
0.0327765
0.0326703
0.0325545
0.0324005
0.0323194
0.0322628
0.0321048
0.0318902
0.0317524
0.0317096
0.0315876
0.0314351
0.0312798
0.0311169
0.0309329
0.030822
0.0306828
0.030514
0.0303074
0.0301852
0.0298472
0.02979
0.0296567
0.0292242
0.0292242
0.0290651
0.0289429
0.0288421
0.0286955
0.0285808
0.0285205
0.028366
0.0282516
0.0281047
0.0280916
0.0279478
0.0278173
0.0277921
0.0276852
0.027508
0.0274661
0.0273189
0.0270509
0.0269638
0.0268002
0.026673
0.0265677
0.0264795
0.0264178
0.0262374
0.0260891
0.0258737
0.0257646
0.0256049
0.0254184
0.0253054
0.0251964
0.0250275
0.0249757
0.0247938
0.0246494
0.0245847
0.0244684
0.0243608
0.0242395
0.0241777
0.0240779
0.0240094
0.0239566
0.0238809
0.0238295
0.0236221
0.0236221
0.0235501
0.0234732
0.0234394
0.0234014
0.0234014
0.0234014
0.0234014
0.0234014
0.0234014
0.0234014
0.0234014
0.0234014
0.0234014
0.0234014
0.0234014
0.0234014
0.0234014
0.0234014
0.0234014
0.0234014
0.0234014
0.0234014
0.0234014
0.0234014
0.0234014
0.0234014
0.0234014
0.0234014
0.0234014
0.0234014
0.0234014
0.0234014
0.0234014
0.0234014
0.0234014
0.0234014
0.0234014
0.0234014
0.0234014
0.0234014
0.0234014
0.0234014
0.0234014
0.0234014
0.0234014
0.0234014
0.0234014
0.0234014
0.0234014
0.0234014
0.0234014
0.0234014
0.0234014
0.0234014
0.0234014
0.0234014
0.0234014
0.0234014
0.0234014
0.0234014
0.0234014
0.0234014
0.0234014
0.0234014
0.0234014
0.0234014
0.0234014
0.0234014
0.0234014
0.0234014
0.0234014
0.0234014
0.0234014
0.0234014
0.0234014
0.0234014
0.0234014
0.0234014
0.0234014
0.0234014
0.0234014
0.0234014
0.0234014
0.0234014
0.0234014
0.0234014
0.0234014
0.0234014
0.0234014
0.0234014
0.0234014
0.0234014
0.0234014
0.0234014
0.0234014
0.0234014
0.0234014
0.0234014
0.0234014
0.0234014
0.0234014
0.0234014
0.0234014
0.0234014
0.0234014
0.0234014
0.0234014
0.0234014
0.0234014
0.0234014
0.0234014
0.0234014
0.0234014
0.0234014
0.0234014
0.0234014
0.0234014
0.0234014
0.0234014
0.0234014
0.0234014
0.0234014
0.0234014
0.0234014
0.0234014
0.0234014
0.0234014
0.0234014
0.0234014
0.0234014
0.0234014
0.0234014
0.0234014
0.0234014
0.0234014
0.0234014
0.0234014
0.0234014
0.0234014
0.0234014
0.0234014
0.0234014
0.0234014
0.0234014
0.0234014
0.0234014
0.0234014
0.0234014
0.0234014
0.0234014
0.0234014
0.0234014
0.0234014
0.0234014
0.0234014
0.0234014
0.0234014
0.0234014
0.0234014
0.0234014
0.0234014
0.0234014
0.0234014
0.0234014
0.0234014
0.0234014
0.0234014
0.0234014
0.0234014
0.0234014
0.0234014
0.0234014
0.0234014
0.0234014
0.0234014
0.0234014
0.0234014
0.0234014
0.0234014
0.0234014
0.0234014
0.0234014
0.0234014
0.0234014
0.0234014
0.0234014
0.0234014
0.0234014
0.0234014
0.0234014
0.0234014
0.0234014
0.0234014
0.0234014
0.0234014
0.0234014
0.0234014
0.0234014
0.0234014
0.0234014
0.0234014
0.0234014
0.0234014
0.0234014
0.0234014
0.0234014
0.0234014
0.0234014
0.0234014
0.0234014
0.0234014
0.0234014
0.0234014
0.0234014
0.0234014
0.0234014
0.0234014
0.0234014
0.0234014
0.0234014
0.0234014
0.0234014
0.0234014
0.0234014
0.0234014
0.0234014
0.0234014
0.0234014
0.0234014
0.0234014
0.0234014
0.0234014
0.0234014
0.0234014
0.0234014
0.0234014
0.0234014
0.0234014
0.0234014
0.0234014
0.0234014
0.0234014
0.0234014
0.0234014
0.0234014
0.0234014
0.0234014
0.0234014
0.0234014
0.0234014
0.0234014
0.0234014
0.0234014
0.0234014
0.0234014
0.0234014
0.0234014
0.0234014
0.0234014
0.0234014
0.0234014
0.0234014
0.0234014
0.0234014
0.0234014
0.0234014
0.0234014
0.0234014
0.0234014
0.0234014
0.0234014
0.0234014
0.0234014
0.0234014
0.0234014
0.0234014
0.0234014
0.0234014
0.0234014
0.0234014
0.0234014
0.0234014
0.0234014
0.0234014
0.0234014
0.0234014
0.0234014
0.0234014
0.0234014
0.0234014
0.0234014
0.0234014
0.0234014
0.0234014
0.0234014
0.0234014
0.0234014
0.0234014
0.0234014
0.0234014
0.0234014
0.0234014
0.0234014
0.0234014
0.0234014
0.0234014
0.0234014
0.0234014
0.0234014
0.0234014
0.0234014
0.0234014
0.0234014
0.0234014
0.0234014
0.0234014
0.0234014
0.0234014
0.0234014
0.0234014
0.0234014
0.0234014
0.0234014
0.0234014
0.0234014
0.0234014
0.0234014
0.0234014
0.0234014
0.0234014
0.0234014
0.0234014
0.0234014
0.0234014
0.0234014
0.0234014
0.0234014
0.0234014
0.0234014
0.0234014
0.0234014
0.0234014
0.0234014
0.0234014
0.0234014
0.0234014
0.0234014
0.0234014
0.0234014
0.0234014
0.0234014
0.0234014
0.0234014
0.0234014
0.0234014
0.0234014
0.0234014
0.0234014
0.0234014
0.0234014
0.0234014
0.0234014
0.0234014
0.0234014
0.0234014
0.0234014
0.0234014
0.0234014
0.0234014
0.0234014
0.0234014
0.0234014
0.0234014
0.0234014
0.0234014
0.0234014
0.0234014
0.0234014
0.0234014
0.0234014
0.0234014
0.0234014
0.0234014
0.0234014
0.0234014
0.0234014
0.0234014
0.0234014
0.0234014
0.0234014
0.0234014
0.0234014
0.0234014
0.0234014
0.0234014
0.0234014
0.0234014
0.0234014
0.0234014
0.0234014
0.0234014
0.0234014
0.0234014
0.0234014
0.0234014
0.0234014
0.0234014
0.0234014
0.0234014
0.0234014
0.0234014
0.0234014
0.0234014
0.0234014
0.0234014
0.0234014
0.0234014
0.0234014
0.0234014
0.0234014
0.0234014
0.0234014
0.0234014
0.0234014
0.0234014
0.0234014
0.0234014
0.0234014
0.0234014
0.0234014
0.0234014
0.0234014
0.0234014
0.0234014
0.0234014
0.0234014
0.0234014
0.0234014
0.0234014
0.0234014
0.0234014
0.0234014
0.0234014
0.0234014
0.0234014
0.0234014
0.0234014
0.0234014
0.0234014
0.0234014
0.0234014
0.0234014
0.0234014
0.0234014
0.0234014
0.0234014
0.0234014
0.0234014
0.0234014
0.0234014
0.0234014
0.0234014
0.0234014
0.0234014
0.0234014
0.0234014
0.0234014
0.0234014
0.0234014
0.0234014
0.0234014
0.0234014
0.0234014
0.0234014
0.0234014
0.0234014
0.0234014
0.0234014
0.0234014
0.0234014
0.0234014
0.0234014
0.0234014
0.0234014
0.0234014
0.0234014
0.0234014
0.0234014
0.0234014
0.0234014
0.0234014
0.0234014
0.0234014
0.0234014
0.0234014
0.0234014
0.0234014
0.0234014
0.0234014
0.0234014
0.0234014
0.0234014
0.0234014
0.0234014
0.0234014
0.0234014
0.0234014
0.0234014
0.0234014
0.0234014
0.0234014
0.0234014
0.0234014
0.0234014
0.0234014
0.0234014
0.0234014
0.0234014
0.0234014
0.0234014
0.0234014
0.0234014
0.0234014
0.0234014
0.0234014
0.0234014
0.0234014
0.0234014
0.0234014
0.0234014
0.0234014
0.0234014
0.0234014
0.0234014
0.0234014
0.0234014
0.0234014
0.0234014
0.0234014
0.0234014
0.0234014
0.0234014
0.0234014
0.0234014
0.0234014
0.0234014
0.0234014
0.0234014
0.0234014
0.0234014
0.0234014
0.0234014
0.0234014
0.0234014
0.0234014
0.0234014
0.0234014
0.0234014
0.0234014
0.0234014
0.0234014
0.0234014
0.0234014
0.0234014
0.0234014
0.0234014
0.0234014
0.0234014
0.0234014
0.0234014
0.0234014
0.0234014
0.0234014
0.0234014
0.0234014
0.0234014
0.0234014
0.0234014
0.0234014
0.0234014
0.0234014
0.0234014
0.0234014
0.0234014
0.0234014
0.0234014
0.0234014
0.0234014
0.0234014
0.0234014
0.0234014
0.0234014
0.0234014
0.0234014
0.0234014
0.0234014
0.0234014
0.0234014
0.0234014
0.0234014
0.0234014
0.0234014
0.0234014
0.0234014
0.0234014
0.0234014
