10344.3
10344.3
10344.3
10344.3
2553.29
2553.29
1538.34
1538.34
1193.15
637.598
637.598
637.598
637.598
327.917
94.9391
94.9391
94.9391
64.8832
46.2298
28.9856
20.7621
10.6676
10.6676
7.87597
5.70663
5.70663
5.70663
5.70663
5.173
5.173
5.173
5.09575
4.40285
4.40285
4.40285
4.40285
4.25696
4.25696
3.98315
3.98315
3.98315
3.98315
3.81591
3.81591
3.55426
3.24159
3.086
3.086
3.086
3.03836
2.88337
2.83383
2.71586
2.70754
2.59482
2.56714
2.55653
2.47929
2.46575
2.44082
2.39
2.34602
2.34291
2.26814
2.26814
2.20492
2.19187
2.14941
2.14143
2.10831
2.08673
2.05939
2.03219
2.01732
1.97194
1.93806
1.92529
1.87591
1.85753
1.83993
1.8004
1.77625
1.72493
1.70989
1.68634
1.66366
1.63242
1.60634
1.56824
1.55531
1.52637
1.50467
1.48376
1.46713
1.44314
1.43383
1.39338
1.37612
1.35608
1.33115
1.30371
1.28132
1.25913
1.24028
1.22729
1.20968
1.1964
1.17737
1.16198
1.15038
1.12085
1.09419
1.07664
1.06136
1.03956
1.03652
1.02595
1.01201
1.00111
0.99183
0.982702
0.972986
0.966549
0.954869
0.942382
0.936783
0.926923
0.917504
0.904519
0.897151
0.886617
0.877264
0.86445
0.859222
0.843143
0.8406
0.82423
0.81844
0.810271
0.797894
0.792221
0.779439
0.77169
0.770234
0.756678
0.755518
0.749963
0.741247
0.731167
0.725036
0.718088
0.710556
0.705822
0.696899
0.687986
0.687128
0.682531
0.674609
0.667283
0.660125
0.654996
0.649252
0.644677
0.641909
0.63853
0.633857
0.630771
0.626226
0.620694
0.614497
0.611569
0.606578
0.603217
0.597519
0.591488
0.58715
0.582534
0.579675
0.575583
0.570621
0.567326
0.562699
0.553241
0.550139
0.545825
0.540268
0.53656
0.533628
0.529246
0.523829
0.521785
0.51858
0.51533
0.512223
0.509019
0.505794
0.50341
0.498706
0.494979
0.493201
0.490503
0.488304
0.485488
0.480531
0.478346
0.475645
0.473831
0.47015
0.467623
0.464504
0.462565
0.459938
0.45725
0.454959
0.452106
0.449944
0.445617
0.441939
0.434428
0.434428
0.43176
0.42558
0.421234
0.415781
0.409548
0.406337
0.402878
0.397886
0.393721
0.390413
0.386374
0.381138
0.377313
0.374087
0.371356
0.367438
0.364971
0.362555
0.359668
0.356743
0.352724
0.348958
0.345079
0.342639
0.338788
0.334896
0.332531
0.329589
0.324535
0.322029
0.317936
0.313764
0.310175
0.308646
0.304663
0.301557
0.297971
0.294142
0.292492
0.28958
0.288217
0.284833
0.283211
0.280944
0.278908
0.276413
0.273526
0.271864
0.269679
0.268524
0.266535
0.264287
0.263105
0.260788
0.260174
0.255364
0.25284
0.252546
0.249771
0.248602
0.246165
0.243529
0.241149
0.240334
0.237951
0.237198
0.235455
0.234519
0.232861
0.231379
0.230552
0.229417
0.228355
0.227269
0.226356
0.225259
0.224341
0.222075
0.221606
0.22069
0.219317
0.217601
0.21692
0.216026
0.215295
0.214614
0.214278
0.213126
0.212696
0.211792
0.21092
0.210459
0.210065
0.208812
0.208072
0.207442
0.206242
0.205893
0.205041
0.203992
0.202713
0.201902
0.201483
0.19979
0.199006
0.197833
0.196898
0.195706
0.194365
0.19352
0.192464
0.191533
0.189761
0.188419
0.186838
0.184898
0.183905
0.182566
0.181685
0.180895
0.180313
0.17953
0.178618
0.177781
0.177026
0.176343
0.175819
0.174914
0.174466
0.173901
0.173253
0.171771
0.17094
0.169938
0.168795
0.168222
0.167662
0.166754
0.166023
0.164307
0.163956
0.162872
0.161323
0.160687
0.159702
0.158377
0.15713
0.155772
0.154639
0.153094
0.151854
0.150966
0.150653
0.149733
0.148368
0.146799
0.145397
0.144507
0.143246
0.142611
0.141669
0.140915
0.140211
0.139188
0.13817
0.137633
0.136054
0.135135
0.134164
0.133131
0.132157
0.131203
0.130911
0.129865
0.129414
0.128159
0.128084
0.127096
0.126546
0.125805
0.124922
0.124541
0.123625
0.12265
0.1217
0.121082
0.120285
0.119537
0.118921
0.117795
0.11745
0.116843
0.116017
0.115401
0.114581
0.113769
0.113273
0.112487
0.111939
0.111412
0.111002
0.110303
0.109348
0.109142
0.108296
0.107981
0.107729
0.107198
0.106876
0.106435
0.105973
0.105548
0.105038
0.104257
0.103533
0.103383
0.102818
0.102152
0.101854
0.101275
0.100683
0.100112
0.0997286
0.0990834
0.0986617
0.097957
0.0970719
0.0965826
0.0959486
0.0949793
0.094146
0.0939632
0.0937263
0.0930715
0.0929675
0.0926561
0.0922082
0.0919762
0.0915832
0.0912037
0.090723
0.0904671
0.0899266
0.0895444
0.0884478
0.087941
0.0871139
0.0866351
0.0859667
0.0854144
0.0851131
0.0846512
0.083751
0.0832945
0.0822142
0.0813567
0.0808308
0.0800989
0.0797729
0.0791576
0.0780291
0.0778888
0.0774034
0.0768115
0.0762868
0.0758192
0.0751287
0.0747501
0.074186
0.0737345
0.0733479
0.072741
0.0722884
0.0719318
0.0715331
0.0711284
0.0707588
0.0704702
0.0701679
0.0698724
0.0695815
0.0694307
0.0691632
0.0689745
0.0685506
0.0684383
0.0682106
0.0679563
0.0677331
0.0674082
0.0670482
0.0667602
0.0664795
0.0662002
0.0659181
0.0656819
0.0654436
0.0649963
0.0647712
0.0645236
0.0641662
0.0637163
0.0632117
0.0629887
0.0627159
0.0624207
0.0620148
0.0617736
0.061309
0.0610093
0.0605801
0.0602301
0.0599453
0.0592833
0.058998
0.058708
0.0584825
0.0582308
0.0579946
0.0576439
0.0575388
0.0573687
0.0569992
0.0567629
0.0566792
0.0564599
0.0562703
0.0560446
0.0558968
0.055665
0.0554906
0.0552985
0.0551277
0.0548995
0.0547613
0.0545292
0.0543734
0.0541399
0.0539106
0.0537074
0.0535251
0.0532718
0.0530814
0.0529365
0.0527038
0.0524574
0.0523078
0.0519695
0.0518753
0.0514346
0.0512965
0.0510171
0.0508361
0.050592
0.0503369
0.0500835
0.0497286
0.0494764
0.0491038
0.0489361
0.0486691
0.0484267
0.0481347
0.0475376
0.0473833
0.0471355
0.0468198
0.0464644
0.0461572
0.0459804
0.0457222
0.0453863
0.0450448
0.0448454
0.0446434
0.0444114
0.0440348
0.0438292
0.0435207
0.0432246
0.0430501
0.0428894
0.0426466
0.0424342
0.0422694
0.041937
0.0419024
0.0414442
0.0414036
0.0412062
0.0408486
0.040775
0.0405656
0.0404805
0.0402925
0.0397904
0.0397692
0.0393711
0.0391309
0.0388006
0.0387606
0.0384546
0.0382268
0.0380412
0.0378206
0.0375892
0.0373456
0.0372226
0.0370862
0.0368482
0.0367327
0.0364443
0.0363529
0.0362593
0.0361209
0.0360081
0.0358836
0.0358256
0.0357162
0.0355369
0.0354919
0.0353454
0.0352305
0.0350949
0.0350226
0.0348547
0.0347567
0.0346555
0.0345388
0.0344439
0.0342207
0.0341741
0.0340506
0.0339205
0.0336801
0.0334278
0.0330831
0.0328215
0.0327617
0.0325573
0.032437
0.0322461
0.0321372
0.0319917
0.0317196
0.0315607
0.0314401
0.0313148
0.0311277
0.0309052
0.030804
0.0305953
0.0304388
0.0303037
0.0301419
0.0299608
0.0298279
0.029709
0.0295154
0.0294423
0.0293587
0.0292436
0.0291436
0.0290207
0.0288787
0.0287794
0.0287135
0.0285819
0.0285023
0.0283896
0.0282811
0.0281438
0.0280165
0.0279138
0.0278154
0.0277187
0.0275909
0.0274848
0.0273275
0.0272558
0.0271481
0.026986
0.0268569
0.0266967
0.02665
0.0265333
0.0264555
0.0263863
0.0262975
0.0262366
0.0261795
0.026113
0.0258953
0.025801
0.0256648
0.0255797
0.0253973
0.0253026
0.0250822
0.0249429
0.0248156
0.0246356
0.0245086
0.0243669
0.0242362
0.0241108
0.0240141
0.0238611
0.0237024
0.0236094
0.0235565
0.0233882
0.0232909
0.0231987
0.0229786
0.0228963
0.0227124
0.0225724
0.022499
0.0223505
0.022202
0.0219373
0.0218824
0.0217242
0.0215997
0.0215061
0.0213864
0.0212808
0.0211835
0.0210728
0.0209419
0.0208713
0.0206984
0.02062
0.0205137
0.0204015
0.0202521
0.0201061
0.0200037
0.0198937
0.0198046
0.0196449
0.0195463
0.0194089
0.0193407
0.019246
0.0190861
0.0190027
0.0188849
0.0188183
0.0187071
0.0186186
0.0184755
0.0184755
0.0183638
0.0182935
0.0182639
0.0182129
0.0181314
0.018096
0.0180642
0.0179744
0.0179074
0.0178382
0.01778
0.0177121
0.01767
0.0176068
0.0175381
0.0174839
0.0174513
0.0174052
0.017357
0.0173082
0.0172603
0.0172603
0.0172603
0.0172603
0.0172603
0.0172603
0.0172603
0.0172603
0.0172603
0.0172603
0.0172603
0.0172603
0.0172603
0.0172603
0.0172603
0.0172603
0.0172603
0.0172603
0.0172603
0.0172603
0.0172603
0.0172603
0.0172603
0.0172603
0.0172603
0.0172603
0.0172603
0.0172603
0.0172603
0.0172603
0.0172603
0.0172603
0.0172603
0.0172603
0.0172603
0.0172603
0.0172603
0.0172603
0.0172603
0.0172603
0.0172603
0.0172603
0.0172603
0.0172603
0.0172603
0.0172603
0.0172603
0.0172603
0.0172603
0.0172603
0.0172603
0.0172603
0.0172603
0.0172603
0.0172603
0.0172603
0.0172603
0.0172603
0.0172603
0.0172603
0.0172603
0.0172603
0.0172603
0.0172603
0.0172603
0.0172603
0.0172603
0.0172603
0.0172603
0.0172603
0.0172603
0.0172603
0.0172603
0.0172603
0.0172603
0.0172603
0.0172603
0.0172603
0.0172603
0.0172603
0.0172603
0.0172603
0.0172603
0.0172603
0.0172603
0.0172603
0.0172603
0.0172603
0.0172603
0.0172603
0.0172603
0.0172603
0.0172603
0.0172603
0.0172603
0.0172603
0.0172603
0.0172603
0.0172603
0.0172603
0.0172603
0.0172603
0.0172603
0.0172603
0.0172603
0.0172603
0.0172603
0.0172603
0.0172603
0.0172603
0.0172603
0.0172603
0.0172603
0.0172603
0.0172603
0.0172603
0.0172603
0.0172603
0.0172603
0.0172603
0.0172603
0.0172603
0.0172603
0.0172603
0.0172603
0.0172603
0.0172603
0.0172603
0.0172603
0.0172603
0.0172603
0.0172603
0.0172603
0.0172603
0.0172603
0.0172603
0.0172603
0.0172603
0.0172603
0.0172603
0.0172603
0.0172603
0.0172603
0.0172603
0.0172603
0.0172603
0.0172603
0.0172603
0.0172603
0.0172603
0.0172603
0.0172603
0.0172603
0.0172603
0.0172603
0.0172603
0.0172603
0.0172603
0.0172603
0.0172603
0.0172603
0.0172603
0.0172603
0.0172603
0.0172603
0.0172603
0.0172603
0.0172603
0.0172603
0.0172603
0.0172603
0.0172603
0.0172603
0.0172603
0.0172603
0.0172603
0.0172603
0.0172603
0.0172603
0.0172603
0.0172603
0.0172603
0.0172603
0.0172603
0.0172603
0.0172603
0.0172603
0.0172603
0.0172603
0.0172603
0.0172603
0.0172603
0.0172603
0.0172603
0.0172603
0.0172603
0.0172603
0.0172603
0.0172603
0.0172603
0.0172603
0.0172603
0.0172603
0.0172603
0.0172603
0.0172603
0.0172603
0.0172603
0.0172603
0.0172603
0.0172603
0.0172603
0.0172603
0.0172603
0.0172603
0.0172603
0.0172603
0.0172603
0.0172603
0.0172603
0.0172603
0.0172603
0.0172603
0.0172603
0.0172603
0.0172603
0.0172603
0.0172603
0.0172603
0.0172603
0.0172603
0.0172603
0.0172603
0.0172603
0.0172603
0.0172603
0.0172603
0.0172603
0.0172603
0.0172603
0.0172603
0.0172603
0.0172603
0.0172603
0.0172603
0.0172603
0.0172603
0.0172603
0.0172603
0.0172603
0.0172603
0.0172603
0.0172603
0.0172603
0.0172603
0.0172603
0.0172603
0.0172603
0.0172603
0.0172603
0.0172603
0.0172603
0.0172603
0.0172603
0.0172603
0.0172603
0.0172603
0.0172603
0.0172603
0.0172603
0.0172603
0.0172603
0.0172603
0.0172603
0.0172603
0.0172603
0.0172603
0.0172603
0.0172603
0.0172603
0.0172603
0.0172603
0.0172603
0.0172603
0.0172603
0.0172603
0.0172603
0.0172603
0.0172603
0.0172603
0.0172603
0.0172603
0.0172603
0.0172603
0.0172603
0.0172603
0.0172603
0.0172603
0.0172603
0.0172603
0.0172603
0.0172603
0.0172603
0.0172603
0.0172603
0.0172603
0.0172603
0.0172603
0.0172603
0.0172603
0.0172603
0.0172603
0.0172603
0.0172603
0.0172603
0.0172603
0.0172603
0.0172603
0.0172603
0.0172603
0.0172603
0.0172603
0.0172603
0.0172603
0.0172603
0.0172603
0.0172603
0.0172603
0.0172603
0.0172603
0.0172603
0.0172603
0.0172603
0.0172603
0.0172603
0.0172603
0.0172603
0.0172603
0.0172603
0.0172603
0.0172603
0.0172603
0.0172603
0.0172603
0.0172603
0.0172603
0.0172603
0.0172603
0.0172603
0.0172603
0.0172603
0.0172603
0.0172603
0.0172603
0.0172603
0.0172603
0.0172603
0.0172603
0.0172603
0.0172603
0.0172603
0.0172603
0.0172603
0.0172603
0.0172603
0.0172603
0.0172603
0.0172603
0.0172603
0.0172603
0.0172603
0.0172603
0.0172603
0.0172603
0.0172603
0.0172603
0.0172603
0.0172603
0.0172603
0.0172603
0.0172603
0.0172603
0.0172603
0.0172603
0.0172603
0.0172603
0.0172603
0.0172603
0.0172603
0.0172603
0.0172603
0.0172603
0.0172603
0.0172603
0.0172603
0.0172603
0.0172603
0.0172603
0.0172603
0.0172603
0.0172603
0.0172603
0.0172603
0.0172603
0.0172603
0.0172603
0.0172603
0.0172603
0.0172603
0.0172603
0.0172603
0.0172603
0.0172603
0.0172603
0.0172603
0.0172603
0.0172603
0.0172603
0.0172603
0.0172603
0.0172603
0.0172603
0.0172603
0.0172603
0.0172603
0.0172603
0.0172603
0.0172603
0.0172603
0.0172603
0.0172603
0.0172603
0.0172603
0.0172603
0.0172603
0.0172603
0.0172603
0.0172603
0.0172603
0.0172603
0.0172603
0.0172603
0.0172603
0.0172603
0.0172603
0.0172603
0.0172603
0.0172603
0.0172603
0.0172603
0.0172603
0.0172603
0.0172603
0.0172603
0.0172603
0.0172603
0.0172603
0.0172603
0.0172603
0.0172603
0.0172603
0.0172603
0.0172603
0.0172603
0.0172603
0.0172603
0.0172603
0.0172603
0.0172603
0.0172603
0.0172603
0.0172603
0.0172603
0.0172603
0.0172603
0.0172603
0.0172603
0.0172603
0.0172603
0.0172603
0.0172603
0.0172603
0.0172603
0.0172603
0.0172603
0.0172603
0.0172603
0.0172603
0.0172603
0.0172603
0.0172603
0.0172603
0.0172603
0.0172603
0.0172603
0.0172603
0.0172603
0.0172603
0.0172603
0.0172603
0.0172603
0.0172603
0.0172603
0.0172603
0.0172603
0.0172603
0.0172603
0.0172603
0.0172603
0.0172603
0.0172603
0.0172603
0.0172603
0.0172603
0.0172603
0.0172603
0.0172603
0.0172603
0.0172603
0.0172603
0.0172603
0.0172603
0.0172603
0.0172603
0.0172603
0.0172603
0.0172603
0.0172603
0.0172603
0.0172603
0.0172603
0.0172603
0.0172603
0.0172603
0.0172603
0.0172603
0.0172603
0.0172603
0.0172603
0.0172603
0.0172603
0.0172603
0.0172603
0.0172603
0.0172603
0.0172603
0.0172603
0.0172603
0.0172603
0.0172603
0.0172603
0.0172603
0.0172603
0.0172603
0.0172603
0.0172603
0.0172603
0.0172603
0.0172603
0.0172603
0.0172603
0.0172603
0.0172603
0.0172603
0.0172603
0.0172603
0.0172603
0.0172603
0.0172603
0.0172603
0.0172603
0.0172603
0.0172603
0.0172603
0.0172603
0.0172603
0.0172603
0.0172603
0.0172603
0.0172603
0.0172603
