95576.7
27886.3
20336.7
20336.7
7231.04
7231.04
4497.46
4497.46
4497.46
4497.46
1569.58
920.728
920.728
136.224
136.224
136.224
22.8119
22.8119
22.8119
22.8119
22.8119
22.8119
22.8119
22.8119
6.96804
6.96804
6.96804
6.96804
6.96804
6.96804
6.96804
6.96804
5.36114
5.36114
4.85455
4.85455
4.6755
4.6755
4.6755
4.46502
4.46502
4.12402
3.84454
3.84454
3.71148
3.47384
3.35619
3.31563
3.22142
3.06968
3.04914
3.00478
2.96172
2.91419
2.87002
2.83914
2.80354
2.76974
2.74332
2.70365
2.67267
2.65046
2.61889
2.58685
2.56574
2.53293
2.50675
2.47746
2.42629
2.40692
2.3747
2.35001
2.33662
2.30545
2.28412
2.25796
2.24059
2.22302
2.20686
2.19074
2.16994
2.15055
2.11556
2.09983
2.08253
2.06117
2.05099
2.033
2.00774
1.99115
1.97604
1.95536
1.93163
1.91959
1.89957
1.87227
1.85677
1.8461
1.81893
1.79734
1.77251
1.75412
1.72155
1.69875
1.67883
1.66644
1.64375
1.6184
1.59966
1.5769
1.54704
1.53513
1.52297
1.49479
1.4795
1.45927
1.44444
1.43313
1.42034
1.40955
1.39752
1.37347
1.3645
1.35333
1.33964
1.32554
1.31658
1.30236
1.28847
1.27899
1.26563
1.2551
1.24088
1.23372
1.22017
1.20516
1.18076
1.1725
1.1622
1.15077
1.12077
1.10711
1.0799
1.06762
1.05936
1.0455
1.03016
1.01989
0.99755
0.994295
0.981362
0.974554
0.962233
0.951128
0.945992
0.943517
0.929036
0.924518
0.914953
0.907628
0.897668
0.885793
0.867201
0.86585
0.853622
0.845139
0.831107
0.829222
0.818285
0.807797
0.792559
0.790349
0.7808
0.769265
0.758051
0.750709
0.743941
0.734359
0.725593
0.715514
0.710814
0.700855
0.693729
0.689226
0.684971
0.673654
0.668055
0.662432
0.654693
0.648792
0.642688
0.63555
0.63253
0.625012
0.622185
0.611363
0.609663
0.599774
0.597207
0.59248
0.587142
0.582527
0.578176
0.572987
0.570057
0.563942
0.560119
0.554312
0.545449
0.541696
0.536006
0.531454
0.527483
0.522119
0.516332
0.512244
0.508247
0.501697
0.497674
0.495464
0.492118
0.489991
0.487442
0.484151
0.48169
0.479351
0.476422
0.474364
0.472549
0.470427
0.468383
0.46308
0.460623
0.457547
0.453912
0.450616
0.445663
0.443576
0.441248
0.436598
0.434478
0.432433
0.430869
0.428233
0.426305
0.423891
0.420944
0.418369
0.415175
0.410638
0.405688
0.400831
0.397729
0.394962
0.392556
0.39007
0.389181
0.386822
0.384192
0.382686
0.38031
0.379009
0.375683
0.374488
0.371677
0.37019
0.367337
0.365936
0.363554
0.361442
0.359197
0.357239
0.355904
0.353198
0.350114
0.34899
0.34611
0.34507
0.342852
0.340938
0.338624
0.336421
0.333489
0.332089
0.328273
0.326462
0.324433
0.322935
0.317664
0.317624
0.315644
0.313419
0.312273
0.310773
0.30796
0.307234
0.303846
0.301339
0.299899
0.297214
0.295754
0.292259
0.29148
0.289707
0.288697
0.287196
0.285223
0.283606
0.282098
0.280653
0.279072
0.276949
0.275242
0.272241
0.27044
0.268623
0.267043
0.264633
0.262992
0.261657
0.259257
0.254265
0.253166
0.250603
0.247063
0.247063
0.244595
0.243528
0.241947
0.240393
0.238108
0.236843
0.235456
0.234492
0.232847
0.232005
0.231091
0.230046
0.229362
0.228361
0.22715
0.22599
0.22501
0.224108
0.222381
0.221978
0.220618
0.218899
0.218899
0.217713
0.216078
0.215118
0.214006
0.212761
0.211932
0.210722
0.20914
0.208099
0.206803
0.205923
0.204596
0.203707
0.202523
0.201556
0.20081
0.199253
0.197919
0.196969
0.196418
0.194922
0.19431
0.192866
0.191693
0.189958
0.189617
0.188792
0.188588
0.187263
0.186486
0.18608
0.185197
0.183637
0.182871
0.182529
0.180982
0.179574
0.178895
0.177872
0.17655
0.176103
0.175015
0.174013
0.172974
0.171871
0.171223
0.170067
0.169455
0.168796
0.16758
0.166946
0.165911
0.164805
0.16349
0.163332
0.16264
0.162211
0.161349
0.160907
0.160241
0.159564
0.158784
0.157664
0.157098
0.155374
0.15336
0.152621
0.151494
0.150647
0.149125
0.148651
0.146377
0.145063
0.143917
0.14344
0.141584
0.141172
0.139625
0.138952
0.137689
0.135972
0.135077
0.134131
0.133472
0.132411
0.13113
0.130011
0.128857
0.127871
0.127368
0.126474
0.125553
0.125062
0.123387
0.123299
0.12235
0.121891
0.120732
0.120533
0.119952
0.11933
0.118764
0.118054
0.117396
0.116349
0.115568
0.115152
0.114446
0.113956
0.113431
0.112817
0.112268
0.111633
0.111114
0.110318
0.109432
0.108288
0.107832
0.107261
0.106385
0.106099
0.105228
0.104789
0.104092
0.103657
0.103284
0.103008
0.10237
0.102073
0.10119
0.100749
0.100094
0.0997327
0.0990992
0.0988738
0.0982573
0.0978333
0.0972233
0.0966769
0.0964813
0.0961232
0.0959027
0.0956687
0.0955432
0.0952936
0.0951145
0.0950801
0.0947866
0.0945431
0.0942172
0.0939668
0.0937415
0.0934342
0.0929551
0.0929103
0.0925301
0.0922687
0.0920779
0.0919273
0.0915934
0.0913594
0.0912362
0.090937
0.0907686
0.0903741
0.0900196
0.0898991
0.0895505
0.0893085
0.088714
0.08853
0.0879073
0.0874259
0.0867754
0.0862963
0.0860098
0.0853211
0.0847922
0.0841847
0.0837376
0.0830521
0.0826604
0.0824379
0.0820585
0.0816866
0.0813534
0.0808538
0.0802485
0.0800914
0.0797051
0.0794596
0.0789628
0.0785607
0.0782959
0.0778857
0.0773779
0.0766686
0.0761429
0.0756692
0.0752414
0.074642
0.0743695
0.0741906
0.073733
0.0733607
0.0730017
0.0725602
0.0724156
0.0719376
0.0715813
0.071304
0.0709785
0.0708668
0.0705416
0.0703865
0.0701516
0.0698918
0.0695592
0.0694308
0.0691782
0.0687997
0.06853
0.068381
0.0680263
0.0678269
0.0673448
0.0672331
0.0665657
0.0662629
0.0660453
0.0655748
0.0650211
0.0647561
0.0644055
0.0639587
0.0638077
0.0634754
0.0633158
0.0630573
0.0626252
0.0624829
0.0621465
0.0616498
0.0613332
0.0611415
0.0607824
0.0605811
0.0602467
0.0599839
0.0598143
0.0595064
0.0592328
0.0589495
0.0584803
0.058203
0.057772
0.0573813
0.0566025
0.0566025
0.0564185
0.0560294
0.0555309
0.0552979
0.0548904
0.0545536
0.0541356
0.0538335
0.0535898
0.0533619
0.0530473
0.0528229
0.052656
0.0524366
0.0521508
0.0518883
0.05178
0.0516068
0.0512553
0.0511677
0.0509854
0.0507676
0.0505982
0.0504377
0.0502876
0.0500292
0.0498719
0.0494457
0.049334
0.0491244
0.0488535
0.0486781
0.0484025
0.0482507
0.0479177
0.0476671
0.0474052
0.0472986
0.0470679
0.0468387
0.0464785
0.0464648
0.0461914
0.0459326
0.045779
0.0454727
0.0453228
0.0448697
0.0447069
0.0445481
0.0442618
0.0437548
0.0437548
0.0436593
0.043474
0.0433309
0.0430829
0.0429405
0.0428187
0.0425728
0.0424059
0.0422852
0.0421521
0.0420559
0.0418738
0.0417588
0.0415019
0.0414474
0.041253
0.0410784
0.0409538
0.0407989
0.0406171
0.0404682
0.0402592
0.0401674
0.0399858
0.0397703
0.0395613
0.0393106
0.0391441
0.0388377
0.0385965
0.0383545
0.037962
0.0378885
0.037633
0.037506
0.0374343
0.0373473
0.0371752
0.0370735
0.0369489
0.0368504
0.0366734
0.0366052
0.0364153
0.0362431
0.036208
0.0361913
0.0360601
0.0359886
0.0358082
0.035653
0.0354024
0.0353135
0.0351305
0.0349649
0.0349028
0.0347113
0.0346183
0.0344884
0.0343789
0.034253
0.0340714
0.0339376
0.0338137
0.0337335
0.0336038
0.0334513
0.0331908
0.0327536
0.0327536
0.0325546
0.0323376
0.0322226
0.0320339
0.031688
0.031614
0.0314756
0.0313043
0.0310563
0.0309905
0.0307934
0.0305716
0.0305608
0.0303986
0.0302644
0.0301491
0.0300756
0.0299801
0.0299335
0.029856
0.0297501
0.0296474
0.02959
0.0294955
0.0294283
0.0292655
0.0292356
0.029128
0.0290111
0.02895
0.028794
0.0287048
0.0285058
0.0284302
0.0283153
0.0282455
0.0281238
0.0278881
0.0278771
0.0277594
0.0276403
0.0275756
0.0275096
0.0274293
0.0273133
0.027257
0.0271262
0.0269633
0.0268156
0.0267261
0.0265388
0.0263986
0.0263225
0.0261438
0.0259611
0.025804
0.0256972
0.0255749
0.0254869
0.0252085
0.0251174
0.0249266
0.024725
0.0245707
0.0245267
0.0243319
0.0242494
0.0241221
0.0240646
0.0239534
0.0238326
0.0237253
0.0236272
0.0234878
0.0234155
0.0232809
0.0232139
0.0231044
0.0230116
0.0228411
0.0228113
0.0227529
0.0226466
0.0225559
0.0224726
0.0223771
0.0221943
0.0221501
0.0220306
0.0219238
0.0218081
0.0217177
0.0216186
0.0215081
0.0213974
0.0213246
0.0212333
0.0211426
0.0210419
0.0209606
0.0208696
0.0207892
0.0207042
0.020608
0.0205401
0.0204245
0.0204245
0.0203337
0.0202235
0.0201314
0.0200713
0.0199099
0.0198465
0.0197797
0.01974
0.0196274
0.0195532
0.0194708
0.0193949
0.0193179
0.0192385
0.0191179
0.0190203
0.0189933
0.0188682
0.0187195
0.0186071
0.0185128
0.0184001
0.0183354
0.0181999
0.018101
0.0179678
0.0179443
0.0178365
0.0177608
0.0176989
0.0176472
0.0175828
0.0175148
0.0174277
0.0174248
0.0173903
0.0173444
0.0173021
0.0172417
0.0171999
0.017145
0.0170786
0.0170254
0.0169794
0.016901
0.016835
0.0167512
0.0166944
0.0166274
0.0165577
0.0165077
0.0163854
0.0163665
0.0163195
0.0162216
0.0161469
0.0160925
0.0159872
0.0159161
0.0158688
0.0157856
0.0157332
0.0156861
0.0156359
0.0155275
0.0155275
0.0154694
0.0154179
0.015322
0.0153078
0.0152424
0.0151936
0.0150952
0.0150838
0.0150124
0.0149849
0.0149088
0.014875
0.0148348
0.0147696
0.0147275
0.0146631
0.0146153
0.014566
0.0145104
0.0144572
0.0143945
0.0143388
0.0142952
0.0142551
0.0142059
0.0141575
0.0141004
0.0140625
0.0140297
0.0140061
0.0139903
0.0139511
0.0139141
0.0139031
0.0138538
0.01384
0.0137947
0.0137682
0.0137254
0.0136505
0.0136004
0.0135369
0.0135022
0.0134823
0.0134299
0.0134299
0.0134299
0.0134299
0.0134299
0.0134299
0.0134299
0.0134299
0.0134299
0.0134299
0.0134299
0.0134299
0.0134299
0.0134299
0.0134299
0.0134299
0.0134299
0.0134299
0.0134299
0.0134299
0.0134299
0.0134299
0.0134299
0.0134299
0.0134299
0.0134299
0.0134299
0.0134299
0.0134299
0.0134299
0.0134299
0.0134299
0.0134299
0.0134299
0.0134299
0.0134299
0.0134299
0.0134299
0.0134299
0.0134299
0.0134299
0.0134299
0.0134299
0.0134299
0.0134299
0.0134299
0.0134299
0.0134299
0.0134299
0.0134299
0.0134299
0.0134299
0.0134299
0.0134299
0.0134299
0.0134299
0.0134299
0.0134299
0.0134299
0.0134299
0.0134299
0.0134299
0.0134299
0.0134299
0.0134299
0.0134299
0.0134299
0.0134299
0.0134299
0.0134299
0.0134299
0.0134299
0.0134299
0.0134299
0.0134299
0.0134299
0.0134299
0.0134299
0.0134299
0.0134299
0.0134299
0.0134299
0.0134299
0.0134299
0.0134299
0.0134299
0.0134299
0.0134299
0.0134299
0.0134299
0.0134299
0.0134299
0.0134299
0.0134299
0.0134299
0.0134299
0.0134299
0.0134299
0.0134299
0.0134299
0.0134299
0.0134299
0.0134299
0.0134299
0.0134299
0.0134299
0.0134299
0.0134299
0.0134299
0.0134299
0.0134299
0.0134299
0.0134299
0.0134299
0.0134299
0.0134299
0.0134299
0.0134299
0.0134299
0.0134299
0.0134299
0.0134299
0.0134299
0.0134299
0.0134299
0.0134299
0.0134299
0.0134299
0.0134299
0.0134299
0.0134299
0.0134299
0.0134299
0.0134299
0.0134299
0.0134299
0.0134299
0.0134299
0.0134299
0.0134299
0.0134299
0.0134299
0.0134299
0.0134299
0.0134299
0.0134299
0.0134299
0.0134299
0.0134299
0.0134299
0.0134299
0.0134299
0.0134299
0.0134299
0.0134299
0.0134299
0.0134299
0.0134299
0.0134299
0.0134299
0.0134299
0.0134299
0.0134299
0.0134299
0.0134299
0.0134299
0.0134299
0.0134299
0.0134299
0.0134299
0.0134299
0.0134299
0.0134299
0.0134299
0.0134299
0.0134299
0.0134299
0.0134299
0.0134299
0.0134299
0.0134299
0.0134299
0.0134299
0.0134299
0.0134299
0.0134299
0.0134299
0.0134299
0.0134299
0.0134299
0.0134299
0.0134299
0.0134299
0.0134299
0.0134299
0.0134299
0.0134299
0.0134299
0.0134299
0.0134299
0.0134299
0.0134299
0.0134299
0.0134299
0.0134299
0.0134299
0.0134299
0.0134299
0.0134299
0.0134299
0.0134299
0.0134299
0.0134299
0.0134299
0.0134299
0.0134299
0.0134299
0.0134299
0.0134299
0.0134299
0.0134299
0.0134299
0.0134299
0.0134299
0.0134299
0.0134299
0.0134299
0.0134299
0.0134299
0.0134299
0.0134299
0.0134299
0.0134299
0.0134299
0.0134299
0.0134299
0.0134299
0.0134299
0.0134299
0.0134299
0.0134299
0.0134299
0.0134299
0.0134299
0.0134299
0.0134299
0.0134299
0.0134299
0.0134299
0.0134299
0.0134299
0.0134299
0.0134299
0.0134299
0.0134299
0.0134299
0.0134299
0.0134299
0.0134299
0.0134299
0.0134299
0.0134299
0.0134299
0.0134299
0.0134299
0.0134299
0.0134299
0.0134299
0.0134299
0.0134299
0.0134299
0.0134299
0.0134299
0.0134299
0.0134299
0.0134299
0.0134299
0.0134299
0.0134299
0.0134299
0.0134299
0.0134299
0.0134299
0.0134299
0.0134299
0.0134299
0.0134299
0.0134299
0.0134299
0.0134299
0.0134299
0.0134299
0.0134299
0.0134299
0.0134299
0.0134299
0.0134299
0.0134299
0.0134299
0.0134299
0.0134299
0.0134299
0.0134299
0.0134299
0.0134299
0.0134299
0.0134299
0.0134299
0.0134299
0.0134299
0.0134299
0.0134299
0.0134299
0.0134299
0.0134299
0.0134299
0.0134299
0.0134299
0.0134299
0.0134299
0.0134299
0.0134299
0.0134299
0.0134299
0.0134299
0.0134299
0.0134299
0.0134299
0.0134299
0.0134299
0.0134299
0.0134299
0.0134299
0.0134299
0.0134299
0.0134299
0.0134299
0.0134299
0.0134299
0.0134299
0.0134299
0.0134299
0.0134299
0.0134299
0.0134299
0.0134299
0.0134299
0.0134299
0.0134299
0.0134299
0.0134299
0.0134299
0.0134299
0.0134299
0.0134299
0.0134299
0.0134299
0.0134299
0.0134299
0.0134299
0.0134299
0.0134299
0.0134299
0.0134299
0.0134299
0.0134299
0.0134299
0.0134299
0.0134299
0.0134299
0.0134299
0.0134299
0.0134299
0.0134299
0.0134299
0.0134299
0.0134299
0.0134299
0.0134299
0.0134299
0.0134299
0.0134299
0.0134299
0.0134299
0.0134299
0.0134299
0.0134299
0.0134299
0.0134299
0.0134299
0.0134299
0.0134299
0.0134299
0.0134299
0.0134299
0.0134299
0.0134299
0.0134299
0.0134299
0.0134299
0.0134299
0.0134299
0.0134299
0.0134299
0.0134299
0.0134299
0.0134299
0.0134299
0.0134299
0.0134299
0.0134299
0.0134299
0.0134299
0.0134299
0.0134299
0.0134299
0.0134299
0.0134299
0.0134299
0.0134299
0.0134299
0.0134299
0.0134299
0.0134299
0.0134299
0.0134299
0.0134299
0.0134299
0.0134299
0.0134299
0.0134299
0.0134299
0.0134299
0.0134299
0.0134299
0.0134299
0.0134299
0.0134299
0.0134299
0.0134299
0.0134299
0.0134299
0.0134299
0.0134299
0.0134299
0.0134299
0.0134299
0.0134299
0.0134299
0.0134299
0.0134299
0.0134299
0.0134299
0.0134299
0.0134299
0.0134299
0.0134299
0.0134299
0.0134299
0.0134299
0.0134299
0.0134299
0.0134299
0.0134299
0.0134299
0.0134299
0.0134299
0.0134299
0.0134299
0.0134299
0.0134299
0.0134299
0.0134299
0.0134299
0.0134299
0.0134299
0.0134299
0.0134299
