45660.9
41888.7
37412.5
429.289
429.289
429.289
429.289
429.289
429.289
429.289
429.289
429.289
429.289
429.289
429.289
429.289
330.44
291.877
291.877
160.901
160.901
160.901
160.901
160.901
160.901
160.901
126.664
87.1761
87.1761
50.5411
50.5411
50.5411
49.0619
25.8762
18.0746
18.0746
18.0746
15.2437
14.5926
8.0853
5.92123
5.92123
5.16302
4.74899
3.26298
3.26298
3.26298
3.26298
3.26298
3.1315
2.91872
2.76132
2.74994
2.53937
2.49881
2.48802
2.47668
2.40073
2.34899
2.33674
2.31625
2.2784
2.25708
2.22273
2.19027
2.15887
2.13948
2.09693
2.05819
2.05105
1.97654
1.95991
1.92083
1.90341
1.85369
1.84483
1.82293
1.79097
1.76672
1.75691
1.73119
1.71546
1.68955
1.67088
1.65941
1.63032
1.62543
1.59927
1.58168
1.5679
1.54512
1.52993
1.51538
1.50235
1.48695
1.47461
1.46034
1.45203
1.44273
1.42977
1.4188
1.40647
1.39221
1.38125
1.37011
1.35464
1.33061
1.32419
1.29499
1.28729
1.26137
1.25434
1.24228
1.22964
1.21641
1.20411
1.19365
1.18583
1.17834
1.17209
1.1633
1.15991
1.1548
1.14697
1.14294
1.13357
1.12963
1.12065
1.11166
1.10265
1.10075
1.09006
1.08728
1.07793
1.07069
1.06048
1.05185
1.04201
1.03413
1.02393
1.01244
1.00493
0.997322
0.986341
0.980124
0.970232
0.962362
0.951745
0.951046
0.938585
0.92491
0.920891
0.913361
0.911835
0.904636
0.897417
0.885079
0.879626
0.868621
0.865756
0.850834
0.840006
0.834067
0.82678
0.819506
0.808644
0.802411
0.794188
0.78678
0.782314
0.776575
0.769285
0.761555
0.753794
0.748268
0.739313
0.729978
0.719949
0.709645
0.696662
0.682196
0.673513
0.662205
0.64809
0.640034
0.630237
0.621436
0.614194
0.608269
0.602261
0.595299
0.589796
0.586104
0.582166
0.569629
0.569629
0.564074
0.560374
0.555702
0.55055
0.547216
0.544391
0.538393
0.535285
0.528148
0.524339
0.521391
0.51536
0.512639
0.508206
0.505071
0.500994
0.493868
0.489612
0.486365
0.483049
0.478982
0.476192
0.473145
0.468825
0.466423
0.462789
0.460516
0.457883
0.454136
0.452311
0.449399
0.447045
0.443736
0.441553
0.438874
0.435602
0.432744
0.430541
0.427481
0.425533
0.422134
0.41862
0.414584
0.41244
0.407478
0.403478
0.400766
0.397593
0.392734
0.388211
0.387703
0.38388
0.382745
0.380142
0.37745
0.376007
0.373588
0.371301
0.368855
0.365725
0.363601
0.362606
0.360402
0.357358
0.355764
0.354661
0.353179
0.351308
0.349172
0.347651
0.34497
0.342942
0.341862
0.340055
0.33942
0.336758
0.333858
0.33239
0.329574
0.326904
0.325672
0.32347
0.320812
0.318867
0.317916
0.315859
0.31382
0.312283
0.310288
0.30829
0.305246
0.303381
0.301408
0.299748
0.297321
0.294758
0.292275
0.289376
0.287789
0.286312
0.28512
0.283442
0.280749
0.278976
0.277163
0.275838
0.274545
0.272388
0.271007
0.270394
0.268262
0.267108
0.266198
0.265884
0.263458
0.262004
0.260357
0.258587
0.258352
0.256347
0.25601
0.253256
0.252035
0.250784
0.248917
0.247352
0.245906
0.24439
0.242614
0.241444
0.240035
0.238469
0.237557
0.23546
0.234386
0.233467
0.232094
0.230072
0.227827
0.226117
0.223505
0.220064
0.216434
0.215124
0.212521
0.209596
0.208706
0.207056
0.205426
0.204847
0.203867
0.202961
0.201655
0.200732
0.199205
0.197291
0.195486
0.193969
0.191022
0.189252
0.189252
0.186774
0.185868
0.184775
0.183103
0.181681
0.181022
0.179553
0.177041
0.177041
0.176254
0.175272
0.174204
0.172671
0.171874
0.170923
0.17013
0.169825
0.168691
0.167812
0.167086
0.166442
0.165831
0.165181
0.164553
0.164349
0.16376
0.163535
0.1629
0.162263
0.161973
0.161727
0.161256
0.160786
0.160502
0.159929
0.157945
0.157897
0.156794
0.156288
0.155395
0.154516
0.153387
0.152602
0.152443
0.151814
0.151061
0.150369
0.149795
0.149164
0.148651
0.148191
0.147523
0.147287
0.146624
0.146239
0.145735
0.145075
0.144543
0.143893
0.143247
0.141994
0.141282
0.140559
0.140187
0.139446
0.138769
0.137564
0.136748
0.136421
0.134766
0.13473
0.134466
0.13392
0.13365
0.133004
0.132622
0.131803
0.131383
0.130815
0.129627
0.129477
0.128946
0.128417
0.127802
0.126927
0.126374
0.125559
0.125276
0.124816
0.124179
0.123639
0.123075
0.122558
0.122161
0.121757
0.121257
0.120821
0.120156
0.119543
0.119076
0.11878
0.117965
0.117476
0.116806
0.115797
0.115327
0.114867
0.114398
0.113615
0.113456
0.112615
0.112065
0.111421
0.110776
0.110147
0.109354
0.108585
0.108302
0.107584
0.107107
0.106295
0.105315
0.105043
0.104402
0.103783
0.102977
0.102494
0.102124
0.101303
0.100961
0.100681
0.100403
0.0998017
0.0993256
0.0988015
0.0982243
0.0978202
0.0972043
0.0966671
0.0961285
0.0957234
0.0953202
0.0947813
0.0945194
0.0941459
0.0936201
0.093126
0.0930072
0.0926842
0.0920687
0.0917614
0.0915456
0.0912686
0.0908242
0.0905639
0.0902215
0.0899578
0.0896818
0.0893353
0.0884843
0.0882394
0.0879645
0.087585
0.0873244
0.0870325
0.086652
0.0864742
0.0862712
0.0858744
0.0856497
0.0853252
0.0852198
0.0849343
0.0846919
0.0844151
0.0840139
0.0837852
0.0834136
0.083114
0.0826178
0.0821797
0.0818717
0.0814509
0.0811353
0.0806038
0.0803902
0.0799947
0.0795172
0.0793053
0.0789447
0.0784491
0.0782463
0.0778369
0.0773619
0.0771504
0.07683
0.0764643
0.0760747
0.0757006
0.0753849
0.0750639
0.0749148
0.0744837
0.0742579
0.0739685
0.0736995
0.0734664
0.0733388
0.0730534
0.0727978
0.0724666
0.0722366
0.0720149
0.0716582
0.0714422
0.0711044
0.0707228
0.0704453
0.070223
0.0696803
0.0692048
0.0691125
0.0684454
0.0683355
0.0677684
0.0670812
0.0669461
0.0665511
0.0663127
0.0660551
0.0657654
0.0655482
0.0653048
0.0650817
0.0648707
0.0646883
0.0644551
0.0642035
0.0640235
0.0637892
0.0636675
0.0635368
0.0633916
0.0632376
0.0631103
0.062906
0.0627617
0.06244
0.06244
0.0622805
0.0621026
0.0619298
0.0617622
0.0615701
0.0613459
0.0611056
0.0609671
0.0607423
0.0605099
0.0603603
0.0602552
0.0600209
0.0598419
0.0596953
0.0595735
0.0593115
0.0591453
0.0590307
0.0588767
0.0587087
0.058487
0.0582796
0.0580214
0.0577328
0.0575367
0.0574064
0.0572086
0.0569072
0.0568242
0.0565789
0.0564727
0.0561928
0.0559922
0.0558405
0.0556366
0.0552583
0.0552583
0.0551322
0.0547984
0.0545608
0.0545219
0.0543598
0.0541228
0.0541167
0.0538773
0.0537029
0.0535789
0.0531565
0.0530499
0.0529448
0.0528854
0.0524567
0.0522812
0.0520678
0.0518495
0.0516043
0.0512047
0.0512046
0.0509395
0.0506525
0.0503626
0.0501723
0.0499409
0.0497924
0.0496494
0.0494379
0.0492959
0.049135
0.0488484
0.0488484
0.0485794
0.048465
0.0482366
0.0480322
0.0478981
0.0477771
0.0476388
0.0474306
0.0472527
0.0471613
0.0468331
0.0467159
0.0466041
0.046413
0.046221
0.0460631
0.0458205
0.045646
0.04553
0.0453774
0.045129
0.04498
0.0449573
0.0447775
0.0446635
0.0444841
0.044361
0.0440931
0.0440139
0.0438816
0.0436497
0.0435169
0.043406
0.0432473
0.043098
0.0430318
0.042856
0.0426654
0.0425318
0.0423396
0.0422383
0.042056
0.0418787
0.0416938
0.0415568
0.0414152
0.041235
0.0410544
0.0409727
0.0407089
0.0405779
0.0403292
0.0401284
0.0397968
0.0395766
0.0394965
0.0392604
0.0390345
0.0388132
0.0386418
0.0384743
0.0381791
0.0379627
0.0378191
0.0376627
0.0374556
0.0373254
0.037107
0.0369145
0.0367695
0.0365894
0.0363629
0.0362474
0.0361177
0.0359724
0.0358956
0.0357482
0.0355782
0.0354979
0.0353642
0.0352689
0.0351354
0.0349833
0.0348631
0.0347428
0.0344289
0.0341021
0.0341021
0.0339059
0.0337394
0.0333985
0.0331524
0.0329539
0.0328875
0.0324047
0.0324047
0.0323722
0.0320548
0.0318809
0.0316359
0.0316107
0.0313279
0.0313032
0.0311412
0.0310472
0.0309352
0.0308534
0.030726
0.0306946
0.0304443
0.0302122
0.0301889
0.0300225
0.0298106
0.0296588
0.0295896
0.0294362
0.0292715
0.0291223
0.0290359
0.0288399
0.0287368
0.0285374
0.0283829
0.0282376
0.0280875
0.0279848
0.0278258
0.0276954
0.0275994
0.0274651
0.0272004
0.0271329
0.0269944
0.0268261
0.0266398
0.0265225
0.0264134
0.0263119
0.0262093
0.0260821
0.0259726
0.025909
0.0258582
0.0257711
0.0256929
0.0256237
0.0255494
0.0255035
0.0253694
0.0251912
0.0251419
0.0250717
0.0249143
0.0248643
0.0246724
0.0246197
0.024545
0.0244575
0.0244012
0.0243148
0.0242441
0.0241999
0.0241618
0.024064
0.0239917
0.023888
0.023784
0.0237349
0.0236608
0.0235767
0.0234648
0.0234272
0.023361
0.0232868
0.0231861
0.0231328
0.0230705
0.0230105
0.0229269
0.0228284
0.0227619
0.0226651
0.0225031
0.0224095
0.0223237
0.0221727
0.0221312
0.0220018
0.0218908
0.0217711
0.0216762
0.0215701
0.0214091
0.0213855
0.0212393
0.0211527
0.0209893
0.0209232
0.0208729
0.0208341
0.020753
0.0206567
0.0206166
0.0205854
0.0205086
0.0204498
0.0203958
0.0203332
0.0202632
0.0201506
0.0201135
0.020039
0.0200027
0.0199059
0.0198285
0.0197694
0.0196963
0.0195853
0.0195012
0.0194365
0.0193685
0.0193178
0.0192433
0.019181
0.019181
0.019181
0.019181
0.019181
0.019181
0.019181
0.019181
0.019181
0.019181
0.019181
0.019181
0.019181
0.019181
0.019181
0.019181
0.019181
0.019181
0.019181
0.019181
0.019181
0.019181
0.019181
0.019181
0.019181
0.019181
0.019181
0.019181
0.019181
0.019181
0.019181
0.019181
0.019181
0.019181
0.019181
0.019181
0.019181
0.019181
0.019181
0.019181
0.019181
0.019181
0.019181
0.019181
0.019181
0.019181
0.019181
0.019181
0.019181
0.019181
0.019181
0.019181
0.019181
0.019181
0.019181
0.019181
0.019181
0.019181
0.019181
0.019181
0.019181
0.019181
0.019181
0.019181
0.019181
0.019181
0.019181
0.019181
0.019181
0.019181
0.019181
0.019181
0.019181
0.019181
0.019181
0.019181
0.019181
0.019181
0.019181
0.019181
0.019181
0.019181
0.019181
0.019181
0.019181
0.019181
0.019181
0.019181
0.019181
0.019181
0.019181
0.019181
0.019181
0.019181
0.019181
0.019181
0.019181
0.019181
0.019181
0.019181
0.019181
0.019181
0.019181
0.019181
0.019181
0.019181
0.019181
0.019181
0.019181
0.019181
0.019181
0.019181
0.019181
0.019181
0.019181
0.019181
0.019181
0.019181
0.019181
0.019181
0.019181
0.019181
0.019181
0.019181
0.019181
0.019181
0.019181
0.019181
0.019181
0.019181
0.019181
0.019181
0.019181
0.019181
0.019181
0.019181
0.019181
0.019181
0.019181
0.019181
0.019181
0.019181
0.019181
0.019181
0.019181
0.019181
0.019181
0.019181
0.019181
0.019181
0.019181
0.019181
0.019181
0.019181
0.019181
0.019181
0.019181
0.019181
0.019181
0.019181
0.019181
0.019181
0.019181
0.019181
0.019181
0.019181
0.019181
0.019181
0.019181
0.019181
0.019181
0.019181
0.019181
0.019181
0.019181
0.019181
0.019181
0.019181
0.019181
0.019181
0.019181
0.019181
0.019181
0.019181
0.019181
0.019181
0.019181
0.019181
0.019181
0.019181
0.019181
0.019181
0.019181
0.019181
0.019181
0.019181
0.019181
0.019181
0.019181
0.019181
0.019181
0.019181
0.019181
0.019181
0.019181
0.019181
0.019181
0.019181
0.019181
0.019181
0.019181
0.019181
0.019181
0.019181
0.019181
0.019181
0.019181
0.019181
0.019181
0.019181
0.019181
0.019181
0.019181
0.019181
0.019181
0.019181
0.019181
0.019181
0.019181
0.019181
0.019181
0.019181
0.019181
0.019181
0.019181
0.019181
0.019181
0.019181
0.019181
0.019181
0.019181
0.019181
0.019181
0.019181
0.019181
0.019181
0.019181
0.019181
0.019181
0.019181
0.019181
0.019181
0.019181
0.019181
0.019181
0.019181
0.019181
0.019181
0.019181
0.019181
0.019181
0.019181
0.019181
0.019181
0.019181
0.019181
0.019181
0.019181
0.019181
0.019181
0.019181
0.019181
0.019181
0.019181
0.019181
0.019181
0.019181
0.019181
0.019181
0.019181
0.019181
0.019181
0.019181
0.019181
0.019181
0.019181
0.019181
0.019181
0.019181
0.019181
0.019181
0.019181
0.019181
0.019181
0.019181
0.019181
0.019181
0.019181
0.019181
0.019181
0.019181
0.019181
0.019181
0.019181
0.019181
0.019181
0.019181
0.019181
0.019181
0.019181
0.019181
0.019181
0.019181
0.019181
0.019181
0.019181
0.019181
0.019181
0.019181
0.019181
0.019181
0.019181
0.019181
0.019181
0.019181
0.019181
0.019181
0.019181
0.019181
0.019181
0.019181
0.019181
0.019181
0.019181
0.019181
0.019181
0.019181
0.019181
0.019181
0.019181
0.019181
0.019181
0.019181
0.019181
0.019181
0.019181
0.019181
0.019181
0.019181
0.019181
0.019181
0.019181
0.019181
0.019181
0.019181
0.019181
0.019181
0.019181
0.019181
0.019181
0.019181
0.019181
0.019181
0.019181
0.019181
0.019181
0.019181
0.019181
0.019181
0.019181
0.019181
0.019181
0.019181
0.019181
0.019181
0.019181
0.019181
0.019181
0.019181
0.019181
0.019181
0.019181
0.019181
0.019181
0.019181
0.019181
0.019181
0.019181
0.019181
0.019181
0.019181
0.019181
0.019181
0.019181
0.019181
0.019181
0.019181
0.019181
0.019181
0.019181
0.019181
0.019181
0.019181
0.019181
0.019181
0.019181
0.019181
0.019181
0.019181
0.019181
0.019181
0.019181
0.019181
0.019181
0.019181
0.019181
0.019181
0.019181
0.019181
0.019181
0.019181
0.019181
0.019181
0.019181
0.019181
0.019181
0.019181
0.019181
0.019181
0.019181
0.019181
0.019181
0.019181
0.019181
0.019181
0.019181
0.019181
0.019181
0.019181
0.019181
0.019181
0.019181
0.019181
0.019181
0.019181
0.019181
0.019181
0.019181
0.019181
0.019181
0.019181
0.019181
0.019181
0.019181
0.019181
0.019181
0.019181
0.019181
0.019181
0.019181
0.019181
0.019181
0.019181
0.019181
0.019181
0.019181
0.019181
0.019181
0.019181
0.019181
0.019181
0.019181
0.019181
0.019181
0.019181
0.019181
0.019181
0.019181
0.019181
0.019181
0.019181
0.019181
0.019181
0.019181
0.019181
0.019181
0.019181
0.019181
0.019181
0.019181
0.019181
0.019181
0.019181
0.019181
0.019181
0.019181
0.019181
0.019181
0.019181
0.019181
0.019181
0.019181
0.019181
0.019181
0.019181
0.019181
0.019181
0.019181
0.019181
