214941
102081
30571.2
8889.41
2333.47
2333.47
2333.47
2333.47
2333.47
2333.47
2202.74
1501.13
925.714
126.463
126.463
126.463
126.463
126.463
126.463
126.463
126.463
35.2879
35.2879
35.2879
35.2879
35.2879
35.2879
35.2879
35.2879
35.2879
35.2879
18.9878
18.9878
18.9878
18.9878
18.9878
18.9878
11.4321
2.49448
2.49448
2.49448
2.49448
2.49448
2.49448
2.49448
2.39254
2.39254
2.39254
1.65714
1.25682
1.25682
1.25682
1.25682
0.811886
0.811886
0.811886
0.811886
0.764348
0.712626
0.554889
0.554889
0.554889
0.554889
0.554889
0.554889
0.554889
0.554889
0.554889
0.554889
0.554889
0.554889
0.554889
0.554889
0.554889
0.547055
0.526298
0.515267
0.509253
0.499218
0.494042
0.486636
0.479842
0.476478
0.462578
0.457666
0.455172
0.43794
0.43794
0.430809
0.425898
0.423859
0.416941
0.413028
0.409734
0.405694
0.403875
0.397294
0.397294
0.39506
0.390059
0.388952
0.382892
0.382279
0.378672
0.375276
0.37205
0.367051
0.363106
0.359575
0.356287
0.354121
0.352258
0.352253
0.349867
0.345528
0.344262
0.339848
0.337076
0.335149
0.331106
0.328106
0.327062
0.324463
0.322198
0.32106
0.318767
0.317284
0.315439
0.314212
0.312758
0.311951
0.309347
0.307671
0.305718
0.304368
0.301877
0.300881
0.299085
0.296621
0.294682
0.294391
0.291619
0.28964
0.28704
0.286057
0.284047
0.282434
0.280595
0.278896
0.27643
0.275002
0.272605
0.270792
0.268208
0.26783
0.26451
0.262731
0.2611
0.258537
0.255938
0.253999
0.252434
0.250852
0.24828
0.24661
0.245492
0.243725
0.241902
0.238808
0.237574
0.233929
0.230089
0.228135
0.225973
0.225441
0.221512
0.218317
0.216803
0.214592
0.212045
0.210363
0.208405
0.207564
0.20531
0.204224
0.20256
0.200988
0.199882
0.198805
0.197141
0.195737
0.194842
0.194232
0.193065
0.191923
0.190483
0.190268
0.189656
0.189118
0.187729
0.187729
0.186848
0.186847
0.185988
0.185424
0.183576
0.183332
0.182735
0.182168
0.181207
0.18017
0.179345
0.177676
0.17744
0.176079
0.174999
0.173019
0.171976
0.170658
0.169552
0.16788
0.167142
0.166017
0.165387
0.164295
0.163362
0.162716
0.161681
0.16099
0.160367
0.159875
0.159255
0.158369
0.157576
0.157189
0.156025
0.155066
0.154594
0.153974
0.152395
0.152132
0.151379
0.150604
0.149413
0.148599
0.147723
0.146693
0.145578
0.144961
0.144409
0.143451
0.142657
0.141864
0.141288
0.140425
0.140076
0.139434
0.138895
0.13784
0.13693
0.136376
0.135012
0.134622
0.132835
0.130787
0.130462
0.129369
0.127665
0.126818
0.125646
0.124651
0.123715
0.123016
0.122362
0.121803
0.121276
0.120576
0.120174
0.119462
0.118805
0.118295
0.117785
0.117233
0.116441
0.115545
0.115545
0.114821
0.114466
0.113969
0.113621
0.113384
0.112765
0.112416
0.111892
0.111171
0.11054
0.110273
0.110177
0.109708
0.109181
0.108968
0.108753
0.108428
0.108139
0.107626
0.107315
0.107039
0.106343
0.105833
0.105228
0.104945
0.104379
0.103802
0.103059
0.101678
0.101678
0.101109
0.100194
0.0991059
0.0985049
0.0970045
0.0968278
0.0961431
0.0957014
0.0950246
0.0946448
0.0941392
0.0938759
0.0932916
0.0928838
0.0918966
0.091775
0.0908121
0.0906283
0.0901664
0.0898668
0.0893657
0.0888758
0.0879002
0.0875601
0.0872194
0.0864129
0.0859134
0.0854254
0.0850061
0.0843696
0.0838137
0.0834799
0.0830026
0.0824565
0.0823566
0.081929
0.0815281
0.0808967
0.0805201
0.0801445
0.0795219
0.0790753
0.078509
0.0783624
0.0780151
0.0777256
0.0774779
0.0772472
0.0770154
0.0767186
0.0764474
0.0760972
0.0758416
0.0755829
0.0753823
0.075184
0.0749845
0.0747249
0.0745511
0.0743869
0.074296
0.0741178
0.0739712
0.0736985
0.0734785
0.0733599
0.0731289
0.0729569
0.0728603
0.0726168
0.0724373
0.0722221
0.0721107
0.0719185
0.0716177
0.0711323
0.0708964
0.070654
0.0702794
0.0700808
0.0694645
0.0693193
0.0689952
0.068783
0.0685449
0.0682649
0.0682374
0.0680857
0.0679319
0.067881
0.0677216
0.0675583
0.0674421
0.0673592
0.0672195
0.0670733
0.066824
0.0666363
0.0664188
0.0663466
0.0661095
0.0660285
0.0656981
0.0654883
0.0652568
0.064924
0.0645245
0.0642683
0.0637212
0.0632134
0.0627826
0.0625817
0.0620865
0.0615868
0.0612219
0.0608834
0.0603445
0.0600925
0.059172
0.0589388
0.0584476
0.0581639
0.0579419
0.0575898
0.0570869
0.0569623
0.0564874
0.0560241
0.0559608
0.0555393
0.0553945
0.055042
0.0544503
0.0540932
0.0535381
0.0533357
0.0528655
0.0526811
0.0524082
0.052088
0.0517438
0.0512695
0.0511101
0.0507722
0.0503167
0.0500339
0.0496838
0.0494401
0.0493278
0.0490867
0.0489552
0.0486828
0.0485521
0.048422
0.0481155
0.0480373
0.047814
0.0477451
0.0475926
0.0474649
0.0472402
0.0470019
0.0468051
0.0465157
0.046412
0.046174
0.0459718
0.0457826
0.0454989
0.0451769
0.0450675
0.0445679
0.0444906
0.0443078
0.0440569
0.0438043
0.0436235
0.0432047
0.0428038
0.0427104
0.0422135
0.0419542
0.0417775
0.0414742
0.0413451
0.0410134
0.0409164
0.0406051
0.0402923
0.0400086
0.0399394
0.0396883
0.0395128
0.0393203
0.0391354
0.0389532
0.0388193
0.0386026
0.0384593
0.0383059
0.0380422
0.0379593
0.0377612
0.037562
0.0374554
0.0371306
0.0370065
0.0367333
0.0366038
0.0362849
0.0361606
0.0359642
0.0357721
0.0355435
0.0354469
0.0353089
0.0351455
0.03504
0.034876
0.0347031
0.0345763
0.0344182
0.0343225
0.0342464
0.0339679
0.0338715
0.0337455
0.0334064
0.0332754
0.0331928
0.0328927
0.0327356
0.032503
0.0323292
0.0320977
0.0319718
0.0318523
0.0315812
0.0314886
0.0313591
0.0311975
0.031122
0.0308791
0.0307647
0.0305829
0.0304321
0.0302291
0.0301304
0.0299641
0.0297684
0.0296852
0.0294935
0.0293168
0.0291069
0.0290263
0.0289055
0.0285981
0.028548
0.0284025
0.0283226
0.0281935
0.0279525
0.0278634
0.0276697
0.0275653
0.0273744
0.0273433
0.0272145
0.0270642
0.0269114
0.0268458
0.0266999
0.0265357
0.026362
0.0262569
0.0261515
0.0260624
0.0259574
0.0258623
0.0257415
0.025635
0.0254878
0.0253923
0.0252575
0.0252071
0.0250804
0.0250005
0.0249295
0.0248033
0.0246821
0.0246162
0.024517
0.0243908
0.0243346
0.0242283
0.0241059
0.023886
0.0237859
0.0236638
0.0235639
0.0235155
0.0234345
0.0232912
0.0232342
0.0231665
0.0230618
0.0229902
0.0229313
0.0228885
0.0228296
0.0227654
0.0227654
0.0227654
0.0227654
0.0227654
0.0227654
0.0227654
0.0227654
0.0227654
0.0227654
0.0227654
0.0227654
0.0227654
0.0227654
0.0227654
0.0227654
0.0227654
0.0227654
0.0227654
0.0227654
0.0227654
0.0227654
0.0227654
0.0227654
0.0227654
0.0227654
0.0227654
0.0227654
0.0227654
0.0227654
0.0227654
0.0227654
0.0227654
0.0227654
0.0227654
0.0227654
0.0227654
0.0227654
0.0227654
0.0227654
0.0227654
0.0227654
0.0227654
0.0227654
0.0227654
0.0227654
0.0227654
0.0227654
0.0227654
0.0227654
0.0227654
0.0227654
0.0227654
0.0227654
0.0227654
0.0227654
0.0227654
0.0227654
0.0227654
0.0227654
0.0227654
0.0227654
0.0227654
0.0227654
0.0227654
0.0227654
0.0227654
0.0227654
0.0227654
0.0227654
0.0227654
0.0227654
0.0227654
0.0227654
0.0227654
0.0227654
0.0227654
0.0227654
0.0227654
0.0227654
0.0227654
0.0227654
0.0227654
0.0227654
0.0227654
0.0227654
0.0227654
0.0227654
0.0227654
0.0227654
0.0227654
0.0227654
0.0227654
0.0227654
0.0227654
0.0227654
0.0227654
0.0227654
0.0227654
0.0227654
0.0227654
0.0227654
0.0227654
0.0227654
0.0227654
0.0227654
0.0227654
0.0227654
0.0227654
0.0227654
0.0227654
0.0227654
0.0227654
0.0227654
0.0227654
0.0227654
0.0227654
0.0227654
0.0227654
0.0227654
0.0227654
0.0227654
0.0227654
0.0227654
0.0227654
0.0227654
0.0227654
0.0227654
0.0227654
0.0227654
0.0227654
0.0227654
0.0227654
0.0227654
0.0227654
0.0227654
0.0227654
0.0227654
0.0227654
0.0227654
0.0227654
0.0227654
0.0227654
0.0227654
0.0227654
0.0227654
0.0227654
0.0227654
0.0227654
0.0227654
0.0227654
0.0227654
0.0227654
0.0227654
0.0227654
0.0227654
0.0227654
0.0227654
0.0227654
0.0227654
0.0227654
0.0227654
0.0227654
0.0227654
0.0227654
0.0227654
0.0227654
0.0227654
0.0227654
0.0227654
0.0227654
0.0227654
0.0227654
0.0227654
0.0227654
0.0227654
0.0227654
0.0227654
0.0227654
0.0227654
0.0227654
0.0227654
0.0227654
0.0227654
0.0227654
0.0227654
0.0227654
0.0227654
0.0227654
0.0227654
0.0227654
0.0227654
0.0227654
0.0227654
0.0227654
0.0227654
0.0227654
0.0227654
0.0227654
0.0227654
0.0227654
0.0227654
0.0227654
0.0227654
0.0227654
0.0227654
0.0227654
0.0227654
0.0227654
0.0227654
0.0227654
0.0227654
0.0227654
0.0227654
0.0227654
0.0227654
0.0227654
0.0227654
0.0227654
0.0227654
0.0227654
0.0227654
0.0227654
0.0227654
0.0227654
0.0227654
0.0227654
0.0227654
0.0227654
0.0227654
0.0227654
0.0227654
0.0227654
0.0227654
0.0227654
0.0227654
0.0227654
0.0227654
0.0227654
0.0227654
0.0227654
0.0227654
0.0227654
0.0227654
0.0227654
0.0227654
0.0227654
0.0227654
0.0227654
0.0227654
0.0227654
0.0227654
0.0227654
0.0227654
0.0227654
0.0227654
0.0227654
0.0227654
0.0227654
0.0227654
0.0227654
0.0227654
0.0227654
0.0227654
0.0227654
0.0227654
0.0227654
0.0227654
0.0227654
0.0227654
0.0227654
0.0227654
0.0227654
0.0227654
0.0227654
0.0227654
0.0227654
0.0227654
0.0227654
0.0227654
0.0227654
0.0227654
0.0227654
0.0227654
0.0227654
0.0227654
0.0227654
0.0227654
0.0227654
0.0227654
0.0227654
0.0227654
0.0227654
0.0227654
0.0227654
0.0227654
0.0227654
0.0227654
0.0227654
0.0227654
0.0227654
0.0227654
0.0227654
0.0227654
0.0227654
0.0227654
0.0227654
0.0227654
0.0227654
0.0227654
0.0227654
0.0227654
0.0227654
0.0227654
0.0227654
0.0227654
0.0227654
0.0227654
0.0227654
0.0227654
0.0227654
0.0227654
0.0227654
0.0227654
0.0227654
0.0227654
0.0227654
0.0227654
0.0227654
0.0227654
0.0227654
0.0227654
0.0227654
0.0227654
0.0227654
0.0227654
0.0227654
0.0227654
0.0227654
0.0227654
0.0227654
0.0227654
0.0227654
0.0227654
0.0227654
0.0227654
0.0227654
0.0227654
0.0227654
0.0227654
0.0227654
0.0227654
0.0227654
0.0227654
0.0227654
0.0227654
0.0227654
0.0227654
0.0227654
0.0227654
0.0227654
0.0227654
0.0227654
0.0227654
0.0227654
0.0227654
0.0227654
0.0227654
0.0227654
0.0227654
0.0227654
0.0227654
0.0227654
0.0227654
0.0227654
0.0227654
0.0227654
0.0227654
0.0227654
0.0227654
0.0227654
0.0227654
0.0227654
0.0227654
0.0227654
0.0227654
0.0227654
0.0227654
0.0227654
0.0227654
0.0227654
0.0227654
0.0227654
0.0227654
0.0227654
0.0227654
0.0227654
0.0227654
0.0227654
0.0227654
0.0227654
0.0227654
0.0227654
0.0227654
0.0227654
0.0227654
0.0227654
0.0227654
0.0227654
0.0227654
0.0227654
0.0227654
0.0227654
0.0227654
0.0227654
0.0227654
0.0227654
0.0227654
0.0227654
0.0227654
0.0227654
0.0227654
0.0227654
0.0227654
0.0227654
0.0227654
0.0227654
0.0227654
0.0227654
0.0227654
0.0227654
0.0227654
0.0227654
0.0227654
0.0227654
0.0227654
0.0227654
0.0227654
0.0227654
0.0227654
0.0227654
0.0227654
0.0227654
0.0227654
0.0227654
0.0227654
0.0227654
0.0227654
0.0227654
0.0227654
0.0227654
0.0227654
0.0227654
0.0227654
0.0227654
0.0227654
0.0227654
0.0227654
0.0227654
0.0227654
0.0227654
0.0227654
0.0227654
0.0227654
0.0227654
0.0227654
0.0227654
0.0227654
0.0227654
0.0227654
0.0227654
0.0227654
0.0227654
0.0227654
0.0227654
0.0227654
0.0227654
0.0227654
0.0227654
0.0227654
0.0227654
0.0227654
0.0227654
0.0227654
0.0227654
0.0227654
0.0227654
0.0227654
0.0227654
0.0227654
0.0227654
0.0227654
0.0227654
0.0227654
0.0227654
0.0227654
0.0227654
0.0227654
0.0227654
0.0227654
0.0227654
0.0227654
0.0227654
0.0227654
0.0227654
0.0227654
0.0227654
0.0227654
0.0227654
0.0227654
0.0227654
0.0227654
0.0227654
0.0227654
0.0227654
0.0227654
0.0227654
0.0227654
0.0227654
0.0227654
0.0227654
0.0227654
0.0227654
0.0227654
0.0227654
0.0227654
0.0227654
0.0227654
0.0227654
0.0227654
0.0227654
0.0227654
0.0227654
0.0227654
0.0227654
0.0227654
0.0227654
0.0227654
0.0227654
0.0227654
0.0227654
0.0227654
0.0227654
0.0227654
0.0227654
0.0227654
0.0227654
0.0227654
0.0227654
0.0227654
0.0227654
0.0227654
0.0227654
0.0227654
0.0227654
0.0227654
0.0227654
0.0227654
0.0227654
0.0227654
0.0227654
0.0227654
0.0227654
0.0227654
0.0227654
0.0227654
0.0227654
0.0227654
0.0227654
0.0227654
0.0227654
0.0227654
0.0227654
0.0227654
0.0227654
0.0227654
0.0227654
0.0227654
0.0227654
0.0227654
0.0227654
0.0227654
0.0227654
0.0227654
0.0227654
0.0227654
0.0227654
0.0227654
0.0227654
0.0227654
0.0227654
0.0227654
0.0227654
0.0227654
0.0227654
0.0227654
0.0227654
0.0227654
0.0227654
0.0227654
0.0227654
0.0227654
0.0227654
0.0227654
0.0227654
0.0227654
0.0227654
0.0227654
0.0227654
0.0227654
0.0227654
0.0227654
0.0227654
0.0227654
0.0227654
0.0227654
0.0227654
0.0227654
0.0227654
0.0227654
0.0227654
0.0227654
0.0227654
0.0227654
0.0227654
0.0227654
0.0227654
0.0227654
0.0227654
0.0227654
0.0227654
0.0227654
0.0227654
0.0227654
0.0227654
0.0227654
0.0227654
0.0227654
0.0227654
0.0227654
0.0227654
0.0227654
0.0227654
0.0227654
0.0227654
0.0227654
0.0227654
0.0227654
0.0227654
0.0227654
0.0227654
0.0227654
0.0227654
0.0227654
0.0227654
0.0227654
0.0227654
0.0227654
0.0227654
0.0227654
0.0227654
0.0227654
0.0227654
0.0227654
0.0227654
0.0227654
0.0227654
0.0227654
0.0227654
0.0227654
0.0227654
0.0227654
0.0227654
0.0227654
0.0227654
0.0227654
0.0227654
0.0227654
0.0227654
0.0227654
0.0227654
0.0227654
0.0227654
0.0227654
0.0227654
0.0227654
0.0227654
0.0227654
0.0227654
0.0227654
0.0227654
0.022687
0.0226318
