447732
157508
28211
17769.5
9428.65
3745.91
3745.91
3745.91
3745.91
3745.91
2367.81
1722.51
896.796
896.796
896.796
896.796
896.796
896.796
896.796
896.796
330.762
89.3162
57.6118
15.1283
15.1283
13.2282
13.2282
13.2282
12.0692
11.3119
11.3119
11.3119
11.3119
11.3119
11.3119
6.02177
5.66008
5.40712
4.51197
4.51197
4.51197
3.48676
3.48676
3.48676
3.37499
3.12046
3.12046
3.08948
2.79557
2.73415
2.61204
2.61204
2.59536
2.53595
2.31444
2.31444
2.31215
2.31215
2.31215
2.31215
2.23585
2.01117
2.01117
2.01117
2.01117
1.96627
1.96627
1.88961
1.88145
1.84676
1.78967
1.76837
1.71275
1.70629
1.6883
1.63645
1.60599
1.5994
1.57744
1.55682
1.51545
1.47534
1.45973
1.42342
1.39743
1.37871
1.35635
1.32956
1.31302
1.2848
1.2608
1.24535
1.22662
1.2173
1.18911
1.16986
1.16406
1.14948
1.13688
1.1215
1.10981
1.09724
1.08074
1.06994
1.05546
1.04803
1.03575
1.02154
1.00981
0.998668
0.989707
0.983704
0.970613
0.957251
0.947865
0.935808
0.92034
0.913443
0.90497
0.896243
0.88867
0.883177
0.878478
0.868949
0.862085
0.860976
0.854724
0.850815
0.845649
0.840274
0.836756
0.834092
0.828619
0.826225
0.822257
0.818104
0.813261
0.80919
0.80237
0.798308
0.794203
0.786932
0.783305
0.77805
0.771485
0.767568
0.761848
0.756837
0.749518
0.745499
0.7403
0.736235
0.731965
0.725649
0.722139
0.713759
0.711511
0.705745
0.699375
0.69291
0.688931
0.684287
0.679198
0.672388
0.668137
0.662798
0.655622
0.65304
0.649053
0.644511
0.640413
0.636035
0.627528
0.624242
0.620277
0.61424
0.610977
0.606097
0.60159
0.596453
0.592867
0.589841
0.585636
0.582285
0.57835
0.574691
0.571247
0.568838
0.564135
0.55805
0.556639
0.554123
0.551582
0.547349
0.544247
0.540537
0.539026
0.535024
0.532342
0.530133
0.528583
0.526524
0.524346
0.522024
0.520325
0.519056
0.517169
0.515076
0.513172
0.511723
0.510244
0.508842
0.506749
0.505262
0.502953
0.50074
0.499133
0.497226
0.494179
0.49111
0.486289
0.483657
0.48148
0.48004
0.476461
0.476205
0.475188
0.473741
0.47298
0.471924
0.471282
0.470413
0.469032
0.468613
0.467247
0.466031
0.463629
0.46275
0.462027
0.459879
0.45908
0.45737
0.454655
0.451401
0.449772
0.448716
0.447416
0.445194
0.443704
0.439813
0.43818
0.434573
0.430691
0.429656
0.4269
0.425662
0.422995
0.420428
0.41874
0.416958
0.413533
0.410593
0.407758
0.407109
0.404957
0.403028
0.400785
0.398384
0.396413
0.394142
0.39166
0.389636
0.387814
0.385442
0.383155
0.380489
0.376773
0.373979
0.371067
0.366415
0.361644
0.360699
0.354832
0.352196
0.35044
0.346096
0.342986
0.338999
0.334479
0.331329
0.324528
0.322175
0.317291
0.314614
0.312725
0.308379
0.305479
0.303765
0.300517
0.297131
0.29422
0.292447
0.286465
0.284195
0.282094
0.279617
0.276806
0.275314
0.273057
0.270712
0.268952
0.266431
0.264925
0.263882
0.261702
0.259507
0.257941
0.256367
0.255115
0.252625
0.251377
0.250008
0.248887
0.247136
0.24614
0.245079
0.243446
0.24199
0.24048
0.239257
0.237547
0.235783
0.234699
0.233529
0.23141
0.230391
0.229111
0.227448
0.226396
0.225232
0.222802
0.221281
0.220479
0.217288
0.215118
0.21277
0.211791
0.208989
0.206371
0.204647
0.202926
0.200057
0.198056
0.196391
0.194698
0.192565
0.191229
0.189118
0.188816
0.187523
0.185669
0.184556
0.18242
0.181546
0.180018
0.179152
0.177844
0.176618
0.176035
0.175141
0.174198
0.173029
0.172054
0.171444
0.170851
0.169885
0.169328
0.168794
0.168015
0.166934
0.166017
0.16471
0.16377
0.162507
0.160182
0.160182
0.158931
0.158124
0.157492
0.156535
0.155803
0.155014
0.154378
0.153776
0.153098
0.15221
0.151653
0.150595
0.150262
0.149335
0.149034
0.148254
0.147727
0.147404
0.146852
0.145467
0.144768
0.144115
0.143125
0.142986
0.142574
0.142031
0.141648
0.14117
0.14062
0.140119
0.13969
0.139439
0.13884
0.138442
0.137999
0.137513
0.137128
0.13677
0.136308
0.135897
0.135636
0.134692
0.134572
0.13347
0.133366
0.132593
0.131651
0.130928
0.129537
0.129424
0.128178
0.127778
0.126616
0.125903
0.125336
0.124501
0.124196
0.123523
0.123007
0.122182
0.121626
0.120636
0.119892
0.119433
0.118703
0.117792
0.117174
0.116391
0.115879
0.115255
0.114785
0.114384
0.113904
0.113488
0.112908
0.112608
0.112431
0.112023
0.111684
0.11145
0.111092
0.110759
0.110524
0.110068
0.109729
0.10958
0.109355
0.108797
0.108548
0.108265
0.107857
0.107364
0.107128
0.106562
0.105611
0.105341
0.104573
0.104225
0.103477
0.103065
0.102618
0.101517
0.101517
0.100709
0.100005
0.0999094
0.0988377
0.0984485
0.0973476
0.0971292
0.0958241
0.0952822
0.0951168
0.0943001
0.0929737
0.0929233
0.0923892
0.0920058
0.0916625
0.0911678
0.0906483
0.0902594
0.0896108
0.0894061
0.0884655
0.0876778
0.0871603
0.0865094
0.0860679
0.0848216
0.0847879
0.0845128
0.0837811
0.0833731
0.0828339
0.0822893
0.08198
0.0815948
0.081213
0.0807958
0.0802605
0.0796058
0.079355
0.0787034
0.0783386
0.0778833
0.0775294
0.0771239
0.0768891
0.0765471
0.0762142
0.075705
0.0755808
0.0748998
0.0747158
0.0740625
0.0736109
0.0730603
0.0725145
0.0720536
0.0717105
0.0713563
0.0709693
0.0706459
0.0701154
0.0698732
0.0692489
0.0687116
0.0683839
0.0681895
0.0675764
0.0672523
0.0668718
0.0665296
0.0656638
0.0654573
0.0650104
0.0647066
0.0641308
0.0638195
0.0632648
0.0628208
0.0623848
0.0617329
0.06142
0.0610386
0.0605929
0.0600624
0.0594864
0.0586787
0.058311
0.0577735
0.0570661
0.0570391
0.05604
0.0557103
0.0550453
0.054585
0.0539284
0.0534694
0.0532259
0.0525364
0.0523745
0.0518552
0.0516567
0.0514416
0.0511884
0.0510069
0.0506869
0.0505355
0.0502641
0.0500854
0.0493439
0.0493439
0.0493255
0.0490213
0.0488532
0.0487255
0.0485614
0.0483441
0.0481837
0.0480462
0.0478164
0.0476864
0.0475499
0.0474541
0.0471698
0.0470351
0.0467139
0.0466292
0.0464117
0.0462429
0.0459841
0.0456761
0.0454703
0.0450558
0.0448783
0.0445346
0.0442969
0.0438445
0.0437152
0.0433572
0.0431608
0.0428955
0.042701
0.0424872
0.0422184
0.041949
0.0417143
0.0413759
0.0412068
0.0409784
0.0407623
0.0405103
0.0402502
0.0400287
0.0397086
0.0395104
0.0392691
0.0389486
0.0385505
0.0382059
0.0379104
0.0376878
0.0374281
0.0371083
0.0369104
0.03676
0.0364401
0.0362996
0.0359781
0.03578
0.0355569
0.0354078
0.0351384
0.0350278
0.034797
0.034748
0.0345694
0.0344615
0.0343651
0.0341356
0.0341356
0.0340201
0.033848
0.0337359
0.0335132
0.0334857
0.0333054
0.0332463
0.0331712
0.0330291
0.0329469
0.0328227
0.0327618
0.0326927
0.0325337
0.0324175
0.0323172
0.0321284
0.0320482
0.0318759
0.0317127
0.0313381
0.0313116
0.031162
0.0310053
0.0307753
0.0306888
0.0305873
0.0304789
0.0303413
0.030257
0.0301707
0.0300692
0.029991
0.0299055
0.029824
0.0297357
0.0296884
0.0296315
0.0295378
0.0294776
0.0294035
0.0293401
0.0292289
0.0291771
0.0290727
0.028986
0.028892
0.0288273
0.0287405
0.0285845
0.0285416
0.0284192
0.0283158
0.0282291
0.0280285
0.0279567
0.0278149
0.0277166
0.0275938
0.0275107
0.0273761
0.0273132
0.0271377
0.0271132
0.027018
0.0268925
0.0267832
0.0267602
0.0267025
0.0266361
0.0265839
0.0265397
0.0264711
0.0264101
0.0263408
0.0262852
0.0262852
0.0262852
0.0262852
0.0262852
0.0262852
0.0262852
0.0262852
0.0262852
0.0262852
0.0262852
0.0262852
0.0262852
0.0262852
0.0262852
0.0262852
0.0262852
0.0262852
0.0262852
0.0262852
0.0262852
0.0262852
0.0262852
0.0262852
0.0262852
0.0262852
0.0262852
0.0262852
0.0262852
0.0262852
0.0262852
0.0262852
0.0262852
0.0262852
0.0262852
0.0262852
0.0262852
0.0262852
0.0262852
0.0262852
0.0262852
0.0262852
0.0262852
0.0262852
0.0262852
0.0262852
0.0262852
0.0262852
0.0262852
0.0262852
0.0262852
0.0262852
0.0262852
0.0262852
0.0262852
0.0262852
0.0262852
0.0262852
0.0262852
0.0262852
0.0262852
0.0262852
0.0262852
0.0262852
0.0262852
0.0262852
0.0262852
0.0262852
0.0262852
0.0262852
0.0262852
0.0262852
0.0262852
0.0262852
0.0262852
0.0262852
0.0262852
0.0262852
0.0262852
0.0262852
0.0262852
0.0262852
0.0262852
0.0262852
0.0262852
0.0262852
0.0262852
0.0262852
0.0262852
0.0262852
0.0262852
0.0262852
0.0262852
0.0262852
0.0262852
0.0262852
0.0262852
0.0262852
0.0262852
0.0262852
0.0262852
0.0262852
0.0262852
0.0262852
0.0262852
0.0262852
0.0262852
0.0262852
0.0262852
0.0262852
0.0262852
0.0262852
0.0262852
0.0262852
0.0262852
0.0262852
0.0262852
0.0262852
0.0262852
0.0262852
0.0262852
0.0262852
0.0262852
0.0262852
0.0262852
0.0262852
0.0262852
0.0262852
0.0262852
0.0262852
0.0262852
0.0262852
0.0262852
0.0262852
0.0262852
0.0262852
0.0262852
0.0262852
0.0262852
0.0262852
0.0262852
0.0262852
0.0262852
0.0262852
0.0262852
0.0262852
0.0262852
0.0262852
0.0262852
0.0262852
0.0262852
0.0262852
0.0262852
0.0262852
0.0262852
0.0262852
0.0262852
0.0262852
0.0262852
0.0262852
0.0262852
0.0262852
0.0262852
0.0262852
0.0262852
0.0262852
0.0262852
0.0262852
0.0262852
0.0262852
0.0262852
0.0262852
0.0262852
0.0262852
0.0262852
0.0262852
0.0262852
0.0262852
0.0262852
0.0262852
0.0262852
0.0262852
0.0262852
0.0262852
0.0262852
0.0262852
0.0262852
0.0262852
0.0262852
0.0262852
0.0262852
0.0262852
0.0262852
0.0262852
0.0262852
0.0262852
0.0262852
0.0262852
0.0262852
0.0262852
0.0262852
0.0262852
0.0262852
0.0262852
0.0262852
0.0262852
0.0262852
0.0262852
0.0262852
0.0262852
0.0262852
0.0262852
0.0262852
0.0262852
0.0262852
0.0262852
0.0262852
0.0262852
0.0262852
0.0262852
0.0262852
0.0262852
0.0262852
0.0262852
0.0262852
0.0262852
0.0262852
0.0262852
0.0262852
0.0262852
0.0262852
0.0262852
0.0262852
0.0262852
0.0262852
0.0262852
0.0262852
0.0262852
0.0262852
0.0262852
0.0262852
0.0262852
0.0262852
0.0262852
0.0262852
0.0262852
0.0262852
0.0262852
0.0262852
0.0262852
0.0262852
0.0262852
0.0262852
0.0262852
0.0262852
0.0262852
0.0262852
0.0262852
0.0262852
0.0262852
0.0262852
0.0262852
0.0262852
0.0262852
0.0262852
0.0262852
0.0262852
0.0262852
0.0262852
0.0262852
0.0262852
0.0262852
0.0262852
0.0262852
0.0262852
0.0262852
0.0262852
0.0262852
0.0262852
0.0262852
0.0262852
0.0262852
0.0262852
0.0262852
0.0262852
0.0262852
0.0262852
0.0262852
0.0262852
0.0262852
0.0262852
0.0262852
0.0262852
0.0262852
0.0262852
0.0262852
0.0262852
0.0262852
0.0262852
0.0262852
0.0262852
0.0262852
0.0262852
0.0262852
0.0262852
0.0262852
0.0262852
0.0262852
0.0262852
0.0262852
0.0262852
0.0262852
0.0262852
0.0262852
0.0262852
0.0262852
0.0262852
0.0262852
0.0262852
0.0262852
0.0262852
0.0262852
0.0262852
0.0262852
0.0262852
0.0262852
0.0262852
0.0262852
0.0262852
0.0262852
0.0262852
0.0262852
0.0262852
0.0262852
0.0262852
0.0262852
0.0262852
0.0262852
0.0262852
0.0262852
0.0262852
0.0262852
0.0262852
0.0262852
0.0262852
0.0262852
0.0262852
0.0262852
0.0262852
0.0262852
0.0262852
0.0262852
0.0262852
0.0262852
0.0262852
0.0262852
0.0262852
0.0262852
0.0262852
0.0262852
0.0262852
0.0262852
0.0262852
0.0262852
0.0262852
0.0262852
0.0262852
0.0262852
0.0262852
0.0262852
0.0262852
0.0262852
0.0262852
0.0262852
0.0262852
0.0262852
0.0262852
0.0262852
0.0262852
0.0262852
0.0262852
0.0262852
0.0262852
0.0262852
0.0262852
0.0262852
0.0262852
0.0262852
0.0262852
0.0262852
0.0262852
0.0262852
0.0262852
0.0262852
0.0262852
0.0262852
0.0262852
0.0262852
0.0262852
0.0262852
0.0262852
0.0262852
0.0262852
0.0262852
0.0262852
0.0262852
0.0262852
0.0262852
0.0262852
0.0262852
0.0262852
0.0262852
0.0262852
0.0262852
0.0262852
0.0262852
0.0262852
0.0262852
0.0262852
0.0262852
0.0262852
0.0262852
0.0262852
0.0262852
0.0262852
0.0262852
0.0262852
0.0262852
0.0262852
0.0262852
0.0262852
0.0262852
0.0262852
0.0262852
0.0262852
0.0262852
0.0262852
0.0262852
0.0262852
0.0262852
0.0262852
0.0262852
0.0262852
0.0262852
0.0262852
0.0262852
0.0262852
0.0262852
0.0262852
0.0262852
0.0262852
0.0262852
0.0262852
0.0262852
0.0262852
0.0262852
0.0262852
0.0262852
0.0262852
0.0262852
0.0262852
0.0262852
0.0262852
0.0262852
0.0262852
0.0262852
0.0262852
0.0262852
0.0262852
0.0262852
0.0262852
0.0262852
0.0262852
0.0262852
0.0262852
0.0262852
0.0262852
0.0262852
0.0262852
0.0262852
0.0262852
0.0262852
0.0262852
0.0262852
0.0262852
0.0262852
0.0262852
0.0262852
0.0262852
0.0262852
0.0262852
0.0262852
0.0262852
0.0262852
0.0262852
0.0262852
0.0262852
0.0262852
0.0262852
0.0262852
0.0262852
0.0262852
0.0262852
0.0262852
0.0262852
0.0262852
0.0262852
0.0262852
0.0262852
0.0262852
0.0262852
0.0262852
0.0262852
0.0262852
0.0262852
0.0262852
0.0262852
0.0262852
0.0262852
0.0262852
0.0262852
0.0262852
0.0262852
0.0262852
0.0262852
0.0262852
0.0262852
0.0262852
0.0262852
0.0262852
0.0262852
0.0262852
0.0262852
0.0262852
0.0262852
0.0262852
0.0262852
0.0262852
0.0262852
0.0262852
0.0262852
0.0262852
0.0262852
0.0262852
0.0262852
0.0262852
0.0262852
0.0262852
0.0262852
0.0262852
0.0262852
0.0262852
0.0262852
0.0262852
0.0262852
0.0262852
0.0262852
0.0262852
0.0262852
0.0262852
0.0262852
0.0262852
0.0262852
0.0262852
0.0262852
0.0262852
0.0262852
0.0262852
0.0262852
0.0262852
0.0262852
0.0262852
0.0262852
0.0262852
0.0262852
0.0262852
0.0261599
0.0260688
0.0259554
0.0258465
0.0257332
0.0256454
0.0255345
0.0253957
0.0252789
0.0251048
0.0250521
0.0249202
0.0248046
0.0247357
0.0246191
0.0244519
0.0243754
0.0242158
0.0240569
0.0238965
0.0237621
0.0236701
0.0235631
0.0234489
0.0233178
0.0231833
0.0231034
0.0229796
0.0228702
0.0227655
0.0226797
0.0225428
0.0224726
0.0223845
0.0222741
0.0221098
0.0220571
0.0219846
