72687.9
72687.9
10196
10196
10196
10196
10196
10196
10196
10196
10196
4355.03
4355.03
182.072
153.949
88.3384
70.6228
70.6228
70.6228
59.0157
32.1738
24.3909
23.8896
17.0468
17.0468
17.0468
17.0468
17.0468
9.16666
9.16666
9.16666
9.16666
9.16666
9.16666
9.16666
7.5131
5.15429
4.35053
3.67414
2.95906
2.95906
2.89444
2.89444
2.89444
2.89444
2.19534
2.19534
2.09325
2.09325
2.0619
2.06167
1.76435
1.76435
1.74171
1.73814
1.68273
1.57655
1.53369
1.45801
1.42188
1.34511
1.32453
1.32453
1.32105
1.28095
1.25346
1.24738
1.24315
1.2276
1.19351
1.18502
1.16835
1.16053
1.1207
1.09979
1.06904
1.05519
1.02995
1.00773
0.996412
0.981107
0.960331
0.954098
0.945975
0.936057
0.925033
0.913227
0.906602
0.89923
0.891624
0.881201
0.874487
0.86787
0.862728
0.855539
0.848687
0.844086
0.837254
0.835365
0.830581
0.826156
0.8207
0.816561
0.809408
0.806572
0.800602
0.797162
0.790882
0.785056
0.782172
0.776235
0.771154
0.76648
0.763098
0.754851
0.751457
0.746349
0.738481
0.729042
0.724684
0.71697
0.711328
0.704581
0.697254
0.689085
0.687249
0.681881
0.674196
0.672418
0.665714
0.662339
0.656816
0.652467
0.647375
0.645279
0.63981
0.635443
0.631556
0.628485
0.623666
0.620783
0.617444
0.615243
0.611129
0.608208
0.60589
0.60386
0.600912
0.599023
0.596171
0.592981
0.591406
0.587055
0.585256
0.582921
0.579349
0.575821
0.573415
0.569666
0.565599
0.562781
0.559495
0.556344
0.552452
0.550167
0.545028
0.542641
0.538069
0.533966
0.530323
0.527613
0.523259
0.520165
0.516036
0.51356
0.509338
0.505912
0.502866
0.500127
0.497996
0.496069
0.493807
0.492088
0.489239
0.488435
0.485939
0.483598
0.481642
0.477164
0.475326
0.471721
0.469455
0.464755
0.461813
0.459677
0.45629
0.452546
0.449951
0.445887
0.441238
0.439654
0.438531
0.435141
0.432244
0.429938
0.425062
0.419564
0.418359
0.416523
0.412634
0.409028
0.405495
0.404002
0.401044
0.397794
0.396084
0.392801
0.389551
0.386855
0.383502
0.380994
0.378394
0.375046
0.372136
0.36914
0.365087
0.361902
0.35929
0.356222
0.354644
0.351068
0.349455
0.345651
0.344559
0.343841
0.342203
0.341014
0.339662
0.338832
0.33719
0.336506
0.335384
0.334884
0.333757
0.332593
0.330606
0.327694
0.32609
0.32561
0.324756
0.323216
0.321839
0.316394
0.315257
0.313567
0.310685
0.309056
0.307263
0.303547
0.303233
0.301533
0.299882
0.296118
0.294617
0.291893
0.288223
0.286385
0.284907
0.282759
0.279114
0.277123
0.276206
0.274255
0.272325
0.270829
0.270419
0.269787
0.268316
0.267353
0.267353
0.26464
0.263939
0.263677
0.262838
0.260311
0.258821
0.257105
0.255731
0.252991
0.251683
0.249982
0.24819
0.246592
0.244748
0.242574
0.241095
0.239022
0.236737
0.234547
0.233163
0.230551
0.228849
0.226194
0.22557
0.22392
0.2228
0.221085
0.219782
0.21763
0.215907
0.215014
0.213493
0.212138
0.211272
0.209739
0.20769
0.206399
0.205068
0.203575
0.202062
0.200021
0.198739
0.197635
0.196233
0.195243
0.193879
0.192756
0.191645
0.190786
0.190045
0.188881
0.188473
0.187398
0.186647
0.185433
0.184234
0.183673
0.182806
0.1817
0.180715
0.179649
0.178753
0.177948
0.177055
0.176338
0.175955
0.17531
0.174728
0.173395
0.172801
0.172125
0.171287
0.170992
0.170007
0.169301
0.168284
0.167192
0.166788
0.165817
0.164241
0.163516
0.16261
0.161001
0.160167
0.159177
0.158197
0.157804
0.15701
0.156202
0.154478
0.154079
0.15274
0.152277
0.151657
0.151241
0.150384
0.150113
0.149253
0.148104
0.14802
0.147387
0.146929
0.146342
0.146011
0.145784
0.145454
0.144963
0.144671
0.144002
0.14391
0.14361
0.142999
0.142732
0.142238
0.141291
0.141291
0.140279
0.140279
0.139757
0.139212
0.138776
0.138134
0.13747
0.136937
0.136627
0.135929
0.135585
0.135178
0.134529
0.133902
0.133314
0.132788
0.131968
0.131139
0.130528
0.1296
0.128213
0.127228
0.12645
0.125593
0.124078
0.121663
0.121663
0.120945
0.120152
0.11927
0.118672
0.118057
0.117233
0.116724
0.116483
0.115654
0.115297
0.114637
0.114372
0.113979
0.113529
0.112917
0.111872
0.111807
0.111112
0.110776
0.110212
0.109767
0.108793
0.108419
0.107947
0.10751
0.107013
0.106459
0.105968
0.105343
0.104933
0.104164
0.103624
0.102975
0.102325
0.10194
0.101369
0.100597
0.100362
0.100069
0.0994663
0.0986813
0.0984755
0.0978663
0.0972694
0.0967179
0.0962489
0.0958237
0.0952386
0.0948785
0.0932721
0.0932396
0.0925823
0.0920402
0.0915391
0.0909977
0.0902423
0.089173
0.0888366
0.0881971
0.0873839
0.0868058
0.0858153
0.0850769
0.0842098
0.0838305
0.083354
0.0829773
0.0824028
0.0815414
0.080721
0.0802574
0.0798904
0.0792472
0.0784464
0.0777474
0.0773555
0.0768604
0.0763943
0.0757198
0.0755822
0.0749953
0.0744236
0.0741338
0.0737088
0.0734704
0.0730378
0.0727985
0.0725452
0.0720795
0.0718322
0.0715119
0.071313
0.0710376
0.0707554
0.0703575
0.0699962
0.0699029
0.0695865
0.0691754
0.0685347
0.0685339
0.0681543
0.0676362
0.0671848
0.0667554
0.0663624
0.0660848
0.0657958
0.0656242
0.0652683
0.0650009
0.0645331
0.0644576
0.0640668
0.0639105
0.0636622
0.0633229
0.0630429
0.0623637
0.06228
0.0620879
0.0616806
0.0613925
0.0610183
0.0606994
0.0602107
0.0599661
0.0596277
0.059395
0.0590583
0.0588225
0.0585957
0.0584221
0.0582256
0.0580619
0.0578609
0.0577316
0.0574621
0.0573976
0.0571553
0.0567581
0.0566663
0.0563392
0.0561396
0.0557885
0.0555176
0.0554065
0.0550192
0.0547519
0.0544412
0.0542406
0.0540429
0.0537095
0.0535794
0.053325
0.0530038
0.0528602
0.0526434
0.052326
0.0522197
0.0520234
0.0516366
0.0515267
0.0512665
0.0511772
0.0509077
0.0507392
0.050572
0.0504288
0.050202
0.0500864
0.0499791
0.0497176
0.0495887
0.0494279
0.0491951
0.0490709
0.048906
0.0485983
0.0483349
0.0480497
0.0478521
0.0474948
0.0473862
0.0471253
0.046802
0.0466638
0.0460733
0.0460733
0.0459405
0.0457246
0.0454347
0.045333
0.0450297
0.0447613
0.044653
0.0444119
0.0442424
0.0440665
0.0439622
0.0438074
0.0436357
0.0435027
0.0433082
0.043195
0.0430313
0.0428753
0.0427323
0.0425437
0.0423427
0.0421801
0.0419347
0.0415351
0.041417
0.0410535
0.0407997
0.0405814
0.0404147
0.0402306
0.0400363
0.0398105
0.0396245
0.0394306
0.0392047
0.0389382
0.0386245
0.0384819
0.0381749
0.0380488
0.0379003
0.037798
0.0376794
0.0375691
0.0374865
0.0374358
0.0373114
0.0372665
0.0372048
0.0371539
0.0369353
0.0368776
0.0368075
0.0366523
0.0365545
0.0364635
0.0363648
0.0362647
0.036137
0.036112
0.036036
0.035798
0.035798
0.0357041
0.0355781
0.035459
0.035327
0.0351946
0.0350397
0.0350071
0.034847
0.0347377
0.0345659
0.0344339
0.0341867
0.0341703
0.0339208
0.0337427
0.0336548
0.033445
0.03332
0.0331254
0.0330504
0.0328765
0.0327701
0.032636
0.0325367
0.0324732
0.0323727
0.0321802
0.032082
0.031914
0.0318288
0.0317079
0.0315371
0.0314065
0.0312431
0.0311023
0.0309499
0.0308497
0.0306735
0.0305261
0.0304532
0.0303644
0.0302762
0.0301989
0.0301281
0.0300604
0.0299656
0.0299084
0.0298704
0.0297035
0.0295334
0.0294047
0.0293667
0.0291164
0.0290722
0.0289629
0.0288677
0.0287529
0.0286582
0.0285382
0.0284396
0.0283982
0.0283071
0.0281567
0.0280138
0.0279065
0.0277965
0.0276769
0.0275387
0.0273986
0.0273351
0.0271443
0.0271142
0.0269183
0.0268113
0.0266232
0.0265168
0.0264189
0.0263668
0.0262221
0.0261173
0.0259014
0.0258249
0.0257501
0.0256372
0.025533
0.0253738
0.0252364
0.02514
0.0250205
0.0249498
0.024856
0.024748
0.0247143
0.0246357
0.0245725
0.024509
0.0244387
0.0244159
0.0243712
0.0243221
0.0242992
0.0242535
0.0241793
0.0241202
0.0239915
0.0239915
0.0238797
0.0238499
0.0237574
0.0236324
0.0234848
0.0234325
0.0233874
0.0233025
0.0232139
0.0231186
0.0230644
0.0228283
0.0228283
0.0227561
0.0226459
0.0225336
0.0224608
0.0223789
0.0222772
0.0221639
0.022065
0.021979
0.021898
0.0217853
0.0216618
0.0215532
0.0214892
0.0213562
0.0212461
0.0211749
0.0210627
0.0209839
0.0208645
0.0207648
0.0206724
0.0205651
0.0205271
0.0204297
0.0202654
0.0202494
0.0201441
0.0200231
0.0199447
0.0198086
0.0197374
0.0196471
0.0194849
0.0194158
0.0192925
0.0191716
0.0191127
0.0188649
0.018841
0.0187331
0.0185594
0.0184672
0.018236
0.018236
0.0181384
0.0180798
0.0180059
0.0178737
0.0177972
0.0177556
0.0176875
0.017608
0.0175861
0.0175153
0.0174737
0.0173775
0.0173112
0.017281
0.0172122
0.0171548
0.0170564
0.0170126
0.0169195
0.016896
0.0168343
0.0167696
0.0167199
0.0166705
0.0166065
0.0165187
0.0164469
0.0163734
0.0163145
0.0162386
0.0162005
0.0161281
0.0160653
0.0160232
0.0159406
0.0158923
0.015821
0.0157441
0.0156907
0.0156323
0.0155642
0.0155143
0.0154571
0.0154089
0.0153589
0.01532
0.0152775
0.0152211
0.0151667
0.0150983
0.0150537
0.0150042
0.0149672
0.0149333
0.0149333
0.0149333
0.0149333
0.0149333
0.0149333
0.0149333
0.0149333
0.0149333
0.0149333
0.0149333
0.0149333
0.0149333
0.0149333
0.0149333
0.0149333
0.0149333
0.0149333
0.0149333
0.0149333
0.0149333
0.0149333
0.0149333
0.0149333
0.0149333
0.0149333
0.0149333
0.0149333
0.0149333
0.0149333
0.0149333
0.0149333
0.0149333
0.0149333
0.0149333
0.0149333
0.0149333
0.0149333
0.0149333
0.0149333
0.0149333
0.0149333
0.0149333
0.0149333
0.0149333
0.0149333
0.0149333
0.0149333
0.0149333
0.0149333
0.0149333
0.0149333
0.0149333
0.0149333
0.0149333
0.0149333
0.0149333
0.0149333
0.0149333
0.0149333
0.0149333
0.0149333
0.0149333
0.0149333
0.0149333
0.0149333
0.0149333
0.0149333
0.0149333
0.0149333
0.0149333
0.0149333
0.0149333
0.0149333
0.0149333
0.0149333
0.0149333
0.0149333
0.0149333
0.0149333
0.0149333
0.0149333
0.0149333
0.0149333
0.0149333
0.0149333
0.0149333
0.0149333
0.0149333
0.0149333
0.0149333
0.0149333
0.0149333
0.0149333
0.0149333
0.0149333
0.0149333
0.0149333
0.0149333
0.0149333
0.0149333
0.0149333
0.0149333
0.0149333
0.0149333
0.0149333
0.0149333
0.0149333
0.0149333
0.0149333
0.0149333
0.0149333
0.0149333
0.0149333
0.0149333
0.0149333
0.0149333
0.0149333
0.0149333
0.0149333
0.0149333
0.0149333
0.0149333
0.0149333
0.0149333
0.0149333
0.0149333
0.0149333
0.0149333
0.0149333
0.0149333
0.0149333
0.0149333
0.0149333
0.0149333
0.0149333
0.0149333
0.0149333
0.0149333
0.0149333
0.0149333
0.0149333
0.0149333
0.0149333
0.0149333
0.0149333
0.0149333
0.0149333
0.0149333
0.0149333
0.0149333
0.0149333
0.0149333
0.0149333
0.0149333
0.0149333
0.0149333
0.0149333
0.0149333
0.0149333
0.0149333
0.0149333
0.0149333
0.0149333
0.0149333
0.0149333
0.0149333
0.0149333
0.0149333
0.0149333
0.0149333
0.0149333
0.0149333
0.0149333
0.0149333
0.0149333
0.0149333
0.0149333
0.0149333
0.0149333
0.0149333
0.0149333
0.0149333
0.0149333
0.0149333
0.0149333
0.0149333
0.0149333
0.0149333
0.0149333
0.0149333
0.0149333
0.0149333
0.0149333
0.0149333
0.0149333
0.0149333
0.0149333
0.0149333
0.0149333
0.0149333
0.0149333
0.0149333
0.0149333
0.0149333
0.0149333
0.0149333
0.0149333
0.0149333
0.0149333
0.0149333
0.0149333
0.0149333
0.0149333
0.0149333
0.0149333
0.0149333
0.0149333
0.0149333
0.0149333
0.0149333
0.0149333
0.0149333
0.0149333
0.0149333
0.0149333
0.0149333
0.0149333
0.0149333
0.0149333
0.0149333
0.0149333
0.0149333
0.0149333
0.0149333
0.0149333
0.0149333
0.0149333
0.0149333
0.0149333
0.0149333
0.0149333
0.0149333
0.0149333
0.0149333
0.0149333
0.0149333
0.0149333
0.0149333
0.0149333
0.0149333
0.0149333
0.0149333
0.0149333
0.0149333
0.0149333
0.0149333
0.0149333
0.0149333
0.0149333
0.0149333
0.0149333
0.0149333
0.0149333
0.0149333
0.0149333
0.0149333
0.0149333
0.0149333
0.0149333
0.0149333
0.0149333
0.0149333
0.0149333
0.0149333
0.0149333
0.0149333
0.0149333
0.0149333
0.0149333
0.0149333
0.0149333
0.0149333
0.0149333
0.0149333
0.0149333
0.0149333
0.0149333
0.0149333
0.0149333
0.0149333
0.0149333
0.0149333
0.0149333
0.0149333
0.0149333
0.0149333
0.0149333
0.0149333
0.0149333
0.0149333
0.0149333
0.0149333
0.0149333
0.0149333
0.0149333
0.0149333
0.0149333
0.0149333
0.0149333
0.0149333
0.0149333
0.0149333
0.0149333
0.0149333
0.0149333
0.0149333
0.0149333
0.0149333
0.0149333
0.0149333
0.0149333
0.0149333
0.0149333
0.0149333
0.0149333
0.0149333
0.0149333
0.0149333
0.0149333
0.0149333
0.0149333
0.0149333
0.0149333
0.0149333
0.0149333
0.0149333
0.0149333
0.0149333
0.0149333
0.0149333
0.0149333
0.0149333
0.0149333
0.0149333
0.0149333
0.0149333
0.0149333
0.0149333
0.0149333
0.0149333
0.0149333
0.0149333
0.0149333
0.0149333
0.0149333
0.0149333
0.0149333
0.0149333
0.0149333
0.0149333
0.0149333
0.0149333
0.0149333
0.0149333
0.0149333
0.0149333
0.0149333
0.0149333
0.0149333
0.0149333
0.0149333
0.0149333
0.0149333
0.0149333
0.0149333
0.0149333
0.0149333
0.0149333
0.0149333
0.0149333
0.0149333
0.0149333
0.0149333
0.0149333
0.0149333
0.0149333
0.0149333
0.0149333
0.0149333
0.0149333
0.0149333
0.0149333
0.0149333
0.0149333
0.0149333
0.0149333
0.0149333
0.0149333
0.0149333
0.0149333
0.0149333
0.0149333
0.0149333
0.0149333
0.0149333
0.0149333
0.0149333
0.0149333
0.0149333
0.0149333
0.0149333
0.0149333
0.0149333
0.0149333
0.0149333
0.0149333
0.0149333
0.0149333
0.0149333
0.0149333
0.0149333
0.0149333
0.0149333
0.0149333
0.0149333
0.0149333
0.0149333
0.0149333
0.0149333
0.0149333
0.0149333
0.0149333
0.0149333
0.0149333
0.0149333
0.0149333
0.0149333
0.0149333
0.0149333
0.0149333
0.0149333
0.0149333
0.0149333
0.0149333
0.0149333
0.0149333
0.0149333
0.0149333
0.0149333
0.0149333
0.0149333
0.0149333
0.0149333
0.0149333
0.0149333
0.0149333
0.0149333
0.0149333
0.0149333
0.0149333
0.0149333
0.0149333
0.0149333
0.0149333
0.0149333
0.0149333
0.0149333
0.0149333
0.0149333
0.0149333
0.0149333
0.0149333
0.0149333
0.0149333
0.0149333
0.0149333
0.0149333
0.0149333
0.0149333
0.0149333
0.0149333
0.0149333
0.0149333
0.0149333
0.0149333
0.0149333
0.0149333
0.0149333
0.0149333
0.0149333
0.0149333
0.0149333
0.0149333
0.0149333
0.0149333
0.0149333
0.0149333
0.0149333
0.0149333
0.0149333
0.0149333
0.0149333
0.0149333
0.0149333
0.0149333
0.0149333
0.0149333
0.0149333
0.0149333
0.0149333
0.0149333
0.0149333
0.0149333
0.0149333
