2.05869e+07
2.05869e+07
1.38137e+07
1.38137e+07
1.08951e+07
1.08951e+07
5.45358e+06
5.45358e+06
3.56552e+06
3.56552e+06
3.56552e+06
3.23051e+06
2.00755e+06
1.95282e+06
1.95282e+06
1.15271e+06
1.10388e+06
1.04343e+06
1.04343e+06
1.04343e+06
267152
267152
267152
267152
267152
267152
179155
179155
173669
173669
120822
120822
85520.3
85520.3
85520.3
85520.3
72457.3
72457.3
71514.4
71514.4
71514.4
71514.4
71514.4
71514.4
67820.3
48889.9
48889.9
44101.8
27502.1
13404.2
13404.2
13404.2
13404.2
13404.2
13404.2
13404.2
12197.9
12197.9
12197.9
12197.9
11368
8314.1
8314.1
8314.1
8081.49
7461.44
7461.44
6127.07
5045.13
3928.52
2716.47
2716.47
2656.11
2656.11
2656.11
1279.97
1279.97
1141.49
1100.7
821.438
804.999
801.058
801.058
787.107
761.254
649.011
649.011
649.011
649.011
649.011
649.011
649.011
649.011
649.011
501.376
385.557
289.397
246.935
246.935
222.221
222.221
222.221
222.221
192.021
170.304
170.304
170.304
170.304
150.45
126.99
125.259
125.259
122.855
111.167
111.167
111.167
111.167
108.297
97.0898
97.0898
70.7891
69.9109
60.9898
52.0737
52.0737
52.0737
52.0737
52.0737
52.0737
51.3953
51.3953
51.3953
51.3953
51.3953
49.3171
46.3722
45.6584
41.4673
39.095
38.8231
38.8231
37.4641
37.1295
36.6264
34.664
33.0227
33.0227
33.0227
30.9853
30.9853
30.9853
30.9853
30.9853
30.9853
30.9853
30.665
29.852
29.5675
29.5675
29.1455
29.0633
28.8087
28.3606
28.1348
27.8802
27.8491
27.5696
27.5696
27.5696
27.4792
27.4604
27.4604
27.2902
27.1161
27.0328
26.8751
26.7982
26.6106
26.6106
26.5259
26.4719
26.426
26.3096
26.2821
26.2472
26.1855
26.1148
26.0458
25.9806
25.9161
25.8834
25.8193
25.7795
25.7427
25.7091
25.6665
25.6223
25.5904
25.555
25.521
25.4829
25.4493
25.4174
25.3747
25.3403
25.306
25.2672
25.2332
25.1913
25.1561
25.1209
25.0813
25.0478
25.0158
24.9789
24.943
24.9082
24.8739
24.8359
24.8056
24.7743
24.738
24.7053
24.6763
24.6446
24.6117
24.5837
24.5531
24.5217
24.489
24.462
24.4301
24.3957
24.3637
24.332
24.3019
24.2668
24.2361
24.2006
24.1667
24.138
24.1048
24.069
24.0386
24.0049
23.9643
23.9344
23.8985
23.863
23.8315
23.7964
23.7603
23.7259
23.6915
23.6544
23.6184
23.5821
23.5434
23.5083
23.4678
23.4314
23.3974
23.3551
23.3196
23.2828
23.249
23.211
23.176
23.1373
23.0984
23.0617
23.0284
22.9931
22.9591
22.922
22.8933
22.8625
22.8289
22.7976
22.7692
22.7325
22.7031
22.6704
22.642
22.6121
22.5724
22.5416
22.507
22.4766
22.439
22.4036
22.3679
22.3334
22.298
22.2535
22.226
22.1828
22.1499
22.1124
22.0777
22.0397
22.0084
21.9748
21.9417
21.9053
21.8737
21.8398
21.8049
21.772
21.7366
21.701
21.6665
21.6312
21.6006
21.5687
21.5338
21.4991
21.4678
21.435
21.401
21.373
21.3394
21.3064
21.2743
21.2384
21.208
21.1728
21.1359
21.1071
21.0717
21.0422
21.0017
20.9727
20.9411
20.9032
20.8714
20.8401
20.8054
20.771
20.7383
20.7066
20.6733
20.6369
20.6044
20.5695
20.5363
20.5048
20.468
20.4389
20.4043
20.3718
20.3392
20.3042
20.2697
20.2378
20.2005
20.1647
20.127
20.0943
20.0549
20.014
19.9777
19.9386
19.8986
19.8599
19.8151
19.7757
19.7268
19.6896
19.6428
19.6022
19.5553
19.5089
19.47
19.4206
19.3797
19.3325
19.288
19.2382
19.1946
19.1553
19.1103
19.0665
19.0236
18.9756
18.937
18.8876
18.844
18.8
18.7566
18.7114
18.6645
18.6121
18.5691
18.5272
18.4776
18.4297
18.3852
18.3354
18.2868
18.2409
18.1963
18.1494
18.1034
18.0475
18.0066
17.9623
17.9092
17.8658
17.8171
17.7702
17.7205
17.6775
17.6278
17.5773
17.5355
17.4893
17.4447
17.3961
17.3477
17.3063
17.2628
17.2179
17.1706
17.1261
17.0924
17.051
17.0115
16.9708
16.9327
16.8944
16.8586
16.8241
16.7869
16.7537
16.7151
16.6814
16.6436
16.6115
16.5724
16.541
16.4998
16.4681
16.4322
16.3955
16.3601
16.3293
16.2902
16.2605
16.2216
16.1876
16.1521
16.119
16.0853
16.0546
16.0274
16.0003
15.9733
15.9435
15.9159
15.8827
15.8554
15.8355
15.8094
15.7802
15.7479
15.7222
15.6875
15.6592
15.6277
15.5969
15.5671
15.5386
15.5074
15.4729
15.4463
15.4176
15.3939
15.3643
15.3364
15.3037
15.2766
15.2497
15.2187
15.191
15.1582
15.1341
15.1021
15.0743
15.0456
15.0166
14.9862
14.9606
14.9288
14.8949
14.8643
14.8321
14.7989
14.7647
14.7314
14.699
14.6616
14.6241
14.5856
14.553
14.5136
14.4762
14.4387
14.4013
14.3647
14.3267
14.284
14.2398
14.2016
14.1577
14.1169
14.0663
14.0182
13.9695
13.9229
13.8681
13.8241
13.773
13.7213
13.6681
13.622
13.5751
13.5172
13.4726
13.4267
13.3709
13.3258
13.2736
13.2253
13.1721
13.1243
13.0728
13.0238
12.9736
12.9219
12.8742
12.8227
12.7722
12.7306
12.6769
12.6288
12.5791
12.5308
12.4804
12.4355
12.3872
12.3344
12.2908
12.2396
12.1949
12.1456
12.1027
12.0451
12.0011
11.9498
11.8983
11.8531
11.8051
11.7511
11.6921
11.6374
11.5886
11.5417
11.4779
11.4335
11.3802
11.3224
11.27
11.2144
11.165
11.1115
11.0585
11.0042
10.9469
10.8864
10.8377
10.7807
10.7271
10.6722
10.6131
10.5488
10.4882
10.4407
10.374
10.3155
10.2601
10.2048
10.1448
10.1019
10.0514
10.0076
9.96402
9.92807
9.89789
9.86936
9.84456
9.81839
9.79
9.75082
9.72947
9.69951
9.66482
9.63201
9.59475
9.52127
9.49279
9.46184
9.41561
9.36703
9.31557
9.26744
9.21207
9.16642
9.11409
9.07296
9.03226
8.98949
8.94029
8.90458
8.85023
8.82074
8.77002
8.72929
8.67885
8.63503
8.59507
8.55559
8.5072
8.46965
8.42501
8.38695
8.34747
8.30275
8.27204
8.23524
8.20421
8.16339
8.13361
8.10607
8.0849
8.06007
8.03212
8.00491
7.97889
7.96138
7.92758
7.91158
7.87105
7.85719
7.81882
7.78135
7.75463
7.71636
7.68224
7.64538
7.6114
7.5777
7.54805
7.51159
7.48048
7.45485
7.42361
7.39466
7.36692
7.33102
7.29526
7.27185
7.24012
7.20854
7.17702
7.14912
7.11354
7.0798
7.05054
7.01438
6.97228
6.94517
6.9116
6.86586
6.841
6.80277
6.77072
6.73129
6.68959
6.65625
6.61753
6.57878
6.54002
6.50618
6.46911
6.43057
6.38948
6.35462
6.31518
6.2776
6.246
6.21141
6.17439
6.13717
6.10203
6.06559
6.03086
5.99357
5.95413
5.91268
5.88088
5.83913
5.80523
5.76669
5.73027
5.69122
5.6471
5.6156
5.57653
5.53456
5.50113
5.46301
5.42015
5.38871
5.34844
5.30429
5.26589
5.22621
5.17835
5.13597
5.09276
5.05626
5.00933
4.97111
4.92413
4.87654
4.83254
4.78916
4.74307
4.69521
4.63986
4.59902
4.54667
4.49689
4.44269
4.39419
4.34202
4.29226
4.24004
4.19202
4.14421
4.09612
4.04452
3.99951
3.94393
3.9027
3.8515
3.80701
3.75872
3.71544
3.66238
3.61332
3.544
3.50676
3.45163
3.40158
3.35493
3.31016
3.26222
3.21338
3.16989
3.12691
3.0891
3.04616
3.00068
2.96725
2.93301
2.89416
2.85446
2.82428
2.7892
2.74661
2.71308
2.66535
2.62927
2.58641
2.53998
2.50389
2.4598
2.41615
2.38023
2.34017
2.30184
2.26564
2.21912
2.18232
2.14087
2.10733
2.06726
2.02945
1.99743
1.95989
1.92231
1.88257
1.8496
1.81081
1.77887
1.74614
1.71018
1.67456
1.63013
1.60583
1.56981
1.53493
1.50433
1.47041
1.44613
1.414
1.38365
1.3589
1.3304
1.30246
1.27867
1.25465
1.22987
1.2102
1.18732
1.16679
1.14645
1.12358
1.09966
1.0771
1.05486
1.03069
1.00871
0.974018
0.95444
0.929806
0.904591
0.880536
0.859612
0.837505
0.814232
0.795453
0.778419
0.755401
0.741265
0.722738
0.705638
0.685614
0.666636
0.649735
0.633733
0.616632
0.601907
0.584173
0.568284
0.553012
0.536247
0.523687
0.505745
0.492135
0.47892
0.463567
0.447909
0.434217
0.421427
0.408141
0.395025
0.380874
0.368453
0.357319
0.34662
0.335497
0.324341
0.314711
0.301685
0.293354
0.282663
0.274095
0.265869
0.257548
0.250284
0.242972
0.235753
0.229102
0.22284
0.21725
0.210435
0.205015
0.200074
0.195002
0.190212
0.186153
0.182008
0.177405
0.173497
0.169811
0.16592
0.162472
0.158668
0.155234
0.15175
0.148557
0.145351
0.14189
0.139299
0.136013
0.133308
0.130539
0.127738
0.125249
0.122709
0.120052
0.117327
0.114687
0.112947
0.110657
0.108363
0.10572
0.104045
0.101629
0.0998492
0.097937
0.0959282
0.094277
0.0925163
0.0907826
0.0891431
0.087543
0.0857296
0.0843146
0.0826183
0.0809738
0.0793641
0.0780082
0.076504
0.0749868
0.0736796
0.0721244
0.070739
0.0696962
0.0683946
0.0670824
0.0659526
0.0648969
0.0637429
0.0626556
0.0615967
0.060562
0.0594183
0.0584927
0.0575668
0.0566132
0.0556733
0.054816
0.0539041
0.053103
0.0523355
0.0514841
0.0508012
0.0501219
0.0493549
0.0487089
0.0480482
0.0480482
0.0480482
0.0480482
0.0480482
0.0480482
0.0480482
0.0480482
0.0480482
0.0480482
0.0480482
0.0480482
0.0480482
0.0480482
0.0480482
0.0480482
0.0480482
0.0480482
0.0480482
0.0480482
0.0480482
0.0480482
0.0480482
0.0480482
0.0480482
0.0480482
0.0480482
0.0480482
0.0480482
0.0480482
0.0480482
0.0480482
0.0480482
0.0480482
0.0480482
0.0480482
0.0480482
0.0480482
0.0480482
0.0480482
0.0480482
0.0480482
0.0480482
0.0480482
0.0480482
0.0480482
0.0480482
0.0480482
0.0480482
0.0480482
0.0480482
0.0480482
0.0480482
0.0480482
0.0480482
0.0480482
0.0480482
0.0480482
0.0480482
0.0480482
0.0480482
0.0480482
0.0480482
0.0480482
0.0480482
0.0480482
0.0480482
0.0480482
0.0480482
0.0480482
0.0480482
0.0480482
0.0480482
0.0480482
0.0480482
0.0480482
0.0480482
0.0480482
0.0480482
0.0480482
0.0480482
0.0480482
0.0480482
0.0480482
0.0480482
0.0480482
0.0480482
0.0480482
0.0480482
0.0480482
0.0480482
0.0480482
0.0480482
0.0480482
0.0480482
0.0480482
0.0480482
0.0480482
0.0480482
0.0480482
0.0480482
0.0480482
0.0480482
0.0480482
0.0480482
0.0480482
0.0480482
0.0480482
0.0480482
0.0480482
0.0480482
0.0480482
0.0480482
0.0480482
0.0480482
0.0480482
0.0480482
0.0480482
0.0480482
0.0480482
0.0480482
0.0480482
0.0480482
0.0480482
0.0480482
0.0480482
0.0480482
0.0480482
0.0480482
0.0480482
0.0480482
0.0480482
0.0480482
0.0480482
0.0480482
0.0480482
0.0480482
0.0480482
0.0480482
0.0480482
0.0480482
0.0480482
0.0480482
0.0480482
0.0480482
0.0480482
0.0480482
0.0480482
0.0480482
0.0480482
0.0480482
0.0480482
0.0480482
0.0480482
0.0480482
0.0480482
0.0480482
0.0480482
0.0480482
0.0480482
0.0480482
0.0480482
0.0480482
0.0480482
0.0480482
0.0480482
0.0480482
0.0480482
0.0480482
0.0480482
0.0480482
0.0480482
0.0480482
0.0480482
0.0480482
0.0480482
0.0480482
0.0480482
0.0480482
0.0480482
0.0480482
0.0480482
0.0480482
0.0480482
0.0480482
0.0480482
0.0480482
0.0480482
0.0480482
0.0480482
0.0480482
0.0480482
0.0480482
0.0480482
0.0480482
0.0480482
0.0480482
0.0480482
0.0480482
0.0480482
0.0480482
0.0480482
0.0480482
0.0480482
0.0480482
0.0480482
0.0480482
0.0480482
0.0480482
0.0480482
0.0480482
0.0480482
0.0480482
0.0480482
0.0480482
0.0480482
0.0480482
0.0480482
0.0480482
0.0480482
0.0480482
0.0480482
0.0480482
0.0480482
0.0480482
0.0480482
0.0480482
0.0480482
0.0480482
0.0480482
0.0480482
0.0480482
0.0480482
0.0480482
0.0480482
0.0480482
0.0480482
0.0480482
0.0480482
0.0480482
0.0480482
0.0480482
0.0480482
0.0480482
0.0480482
0.0480482
0.0480482
0.0480482
0.0480482
0.0480482
0.0480482
0.0480482
0.0480482
0.0480482
0.0480482
0.0480482
0.0480482
0.0480482
0.0480482
0.0480482
0.0480482
0.0480482
0.0480482
0.0480482
0.0480482
0.0480482
0.0480482
0.0480482
0.0480482
0.0480482
0.0480482
0.0480482
0.0480482
0.0480482
0.0480482
0.0480482
0.0480482
0.0480482
0.0480482
0.0480482
0.0480482
0.0480482
0.0480482
0.0480482
0.0480482
0.0480482
0.0480482
0.0480482
0.0480482
0.0480482
0.0480482
0.0480482
0.0480482
0.0480482
0.0480482
0.0480482
0.0480482
0.0480482
0.0480482
0.0480482
0.0480482
0.0480482
0.0480482
0.0480482
0.0480482
0.0480482
0.0480482
0.0480482
0.0480482
0.0480482
0.0480482
0.0480482
0.0480482
0.0480482
0.0480482
0.0480482
0.0480482
0.0480482
0.0480482
0.0480482
0.0480482
0.0480482
0.0480482
0.0480482
0.0480482
0.0480482
0.0480482
0.0480482
0.0480482
0.0480482
0.0480482
0.0480482
0.0480482
0.0480482
0.0480482
0.0480482
0.0480482
0.0480482
0.0480482
0.0480482
0.0480482
0.0480482
0.0480482
0.0480482
0.0480482
0.0480482
0.0480482
0.0480482
0.0480482
0.0480482
0.0480482
0.0480482
0.0480482
0.0480482
0.0480482
0.0480482
0.0480482
0.0480482
0.0480482
0.0480482
0.0480482
0.0480482
0.0480482
0.0480482
0.0480482
0.0480482
0.0480482
0.0480482
0.0480482
0.0480482
0.0480482
0.0480482
0.0480482
0.0480482
0.0480482
0.0480482
0.0480482
0.0480482
0.0480482
0.0480482
0.0480482
0.0480482
0.0480482
0.0480482
0.0480482
0.0480482
0.0480482
0.0480482
0.0480482
0.0480482
0.0480482
0.0480482
0.0480482
0.0480482
0.0480482
0.0480482
0.0480482
0.0480482
0.0480482
0.0480482
0.0480482
0.0480482
0.0480482
0.0480482
0.0480482
0.0480482
0.0480482
0.0480482
0.0480482
0.0480482
0.0480482
0.0480482
0.0480482
0.0480482
0.0480482
0.0480482
0.0480482
0.0480482
0.0480482
0.0480482
0.0480482
0.0480482
0.0480482
0.0480482
0.0480482
0.0480482
0.0480482
0.0480482
0.0480482
0.0480482
0.0480482
0.0480482
0.0480482
0.0480482
0.0480482
0.0480482
0.0480482
0.0480482
0.0480482
0.0480482
0.0480482
0.0480482
0.0480482
0.0480482
0.0480482
0.0480482
0.0480482
0.0480482
0.0480482
0.0480482
0.0480482
0.0480482
0.0480482
0.0480482
0.0480482
0.0480482
0.0480482
0.0480482
0.0480482
0.0480482
0.0480482
0.0480482
0.0480482
0.0480482
0.0480482
0.0480482
0.0480482
0.0480482
0.0480482
0.0480482
0.0480482
0.0480482
0.0480482
0.0480482
0.0480482
0.0480482
0.0480482
0.0480482
0.0480482
0.0480482
0.0480482
0.0480482
0.0480482
0.0480482
0.0480482
0.0480482
0.0480482
0.0480482
0.0480482
0.0480482
0.0480482
0.0480482
0.0480482
0.0480482
0.0480482
0.0480482
0.0480482
0.0480482
0.0480482
0.0480482
0.0480482
0.0480482
0.0480482
0.0480482
0.0480482
0.0480482
0.0480482
0.0480482
0.0480482
0.0480482
0.0480482
0.0480482
0.0480482
0.0480482
0.0480482
0.0480482
0.0480482
0.0480482
0.0480482
0.0480482
0.0480482
0.0480482
0.0480482
0.0480482
0.0480482
0.0480482
0.0480482
0.0480482
0.0480482
0.0480482
0.0480482
0.0480482
0.0480482
0.0480482
0.0480482
0.0480482
0.0480482
0.0480482
0.0480482
0.0480482
0.0480482
0.0480482
0.0480482
0.0480482
0.0480482
0.0480482
0.0480482
0.0480482
0.0480482
0.0480482
0.0480482
0.0480482
0.0480482
0.0480482
0.0480482
0.0480482
0.0480482
0.0480482
0.0480482
0.0480482
0.0480482
0.0480482
0.0480482
0.0480482
0.0480482
0.0480482
0.0480482
0.0480482
0.0480482
0.0480482
0.0480482
0.0480482
0.0480482
0.0480482
0.0480482
0.0480482
0.0480482
0.0480482
0.0480482
0.0480482
0.0480482
0.0480482
0.0480482
0.0480482
0.0480482
0.0480482
0.0480482
0.0480482
0.0480482
0.0480482
0.0480482
0.0480482
0.0480482
0.0480482
0.0480482
0.0480482
0.0480482
0.0480482
0.0480482
0.0480482
0.0480482
0.0480482
0.0480482
0.0480482
0.0480482
0.0480482
0.0480482
0.0480482
0.0480482
0.0480482
0.0480482
0.0480482
0.0480482
0.0480482
0.0480482
0.0480482
0.0480482
0.0480482
0.0480482
0.0480482
0.0480482
0.0480482
0.0480482
0.0480482
0.0480482
0.0480482
0.0480482
0.0480482
0.0480482
0.0480482
0.0480482
0.0480482
0.0480482
0.0480482
0.0480482
0.0480482
0.0480482
0.0480482
0.0480482
0.0480482
0.0480482
0.0480482
0.0480482
0.0480482
0.0480482
0.0480482
0.0480482
0.0480482
0.0480482
0.0480482
0.0480482
0.0480482
0.0480482
0.0480482
0.0480482
0.0480482
0.0480482
0.0480482
0.0480482
0.0480482
0.0480482
0.0480482
0.0480482
0.0480482
0.0480482
0.0480482
0.0480482
0.0480482
0.0480482
0.0480482
0.0480482
0.0480482
0.0480482
0.0480482
0.0480482
0.0480482
0.0480482
0.0480482
0.0480482
0.0480482
0.0480482
0.0480482
0.0480482
0.0480482
0.0480482
0.0480482
0.0480482
0.0480482
0.0480482
0.0480482
0.0480482
0.0480482
0.0480482
0.0480482
0.0480482
0.0480482
0.0480482
0.0480482
0.0480482
0.0480482
0.0480482
0.0480482
0.0480482
0.0480482
0.0480482
0.0480482
0.0480482
0.0480482
0.0480482
0.0480482
0.0480482
0.0480482
0.0480482
0.0480482
0.0480482
0.0480482
0.0480482
0.0480482
0.0480482
0.0480482
0.0480482
0.0480482
0.0480482
0.0480482
0.0480482
0.0480482
0.0480482
0.0480482
0.0480482
0.0480482
0.0480482
0.0480482
0.0480482
0.0480482
0.0480482
0.0480482
0.0480482
0.0480482
0.0480482
0.0480482
0.0480482
0.0480482
0.0480482
0.0480482
0.0480482
0.0480482
0.0480482
0.0480482
0.0480482
0.0480482
0.0480482
0.0480482
0.0480482
0.0480482
0.0480482
0.0480482
0.0480482
0.0480482
0.0480482
0.0480482
0.0480482
0.0480482
0.0480482
0.0480482
0.0480482
0.0480482
0.0480482
0.0480482
0.0480482
0.0480482
0.0480482
0.0480482
0.0480482
0.0480482
0.0480482
0.0480482
0.0480482
0.0480482
0.0480482
0.0480482
0.0480482
0.0480482
0.0480482
0.0480482
0.0480482
0.0480482
0.0480482
0.0480482
0.0480482
0.0480482
0.0480482
0.0480482
0.0480482
0.0480482
0.0480482
0.0480482
0.0480482
0.0480482
0.0480482
0.0480482
0.0480482
0.0480482
0.0480482
0.0480482
0.0480482
0.0480482
0.0480482
0.0480482
0.0480482
0.0480482
0.0480482
0.0480482
0.0480482
0.0480482
0.0480482
0.0480482
0.0480482
0.0480482
0.0480482
0.0480482
0.0480482
0.0480482
0.0480482
0.0480482
0.0480482
0.0480482
0.0480482
0.0480482
0.0480482
0.0480482
0.0480482
0.0480482
0.0480482
0.0480482
0.0480482
0.0480482
0.0480482
0.0480482
0.0473773
0.0464542
0.0456594
0.0447627
0.0438719
0.0431412
0.0423393
0.0415651
0.0408675
0.040113
0.0393732
0.0393732
0.0393732
0.0393732
0.0393732
0.0393732
0.0393732
0.0393732
0.0393732
0.0393732
0.0393732
0.0393732
0.0393732
0.0393732
0.0393732
0.0393732
0.0393732
0.0393732
0.0393732
0.0393732
0.0393732
0.0393732
0.0393732
0.0393732
0.0393732
0.0393732
0.0393732
0.0393732
0.0393732
0.0393732
0.0393732
0.0393732
0.0393732
0.0393732
0.0393732
0.0393732
0.0393732
0.0393732
0.0393732
0.0393732
0.0393732
0.0393732
0.0393732
0.0393732
0.0393732
0.0393732
0.0393732
0.0393732
0.0393732
0.0393732
0.0393732
0.0393732
0.0393732
0.0393732
0.0393732
0.0393732
0.0393732
0.0393732
0.0393732
0.0393732
0.0393732
0.0393732
0.0393732
0.0393732
0.0393732
0.0393732
0.0393732
0.0393732
0.0393732
0.0393732
0.0393732
0.0393732
0.0393732
0.0393732
0.0393732
0.0393732
0.0393732
0.0393732
0.0393732
0.0393732
0.0393732
0.0393732
0.0393732
0.0393732
0.0393732
0.0393732
0.0393732
0.0393732
0.0393732
0.0393732
0.0393732
0.0393732
0.0393732
0.0393732
0.0393732
0.0393732
0.0393732
0.0393732
0.0393732
0.0393732
0.0393732
0.0393732
0.0393732
0.0393732
0.0393732
0.0393732
0.0393732
0.0393732
0.0393732
0.0393732
0.0393732
0.0393732
0.0393732
0.0393732
0.0393732
0.0393732
0.0393732
0.0393732
0.0393732
0.0393732
0.0393732
0.0393732
0.0393732
0.0393732
0.0393732
0.0393732
0.0393732
0.0393732
0.0393732
0.0393732
0.0393732
0.0393732
0.0393732
0.0393732
0.0393732
0.0393732
0.0393732
0.0393732
0.0393732
0.0393732
0.0393732
0.0393732
0.0393732
0.0393732
0.0393732
0.0393732
0.0393732
0.0393732
0.0393732
0.0393732
0.0393732
0.0393732
0.0393732
0.0393732
0.0393732
0.0393732
0.0393732
0.0393732
0.0393732
0.0393732
0.0393732
0.0393732
0.0393732
0.0393732
0.0393732
0.0393732
0.0393732
0.0393732
0.0393732
0.0393732
0.0393732
0.0393732
0.0393732
0.0393732
0.0393732
0.0393732
0.0393732
0.0393732
0.0393732
0.0393732
0.0393732
0.0393732
0.0393732
0.0393732
0.0393732
0.0393732
0.0393732
0.0393732
0.0393732
0.0393732
0.0393732
0.0393732
0.0393732
0.0393732
0.0393732
0.0393732
0.0393732
0.0393732
0.0393732
0.0393732
0.0393732
0.0393732
0.0393732
0.0393732
0.0393732
0.0393732
0.0393732
0.0393732
0.0393732
0.0393732
0.0393732
0.0393732
0.0393732
0.0393732
0.0393732
0.0393732
0.0393732
0.0393732
0.0393732
0.0393732
0.0393732
0.0393732
0.0393732
0.0393732
0.0393732
0.0393732
0.0393732
0.0393732
0.0393732
0.0393732
0.0393732
0.0393732
0.0393732
0.0393732
0.0393732
0.0393732
0.0393732
0.0393732
0.0393732
0.0393732
0.0393732
0.0393732
0.0393732
0.0393732
0.0393732
0.0393732
0.0393732
0.0393732
0.0393732
0.0393732
0.0393732
0.0393732
0.0393732
0.0393732
0.0393732
0.0393732
0.0393732
0.0393732
0.0393732
0.0393732
0.0393732
0.0393732
0.0393732
0.0393732
0.0393732
0.0393732
0.0393732
0.0393732
0.0393732
0.0393732
0.0393732
0.0393732
0.0393732
0.0393732
0.0393732
0.0393732
0.0393732
0.0393732
0.0393732
0.0393732
0.0393732
0.0393732
0.0393732
0.0393732
0.0393732
0.0393732
0.0393732
0.0393732
0.0393732
0.0393732
0.0393732
0.0393732
0.0393732
0.0393732
0.0393732
0.0393732
0.0393732
0.0393732
0.0393732
0.0393732
0.0393732
0.0393732
0.0393732
0.0393732
0.0393732
0.0393732
0.0393732
0.0393732
0.0393732
0.0393732
0.0393732
0.0393732
0.0393732
0.0393732
0.0393732
0.0393732
0.0393732
0.0393732
0.0393732
0.0393732
0.0393732
0.0393732
0.0393732
0.0393732
0.0393732
0.0393732
0.0393732
0.0393732
0.0393732
0.0393732
0.0393732
0.0393732
0.0393732
0.0393732
0.0393732
0.0393732
0.0393732
0.0393732
0.0393732
0.0393732
0.0393732
0.0393732
0.0393732
0.0393732
0.0393732
0.0393732
0.0393732
0.0393732
0.0393732
0.0393732
0.0393732
0.0393732
0.0393732
0.0393732
0.0393732
0.0393732
0.0393732
0.0393732
0.0393732
0.0393732
0.0393732
0.0393732
0.0393732
0.0393732
0.0393732
0.0393732
0.0393732
0.0393732
0.0393732
0.0393732
0.0393732
0.0393732
0.0393732
0.0393732
0.0393732
0.0393732
0.0393732
0.0393732
0.0393732
0.0393732
0.0393732
0.0393732
0.0393732
0.0393732
0.0393732
0.0393732
0.0393732
0.0393732
0.0393732
0.0393732
0.0393732
0.0393732
0.0393732
0.0393732
0.0393732
0.0393732
0.0393732
0.0393732
0.0393732
0.0393732
0.0393732
0.0393732
0.0393732
0.0393732
0.0393732
0.0393732
0.0393732
0.0393732
0.0393732
0.0393732
0.0393732
0.0393732
0.0393732
0.0393732
0.0393732
0.0393732
0.0393732
0.0393732
0.0393732
0.0393732
0.0393732
0.0393732
0.0393732
0.0393732
0.0393732
0.0393732
0.0393732
0.0393732
0.0393732
0.0393732
0.0393732
0.0393732
0.0393732
0.0393732
0.0393732
0.0393732
0.0393732
0.0393732
0.0393732
0.0393732
0.0393732
0.0393732
0.0393732
0.0393732
0.0393732
0.0393732
0.0393732
0.0393732
0.0393732
0.0393732
0.0393732
0.0393732
0.0393732
0.0393732
0.0393732
0.0393732
0.0393732
0.0393732
0.0393732
0.0393732
0.0393732
0.0393732
0.0393732
0.0393732
0.0393732
0.0393732
0.0393732
0.0393732
0.0393732
0.0393732
0.0393732
0.0393732
0.0393732
0.0393732
0.0393732
0.0393732
0.0393732
0.0393732
0.0393732
0.0393732
0.0393732
0.0393732
0.0393732
0.0393732
0.0393732
0.0393732
0.0393732
0.0393732
0.0393732
0.0393732
0.0393732
0.0393732
0.0393732
0.0393732
0.0393732
0.0393732
0.0393732
0.0393732
0.0393732
0.0393732
0.0393732
0.0393732
0.0393732
0.0393732
0.0393732
0.0393732
0.0393732
0.0393732
0.0393732
0.0393732
0.0393732
0.0393732
0.0393732
0.0393732
0.0393732
0.0393732
0.0393732
0.0393732
0.0393732
0.0393732
0.0393732
0.0393732
0.0393732
0.0393732
0.0393732
0.0393732
0.0393732
0.0393732
0.0393732
0.0393732
0.0393732
0.0393732
0.0393732
0.0393732
0.0393732
0.0393732
0.0393732
0.0393732
0.0393732
0.0393732
0.0393732
0.0393732
0.0393732
0.0393732
0.0393732
0.0393732
0.0393732
0.0393732
0.0393732
0.0393732
0.0393732
0.0393732
0.0393732
0.0393732
0.0393732
0.0393732
0.0393732
0.0393732
0.0393732
0.0393732
0.0393732
0.0393732
0.0393732
0.0393732
0.0393732
0.0393732
0.0393732
0.0393732
0.0393732
0.0393732
0.0393732
0.0393732
0.0393732
0.0393732
0.0393732
0.0393732
0.0393732
0.0393732
0.0393732
0.0393732
0.0393732
0.0393732
0.0393732
0.0393732
0.0393732
0.0393732
0.0393732
0.0393732
0.0393732
0.0393732
0.0393732
0.0393732
0.0393732
0.0393732
0.0393732
0.0393732
0.0393732
0.0393732
0.0393732
0.0393732
0.0393732
0.0393732
0.0393732
0.0393732
0.0393732
0.0393732
0.0393732
0.0393732
0.0393732
0.0393732
0.0393732
0.0393732
0.0393732
0.0393732
0.0393732
0.0393732
0.0393732
0.0393732
0.0393732
0.0393732
0.0393732
0.0393732
0.0393732
0.0393732
0.0393732
0.0393732
0.0393732
0.0393732
0.0393732
0.0393732
0.0393732
0.0393732
0.0393732
0.0393732
0.0393732
0.0393732
0.0393732
0.0393732
0.0393732
0.0393732
0.0393732
0.0393732
0.0393732
0.0393732
0.0393732
0.0393732
0.0393732
0.0393732
0.0393732
0.0393732
0.0393732
0.0393732
0.0393732
0.0393732
0.0393732
0.0393732
0.0393732
0.0393732
0.0393732
0.0393732
0.0393732
0.0393732
0.0393732
0.0393732
0.0393732
0.0393732
0.0393732
0.0393732
0.0393732
0.0393732
0.0393732
0.0393732
