3.72956e+07
1.43041e+07
7.64651e+06
7.64651e+06
7.64651e+06
7.64651e+06
7.64651e+06
7.64651e+06
7.64651e+06
7.64651e+06
7.64651e+06
7.64651e+06
7.64651e+06
7.02071e+06
3.78422e+06
3.78422e+06
3.57072e+06
1.79518e+06
1.79518e+06
1.16917e+06
1.07677e+06
1.07677e+06
1.07677e+06
940212
940212
563124
563124
416038
241182
211739
211739
193778
193778
193778
193778
193778
189133
139465
113640
75844.2
58581.5
58581.5
34555.4
34555.4
29975.2
29975.2
29975.2
24856.6
24856.6
23415.6
20811.6
11904.4
11904.4
11904.4
7416.15
7416.15
7416.15
7051.75
3588.22
3588.22
3588.22
3588.22
2811.14
2424.65
2424.65
1607.99
1607.99
1607.99
1607.99
1542.18
1542.18
1542.18
1379.22
1379.22
1379.22
882.164
502.437
502.437
502.437
502.437
502.437
502.437
424.48
424.48
405.324
342.825
342.825
271.611
271.611
232.131
232.131
208.617
208.617
208.617
208.617
178.039
172.052
172.052
152.728
149.165
147.531
122.186
110.779
87.7104
87.7104
80.507
80.507
76.7451
70.609
70.609
58.7029
58.2549
55.0133
51.3625
51.3625
47.903
47.2122
43.0966
41.8361
41.8361
40.3291
40.3291
38.1752
38.1752
38.1752
37.1771
36.579
34.343
33.0858
30.9933
28.9359
28.9359
28.7716
28.2762
28.2762
28.2762
28.2762
27.7954
27.7954
27.7954
27.7954
25.8537
25.8537
25.8537
25.2811
23.8872
23.8872
23.5725
23.5725
23.5725
23.5151
23.059
22.794
22.6259
22.6259
22.1515
22.1515
22.1515
22.1515
22.0433
22.0137
21.7855
21.7186
21.7186
21.612
21.612
21.5194
21.5194
21.4271
21.3983
21.2553
21.2553
21.2085
21.1888
21.162
21.1123
21.0563
21.0165
21.0165
21.0089
20.9318
20.9222
20.8582
20.8454
20.8055
20.7695
20.7409
20.7191
20.6646
20.6233
20.5825
20.5502
20.5231
20.4741
20.4425
20.4083
20.3752
20.3506
20.3146
20.2622
20.2515
20.2238
20.1831
20.1621
20.1375
20.1046
20.0371
20.0101
19.9772
19.9387
19.9025
19.858
19.8286
19.7852
19.741
19.7024
19.6631
19.6202
19.5759
19.5508
19.5113
19.4752
19.4345
19.3982
19.3583
19.3189
19.2719
19.2355
19.1957
19.1428
19.1087
19.0624
19.0132
18.9625
18.921
18.881
18.8316
18.7854
18.7421
18.6959
18.6535
18.6055
18.5554
18.5069
18.463
18.4133
18.3744
18.3194
18.2749
18.2279
18.1833
18.1381
18.0946
18.0488
18.0029
17.9581
17.9123
17.8676
17.8258
17.7815
17.7403
17.6922
17.653
17.6139
17.5664
17.5259
17.4758
17.4346
17.3937
17.3513
17.3137
17.2748
17.2316
17.1927
17.1471
17.1094
17.0799
17.0381
16.9967
16.9658
16.9306
16.8942
16.8543
16.8217
16.7828
16.7474
16.7157
16.6789
16.6481
16.6113
16.5745
16.54
16.5074
16.4735
16.4351
16.3962
16.3574
16.3216
16.2871
16.2497
16.215
16.1778
16.1465
16.1087
16.0751
16.0403
16.0066
15.9693
15.9354
15.9001
15.8659
15.8284
15.7944
15.76
15.7206
15.6871
15.6525
15.617
15.584
15.5479
15.512
15.472
15.4353
15.4014
15.3619
15.3265
15.2889
15.2537
15.2176
15.1811
15.1412
15.1066
15.072
15.0325
14.9909
14.9554
14.9137
14.8807
14.8362
14.8057
14.7632
14.7238
14.6831
14.6398
14.5971
14.552
14.5078
14.4705
14.4261
14.3848
14.3329
14.2976
14.2502
14.2104
14.1675
14.1266
14.0861
14.0391
14.0019
13.9595
13.9209
13.8771
13.8368
13.7971
13.7557
13.715
13.6734
13.6343
13.5851
13.5448
13.5046
13.4689
13.4265
13.3894
13.3441
13.3182
13.2774
13.2435
13.2041
13.168
13.13
13.0896
13.0518
13.0114
12.9756
12.9374
12.8953
12.8571
12.8169
12.7792
12.7352
12.6971
12.6577
12.6118
12.5781
12.5354
12.4931
12.4473
12.3994
12.3612
12.3088
12.2719
12.2264
12.182
12.1373
12.0895
12.0508
12.0029
11.9638
11.9257
11.8854
11.8478
11.8085
11.7674
11.7307
11.6942
11.6519
11.6178
11.5713
11.5301
11.4794
11.4268
11.3925
11.3431
11.2876
11.2472
11.2007
11.159
11.1056
11.058
11.0109
10.9696
10.9106
10.8679
10.815
10.7706
10.7148
10.6659
10.6186
10.5697
10.5189
10.4676
10.422
10.3591
10.3121
10.2569
10.2024
10.1532
10.0958
10.0465
9.9914
9.94883
9.90162
9.84969
9.79728
9.75401
9.70364
9.65645
9.6025
9.55613
9.50769
9.46208
9.4065
9.36208
9.32319
9.26996
9.21866
9.17123
9.11856
9.07199
9.01366
8.96083
8.90846
8.85612
8.80084
8.75266
8.69364
8.6369
8.57782
8.5267
8.46853
8.41278
8.35239
8.29636
8.23211
8.17839
8.13332
8.06788
8.00879
7.9541
7.8969
7.83356
7.78624
7.73412
7.67404
7.6173
7.56908
7.50838
7.43608
7.38836
7.3323
7.27236
7.21409
7.14974
7.0993
7.0409
6.97332
6.92942
6.86662
6.81368
6.75362
6.71177
6.63837
6.59857
6.54727
6.49766
6.43742
6.39057
6.34252
6.29311
6.2444
6.19345
6.14533
6.09756
6.04983
5.99739
5.95539
5.907
5.86567
5.82352
5.78038
5.73876
5.70233
5.65917
5.61943
5.58031
5.54354
5.50252
5.46308
5.42424
5.37758
5.3349
5.2873
5.24299
5.19857
5.16045
5.11807
5.06631
5.03055
4.98092
4.93316
4.89096
4.84369
4.8
4.75686
4.71183
4.67342
4.62852
4.58262
4.54388
4.4995
4.46124
4.41739
4.37491
4.33382
4.28962
4.25158
4.21236
4.17118
4.13373
4.09394
4.05548
4.01455
3.97359
3.93213
3.88285
3.84269
3.80174
3.7596
3.70845
3.66525
3.61981
3.57262
3.52004
3.47557
3.42477
3.376
3.31558
3.26589
3.22161
3.17299
3.12181
3.06874
3.02317
2.97368
2.92266
2.87171
2.82183
2.77731
2.73231
2.67346
2.62611
2.58273
2.53102
2.47769
2.4277
2.36941
2.3254
2.27724
2.22246
2.17565
2.12606
2.07864
2.0266
1.97636
1.9317
1.87393
1.83365
1.78772
1.74044
1.69141
1.64766
1.59218
1.56007
1.51573
1.47034
1.43
1.39039
1.3403
1.3073
1.27442
1.23468
1.20067
1.15359
1.12598
1.08729
1.04978
1.01688
0.981246
0.949264
0.919764
0.889531
0.860452
0.833058
0.80032
0.774018
0.74653
0.721711
0.696546
0.673187
0.645138
0.62566
0.604504
0.581879
0.562298
0.542606
0.525087
0.505568
0.489984
0.473432
0.455287
0.441432
0.426495
0.412815
0.400155
0.387012
0.374991
0.363163
0.35215
0.339939
0.32777
0.316964
0.307824
0.296531
0.287339
0.278646
0.269813
0.262415
0.25359
0.245797
0.238684
0.2308
0.224517
0.217888
0.211306
0.205498
0.199011
0.193871
0.189199
0.183961
0.179214
0.175019
0.170358
0.165993
0.162097
0.158282
0.154758
0.151104
0.147467
0.143858
0.139958
0.137205
0.133894
0.130432
0.127212
0.123858
0.121309
0.118372
0.115576
0.112661
0.110376
0.107713
0.105389
0.103164
0.10103
0.0983276
0.0963598
0.094608
0.0925079
0.090694
0.0885638
0.086954
0.0850282
0.0834716
0.0814954
0.0801554
0.0785377
0.0770209
0.0753253
0.073882
0.0725581
0.0710889
0.0697351
0.0684445
0.0671986
0.0659285
0.0646955
0.0635929
0.0624334
0.0613124
0.0601529
0.0591161
0.0582915
0.0572116
0.0563189
0.0552387
0.0545176
0.0534404
0.0526269
0.0517052
0.0508217
0.0500476
0.0491917
0.048325
0.0476259
0.0469089
0.0462492
0.0455125
0.0448494
0.0441433
0.0436226
0.0429725
0.0423939
0.0417958
0.0412522
0.0406785
0.040119
0.040119
0.040119
0.040119
0.040119
0.040119
0.040119
0.040119
0.040119
0.040119
0.040119
0.040119
0.040119
0.040119
0.040119
0.040119
0.040119
0.040119
0.040119
0.040119
0.040119
0.040119
0.040119
0.040119
0.040119
0.040119
0.040119
0.040119
0.040119
0.040119
0.040119
0.040119
0.040119
0.040119
0.040119
0.040119
0.040119
0.040119
0.040119
0.040119
0.040119
0.040119
0.040119
0.040119
0.040119
0.040119
0.040119
0.040119
0.040119
0.040119
0.040119
0.040119
0.040119
0.040119
0.040119
0.040119
0.040119
0.040119
0.040119
0.040119
0.040119
0.040119
0.040119
0.040119
0.040119
0.040119
0.040119
0.040119
0.040119
0.040119
0.040119
0.040119
0.040119
0.040119
0.040119
0.040119
0.040119
0.040119
0.040119
0.040119
0.040119
0.040119
0.040119
0.040119
0.040119
0.040119
0.040119
0.040119
0.040119
0.040119
0.040119
0.040119
0.040119
0.040119
0.040119
0.040119
0.040119
0.040119
0.040119
0.040119
0.040119
0.040119
0.040119
0.040119
0.040119
0.040119
0.040119
0.040119
0.040119
0.040119
0.040119
0.040119
0.040119
0.040119
0.040119
0.040119
0.040119
0.040119
0.040119
0.040119
0.040119
0.040119
0.040119
0.040119
0.040119
0.040119
0.040119
0.040119
0.040119
0.040119
0.040119
0.040119
0.040119
0.040119
0.040119
0.040119
0.040119
0.040119
0.040119
0.040119
0.040119
0.040119
0.040119
0.040119
0.040119
0.040119
0.040119
0.040119
0.040119
0.040119
0.040119
0.040119
0.040119
0.040119
0.040119
0.040119
0.040119
0.040119
0.040119
0.040119
0.040119
0.040119
0.040119
0.040119
0.040119
0.040119
0.040119
0.040119
0.040119
0.040119
0.040119
0.040119
0.040119
0.040119
0.040119
0.040119
0.040119
0.040119
0.040119
0.040119
0.040119
0.040119
0.040119
0.040119
0.040119
0.040119
0.040119
0.040119
0.040119
0.040119
0.040119
0.040119
0.040119
0.040119
0.040119
0.040119
0.040119
0.040119
0.040119
0.040119
0.040119
0.040119
0.040119
0.040119
0.040119
0.040119
0.040119
0.040119
0.040119
0.040119
0.040119
0.040119
0.040119
0.040119
0.040119
0.040119
0.040119
0.040119
0.040119
0.040119
0.040119
0.040119
0.040119
0.040119
0.040119
0.040119
0.040119
0.040119
0.040119
0.040119
0.040119
0.040119
0.040119
0.040119
0.040119
0.040119
0.040119
0.040119
0.040119
0.040119
0.040119
0.040119
0.040119
0.040119
0.040119
0.040119
0.040119
0.040119
0.040119
0.040119
0.040119
0.040119
0.040119
0.040119
0.040119
0.040119
0.040119
0.040119
0.040119
0.040119
0.040119
0.040119
0.040119
0.040119
0.040119
0.040119
0.040119
0.040119
0.040119
0.040119
0.040119
0.040119
0.040119
0.040119
0.040119
0.040119
0.040119
0.040119
0.040119
0.040119
0.040119
0.040119
0.040119
0.040119
0.040119
0.040119
0.040119
0.040119
0.040119
0.040119
0.040119
0.040119
0.040119
0.040119
0.040119
0.040119
0.040119
0.040119
0.040119
0.040119
0.040119
0.040119
0.040119
0.040119
0.040119
0.040119
0.040119
0.040119
0.040119
0.040119
0.040119
0.040119
0.040119
0.040119
0.040119
0.040119
0.040119
0.040119
0.040119
0.040119
0.040119
0.040119
0.040119
0.040119
0.040119
0.040119
0.040119
0.040119
0.040119
0.040119
0.040119
0.040119
0.040119
0.040119
0.040119
0.040119
0.040119
0.040119
0.040119
0.040119
0.040119
0.040119
0.040119
0.040119
0.040119
0.040119
0.040119
0.040119
0.040119
0.040119
0.040119
0.040119
0.040119
0.040119
0.040119
0.040119
0.040119
0.040119
0.040119
0.040119
0.040119
0.040119
0.040119
0.040119
0.040119
0.040119
0.040119
0.040119
0.040119
0.040119
0.040119
0.040119
0.040119
0.040119
0.040119
0.040119
0.040119
0.040119
0.040119
0.040119
0.040119
0.040119
0.040119
0.040119
0.040119
0.040119
0.040119
0.040119
0.040119
0.040119
0.040119
0.040119
0.040119
0.040119
0.040119
0.040119
0.040119
0.040119
0.040119
0.040119
0.040119
0.040119
0.040119
0.040119
0.040119
0.040119
0.040119
0.040119
0.040119
0.040119
0.040119
0.040119
0.040119
0.040119
0.040119
0.040119
0.040119
0.040119
0.040119
0.040119
0.040119
0.040119
0.040119
0.040119
0.040119
0.040119
0.040119
0.040119
0.040119
0.040119
0.040119
0.040119
0.040119
0.040119
0.040119
0.040119
0.040119
0.040119
0.040119
0.040119
0.040119
0.040119
0.040119
0.040119
0.040119
0.040119
0.040119
0.040119
0.040119
0.040119
0.040119
0.040119
0.040119
0.040119
0.040119
0.040119
0.040119
0.040119
0.040119
0.040119
0.040119
0.040119
0.040119
0.040119
0.040119
0.040119
0.040119
0.040119
0.040119
0.040119
0.040119
0.040119
0.040119
0.040119
0.040119
0.040119
0.040119
0.040119
0.040119
0.040119
0.040119
0.040119
0.040119
0.040119
0.040119
0.040119
0.040119
0.040119
0.040119
0.040119
0.040119
0.040119
0.040119
0.040119
0.040119
0.040119
0.040119
0.040119
0.040119
0.040119
0.040119
0.040119
0.040119
0.040119
0.040119
0.040119
0.040119
0.040119
0.040119
0.040119
0.040119
0.040119
0.040119
0.040119
0.040119
0.040119
0.040119
0.040119
0.040119
0.040119
0.040119
0.040119
0.040119
0.040119
0.040119
0.040119
0.040119
0.040119
0.040119
0.040119
0.040119
0.040119
0.040119
0.040119
0.040119
0.040119
0.040119
0.040119
0.040119
0.040119
0.040119
0.040119
0.040119
0.040119
0.040119
0.040119
0.040119
0.040119
0.040119
0.040119
0.040119
0.040119
0.040119
0.040119
0.040119
0.040119
0.040119
0.040119
0.040119
0.040119
0.040119
0.040119
0.040119
0.040119
0.040119
0.040119
0.040119
0.040119
0.040119
0.040119
0.040119
0.040119
0.040119
0.040119
0.040119
0.040119
0.040119
0.040119
0.040119
0.040119
0.040119
0.040119
0.040119
0.040119
0.040119
0.040119
0.040119
0.040119
0.040119
0.040119
0.040119
0.040119
0.040119
0.040119
0.040119
0.040119
0.040119
0.040119
0.040119
0.040119
0.040119
0.040119
0.040119
0.040119
0.040119
0.040119
0.040119
0.040119
0.040119
0.040119
0.040119
0.040119
0.040119
0.040119
0.040119
0.040119
0.040119
0.040119
0.040119
0.040119
0.040119
0.040119
0.040119
0.040119
0.040119
0.040119
0.040119
0.040119
0.040119
0.040119
0.040119
0.040119
0.040119
0.040119
0.040119
0.040119
0.040119
0.040119
0.040119
0.040119
0.040119
0.040119
0.040119
0.040119
0.040119
0.040119
0.040119
0.040119
0.040119
0.040119
0.040119
0.040119
0.040119
0.040119
0.040119
0.040119
0.040119
0.040119
0.040119
0.040119
0.040119
0.040119
0.040119
0.040119
0.040119
0.040119
0.040119
0.040119
0.040119
0.040119
0.040119
0.040119
0.040119
0.040119
0.040119
0.040119
0.040119
0.040119
0.040119
0.040119
0.040119
0.040119
0.040119
0.040119
0.040119
0.040119
0.040119
0.040119
0.040119
0.040119
0.040119
0.040119
0.040119
0.040119
0.040119
0.040119
0.040119
0.040119
0.040119
0.040119
0.040119
0.040119
0.040119
0.040119
0.040119
0.040119
0.040119
0.040119
0.040119
0.040119
0.040119
0.040119
0.040119
0.040119
0.040119
0.040119
0.040119
0.040119
0.040119
0.040119
0.040119
0.040119
0.040119
0.040119
0.040119
0.040119
0.040119
0.040119
0.040119
0.040119
0.040119
0.040119
0.040119
0.040119
0.040119
0.040119
0.040119
0.040119
0.040119
0.040119
0.040119
0.040119
0.040119
0.040119
0.040119
0.040119
0.040119
0.040119
0.040119
0.040119
0.040119
0.040119
0.040119
0.040119
0.040119
0.040119
0.040119
0.040119
0.040119
0.040119
0.040119
0.040119
0.040119
0.040119
0.040119
0.040119
0.040119
0.040119
0.040119
0.040119
0.040119
0.040119
0.040119
0.040119
0.039917
0.039307
0.0386143
0.037988
0.03735
0.0367351
0.0361626
0.0355109
0.0355109
0.0355109
0.0355109
0.0355109
0.0355109
0.0355109
0.0355109
0.0355109
0.0355109
0.0355109
0.0355109
0.0355109
0.0355109
0.0355109
0.0355109
0.0355109
0.0355109
0.0355109
0.0355109
0.0355109
0.0355109
0.0355109
0.0355109
0.0355109
0.0355109
0.0355109
0.0355109
0.0355109
0.0355109
0.0355109
0.0355109
0.0355109
0.0355109
0.0355109
0.0355109
0.0355109
0.0355109
0.0355109
0.0355109
0.0355109
0.0355109
0.0355109
0.0355109
0.0355109
0.0355109
0.0355109
0.0355109
0.0355109
0.0355109
0.0355109
0.0355109
0.0355109
0.0355109
0.0355109
0.0355109
0.0355109
0.0355109
0.0355109
0.0355109
0.0355109
0.0355109
0.0355109
0.0355109
0.0355109
0.0355109
0.0355109
0.0355109
0.0355109
0.0355109
0.0355109
0.0355109
0.0355109
0.0355109
0.0355109
0.0355109
0.0355109
0.0355109
0.0355109
0.0355109
0.0355109
0.0355109
0.0355109
0.0355109
0.0355109
0.0355109
0.0355109
0.0355109
0.0355109
0.0355109
0.0355109
0.0355109
0.0355109
0.0355109
0.0355109
0.0355109
0.0355109
0.0355109
0.0355109
0.0355109
0.0355109
0.0355109
0.0355109
0.0355109
0.0355109
0.0355109
0.0355109
0.0355109
0.0355109
0.0355109
0.0355109
0.0355109
0.0355109
0.0355109
0.0355109
0.0355109
0.0355109
0.0355109
0.0355109
0.0355109
0.0355109
0.0355109
0.0355109
0.0355109
0.0355109
0.0355109
0.0355109
0.0355109
0.0355109
0.0355109
0.0355109
0.0355109
0.0355109
0.0355109
0.0355109
0.0355109
0.0355109
0.0355109
0.0355109
0.0355109
0.0355109
0.0355109
0.0355109
0.0355109
0.0355109
0.0355109
0.0355109
0.0355109
0.0355109
0.0355109
0.0355109
0.0355109
0.0355109
0.0355109
0.0355109
0.0355109
0.0355109
0.0355109
0.0355109
0.0355109
0.0355109
0.0355109
0.0355109
0.0355109
0.0355109
0.0355109
0.0355109
0.0355109
0.0355109
0.0355109
0.0355109
0.0355109
0.0355109
0.0355109
0.0355109
0.0355109
0.0355109
0.0355109
0.0355109
0.0355109
0.0355109
0.0355109
0.0355109
0.0355109
0.0355109
0.0355109
0.0355109
0.0355109
0.0355109
0.0355109
0.0355109
0.0355109
0.0355109
0.0355109
0.0355109
0.0355109
0.0355109
0.0355109
0.0355109
0.0355109
0.0355109
0.0355109
0.0355109
0.0355109
0.0355109
0.0355109
0.0355109
0.0355109
0.0355109
0.0355109
0.0355109
0.0355109
0.0355109
0.0355109
0.0355109
0.0355109
0.0355109
0.0355109
0.0355109
0.0355109
0.0355109
0.0355109
0.0355109
0.0355109
0.0355109
0.0355109
0.0355109
0.0355109
0.0355109
0.0355109
0.0355109
0.0355109
0.0355109
0.0355109
0.0355109
0.0355109
0.0355109
0.0355109
0.0355109
0.0355109
0.0355109
0.0355109
0.0355109
0.0355109
0.0355109
0.0355109
0.0355109
0.0355109
0.0355109
0.0355109
0.0355109
0.0355109
0.0355109
0.0355109
0.0355109
0.0355109
0.0355109
0.0355109
0.0355109
0.0355109
0.0355109
0.0355109
0.0355109
0.0355109
0.0355109
0.0355109
0.0355109
0.0355109
0.0355109
0.0355109
0.0355109
0.0355109
0.0355109
0.0355109
0.0355109
0.0355109
0.0355109
0.0355109
0.0355109
0.0355109
0.0355109
0.0355109
0.0355109
0.0355109
0.0355109
0.0355109
0.0355109
0.0355109
0.0355109
0.0355109
0.0355109
0.0355109
0.0355109
0.0355109
0.0355109
0.0355109
0.0355109
0.0355109
0.0355109
0.0355109
0.0355109
0.0355109
0.0355109
0.0355109
0.0355109
0.0355109
0.0355109
0.0355109
0.0355109
0.0355109
0.0355109
0.0355109
0.0355109
0.0355109
0.0355109
0.0355109
0.0355109
0.0355109
0.0355109
0.0355109
0.0355109
0.0355109
0.0355109
0.0355109
0.0355109
0.0355109
0.0355109
0.0355109
0.0355109
0.0355109
0.0355109
0.0355109
0.0355109
0.0355109
0.0355109
0.0355109
0.0355109
0.0355109
0.0355109
0.0355109
0.0355109
0.0355109
0.0355109
0.0355109
0.0355109
0.0355109
0.0355109
0.0355109
0.0355109
0.0355109
0.0355109
0.0355109
0.0355109
0.0355109
0.0355109
0.0355109
0.0355109
0.0355109
0.0355109
0.0355109
0.0355109
0.0355109
0.0355109
0.0355109
0.0355109
0.0355109
0.0355109
0.0355109
0.0355109
0.0355109
0.0355109
0.0355109
0.0355109
0.0355109
0.0355109
0.0355109
0.0355109
0.0355109
0.0355109
0.0355109
0.0355109
0.0355109
0.0355109
0.0355109
0.0355109
0.0355109
0.0355109
0.0355109
0.0355109
0.0355109
0.0355109
0.0355109
0.0355109
0.0355109
0.0355109
0.0355109
0.0355109
0.0355109
0.0355109
0.0355109
0.0355109
0.0355109
0.0355109
0.0355109
0.0355109
0.0355109
0.0355109
0.0355109
0.0355109
0.0355109
0.0355109
0.0355109
0.0355109
0.0355109
0.0355109
0.0355109
0.0355109
0.0355109
0.0355109
0.0355109
0.0355109
0.0355109
0.0355109
0.0355109
0.0355109
0.0355109
0.0355109
0.0355109
0.0355109
0.0355109
0.0355109
0.0355109
0.0355109
0.0355109
0.0355109
0.0355109
0.0355109
0.0355109
0.0355109
0.0355109
0.0355109
0.0355109
0.0355109
0.0355109
0.0355109
0.0355109
0.0355109
0.0355109
0.0355109
0.0355109
0.0355109
0.0355109
0.0355109
0.0355109
0.0355109
0.0355109
0.0355109
0.0355109
0.0355109
0.0355109
0.0355109
0.0355109
0.0355109
0.0355109
0.0355109
0.0355109
0.0355109
0.0355109
0.0355109
0.0355109
0.0355109
0.0355109
0.0355109
0.0355109
0.0355109
0.0355109
0.0355109
0.0355109
0.0355109
0.0355109
0.0355109
0.0355109
0.0355109
0.0355109
0.0355109
0.0355109
0.0355109
0.0355109
0.0355109
0.0355109
0.0355109
0.0355109
0.0355109
0.0355109
0.0355109
0.0355109
0.0355109
0.0355109
0.0355109
0.0355109
0.0355109
0.0355109
0.0355109
0.0355109
0.0355109
0.0355109
0.0355109
0.0355109
0.0355109
0.0355109
0.0355109
0.0355109
0.0355109
0.0355109
0.0355109
0.0355109
0.0355109
0.0355109
0.0355109
0.0355109
0.0355109
0.0355109
0.0355109
0.0355109
0.0355109
0.0355109
0.0355109
0.0355109
0.0355109
0.0355109
0.0355109
0.0355109
0.0355109
0.0355109
0.0355109
0.0355109
0.0355109
0.0355109
0.0355109
0.0355109
0.0355109
0.0355109
0.0355109
0.0355109
0.0355109
0.0355109
0.0355109
0.0355109
0.0355109
0.0355109
0.0355109
0.0355109
0.0355109
0.0355109
0.0355109
0.0355109
0.0355109
0.0355109
0.0355109
0.0355109
0.0355109
0.0355109
0.0355109
0.0355109
0.0355109
0.0355109
0.0355109
0.0355109
0.0355109
0.0355109
0.0355109
0.0355109
0.0355109
0.0355109
0.0355109
0.0355109
0.0355109
0.0355109
0.0355109
0.0355109
0.0355109
0.0355109
0.0355109
0.0355109
0.0355109
0.0355109
0.0355109
0.0355109
0.0355109
0.0355109
0.0355109
0.0355109
0.0355109
0.0355109
0.0355109
0.0355109
0.0355109
0.0355109
0.0355109
0.0355109
0.0355109
0.0355109
0.0355109
0.0355109
0.0355109
0.0355109
0.0355109
0.0355109
0.0355109
0.0355109
0.0355109
0.0355109
0.0355109
0.0355109
0.0355109
0.0355109
0.0355109
0.0355109
0.0355109
0.0355109
0.0355109
0.0355109
0.0355109
0.0355109
0.0355109
0.0355109
0.0355109
0.0355109
0.0355109
0.0355109
0.0355109
0.0355109
0.0355109
0.0355109
0.0355109
0.0355109
0.0355109
0.0355109
0.0355109
0.0355109
0.0355109
0.0355109
0.0355109
0.0355109
0.0355109
0.0355109
0.0355109
0.0355109
0.0355109
0.0355109
0.0355109
0.0355109
0.0355109
0.0355109
0.0355109
0.0355109
0.0355109
0.0355109
0.0355109
0.0355109
0.0355109
0.0355109
0.0355109
0.0355109
0.0355109
0.0355109
0.0355109
0.0355109
0.0355109
0.0355109
0.0355109
0.0355109
0.0355109
0.0355109
0.0355109
0.0355109
0.0355109
0.0355109
0.0355109
0.0355109
0.0355109
0.0355109
0.0355109
0.0355109
0.0355109
0.0355109
0.0355109
0.0355109
0.0355109
0.0355109
0.0355109
0.0355109
0.0355109
0.0355109
0.0355109
0.0355109
0.0355109
0.0355109
0.0355109
0.0355109
0.0355109
0.0355109
0.0355109
0.0355109
0.0355109
0.0355109
0.0355109
0.0355109
0.0355109
0.0355109
0.0355109
0.0355109
0.0355109
0.0355109
0.0355109
0.0355109
0.0355109
0.0355109
0.0355109
0.0355109
0.0355109
0.0355109
0.0355109
0.0355109
0.0355109
0.0355109
0.0347949
0.0340794
0.0334362
0.0327548
0.0320948
0.0314715
0.0314715
0.0314715
0.0314715
0.0314715
0.0314715
0.0314715
0.0314715
0.0314715
0.0314715
0.0314715
0.0314715
0.0314715
0.0314715
0.0314715
0.0314715
0.0314715
0.0314715
0.0314715
0.0314715
0.0314715
0.0314715
0.0314715
0.0314715
0.0314715
0.0314715
0.0314715
0.0314715
0.0314715
0.0314715
0.0314715
0.0314715
0.0314715
0.0314715
0.0314715
0.0314715
0.0314715
0.0314715
0.0314715
0.0314715
0.0314715
0.0314715
0.0314715
0.0314715
0.0314715
0.0314715
0.0314715
0.0314715
0.0314715
