2.53279e+07
8.56638e+06
8.56638e+06
8.56638e+06
8.56638e+06
8.56638e+06
8.56638e+06
8.56638e+06
4.48089e+06
4.34664e+06
3.12808e+06
3.12808e+06
2.53939e+06
2.14771e+06
2.14771e+06
1.89649e+06
1.32426e+06
1.32426e+06
1.04171e+06
1.04171e+06
1.04171e+06
753164
584871
584871
422294
392389
384677
236497
236497
236497
203263
153661
153661
149770
98919.7
98919.7
98919.7
98919.7
98919.7
98919.7
98919.7
98919.7
46247.9
35046.6
35046.6
32920
32920
24412.6
24412.6
24412.6
24412.6
16167.6
16167.6
16167.6
13981.2
13079.3
13079.3
12502.1
12502.1
9192.36
9192.36
9192.36
8277.57
8277.57
6959.4
6959.4
5788.09
5788.09
5788.09
5788.09
4961.8
4961.8
4644
4644
4644
4230.44
4209.19
4056.53
4023.7
3669.13
3669.13
3659.37
3659.37
3659.37
3659.37
3425.21
3425.21
3425.21
3319.38
3075.74
3075.74
3026.28
3005.45
2958.42
2942.68
2933.48
2891.83
2761.01
2759.54
2681.95
2656.5
2604.22
2568.3
2521.38
2497.24
2426.56
2382.04
2293.42
2246.65
2174.54
2114.42
2031.57
1953.8
1904
1802.11
1729.84
1677.59
1601.87
1502.93
1435.84
1346.44
1270
1187.17
1100.54
1026.26
935.568
874.305
781.147
703.106
649.44
581.357
520.05
468.531
425.881
368.592
328.935
282.111
251.587
215.869
173.681
141.591
116.152
98.1941
87.8635
63.9083
53.984
42.7281
41.3316
41.3316
41.3316
41.3316
41.3316
41.3316
41.3316
41.3316
41.3316
41.3316
41.3316
41.3316
41.3316
41.3316
41.3316
41.3316
41.3316
41.3316
41.3316
38.3172
36.0127
33.0455
32.6781
32.5175
32.5175
32.5175
32.5175
32.5175
32.4482
32.4482
32.4482
31.3629
30.3138
29.6715
29.506
29.506
29.4227
29.4227
29.4227
29.177
29.177
29.177
29.177
29.177
28.9295
28.8327
28.2484
28.2484
27.9528
27.8771
27.7244
27.6452
27.5506
27.4093
27.3085
27.2674
27.2328
27.2328
27.2084
27.1651
27.0523
26.9881
26.9881
26.9156
26.844
26.7703
26.7643
26.7409
26.6831
26.6605
26.6256
26.5847
26.5634
26.5273
26.4733
26.4624
26.3806
26.3396
26.2956
26.2529
26.1959
26.1657
26.1018
26.0821
26.0262
25.996
25.955
25.921
25.8724
25.84
25.798
25.7536
25.72
25.6772
25.6441
25.605
25.5589
25.5263
25.4868
25.4424
25.4085
25.3596
25.3287
25.2952
25.2564
25.2155
25.1805
25.1479
25.1128
25.0691
25.0368
25.0019
24.9691
24.9274
24.9014
24.8672
24.8358
24.802
24.7728
24.7432
24.7128
24.6803
24.652
24.6213
24.5884
24.557
24.521
24.4993
24.4644
24.4337
24.4054
24.3771
24.3477
24.3137
24.2811
24.2541
24.2274
24.195
24.1627
24.1334
24.1038
24.0703
24.0386
24.0099
23.976
23.9436
23.9135
23.8806
23.8477
23.8141
23.7831
23.7526
23.7187
23.6817
23.6516
23.6183
23.5805
23.5502
23.5165
23.4809
23.4463
23.4141
23.3795
23.3451
23.3106
23.2765
23.2396
23.206
23.1726
23.1342
23.1021
23.0684
23.0278
22.9891
22.9548
22.918
22.8796
22.8432
22.8055
22.7607
22.7273
22.6857
22.6468
22.6072
22.5615
22.5291
22.4884
22.45
22.4047
22.3671
22.3259
22.2863
22.2484
22.2069
22.1664
22.1274
22.0856
22.0395
22.0031
21.964
21.9171
21.8781
21.8373
21.7907
21.7539
21.7128
21.668
21.6218
21.5802
21.5371
21.4989
21.4517
21.4086
21.3697
21.3254
21.2861
21.2445
21.1987
21.1586
21.114
21.0688
21.0237
20.981
20.9376
20.8972
20.8504
20.8104
20.7603
20.7159
20.6772
20.6358
20.5927
20.5522
20.509
20.4582
20.4171
20.3634
20.3229
20.2806
20.2337
20.1935
20.1508
20.1068
20.0735
20.0334
19.9965
19.9617
19.9187
19.8881
19.8529
19.8205
19.7881
19.7666
19.7355
19.7144
19.688
19.6674
19.6423
19.6216
19.5849
19.576
19.5442
19.5329
19.5014
19.4724
19.4388
19.4069
19.3635
19.331
19.294
19.2521
19.2278
19.1874
19.1563
19.1226
19.0928
19.0564
19.03
18.9976
18.9681
18.9368
18.903
18.8698
18.8431
18.8081
18.7779
18.743
18.7153
18.6815
18.6474
18.6121
18.5856
18.547
18.5173
18.4746
18.4425
18.4119
18.3701
18.3359
18.3031
18.2616
18.2231
18.1935
18.143
18.1083
18.0668
18.0309
17.9897
17.952
17.9109
17.8733
17.8303
17.7878
17.7521
17.7084
17.6694
17.6269
17.5817
17.5472
17.5001
17.4575
17.4063
17.3633
17.3234
17.2759
17.2367
17.1964
17.1544
17.1176
17.0755
17.039
16.9985
16.9637
16.9307
16.8967
16.8635
16.8339
16.8103
16.7778
16.7628
16.7311
16.7016
16.6723
16.6421
16.6064
16.5719
16.5259
16.4778
16.4447
16.3961
16.3616
16.3246
16.2838
16.2539
16.2241
16.1882
16.1514
16.1218
16.0929
16.0528
16.0191
15.9902
15.9577
15.9226
15.8893
15.8545
15.8193
15.7819
15.7422
15.7036
15.6654
15.6306
15.5931
15.5557
15.5155
15.4774
15.434
15.396
15.3532
15.3132
15.2716
15.2249
15.1851
15.1504
15.1069
15.0647
15.0271
14.9827
14.9434
14.9018
14.8648
14.8237
14.7829
14.7405
14.6946
14.6574
14.62
14.5789
14.5397
14.5017
14.4595
14.4206
14.3777
14.337
14.2992
14.2548
14.2216
14.1834
14.1362
14.1024
14.0633
14.02
13.9895
13.9469
13.9107
13.8742
13.8317
13.7968
13.761
13.7239
13.6916
13.6562
13.6222
13.586
13.5475
13.5165
13.4798
13.4445
13.407
13.3741
13.3365
13.3019
13.2644
13.2271
13.1955
13.16
13.1267
13.0918
13.0597
13.0272
12.9891
12.9557
12.9224
12.8904
12.8581
12.8183
12.789
12.7481
12.7177
12.6822
12.6485
12.609
12.5844
12.5478
12.509
12.4745
12.4372
12.4011
12.3688
12.3289
12.2979
12.2542
12.2247
12.1874
12.1516
12.1101
12.0775
12.0429
12.0075
11.9657
11.9322
11.8965
11.8581
11.8225
11.7826
11.7464
11.7083
11.6706
11.6327
11.5942
11.558
11.5187
11.4815
11.439
11.3999
11.3656
11.3195
11.2823
11.2376
11.1837
11.1466
11.1016
11.0549
11.0044
10.9651
10.919
10.8728
10.8248
10.7718
10.7242
10.6732
10.6176
10.5734
10.5136
10.4684
10.4128
10.3611
10.3102
10.2605
10.2117
10.1569
10.1102
10.0617
10.007
9.95567
9.91331
9.8614
9.81051
9.75229
9.70214
9.64289
9.58349
9.5406
9.48429
9.43246
9.37461
9.32757
9.27782
9.227
9.17221
9.12021
9.07807
9.02459
8.9781
8.93451
8.89113
8.84219
8.79995
8.75607
8.70892
8.66294
8.61742
8.56394
8.52184
8.47566
8.43289
8.38681
8.33431
8.30004
8.24558
8.20739
8.16353
8.11839
8.07081
8.02864
7.98286
7.93789
7.88759
7.84878
7.80891
7.76694
7.72477
7.68595
7.64456
7.60796
7.56565
7.52712
7.4893
7.45324
7.41905
7.37828
7.33796
7.29478
7.26108
7.21278
7.17609
7.14101
7.10019
7.06176
7.02315
6.97917
6.94146
6.89168
6.85163
6.81245
6.76673
6.72455
6.68425
6.64913
6.61591
6.57464
6.53126
6.49702
6.45664
6.41884
6.37881
6.34204
6.3001
6.26746
6.22468
6.18355
6.14368
6.112
6.06661
6.0322
5.99346
5.95083
5.9131
5.87452
5.83944
5.79633
5.75908
5.72183
5.6808
5.64121
5.60583
5.55894
5.53099
5.49387
5.4621
5.41896
5.38393
5.35088
5.3137
5.27597
5.23053
5.1961
5.16083
5.12436
5.08942
5.0489
5.00888
4.96842
4.92717
4.88926
4.85364
4.81239
4.77944
4.73758
4.70384
4.66601
4.62679
4.59376
4.55043
4.51241
4.47654
4.43929
4.39786
4.35662
4.32041
4.27083
4.2294
4.19922
4.15772
4.11092
4.06986
4.02842
3.99242
3.94928
3.91096
3.8675
3.82513
3.77913
3.7301
3.6864
3.63411
3.58702
3.5462
3.49679
3.44377
3.40139
3.3585
3.31179
3.26533
3.21713
3.17606
3.131
3.08356
3.04365
2.99627
2.95192
2.91318
2.87386
2.83326
2.79178
2.74834
2.70938
2.64985
2.62397
2.58123
2.54125
2.4979
2.45419
2.406
2.35985
2.32032
2.27219
2.23258
2.19174
2.15233
2.11152
2.07391
2.03624
1.99532
1.95316
1.91136
1.87081
1.8293
1.78846
1.74784
1.70542
1.66432
1.62398
1.58191
1.5469
1.50599
1.46975
1.4281
1.39948
1.36136
1.3359
1.31017
1.27981
1.25557
1.23441
1.2128
1.19254
1.17617
1.16153
1.13782
1.11696
1.1027
1.08121
1.06058
1.02434
0.987209
0.960112
0.915648
0.896346
0.856762
0.839033
0.805273
0.777289
0.753444
0.738652
0.716025
0.698433
0.675781
0.655756
0.636798
0.616597
0.59799
0.583218
0.564808
0.549567
0.53325
0.517282
0.501948
0.487908
0.473498
0.460172
0.448001
0.433956
0.422096
0.41172
0.398901
0.385912
0.376173
0.364892
0.353476
0.343214
0.334808
0.324638
0.313192
0.305626
0.296982
0.288326
0.280552
0.271772
0.264304
0.257275
0.2498
0.243305
0.236924
0.230417
0.223167
0.218016
0.211038
0.204668
0.198851
0.193411
0.187517
0.181435
0.176605
0.171496
0.166053
0.16164
0.15675
0.151741
0.14797
0.143641
0.139342
0.13545
0.13144
0.127743
0.123659
0.120391
0.116945
0.11346
0.110704
0.107813
0.104674
0.10187
0.099382
0.0968658
0.0944674
0.0921496
0.0901263
0.0880847
0.0857427
0.0840861
0.082287
0.0804231
0.0787765
0.0772187
0.0756914
0.0742611
0.0728427
0.0715527
0.0701996
0.0690343
0.0679003
0.0668132
0.0658256
0.0648195
0.0637808
0.0628473
0.0619081
0.0610925
0.0610925
0.0610925
0.0610925
0.0610925
0.0610925
0.0610925
0.0610925
0.0610925
0.0610925
0.0610925
0.0610925
0.0610925
0.0610925
0.0610925
0.0610925
0.0610925
0.0610925
0.0610925
0.0610925
0.0610925
0.0610925
0.0610925
0.0610925
0.0610925
0.0610925
0.0610925
0.0610925
0.0610925
0.0610925
0.0610925
0.0610925
0.0610925
0.0610925
0.0610925
0.0610925
0.0610925
0.0610925
0.0610925
0.0610925
0.0610925
0.0610925
0.0610925
0.0610925
0.0610925
0.0610925
0.0610925
0.0610925
0.0610925
0.0610925
0.0610925
0.0610925
0.0610925
0.0610925
0.0610925
0.0610925
0.0610925
0.0610925
0.0610925
0.0610925
0.0610925
0.0610925
0.0610925
0.0610925
0.0610925
0.0610925
0.0610925
0.0610925
0.0610925
0.0610925
0.0610925
0.0610925
0.0610925
0.0610925
0.0610925
0.0610925
0.0610925
0.0610925
0.0610925
0.0610925
0.0610925
0.0610925
0.0610925
0.0610925
0.0610925
0.0610925
0.0610925
0.0610925
0.0610925
0.0610925
0.0610925
0.0610925
0.0610925
0.0610925
0.0610925
0.0610925
0.0610925
0.0610925
0.0610925
0.0610925
0.0610925
0.0610925
0.0610925
0.0610925
0.0610925
0.0610925
0.0610925
0.0610925
0.0610925
0.0610925
0.0610925
0.0610925
0.0610925
0.0610925
0.0610925
0.0610925
0.0610925
0.0610925
0.0610925
0.0610925
0.0610925
0.0610925
0.0610925
0.0610925
0.0610925
0.0610925
0.0610925
0.0610925
0.0610925
0.0610925
0.0610925
0.0610925
0.0610925
0.0610925
0.0610925
0.0610925
0.0610925
0.0610925
0.0610925
0.0610925
0.0610925
0.0610925
0.0610925
0.0610925
0.0610925
0.0610925
0.0610925
0.0610925
0.0610925
0.0610925
0.0610925
0.0610925
0.0610925
0.0610925
0.0610925
0.0610925
0.0610925
0.0610925
0.0610925
0.0610925
0.0610925
0.0610925
0.0610925
0.0610925
0.0610925
0.0610925
0.0610925
0.0610925
0.0610925
0.0610925
0.0610925
0.0610925
0.0610925
0.0610925
0.0610925
0.0610925
0.0610925
0.0610925
0.0610925
0.0610925
0.0610925
0.0610925
0.0610925
0.0610925
0.0610925
0.0610925
0.0610925
0.0610925
0.0610925
0.0610925
0.0610925
0.0610925
0.0610925
0.0610925
0.0610925
0.0610925
0.0610925
0.0610925
0.0610925
0.0610925
0.0610925
0.0610925
0.0610925
0.0610925
0.0610925
0.0610925
0.0610925
0.0610925
0.0610925
0.0610925
0.0610925
0.0610925
0.0610925
0.0610925
0.0610925
0.0610925
0.0610925
0.0610925
0.0610925
0.0610925
0.0610925
0.0610925
0.0610925
0.0610925
0.0610925
0.0610925
0.0610925
0.0610925
0.0610925
0.0610925
0.0610925
0.0610925
0.0610925
0.0610925
0.0610925
0.0610925
0.0610925
0.0610925
0.0610925
0.0610925
0.0610925
0.0610925
0.0610925
0.0610925
0.0610925
0.0610925
0.0610925
0.0610925
0.0610925
0.0610925
0.0610925
0.0610925
0.0610925
0.0610925
0.0610925
0.0610925
0.0610925
0.0610925
0.0610925
0.0610925
0.0610925
0.0610925
0.0610925
0.0610925
0.0610925
0.0610925
0.0610925
0.0610925
0.0610925
0.0610925
0.0610925
0.0610925
0.0610925
0.0610925
0.0610925
0.0610925
0.0610925
0.0610925
0.0610925
0.0610925
0.0610925
0.0610925
0.0610925
0.0610925
0.0610925
0.0610925
0.0610925
0.0610925
0.0610925
0.0610925
0.0610925
0.0610925
0.0610925
0.0610925
0.0610925
0.0610925
0.0610925
0.0610925
0.0610925
0.0610925
0.0610925
0.0610925
0.0610925
0.0610925
0.0610925
0.0610925
0.0610925
0.0610925
0.0610925
0.0610925
0.0610925
0.0610925
0.0610925
0.0610925
0.0610925
0.0610925
0.0610925
0.0610925
0.0610925
0.0610925
0.0610925
0.0610925
0.0610925
0.0610925
0.0610925
0.0610925
0.0610925
0.0610925
0.0610925
0.0610925
0.0610925
0.0610925
0.0610925
0.0610925
0.0610925
0.0610925
0.0610925
0.0610925
0.0610925
0.0610925
0.0610925
0.0610925
0.0610925
0.0610925
0.0610925
0.0610925
0.0610925
0.0610925
0.0610925
0.0610925
0.0610925
0.0610925
0.0610925
0.0610925
0.0610925
0.0610925
0.0610925
0.0610925
0.0610925
0.0610925
0.0610925
0.0610925
0.0610925
0.0610925
0.0610925
0.0610925
0.0610925
0.0610925
0.0610925
0.0610925
0.0610925
0.0610925
0.0610925
0.0610925
0.0610925
0.0610925
0.0610925
0.0610925
0.0610925
0.0610925
0.0610925
0.0610925
0.0610925
0.0610925
0.0610925
0.0610925
0.0610925
0.0610925
0.0610925
0.0610925
0.0610925
0.0610925
0.0610925
0.0610925
0.0610925
0.0610925
0.0610925
0.0610925
0.0610925
0.0610925
0.0610925
0.0610925
0.0610925
0.0610925
0.0610925
0.0610925
0.0610925
0.0610925
0.0610925
0.0610925
0.0610925
0.0610925
0.0610925
0.0610925
0.0610925
0.0610925
0.0610925
0.0610925
0.0610925
0.0610925
0.0610925
0.0610925
0.0610925
0.0610925
0.0610925
0.0610925
0.0610925
0.0610925
0.0610925
0.0610925
0.0610925
0.0610925
0.0610925
0.0610925
0.0610925
0.0610925
0.0610925
0.0610925
0.0610925
0.0610925
0.0610925
0.0610925
0.0610925
0.0610925
0.0610925
0.0610925
0.0610925
0.0610925
0.0610925
0.0610925
0.0610925
0.0610925
0.0610925
0.0610925
0.0610925
0.0610925
0.0610925
0.0610925
0.0610925
0.0610925
0.0610925
0.0610925
0.0610925
0.0610925
0.0610925
0.0610925
0.0610925
0.0610925
0.0610925
0.0610925
0.0610925
0.0610925
0.0610925
0.0610925
0.0610925
0.0610925
0.0610925
0.0610925
0.0610925
0.0610925
0.0610925
0.0610925
0.0610925
0.0610925
0.0610925
0.0610925
0.0610925
0.0610925
0.0610925
0.0610925
0.0610925
0.0610925
0.0610925
0.0610925
0.0610925
0.0610925
0.0610925
0.0610925
0.0610925
0.0610925
0.0610925
0.0610925
0.0610925
0.0610925
0.0610925
0.0610925
0.0610925
0.0610925
0.0610925
0.0610925
0.0610925
0.0610925
0.0610925
0.0610925
0.0610925
0.0610925
0.0610925
0.0610925
0.0610925
0.0610925
0.0610925
0.0610925
0.0610925
0.0610925
0.0610925
0.0610925
0.0610925
0.0610925
0.0610925
0.0610925
0.0610925
0.0610925
0.0610925
0.0610925
0.0610925
0.0610925
0.0610925
0.0610925
0.0610925
0.0610925
0.0610925
0.0610925
0.0610925
0.0610925
0.0610925
0.0610925
0.0610925
0.0610925
0.0610925
0.0610925
0.0610925
0.0610925
0.0610925
0.0610925
0.0610925
0.0610925
0.0610925
0.0610925
0.0610925
0.0610925
0.0610925
0.0610925
0.0610925
0.0610925
0.0610925
0.0610925
0.0610925
0.0610925
0.0610925
0.0610925
0.0610925
0.0610925
0.0610925
0.0610925
0.0610925
0.0610925
0.0610925
0.0610925
0.0610925
0.0610925
0.0610925
0.0610925
0.0610925
0.0610925
0.0610925
0.0610925
0.0610925
0.0610925
0.0610925
0.0610925
0.0610925
0.0610925
0.0610925
0.0610925
0.0610925
0.0610925
0.0610925
0.0610925
0.0610925
0.0610925
0.0610925
0.0610925
0.0610925
0.0610925
0.0610925
0.0610925
0.0610925
0.0610925
0.0610925
0.0610925
0.0610925
0.0610925
0.0610925
0.0610925
0.0610925
0.0610925
0.0610925
0.0610925
0.0610925
0.0610925
0.0610925
0.0610925
0.0610925
0.0610925
0.0610925
0.0610925
0.0610925
0.0610925
0.0610925
0.0610925
0.0610925
0.0610925
0.0610925
0.0610925
0.0610925
0.0610925
0.0610925
0.0610925
0.0610925
0.0610925
0.0610925
0.0610925
0.0610925
0.0610925
0.0610925
0.0610925
0.0610925
0.0610925
0.0610925
0.0610925
0.0610925
0.0610925
0.0610925
0.0610925
0.0610925
0.0610925
0.0610925
0.0610925
0.0610925
0.0610925
0.0610925
0.0610925
0.0610925
0.0610925
0.0610925
0.0610925
0.0610925
0.0610925
0.0610925
0.0610925
0.0610925
0.0610925
0.0610925
0.0610925
0.0610925
0.0610925
0.0610925
0.0610925
0.0610925
0.0610925
0.0610925
0.0610925
0.0610925
0.0610925
0.0610925
0.0610925
0.0610925
0.0610925
0.0610925
0.0610925
0.0610925
0.0610925
0.0610925
0.0610925
0.0610925
0.0610925
0.0610925
0.0610925
0.0610925
0.0610925
0.0610925
0.0610925
0.0610925
0.0610925
0.0610925
0.0610925
0.0610925
0.0610925
0.0610925
0.0610925
0.0610925
0.0610925
0.0610925
0.0610925
0.0610925
0.0610925
0.0610925
0.0610925
0.0610925
0.0610925
0.0610925
0.0610925
0.0610925
0.0610925
0.0610925
0.0610925
0.0610925
0.0610925
0.0610925
0.0610925
0.0610925
0.0610925
0.0610925
0.0610925
0.0610925
0.0610925
0.0610925
0.0610925
0.0610925
0.0610925
0.0610925
0.0610925
0.0610925
0.0610925
0.0610925
0.0610925
0.0610925
0.0610925
0.0610925
0.0610925
0.0610925
0.0610925
0.0610925
0.0610925
0.0610925
0.0610925
0.0610925
0.0610925
0.0610925
0.0610925
0.0610925
0.0610925
0.0610925
0.0610925
0.0610925
0.0610925
0.0610925
0.0610925
0.0610925
0.0610925
0.0610925
0.0610925
0.0610925
0.0610925
0.0610925
0.0610925
0.0610925
0.0610925
0.0610925
0.0610925
0.0610925
0.0610925
0.0610925
0.0610925
0.0610925
0.0610925
0.0610925
0.0610925
0.0610925
0.0610925
0.0610925
0.0610925
0.0610925
0.0610925
0.0610925
0.0610925
0.0610925
0.0610925
0.0610925
0.0610925
0.0610925
0.0610925
0.0610925
0.0610925
0.0610925
0.0610925
0.0610925
0.0610925
0.0610925
0.0610925
0.0610925
0.0610925
0.0610925
0.0610925
0.0610925
0.0610925
0.0610925
0.0610925
0.0610925
0.0610925
0.0610925
0.0610925
0.0606741
0.0595202
0.0584555
0.0573849
0.0562422
0.0553391
0.054365
0.0533499
0.0524307
0.0515444
0.050613
0.0497723
0.0488754
0.0481517
0.0473344
0.0465026
0.0457412
0.0450592
0.0442201
0.0434028
0.0427672
0.0420668
0.0414171
0.0406965
0.0399853
0.0393694
0.038694
0.0381087
0.0374713
0.0374713
0.0374713
0.0374713
0.0374713
0.0374713
0.0374713
0.0374713
0.0374713
0.0374713
0.0374713
0.0374713
0.0374713
0.0374713
0.0374713
0.0374713
0.0374713
0.0374713
0.0374713
0.0374713
0.0374713
0.0374713
0.0374713
0.0374713
0.0374713
0.0374713
0.0374713
0.0374713
0.0374713
0.0374713
0.0374713
0.0374713
0.0374713
0.0374713
0.0374713
0.0374713
0.0374713
0.0374713
0.0374713
0.0374713
0.0374713
0.0374713
0.0374713
0.0374713
0.0374713
0.0374713
0.0374713
0.0374713
0.0374713
0.0374713
0.0374713
0.0374713
0.0374713
0.0374713
0.0374713
0.0374713
0.0374713
0.0374713
0.0374713
0.0374713
0.0374713
0.0374713
0.0374713
0.0374713
0.0374713
0.0374713
0.0374713
0.0374713
0.0374713
0.0374713
0.0374713
0.0374713
0.0374713
0.0374713
0.0374713
0.0374713
0.0374713
0.0374713
0.0374713
0.0374713
0.0374713
0.0374713
0.0374713
0.0374713
0.0374713
0.0374713
0.0374713
0.0374713
0.0374713
0.0374713
0.0374713
0.0374713
0.0374713
0.0374713
0.0374713
0.0374713
0.0374713
0.0374713
0.0374713
0.0374713
0.0374713
0.0374713
0.0374713
0.0374713
0.0374713
0.0374713
0.0374713
0.0374713
0.0374713
0.0374713
0.0374713
0.0374713
0.0374713
0.0374713
0.0374713
0.0374713
0.0374713
0.0374713
0.0374713
0.0374713
0.0374713
0.0374713
0.0374713
0.0374713
0.0374713
0.0374713
0.0374713
0.0374713
0.0374713
0.0374713
0.0374713
0.0374713
0.0374713
0.0374713
0.0374713
0.0374713
0.0374713
0.0374713
0.0374713
0.0374713
0.0374713
0.0374713
0.0374713
0.0374713
0.0374713
0.0374713
0.0374713
0.0374713
0.0374713
0.0374713
0.0374713
0.0374713
0.0374713
0.0374713
0.0374713
0.0374713
0.0374713
0.0374713
0.0374713
0.0374713
0.0374713
0.0374713
0.0374713
0.0374713
0.0374713
0.0374713
0.0374713
0.0374713
0.0374713
0.0374713
0.0374713
0.0374713
0.0374713
0.0374713
0.0374713
0.0374713
0.0374713
0.0374713
0.0374713
0.0374713
0.0374713
0.0374713
0.0374713
0.0374713
0.0374713
0.0374713
0.0374713
0.0374713
0.0374713
0.0374713
0.0374713
0.0374713
0.0374713
0.0374713
0.0374713
0.0374713
0.0374713
0.0374713
0.0374713
0.0374713
0.0374713
0.0374713
0.0374713
0.0374713
0.0374713
0.0374713
0.0374713
0.0374713
0.0374713
0.0374713
0.0374713
0.0374713
0.0374713
0.0374713
0.0374713
0.0374713
0.0374713
0.0374713
0.0374713
0.0374713
0.0374713
0.0374713
0.0374713
0.0374713
0.0374713
0.0374713
0.0374713
0.0374713
0.0374713
0.0374713
0.0374713
0.0374713
0.0374713
0.0374713
0.0374713
0.0374713
0.0374713
0.0374713
0.0374713
0.0374713
0.0374713
0.0374713
0.0374713
0.0374713
0.0374713
0.0374713
0.0374713
0.0374713
0.0374713
0.0374713
0.0374713
0.0374713
0.0374713
0.0374713
0.0374713
0.0374713
0.0374713
0.0374713
0.0374713
0.0374713
0.0374713
0.0374713
0.0374713
0.0374713
0.0374713
0.0374713
0.0374713
0.0374713
0.0374713
0.0374713
0.0374713
0.0374713
0.0374713
0.0374713
0.0374713
0.0374713
0.0374713
0.0374713
0.0374713
0.0374713
0.0374713
0.0374713
0.0374713
0.0374713
0.0374713
0.0374713
0.0374713
0.0374713
0.0374713
0.0374713
0.0374713
0.0374713
0.0374713
0.0374713
0.0374713
0.0374713
0.0374713
0.0374713
0.0374713
0.0374713
0.0374713
0.0374713
0.0374713
0.0374713
0.0374713
0.0374713
0.0374713
0.0374713
0.0374713
0.0374713
0.0374713
0.0374713
0.0374713
0.0374713
0.0374713
0.0374713
0.0374713
0.0374713
0.0374713
0.0374713
0.0374713
0.0374713
0.0374713
0.0374713
0.0374713
0.0374713
0.0374713
0.0374713
0.0374713
0.0374713
0.0374713
0.0374713
0.0374713
0.0374713
0.0374713
0.0374713
0.0374713
0.0374713
0.0374713
0.0374713
0.0374713
0.0374713
0.0374713
0.0374713
0.0374713
0.0374713
0.0374713
0.0374713
0.0374713
0.0374713
0.0374713
0.0374713
0.0374713
0.0374713
0.0374713
0.0374713
0.0374713
0.0374713
0.0374713
0.0374713
0.0374713
0.0374713
0.0374713
0.0374713
0.0374713
0.0374713
0.0374713
0.0374713
0.0374713
0.0374713
0.0374713
0.0374713
0.0374713
0.0374713
0.0374713
0.0374713
0.0374713
0.0374713
0.0374713
0.0374713
0.0374713
0.0374713
0.0374713
0.0374713
0.0374713
0.0374713
0.0374713
0.0374713
0.0374713
0.0374713
0.0374713
0.0374713
0.0374713
0.0374713
0.0374713
0.0374713
0.0374713
0.0374713
0.0374713
0.0374713
0.0374713
0.0374713
0.0374713
0.0374713
0.0374713
0.0374713
0.0374713
0.0374713
0.0374713
0.0374713
0.0374713
0.0374713
0.0374713
0.0374713
0.0374713
0.0374713
0.0374713
0.0374713
0.0374713
0.0374713
0.0374713
0.0374713
0.0374713
0.0374713
0.0374713
0.0374713
0.0374713
0.0374713
0.0374713
0.0374713
0.0374713
0.0374713
0.0374713
0.0374713
0.0374713
0.0374713
0.0374713
0.0374713
0.0374713
0.0374713
0.0374713
0.0374713
0.0374713
0.0374713
0.0374713
0.0374713
0.0374713
0.0374713
0.0374713
0.0374713
0.0374713
0.0374713
0.0374713
0.0374713
0.0374713
0.0374713
0.0374713
0.0374713
0.0374713
0.0374713
0.0374713
0.0374713
0.0374713
0.0374713
0.0374713
0.0374713
0.0374713
0.0374713
0.0374713
0.0374713
0.0374713
0.0374713
0.0374713
0.0374713
0.0374713
0.0374713
0.0374713
0.0374713
0.0374713
0.0374713
0.0374713
0.0374713
0.0374713
0.0374713
0.0374713
0.0374713
0.0374713
0.0374713
0.0374713
0.0374713
0.0374713
0.0374713
0.0374713
0.0374713
0.0374713
0.0374713
0.0374713
0.0374713
0.0374713
0.0374713
0.0374713
0.0374713
0.0374713
0.0374713
0.0374713
0.0374713
0.0374713
0.0374713
0.0374713
0.0374713
0.0374713
0.0374713
0.0374713
0.0374713
0.0374713
0.0374713
0.0374713
0.0374713
0.0374713
0.0374713
0.0374713
0.0374713
0.0374713
0.0374713
0.0374713
0.0374713
0.0374713
0.0374713
0.0374713
0.0374713
0.0374713
0.0374713
0.0374713
0.0374713
0.0374713
0.0374713
0.0374713
0.0374713
0.0374713
0.0374713
0.0374713
0.0374713
0.0374713
0.0374713
0.0374713
0.0374713
0.0374713
0.0374713
0.0374713
0.0374713
0.0374713
0.0374713
0.0374713
0.0374713
0.0374713
0.0374713
0.0374713
0.0374713
0.0374713
0.0374713
0.0374713
0.0374713
0.0374713
0.0374713
0.0374713
0.0374713
0.0374713
0.0374713
0.0374713
0.0374713
0.0374713
0.0374713
0.0374713
0.0374713
0.0374713
0.0374713
0.0374713
0.0374713
0.0374713
0.0374713
0.0374713
0.0374713
0.0374713
0.0374713
0.0374713
0.0374713
0.0374713
0.0374713
0.0374713
0.0374713
0.0374713
0.0374713
0.0374713
0.0374713
0.0374713
0.0374713
0.0374713
0.0374713
0.0374713
0.0374713
0.0374713
0.0374713
0.0374713
0.0374713
0.0374713
0.0374713
0.0374713
0.0374713
0.0374713
0.0374713
0.0374713
0.0374713
0.0374713
0.0374713
0.0374713
0.0374713
0.0374713
0.0374713
0.0374713
0.0374713
0.0374713
0.0374713
0.0374713
0.0374713
0.0374713
0.0374713
0.0374713
0.0374713
0.0374713
0.0374713
0.0374713
0.0374713
0.0374713
0.0374713
0.0374713
0.0374713
0.0374713
0.0374713
0.0374713
0.0374713
0.0374713
0.0374713
0.0374713
0.0374713
0.0374713
0.0374713
0.0374713
0.0374713
0.0374713
0.0374713
0.0374713
0.0374713
0.0374713
0.0374713
0.0374713
0.0374713
0.0374713
0.0374713
0.0374713
0.0374713
0.0374713
