3.38243e+07
1.52283e+07
6.72552e+06
6.72552e+06
6.72552e+06
6.03189e+06
6.03189e+06
6.03189e+06
6.03189e+06
6.03189e+06
6.03189e+06
6.03189e+06
4.0289e+06
2.99722e+06
2.99722e+06
1.83959e+06
1.40677e+06
1.40677e+06
1.40677e+06
1.40677e+06
1.40677e+06
1.40677e+06
1.11034e+06
1.11034e+06
1.09042e+06
1.09042e+06
744103
662095
662095
484330
328470
143764
143764
120696
120696
120696
120696
120696
120696
120696
95130
95130
95130
55263.8
55263.8
49149.5
49149.5
33953.3
33953.3
25004.6
25004.6
25004.6
25004.6
25004.6
21615.7
21615.7
15751.8
15751.8
7449.44
7449.44
7449.44
7082.19
6790.45
4645.98
4412.75
3134.81
2543.63
2334
2000.05
2000.05
1380.2
1380.2
1380.2
1380.2
1380.2
1380.2
1380.2
1291.48
903.315
903.315
678.426
678.426
440.566
440.566
440.566
411.567
411.567
404.03
314.787
277.611
277.611
277.611
277.611
277.611
277.611
277.611
277.611
245.343
180.013
180.013
175.304
152.417
152.417
112.825
112.825
112.614
109.296
98.8554
98.8554
82.0536
80.6484
80.6484
80.6484
78.3757
78.3757
75.0618
69.707
59.8038
53.2913
53.2913
45.6041
45.6041
45.6041
45.6041
45.6041
44.9244
43.8985
41.4757
36.3427
35.3015
35.3015
35.1033
33.4303
33.4303
32.8368
32.023
32.023
31.6578
31.6578
31.6356
31.6356
31.0363
31.0363
31.0363
30.9569
30.8422
30.2979
30.1773
29.7377
29.3889
29.3889
29.3889
28.9369
28.9369
28.9169
28.9169
28.7978
28.6714
28.6714
28.6714
28.6714
28.6714
28.6479
28.6479
28.5832
28.5457
28.4089
28.3665
28.2597
28.1994
28.0962
27.9243
27.9243
27.8777
27.7573
27.7231
27.623
27.5731
27.5731
27.5437
27.4859
27.45
27.4105
27.337
27.2661
27.2003
27.1401
27.0907
27.0263
26.9836
26.9371
26.9132
26.8511
26.7969
26.78
26.7304
26.6993
26.661
26.6135
26.5664
26.5264
26.4792
26.4465
26.3999
26.3607
26.3229
26.2917
26.2528
26.2131
26.1696
26.1247
26.0875
26.0391
26.0041
25.9607
25.9216
25.8784
25.8397
25.7967
25.7636
25.726
25.6842
25.651
25.6124
25.5723
25.5458
25.5131
25.4827
25.4486
25.4174
25.3846
25.3577
25.3272
25.2997
25.266
25.2325
25.1976
25.1631
25.1262
25.083
25.0591
25.0288
24.9959
24.9592
24.9295
24.897
24.8651
24.831
24.8025
24.7685
24.7372
24.7023
24.6675
24.637
24.6033
24.5671
24.5336
24.4984
24.4678
24.4319
24.4044
24.364
24.3272
24.2905
24.2482
24.2169
24.1692
24.1369
24.0926
24.0566
24.0216
23.9819
23.9419
23.8999
23.861
23.8224
23.7854
23.7458
23.7087
23.6705
23.6315
23.5941
23.5536
23.5187
23.4835
23.4438
23.4063
23.3667
23.332
23.2972
23.2521
23.2221
23.1863
23.1547
23.1166
23.0812
23.0456
23.0165
22.9805
22.9464
22.9139
22.8812
22.851
22.8172
22.7835
22.7505
22.7183
22.6861
22.65
22.6194
22.5837
22.5575
22.5261
22.4938
22.4585
22.4306
22.3994
22.3653
22.3372
22.3019
22.2705
22.2436
22.2117
22.1798
22.1502
22.1228
22.0902
22.0616
22.0332
22.005
21.9737
21.9467
21.9177
21.8889
21.8585
21.8306
21.8042
21.7739
21.7464
21.721
21.6922
21.6649
21.6361
21.6078
21.5829
21.5548
21.5267
21.4945
21.4702
21.4396
21.4127
21.3838
21.3559
21.3272
21.2999
21.2647
21.2417
21.2111
21.1816
21.1508
21.1251
21.096
21.0664
21.039
21.01
20.9786
20.9512
20.9205
20.8838
20.8573
20.8201
20.7942
20.7608
20.728
20.698
20.6673
20.6355
20.6062
20.5751
20.5485
20.5184
20.4904
20.4594
20.4278
20.3991
20.3688
20.3414
20.311
20.2833
20.253
20.2255
20.1995
20.1727
20.1417
20.1168
20.087
20.0581
20.0319
19.9944
19.971
19.9396
19.9089
19.8778
19.8478
19.8161
19.7852
19.7535
19.7186
19.6883
19.6526
19.6189
19.5842
19.5532
19.5202
19.4812
19.4519
19.4164
19.3808
19.3449
19.3056
19.2788
19.2471
19.2121
19.1836
19.1515
19.1232
19.0911
19.0608
19.0292
19.0039
18.9732
18.9464
18.9203
18.8952
18.868
18.845
18.8213
18.7963
18.7769
18.7508
18.7323
18.7097
18.6903
18.6611
18.6367
18.6149
18.5878
18.5609
18.5338
18.5069
18.4777
18.4484
18.4167
18.3926
18.3656
18.3361
18.3069
18.2848
18.2588
18.2264
18.2023
18.1749
18.1465
18.1194
18.0904
18.0615
18.0322
18.0028
17.9729
17.9454
17.9159
17.8894
17.8593
17.8318
17.8003
17.7774
17.7455
17.7215
17.693
17.664
17.6335
17.6012
17.5705
17.5369
17.5046
17.4688
17.4352
17.4049
17.3651
17.3352
17.3007
17.2681
17.2316
17.2019
17.1701
17.1384
17.1079
17.0729
17.0432
17.0101
16.9767
16.9404
16.9121
16.8805
16.846
16.8121
16.78
16.7476
16.7154
16.6775
16.6438
16.6082
16.5736
16.5403
16.5016
16.4693
16.4354
16.401
16.367
16.331
16.297
16.2618
16.2296
16.1933
16.1573
16.123
16.0851
16.0519
16.0139
15.9791
15.9422
15.9074
15.8719
15.8362
15.7986
15.7638
15.7254
15.6931
15.653
15.6152
15.5787
15.5452
15.5066
15.4758
15.4431
15.4104
15.3775
15.342
15.3088
15.2757
15.241
15.1985
15.173
15.1387
15.104
15.074
15.0408
15.006
14.9703
14.9399
14.9051
14.8708
14.8383
14.8019
14.7731
14.7406
14.7088
14.6758
14.6438
14.6131
14.5815
14.5488
14.5152
14.4876
14.4544
14.4246
14.3932
14.3616
14.3356
14.3039
14.2807
14.2524
14.2246
14.1986
14.1698
14.1432
14.1214
14.0921
14.0706
14.0414
14.0194
13.9914
13.9696
13.9452
13.922
13.8991
13.877
13.8542
13.8323
13.8098
13.7883
13.7675
13.744
13.7202
13.699
13.6747
13.6506
13.6266
13.5978
13.5764
13.5456
13.5201
13.4969
13.4678
13.4432
13.4136
13.3881
13.3554
13.3262
13.2996
13.2681
13.2312
13.2023
13.1673
13.1394
13.097
13.0687
13.0296
12.9965
12.9648
12.93
12.8961
12.8671
12.8305
12.7938
12.7568
12.721
12.6858
12.6457
12.6055
12.5659
12.5323
12.4912
12.4544
12.4168
12.383
12.347
12.3067
12.2657
12.2313
12.1893
12.1483
12.1095
12.072
12.0351
11.999
11.9583
11.9221
11.88
11.8404
11.8056
11.7661
11.7274
11.6884
11.6459
11.6067
11.564
11.524
11.481
11.4366
11.3933
11.3591
11.3121
11.2684
11.2305
11.1888
11.1483
11.1005
11.0672
11.0225
10.9817
10.9477
10.9074
10.8744
10.8348
10.7975
10.7617
10.7223
10.6847
10.6495
10.6093
10.5739
10.5378
10.4974
10.4586
10.4257
10.3899
10.3503
10.3134
10.2728
10.2353
10.1993
10.1583
10.1219
10.0803
10.0406
10.002
9.95838
9.91774
9.87973
9.83749
9.79556
9.75066
9.7078
9.66415
9.62095
9.58073
9.53753
9.4938
9.45041
9.40635
9.36588
9.31895
9.27618
9.23114
9.18495
9.13685
9.08706
9.04651
8.99758
8.95109
8.90902
8.86225
8.8178
8.77063
8.72319
8.67554
8.63181
8.58356
8.53606
8.49237
8.44435
8.395
8.34819
8.30291
8.25462
8.20652
8.15158
8.11273
8.06112
8.0136
7.96867
7.9156
7.86359
7.82207
7.77227
7.71564
7.66539
7.62128
7.56885
7.5194
7.469
7.42113
7.36623
7.31264
7.26641
7.21468
7.15683
7.10045
7.05636
7.00374
6.94357
6.89013
6.82919
6.77545
6.72438
6.66511
6.6095
6.55297
6.49669
6.43062
6.37852
6.32192
6.26739
6.20881
6.1519
6.0971
6.04117
5.99929
5.93975
5.90386
5.85095
5.78986
5.73534
5.68478
5.62919
5.5645
5.50147
5.45719
5.40344
5.3452
5.29555
5.24211
5.1885
5.13673
5.07929
5.02632
4.97876
4.92505
4.86447
4.83194
4.77906
4.71834
4.6766
4.63019
4.57288
4.52774
4.46924
4.42382
4.38318
4.33578
4.2876
4.2476
4.20415
4.16188
4.11815
4.0762
4.03754
3.99574
3.94155
3.90526
3.86902
3.83195
3.78748
3.73409
3.69705
3.64651
3.60829
3.5748
3.52743
3.48539
3.44544
3.40577
3.36447
3.32252
3.28347
3.24013
3.1983
3.15938
3.11842
3.07229
3.03351
2.99291
2.94743
2.91074
2.87087
2.82929
2.78911
2.74855
2.707
2.66363
2.62228
2.58939
2.55048
2.50745
2.47385
2.42885
2.39479
2.35727
2.32334
2.28114
2.24801
2.20981
2.16945
2.13241
2.09264
2.05261
2.02092
1.9834
1.95294
1.9172
1.88682
1.85597
1.82176
1.79152
1.75894
1.721
1.69137
1.65248
1.62425
1.58343
1.55874
1.53045
1.50181
1.47608
1.44596
1.42193
1.39601
1.3697
1.3459
1.31621
1.29179
1.26508
1.23921
1.20956
1.18737
1.15894
1.13623
1.10841
1.08092
1.0592
1.03101
1.00595
0.98279
0.95643
0.932868
0.909291
0.884053
0.859327
0.836624
0.813937
0.790289
0.771525
0.751347
0.730227
0.710637
0.688865
0.669582
0.648512
0.628561
0.608577
0.591566
0.574424
0.55559
0.539044
0.520723
0.499183
0.487682
0.470614
0.456337
0.439818
0.426254
0.411052
0.395259
0.383808
0.370756
0.358169
0.346437
0.335404
0.323162
0.312028
0.303153
0.292231
0.283463
0.273765
0.264053
0.255248
0.246278
0.238974
0.228862
0.22281
0.215704
0.207913
0.199655
0.19299
0.186401
0.179732
0.173354
0.167244
0.162062
0.156005
0.151575
0.145802
0.14152
0.136727
0.132863
0.127804
0.124244
0.120283
0.116612
0.112872
0.109342
0.105392
0.102333
0.0989734
0.0957024
0.0925369
0.089796
0.0869103
0.0840821
0.0816151
0.0793491
0.0770758
0.0746354
0.0724422
0.0705045
0.0685178
0.0665617
0.0649138
0.063223
0.0615234
0.0599809
0.0583077
0.0566949
0.0553469
0.0539185
0.0526226
0.0511939
0.0499323
0.0488576
0.047571
0.0463769
0.0452439
0.0441578
0.0431094
0.0420291
0.0411053
0.0401877
0.0392622
0.0383661
0.0375325
0.0367275
0.0359782
0.0351462
0.0344135
0.0336529
0.0329776
0.0323545
0.0317257
0.0311058
0.0304649
0.0298635
0.0292839
0.0287647
0.0281617
0.0276651
0.027049
0.026603
0.0260797
0.0260797
0.0260797
0.0260797
0.0260797
0.0260797
0.0260797
0.0260797
0.0260797
0.0260797
0.0260797
0.0260797
0.0260797
0.0260797
0.0260797
0.0260797
0.0260797
0.0260797
0.0260797
0.0260797
0.0260797
0.0260797
0.0260797
0.0260797
0.0260797
0.0260797
0.0260797
0.0260797
0.0260797
0.0260797
0.0260797
0.0260797
0.0260797
0.0260797
0.0260797
0.0260797
0.0260797
0.0260797
0.0260797
0.0260797
0.0260797
0.0260797
0.0260797
0.0260797
0.0260797
0.0260797
0.0260797
0.0260797
0.0260797
0.0260797
0.0260797
0.0260797
0.0260797
0.0260797
0.0260797
0.0260797
0.0260797
0.0260797
0.0260797
0.0260797
0.0260797
0.0260797
0.0260797
0.0260797
0.0260797
0.0260797
0.0260797
0.0260797
0.0260797
0.0260797
0.0260797
0.0260797
0.0260797
0.0260797
0.0260797
0.0260797
0.0260797
0.0260797
0.0260797
0.0260797
0.0260797
0.0260797
0.0260797
0.0260797
0.0260797
0.0260797
0.0260797
0.0260797
0.0260797
0.0260797
0.0260797
0.0260797
0.0260797
0.0260797
0.0260797
0.0260797
0.0260797
0.0260797
0.0260797
0.0260797
0.0260797
0.0260797
0.0260797
0.0260797
0.0260797
0.0260797
0.0260797
0.0260797
0.0260797
0.0260797
0.0260797
0.0260797
0.0260797
0.0260797
0.0260797
0.0260797
0.0260797
0.0260797
0.0260797
0.0260797
0.0260797
0.0260797
0.0260797
0.0260797
0.0260797
0.0260797
0.0260797
0.0260797
0.0260797
0.0260797
0.0260797
0.0260797
0.0260797
0.0260797
0.0260797
0.0260797
0.0260797
0.0260797
0.0260797
0.0260797
0.0260797
0.0260797
0.0260797
0.0260797
0.0260797
0.0260797
0.0260797
0.0260797
0.0260797
0.0260797
0.0260797
0.0260797
0.0260797
0.0260797
0.0260797
0.0260797
0.0260797
0.0260797
0.0260797
0.0260797
0.0260797
0.0260797
0.0260797
0.0260797
0.0260797
0.0260797
0.0260797
0.0260797
0.0260797
0.0260797
0.0260797
0.0260797
0.0260797
0.0260797
0.0260797
0.0260797
0.0260797
0.0260797
0.0260797
0.0260797
0.0260797
0.0260797
0.0260797
0.0260797
0.0260797
0.0260797
0.0260797
0.0260797
0.0260797
0.0260797
0.0260797
0.0260797
0.0260797
0.0260797
0.0260797
0.0260797
0.0260797
0.0260797
0.0260797
0.0260797
0.0260797
0.0260797
0.0260797
0.0260797
0.0260797
0.0260797
0.0260797
0.0260797
0.0260797
0.0260797
0.0260797
0.0260797
0.0260797
0.0260797
0.0260797
0.0260797
0.0260797
0.0260797
0.0260797
0.0260797
0.0260797
0.0260797
0.0260797
0.0260797
0.0260797
0.0260797
0.0260797
0.0260797
0.0260797
0.0260797
0.0260797
0.0260797
0.0260797
0.0260797
0.0260797
0.0260797
0.0260797
0.0260797
0.0260797
0.0260797
0.0260797
0.0260797
0.0260797
0.0260797
0.0260797
0.0260797
0.0260797
0.0260797
0.0260797
0.0260797
0.0260797
0.0260797
0.0260797
0.0260797
0.0260797
0.0260797
0.0260797
0.0260797
0.0260797
0.0260797
0.0260797
0.0260797
0.0260797
0.0260797
0.0260797
0.0260797
0.0260797
0.0260797
0.0260797
0.0260797
0.0260797
0.0260797
0.0260797
0.0260797
0.0260797
0.0260797
0.0260797
0.0260797
0.0260797
0.0260797
0.0260797
0.0260797
0.0260797
0.0260797
0.0260797
0.0260797
0.0260797
0.0260797
0.0260797
0.0260797
0.0260797
0.0260797
0.0260797
0.0260797
0.0260797
0.0260797
0.0260797
0.0260797
0.0260797
0.0260797
0.0260797
0.0260797
0.0260797
0.0260797
0.0260797
0.0260797
0.0260797
0.0260797
0.0260797
0.0260797
0.0260797
0.0260797
0.0260797
0.0260797
0.0260797
0.0260797
0.0260797
0.0260797
0.0260797
0.0260797
0.0260797
0.0260797
0.0260797
0.0260797
0.0260797
0.0260797
0.0260797
0.0260797
0.0260797
0.0260797
0.0260797
0.0260797
0.0260797
0.0260797
0.0260797
0.0260797
0.0260797
0.0260797
0.0260797
0.0260797
0.0260797
0.0260797
0.0260797
0.0260797
0.0260797
0.0260797
0.0260797
0.0260797
0.0260797
0.0260797
0.0260797
0.0260797
0.0260797
0.0260797
0.0260797
0.0260797
0.0260797
0.0260797
0.0260797
0.0260797
0.0260797
0.0260797
0.0260797
0.0260797
0.0260797
0.0260797
0.0260797
0.0260797
0.0260797
0.0260797
0.0260797
0.0260797
0.0260797
0.0260797
0.0260797
0.0260797
0.0260797
0.0260797
0.0260797
0.0260797
0.0260797
0.0260797
0.0260797
0.0260797
0.0260797
0.0260797
0.0260797
0.0260797
0.0260797
0.0260797
0.0260797
0.0260797
0.0260797
0.0260797
0.0260797
0.0260797
0.0260797
0.0260797
0.0260797
0.0260797
0.0260797
0.0260797
0.0260797
0.0260797
0.0260797
0.0260797
0.0260797
0.0260797
0.0260797
0.0260797
0.0260797
0.0260797
0.0260797
0.0260797
0.0260797
0.0260797
0.0260797
0.0260797
0.0260797
0.0260797
0.0260797
0.0260797
0.0260797
0.0260797
0.0260797
0.0260797
0.0260797
0.0260797
0.0260797
0.0260797
0.0260797
0.0260797
0.0260797
0.0260797
0.0260797
0.0260797
0.0260797
0.0260797
0.0260797
0.0260797
0.0260797
0.0260797
0.0260797
0.0260797
0.0260797
0.0260797
0.0260797
0.0260797
0.0260797
0.0260797
0.0260797
0.0260797
0.0260797
0.0260797
0.0260797
0.0260797
0.0260797
0.0260797
0.0260797
0.0260797
0.0260797
0.0260797
0.0260797
0.0260797
0.0260797
0.0260797
0.0260797
0.0260797
0.0260797
0.0260797
0.0260797
0.0260797
0.0260797
0.0260797
0.0260797
0.0260797
0.0260797
0.0260797
0.0260797
0.0260797
0.0260797
0.0260797
0.0260797
0.0260797
0.0260797
0.0260797
0.0260797
0.0260797
0.0260797
0.0260797
0.0260797
0.0260797
0.0260797
0.0260797
0.0260797
0.0260797
0.0260797
0.0260797
0.0260797
0.0260797
0.0260797
0.0260797
0.0260797
0.0260797
0.0260797
0.0260797
0.0260797
0.0260797
0.0260797
0.0260797
0.0260797
0.0260797
0.0260797
0.0260797
0.0260797
0.0260797
0.0260797
0.0260797
0.0260797
0.0260797
0.0260797
0.0260797
0.0260797
0.0260797
0.0260797
0.0260797
0.0260797
0.0260797
0.0260797
0.0260797
0.0260797
0.0260797
0.0260797
0.0260797
0.0260797
0.0260797
0.0260797
0.0260797
0.0260797
0.0260797
0.0260797
0.0260797
0.0260797
0.0260797
0.0260797
0.0260797
0.0260797
0.0260797
0.0260797
0.0260797
0.0260797
0.0260797
0.0260797
0.0260797
0.0260797
0.0260797
0.0260797
0.0260797
0.0260797
0.0260797
0.0260797
0.0260797
0.0260797
0.0260797
0.0260797
0.0260797
0.0260797
0.0260797
0.0260797
0.0260797
0.0260797
0.0260797
0.0260797
0.0260797
0.0260797
0.0260797
0.0260797
0.0260797
0.0260797
0.0260797
0.0260797
0.0260797
0.0260797
0.0260797
0.0260797
0.0260797
0.0260797
0.0260797
0.0260797
0.0260797
0.0260797
0.0260797
0.0260797
0.0260797
0.0260797
0.0260797
0.0260797
0.0260797
0.0260797
0.0260797
0.0260797
0.0260797
0.0260797
0.0260797
0.0260797
0.0260797
0.0260797
0.0260797
0.0260797
0.0260797
0.0260797
0.0260797
0.0260797
0.0260797
0.0260797
0.0260797
0.0260797
0.0260797
0.0260797
0.0260797
0.0260797
0.0260797
0.0260797
0.0260797
0.0260797
0.0260797
0.0260797
0.0260797
0.0260797
0.0260797
0.0260797
0.0260797
0.0260797
0.0260797
0.0260797
0.0260797
0.0260797
0.0260797
0.0260797
0.0260797
0.0260797
0.0260797
0.0260797
0.0260797
0.0260797
0.0260797
0.0260797
0.0260797
0.0260797
0.0260797
0.0260797
0.0260797
0.0260797
0.0260797
0.0260797
0.0260797
0.0260797
0.0260797
0.0260797
0.0260797
0.0260797
0.0260797
0.0260797
0.0260797
0.0260797
0.0260797
0.0260797
0.0260797
0.0260797
0.0260797
0.0260797
0.0260797
0.0260797
0.0260797
0.0260797
0.0260797
0.0260797
0.0260797
0.0260797
0.0260797
0.0260797
0.0260797
0.0260797
0.0260797
0.0260797
0.0260797
0.0260797
0.0260797
0.0260797
0.0260797
0.0260797
0.0260797
0.0260797
0.0260797
0.0260797
0.0260797
0.0260797
0.0260797
0.0260797
0.0260797
0.0260797
0.0260797
0.0260797
0.0260797
0.0260797
0.0260797
0.0260797
0.0260797
0.0260797
0.0260797
0.0260797
0.0260797
0.0260797
0.0260797
0.0260797
0.0260797
0.0260797
0.0260797
0.0260797
0.0260797
0.0260797
0.0260797
0.0260797
0.0260797
0.0260797
0.0260797
0.0260797
0.0260797
0.0260797
0.0260797
0.0260797
0.0260797
0.0260797
0.0260797
0.0260797
0.0260797
0.0260797
0.0260797
0.0260797
0.0260797
0.0260797
0.0260797
0.0260797
0.0260797
0.0260797
0.0260797
0.0260797
0.0260797
0.0260797
0.0260797
0.0260797
0.0260797
0.0260797
0.0260797
0.0260797
0.0260797
0.0260797
0.0260797
0.0260797
0.0260797
0.0260797
0.0260797
0.0260797
0.0260797
0.0260797
0.0260797
0.0260797
0.0260797
0.0260797
0.0260797
0.0260797
0.0260797
0.0260797
0.0260797
0.0260797
0.0260797
0.0260797
0.0260797
0.0260797
0.0260797
0.0260797
0.0260797
0.0260797
0.0260797
0.0260797
0.0260797
0.0260797
0.0260797
0.0260797
0.0260797
0.0260797
0.0260797
0.0260797
0.0260797
0.0260797
0.0260797
0.0260797
0.0260797
0.0260797
0.0260797
0.0260797
0.0260797
0.0260797
0.0260797
0.0260797
0.0260797
0.0260797
0.0260797
0.0260797
0.0260797
0.0260797
0.0260797
0.0260797
0.0260797
0.0260797
0.0260797
0.0260797
0.0260797
0.0260797
0.0260797
0.0260797
0.0260797
0.0260797
0.0260797
0.0260797
0.0260797
0.0260797
0.0260797
0.0260797
0.0260797
0.0260797
0.0260797
0.0260797
0.0260797
0.0260797
0.0260797
0.0260797
0.0260797
0.0260797
0.0260797
0.0260797
0.0260797
0.0260797
0.0260797
0.0260797
0.0260797
0.0260797
0.0260797
0.0260797
0.0260797
0.0260797
0.0260797
0.0260797
0.0260797
0.0260797
0.0260797
0.0260797
0.0260797
0.0260797
0.0260797
0.0260797
0.0260797
0.0260797
0.0260797
0.0260797
0.0260797
0.0260797
0.0260797
0.0260797
0.0260797
0.0260797
0.0260797
0.0260797
0.0260797
0.0260797
0.0260797
0.0260797
0.0260797
0.0260797
0.0260797
0.0260797
0.0260797
0.0260797
0.0260797
0.0260797
0.0260797
0.0260797
0.0260797
0.0260797
0.0260797
0.0260797
0.0260797
0.0260797
0.0260797
0.0260797
0.0260797
0.0260797
0.0260797
0.0260797
0.0260797
0.0260797
0.0260797
0.0260797
0.0260797
0.0260797
0.0260797
0.0260797
0.0260797
0.0260797
0.0260797
0.0260797
0.0260797
0.0260797
0.0260797
0.0260797
0.0260797
0.0260797
0.0260797
0.0260797
0.0260797
0.0260797
0.0260797
0.0260797
0.0260797
0.0260797
0.0260797
0.0260797
0.0260797
0.0260797
0.0260797
0.0260797
0.0260797
0.0260797
0.0260797
0.0260797
0.0260797
0.0260797
0.0260797
0.0260797
0.0260797
0.0260797
0.0260797
0.0260797
0.0260797
0.0260797
0.0260797
0.0260797
0.0260797
0.0260797
0.0260797
0.0260797
0.0260797
0.0260797
0.0260797
0.0260797
0.0260797
0.0260797
0.0260797
0.0260797
0.0260797
0.0260797
0.0260797
0.0260797
0.0260797
0.0260797
0.0260797
0.0260797
0.0260797
0.0260797
0.0260797
0.0260797
0.0260797
0.0260797
0.0260797
0.0260797
0.0260797
0.0260797
0.0260797
0.0260797
0.0260797
0.0260797
0.0260797
0.0260797
0.0260797
0.0260797
0.0260797
0.0260797
0.0260797
0.0260797
0.0260797
0.0260797
0.0260797
0.0260797
0.0260797
0.0260797
0.0260797
0.0260797
0.0260797
0.0260797
0.0260797
0.0260797
0.0260797
0.0260797
0.0260797
0.0260797
0.0260797
0.0260797
0.0260797
0.0260797
0.0260797
0.0260797
0.0260797
0.0260797
0.0260797
0.0260797
0.0260797
0.0260797
0.0260797
0.0260797
0.0260797
0.0260797
0.0260797
0.0260797
0.0260797
0.0260797
0.0260797
0.0260797
0.0260797
0.0260797
0.0260797
0.0260797
0.0260797
0.0260797
0.0260797
0.0260797
0.0260797
0.0260797
0.0260797
0.0260797
0.0260797
0.0260797
0.0260797
0.0260797
0.0260797
0.0260797
0.0260797
0.0260797
0.0260797
0.0260797
0.0260797
0.0260797
0.0260797
0.0260797
0.0260797
0.0260797
0.0260797
0.0260797
0.0260797
0.0260797
0.0260797
0.0260797
0.0260797
0.0260797
0.0260797
0.0260797
0.0260797
0.0260797
0.0260797
0.0260797
0.0260797
0.0260797
0.0260797
0.0260797
0.0260797
0.0260797
0.0260797
0.0260797
0.0260797
0.0260797
0.0260797
0.0260797
0.0260797
0.0260797
0.0260797
0.0260797
0.0260797
0.0260797
0.0260797
0.0260797
0.0260797
0.0260797
0.0260797
0.0260797
0.0260797
0.0260797
0.0260797
0.0260797
0.0260797
0.0260797
0.0260797
0.0260797
0.0260797
0.0260797
0.0260797
0.0260797
0.0260797
0.0260797
0.0260797
0.0260797
0.0260797
0.0260797
0.0260797
0.0260797
0.0260797
0.0260797
0.0260797
0.0260797
0.0260797
0.0260797
0.0260797
0.0260797
0.0260797
0.0260797
0.0260797
0.0260797
0.0260797
0.0260797
0.0260797
0.0260797
0.0260797
0.0260797
0.0260797
0.0260797
0.0260797
0.0260797
0.0260797
0.0260797
0.0260797
0.0260797
0.0260797
0.0260797
0.0260797
0.0260797
0.0260797
0.0260797
0.0260797
0.0260797
0.0260797
0.0260797
0.0260797
0.0260797
0.0260797
0.0260797
0.0260797
0.0260797
0.0260797
0.0260797
0.0260797
0.0260797
0.0260797
0.0260797
0.0260797
0.0260797
0.0260797
0.0260797
0.0260797
0.0260797
0.0260797
0.0260797
0.0260797
0.0260797
0.0260797
0.0260797
0.0260797
0.0260797
0.0260797
0.0260797
0.0260797
0.0260797
0.0260797
0.0260797
0.0260797
0.0260797
0.0260797
0.0260797
0.0260797
0.0260797
0.0260797
0.0260797
0.0260797
0.0260797
0.0260797
0.0260797
0.0260797
0.0260797
0.0260797
0.0260797
0.0260797
0.0260797
0.0260797
0.0260797
0.0260797
0.0260797
0.0260797
0.0260797
0.0260797
0.0260797
0.0260797
0.0260797
0.0260797
0.0260797
0.0260797
0.0260797
0.0260797
0.0260797
0.0260797
0.0260797
0.0260797
0.0260797
0.0260797
0.0260797
0.0260797
0.0260797
0.0260797
0.0260797
0.0260797
0.0260797
0.0260797
0.0260797
0.0260797
0.0260797
0.0260797
0.0260797
0.0260797
0.0260797
0.0260797
0.0260797
0.0260797
0.0260797
0.0260797
0.0260797
0.0260797
0.0260797
0.0260797
0.0260797
0.0260797
0.0260797
0.0260797
0.0260797
0.0260797
0.0260797
0.0260797
0.0260797
0.0260797
0.0260797
0.0260797
0.0260797
0.0260797
0.0260797
0.0260797
0.0260797
0.0260797
0.0260797
0.0260797
0.0260797
0.0260797
0.0260797
0.0260797
0.0260797
0.0260797
0.0260797
0.0260797
0.0260797
0.0260797
0.0260797
0.0260797
0.0260797
0.0260797
0.0260797
0.0260797
0.0260797
0.0260797
0.0260797
0.0260797
0.0260797
0.0260797
0.0260797
0.0260797
0.0260797
0.0260797
0.0260797
0.0260797
0.0260797
0.0260797
0.0260797
0.0260797
0.0260797
0.0260797
0.0260797
0.0260797
0.0260797
0.0260797
0.0260797
0.0260797
0.0260797
0.0260797
0.0260797
0.0260797
0.0260797
0.0260797
0.0260797
0.0260797
0.0260797
0.0260797
0.0260797
0.0260797
0.0260797
0.0260797
0.0260797
0.0260797
0.0260797
0.0260797
0.0260797
0.0260797
0.0260797
0.0260797
0.0260797
0.0260797
0.0260797
0.0260797
0.0260797
0.0260797
0.0260797
0.0260797
0.0260797
0.0260797
0.0260797
0.0260797
0.0260797
0.0260797
0.0260797
0.0260797
0.0260797
0.0260797
0.0260797
0.0260797
0.0260797
0.0260797
0.0260797
0.0260797
0.0260797
0.0260797
0.0260797
0.0260797
0.0260797
0.0260797
0.0260797
0.0260797
0.0260797
0.0260797
0.0260797
0.0260797
0.0260797
0.0260797
0.0260797
0.0260797
0.0260797
0.0260797
0.0260797
0.0260797
0.0260797
0.0260797
0.0260797
0.0260797
0.0260797
0.0260797
0.0260797
0.0260797
0.0260797
0.0260797
0.0260797
0.0260797
0.0260797
0.0260797
0.0260797
0.0260797
0.0260797
0.0260797
0.0260797
0.0260797
0.0260797
0.0260797
0.0260797
0.0260797
0.0260797
0.0260797
0.0260797
0.0260797
0.0260797
0.0260797
0.0260797
0.0260797
0.0260797
0.0260797
0.0260797
0.0260797
0.0260797
0.0260797
0.0260797
0.0260797
0.0260797
0.0260797
0.0260797
0.0260797
0.0260797
0.0260797
0.0260797
0.0260797
0.0260797
0.0260797
0.0260797
0.0260797
0.0260797
0.0260797
0.0260797
0.0260797
0.0260797
0.0260797
0.0260797
0.0260797
0.0260797
0.0260797
0.0260797
0.0260797
0.0260797
0.0260797
0.0260797
0.0260797
0.0260797
0.0260797
0.0260797
0.0260797
0.0260797
0.0260797
0.0260797
0.0260797
0.0260797
0.0260797
0.0260797
0.0260797
0.0260797
0.0260797
0.0260797
0.0260797
0.0260797
0.0260797
0.0260797
0.0260797
0.0260797
0.0260797
0.0260797
0.0260797
0.0260797
0.0260797
0.0260797
0.0260797
0.0260797
0.0260797
0.0260797
0.0260797
0.0260797
0.0260797
0.0260797
0.0260797
0.0260797
0.0260797
0.0260797
0.0260797
0.0260797
0.0260797
0.0260797
0.0260797
0.0260797
0.0260797
0.0260797
0.0260797
0.0260797
0.0260797
0.0260797
0.0260797
0.0260797
0.0260797
0.0260797
0.0260797
0.0260797
0.0260797
0.0260797
0.0260797
0.0260797
0.0260797
0.0260797
0.0260797
0.0260797
0.0260797
0.0260797
0.0260797
0.0260797
0.0260797
0.0260797
0.0260797
0.0260797
0.0260797
0.0260797
0.0260797
0.0260797
0.0260797
0.0260797
0.0260797
0.0260797
0.0260797
0.0260797
0.0260797
0.0260797
0.0260797
0.0260797
0.0260797
0.0260797
0.0260797
0.0260797
0.0260797
0.0260797
0.0260797
0.0260797
0.0260797
0.0260797
0.0260797
0.0260797
0.0260797
0.0260797
