1.72299e+07
1.72299e+07
1.70079e+07
5.45595e+06
5.45595e+06
5.45595e+06
5.45595e+06
5.45595e+06
2.26493e+06
2.26493e+06
2.26493e+06
2.26493e+06
2.26493e+06
2.26493e+06
2.26493e+06
1.71011e+06
731304
479000
479000
410621
410621
186970
186970
136333
136333
91842.2
91842.2
91842.2
91842.2
91842.2
91842.2
78904.4
53174.5
53174.5
49097.9
49097.9
38871
26967.9
26967.9
26967.9
26967.9
18076.4
18076.4
18076.4
16834.3
13545.9
7950.14
7950.14
7950.14
7950.14
7950.14
7950.14
7950.14
6223.05
6223.05
4017.13
3602.42
3602.42
2564.77
2084.13
1601.77
1601.77
1601.77
1601.77
1601.77
1601.77
922.958
922.958
922.958
922.958
922.958
789.881
587.254
484.034
484.034
484.034
419.657
372.914
350.457
328.687
291.685
264.341
172.663
172.663
172.663
158.987
112.292
112.292
112.292
112.292
112.292
112.292
112.292
83.2942
83.2942
80.2634
68.6566
59.1507
59.1507
54.1594
54.1594
54.1594
49.8734
49.8734
46.1422
46.1422
46.1422
44.505
44.505
42.9642
42.9642
41.9543
40.6582
40.6582
39.7725
37.2274
34.7729
34.7729
34.7729
34.7729
34.7729
32.4529
32.4529
32.4529
32.4529
32.4529
31.6034
31.6034
31.3577
31.1553
31.0294
30.6232
29.9652
29.9652
29.8983
29.056
29.056
28.9901
28.9901
28.9901
28.6612
28.6612
28.3854
28.1206
27.5631
27.5631
27.252
27.252
27.1749
27.1478
27.0993
27.0562
26.9007
26.8795
26.7023
26.7023
26.6713
26.4179
26.3929
26.3446
26.189
26.1562
26.0758
25.9217
25.9148
25.864
25.7901
25.6981
25.683
25.6175
25.5221
25.5038
25.4283
25.3727
25.2979
25.2552
25.197
25.1327
25.0912
25.007
24.9771
24.9018
24.8443
24.7826
24.7089
24.646
24.5765
24.5297
24.4743
24.4094
24.3673
24.3073
24.2391
24.2007
24.1463
24.102
24.0431
24.004
23.9486
23.8942
23.8509
23.812
23.7642
23.7247
23.6801
23.6464
23.6001
23.5601
23.5216
23.4794
23.43
23.3882
23.3485
23.291
23.2537
23.2059
23.1598
23.117
23.0687
23.0307
22.9852
22.9408
22.8878
22.8414
22.7942
22.7462
22.7066
22.6605
22.6147
22.5644
22.5211
22.4683
22.4283
22.3726
22.3231
22.2806
22.2299
22.1756
22.1187
22.0664
22.0132
21.9617
21.912
21.8563
21.7971
21.7456
21.6981
21.6523
21.5977
21.5529
21.5029
21.4539
21.4052
21.3509
21.2873
21.2406
21.1884
21.1256
21.0736
21.0128
20.9663
20.911
20.8519
20.8054
20.7559
20.6978
20.6413
20.5933
20.5407
20.4938
20.4436
20.3919
20.348
20.2985
20.2491
20.2015
20.146
20.1135
20.0582
20.0233
19.9787
19.9325
19.9002
19.864
19.825
19.7878
19.7569
19.7217
19.6817
19.6526
19.6046
19.5766
19.5311
19.4779
19.4267
19.3768
19.3239
19.2598
19.2173
19.1638
19.1247
19.065
19.0239
18.9822
18.9375
18.8928
18.8535
18.7908
18.7574
18.7143
18.6617
18.6161
18.5711
18.518
18.4723
18.4216
18.3722
18.3239
18.2664
18.2275
18.1757
18.1189
18.0713
18.0147
17.9654
17.9054
17.8506
17.7873
17.7459
17.6779
17.6323
17.5725
17.5174
17.452
17.4009
17.3503
17.2972
17.2463
17.183
17.134
17.0795
17.0221
16.9739
16.9087
16.8648
16.8141
16.7633
16.7132
16.6656
16.6094
16.5527
16.4979
16.4499
16.4012
16.3429
16.2963
16.2446
16.1922
16.1375
16.0891
16.0365
15.9822
15.9286
15.884
15.8324
15.791
15.7421
15.6978
15.6549
15.6113
15.5651
15.524
15.4736
15.4325
15.3906
15.3387
15.303
15.2593
15.2158
15.1774
15.1373
15.0984
15.0612
15.0234
14.9895
14.958
14.9224
14.8807
14.8467
14.8128
14.7721
14.7334
14.7017
14.6636
14.6271
14.5971
14.5595
14.5249
14.4918
14.4578
14.4243
14.3934
14.3611
14.3292
14.2924
14.2594
14.2306
14.1943
14.1609
14.1295
14.0909
14.058
14.0264
13.9925
13.9581
13.9237
13.8851
13.8548
13.8185
13.7841
13.7498
13.7194
13.6845
13.6525
13.62
13.5884
13.5546
13.5247
13.4927
13.4627
13.4294
13.3904
13.3658
13.3313
13.2998
13.2692
13.2374
13.2043
13.1733
13.1419
13.108
13.0794
13.0446
13.0148
12.9843
12.9481
12.9201
12.89
12.8581
12.8262
12.7931
12.7598
12.7295
12.6976
12.6646
12.6349
12.6049
12.5698
12.5382
12.5063
12.4751
12.4423
12.409
12.3729
12.3421
12.3101
12.279
12.2438
12.2104
12.1816
12.1492
12.1092
12.0828
12.0518
12.0156
11.9844
11.9511
11.9136
11.8804
11.843
11.8081
11.7769
11.7433
11.7115
11.6797
11.651
11.6212
11.5887
11.5626
11.5285
11.5066
11.4728
11.4453
11.4149
11.3774
11.3515
11.3158
11.2828
11.2507
11.2157
11.1839
11.1545
11.1236
11.0961
11.0624
11.0327
11.0006
10.9663
10.9368
10.9008
10.8752
10.8428
10.8099
10.7771
10.7458
10.7184
10.6846
10.6554
10.6231
10.5916
10.5603
10.531
10.4987
10.4688
10.4403
10.4071
10.3746
10.3481
10.3186
10.2914
10.2592
10.2322
10.2029
10.1762
10.1473
10.1198
10.0894
10.0571
10.0338
10.0072
9.97976
9.95018
9.92151
9.89455
9.86691
9.83476
9.80595
9.77798
9.74563
9.713
9.6781
9.64999
9.61436
9.58503
9.55508
9.52769
9.49334
9.46197
9.43766
9.40533
9.37682
9.35106
9.32248
9.29112
9.2627
9.23427
9.20591
9.17397
9.14825
9.11253
9.08538
9.05755
9.02829
8.99608
8.96894
8.94037
8.91091
8.87567
8.84972
8.81615
8.78321
8.75189
8.72069
8.69
8.64769
8.62615
8.58931
8.55837
8.52383
8.49463
8.46008
8.43029
8.4001
8.36475
8.33285
8.29923
8.27222
8.24067
8.20874
8.18093
8.15029
8.12223
8.09709
8.07011
8.04004
8.01504
7.98953
7.96138
7.93261
7.90435
7.88002
7.85061
7.81845
7.78818
7.75792
7.73709
7.70992
7.67915
7.64906
7.62292
7.58589
7.55741
7.53082
7.50152
7.47244
7.44453
7.4155
7.38679
7.35702
7.32198
7.28851
7.25463
7.22516
7.18982
7.15313
7.11635
7.08318
7.04549
7.0094
6.97335
6.92823
6.89504
6.85069
6.8178
6.7767
6.73281
6.69161
6.65499
6.61661
6.56741
6.52837
6.48636
6.44821
6.40829
6.366
6.32492
6.289
6.24293
6.20834
6.17607
6.14068
6.09754
6.06286
6.03018
5.98358
5.9475
5.92297
5.8826
5.84779
5.8061
5.75969
5.72711
5.68137
5.64217
5.59188
5.55873
5.52896
5.48854
5.45336
5.41461
5.37905
5.34212
5.30567
5.26451
5.22987
5.19283
5.15306
5.1119
5.07194
5.03431
4.99169
4.95795
4.91797
4.87985
4.8414
4.80182
4.76814
4.72703
4.69208
4.65142
4.61303
4.57747
4.538
4.50252
4.46089
4.43215
4.39238
4.35437
4.3156
4.28218
4.23842
4.20739
4.17266
4.13658
4.10132
4.06929
4.03434
4.00526
3.96686
3.92869
3.89902
3.8688
3.8376
3.79766
3.76179
3.73212
3.69377
3.66391
3.62872
3.59861
3.56754
3.53556
3.50571
3.46997
3.44371
3.41265
3.38408
3.3535
3.32036
3.29671
3.26434
3.23336
3.2025
3.17319
3.13973
3.1107
3.0817
3.04503
3.01708
2.98255
2.95355
2.92531
2.89905
2.8598
2.8382
2.80636
2.77694
2.74479
2.71475
2.68262
2.65063
2.62036
2.59094
2.54922
2.52526
2.49151
2.45475
2.42214
2.38944
2.34732
2.31825
2.28054
2.24246
2.20432
2.17108
2.1339
2.09613
2.05907
2.02311
1.98419
1.94651
1.90691
1.86169
1.82277
1.7838
1.7487
1.71154
1.67813
1.63796
1.60134
1.56205
1.52633
1.49392
1.45804
1.41841
1.3877
1.35172
1.31981
1.28265
1.24981
1.21484
1.18359
1.14899
1.11615
1.08164
1.05324
1.0217
0.981204
0.950914
0.918717
0.889372
0.860473
0.828401
0.799096
0.77402
0.743252
0.717107
0.688247
0.665897
0.637825
0.61579
0.59166
0.570679
0.548346
0.526611
0.50748
0.488528
0.469969
0.450566
0.433227
0.41842
0.402951
0.387013
0.371034
0.355662
0.342732
0.329801
0.317569
0.305177
0.295035
0.284305
0.273239
0.264332
0.2538
0.244468
0.236425
0.228571
0.219904
0.213295
0.205339
0.197957
0.192249
0.186307
0.179675
0.17469
0.168675
0.163318
0.15723
0.153076
0.14801
0.142833
0.139148
0.135196
0.13154
0.127061
0.123762
0.120314
0.116558
0.113299
0.110286
0.106872
0.10432
0.101205
0.0985346
0.0959795
0.0931959
0.0908838
0.0885087
0.0861533
0.0840657
0.0820997
0.0801108
0.0782341
0.0763849
0.0745579
0.0729057
0.0712592
0.0697119
0.0681314
0.0665194
0.0649703
0.063471
0.0622141
0.0609092
0.0594087
0.0581086
0.0570147
0.0557861
0.0545926
0.053549
0.0524782
0.0512805
0.0503905
0.0492995
0.0483511
0.0472672
0.0462647
0.0453905
0.0444953
0.0435939
0.0426722
0.0417625
0.040827
0.0400357
0.0392254
0.0383857
0.03753
0.0368858
0.0360867
0.0353548
0.0346643
0.0339457
0.0332835
0.0326541
0.0319905
0.0313567
0.0307974
0.0301729
0.0296085
0.0289909
0.028451
0.0279532
0.027386
0.0269651
0.0264457
0.0260176
0.0256152
0.0251869
0.0248188
0.0248188
0.0248188
0.0248188
0.0248188
0.0248188
0.0248188
0.0248188
0.0248188
0.0248188
0.0248188
0.0248188
0.0248188
0.0248188
0.0248188
0.0248188
0.0248188
0.0248188
0.0248188
0.0248188
0.0248188
0.0248188
0.0248188
0.0248188
0.0248188
0.0248188
0.0248188
0.0248188
0.0248188
0.0248188
0.0248188
0.0248188
0.0248188
0.0248188
0.0248188
0.0248188
0.0248188
0.0248188
0.0248188
0.0248188
0.0248188
0.0248188
0.0248188
0.0248188
0.0248188
0.0248188
0.0248188
0.0248188
0.0248188
0.0248188
0.0248188
0.0248188
0.0248188
0.0248188
0.0248188
0.0248188
0.0248188
0.0248188
0.0248188
0.0248188
0.0248188
0.0248188
0.0248188
0.0248188
0.0248188
0.0248188
0.0248188
0.0248188
0.0248188
0.0248188
0.0248188
0.0248188
0.0248188
0.0248188
0.0248188
0.0248188
0.0248188
0.0248188
0.0248188
0.0248188
0.0248188
0.0248188
0.0248188
0.0248188
0.0248188
0.0248188
0.0248188
0.0248188
0.0248188
0.0248188
0.0248188
0.0248188
0.0248188
0.0248188
0.0248188
0.0248188
0.0248188
0.0248188
0.0248188
0.0248188
0.0248188
0.0248188
0.0248188
0.0248188
0.0248188
0.0248188
0.0248188
0.0248188
0.0248188
0.0248188
0.0248188
0.0248188
0.0248188
0.0248188
0.0248188
0.0248188
0.0248188
0.0248188
0.0248188
0.0248188
0.0248188
0.0248188
0.0248188
0.0248188
0.0248188
0.0248188
0.0248188
0.0248188
0.0248188
0.0248188
0.0248188
0.0248188
0.0248188
0.0248188
0.0248188
0.0248188
0.0248188
0.0248188
0.0248188
0.0248188
0.0248188
0.0248188
0.0248188
0.0248188
0.0248188
0.0248188
0.0248188
0.0248188
0.0248188
0.0248188
0.0248188
0.0248188
0.0248188
0.0248188
0.0248188
0.0248188
0.0248188
0.0248188
0.0248188
0.0248188
0.0248188
0.0248188
0.0248188
0.0248188
0.0248188
0.0248188
0.0248188
0.0248188
0.0248188
0.0248188
0.0248188
0.0248188
0.0248188
0.0248188
0.0248188
0.0248188
0.0248188
0.0248188
0.0248188
0.0248188
0.0248188
0.0248188
0.0248188
0.0248188
0.0248188
0.0248188
0.0248188
0.0248188
0.0248188
0.0248188
0.0248188
0.0248188
0.0248188
0.0248188
0.0248188
0.0248188
0.0248188
0.0248188
0.0248188
0.0248188
0.0248188
0.0248188
0.0248188
0.0248188
0.0248188
0.0248188
0.0248188
0.0248188
0.0248188
0.0248188
0.0248188
0.0248188
0.0248188
0.0248188
0.0248188
0.0248188
0.0248188
0.0248188
0.0248188
0.0248188
0.0248188
0.0248188
0.0248188
0.0248188
0.0248188
0.0248188
0.0248188
0.0248188
0.0248188
0.0248188
0.0248188
0.0248188
0.0248188
0.0248188
0.0248188
0.0248188
0.0248188
0.0248188
0.0248188
0.0248188
0.0248188
0.0248188
0.0248188
0.0248188
0.0248188
0.0248188
0.0248188
0.0248188
0.0248188
0.0248188
0.0248188
0.0248188
0.0248188
0.0248188
0.0248188
0.0248188
0.0248188
0.0248188
0.0248188
0.0248188
0.0248188
0.0248188
0.0248188
0.0248188
0.0248188
0.0248188
0.0248188
0.0248188
0.0248188
0.0248188
0.0248188
0.0248188
0.0248188
0.0248188
0.0248188
0.0248188
0.0248188
0.0248188
0.0248188
0.0248188
0.0248188
0.0248188
0.0248188
0.0248188
0.0248188
0.0248188
0.0248188
0.0248188
0.0248188
0.0248188
0.0248188
0.0248188
0.0248188
0.0248188
0.0248188
0.0248188
0.0248188
0.0248188
0.0248188
0.0248188
0.0248188
0.0248188
0.0248188
0.0248188
0.0248188
0.0248188
0.0248188
0.0248188
0.0248188
0.0248188
0.0248188
0.0248188
0.0248188
0.0248188
0.0248188
0.0248188
0.0248188
0.0248188
0.0248188
0.0248188
0.0248188
0.0248188
0.0248188
0.0248188
0.0248188
0.0248188
0.0248188
0.0248188
0.0248188
0.0248188
0.0248188
0.0248188
0.0248188
0.0248188
0.0248188
0.0248188
0.0248188
0.0248188
0.0248188
0.0248188
0.0248188
0.0248188
0.0248188
0.0248188
0.0248188
0.0248188
0.0248188
0.0248188
0.0248188
0.0248188
0.0248188
0.0248188
0.0248188
0.0248188
0.0248188
0.0248188
0.0248188
0.0248188
0.0248188
0.0248188
0.0248188
0.0248188
0.0248188
0.0248188
0.0248188
0.0248188
0.0248188
0.0248188
0.0248188
0.0248188
0.0248188
0.0248188
0.0248188
0.0248188
0.0248188
0.0248188
0.0248188
0.0248188
0.0248188
0.0248188
0.0248188
0.0248188
0.0248188
0.0248188
0.0248188
0.0248188
0.0248188
0.0248188
0.0248188
0.0248188
0.0248188
0.0248188
0.0248188
0.0248188
0.0248188
0.0248188
0.0248188
0.0248188
0.0248188
0.0248188
0.0248188
0.0248188
0.0248188
0.0248188
0.0248188
0.0248188
0.0248188
0.0248188
0.0248188
0.0248188
0.0248188
0.0248188
0.0248188
0.0248188
0.0248188
0.0248188
0.0248188
0.0248188
0.0248188
0.0248188
0.0248188
0.0248188
0.0248188
0.0248188
0.0248188
0.0248188
0.0248188
0.0248188
0.0248188
0.0248188
0.0248188
0.0248188
0.0248188
0.0248188
0.0248188
0.0248188
0.0248188
0.0248188
0.0248188
0.0248188
0.0248188
0.0248188
0.0248188
0.0248188
0.0248188
0.0248188
0.0248188
0.0248188
0.0248188
0.0248188
0.0248188
0.0248188
0.0248188
0.0248188
0.0248188
0.0248188
0.0248188
0.0248188
0.0248188
0.0248188
0.0248188
0.0248188
0.0248188
0.0248188
0.0248188
0.0248188
0.0248188
0.0248188
0.0248188
0.0248188
0.0248188
0.0248188
0.0248188
0.0248188
0.0248188
0.0248188
0.0248188
0.0248188
0.0248188
0.0248188
0.0248188
0.0248188
0.0248188
0.0248188
0.0248188
0.0248188
0.0248188
0.0248188
0.0248188
0.0248188
0.0248188
0.0248188
0.0248188
0.0248188
0.0248188
0.0248188
0.0248188
0.0248188
0.0248188
0.0248188
0.0248188
0.0248188
0.0248188
0.0248188
0.0248188
0.0248188
0.0248188
0.0248188
0.0248188
0.0248188
0.0248188
0.0248188
0.0248188
0.0248188
0.0248188
0.0248188
0.0248188
0.0248188
0.0248188
0.0248188
0.0248188
0.0248188
0.0248188
0.0248188
0.0248188
0.0248188
0.0248188
0.0248188
0.0248188
0.0248188
0.0248188
0.0248188
0.0248188
0.0248188
0.0248188
0.0248188
0.0248188
0.0248188
0.0248188
0.0248188
0.0248188
0.0248188
0.0248188
0.0248188
0.0248188
0.0248188
0.0248188
0.0248188
0.0248188
0.0248188
0.0248188
0.0248188
0.0248188
0.0248188
0.0248188
0.0248188
0.0248188
0.0248188
0.0248188
0.0248188
0.0248188
0.0248188
0.0248188
0.0248188
0.0248188
0.0248188
0.0248188
0.0248188
0.0248188
0.0248188
0.0248188
0.0248188
0.0248188
0.0248188
0.0248188
0.0248188
0.0248188
0.0248188
0.0248188
0.0248188
0.0248188
0.0248188
0.0248188
0.0248188
0.0248188
0.0248188
0.0248188
0.0248188
0.0248188
0.0248188
0.0248188
0.0248188
0.0248188
0.0248188
0.0248188
0.0248188
0.0248188
0.0248188
0.0248188
0.0248188
0.0248188
0.0248188
0.0248188
0.0248188
0.0248188
0.0248188
0.0248188
0.0248188
0.0248188
0.0248188
0.0248188
0.0248188
0.0248188
0.0248188
0.0248188
0.0248188
0.0248188
0.0248188
0.0248188
0.0248188
0.0248188
0.0248188
0.0248188
0.0248188
0.0248188
0.0248188
0.0248188
0.0248188
0.0248188
0.0248188
0.0248188
0.0248188
0.0248188
0.0248188
0.0248188
0.0248188
0.0248188
0.0248188
0.0248188
0.0248188
0.0248188
0.0248188
0.0248188
0.0248188
0.0248188
0.0248188
0.0248188
0.0248188
0.0248188
0.0248188
0.0248188
0.0248188
0.0248188
0.0248188
0.0248188
0.0248188
0.0248188
0.0248188
0.0248188
0.0248188
0.0248188
0.0248188
0.0248188
0.0248188
0.0248188
0.0248188
0.0248188
0.0248188
0.0248188
0.0248188
0.0248188
0.0248188
0.0248188
0.0248188
0.0248188
0.0248188
0.0248188
0.0248188
0.0248188
0.0248188
0.0248188
0.0248188
0.0248188
0.0248188
0.0248188
0.0248188
0.0248188
0.0248188
0.0248188
0.0248188
0.0248188
0.0248188
0.0248188
0.0248188
0.0248188
0.0248188
0.0248188
0.0248188
0.0248188
0.0248188
0.0248188
0.0248188
0.0248188
0.0248188
0.0248188
0.0248188
0.0248188
0.0248188
0.0248188
0.0248188
0.0248188
0.0248188
0.0248188
0.0248188
0.0248188
0.0248188
0.0248188
0.0248188
0.0248188
0.0248188
0.0248188
0.0248188
0.0248188
0.0248188
0.0248188
0.0248188
0.0248188
0.0248188
0.0248188
0.0248188
0.0248188
0.0248188
0.0248188
0.0248188
0.0248188
0.0248188
0.0248188
0.0248188
0.0248188
0.0248188
0.0248188
0.0248188
0.0248188
0.0248188
0.0248188
0.0248188
0.0248188
0.0248188
0.0248188
0.0248188
0.0248188
0.0248188
0.0248188
0.0248188
0.0248188
0.0248188
0.0248188
0.0248188
0.0248188
0.0248188
0.0248188
0.0248188
0.0248188
0.0248188
0.0248188
0.0248188
0.0248188
0.0248188
0.0248188
0.0248188
0.0248188
0.0248188
0.0248188
0.0248188
0.0248188
0.0248188
0.0248188
0.0248188
0.0248188
0.0248188
0.0248188
0.0248188
0.0248188
0.0248188
0.0248188
0.0248188
0.0248188
0.0248188
0.0248188
0.0248188
0.0248188
0.0248188
0.0248188
0.0248188
0.0248188
0.0248188
0.0248188
0.0248188
0.0248188
0.0248188
0.0248188
0.0248188
0.0248188
0.0248188
0.0248188
0.0248188
0.0248188
0.0248188
0.0248188
0.0248188
0.0248188
0.0248188
0.0248188
0.0248188
0.0248188
0.0248188
0.0248188
0.0248188
0.0248188
0.0248188
0.0248188
0.0248188
0.0248188
0.0248188
0.0248188
0.0248188
0.0248188
0.0248188
0.0248188
0.0248188
0.0248188
0.0248188
0.0248188
0.0248188
0.0248188
0.0248188
0.0248188
0.0248188
0.0248188
0.0248188
0.0248188
0.0248188
0.0248188
0.0248188
0.0248188
0.0248188
0.0248188
0.0248188
0.0248188
0.0248188
0.0248188
0.0248188
0.0248188
0.0248188
0.0248188
0.0248188
0.0248188
0.0248188
0.0248188
0.0248188
0.0248188
0.0248188
0.0248188
0.0248188
0.0248188
0.0248188
0.0248188
0.0248188
0.0248188
0.0248188
0.0248188
0.0248188
0.0248188
0.0248188
0.0248188
0.0248188
0.0248188
0.0248188
0.0248188
0.0248188
0.0248188
0.0248188
0.0248188
0.0248188
0.0248188
0.0248188
0.0248188
0.0248188
0.0248188
0.0248188
0.0248188
0.0248188
0.0248188
0.0248188
0.0248188
0.0248188
0.0248188
0.0248188
0.0248188
0.0248188
0.0248188
0.0248188
0.0248188
0.0248188
0.0248188
0.0248188
0.0248188
0.0248188
0.0248188
0.0248188
0.0248188
0.0248188
0.0248188
0.0248188
0.0248188
0.0248188
0.0248188
0.0248188
0.0248188
0.0248188
0.0248188
0.0248188
0.0248188
0.0248188
0.0248188
0.0248188
0.0248188
0.0248188
0.0248188
0.0248188
0.0248188
0.0248188
0.0248188
0.0248188
0.0248188
0.0248188
0.0248188
0.0248188
0.0248188
0.0248188
0.0248188
0.0248188
0.0248188
0.0248188
0.0248188
0.0248188
0.0248188
0.0248188
0.0248188
0.0248188
0.0248188
0.0248188
0.0248188
0.0248188
0.0248188
0.0248188
0.0248188
0.0248188
0.0248188
0.0248188
0.0248188
0.0248188
0.0248188
0.0248188
0.0248188
0.0248188
0.0248188
0.0248188
0.0248188
0.0248188
0.0248188
0.0248188
0.0248188
0.0248188
0.0248188
0.0248188
0.0248188
0.0248188
0.0248188
0.0248188
0.0248188
0.0248188
0.0248188
0.0248188
0.0248188
0.0248188
0.0248188
0.0248188
0.0248188
0.0248188
0.0248188
0.0248188
0.0248188
0.0248188
0.0248188
0.0248188
0.0248188
0.0248188
0.0248188
0.0248188
0.0248188
0.0248188
0.0248188
0.0248188
0.0248188
0.0248188
0.0248188
0.0248188
0.0248188
0.0248188
0.0248188
0.0248188
0.0248188
0.0248188
0.0248188
0.0248188
0.0248188
0.0248188
0.0248188
0.0248188
0.0248188
0.0248188
0.0248188
0.0248188
0.0248188
0.0248188
0.0248188
0.0248188
0.0248188
0.0248188
0.0248188
0.0248188
0.0248188
0.0248188
0.0248188
0.0248188
0.0248188
0.0248188
0.0248188
0.0248188
0.0248188
0.0248188
0.0248188
0.0248188
0.0248188
0.0248188
0.0248188
0.0248188
0.0248188
0.0248188
0.0248188
0.0248188
0.0248188
0.0248188
0.0248188
0.0248188
0.0248188
0.0248188
0.0248188
0.0248188
0.0248188
0.0248188
0.0248188
0.0248188
0.0248188
0.0248188
0.0248188
0.0248188
0.0248188
0.0248188
0.0248188
0.0248188
0.0248188
0.0248188
0.0248188
0.0248188
0.0248188
0.0248188
0.0248188
0.0248188
0.0248188
0.0248188
0.0248188
0.0248188
0.0248188
0.0248188
0.0248188
0.0248188
0.0248188
0.0248188
0.0248188
0.0248188
0.0248188
0.0248188
0.0248188
0.0248188
0.0248188
0.0248188
0.0248188
0.0248188
0.0248188
0.0248188
0.0248188
0.0248188
0.0248188
0.0248188
0.0248188
0.0248188
0.0248188
0.0248188
0.0248188
0.0248188
0.0248188
0.0248188
0.0248188
0.0248188
0.0248188
0.0248188
0.0248188
0.0248188
0.0248188
0.0248188
0.0248188
0.0248188
0.0248188
0.0248188
0.0248188
0.0248188
0.0248188
0.0248188
0.0248188
0.0248188
0.0248188
0.0248188
0.0248188
0.0248188
0.0248188
0.0248188
0.0248188
0.0248188
0.0248188
0.0248188
0.0248188
0.0248188
0.0248188
0.0248188
0.0248188
0.0248188
0.0248188
0.0248188
0.0248188
0.0248188
0.0248188
0.0248188
0.0248188
0.0248188
0.0248188
0.0248188
0.0248188
0.0248188
0.0248188
0.0248188
0.0248188
0.0248188
0.0248188
0.0248188
0.0248188
0.0248188
0.0248188
0.0248188
0.0248188
0.0248188
0.0248188
0.0248188
0.0248188
0.0248188
0.0248188
0.0248188
0.0248188
0.0248188
0.0248188
0.0248188
0.0248188
0.0248188
0.0248188
0.0248188
0.0248188
0.0248188
0.0248188
0.0248188
0.0248188
0.0248188
0.0248188
0.0248188
0.0248188
0.0248188
0.0248188
0.0248188
0.0248188
0.0248188
0.0248188
0.0248188
0.0248188
0.0248188
0.0248188
0.0248188
0.0248188
0.0248188
0.0248188
0.0248188
0.0248188
0.0248188
0.0248188
0.0248188
0.0248188
0.0248188
0.0248188
0.0248188
0.0248188
0.0248188
0.0248188
0.0248188
0.0248188
0.0248188
0.0248188
0.0248188
0.0248188
0.0248188
0.0248188
0.0248188
0.0248188
0.0248188
0.0248188
0.0248188
0.0248188
0.0248188
0.0248188
0.0248188
0.0248188
0.0248188
0.0248188
0.0248188
0.0248188
0.0248188
0.0248188
0.0248188
0.0248188
0.0248188
0.0248188
0.0248188
0.0248188
0.0248188
0.0248188
0.0248188
0.0248188
0.0248188
0.0248188
0.0248188
0.0248188
0.0248188
0.0248188
0.0248188
0.0248188
0.0248188
0.0248188
0.0248188
0.0248188
0.0248188
0.0248188
0.0248188
0.0248188
0.0248188
0.0248188
0.0248188
0.0248188
0.0248188
0.0248188
0.0248188
0.0248188
0.0248188
0.0248188
0.0248188
0.0248188
0.0248188
0.0248188
0.0248188
0.0248188
0.0248188
0.0248188
0.0248188
0.0248188
0.0248188
0.0248188
0.0248188
0.0248188
0.0248188
0.0248188
0.0248188
0.0248188
0.0248188
0.0248188
0.0248188
0.0248188
0.0248188
0.0248188
0.0248188
0.0248188
0.0248188
0.0248188
0.0248188
0.0248188
0.0248188
0.0248188
0.0248188
0.0248188
0.0248188
0.0248188
0.0248188
0.0248188
0.0248188
0.0248188
0.0248188
0.0248188
0.0248188
0.0248188
0.0248188
0.0248188
0.0248188
0.0248188
0.0248188
0.0248188
0.0248188
0.0248188
0.0248188
0.0248188
0.0248188
0.0248188
0.0248188
0.0248188
0.0248188
0.0248188
0.0248188
0.0248188
0.0248188
0.0248188
0.0248188
0.0248188
0.0248188
0.0248188
0.0248188
0.0248188
0.0248188
0.0248188
0.0248188
0.0248188
0.0248188
0.0248188
0.0248188
0.0248188
0.0248188
0.0248188
0.0248188
0.0248188
0.0248188
0.0248188
0.0248188
0.0248188
0.0248188
0.0248188
0.0248188
0.0248188
0.0248188
0.0248188
0.0248188
0.0248188
0.0248188
0.0248188
0.0248188
0.0248188
0.0248188
0.0248188
0.0248188
0.0248188
0.0248188
0.0248188
0.0248188
0.0248188
0.0248188
0.0248188
0.0248188
0.0248188
0.0248188
0.0248188
0.0248188
0.0248188
0.0248188
0.0248188
0.0248188
0.0248188
0.0248188
0.0248188
0.0248188
0.0248188
0.0248188
0.0248188
0.0248188
0.0248188
0.0248188
0.0248188
0.0248188
0.0248188
0.0248188
0.0248188
0.0248188
0.0248188
0.0248188
0.0248188
0.0248188
0.0248188
0.0248188
0.0248188
0.0248188
0.0248188
0.0248188
0.0248188
0.0248188
0.0248188
0.0248188
0.0248188
0.0248188
0.0248188
0.0248188
0.0248188
0.0248188
0.0248188
0.0248188
0.0248188
0.0248188
0.0248188
0.0248188
0.0248188
0.0248188
0.0248188
0.0248188
0.0248188
0.0248188
0.0248188
0.0248188
0.0248188
0.0248188
0.0248188
0.0248188
0.0248188
0.0248188
0.0248188
0.0248188
0.0248188
0.0248188
0.0248188
0.0248188
0.0248188
0.0248188
0.0248188
0.0248188
0.0248188
0.0248188
0.0248188
0.0248188
0.0248188
0.0248188
0.0248188
0.0248188
0.0248188
0.0248188
0.0248188
0.0248188
0.0248188
0.0248188
0.0248188
0.0248188
0.0248188
0.0248188
0.0248188
0.0248188
0.0248188
0.0248188
0.0248188
0.0248188
0.0248188
0.0248188
0.0248188
0.0248188
0.0248188
0.0248188
0.0248188
0.0248188
0.0248188
0.0248188
0.0248188
0.0248188
0.0248188
0.0248188
0.0248188
0.0248188
0.0248188
0.0248188
0.0248188
0.0248188
0.0248188
0.0248188
0.0248188
0.0248188
0.0248188
0.0248188
0.0248188
0.0248188
0.0248188
0.0248188
0.0248188
0.0248188
0.0248188
0.0248188
0.0248188
0.0248188
0.0248188
0.0248188
0.0248188
0.0248188
0.0248188
0.0248188
0.0248188
0.0248188
0.0248188
