1.6013e+07
1.6013e+07
1.6013e+07
1.6013e+07
1.56544e+07
1.56544e+07
1.34528e+07
1.33171e+07
1.18798e+07
1.00595e+07
1.00595e+07
1.00595e+07
1.00595e+07
9.06263e+06
7.24877e+06
4.68058e+06
4.68058e+06
3.26604e+06
2.75402e+06
2.49374e+06
2.49374e+06
2.18304e+06
1.83547e+06
1.83547e+06
1.83547e+06
1.3977e+06
1.02824e+06
1.00614e+06
784434
330848
330848
235016
192260
192260
192260
187732
167313
167313
167313
167313
162407
120099
85316.5
48031.6
48031.6
48031.6
48031.6
48031.6
48031.6
37136.5
31177.4
21206.3
19931.9
19931.9
16610.9
15165.9
15165.9
13511.6
13511.6
12790.1
12790.1
11943.8
8728.68
8728.68
6265.44
4934.54
4934.54
4934.54
4934.54
3220.58
3187.84
2886.26
2844.76
2487.87
1766.45
1766.45
1537.79
1045.93
998.711
915.25
756.445
563.317
563.317
430.929
430.929
430.929
407.808
260.679
260.679
260.679
260.679
220.286
220.286
211.008
211.008
211.008
211.008
163.803
111.129
111.129
111.129
111.042
111.042
111.042
111.042
111.042
111.042
101.583
99.2592
74.5433
74.5433
74.5433
74.5433
74.5433
74.5433
74.5433
74.5433
73.7225
73.7225
73.7225
62.5917
62.2747
56.6386
56.6386
56.6386
56.6386
53.547
53.547
49.6658
44.7574
44.7574
43.8838
39.773
38.8392
38.8392
33.6347
33.6347
33.6347
33.6347
33.6347
33.6347
33.6347
33.0241
33.0241
33.0241
33.0241
32.8577
32.0784
31.8319
31.8319
31.8319
31.7309
31.7309
31.6561
30.6294
30.2759
30.2759
29.6542
29.52
29.2091
28.8101
28.8101
28.8101
28.4926
28.4926
28.4926
28.4225
28.2468
28.2468
28.1488
28.1445
28.0752
28.0752
27.9953
27.8819
27.8819
27.8334
27.7245
27.6789
27.6095
27.604
27.5427
27.4648
27.4586
27.3833
27.332
27.2725
27.2312
27.1673
27.154
27.1144
27.1068
27.0595
27.0086
26.9614
26.9279
26.8798
26.8554
26.8122
26.771
26.7148
26.6726
26.6242
26.5757
26.5518
26.5039
26.4538
26.4192
26.3691
26.3206
26.282
26.2259
26.1924
26.1493
26.1039
26.0551
26.005
25.9685
25.9203
25.864
25.8173
25.7759
25.7254
25.6823
25.6323
25.5731
25.5345
25.4858
25.4368
25.3907
25.3391
25.285
25.2459
25.1912
25.149
25.1063
25.0518
25.0087
24.9607
24.9133
24.8725
24.8328
24.7861
24.7431
24.7017
24.6575
24.6185
24.5751
24.5341
24.4911
24.4446
24.4022
24.3624
24.3105
24.2661
24.2018
24.151
24.1103
24.064
24.0107
23.9572
23.9163
23.8649
23.8145
23.768
23.7142
23.6734
23.6272
23.5742
23.5286
23.4887
23.446
23.3978
23.3579
23.3123
23.2746
23.2342
23.1913
23.1499
23.1121
23.0753
23.0355
22.9996
22.9551
22.916
22.8745
22.8365
22.7947
22.7501
22.7084
22.6648
22.6198
22.579
22.5326
22.4861
22.443
22.4041
22.3594
22.3137
22.27
22.233
22.1906
22.1461
22.1059
22.0693
22.022
21.9881
21.9523
21.9186
21.8811
21.841
21.8155
21.7799
21.749
21.7114
21.6811
21.6482
21.6154
21.5844
21.5514
21.5207
21.4917
21.4604
21.4264
21.398
21.3693
21.338
21.3022
21.2705
21.2384
21.2084
21.1785
21.1401
21.1117
21.0777
21.0441
21.0121
20.9802
20.9482
20.9115
20.8788
20.848
20.8126
20.7805
20.7439
20.7111
20.673
20.6337
20.606
20.5663
20.5339
20.4951
20.4659
20.4325
20.4002
20.3661
20.333
20.3018
20.2684
20.2351
20.2024
20.1705
20.1394
20.1083
20.0727
20.0426
20.0091
19.9769
19.942
19.9114
19.8783
19.8462
19.815
19.7818
19.7485
19.7235
19.6901
19.6562
19.6279
19.5972
19.5699
19.5377
19.5078
19.477
19.4439
19.4178
19.389
19.359
19.3237
19.2962
19.2641
19.2342
19.208
19.1807
19.1526
19.1254
19.0999
19.0694
19.0394
19.0141
18.9853
18.9562
18.9287
18.9001
18.8711
18.8432
18.8186
18.7889
18.7637
18.7345
18.7079
18.6797
18.6467
18.6184
18.5849
18.557
18.5283
18.4979
18.4669
18.4381
18.4084
18.377
18.3453
18.3124
18.2835
18.2465
18.217
18.184
18.153
18.1156
18.083
18.045
18.0103
17.9755
17.9368
17.9
17.861
17.8257
17.7891
17.7438
17.7107
17.6723
17.6306
17.5948
17.5536
17.511
17.472
17.4204
17.3824
17.3404
17.2981
17.2492
17.2102
17.1678
17.1257
17.0834
17.0387
16.9961
16.9509
16.9107
16.8619
16.8161
16.775
16.7256
16.6843
16.6344
16.5904
16.5469
16.5059
16.4597
16.4238
16.3769
16.3319
16.2931
16.2464
16.1961
16.1535
16.1145
16.072
16.0287
15.9901
15.9528
15.916
15.8718
15.8387
15.7977
15.7681
15.7336
15.6909
15.6694
15.6353
15.6103
15.5683
15.5311
15.4891
15.4469
15.4106
15.3609
15.3217
15.2717
15.2436
15.2043
15.1744
15.1344
15.104
15.0662
15.0345
14.9971
14.9609
14.9171
14.8863
14.8429
14.8074
14.7695
14.7372
14.7008
14.655
14.6216
14.5833
14.5455
14.5086
14.474
14.441
14.3977
14.3642
14.3291
14.2912
14.2483
14.2123
14.1786
14.1434
14.1045
14.0691
14.0343
14.0013
13.9578
13.9277
13.8915
13.8523
13.8193
13.7888
13.7559
13.7252
13.6969
13.6617
13.632
13.5967
13.5709
13.5435
13.5155
13.4856
13.4555
13.4239
13.3976
13.3715
13.3386
13.3072
13.2788
13.2524
13.2257
13.1976
13.1698
13.1443
13.1158
13.0883
13.0599
13.0316
13.0043
12.9753
12.9418
12.9206
12.8876
12.8631
12.8352
12.8025
12.7773
12.7482
12.724
12.6933
12.6628
12.6373
12.6104
12.5759
12.5456
12.5168
12.4862
12.4598
12.4311
12.4022
12.3728
12.3461
12.3141
12.2816
12.2538
12.2229
12.1946
12.1635
12.1356
12.1037
12.077
12.0464
12.0165
11.9878
11.9569
11.9264
11.8971
11.8666
11.8408
11.8082
11.7747
11.7412
11.709
11.6764
11.6415
11.6087
11.5761
11.5374
11.5017
11.4709
11.4397
11.4032
11.3698
11.3343
11.2974
11.2644
11.2305
11.1944
11.1596
11.1253
11.0911
11.0558
11.0193
10.9816
10.9467
10.912
10.8733
10.8393
10.7969
10.7635
10.7304
10.6964
10.6639
10.6227
10.5906
10.5605
10.5224
10.4898
10.4555
10.4177
10.3838
10.3574
10.3195
10.2867
10.2578
10.2197
10.1805
10.1495
10.1165
10.0837
10.0486
10.0102
9.97828
9.94101
9.90621
9.86619
9.82862
9.79467
9.75441
9.71752
9.68021
9.64652
9.60926
9.57267
9.53567
9.50308
9.46443
9.42567
9.38969
9.35419
9.31376
9.28058
9.2397
9.19707
9.16115
9.12205
9.07631
9.04252
9.00279
8.96319
8.9198
8.88137
8.83992
8.79997
8.76032
8.71557
8.67545
8.63663
8.58163
8.54245
8.49818
8.45234
8.40461
8.35176
8.30618
8.2585
8.21302
8.16502
8.11859
8.07174
8.02395
7.96751
7.92749
7.88024
7.82836
7.79017
7.74005
7.69766
7.64824
7.60066
7.55771
7.51609
7.46501
7.4169
7.37307
7.31974
7.27958
7.22842
7.17986
7.12675
7.08286
7.03265
6.98253
6.93058
6.87306
6.83236
6.77187
6.72529
6.67511
6.62272
6.56475
6.51327
6.46483
6.4125
6.36919
6.31809
6.26787
6.20727
6.18015
6.13345
6.08807
6.0437
5.99593
5.96739
5.93057
5.87944
5.84331
5.79405
5.74965
5.69168
5.65607
5.60582
5.55463
5.50192
5.46221
5.40748
5.36662
5.32202
5.27029
5.22462
5.17866
5.12863
5.07805
5.03627
4.99975
4.9475
4.90858
4.86562
4.81689
4.77255
4.72267
4.68475
4.64058
4.59687
4.55365
4.50923
4.46826
4.42221
4.37804
4.3364
4.28453
4.24713
4.19928
4.15771
4.11787
4.07466
4.02579
3.98847
3.94461
3.90718
3.86622
3.83286
3.78746
3.75737
3.7158
3.67608
3.64079
3.58895
3.54702
3.49976
3.45734
3.41338
3.37482
3.32697
3.29259
3.25106
3.2173
3.17963
3.14606
3.11159
3.08207
3.04474
3.00354
2.97498
2.93922
2.90065
2.86435
2.82036
2.78206
2.73767
2.70448
2.66567
2.62825
2.58887
2.5525
2.51971
2.48269
2.44882
2.40938
2.37138
2.33206
2.29712
2.26211
2.22785
2.19439
2.15844
2.12505
2.09059
2.05635
2.02119
1.99207
1.95798
1.92475
1.89013
1.85843
1.82776
1.79288
1.75992
1.72672
1.69179
1.65843
1.62676
1.58937
1.56019
1.52011
1.49305
1.45717
1.42683
1.3937
1.3606
1.32784
1.29646
1.26312
1.23328
1.20451
1.17448
1.14655
1.12211
1.09427
1.06636
1.03894
1.01621
0.991485
0.964788
0.940585
0.907663
0.887067
0.859055
0.831954
0.808691
0.783773
0.756907
0.739002
0.715893
0.693183
0.670875
0.64825
0.629126
0.608925
0.591983
0.574763
0.560306
0.543955
0.526522
0.512847
0.497071
0.483356
0.467409
0.454312
0.439533
0.425501
0.413677
0.401233
0.389626
0.378111
0.36621
0.356055
0.346471
0.336691
0.3277
0.318947
0.309594
0.301897
0.29503
0.28692
0.280026
0.271764
0.265151
0.257991
0.251074
0.244818
0.238998
0.231925
0.225949
0.219821
0.215222
0.209448
0.20437
0.199007
0.19434
0.189171
0.184074
0.18059
0.17633
0.172382
0.168402
0.164617
0.160714
0.157136
0.153562
0.150207
0.146187
0.143307
0.140116
0.137217
0.134199
0.131201
0.128828
0.126121
0.123776
0.121069
0.118887
0.116409
0.113905
0.111833
0.109662
0.107693
0.105761
0.103944
0.102029
0.100287
0.0985574
0.0968414
0.0952581
0.093649
0.0921628
0.0906781
0.0892536
0.0878204
0.0866232
0.0852472
0.0841135
0.0829863
0.0818705
0.0807716
0.0797049
0.0786662
0.077666
0.076697
0.0757506
0.0748363
0.0739666
0.0730805
0.0730805
0.0730805
0.0730805
0.0730805
0.0730805
0.0730805
0.0730805
0.0730805
0.0730805
0.0730805
0.0730805
0.0730805
0.0730805
0.0730805
0.0730805
0.0730805
0.0730805
0.0730805
0.0730805
0.0730805
0.0730805
0.0730805
0.0730805
0.0730805
0.0730805
0.0730805
0.0730805
0.0730805
0.0730805
0.0730805
0.0730805
0.0730805
0.0730805
0.0730805
0.0730805
0.0730805
0.0730805
0.0730805
0.0730805
0.0730805
0.0730805
0.0730805
0.0730805
0.0730805
0.0730805
0.0730805
0.0730805
0.0730805
0.0730805
0.0730805
0.0730805
0.0730805
0.0730805
0.0730805
0.0730805
0.0730805
0.0730805
0.0730805
0.0730805
0.0730805
0.0730805
0.0730805
0.0730805
0.0730805
0.0730805
0.0730805
0.0730805
0.0730805
0.0730805
0.0730805
0.0730805
0.0730805
0.0730805
0.0730805
0.0730805
0.0730805
0.0730805
0.0730805
0.0730805
0.0730805
0.0730805
0.0730805
0.0730805
0.0730805
0.0730805
0.0730805
0.0730805
0.0730805
0.0730805
0.0730805
0.0730805
0.0730805
0.0730805
0.0730805
0.0730805
0.0730805
0.0730805
0.0730805
0.0730805
0.0730805
0.0730805
0.0730805
0.0730805
0.0730805
0.0730805
0.0730805
0.0730805
0.0730805
0.0730805
0.0730805
0.0730805
0.0730805
0.0730805
0.0730805
0.0730805
0.0730805
0.0730805
0.0730805
0.0730805
0.0730805
0.0730805
0.0730805
0.0730805
0.0730805
0.0730805
0.0730805
0.0730805
0.0730805
0.0730805
0.0730805
0.0730805
0.0730805
0.0730805
0.0730805
0.0730805
0.0730805
0.0730805
0.0730805
0.0730805
0.0730805
0.0730805
0.0730805
0.0730805
0.0730805
0.0730805
0.0730805
0.0730805
0.0730805
0.0730805
0.0730805
0.0730805
0.0730805
0.0730805
0.0730805
0.0730805
0.0730805
0.0730805
0.0730805
0.0730805
0.0730805
0.0730805
0.0730805
0.0730805
0.0730805
0.0730805
0.0730805
0.0730805
0.0730805
0.0730805
0.0730805
0.0730805
0.0730805
0.0730805
0.0730805
0.0730805
0.0730805
0.0730805
0.0730805
0.0730805
0.0730805
0.0730805
0.0730805
0.0730805
0.0730805
0.0730805
0.0730805
0.0730805
0.0730805
0.0730805
0.0730805
0.0730805
0.0730805
0.0730805
0.0730805
0.0730805
0.0730805
0.0730805
0.0730805
0.0730805
0.0730805
0.0730805
0.0730805
0.0730805
0.0730805
0.0730805
0.0730805
0.0730805
0.0730805
0.0730805
0.0730805
0.0730805
0.0730805
0.0730805
0.0730805
0.0730805
0.0730805
0.0730805
0.0730805
0.0730805
0.0730805
0.0730805
0.0730805
0.0730805
0.0730805
0.0730805
0.0730805
0.0730805
0.0730805
0.0730805
0.0730805
0.0730805
0.0730805
0.0730805
0.0730805
0.0730805
0.0730805
0.0730805
0.0730805
0.0730805
0.0730805
0.0730805
0.0730805
0.0730805
0.0730805
0.0730805
0.0730805
0.0730805
0.0730805
0.0730805
0.0730805
0.0730805
0.0730805
0.0730805
0.0730805
0.0730805
0.0730805
0.0730805
0.0730805
0.0730805
0.0730805
0.0730805
0.0730805
0.0730805
0.0730805
0.0730805
0.0730805
0.0730805
0.0730805
0.0730805
0.0730805
0.0730805
0.0730805
0.0730805
0.0730805
0.0730805
0.0730805
0.0730805
0.0730805
0.0730805
0.0730805
0.0730805
0.0730805
0.0730805
0.0730805
0.0730805
0.0730805
0.0730805
0.0730805
0.0730805
0.0730805
0.0730805
0.0730805
0.0730805
0.0730805
0.0730805
0.0730805
0.0730805
0.0730805
0.0730805
0.0730805
0.0730805
0.0730805
0.0730805
0.0730805
0.0730805
0.0730805
0.0730805
0.0730805
0.0730805
0.0730805
0.0730805
0.0730805
0.0730805
0.0730805
0.0730805
0.0730805
0.0730805
0.0730805
0.0730805
0.0730805
0.0730805
0.0730805
0.0730805
0.0730805
0.0730805
0.0730805
0.0730805
0.0730805
0.0730805
0.0730805
0.0730805
0.0730805
0.0730805
0.0730805
0.0730805
0.0730805
0.0730805
0.0730805
0.0730805
0.0730805
0.0730805
0.0730805
0.0730805
0.0730805
0.0730805
0.0730805
0.0730805
0.0730805
0.0730805
0.0730805
0.0730805
0.0730805
0.0730805
0.0730805
0.0730805
0.0730805
0.0730805
0.0730805
0.0730805
0.0730805
0.0730805
0.0730805
0.0730805
0.0730805
0.0730805
0.0730805
0.0730805
0.0730805
0.0730805
0.0730805
0.0730805
0.0730805
0.0730805
0.0730805
0.0730805
0.0730805
0.0730805
0.0730805
0.0730805
0.0730805
0.0730805
0.0730805
0.0730805
0.0730805
0.0730805
0.0730805
0.0730805
0.0730805
0.0730805
0.0730805
0.0730805
0.0730805
0.0730805
0.0730805
0.0730805
0.0730805
0.0730805
0.0730805
0.0730805
0.0730805
0.0730805
0.0730805
0.0730805
0.0730805
0.0730805
0.0730805
0.0730805
0.0730805
0.0730805
0.0730805
0.0730805
0.0730805
0.0730805
0.0730805
0.0730805
0.0730805
0.0730805
0.0730805
0.0730805
0.0730805
0.0730805
0.0730805
0.0730805
0.0730805
0.0730805
0.0730805
0.0730805
0.0730805
0.0730805
0.0730805
0.0730805
0.0730805
0.0730805
0.0730805
0.0730805
0.0730805
0.0730805
0.0730805
0.0730805
0.0730805
0.0730805
0.0730805
0.0730805
0.0730805
0.0730805
0.0730805
0.0730805
0.0730805
0.0730805
0.0730805
0.0730805
0.0730805
0.0730805
0.0730805
0.0730805
0.0730805
0.0730805
0.0730805
0.0730805
0.0730805
0.0730805
0.0730805
0.0730805
0.0730805
0.0730805
0.0730805
0.0730805
0.0730805
0.0730805
0.0730805
0.0730805
0.0730805
0.0730805
0.0730805
0.0730805
0.0730805
0.0730805
0.0730805
0.0730805
0.0730805
0.0730805
0.0730805
0.0730805
0.0730805
0.0730805
0.0730805
0.0730805
0.0730805
0.0730805
0.0730805
0.0730805
0.0730805
0.0730805
0.0730805
0.0730805
0.0730805
0.0730805
0.0730805
0.0730805
0.0730805
0.0730805
0.0730805
0.0730805
0.0730805
0.0730805
0.0730805
0.0730805
0.0730805
0.0730805
0.0730805
0.0730805
0.0730805
0.0730805
0.0730805
0.0730805
0.0730805
0.0730805
0.0730805
0.0730805
0.0730805
0.0730805
0.0730805
0.0730805
0.0730805
0.0730805
0.0730805
0.0730805
0.0730805
0.0730805
0.0730805
0.0730805
0.0730805
0.0730805
0.0730805
0.0730805
0.0730805
0.0730805
0.0730805
0.0730805
0.0730805
0.0730805
0.0730805
0.0730805
0.0730805
0.0730805
0.0730805
0.0730805
0.0730805
0.0730805
0.0730805
0.0730805
0.0730805
0.0730805
0.0730805
0.0730805
0.0730805
0.0730805
0.0730805
0.0730805
0.0730805
0.0730805
0.0730805
0.0730805
0.0730805
0.0730805
0.0730805
0.0730805
0.0730805
0.0730805
0.0730805
0.0730805
0.0730805
0.0730805
0.0730805
0.0730805
0.0730805
0.0730805
0.0730805
0.0730805
0.0730805
0.0730805
0.0730805
0.0730805
0.0730805
0.0730805
0.0730805
0.0730805
0.0730805
0.0730805
0.0730805
0.0730805
0.0730805
0.0730805
0.0730805
0.0730805
0.0730805
0.0730805
0.0730805
0.0730805
0.0730805
0.0730805
0.0730805
0.0730805
0.0730805
0.0730805
0.0730805
0.0730805
0.0730805
0.0730805
0.0730805
0.0730805
0.0730805
0.0730805
0.0730805
0.0730805
0.0730805
0.0730805
0.0730805
0.0730805
0.0730805
0.0730805
0.0730805
0.0730805
0.0730805
0.0730805
0.0730805
0.0730805
0.0730805
0.0730805
0.0730805
0.0730805
0.0730805
0.0730805
0.0730805
0.0730805
0.0730805
0.0730805
0.0730805
0.0730805
0.0730805
0.0730805
0.0730805
0.0730805
0.0730805
0.0730805
0.0730805
0.0730805
0.0730805
0.0730805
0.0730805
0.0730805
0.0730805
0.0730805
0.0730805
0.0730805
0.0730805
0.0730805
0.0730805
0.0730805
0.0730805
0.0730805
0.0730805
0.0730805
0.0730805
0.0730805
0.0730805
0.0730805
0.0730805
0.0730805
0.0730805
0.0730805
0.0730805
0.0730805
0.0730805
0.0730805
0.0730805
0.0730805
0.0730805
0.0730805
0.0730805
0.0730805
0.0730805
0.0730805
0.0730805
0.0730805
0.0730805
0.0730805
0.0730805
0.0730805
0.0730805
0.0730805
0.0730805
0.0730805
0.0730805
0.0730805
0.0730805
0.0730805
0.0730805
0.0730805
0.0730805
0.0730805
0.0730805
0.0730805
0.0730805
0.0730805
0.0730805
0.0730805
0.0730805
0.0730805
0.0730805
0.0730805
0.0730805
0.0730805
0.0730805
0.0730805
0.0730805
0.0730805
0.0730805
0.0730805
0.0730805
0.0730805
0.0730805
0.0730805
0.0730805
0.0730805
0.0730805
0.0730805
0.0730805
0.0730805
0.0730805
0.0730805
0.0730805
0.0730805
0.0730805
0.0730805
0.0730805
0.0730805
0.0730805
0.0730805
0.0730805
0.0730805
0.0730805
0.0730805
0.0730805
0.0730805
0.0730805
0.0730805
0.0730805
0.0730805
0.0730805
0.0730805
0.0730805
0.0730805
0.0730805
0.0720615
0.0706538
0.0690758
0.0677392
0.0663388
0.0650558
0.0636194
0.0624491
0.0612351
0.0600162
0.058821
0.0577512
0.0566671
0.05562
0.0545821
0.0535178
0.0525394
0.0515268
0.0507271
0.0498056
0.0488764
0.048036
0.0471009
0.0463285
0.0455581
0.0446929
0.0440073
0.0432385
0.0424902
0.0417929
0.0410061
0.040396
0.0397548
0.0397548
0.0397548
0.0397548
0.0397548
0.0397548
0.0397548
0.0397548
0.0397548
0.0397548
0.0397548
0.0397548
0.0397548
0.0397548
0.0397548
0.0397548
0.0397548
0.0397548
0.0397548
0.0397548
0.0397548
0.0397548
0.0397548
0.0397548
0.0397548
0.0397548
0.0397548
0.0397548
0.0397548
0.0397548
0.0397548
0.0397548
0.0397548
0.0397548
0.0397548
0.0397548
0.0397548
0.0397548
0.0397548
0.0397548
0.0397548
0.0397548
0.0397548
0.0397548
0.0397548
0.0397548
0.0397548
0.0397548
0.0397548
0.0397548
0.0397548
0.0397548
0.0397548
0.0397548
0.0397548
0.0397548
0.0397548
0.0397548
0.0397548
0.0397548
0.0397548
0.0397548
0.0397548
0.0397548
0.0397548
0.0397548
0.0397548
0.0397548
0.0397548
0.0397548
0.0397548
0.0397548
0.0397548
0.0397548
0.0397548
0.0397548
0.0397548
0.0397548
0.0397548
0.0397548
0.0397548
0.0397548
0.0397548
0.0397548
0.0397548
0.0397548
0.0397548
0.0397548
0.0397548
0.0397548
0.0397548
0.0397548
0.0397548
0.0397548
0.0397548
0.0397548
0.0397548
0.0397548
0.0397548
0.0397548
0.0397548
0.0397548
0.0397548
0.0397548
0.0397548
0.0397548
0.0397548
0.0397548
0.0397548
0.0397548
0.0397548
0.0397548
0.0397548
0.0397548
0.0397548
0.0397548
0.0397548
0.0397548
0.0397548
0.0397548
0.0397548
0.0397548
0.0397548
0.0397548
0.0397548
0.0397548
0.0397548
0.0397548
0.0397548
0.0397548
0.0397548
0.0397548
0.0397548
0.0397548
0.0397548
0.0397548
0.0397548
0.0397548
0.0397548
0.0397548
0.0397548
0.0397548
0.0397548
0.0397548
0.0397548
0.0397548
0.0397548
0.0397548
0.0397548
0.0397548
0.0397548
0.0397548
0.0397548
0.0397548
0.0397548
0.0397548
0.0397548
0.0397548
0.0397548
0.0397548
0.0397548
0.0397548
0.0397548
0.0397548
0.0397548
0.0397548
0.0397548
0.0397548
0.0397548
0.0397548
0.0397548
0.0397548
0.0397548
0.0397548
0.0397548
0.0397548
0.0397548
0.0397548
0.0397548
0.0397548
0.0397548
0.0397548
0.0397548
0.0397548
0.0397548
0.0397548
0.0397548
0.0397548
0.0397548
0.0397548
0.0397548
0.0397548
0.0397548
0.0397548
0.0397548
0.0397548
0.0397548
0.0397548
0.0397548
0.0397548
0.0397548
0.0397548
0.0397548
0.0397548
0.0397548
0.0397548
0.0397548
0.0397548
0.0397548
0.0397548
0.0397548
0.0397548
0.0397548
0.0397548
0.0397548
0.0397548
0.0397548
0.0397548
0.0397548
0.0397548
0.0397548
0.0397548
0.0397548
0.0397548
0.0397548
0.0397548
0.0397548
0.0397548
0.0397548
0.0397548
0.0397548
0.0397548
0.0397548
0.0397548
0.0397548
0.0397548
0.0397548
0.0397548
0.0397548
0.0397548
0.0397548
0.0397548
0.0397548
0.0397548
0.0397548
0.0397548
0.0397548
0.0397548
0.0397548
0.0397548
0.0397548
0.0397548
0.0397548
0.0397548
0.0397548
0.0397548
0.0397548
0.0397548
0.0397548
0.0397548
0.0397548
0.0397548
0.0397548
0.0397548
0.0397548
0.0397548
0.0397548
0.0397548
0.0397548
0.0397548
0.0397548
0.0397548
0.0397548
0.0397548
0.0397548
0.0397548
0.0397548
0.0397548
0.0397548
0.0397548
0.0397548
0.0397548
0.0397548
0.0397548
0.0397548
0.0397548
0.0397548
0.0397548
0.0397548
0.0397548
0.0397548
0.0397548
0.0397548
0.0397548
0.0397548
0.0397548
0.0397548
0.0397548
0.0397548
0.0397548
0.0397548
0.0397548
0.0397548
0.0397548
0.0397548
0.0397548
0.0397548
0.0397548
0.0397548
0.0397548
0.0397548
0.0397548
0.0397548
0.0397548
0.0397548
0.0397548
0.0397548
0.0397548
0.0397548
0.0397548
0.0397548
0.0397548
0.0397548
0.0397548
0.0397548
0.0397548
0.0397548
0.0397548
0.0397548
0.0397548
0.0397548
0.0397548
0.0397548
0.0397548
0.0397548
0.0397548
0.0397548
0.0397548
0.0397548
0.0397548
0.0397548
0.0397548
0.0397548
0.0397548
0.0397548
0.0397548
0.0397548
0.0397548
0.0397548
0.0397548
0.0397548
0.0397548
0.0397548
0.0397548
0.0397548
0.0397548
0.0397548
0.0397548
0.0397548
0.0397548
0.0397548
0.0397548
0.0397548
0.0397548
0.0397548
0.0397548
0.0397548
0.0397548
0.0397548
0.0397548
0.0397548
0.0397548
0.0397548
0.0397548
0.0397548
0.0397548
0.0397548
0.0397548
0.0397548
0.0397548
0.0397548
0.0397548
0.0397548
0.0397548
0.0397548
0.0397548
0.0397548
0.0397548
0.0397548
0.0397548
0.0397548
0.0397548
0.0397548
0.0397548
0.0397548
0.0397548
0.0397548
0.0397548
0.0397548
0.0397548
0.0397548
0.0397548
0.0397548
0.0397548
0.0397548
0.0397548
0.0397548
0.0397548
0.0397548
0.0397548
0.0397548
0.0397548
0.0397548
0.0397548
0.0397548
0.0397548
0.0397548
0.0397548
0.0397548
0.0397548
0.0397548
0.0397548
0.0397548
0.0397548
0.0397548
0.0397548
0.0397548
0.0397548
0.0397548
0.0397548
0.0397548
0.0397548
0.0397548
0.0397548
0.0397548
0.0397548
0.0397548
0.0397548
0.0397548
0.0397548
0.0397548
0.0397548
0.0397548
0.0397548
0.0397548
0.0397548
0.0397548
0.0397548
0.0397548
0.0397548
0.0397548
0.0397548
0.0397548
0.0397548
0.0397548
0.0397548
0.0397548
0.0397548
0.0397548
0.0397548
0.0397548
0.0397548
0.0397548
0.0397548
0.0397548
0.0397548
0.0397548
0.0397548
0.0397548
0.0397548
0.0397548
0.0397548
0.0397548
0.0397548
0.0397548
0.0397548
0.0397548
0.0397548
0.0397548
0.0397548
0.0397548
0.0397548
0.0397548
0.0397548
0.0397548
0.0397548
0.0397548
0.0397548
0.0397548
0.0397548
0.0397548
0.0397548
0.0397548
0.0397548
0.0397548
0.0397548
0.0397548
0.0397548
0.0397548
0.0397548
0.0397548
0.0397548
0.0397548
0.0397548
0.0397548
0.0397548
0.0397548
0.0397548
0.0397548
0.0397548
0.0397548
0.0397548
0.0397548
0.0397548
0.0397548
0.0397548
0.0397548
0.0397548
0.0397548
0.0397548
0.0397548
0.0397548
0.0397548
0.0397548
0.0397548
0.0397548
0.0397548
0.0397548
0.0397548
0.0397548
0.0397548
0.0397548
0.0397548
0.0397548
0.0397548
0.0397548
0.0397548
0.0397548
0.0397548
0.0397548
0.0397548
0.0397548
0.0397548
0.0397548
0.0397548
0.0397548
0.0397548
0.0397548
0.0397548
0.0397548
0.0397548
0.0397548
0.0397548
0.0397548
0.0397548
0.0397548
0.0397548
0.0397548
0.0397548
0.0397548
0.0397548
0.0397548
0.0397548
0.0397548
0.0397548
0.0397548
0.0397548
0.0397548
0.0397548
0.0397548
0.0397548
0.0397548
0.0397548
0.0397548
0.0397548
0.0397548
0.0397548
0.0397548
0.0397548
0.0397548
0.0397548
0.0397548
0.0397548
0.0397548
0.0397548
0.0397548
0.0397548
0.0397548
0.0397548
0.0397548
0.0397548
0.0397548
0.0397548
0.0397548
0.0397548
0.0397548
0.0397548
0.0397548
0.0397548
0.0397548
0.0397548
0.0397548
0.0397548
0.0397548
0.0397548
0.0397548
0.0397548
0.0397548
0.0397548
0.0397548
0.0397548
0.0397548
0.0397548
0.0397548
0.0397548
0.0397548
0.0397548
0.0397548
0.0397548
0.0397548
0.0397548
0.0397548
0.0397548
0.0397548
0.0397548
0.0397548
0.0397548
0.0397548
0.0397548
0.0397548
0.0397548
0.0397548
0.0397548
0.0397548
0.0397548
0.0397548
0.0397548
0.0397548
0.0397548
0.0397548
0.0397548
0.0397548
0.0397548
0.0397548
0.0397548
0.0397548
0.0397548
0.0397548
0.0397548
0.0397548
0.0397548
0.0397548
0.0397548
0.0397548
0.0397548
0.0397548
0.0397548
0.0397548
0.0397548
0.0397548
0.0397548
0.0397548
0.0397548
0.0397548
0.0397548
0.0397548
0.0397548
0.0397548
0.0397548
0.0397548
0.0397548
0.0397548
0.0397548
0.0397548
0.0397548
0.0397548
0.0397548
0.0397548
0.0397548
0.0397548
0.0397548
0.0397548
0.0397548
0.0397548
0.0397548
0.0397548
0.0397548
0.0397548
0.0397548
0.0397548
0.0397548
0.0397548
0.0397548
0.0397548
0.0397548
0.0397548
0.0397548
0.0397548
0.0397548
0.0397548
0.0397548
