2.50041e+07
1.90705e+07
1.07751e+07
1.07751e+07
1.07751e+07
1.07751e+07
7.78033e+06
7.78033e+06
7.78033e+06
7.78033e+06
7.78033e+06
7.78033e+06
2.63609e+06
2.63609e+06
2.60257e+06
2.5009e+06
2.5009e+06
1.73347e+06
1.73347e+06
1.70329e+06
1.70329e+06
1.62583e+06
1.62583e+06
601153
601153
601153
601153
494235
469257
220972
220972
220972
204828
204828
204828
161565
161359
78686.1
64090.7
54445.3
37673.5
37673.5
37673.5
37673.5
36862.8
20207.9
19158.4
16279.3
12739.2
8972.51
7976.7
7976.7
7113.65
4470.73
4470.73
4470.73
3762.7
3762.7
2177.43
2177.43
2177.43
2177.43
2153.6
1532.72
1412.86
1217.13
1217.13
832.559
703.081
441.331
441.331
433.319
433.319
433.319
433.319
433.319
433.319
433.319
433.319
361.339
361.339
348.986
287.979
263.526
263.526
203.957
203.957
203.957
203.957
203.957
203.48
161.895
151.988
151.988
137.264
136.644
121.849
121.209
120.992
120.992
110.896
110.896
110.896
110.896
110.896
109.469
95.5473
78.8751
78.8751
71.5721
65.1755
60.091
59.2655
51.686
43.3304
43.3304
43.3304
43.3304
43.3304
43.3304
41.7115
41.7115
41.5119
41.5119
35.6031
35.6031
35.6031
33.2704
32.9596
32.855
32.7218
31.5806
31.5806
30.7114
30.7114
30.4263
30.4263
30.4263
30.2615
30.1438
30.099
29.2854
29.2854
28.8712
28.3079
28.3079
28.1766
27.4864
27.2476
27.2136
27.2136
27.1606
27.1488
26.9292
26.7526
26.5973
26.5173
26.422
26.3633
26.3391
26.2004
26.1708
26.1474
25.9363
25.8981
25.8399
25.7204
25.682
25.682
25.6079
25.5422
25.5318
25.4455
25.4154
25.3462
25.3064
25.2212
25.1592
25.1046
25.0244
24.9788
24.9148
24.8915
24.85
24.8059
24.7723
24.7359
24.7029
24.6817
24.6364
24.6088
24.5784
24.5397
24.5107
24.4663
24.4253
24.3823
24.3515
24.3138
24.275
24.2397
24.1947
24.1688
24.1384
24.0954
24.0674
24.0249
23.9909
23.956
23.9188
23.8859
23.8547
23.8183
23.7905
23.7534
23.7218
23.6939
23.6618
23.6316
23.6046
23.576
23.5442
23.517
23.4882
23.4599
23.4309
23.4031
23.3762
23.345
23.3202
23.291
23.263
23.2356
23.2048
23.1796
23.1469
23.1199
23.0954
23.0688
23.039
23.0132
22.9809
22.9526
22.9255
22.8994
22.8668
22.8435
22.815
22.7891
22.7569
22.7309
22.7016
22.6753
22.6499
22.6186
22.5877
22.555
22.5301
22.503
22.4723
22.4421
22.4092
22.3785
22.3449
22.3147
22.2793
22.2504
22.2184
22.1855
22.1542
22.1226
22.0923
22.0596
22.0289
21.993
21.9626
21.9275
21.8945
21.8593
21.8251
21.7954
21.7566
21.7257
21.6935
21.6562
21.6284
21.5896
21.5609
21.5268
21.4934
21.4585
21.4267
21.3944
21.3576
21.3268
21.2906
21.2566
21.2205
21.1873
21.1544
21.1193
21.0856
21.0526
21.0178
20.9863
20.949
20.9235
20.8924
20.8616
20.8294
20.799
20.7715
20.7405
20.7113
20.6801
20.6494
20.6185
20.5877
20.5541
20.5223
20.4931
20.4616
20.4291
20.3978
20.3674
20.3368
20.3069
20.2776
20.2492
20.219
20.1878
20.1564
20.1293
20.1001
20.07
20.0403
20.0033
19.9769
19.9439
19.9134
19.8812
19.8524
19.8173
19.7877
19.7525
19.7212
19.689
19.6592
19.6272
19.5955
19.5642
19.5315
19.5044
19.4725
19.442
19.4098
19.3794
19.3527
19.3188
19.2917
19.256
19.2307
19.1987
19.1697
19.1373
19.1079
19.0749
19.0419
19.0126
18.9801
18.9493
18.9183
18.884
18.8517
18.8192
18.7839
18.7463
18.7209
18.6832
18.6498
18.6082
18.5741
18.5386
18.4998
18.4641
18.4219
18.3902
18.3499
18.3075
18.2718
18.2349
18.1911
18.1548
18.1138
18.0712
18.0328
17.9924
17.9581
17.92
17.8841
17.843
17.8031
17.7653
17.727
17.6817
17.6424
17.598
17.5587
17.5176
17.4781
17.4383
17.3958
17.3566
17.3117
17.2667
17.2287
17.1852
17.1417
17.0901
17.0591
17.0146
16.9752
16.9303
16.8879
16.8435
16.7979
16.751
16.7062
16.6721
16.6273
16.5804
16.5421
16.4927
16.4559
16.4071
16.3656
16.319
16.2823
16.2438
16.2071
16.1611
16.1298
16.0894
16.0516
16.0092
15.977
15.9379
15.9025
15.8648
15.8231
15.7805
15.744
15.707
15.6575
15.614
15.5715
15.5282
15.4901
15.4438
15.4
15.3598
15.3216
15.2771
15.2415
15.1957
15.156
15.1113
15.0731
15.0266
14.9865
14.9419
14.8954
14.8551
14.8116
14.7677
14.7276
14.6827
14.6389
14.5973
14.5484
14.503
14.4613
14.4118
14.3649
14.3107
14.262
14.2152
14.1632
14.1136
14.0596
14.0049
13.9625
13.9135
13.8692
13.8296
13.7851
13.7394
13.6826
13.6533
13.6236
13.5824
13.5378
13.4927
13.4522
13.4128
13.3748
13.3298
13.29
13.246
13.2055
13.1648
13.1221
13.0852
13.0454
13.0031
12.9678
12.9265
12.8917
12.8565
12.8094
12.7819
12.7445
12.7078
12.6724
12.6403
12.607
12.5715
12.5349
12.4974
12.4658
12.4198
12.3875
12.3514
12.315
12.2792
12.2309
12.201
12.1608
12.1195
12.0766
12.0424
11.9945
11.9617
11.9219
11.8747
11.8429
11.8001
11.7609
11.7222
11.6855
11.6466
11.6014
11.5641
11.5208
11.4785
11.4345
11.392
11.3508
11.3032
11.2624
11.2156
11.1723
11.1296
11.0817
11.0436
11.0024
10.9568
10.9161
10.8689
10.8261
10.777
10.7395
10.6909
10.6442
10.6072
10.5662
10.5104
10.4687
10.4303
10.385
10.3482
10.3075
10.2651
10.224
10.1818
10.1339
10.0986
10.0595
10.0155
9.98079
9.94014
9.89355
9.85907
9.81606
9.77931
9.7401
9.69881
9.65759
9.61474
9.56906
9.529
9.48679
9.44957
9.40589
9.36243
9.31857
9.28163
9.23931
9.20032
9.16235
9.12025
9.07448
9.04453
9.0055
8.96551
8.92838
8.89024
8.85803
8.82081
8.78191
8.73713
8.69875
8.66735
8.62332
8.58661
8.55098
8.51444
8.47358
8.43787
8.40534
8.36429
8.33746
8.29776
8.26547
8.22719
8.19322
8.15645
8.12212
8.0825
8.04505
8.00572
7.97005
7.9332
7.89188
7.85729
7.8195
7.78091
7.74352
7.70776
7.6704
7.63389
7.59579
7.55959
7.52565
7.48818
7.44771
7.41639
7.37473
7.33856
7.30683
7.2702
7.22914
7.19441
7.15992
7.12145
7.08909
7.05551
7.0185
6.98722
6.95168
6.91321
6.88133
6.84768
6.81446
6.77819
6.74429
6.71654
6.68516
6.6505
6.61988
6.58497
6.55499
6.52273
6.4871
6.45147
6.42292
6.38828
6.35536
6.32433
6.29037
6.25425
6.22175
6.18623
6.15154
6.11359
6.07625
6.04873
6.01134
5.97621
5.94317
5.90525
5.86852
5.82721
5.78455
5.75175
5.7111
5.675
5.63855
5.59999
5.56452
5.52237
5.48556
5.44523
5.40876
5.37054
5.32804
5.28964
5.25171
5.20645
5.16532
5.12816
5.08832
5.05053
5.01086
4.96966
4.93192
4.89459
4.85717
4.81838
4.78333
4.74655
4.70561
4.66768
4.62771
4.59392
4.55576
4.51646
4.48266
4.44047
4.40518
4.36326
4.31696
4.28494
4.24857
4.20932
4.16825
4.12852
4.08817
4.05158
4.00774
3.96736
3.93083
3.89362
3.8476
3.81361
3.77342
3.73071
3.69201
3.65145
3.60533
3.56399
3.51885
3.48205
3.43176
3.39177
3.35241
3.30449
3.25524
3.20106
3.16564
3.12237
3.06921
3.02777
2.97736
2.93086
2.88002
2.82619
2.78768
2.73203
2.68797
2.64052
2.58976
2.53445
2.48995
2.43536
2.38231
2.331
2.28052
2.23185
2.18352
2.1298
2.08686
2.04315
1.99866
1.9588
1.91297
1.87308
1.83647
1.79757
1.76481
1.72575
1.69154
1.6612
1.61996
1.58325
1.55235
1.52272
1.48221
1.454
1.42195
1.3885
1.3537
1.32152
1.28741
1.25346
1.22609
1.19406
1.16602
1.13951
1.10526
1.07946
1.05452
1.02821
1.00524
0.980728
0.957169
0.933034
0.908749
0.886673
0.863429
0.842679
0.820634
0.797547
0.779135
0.751626
0.735493
0.715302
0.696491
0.675221
0.65972
0.639952
0.623527
0.60665
0.590919
0.574049
0.557369
0.541322
0.522476
0.507788
0.493158
0.477836
0.461345
0.446781
0.434748
0.42093
0.40727
0.392802
0.379056
0.365868
0.354384
0.342247
0.332398
0.320441
0.309371
0.29843
0.286753
0.27774
0.268489
0.25912
0.251328
0.24338
0.23479
0.228216
0.220949
0.214503
0.20777
0.202282
0.195604
0.190902
0.185101
0.180105
0.175075
0.169021
0.164495
0.160182
0.155079
0.15122
0.147061
0.14329
0.13951
0.135639
0.132171
0.128777
0.125572
0.12229
0.119346
0.115985
0.113435
0.11061
0.108058
0.105525
0.103378
0.100797
0.0986771
0.0963782
0.0943833
0.092246
0.0902313
0.0882277
0.0865148
0.0846953
0.0830178
0.0812084
0.0796628
0.0781042
0.076604
0.075113
0.0736795
0.0723482
0.0710531
0.0697718
0.0685576
0.0672598
0.0661604
0.0649331
0.0638713
0.0628443
0.0618666
0.0609309
0.059954
0.059059
0.0582161
0.057305
0.0565542
0.055775
0.054974
0.05424
0.0534963
0.0534963
0.0534963
0.0534963
0.0534963
0.0534963
0.0534963
0.0534963
0.0534963
0.0534963
0.0534963
0.0534963
0.0534963
0.0534963
0.0534963
0.0534963
0.0534963
0.0534963
0.0534963
0.0534963
0.0534963
0.0534963
0.0534963
0.0534963
0.0534963
0.0534963
0.0534963
0.0534963
0.0534963
0.0534963
0.0534963
0.0534963
0.0534963
0.0534963
0.0534963
0.0534963
0.0534963
0.0534963
0.0534963
0.0534963
0.0534963
0.0534963
0.0534963
0.0534963
0.0534963
0.0534963
0.0534963
0.0534963
0.0534963
0.0534963
0.0534963
0.0534963
0.0534963
0.0534963
0.0534963
0.0534963
0.0534963
0.0534963
0.0534963
0.0534963
0.0534963
0.0534963
0.0534963
0.0534963
0.0534963
0.0534963
0.0534963
0.0534963
0.0534963
0.0534963
0.0534963
0.0534963
0.0534963
0.0534963
0.0534963
0.0534963
0.0534963
0.0534963
0.0534963
0.0534963
0.0534963
0.0534963
0.0534963
0.0534963
0.0534963
0.0534963
0.0534963
0.0534963
0.0534963
0.0534963
0.0534963
0.0534963
0.0534963
0.0534963
0.0534963
0.0534963
0.0534963
0.0534963
0.0534963
0.0534963
0.0534963
0.0534963
0.0534963
0.0534963
0.0534963
0.0534963
0.0534963
0.0534963
0.0534963
0.0534963
0.0534963
0.0534963
0.0534963
0.0534963
0.0534963
0.0534963
0.0534963
0.0534963
0.0534963
0.0534963
0.0534963
0.0534963
0.0534963
0.0534963
0.0534963
0.0534963
0.0534963
0.0534963
0.0534963
0.0534963
0.0534963
0.0534963
0.0534963
0.0534963
0.0534963
0.0534963
0.0534963
0.0534963
0.0534963
0.0534963
0.0534963
0.0534963
0.0534963
0.0534963
0.0534963
0.0534963
0.0534963
0.0534963
0.0534963
0.0534963
0.0534963
0.0534963
0.0534963
0.0534963
0.0534963
0.0534963
0.0534963
0.0534963
0.0534963
0.0534963
0.0534963
0.0534963
0.0534963
0.0534963
0.0534963
0.0534963
0.0534963
0.0534963
0.0534963
0.0534963
0.0534963
0.0534963
0.0534963
0.0534963
0.0534963
0.0534963
0.0534963
0.0534963
0.0534963
0.0534963
0.0534963
0.0534963
0.0534963
0.0534963
0.0534963
0.0534963
0.0534963
0.0534963
0.0534963
0.0534963
0.0534963
0.0534963
0.0534963
0.0534963
0.0534963
0.0534963
0.0534963
0.0534963
0.0534963
0.0534963
0.0534963
0.0534963
0.0534963
0.0534963
0.0534963
0.0534963
0.0534963
0.0534963
0.0534963
0.0534963
0.0534963
0.0534963
0.0534963
0.0534963
0.0534963
0.0534963
0.0534963
0.0534963
0.0534963
0.0534963
0.0534963
0.0534963
0.0534963
0.0534963
0.0534963
0.0534963
0.0534963
0.0534963
0.0534963
0.0534963
0.0534963
0.0534963
0.0534963
0.0534963
0.0534963
0.0534963
0.0534963
0.0534963
0.0534963
0.0534963
0.0534963
0.0534963
0.0534963
0.0534963
0.0534963
0.0534963
0.0534963
0.0534963
0.0534963
0.0534963
0.0534963
0.0534963
0.0534963
0.0534963
0.0534963
0.0534963
0.0534963
0.0534963
0.0534963
0.0534963
0.0534963
0.0534963
0.0534963
0.0534963
0.0534963
0.0534963
0.0534963
0.0534963
0.0534963
0.0534963
0.0534963
0.0534963
0.0534963
0.0534963
0.0534963
0.0534963
0.0534963
0.0534963
0.0534963
0.0534963
0.0534963
0.0534963
0.0534963
0.0534963
0.0534963
0.0534963
0.0534963
0.0534963
0.0534963
0.0534963
0.0534963
0.0534963
0.0534963
0.0534963
0.0534963
0.0534963
0.0534963
0.0534963
0.0534963
0.0534963
0.0534963
0.0534963
0.0534963
0.0534963
0.0534963
0.0534963
0.0534963
0.0534963
0.0534963
0.0534963
0.0534963
0.0534963
0.0534963
0.0534963
0.0534963
0.0534963
0.0534963
0.0534963
0.0534963
0.0534963
0.0534963
0.0534963
0.0534963
0.0534963
0.0534963
0.0534963
0.0534963
0.0534963
0.0534963
0.0534963
0.0534963
0.0534963
0.0534963
0.0534963
0.0534963
0.0534963
0.0534963
0.0534963
0.0534963
0.0534963
0.0534963
0.0534963
0.0534963
0.0534963
0.0534963
0.0534963
0.0534963
0.0534963
0.0534963
0.0534963
0.0534963
0.0534963
0.0534963
0.0534963
0.0534963
0.0534963
0.0534963
0.0534963
0.0534963
0.0534963
0.0534963
0.0534963
0.0534963
0.0534963
0.0534963
0.0534963
0.0534963
0.0534963
0.0534963
0.0534963
0.0534963
0.0534963
0.0534963
0.0534963
0.0534963
0.0534963
0.0534963
0.0534963
0.0534963
0.0534963
0.0534963
0.0534963
0.0534963
0.0534963
0.0534963
0.0534963
0.0534963
0.0534963
0.0534963
0.0534963
0.0534963
0.0534963
0.0534963
0.0534963
0.0534963
0.0534963
0.0534963
0.0534963
0.0534963
0.0534963
0.0534963
0.0534963
0.0534963
0.0534963
0.0534963
0.0534963
0.0534963
0.0534963
0.0534963
0.0534963
0.0534963
0.0534963
0.0534963
0.0534963
0.0534963
0.0534963
0.0534963
0.0534963
0.0534963
0.0534963
0.0534963
0.0534963
0.0534963
0.0534963
0.0534963
0.0534963
0.0534963
0.0534963
0.0534963
0.0534963
0.0534963
0.0534963
0.0534963
0.0534963
0.0534963
0.0534963
0.0534963
0.0534963
0.0534963
0.0534963
0.0534963
0.0534963
0.0534963
0.0534963
0.0534963
0.0534963
0.0534963
0.0534963
0.0534963
0.0534963
0.0534963
0.0534963
0.0534963
0.0534963
0.0534963
0.0534963
0.0534963
0.0534963
0.0534963
0.0534963
0.0534963
0.0534963
0.0534963
0.0534963
0.0534963
0.0534963
0.0534963
0.0534963
0.0534963
0.0534963
0.0534963
0.0534963
0.0534963
0.0534963
0.0534963
0.0534963
0.0534963
0.0534963
0.0534963
0.0534963
0.0534963
0.0534963
0.0534963
0.0534963
0.0534963
0.0534963
0.0534963
0.0534963
0.0534963
0.0534963
0.0534963
0.0534963
0.0534963
0.0534963
0.0534963
0.0534963
0.0534963
0.0534963
0.0534963
0.0534963
0.0534963
0.0534963
0.0534963
0.0534963
0.0534963
0.0534963
0.0534963
0.0534963
0.0534963
0.0534963
0.0534963
0.0534963
0.0534963
0.0534963
0.0534963
0.0534963
0.0534963
0.0534963
0.0534963
0.0534963
0.0534963
0.0534963
0.0534963
0.0534963
0.0534963
0.0534963
0.0534963
0.0534963
0.0534963
0.0534963
0.0534963
0.0534963
0.0534963
0.0534963
0.0534963
0.0534963
0.0534963
0.0534963
0.0534963
0.0534963
0.0534963
0.0534963
0.0534963
0.0534963
0.0534963
0.0534963
0.0534963
0.0534963
0.0534963
0.0534963
0.0534963
0.0534963
0.0534963
0.0534963
0.0534963
0.0534963
0.0534963
0.0534963
0.0534963
0.0534963
0.0534963
0.0534963
0.0534963
0.0534963
0.0534963
0.0534963
0.0534963
0.0534963
0.0534963
0.0534963
0.0534963
0.0534963
0.0534963
0.0534963
0.0534963
0.0534963
0.0534963
0.0534963
0.0534963
0.0534963
0.0534963
0.0534963
0.0534963
0.0534963
0.0534963
0.0534963
0.0534963
0.0534963
0.0534963
0.0534963
0.0534963
0.0534963
0.0534963
0.0534963
0.0534963
0.0534963
0.0534963
0.0534963
0.0534963
0.0534963
0.0534963
0.0534963
0.0534963
0.0534963
0.0534963
0.0534963
0.0534963
0.0534963
0.0534963
0.0534963
0.0534963
0.0534963
0.0534963
0.0534963
0.0534963
0.0534963
0.0534963
0.0534963
0.0534963
0.0534963
0.0534963
0.0534963
0.0534963
0.0534963
0.0534963
0.0534963
0.0534963
0.0534963
0.0534963
0.0534963
0.0534963
0.0534963
0.0534963
0.0534963
0.0534963
0.0534963
0.0534963
0.0534963
0.0534963
0.0534963
0.0534963
0.0534963
0.0534963
0.0534963
0.0534963
0.0534963
0.0534963
0.0534963
0.0534963
0.0534963
0.0534963
0.0534963
0.0534963
0.0534963
0.0534963
0.0534963
0.0534963
0.0534963
0.0534963
0.0534963
0.0534963
0.0534963
0.0534963
0.0534963
0.0534963
0.0534963
0.0534963
0.0534963
0.0534963
0.0534963
0.0534963
0.0534963
0.0534963
0.0534963
0.0534963
0.0534963
0.0534963
0.0534963
0.0534963
0.0534963
0.0534963
0.0534963
0.0534963
0.0534963
0.0534963
0.0534963
0.0534963
0.0534963
0.0534963
0.0534963
0.0534963
0.0534963
0.0534963
0.0534963
0.0534963
0.0534963
0.0534963
0.0534963
0.0534963
0.0534963
0.0534963
0.0534963
0.0534963
0.0534963
0.0534963
0.0534963
0.0534963
0.0534963
0.0534963
0.0534963
0.0534963
0.0534963
0.0534963
0.0534963
0.0534963
0.0534963
0.0534963
0.0534963
0.0534963
0.0534963
0.0534963
0.0534963
0.0534963
0.0534963
0.0534963
0.0534963
0.0534963
0.0534963
0.0534963
0.0534963
0.0534963
0.0534963
0.0534963
0.0534963
0.0534963
0.0534963
0.0534963
0.0534963
0.0534963
0.0534963
0.0534963
0.0534963
0.0534963
0.0534963
0.0534963
0.0534963
0.0534963
0.0534963
0.0534963
0.0534963
0.0534963
0.0534963
0.0534963
0.0534963
0.0534963
0.0534963
0.0534963
0.0534963
0.0534963
0.0534963
0.0534963
0.0534963
0.0534963
0.0534963
0.0534963
0.0534963
0.0534963
0.0534963
0.0534963
0.0534963
0.0534963
0.0534963
0.0534963
0.0534963
0.0534963
0.0534963
0.0534963
0.0534963
0.0534963
0.0534963
0.0534963
0.0534963
0.0534963
0.0534963
0.0534963
0.0534963
0.0534963
0.0534963
0.0534963
0.0534963
0.0534963
0.0534963
0.0534963
0.0534963
0.0534963
0.0534963
0.0534963
0.0534963
0.0534963
0.0534963
0.0534963
0.0534963
0.0534963
0.0534963
0.0534963
0.0534963
0.0534963
0.0534963
0.0534963
0.0534963
0.0534963
0.0534963
0.0534963
0.0534963
0.0534963
0.0534963
0.0534963
0.0534963
0.0534963
0.0534963
0.0534963
0.0534963
0.0534963
0.0534963
0.0534963
0.0534963
0.0534963
0.0534963
0.0534963
0.0534963
0.0534963
0.0534963
0.0534963
0.0534963
0.0534963
0.0534963
0.0534963
0.0534963
0.0534963
0.0534963
0.0534963
0.0534963
0.0534963
0.0534963
0.0534963
0.0534963
0.0534963
0.0534963
0.0534963
0.0534963
0.0534963
0.0534963
0.0534963
0.0534963
0.0534963
0.0534963
0.0534963
0.0534963
0.0534963
0.0534963
0.0534963
0.0534963
0.0534963
0.0534963
0.0534963
0.0534963
0.0534963
0.0534963
0.0534963
0.0534963
0.0534963
0.0534963
0.0534963
0.0534963
0.0534963
0.0534963
0.0534963
0.0534963
0.0534963
0.0534963
0.0534963
0.0534963
0.0534963
0.0534963
0.0534963
0.0534963
0.0534963
0.0534963
0.0534963
0.0534963
0.0534963
0.0533703
0.0525092
0.0517008
0.0509069
0.0509069
0.0509069
0.0509069
0.0509069
0.0509069
0.0509069
0.0509069
0.0509069
0.0509069
0.0509069
0.0509069
0.0509069
0.0509069
0.0509069
0.0509069
0.0509069
0.0509069
0.0509069
0.0509069
0.0509069
0.0509069
0.0509069
0.0509069
0.0509069
0.0509069
0.0509069
0.0509069
0.0509069
0.0509069
0.0509069
0.0509069
0.0509069
0.0509069
0.0509069
0.0509069
0.0509069
0.0509069
0.0509069
0.0509069
0.0509069
0.0509069
0.0509069
0.0509069
0.0509069
0.0509069
0.0509069
0.0509069
0.0509069
0.0509069
0.0509069
0.0509069
0.0509069
0.0509069
0.0509069
0.0509069
0.0509069
0.0509069
0.0509069
0.0509069
0.0509069
0.0509069
0.0509069
0.0509069
0.0509069
0.0509069
0.0509069
0.0509069
0.0509069
0.0509069
0.0509069
0.0509069
0.0509069
0.0509069
0.0509069
0.0509069
0.0509069
0.0509069
0.0509069
0.0509069
0.0509069
0.0509069
0.0509069
0.0509069
0.0509069
0.0509069
0.0509069
0.0509069
0.0509069
0.0509069
0.0509069
0.0509069
0.0509069
0.0509069
0.0509069
0.0509069
0.0509069
0.0509069
0.0509069
0.0509069
0.0509069
0.0509069
0.0509069
0.0509069
0.0509069
0.0509069
0.0509069
0.0509069
0.0509069
0.0509069
0.0509069
0.0509069
0.0509069
0.0509069
0.0509069
0.0509069
0.0509069
0.0509069
0.0509069
0.0509069
0.0509069
0.0509069
0.0509069
0.0509069
0.0509069
0.0509069
0.0509069
0.0509069
0.0509069
0.0509069
0.0509069
0.0509069
0.0509069
0.0509069
0.0509069
0.0509069
0.0509069
0.0509069
0.0509069
0.0509069
0.0509069
0.0509069
0.0509069
0.0509069
0.0509069
0.0509069
0.0509069
0.0509069
0.0509069
0.0509069
0.0509069
0.0509069
0.0509069
0.0509069
0.0509069
0.0509069
0.0509069
0.0509069
0.0509069
0.0509069
0.0509069
0.0509069
0.0509069
0.0509069
0.0509069
0.0509069
0.0509069
0.0509069
0.0509069
0.0509069
0.0509069
0.0509069
0.0509069
0.0509069
0.0509069
0.0509069
0.0509069
0.0509069
0.0509069
0.0509069
0.0509069
0.0509069
0.0509069
0.0509069
0.0509069
0.0509069
0.0509069
0.0509069
0.0509069
0.0509069
0.0509069
0.0509069
0.0509069
0.0509069
0.0509069
0.0509069
0.0509069
0.0509069
0.0509069
0.0509069
0.0509069
0.0509069
0.0509069
0.0509069
0.0509069
0.0509069
0.0509069
0.0509069
0.0509069
0.0509069
0.0509069
0.0509069
0.0509069
0.0509069
0.0509069
0.0509069
0.0509069
0.0509069
0.0509069
0.0509069
0.0509069
0.0509069
0.0509069
0.0509069
0.0509069
0.0509069
0.0509069
0.0509069
0.0509069
0.0509069
0.0509069
0.0509069
0.0509069
0.0509069
0.0509069
0.0509069
0.0509069
0.0509069
0.0509069
0.0509069
0.0509069
0.0509069
0.0509069
0.0509069
0.0509069
0.0509069
0.0509069
0.0509069
0.0509069
0.0509069
0.0509069
0.0509069
0.0509069
0.0509069
0.0509069
0.0509069
0.0509069
0.0509069
0.0509069
0.0509069
0.0509069
0.0509069
0.0509069
0.0509069
0.0509069
0.0509069
0.0509069
0.0509069
0.0509069
0.0509069
0.0509069
0.0509069
0.0509069
0.0509069
0.0509069
0.0509069
0.0509069
0.0509069
0.0509069
0.0509069
0.0509069
0.0509069
0.0509069
0.0509069
0.0509069
0.0509069
0.0509069
0.0509069
0.0509069
0.0509069
0.0509069
0.0509069
0.0509069
0.0509069
0.0509069
0.0509069
0.0509069
0.0509069
0.0509069
0.0509069
0.0509069
0.0509069
0.0509069
0.0509069
0.0509069
0.0509069
0.0509069
0.0509069
0.0509069
0.0509069
0.0509069
0.0509069
0.0509069
0.0509069
0.0509069
0.0509069
0.0509069
0.0509069
0.0509069
0.0509069
0.0509069
0.0509069
0.0509069
0.0509069
0.0509069
0.0509069
0.0509069
0.0509069
0.0509069
0.0509069
0.0509069
0.0509069
0.0509069
0.0509069
0.0509069
0.0509069
0.0509069
0.0509069
0.0509069
0.0509069
0.0509069
0.0509069
0.0509069
0.0509069
0.0509069
0.0509069
0.0509069
0.0509069
0.0509069
0.0509069
0.0509069
0.0509069
0.0509069
0.0509069
0.0509069
0.0509069
0.0509069
0.0509069
0.0509069
0.0509069
0.0509069
0.0509069
0.0509069
0.0509069
0.0509069
0.0509069
0.0509069
0.0509069
0.0509069
0.0509069
0.0509069
0.0509069
0.0509069
0.0509069
0.0509069
0.0509069
0.0509069
0.0509069
0.0509069
0.0509069
0.0509069
0.0509069
0.0509069
0.0509069
0.0509069
0.0509069
0.0509069
0.0509069
0.0509069
0.0509069
0.0509069
0.0509069
0.0509069
0.0509069
0.0509069
0.0509069
0.0509069
0.0509069
0.0509069
0.0509069
0.0509069
0.0509069
0.0509069
0.0509069
0.0509069
0.0509069
0.0509069
0.0509069
0.0509069
0.0509069
0.0509069
0.0509069
0.0509069
0.0509069
0.0509069
0.0509069
0.0509069
0.0509069
0.0509069
0.0509069
0.0509069
0.0509069
0.0509069
0.0509069
0.0509069
0.0509069
0.0509069
0.0509069
0.0509069
0.0509069
0.0509069
0.0509069
0.0509069
0.0509069
0.0509069
0.0509069
0.0509069
0.0509069
0.0509069
0.0509069
0.0509069
0.0509069
0.0509069
0.0509069
0.0509069
0.0509069
0.0509069
0.0509069
0.0509069
0.0509069
0.0509069
0.0509069
0.0509069
0.0509069
0.0509069
0.0509069
0.0509069
0.0509069
0.0509069
0.0509069
0.0509069
0.0509069
0.0509069
0.0509069
0.0509069
0.0509069
0.0509069
0.0509069
0.0509069
0.0509069
0.0509069
0.0509069
0.0509069
0.0509069
0.0509069
0.0509069
0.0509069
0.0509069
0.0509069
0.0509069
0.0509069
0.0509069
0.0509069
0.0509069
0.0509069
0.0509069
0.0509069
0.0509069
0.0509069
0.0509069
0.0509069
0.0509069
0.0509069
0.0509069
0.0509069
0.0509069
0.0509069
0.0509069
0.0509069
0.0509069
0.0509069
0.0509069
0.0509069
0.0509069
0.0509069
0.0509069
0.0509069
0.0509069
0.0509069
0.0509069
0.0509069
0.0509069
0.0509069
0.0509069
0.0509069
0.0509069
0.0509069
0.0509069
0.0509069
0.0509069
0.0509069
0.0509069
0.0509069
0.0509069
0.0509069
0.0509069
0.0509069
0.0509069
0.0509069
0.0509069
0.0509069
0.0509069
0.0509069
0.0509069
0.0509069
0.0509069
0.0509069
0.0509069
0.0509069
0.0509069
0.0509069
0.0509069
0.0509069
0.0509069
0.0509069
0.0509069
0.0509069
0.0509069
0.0509069
0.0509069
0.0509069
0.0509069
0.0509069
0.0509069
0.0509069
0.0509069
0.0509069
0.0509069
0.0509069
0.0509069
0.0509069
0.0509069
0.0509069
0.0509069
0.0509069
0.0509069
0.0509069
0.0509069
0.0509069
0.0509069
0.0509069
0.0509069
0.0509069
0.0509069
0.0509069
0.0509069
0.0509069
0.0509069
0.0509069
0.0509069
0.0509069
0.0509069
0.0509069
0.0509069
0.0509069
0.0509069
0.0509069
0.0509069
0.0509069
0.0509069
0.0509069
0.0509069
0.0509069
0.0509069
0.0509069
0.0509069
0.0509069
0.0509069
0.0509069
0.0509069
0.0509069
0.0509069
0.0509069
0.0509069
0.0509069
0.0509069
0.0509069
0.0509069
0.0509069
0.0509069
0.0509069
0.0509069
0.0509069
0.0509069
0.0509069
0.0509069
0.0509069
0.0509069
0.0509069
0.0509069
0.0509069
0.0509069
0.0509069
0.0509069
0.0509069
0.0509069
0.0509069
0.0509069
0.0509069
0.0509069
0.0509069
0.0509069
0.0509069
0.0509069
0.0509069
0.0509069
0.0509069
0.0509069
0.0509069
0.0509069
0.0509069
0.0509069
0.0509069
0.0509069
0.0509069
0.0509069
0.0509069
0.0509069
0.0509069
0.0509069
0.0509069
0.0509069
0.0509069
