2.5431e+07
7.56244e+06
6.15842e+06
6.15842e+06
6.15842e+06
6.15842e+06
6.15842e+06
6.15842e+06
6.15842e+06
6.15842e+06
6.15842e+06
6.15842e+06
6.15842e+06
5.06376e+06
4.33537e+06
4.33537e+06
4.33537e+06
3.26525e+06
2.82941e+06
1.94404e+06
1.94404e+06
1.43164e+06
1.43164e+06
1.30921e+06
434396
434396
434396
434396
434396
434396
434396
434396
346604
247906
247906
212332
212332
212332
149609
149609
118793
118793
118793
103181
103181
99949.4
99949.4
82800.1
82800.1
81508.1
63558.9
54636.9
46569.6
42789.8
40241.5
23697.6
16523.1
8468.53
8468.53
5694.69
5694.69
5694.69
5694.69
5694.69
5138.75
5138.75
5138.75
5138.75
4864
4684.8
3357.66
3333.87
2762.54
2203.82
1580.39
1434.69
1434.69
1434.69
1434.69
1398.14
1398.14
1389.93
1062.52
1062.52
1062.52
1050.64
1021.2
1021.2
959.585
794.975
794.975
794.975
794.975
690.929
653.428
639.299
639.299
582.135
582.135
560.044
560.044
527.416
516.568
486.341
475.149
471.725
470.09
446.994
438.401
429.741
423.944
419.307
417.484
391.391
390.573
379.525
372.078
358.32
343.704
343.704
340.492
335.599
330.143
318.886
316.21
310.669
306.187
297.975
289.93
281.911
274.743
271.651
263.22
258.264
251.661
245.585
237.971
234.259
228.449
225.403
219.578
211.462
206.423
199.998
192.582
185.596
178.921
174.277
167.051
159.463
152.919
144.483
137.987
129.494
123.423
116.68
110.209
98.6223
93.5689
86.1502
76.0015
67.6146
59.6998
51.1835
46.4695
39.1703
34.6983
31.9545
30.1879
29.8392
29.6662
29.6662
29.6662
29.6662
29.6662
29.6662
29.6662
29.6662
29.6662
29.6662
29.0704
28.5695
28.3704
28.3704
28.3704
28.103
28.103
28.103
27.9012
27.7989
27.7989
27.6983
27.6531
27.4523
27.4523
27.4523
27.4523
27.4523
27.3774
27.3774
27.332
27.1781
27.1781
27.1781
27.0983
27.0983
27.0353
27.0353
26.8566
26.8566
26.8566
26.7318
26.7318
26.7173
26.6739
26.645
26.645
26.6261
26.6021
26.5613
26.5613
26.5599
26.5199
26.5199
26.4944
26.4836
26.4684
26.4514
26.429
26.4181
26.4027
26.3995
26.381
26.3655
26.3565
26.3472
26.3312
26.3172
26.3063
26.2956
26.2774
26.2665
26.254
26.2447
26.2351
26.2204
26.2076
26.1975
26.1849
26.1674
26.161
26.1451
26.1361
26.121
26.1088
26.0921
26.0839
26.0711
26.0569
26.0452
26.0306
26.0165
26.0033
25.9881
25.9726
25.9562
25.9412
25.926
25.909
25.8914
25.8746
25.8556
25.8397
25.8229
25.8009
25.7828
25.7605
25.7395
25.7174
25.6939
25.6738
25.6477
25.6222
25.5996
25.5717
25.5404
25.515
25.4865
25.4579
25.429
25.3996
25.3667
25.3363
25.3055
25.2707
25.2399
25.2062
25.1719
25.1371
25.0984
25.0647
25.0283
24.9913
24.9579
24.9159
24.8788
24.8402
24.7963
24.7611
24.7263
24.6852
24.6438
24.6024
24.561
24.5225
24.4795
24.44
24.3984
24.3561
24.3147
24.2718
24.2337
24.19
24.1466
24.1025
24.0623
24.0225
23.9761
23.9345
23.8873
23.8489
23.8059
23.7631
23.713
23.6738
23.6281
23.5867
23.5414
23.497
23.4484
23.4016
23.3588
23.3056
23.2562
23.2142
23.1639
23.1123
23.0681
23.0213
22.9779
22.9288
22.8884
22.8369
22.7932
22.7432
22.6986
22.6567
22.6063
22.5612
22.5216
22.474
22.4287
22.3851
22.3404
22.2865
22.238
22.1906
22.1417
22.0953
22.0465
22.0098
21.9712
21.931
21.8976
21.8607
21.8363
21.8024
21.775
21.745
21.7109
21.6739
21.6539
21.6252
21.5894
21.5489
21.5189
21.4833
21.4463
21.4082
21.3687
21.3323
21.2806
21.2561
21.2174
21.1847
21.1496
21.1223
21.085
21.057
21.0237
20.994
20.9583
20.921
20.8868
20.8533
20.8143
20.7739
20.7368
20.6942
20.6525
20.6207
20.5815
20.5463
20.5114
20.4682
20.4334
20.4022
20.3595
20.325
20.2883
20.2468
20.2115
20.1657
20.1326
20.0936
20.0521
20.0144
19.9806
19.9424
19.9105
19.879
19.8491
19.8187
19.7873
19.7618
19.7332
19.709
19.6866
19.6592
19.6383
19.6149
19.5929
19.5681
19.5264
19.5155
19.4908
19.4587
19.4284
19.3908
19.3688
19.3249
19.3023
19.2727
19.2382
19.2088
19.1739
19.1434
19.1151
19.0841
19.0559
19.0196
18.996
18.9619
18.9321
18.9019
18.8677
18.8357
18.8013
18.7799
18.7513
18.7161
18.6811
18.6523
18.6152
18.5847
18.5519
18.5176
18.4817
18.4479
18.413
18.3745
18.3337
18.2984
18.2568
18.2135
18.1742
18.126
18.0888
18.0351
17.9868
17.9495
17.906
17.8596
17.8201
17.7727
17.7256
17.6786
17.634
17.5873
17.5405
17.4925
17.4464
17.3968
17.3527
17.3061
17.2592
17.2063
17.1653
17.1241
17.0819
17.0334
16.9787
16.93
16.895
16.8437
16.7964
16.7436
16.7017
16.6623
16.6115
16.575
16.5302
16.4816
16.4366
16.3944
16.3516
16.3088
16.2631
16.2072
16.1704
16.1319
16.0924
16.0573
16.0192
15.9875
15.953
15.9177
15.8718
15.8403
15.8034
15.761
15.7194
15.6771
15.6359
15.6039
15.5672
15.5343
15.495
15.4659
15.4306
15.4008
15.3675
15.3328
15.3038
15.2708
15.2389
15.2082
15.1792
15.1495
15.1178
15.0869
15.0579
15.0293
14.9948
14.9656
14.9333
14.9043
14.8738
14.84
14.8142
14.7842
14.7534
14.7196
14.6857
14.6549
14.6233
14.5951
14.5625
14.5278
14.495
14.4629
14.4309
14.395
14.3632
14.3303
14.2961
14.2568
14.2175
14.1821
14.1426
14.1068
14.0699
14.03
13.9923
13.9522
13.908
13.8665
13.8347
13.7942
13.7557
13.7154
13.6786
13.6447
13.5954
13.5636
13.5196
13.4785
13.4193
13.3902
13.3396
13.2966
13.2543
13.2106
13.162
13.1182
13.0784
13.033
12.9871
12.9436
12.8898
12.8456
12.8067
12.7592
12.7099
12.6667
12.6211
12.5722
12.5312
12.4919
12.4518
12.4079
12.3698
12.3253
12.2818
12.2318
12.2004
12.1574
12.115
12.0739
12.0345
11.9943
11.9534
11.9144
11.8748
11.8337
11.7987
11.7566
11.7175
11.671
11.6385
11.5946
11.555
11.5091
11.4697
11.4315
11.3937
11.3535
11.314
11.2793
11.2355
11.1953
11.1567
11.1238
11.0841
11.0446
11.0046
10.9667
10.9295
10.8911
10.8597
10.8176
10.7867
10.7449
10.711
10.6764
10.6428
10.6073
10.5693
10.5361
10.501
10.4696
10.4368
10.396
10.3719
10.3394
10.3076
10.2742
10.2463
10.2121
10.1847
10.1566
10.1297
10.0948
10.0613
10.0306
9.99832
9.96588
9.93287
9.89704
9.86461
9.8303
9.80259
9.76822
9.73498
9.70366
9.67249
9.64229
9.60618
9.57604
9.5432
9.51137
9.4765
9.44184
9.41089
9.37546
9.34115
9.3059
9.27318
9.23711
9.20534
9.17174
9.13716
9.10355
9.06943
9.0323
8.99312
8.95885
8.92309
8.88313
8.84725
8.80861
8.76868
8.7196
8.68272
8.63677
8.59768
8.55736
8.51342
8.46971
8.42462
8.38231
8.34101
8.30006
8.25356
8.21066
8.16717
8.12351
8.07912
8.03889
7.99305
7.9512
7.90925
7.86537
7.82175
7.77676
7.73031
7.68282
7.638
7.59485
7.55066
7.50767
7.46182
7.41662
7.37054
7.32649
7.28887
7.23715
7.19545
7.15962
7.11488
7.07331
7.0282
6.98144
6.93232
6.89166
6.84102
6.79566
6.74549
6.70694
6.65882
6.61183
6.56929
6.528
6.4772
6.43479
6.38486
6.33585
6.29582
6.2542
6.2107
6.17151
6.13039
6.08909
6.0484
6.0164
5.97376
5.94733
5.91721
5.88553
5.86005
5.83383
5.80807
5.77662
5.74479
5.72593
5.6974
5.66153
5.63725
5.60428
5.56698
5.52857
5.4912
5.4426
5.41481
5.38604
5.35037
5.32464
5.28813
5.2598
5.22985
5.20577
5.17522
5.14749
5.12051
5.09307
5.06604
5.03799
5.01638
4.98906
4.96066
4.93423
4.90223
4.8777
4.84467
4.8193
4.79233
4.75927
4.73024
4.70339
4.67331
4.63776
4.60799
4.57923
4.54874
4.51517
4.48557
4.45191
4.4266
4.39402
4.36394
4.33152
4.30224
4.27096
4.23811
4.20619
4.17428
4.14344
4.10601
4.07487
4.0404
4.00723
3.97673
3.93958
3.90908
3.87405
3.84514
3.81218
3.78033
3.74804
3.71743
3.68438
3.65425
3.62412
3.59264
3.56122
3.53039
3.49153
3.46718
3.43195
3.39601
3.36539
3.33436
3.30252
3.2703
3.23763
3.20247
3.16698
3.1368
3.10535
3.07218
3.03542
3.00254
2.96696
2.93338
2.90139
2.86232
2.82467
2.79111
2.75341
2.71675
2.67799
2.64154
2.60605
2.56723
2.52838
2.49024
2.45076
2.41272
2.37318
2.33474
2.29527
2.25689
2.21647
2.17841
2.14277
2.1096
2.07383
2.03049
1.99699
1.95808
1.91926
1.88247
1.84485
1.80275
1.77248
1.73135
1.68862
1.65311
1.61228
1.57514
1.53945
1.49729
1.46385
1.428
1.38909
1.3493
1.31745
1.27847
1.24512
1.20964
1.17362
1.13944
1.10674
1.07456
1.0418
1.01484
0.98522
0.955131
0.928986
0.90407
0.875214
0.852835
0.826526
0.799785
0.777151
0.75006
0.724726
0.703005
0.67908
0.655251
0.63056
0.609695
0.587536
0.566982
0.547626
0.528578
0.508552
0.489688
0.474383
0.454822
0.439183
0.422135
0.409037
0.394887
0.381415
0.36784
0.353664
0.343862
0.332373
0.320315
0.309788
0.299251
0.28776
0.276342
0.267566
0.258077
0.24855
0.239993
0.230199
0.222476
0.214013
0.207311
0.197251
0.192345
0.186177
0.179049
0.173791
0.167866
0.160913
0.156638
0.15039
0.145712
0.139888
0.134662
0.130277
0.125973
0.12146
0.117015
0.113107
0.108775
0.104827
0.101135
0.0979344
0.0944344
0.0913942
0.0885817
0.0854864
0.0824332
0.0794955
0.0768757
0.0741213
0.0719339
0.0692674
0.0672511
0.0649399
0.0627297
0.0607964
0.0587643
0.0569721
0.0551292
0.0533558
0.0515319
0.0500299
0.0485344
0.0470364
0.0455375
0.0442213
0.0430352
0.0419382
0.0406707
0.0394998
0.0385284
0.0375423
0.0365551
0.0355518
0.0345211
0.0336975
0.0327804
0.0318953
0.031236
0.0303566
0.0297973
0.0290606
0.0283575
0.0278258
0.027121
0.0266
0.0260243
0.0254912
0.0249976
0.0244964
0.0240319
0.0240319
0.0240319
0.0240319
0.0240319
0.0240319
0.0240319
0.0240319
0.0240319
0.0240319
0.0240319
0.0240319
0.0240319
0.0240319
0.0240319
0.0240319
0.0240319
0.0240319
0.0240319
0.0240319
0.0240319
0.0240319
0.0240319
0.0240319
0.0240319
0.0240319
0.0240319
0.0240319
0.0240319
0.0240319
0.0240319
0.0240319
0.0240319
0.0240319
0.0240319
0.0240319
0.0240319
0.0240319
0.0240319
0.0240319
0.0240319
0.0240319
0.0240319
0.0240319
0.0240319
0.0240319
0.0240319
0.0240319
0.0240319
0.0240319
0.0240319
0.0240319
0.0240319
0.0240319
0.0240319
0.0240319
0.0240319
0.0240319
0.0240319
0.0240319
0.0240319
0.0240319
0.0240319
0.0240319
0.0240319
0.0240319
0.0240319
0.0240319
0.0240319
0.0240319
0.0240319
0.0240319
0.0240319
0.0240319
0.0240319
0.0240319
0.0240319
0.0240319
0.0240319
0.0240319
0.0240319
0.0240319
0.0240319
0.0240319
0.0240319
0.0240319
0.0240319
0.0240319
0.0240319
0.0240319
0.0240319
0.0240319
0.0240319
0.0240319
0.0240319
0.0240319
0.0240319
0.0240319
0.0240319
0.0240319
0.0240319
0.0240319
0.0240319
0.0240319
0.0240319
0.0240319
0.0240319
0.0240319
0.0240319
0.0240319
0.0240319
0.0240319
0.0240319
0.0240319
0.0240319
0.0240319
0.0240319
0.0240319
0.0240319
0.0240319
0.0240319
0.0240319
0.0240319
0.0240319
0.0240319
0.0240319
0.0240319
0.0240319
0.0240319
0.0240319
0.0240319
0.0240319
0.0240319
0.0240319
0.0240319
0.0240319
0.0240319
0.0240319
0.0240319
0.0240319
0.0240319
0.0240319
0.0240319
0.0240319
0.0240319
0.0240319
0.0240319
0.0240319
0.0240319
0.0240319
0.0240319
0.0240319
0.0240319
0.0240319
0.0240319
0.0240319
0.0240319
0.0240319
0.0240319
0.0240319
0.0240319
0.0240319
0.0240319
0.0240319
0.0240319
0.0240319
0.0240319
0.0240319
0.0240319
0.0240319
0.0240319
0.0240319
0.0240319
0.0240319
0.0240319
0.0240319
0.0240319
0.0240319
0.0240319
0.0240319
0.0240319
0.0240319
0.0240319
0.0240319
0.0240319
0.0240319
0.0240319
0.0240319
0.0240319
0.0240319
0.0240319
0.0240319
0.0240319
0.0240319
0.0240319
0.0240319
0.0240319
0.0240319
0.0240319
0.0240319
0.0240319
0.0240319
0.0240319
0.0240319
0.0240319
0.0240319
0.0240319
0.0240319
0.0240319
0.0240319
0.0240319
0.0240319
0.0240319
0.0240319
0.0240319
0.0240319
0.0240319
0.0240319
0.0240319
0.0240319
0.0240319
0.0240319
0.0240319
0.0240319
0.0240319
0.0240319
0.0240319
0.0240319
0.0240319
0.0240319
0.0240319
0.0240319
0.0240319
0.0240319
0.0240319
0.0240319
0.0240319
0.0240319
0.0240319
0.0240319
0.0240319
0.0240319
0.0240319
0.0240319
0.0240319
0.0240319
0.0240319
0.0240319
0.0240319
0.0240319
0.0240319
0.0240319
0.0240319
0.0240319
0.0240319
0.0240319
0.0240319
0.0240319
0.0240319
0.0240319
0.0240319
0.0240319
0.0240319
0.0240319
0.0240319
0.0240319
0.0240319
0.0240319
0.0240319
0.0240319
0.0240319
0.0240319
0.0240319
0.0240319
0.0240319
0.0240319
0.0240319
0.0240319
0.0240319
0.0240319
0.0240319
0.0240319
0.0240319
0.0240319
0.0240319
0.0240319
0.0240319
0.0240319
0.0240319
0.0240319
0.0240319
0.0240319
0.0240319
0.0240319
0.0240319
0.0240319
0.0240319
0.0240319
0.0240319
0.0240319
0.0240319
0.0240319
0.0240319
0.0240319
0.0240319
0.0240319
0.0240319
0.0240319
0.0240319
0.0240319
0.0240319
0.0240319
0.0240319
0.0240319
0.0240319
0.0240319
0.0240319
0.0240319
0.0240319
0.0240319
0.0240319
0.0240319
0.0240319
0.0240319
0.0240319
0.0240319
0.0240319
0.0240319
0.0240319
0.0240319
0.0240319
0.0240319
0.0240319
0.0240319
0.0240319
0.0240319
0.0240319
0.0240319
0.0240319
0.0240319
0.0240319
0.0240319
0.0240319
0.0240319
0.0240319
0.0240319
0.0240319
0.0240319
0.0240319
0.0240319
0.0240319
0.0240319
0.0240319
0.0240319
0.0240319
0.0240319
0.0240319
0.0240319
0.0240319
0.0240319
0.0240319
0.0240319
0.0240319
0.0240319
0.0240319
0.0240319
0.0240319
0.0240319
0.0240319
0.0240319
0.0240319
0.0240319
0.0240319
0.0240319
0.0240319
0.0240319
0.0240319
0.0240319
0.0240319
0.0240319
0.0240319
0.0240319
0.0240319
0.0240319
0.0240319
0.0240319
0.0240319
0.0240319
0.0240319
0.0240319
0.0240319
0.0240319
0.0240319
0.0240319
0.0240319
0.0240319
0.0240319
0.0240319
0.0240319
0.0240319
0.0240319
0.0240319
0.0240319
0.0240319
0.0240319
0.0240319
0.0240319
0.0240319
0.0240319
0.0240319
0.0240319
0.0240319
0.0240319
0.0240319
0.0240319
0.0240319
0.0240319
0.0240319
0.0240319
0.0240319
0.0240319
0.0240319
0.0240319
0.0240319
0.0240319
0.0240319
0.0240319
0.0240319
0.0240319
0.0240319
0.0240319
0.0240319
0.0240319
0.0240319
0.0240319
0.0240319
0.0240319
0.0240319
0.0240319
0.0240319
0.0240319
0.0240319
0.0240319
0.0240319
0.0240319
0.0240319
0.0240319
0.0240319
0.0240319
0.0240319
0.0240319
0.0240319
0.0240319
0.0240319
0.0240319
0.0240319
0.0240319
0.0240319
0.0240319
0.0240319
0.0240319
0.0240319
0.0240319
0.0240319
0.0240319
0.0240319
0.0240319
0.0240319
0.0240319
0.0240319
0.0240319
0.0240319
0.0240319
0.0240319
0.0240319
0.0240319
0.0240319
0.0240319
0.0240319
0.0240319
0.0240319
0.0240319
0.0240319
0.0240319
0.0240319
0.0240319
0.0240319
0.0240319
0.0240319
0.0240319
0.0240319
0.0240319
0.0240319
0.0240319
0.0240319
0.0240319
0.0240319
0.0240319
0.0240319
0.0240319
0.0240319
0.0240319
0.0240319
0.0240319
0.0240319
0.0240319
0.0240319
0.0240319
0.0240319
0.0240319
0.0240319
0.0240319
0.0240319
0.0240319
0.0240319
0.0240319
0.0240319
0.0240319
0.0240319
0.0240319
0.0240319
0.0240319
0.0240319
0.0240319
0.0240319
0.0240319
0.0240319
0.0240319
0.0240319
0.0240319
0.0240319
0.0240319
0.0240319
0.0240319
0.0240319
0.0240319
0.0240319
0.0240319
0.0240319
0.0240319
0.0240319
0.0240319
0.0240319
0.0240319
0.0240319
0.0240319
0.0240319
0.0240319
0.0240319
0.0240319
0.0240319
0.0240319
0.0240319
0.0240319
0.0240319
0.0240319
0.0240319
0.0240319
0.0240319
0.0240319
0.0240319
0.0240319
0.0240319
0.0240319
0.0240319
0.0240319
0.0240319
0.0240319
0.0240319
0.0240319
0.0240319
0.0240319
0.0240319
0.0240319
0.0240319
0.0240319
0.0240319
0.0240319
0.0240319
0.0240319
0.0240319
0.0240319
0.0240319
0.0240319
0.0240319
0.0240319
0.0240319
0.0240319
0.0240319
0.0240319
0.0240319
0.0240319
0.0240319
0.0240319
0.0240319
0.0240319
0.0240319
0.0240319
0.0240319
0.0240319
0.0240319
0.0240319
0.0240319
0.0240319
0.0240319
0.0240319
0.0240319
0.0240319
0.0240319
0.0240319
0.0240319
0.0240319
0.0240319
0.0240319
0.0240319
0.0240319
0.0240319
0.0240319
0.0240319
0.0240319
0.0240319
0.0240319
0.0240319
0.0240319
0.0240319
0.0240319
0.0240319
0.0240319
0.0240319
0.0240319
0.0240319
0.0240319
0.0240319
0.0240319
0.0240319
0.0240319
0.0240319
0.0240319
0.0240319
0.0240319
0.0240319
0.0240319
0.0240319
0.0240319
0.0240319
0.0240319
0.0240319
0.0240319
0.0240319
0.0240319
0.0240319
0.0240319
0.0240319
0.0240319
0.0240319
0.0240319
0.0240319
0.0240319
0.0240319
0.0240319
0.0240319
0.0240319
0.0240319
0.0240319
0.0240319
0.0240319
0.0240319
0.0240319
0.0240319
0.0240319
0.0240319
0.0240319
0.0240319
0.0240319
0.0240319
0.0240319
0.0240319
0.0240319
0.0240319
0.0240319
0.0240319
0.0240319
0.0240319
0.0240319
0.0240319
0.0240319
0.0240319
0.0240319
0.0240319
0.0240319
0.0240319
0.0240319
0.0240319
0.0240319
0.0240319
0.0240319
0.0240319
0.0240319
0.0240319
0.0240319
0.0240319
0.0240319
0.0240319
0.0240319
0.0240319
0.0240319
0.0240319
0.0240319
0.0240319
0.0240319
0.0240319
0.0240319
0.0240319
0.0240319
0.0240319
0.0240319
0.0240319
0.0240319
0.0240319
0.0240319
0.0240319
0.0240319
0.0240319
0.0240319
0.0240319
0.0240319
0.0240319
0.0240319
0.0240319
0.0240319
0.0240319
0.0240319
0.0240319
0.0240319
0.0240319
0.0240319
0.0240319
0.0240319
0.0240319
0.0240319
0.0240319
0.0240319
0.0240319
0.0240319
0.0240319
0.0240319
0.0240319
0.0240319
0.0240319
0.0240319
0.0240319
0.0240319
0.0240319
0.0240319
0.0240319
0.0240319
0.0240319
0.0240319
0.0240319
0.0240319
0.0240319
0.0240319
0.0240319
0.0240319
0.0240319
0.0240319
0.0240319
0.0240319
0.0240319
0.0240319
0.0240319
0.0240319
0.0240319
0.0240319
0.0240319
0.0240319
0.0240319
0.0240319
0.0240319
0.0240319
0.0240319
0.0240319
0.0240319
0.0240319
0.0240319
0.0240319
0.0240319
0.0240319
0.0240319
0.0240319
0.0240319
0.0240319
0.0240319
0.0240319
0.0240319
0.0240319
0.0240319
0.0240319
0.0240319
0.0240319
0.0240319
0.0240319
0.0240319
0.0240319
0.0240319
0.0240319
0.0240319
0.0240319
0.0240319
0.0240319
0.0240319
0.0240319
0.0240319
0.0240319
0.0240319
0.0240319
0.0240319
0.0240319
0.0240319
0.0240319
0.0240319
0.0240319
0.0240319
0.0240319
0.0240319
0.0240319
0.0240319
0.0240319
0.0240319
0.0240319
0.0240319
0.0240319
0.0240319
0.0240319
0.0240319
0.0240319
0.0240319
0.0240319
0.0240319
0.0240319
0.0240319
0.0240319
0.0240319
0.0240319
0.0240319
0.0240319
0.0240319
0.0240319
0.0240319
0.0240319
0.0240319
0.0240319
0.0240319
0.0240319
0.0240319
0.0240319
0.0240319
0.0240319
0.0240319
0.0240319
0.0240319
0.0240319
0.0240319
0.0240319
0.0240319
0.0240319
0.0240319
0.0240319
0.0240319
0.0240319
0.0240319
0.0240319
0.0240319
0.0240319
0.0240319
0.0240319
0.0240319
0.0240319
0.0240319
0.0240319
0.0240319
0.0240319
0.0240319
0.0240319
0.0240319
0.0240319
0.0240319
0.0240319
0.0240319
0.0240319
0.0240319
0.0240319
0.0240319
0.0240319
0.0240319
0.0240319
0.0240319
0.0240319
0.0240319
0.0240319
0.0240319
0.0240319
0.0240319
0.0240319
0.0240319
0.0240319
0.0240319
0.0240319
0.0240319
0.0240319
0.0240319
0.0240319
0.0240319
0.0240319
0.0240319
0.0240319
0.0240319
0.0240319
0.0240319
0.0240319
0.0240319
0.0240319
0.0240319
0.0240319
0.0240319
0.0240319
0.0240319
0.0240319
0.0240319
0.0240319
0.0240319
0.0240319
0.0240319
0.0240319
0.0240319
0.0240319
0.0240319
0.0240319
0.0240319
0.0240319
0.0240319
0.0240319
0.0240319
0.0240319
0.0240319
0.0240319
0.0240319
0.0240319
0.0240319
0.0240319
0.0240319
0.0240319
0.0240319
0.0240319
0.0240319
0.0240319
0.0240319
0.0240319
0.0240319
0.0240319
0.0240319
0.0240319
0.0240319
0.0240319
0.0240319
0.0240319
0.0240319
0.0240319
0.0240319
0.0240319
0.0240319
0.0240319
0.0240319
0.0240319
0.0240319
0.0240319
0.0240319
0.0240319
0.0240319
0.0240319
0.0240319
0.0240319
0.0240319
0.0240319
0.0240319
0.0240319
0.0240319
0.0240319
0.0240319
0.0240319
0.0240319
0.0240319
0.0240319
0.0240319
0.0240319
0.0240319
0.0240319
0.0240319
0.0240319
0.0240319
0.0240319
0.0240319
0.0240319
0.0240319
0.0240319
0.0240319
0.0240319
0.0240319
0.0240319
0.0240319
0.0240319
0.0240319
0.0240319
0.0240319
0.0240319
0.0240319
0.0240319
0.0240319
0.0240319
0.0240319
0.0240319
0.0240319
0.0240319
0.0240319
0.0240319
0.0240319
0.0240319
0.0240319
0.0240319
0.0240319
0.0240319
0.0240319
0.0240319
0.0240319
0.0240319
0.0240319
0.0240319
0.0240319
0.0240319
0.0240319
0.0240319
0.0240319
0.0240319
0.0240319
0.0240319
0.0240319
0.0240319
0.0240319
0.0240319
0.0240319
0.0240319
0.0240319
0.0240319
0.0240319
0.0240319
0.0240319
0.0240319
0.0240319
0.0240319
0.0240319
0.0240319
0.0240319
0.0240319
0.0240319
0.0240319
0.0240319
0.0240319
0.0240319
0.0240319
0.0240319
0.0240319
0.0240319
0.0240319
0.0240319
0.0240319
0.0240319
0.0240319
0.0240319
0.0240319
0.0240319
0.0240319
0.0240319
0.0240319
0.0240319
0.0240319
0.0240319
0.0240319
0.0240319
0.0240319
0.0240319
0.0240319
0.0240319
0.0240319
0.0240319
0.0240319
0.0240319
0.0240319
0.0240319
0.0240319
0.0240319
0.0240319
0.0240319
0.0240319
0.0240319
0.0240319
0.0240319
0.0240319
0.0240319
0.0240319
0.0240319
0.0240319
0.0240319
0.0240319
0.0240319
0.0240319
0.0240319
0.0240319
0.0240319
0.0240319
0.0240319
0.0240319
0.0240319
0.0240319
0.0240319
0.0240319
0.0240319
0.0240319
0.0240319
0.0240319
0.0240319
0.0240319
0.0240319
0.0240319
0.0240319
0.0240319
0.0240319
0.0240319
0.0240319
0.0240319
0.0240319
0.0240319
0.0240319
0.0240319
0.0240319
0.0240319
0.0240319
0.0240319
0.0240319
0.0240319
0.0240319
0.0240319
0.0240319
0.0240319
0.0240319
0.0240319
0.0240319
0.0240319
0.0240319
0.0240319
0.0240319
0.0240319
0.0240319
0.0240319
0.0240319
0.0240319
0.0240319
0.0240319
0.0240319
0.0240319
0.0240319
0.0240319
0.0240319
0.0240319
0.0240319
0.0240319
0.0240319
0.0240319
0.0240319
0.0240319
0.0240319
0.0240319
0.0240319
0.0240319
0.0240319
0.0240319
0.0240319
0.0240319
0.0240319
0.0240319
0.0240319
0.0240319
0.0240319
0.0240319
0.0240319
0.0240319
0.0240319
0.0240319
0.0240319
0.0240319
0.0240319
0.0240319
0.0240319
0.0240319
0.0240319
0.0240319
0.0240319
0.0240319
0.0240319
0.0240319
0.0240319
0.0240319
0.0240319
0.0240319
0.0240319
0.0240319
0.0240319
0.0240319
0.0240319
0.0240319
0.0240319
0.0240319
0.0240319
0.0240319
0.0240319
0.0240319
0.0240319
0.0240319
0.0240319
0.0240319
0.0240319
0.0240319
0.0240319
0.0240319
0.0240319
0.0240319
0.0240319
0.0240319
0.0240319
0.0240319
0.0240319
0.0240319
0.0240319
0.0240319
0.0240319
0.0240319
0.0240319
0.0240319
0.0240319
0.0240319
0.0240319
0.0240319
0.0240319
0.0240319
0.0240319
0.0240319
0.0240319
0.0240319
0.0240319
0.0240319
0.0240319
0.0240319
0.0240319
0.0240319
0.0240319
0.0240319
0.0240319
0.0240319
0.0240319
0.0240319
0.0240319
0.0240319
0.0240319
0.0240319
0.0240319
0.0240319
0.0240319
0.0240319
0.0240319
0.0240319
0.0240319
0.0240319
0.0240319
0.0240319
0.0240319
0.0240319
0.0240319
0.0240319
0.0240319
0.0240319
0.0240319
0.0240319
0.0240319
0.0240319
0.0240319
0.0240319
0.0240319
0.0240319
0.0240319
0.0240319
0.0240319
0.0240319
0.0240319
0.0240319
0.0240319
0.0240319
0.0240319
0.0240319
0.0240319
0.0240319
0.0240319
0.0240319
0.0240319
0.0240319
0.0240319
0.0240319
0.0240319
0.0240319
0.0240319
0.0240319
0.0240319
0.0240319
0.0240319
0.0240319
0.0240319
0.0240319
0.0240319
0.0240319
0.0240319
0.0240319
0.0240319
0.0240319
0.0240319
0.0240319
0.0240319
0.0240319
0.0240319
0.0240319
0.0240319
0.0240319
0.0240319
0.0240319
0.0240319
0.0240319
0.0240319
0.0240319
0.0240319
0.0240319
0.0240319
0.0240319
0.0240319
0.0240319
0.0240319
0.0240319
0.0240319
0.0240319
0.0240319
0.0240319
0.0240319
0.0240319
0.0240319
0.0240319
0.0240319
0.0240319
0.0240319
0.0240319
0.0240319
0.0240319
0.0240319
0.0240319
0.0240319
0.0240319
0.0240319
0.0240319
0.0240319
0.0240319
0.0240319
0.0240319
0.0240319
0.0240319
0.0240319
0.0240319
0.0240319
0.0240319
0.0240319
0.0240319
0.0240319
0.0240319
0.0240319
0.0240319
0.0240319
0.0240319
0.0240319
0.0240319
0.0240319
0.0240319
0.0240319
0.0240319
0.0240319
0.0240319
0.0240319
0.0240319
0.0240319
0.0240319
0.0240319
0.0240319
0.0240319
0.0240319
0.0240319
0.0240319
0.0240319
0.0240319
0.0240319
0.0240319
0.0240319
0.0240319
0.0240319
0.0240319
0.0240319
0.0240319
0.0240319
0.0240319
0.0240319
0.0240319
0.0240319
0.0240319
0.0240319
0.0240319
0.0240319
0.0240319
0.0240319
0.0240319
0.0240319
0.0240319
0.0240319
0.0240319
0.0240319
0.0240319
0.0240319
0.0240319
0.0240319
0.0240319
0.0240319
0.0240319
0.0240319
0.0240319
0.0240319
0.0240319
0.0240319
0.0240319
0.0240319
0.0240319
0.0240319
0.0240319
0.0240319
0.0240319
0.0240319
0.0240319
0.0240319
0.0240319
0.0240319
0.0240319
0.0240319
0.0240319
0.0240319
0.0240319
0.0240319
0.0240319
0.0240319
0.0240319
0.0240319
0.0240319
0.0240319
0.0240319
0.0240319
0.0240319
0.0240319
0.0240319
0.0240319
0.0240319
0.0240319
0.0240319
0.0240319
0.0240319
0.0240319
0.0240319
0.0240319
0.0240319
0.0240319
0.0240319
0.0240319
0.0240319
0.0240319
0.0240319
0.0240319
0.0240319
0.0240319
0.0240319
0.0240319
0.0240319
0.0240319
0.0240319
0.0240319
0.0240319
0.0240319
0.0240319
0.0240319
0.0240319
0.0240319
0.0240319
