2.12351e+07
1.5093e+07
1.25325e+07
6.10845e+06
6.10845e+06
6.10845e+06
6.10845e+06
6.10845e+06
5.19989e+06
5.19989e+06
5.19989e+06
4.47139e+06
4.47139e+06
3.00469e+06
3.00469e+06
2.7169e+06
1.1158e+06
1.1158e+06
1.1158e+06
1.1158e+06
714123
714123
714123
510790
510790
510790
281993
234437
234437
138153
138153
110601
81792.9
81792.9
81792.9
75219.5
75219.5
58030.2
58030.2
34318.3
34318.3
34318.3
34318.3
30757.2
14537.9
14537.9
12819.2
12115.3
7161.3
7161.3
5586.16
5586.16
5586.16
5586.16
4080.46
4080.46
4080.46
3283.97
2819.13
2156.58
2156.58
2156.58
2156.58
2156.58
1966.75
1966.75
1621.94
1621.94
1425.05
1087.97
977.842
977.842
950.405
697.763
697.763
554.266
554.266
554.266
554.266
517.863
517.863
453.688
453.688
453.688
453.688
357.392
357.392
338.967
338.967
284.866
284.866
263.886
238.98
165.684
155.963
155.963
155.963
155.963
145.356
145.356
145.356
145.356
131.681
131.681
131.681
131.681
127.163
118.695
118.695
107.788
107.788
107.788
102.713
96.5396
93.5405
93.5405
83.8498
77.8626
75.6925
74.4952
69.3832
59.6556
59.0549
52.8599
51.6233
50.1538
45.7533
43.3415
36.7584
36.7584
34.5818
34.5818
34.4247
33.0081
31.6337
31.6337
31.6337
31.6208
31.4029
31.4029
30.2677
30.2677
30.2677
30.2677
30.2677
30.2677
30.0411
29.6179
29.5561
29.2242
29.1838
28.7363
28.7363
28.3147
28.3147
28.3147
28.1352
27.8039
27.6715
27.6083
27.5163
27.3496
27.3496
27.3278
27.2988
27.2319
27.1605
27.1349
27.1349
27.0279
27.0007
26.9702
26.9167
26.8815
26.8403
26.8288
26.7672
26.7447
26.6948
26.6277
26.5988
26.5225
26.4885
26.4524
26.397
26.3391
26.2941
26.2458
26.1797
26.1544
26.1036
26.0654
26.0324
25.9951
25.9724
25.9317
25.907
25.8637
25.8271
25.7952
25.7566
25.7233
25.6945
25.6557
25.6013
25.5579
25.5342
25.4802
25.4511
25.4096
25.3695
25.326
25.287
25.2504
25.1945
25.1697
25.1262
25.0839
25.0444
25.0018
24.9602
24.9217
24.877
24.8289
24.7904
24.7454
24.7078
24.6618
24.6166
24.5717
24.5329
24.4928
24.4526
24.4147
24.377
24.3366
24.3037
24.2652
24.2368
24.2072
24.1723
24.1352
24.0961
24.0612
24.0123
23.9797
23.9372
23.9118
23.8751
23.8401
23.8097
23.7707
23.7379
23.7029
23.6605
23.6282
23.5891
23.5554
23.5203
23.4808
23.4476
23.4101
23.3709
23.3357
23.2967
23.2581
23.2223
23.1788
23.1433
23.1052
23.0682
23.0216
22.9873
22.9468
22.9072
22.8633
22.8262
22.7846
22.7451
22.7089
22.6741
22.634
22.5968
22.5551
22.522
22.4889
22.4551
22.4155
22.3724
22.3438
22.2955
22.2539
22.2177
22.1708
22.1372
22.0902
22.0501
22.0083
21.974
21.9336
21.8929
21.8561
21.8179
21.7783
21.7354
21.6903
21.6542
21.609
21.5748
21.5361
21.4833
21.4467
21.4015
21.3575
21.3107
21.2671
21.2202
21.1816
21.1358
21.0962
21.0522
21.0118
20.9698
20.9258
20.8862
20.8425
20.7963
20.7554
20.7172
20.6627
20.6311
20.5871
20.5386
20.4974
20.4484
20.4109
20.3581
20.3162
20.2714
20.2281
20.1802
20.1344
20.0937
20.0497
19.9946
19.9537
19.9127
19.8717
19.8274
19.7847
19.7391
19.697
19.6544
19.606
19.5642
19.5199
19.471
19.4326
19.3899
19.3403
19.3008
19.2532
19.2098
19.1559
19.1185
19.0736
19.0218
18.984
18.9369
18.8948
18.8632
18.8244
18.7893
18.7595
18.7225
18.6953
18.6687
18.6381
18.6115
18.5585
18.5469
18.5124
18.4804
18.4399
18.408
18.3606
18.3266
18.2786
18.2429
18.2125
18.1729
18.1398
18.103
18.0693
18.0365
17.9999
17.9657
17.9328
17.8945
17.8564
17.8227
17.7866
17.7481
17.7111
17.6682
17.6268
17.5942
17.5477
17.5127
17.4701
17.4289
17.3881
17.3468
17.3014
17.2566
17.2176
17.1746
17.1303
17.0893
17.0496
17.0009
16.9682
16.9175
16.8816
16.8384
16.8071
16.7598
16.7237
16.6816
16.6489
16.6115
16.5743
16.5339
16.4929
16.4561
16.4137
16.3799
16.3409
16.3002
16.2631
16.2224
16.1849
16.1478
16.1113
16.0681
16.0338
15.9994
15.9606
15.9167
15.8824
15.8377
15.8038
15.7598
15.7222
15.6835
15.6421
15.5985
15.5575
15.5224
15.4831
15.441
15.4033
15.3614
15.3225
15.2805
15.2396
15.1973
15.1589
15.1169
15.0745
15.0312
14.9897
14.9502
14.901
14.8677
14.8281
14.7812
14.7396
14.6979
14.6541
14.6058
14.5621
14.5198
14.4755
14.4258
14.382
14.3363
14.2947
14.2505
14.1989
14.1523
14.1037
14.0609
14.0096
13.965
13.9136
13.8659
13.8173
13.7704
13.7244
13.675
13.6236
13.5778
13.5213
13.474
13.4268
13.3798
13.3336
13.2846
13.2337
13.1843
13.1424
13.0923
13.043
12.9953
12.9437
12.8987
12.8495
12.8062
12.7645
12.7155
12.672
12.6308
12.5827
12.5406
12.5009
12.4587
12.412
12.3739
12.3312
12.2852
12.247
12.2015
12.1563
12.1137
12.0671
12.0177
11.9734
11.936
11.8899
11.8377
11.792
11.7482
11.6993
11.6528
11.6025
11.557
11.5056
11.4577
11.4076
11.3517
11.3133
11.2605
11.2147
11.175
11.1193
11.0798
11.0373
10.9944
10.9581
10.9213
10.889
10.8521
10.8237
10.7955
10.7664
10.7373
10.7041
10.6678
10.6241
10.5596
10.527
10.4867
10.4456
10.3977
10.3547
10.3217
10.2763
10.2385
10.2055
10.1682
10.1353
10.1053
10.0656
10.0334
9.9997
9.96755
9.93067
9.90726
9.87335
9.84087
9.80665
9.77742
9.74328
9.70411
9.66981
9.62928
9.60237
9.56648
9.52094
9.49584
9.46368
9.42686
9.39792
9.36843
9.33617
9.29856
9.26982
9.23745
9.20594
9.17462
9.14049
9.1066
9.07645
9.04198
9.00496
8.97653
8.94307
8.90957
8.87345
8.84201
8.81081
8.77742
8.7351
8.70731
8.66841
8.63113
8.59713
8.56169
8.52546
8.49142
8.45778
8.42444
8.39589
8.34781
8.32905
8.29637
8.264
8.22217
8.18839
8.16113
8.12281
8.09643
8.06217
8.0256
7.98428
7.96266
7.92718
7.89679
7.85402
7.8127
7.78028
7.74203
7.69431
7.66024
7.6213
7.5781
7.54257
7.50125
7.4662
7.43648
7.39917
7.36369
7.32907
7.28883
7.25507
7.22207
7.18735
7.15156
7.11844
7.08139
7.04978
7.01388
6.98121
6.94802
6.91211
6.87819
6.8454
6.81179
6.77345
6.73867
6.7073
6.67075
6.63128
6.59316
6.55865
6.52157
6.48326
6.44167
6.40639
6.36255
6.32648
6.29335
6.2519
6.21267
6.1692
6.12959
6.08317
6.04695
5.99794
5.96656
5.92951
5.89118
5.8528
5.80823
5.77511
5.73235
5.69066
5.64741
5.60416
5.56762
5.52989
5.48249
5.43754
5.39707
5.35296
5.31677
5.27594
5.23426
5.19374
5.1549
5.11593
5.0828
5.04402
5.00933
4.97536
4.93946
4.89692
4.86082
4.81248
4.78101
4.74274
4.7019
4.6543
4.6185
4.58038
4.54575
4.50174
4.46586
4.42498
4.38381
4.34681
4.29902
4.2647
4.21771
4.17322
4.1301
4.08926
4.04908
4.00802
3.95588
3.91794
3.87194
3.82798
3.78115
3.73084
3.68316
3.63364
3.58914
3.54239
3.49168
3.44623
3.39538
3.34478
3.29952
3.24792
3.20592
3.15668
3.1066
3.06506
3.01434
2.96438
2.92211
2.88156
2.8336
2.78564
2.74397
2.70343
2.65788
2.61515
2.56998
2.52706
2.48333
2.43952
2.40016
2.35686
2.31635
2.27635
2.22865
2.18161
2.1493
2.10858
2.067
2.02429
1.99093
1.95474
1.91529
1.87705
1.83709
1.79596
1.75552
1.71594
1.67788
1.64006
1.5983
1.57078
1.53201
1.49834
1.46158
1.42992
1.39871
1.36304
1.33356
1.30346
1.27383
1.24427
1.21633
1.18944
1.16269
1.13307
1.11282
1.08806
1.0617
1.03725
1.01215
0.989915
0.965831
0.940579
0.916342
0.888102
0.87037
0.847954
0.825669
0.803694
0.78457
0.764022
0.74192
0.723079
0.703268
0.68282
0.663686
0.64476
0.627039
0.608454
0.589697
0.574697
0.558749
0.54204
0.527845
0.513887
0.499425
0.485581
0.470898
0.459871
0.447543
0.434094
0.423564
0.411688
0.399526
0.387175
0.377067
0.366043
0.354947
0.344553
0.334474
0.323915
0.315665
0.306807
0.298269
0.289193
0.281531
0.273572
0.266587
0.260018
0.253679
0.247268
0.240837
0.235548
0.230187
0.22492
0.220415
0.215581
0.211044
0.20702
0.202879
0.198373
0.194207
0.190608
0.186639
0.182749
0.179138
0.175556
0.172312
0.169101
0.165769
0.162917
0.159856
0.157009
0.154434
0.151894
0.149493
0.147135
0.144425
0.14233
0.140043
0.137663
0.135461
0.133158
0.131128
0.12892
0.127095
0.124911
0.123154
0.121197
0.11918
0.117318
0.115365
0.113796
0.111998
0.110312
0.108811
0.107257
0.105819
0.104325
0.103017
0.101541
0.10037
0.0991055
0.0978514
0.0964141
0.0952208
0.0940654
0.0929364
0.0916189
0.0904736
0.0892524
0.0882127
0.0870991
0.0861303
0.0850793
0.0840821
0.0830629
0.0821755
0.0812425
0.0803196
0.0794316
0.0785415
0.0776423
0.0768569
0.0760338
0.0751708
0.0741813
0.0733445
0.0725681
0.0717678
0.0709159
0.0699849
0.0690586
0.0681436
0.0673641
0.0664315
0.0653669
0.0644853
0.0635834
0.0625923
0.0617185
0.0608807
0.0599701
0.0591041
0.0582452
0.0572167
0.0562971
0.0555146
0.0544093
0.0537324
0.0528422
0.0519292
0.0510854
0.0502307
0.0493164
0.0484264
0.04762
0.0468812
0.0460782
0.0452959
0.0444966
0.0436778
0.0429827
0.0422141
0.0414492
0.0407544
0.0399915
0.0392619
0.0386767
0.0379759
0.0373373
0.0367077
0.0361031
0.0361031
0.0361031
0.0361031
0.0361031
0.0361031
0.0361031
0.0361031
0.0361031
0.0361031
0.0361031
0.0361031
0.0361031
0.0361031
0.0361031
0.0361031
0.0361031
0.0361031
0.0361031
0.0361031
0.0361031
0.0361031
0.0361031
0.0361031
0.0361031
0.0361031
0.0361031
0.0361031
0.0361031
0.0361031
0.0361031
0.0361031
0.0361031
0.0361031
0.0361031
0.0361031
0.0361031
0.0361031
0.0361031
0.0361031
0.0361031
0.0361031
0.0361031
0.0361031
0.0361031
0.0361031
0.0361031
0.0361031
0.0361031
0.0361031
0.0361031
0.0361031
0.0361031
0.0361031
0.0361031
0.0361031
0.0361031
0.0361031
0.0361031
0.0361031
0.0361031
0.0361031
0.0361031
0.0361031
0.0361031
0.0361031
0.0361031
0.0361031
0.0361031
0.0361031
0.0361031
0.0361031
0.0361031
0.0361031
0.0361031
0.0361031
0.0361031
0.0361031
0.0361031
0.0361031
0.0361031
0.0361031
0.0361031
0.0361031
0.0361031
0.0361031
0.0361031
0.0361031
0.0361031
0.0361031
0.0361031
0.0361031
0.0361031
0.0361031
0.0361031
0.0361031
0.0361031
0.0361031
0.0361031
0.0361031
0.0361031
0.0361031
0.0361031
0.0361031
0.0361031
0.0361031
0.0361031
0.0361031
0.0361031
0.0361031
0.0361031
0.0361031
0.0361031
0.0361031
0.0361031
0.0361031
0.0361031
0.0361031
0.0361031
0.0361031
0.0361031
0.0361031
0.0361031
0.0361031
0.0361031
0.0361031
0.0361031
0.0361031
0.0361031
0.0361031
0.0361031
0.0361031
0.0361031
0.0361031
0.0361031
0.0361031
0.0361031
0.0361031
0.0361031
0.0361031
0.0361031
0.0361031
0.0361031
0.0361031
0.0361031
0.0361031
0.0361031
0.0361031
0.0361031
0.0361031
0.0361031
0.0361031
0.0361031
0.0361031
0.0361031
0.0361031
0.0361031
0.0361031
0.0361031
0.0361031
0.0361031
0.0361031
0.0361031
0.0361031
0.0361031
0.0361031
0.0361031
0.0361031
0.0361031
0.0361031
0.0361031
0.0361031
0.0361031
0.0361031
0.0361031
0.0361031
0.0361031
0.0361031
0.0361031
0.0361031
0.0361031
0.0361031
0.0361031
0.0361031
0.0361031
0.0361031
0.0361031
0.0361031
0.0361031
0.0361031
0.0361031
0.0361031
0.0361031
0.0361031
0.0361031
0.0361031
0.0361031
0.0361031
0.0361031
0.0361031
0.0361031
0.0361031
0.0361031
0.0361031
0.0361031
0.0361031
0.0361031
0.0361031
0.0361031
0.0361031
0.0361031
0.0361031
0.0361031
0.0361031
0.0361031
0.0361031
0.0361031
0.0361031
0.0361031
0.0361031
0.0361031
0.0361031
0.0361031
0.0361031
0.0361031
0.0361031
0.0361031
0.0361031
0.0361031
0.0361031
0.0361031
0.0361031
0.0361031
0.0361031
0.0361031
0.0361031
0.0361031
0.0361031
0.0361031
0.0361031
0.0361031
0.0361031
0.0361031
0.0361031
0.0361031
0.0361031
0.0361031
0.0361031
0.0361031
0.0361031
0.0361031
0.0361031
0.0361031
0.0361031
0.0361031
0.0361031
0.0361031
0.0361031
0.0361031
0.0361031
0.0361031
0.0361031
0.0361031
0.0361031
0.0361031
0.0361031
0.0361031
0.0361031
0.0361031
0.0361031
0.0361031
0.0361031
0.0361031
0.0361031
0.0361031
0.0361031
0.0361031
0.0361031
0.0361031
0.0361031
0.0361031
0.0361031
0.0361031
0.0361031
0.0361031
0.0361031
0.0361031
0.0361031
0.0361031
0.0361031
0.0361031
0.0361031
0.0361031
0.0361031
0.0361031
0.0361031
0.0361031
0.0361031
0.0361031
0.0361031
0.0361031
0.0361031
0.0361031
0.0361031
0.0361031
0.0361031
0.0361031
0.0361031
0.0361031
0.0361031
0.0361031
0.0361031
0.0361031
0.0361031
0.0361031
0.0361031
0.0361031
0.0361031
0.0361031
0.0361031
0.0361031
0.0361031
0.0361031
0.0361031
0.0361031
0.0361031
0.0361031
0.0361031
0.0361031
0.0361031
0.0361031
0.0361031
0.0361031
0.0361031
0.0361031
0.0361031
0.0361031
0.0361031
0.0361031
0.0361031
0.0361031
0.0361031
0.0361031
0.0361031
0.0361031
0.0361031
0.0361031
0.0361031
0.0361031
0.0361031
0.0361031
0.0361031
0.0361031
0.0361031
0.0361031
0.0361031
0.0361031
0.0361031
0.0361031
0.0361031
0.0361031
0.0361031
0.0361031
0.0361031
0.0361031
0.0361031
0.0361031
0.0361031
0.0361031
0.0361031
0.0361031
0.0361031
0.0361031
0.0361031
0.0361031
0.0361031
0.0361031
0.0361031
0.0361031
0.0361031
0.0361031
0.0361031
0.0361031
0.0361031
0.0361031
0.0361031
0.0361031
0.0361031
0.0361031
0.0361031
0.0361031
0.0361031
0.0361031
0.0361031
0.0361031
0.0361031
0.0361031
0.0361031
0.0361031
0.0361031
0.0361031
0.0361031
0.0361031
0.0361031
0.0361031
0.0361031
0.0361031
0.0361031
0.0361031
0.0361031
0.0361031
0.0361031
0.0361031
0.0361031
0.0361031
0.0361031
0.0361031
0.0361031
0.0361031
0.0361031
0.0361031
0.0361031
0.0361031
0.0361031
0.0361031
0.0361031
0.0361031
0.0361031
0.0361031
0.0361031
0.0361031
0.0361031
0.0361031
0.0361031
0.0361031
0.0361031
0.0361031
0.0361031
0.0361031
0.0361031
0.0361031
0.0361031
0.0361031
0.0361031
0.0361031
0.0361031
0.0361031
0.0361031
0.0361031
0.0361031
0.0361031
0.0361031
0.0361031
0.0361031
0.0361031
0.0361031
0.0361031
0.0361031
0.0361031
0.0361031
0.0361031
0.0361031
0.0361031
0.0361031
0.0361031
0.0361031
0.0361031
0.0361031
0.0361031
0.0361031
0.0361031
0.0361031
0.0361031
0.0361031
0.0361031
0.0361031
0.0361031
0.0361031
0.0361031
0.0361031
0.0361031
0.0361031
0.0361031
0.0361031
0.0361031
0.0361031
0.0361031
0.0361031
0.0361031
0.0361031
0.0361031
0.0361031
0.0361031
0.0361031
0.0361031
0.0361031
0.0361031
0.0361031
0.0361031
0.0361031
0.0361031
0.0361031
0.0361031
0.0361031
0.0361031
0.0361031
0.0361031
0.0361031
0.0361031
0.0361031
0.0361031
0.0361031
0.0361031
0.0361031
0.0361031
0.0361031
0.0361031
0.0361031
0.0361031
0.0361031
0.0361031
0.0361031
0.0361031
0.0361031
0.0361031
0.0361031
0.0361031
0.0361031
0.0361031
0.0361031
0.0361031
0.0361031
0.0361031
0.0361031
0.0361031
0.0361031
0.0361031
0.0361031
0.0361031
0.0361031
0.0361031
0.0361031
0.0361031
0.0361031
0.0361031
0.0361031
0.0361031
0.0361031
0.0361031
0.0361031
0.0361031
0.0361031
0.0361031
0.0361031
0.0361031
0.0361031
0.0361031
0.0361031
0.0361031
0.0361031
0.0361031
0.0361031
0.0361031
0.0361031
0.0361031
0.0361031
0.0361031
0.0361031
0.0361031
0.0361031
0.0361031
0.0361031
0.0361031
0.0361031
0.0361031
0.0361031
0.0361031
0.0361031
0.0361031
0.0361031
0.0361031
0.0361031
0.0361031
0.0361031
0.0361031
0.0361031
0.0361031
0.0361031
0.0361031
0.0361031
0.0361031
0.0361031
0.0361031
0.0361031
0.0361031
0.0361031
0.0361031
0.0361031
0.0361031
0.0361031
0.0361031
0.0361031
0.0361031
0.0361031
0.0361031
0.0361031
0.0361031
0.0361031
0.0361031
0.0361031
0.0361031
0.0361031
0.0361031
0.0361031
0.0361031
0.0361031
0.0361031
0.0361031
0.0361031
0.0361031
0.0361031
0.0361031
0.0361031
0.0361031
0.0361031
0.0361031
0.0361031
0.0361031
0.0361031
0.0361031
0.0361031
0.0361031
0.0361031
0.0361031
0.0361031
0.0361031
0.0361031
0.0361031
0.0361031
0.0361031
0.0361031
0.0361031
0.0361031
0.0361031
0.0361031
0.0361031
0.0361031
0.0361031
0.0361031
0.0361031
0.0361031
0.0361031
0.0361031
0.0361031
0.0361031
0.0361031
0.0361031
0.0361031
0.0361031
0.0361031
0.0361031
0.0361031
0.0361031
0.0361031
0.0361031
0.0361031
0.0361031
0.0361031
0.0361031
0.0361031
0.0361031
0.0361031
0.0361031
0.0361031
0.0361031
0.0361031
0.0361031
0.0361031
0.0361031
0.0361031
0.0361031
0.0361031
0.0361031
0.0361031
0.0361031
0.0361031
0.0361031
0.0361031
0.0361031
0.0361031
0.0361031
0.0361031
0.0361031
0.0361031
0.0361031
0.0361031
0.0361031
0.0361031
0.0361031
0.0361031
0.0361031
0.0361031
0.0361031
0.0361031
0.0361031
0.0361031
0.0361031
0.0361031
0.0361031
0.0361031
0.0361031
0.0361031
0.0361031
0.0361031
0.0361031
0.0361031
0.0361031
0.0361031
0.0361031
0.0361031
0.0361031
0.0361031
0.0361031
0.0361031
0.0361031
0.0361031
0.0361031
0.0361031
0.0361031
0.0361031
0.0361031
0.0361031
0.0361031
0.0361031
0.0361031
0.0361031
0.0361031
0.0361031
0.0361031
0.0361031
0.0361031
0.0361031
0.0361031
0.0361031
0.0361031
0.0361031
0.0361031
0.0361031
0.0361031
0.0361031
0.0361031
0.0361031
0.0361031
0.0361031
0.0361031
0.0361031
0.0361031
0.0361031
0.0361031
0.0361031
0.0361031
0.0361031
0.0361031
0.0361031
0.0361031
0.0361031
0.0361031
0.0361031
0.0361031
0.0361031
0.0361031
0.0361031
0.0361031
0.0361031
0.0361031
0.0361031
0.0361031
0.0361031
0.0361031
0.0361031
0.0361031
0.0361031
0.0361031
0.0361031
0.0361031
0.0361031
0.0361031
0.0361031
0.0361031
0.0361031
0.0361031
0.0361031
0.0361031
0.0361031
0.0361031
0.0361031
0.0361031
0.0361031
0.0361031
0.0361031
0.0361031
0.0361031
0.0361031
0.0361031
0.0361031
0.0361031
0.0361031
0.0361031
0.0361031
0.0361031
0.0361031
0.0361031
0.0361031
0.0361031
0.0361031
0.0361031
0.0361031
0.0361031
0.0361031
0.0361031
0.0361031
0.0361031
0.0361031
0.0361031
0.0361031
0.0361031
0.0361031
0.0361031
0.0361031
0.0361031
0.0361031
0.0361031
0.0361031
0.0361031
0.0361031
0.0361031
0.0361031
0.0361031
0.0361031
0.0361031
0.0361031
0.0361031
0.0361031
0.0361031
0.0361031
0.0361031
0.0361031
0.0361031
0.0361031
0.0361031
0.0361031
0.0361031
0.0361031
0.0361031
0.0361031
0.0361031
0.0361031
0.0361031
0.0361031
0.0361031
0.0361031
0.0361031
0.0361031
0.0361031
0.0361031
0.0361031
0.0361031
0.0361031
0.0361031
0.0361031
0.0361031
0.0361031
0.0361031
0.0361031
0.0361031
0.0361031
0.0361031
0.0361031
0.0361031
0.0361031
0.0361031
0.0361031
0.0361031
0.0361031
0.0361031
0.0361031
0.0361031
0.0361031
0.0361031
0.0361031
0.0361031
0.0361031
0.0361031
0.0361031
0.0361031
0.0361031
0.0361031
0.0361031
0.0361031
0.0361031
0.0361031
0.0361031
0.0361031
0.0361031
0.0361031
0.0361031
0.0361031
0.0361031
0.0361031
0.0361031
0.0361031
0.0361031
0.0361031
0.0361031
0.0361031
0.0361031
0.0361031
0.0361031
0.0361031
0.0361031
0.0361031
0.0361031
0.0361031
0.0361031
0.0361031
0.0361031
0.0361031
0.0361031
0.0361031
0.0361031
0.0361031
0.0361031
0.0361031
0.0361031
0.0361031
0.0361031
0.0361031
0.0361031
0.0361031
0.0361031
0.0361031
0.0361031
0.0361031
0.0361031
0.0361031
0.0361031
0.0361031
0.0361031
0.0361031
0.0361031
0.0361031
0.0361031
0.0361031
0.0361031
0.0361031
0.0361031
0.0361031
0.0361031
0.0361031
0.0361031
0.0361031
0.0361031
0.0361031
0.0361031
0.0361031
0.0361031
0.0361031
0.0361031
0.0361031
0.0361031
0.0361031
0.0361031
0.0361031
0.0361031
0.0361031
0.0361031
0.0361031
0.0361031
0.0361031
0.0361031
0.0361031
0.0361031
0.0361031
0.0361031
0.0361031
0.0361031
0.0361031
0.0361031
0.0361031
0.0361031
0.0361031
0.0361031
0.0361031
0.0361031
0.0361031
0.0361031
0.0361031
0.0361031
0.0361031
0.0361031
0.0361031
0.0361031
0.0361031
0.0361031
0.0361031
0.0361031
0.0361031
0.0361031
0.0361031
0.0361031
0.0361031
0.0361031
0.0361031
0.0361031
0.0361031
0.0361031
0.0361031
0.0361031
0.0361031
0.0361031
0.0361031
0.0361031
0.0361031
0.0361031
0.0361031
0.0361031
0.0361031
0.0361031
0.0361031
0.0361031
0.0361031
0.0361031
0.0361031
0.0361031
0.0361031
0.0361031
0.0361031
0.0361031
0.0361031
0.0361031
0.0361031
0.0361031
0.0361031
0.0361031
0.0361031
0.0361031
0.0361031
0.0361031
0.0361031
0.0361031
0.0361031
0.0361031
0.0361031
0.0361031
0.0361031
0.0361031
0.0361031
0.0361031
0.0361031
0.0361031
0.0361031
0.0361031
0.0361031
0.0361031
0.0361031
0.0361031
0.0361031
0.0361031
0.0361031
0.0361031
0.0361031
0.0361031
0.0361031
0.0361031
0.0361031
0.0361031
0.0361031
0.0361031
0.0361031
0.0361031
0.0361031
0.0361031
0.0361031
0.0361031
0.0361031
0.0361031
0.0361031
0.0361031
0.0361031
0.0361031
0.0361031
0.0361031
0.0361031
0.0361031
0.0361031
0.0361031
0.0361031
0.0361031
0.0361031
0.0361031
0.0361031
0.0361031
0.0361031
0.0361031
0.0361031
0.0361031
0.0361031
0.0361031
0.0361031
0.0361031
0.0361031
0.0361031
0.0361031
0.0361031
0.0361031
0.0361031
0.0361031
0.0361031
0.0361031
0.0361031
0.0361031
0.0361031
0.0361031
0.0361031
0.0361031
0.0361031
0.0361031
0.0361031
0.0361031
0.0361031
0.0361031
0.0361031
0.0361031
0.0361031
0.0361031
0.0361031
0.0361031
0.0361031
0.0361031
0.0361031
0.0361031
0.0361031
0.0361031
0.0361031
0.0361031
0.0361031
0.0361031
0.0361031
0.0361031
0.0361031
0.0361031
0.0361031
0.0361031
0.0361031
0.0361031
0.0361031
0.0361031
0.0361031
0.0361031
0.0361031
0.0361031
0.0361031
0.0361031
0.0361031
0.0361031
0.0361031
0.0361031
0.0361031
0.0361031
0.0361031
0.0361031
0.0361031
0.0361031
0.0361031
0.0361031
0.0361031
0.0361031
0.0361031
0.0361031
0.0361031
0.0361031
0.0361031
0.0361031
0.0361031
0.0361031
0.0361031
0.0361031
0.0361031
0.0361031
0.0361031
0.0361031
0.0361031
0.0361031
0.0361031
0.0361031
0.0361031
0.0361031
0.0361031
0.0361031
0.0361031
0.0361031
0.0361031
0.0361031
0.0361031
0.0361031
0.0361031
0.0361031
0.0361031
0.0361031
0.0361031
0.0361031
0.0361031
0.0361031
0.0361031
0.0361031
0.0361031
0.0361031
0.0361031
0.0361031
0.0361031
0.0361031
0.0361031
0.0361031
0.0361031
0.0361031
0.0361031
0.0361031
0.0361031
0.0361031
0.0361031
0.0361031
0.0361031
0.0361031
0.0361031
0.0361031
0.0361031
0.0361031
0.0361031
0.0361031
0.0361031
0.0361031
0.0361031
0.0361031
0.0361031
0.0361031
0.0361031
0.0361031
0.0361031
0.0361031
0.0361031
0.0361031
0.0361031
0.0361031
0.0361031
0.0361031
0.0361031
0.0361031
0.0361031
0.0361031
0.0361031
0.0361031
0.0361031
0.0361031
0.0361031
0.0361031
0.0361031
0.0361031
0.0361031
0.0361031
0.0361031
0.0361031
0.0361031
0.0361031
0.0361031
0.0361031
0.0361031
0.0361031
0.0361031
0.0361031
0.0361031
0.0361031
0.0361031
0.0361031
0.0361031
0.0361031
0.0361031
0.0361031
0.0361031
0.0361031
0.0361031
0.0361031
0.0361031
0.0361031
0.0361031
0.0361031
0.0361031
0.0361031
0.0361031
0.0361031
0.0361031
0.0361031
0.0361031
0.0361031
0.0361031
0.0361031
0.0361031
0.0361031
0.0361031
0.0361031
0.0361031
0.0361031
0.0361031
0.0361031
0.0361031
0.0361031
0.0361031
0.0361031
0.0361031
0.0361031
0.0361031
0.0361031
0.0361031
0.0361031
0.0361031
0.0361031
0.0361031
0.0361031
0.0361031
0.0361031
0.0361031
0.0361031
0.0361031
0.0361031
0.0361031
0.0361031
0.0361031
0.0361031
0.0361031
0.0361031
0.0361031
0.0361031
0.0361031
0.0361031
0.0361031
0.0361031
0.0361031
0.0361031
0.0361031
0.0361031
0.0361031
0.0361031
0.0361031
0.0361031
0.0361031
0.0361031
0.0361031
0.0361031
0.0361031
0.0361031
0.0361031
0.0361031
0.0361031
0.0361031
0.0361031
0.0361031
0.0361031
0.0361031
0.0361031
0.0361031
0.0361031
0.0361031
0.0361031
0.0361031
0.0361031
0.0361031
0.0361031
0.0361031
0.0361031
0.0361031
0.0361031
0.0361031
0.0361031
0.0361031
0.0361031
0.0361031
0.0361031
0.0361031
0.0361031
0.0361031
0.0361031
0.0361031
0.0361031
0.0361031
0.0361031
0.0361031
0.0361031
0.0361031
0.0361031
0.0361031
0.0361031
0.0361031
0.0361031
0.0361031
0.0361031
0.0361031
0.0361031
0.0361031
0.0361031
0.0361031
0.0361031
0.0361031
0.0361031
0.0361031
0.0361031
0.0361031
0.0361031
0.0361031
0.0361031
0.0361031
0.0361031
0.0361031
0.0361031
0.0361031
0.0361031
0.0361031
0.0361031
0.0361031
0.0361031
0.0361031
0.0361031
0.0361031
0.0361031
0.0361031
0.0361031
0.0361031
0.0361031
0.0361031
0.0361031
0.0361031
0.0361031
0.0361031
0.0361031
0.0361031
0.0361031
0.0361031
0.0361031
0.0361031
0.0361031
0.0361031
0.0361031
0.0361031
0.0361031
0.0361031
0.0361031
0.0361031
0.0361031
0.0361031
0.0361031
0.0361031
0.0361031
0.0361031
0.0361031
0.0361031
0.0361031
0.0361031
0.0361031
0.0361031
0.0361031
0.0361031
0.0361031
0.0361031
0.0361031
0.0361031
0.0361031
0.0361031
0.0361031
0.0361031
0.0361031
0.0361031
0.0361031
0.0361031
0.0361031
0.0361031
0.0361031
0.0361031
0.0361031
0.0361031
0.0361031
0.0361031
0.0361031
0.0361031
0.0361031
0.0361031
0.0361031
0.0361031
0.0361031
0.0361031
0.0361031
0.0361031
0.0361031
0.0361031
0.0361031
0.0361031
0.0361031
0.0361031
0.0361031
0.0361031
