2.04987e+07
1.37637e+07
1.08434e+07
1.08434e+07
1.08434e+07
1.08434e+07
5.52782e+06
5.52782e+06
5.52782e+06
5.52782e+06
5.52782e+06
2.84744e+06
2.56619e+06
1.82876e+06
1.82876e+06
1.82876e+06
1.82876e+06
1.59409e+06
1.59409e+06
985022
985022
985022
985022
985022
985022
985022
985022
985022
838499
583842
481951
346216
166373
81519.8
81519.8
81519.8
81519.8
81519.8
81519.8
81519.8
81519.8
81519.8
81519.8
81519.8
59856.8
59856.8
42787.2
31882.6
23598.6
15757.1
10768.5
10768.5
4552.43
4552.43
4552.43
4552.43
4552.43
4552.43
4552.43
4552.43
4552.43
4208.73
4208.73
4001.97
3243.13
2748.78
2546.21
2546.21
1612.26
1612.26
1473.45
1473.45
1389.27
1389.27
1270.82
1270.82
1270.82
800.233
800.233
678.771
642.839
642.839
581.003
558.273
558.273
558.273
558.273
540.018
516.641
470.462
399.344
365.974
365.974
365.974
302.658
302.658
232.409
232.409
232.409
232.409
225.289
173.488
173.488
173.488
173.488
165.411
150.547
140.566
140.264
120.376
108.93
96.3545
96.3545
76.6172
76.6172
66.2271
59.9298
58.4409
58.4409
56.8928
56.8928
56.8928
56.1382
53.4084
47.2256
47.2256
44.5607
40.9249
37.8345
37.8345
37.8345
37.8345
36.9515
35.9362
35.7474
35.7474
34.3637
34.3637
32.8301
32.6462
32.4085
31.7032
31.7032
31.7032
31.7032
31.7032
31.4392
31.4392
30.9723
30.9723
30.825
30.825
30.605
30.5305
30.4195
30.095
30.095
30.095
30.095
30.095
29.9225
29.9225
29.8732
29.777
29.7547
29.7437
29.7091
29.7091
29.6486
29.6486
29.6396
29.566
29.566
29.4998
29.4998
29.4906
29.4824
29.4633
29.4633
29.4588
29.4588
29.4588
29.4588
29.4588
29.4588
29.4588
29.4441
29.4344
29.4338
29.4338
29.4231
29.4231
29.4231
29.4231
29.416
29.4156
29.4156
29.4156
29.4156
29.4156
29.4156
29.4156
29.4135
29.4106
29.4104
29.4104
29.4065
29.4065
29.406
29.405
29.4035
29.4033
29.4029
29.4029
29.4029
29.4028
29.4028
29.4027
29.4018
29.4018
29.4016
29.4011
29.4009
29.4006
29.4005
29.3999
29.3995
29.3995
29.3993
29.3993
29.3986
29.3986
29.398
29.3979
29.3976
29.3975
29.3972
29.3968
29.3966
29.3961
29.3959
29.3956
29.3953
29.3951
29.3949
29.3945
29.3942
29.394
29.3936
29.3934
29.393
29.3926
29.3923
29.3919
29.3915
29.3912
29.3908
29.3904
29.39
29.3896
29.3891
29.3886
29.3883
29.3878
29.3872
29.3867
29.3862
29.3855
29.385
29.3844
29.3837
29.3832
29.3824
29.3817
29.381
29.3802
29.3794
29.3785
29.3774
29.3765
29.3754
29.3742
29.3732
29.3719
29.3705
29.369
29.3676
29.3661
29.3643
29.3626
29.3606
29.3585
29.3563
29.3541
29.3513
29.3485
29.3456
29.3425
29.3389
29.3351
29.3317
29.3273
29.3232
29.318
29.3136
29.3082
29.3026
29.2965
29.2898
29.2816
29.2738
29.2652
29.2557
29.2444
29.2321
29.2178
29.2035
29.1861
29.1644
29.1447
29.1163
29.0897
29.0571
29.0172
28.9552
28.8962
28.7659
28.6957
28.5677
28.4824
28.4241
28.2938
28.2846
28.1417
28.0632
27.9398
27.8628
27.7876
27.7273
27.6794
27.6024
27.4971
27.4007
27.335
27.2116
27.1395
27.0735
26.9647
26.9092
26.8259
26.739
26.7026
26.6026
26.537
26.4769
26.424
26.3575
26.2786
26.2271
26.1356
26.0353
25.9695
25.8837
25.8389
25.7801
25.6883
25.6455
25.5886
25.5341
25.484
25.4248
25.3576
25.3171
25.2515
25.2013
25.1549
25.1125
25.0716
25.0169
24.9799
24.929
24.8912
24.8547
24.8156
24.7508
24.7097
24.6736
24.6285
24.577
24.5264
24.4802
24.4184
24.3825
24.3271
24.2897
24.2542
24.225
24.1884
24.148
24.1185
24.0809
24.046
24.0083
23.9763
23.9443
23.9089
23.8718
23.8486
23.8173
23.7932
23.7614
23.7382
23.71
23.6807
23.6485
23.6275
23.598
23.572
23.547
23.5177
23.4863
23.4617
23.4318
23.4036
23.3732
23.3487
23.3189
23.2954
23.2671
23.2432
23.2187
23.1923
23.1668
23.1371
23.1142
23.0897
23.0665
23.04
23.0126
22.989
22.9645
22.9399
22.9167
22.89
22.8664
22.8364
22.8134
22.7876
22.7631
22.7368
22.7095
22.6848
22.6563
22.628
22.5983
22.5663
22.5357
22.5052
22.4723
22.4392
22.4054
22.3717
22.3328
22.3027
22.267
22.2281
22.1948
22.1578
22.1154
22.0829
22.0404
22.0016
21.963
21.9222
21.8774
21.8419
21.7955
21.7522
21.7058
21.6592
21.6164
21.5676
21.5198
21.4773
21.4205
21.3775
21.3276
21.2783
21.2294
21.1786
21.1278
21.0755
21.0197
20.9725
20.9197
20.876
20.8241
20.7855
20.7318
20.6781
20.6222
20.5692
20.5249
20.4664
20.4133
20.3577
20.3024
20.2479
20.1969
20.1485
20.0994
20.0465
19.9904
19.9413
19.8908
19.841
19.7959
19.7443
19.6962
19.6541
19.6064
19.5678
19.5171
19.4725
19.4251
19.3769
19.3377
19.2899
19.2404
19.1918
19.1439
19.0971
19.0535
19.0068
18.9591
18.9131
18.8604
18.8051
18.7617
18.6993
18.6614
18.6055
18.5558
18.5074
18.4573
18.4123
18.3589
18.3099
18.2497
18.2072
18.1542
18.1117
18.0593
18.0151
17.9654
17.9151
17.8711
17.8214
17.7769
17.7201
17.674
17.6282
17.57
17.5237
17.4711
17.4234
17.3752
17.3201
17.2758
17.2299
17.1848
17.1425
17.0973
17.0475
17.0068
16.9649
16.9152
16.8698
16.8236
16.769
16.7308
16.6805
16.6382
16.5876
16.5462
16.4974
16.4553
16.4088
16.3579
16.3193
16.2715
16.2302
16.1813
16.1353
16.0878
16.0437
15.998
15.9585
15.9016
15.8659
15.8277
15.786
15.7459
15.6922
15.6543
15.6105
15.5671
15.519
15.4792
15.4308
15.3871
15.3419
15.3032
15.2537
15.2076
15.1669
15.1232
15.0779
15.0336
14.9893
14.9411
14.8947
14.8562
14.8105
14.7717
14.7258
14.6796
14.6406
14.59
14.5477
14.5024
14.4537
14.4143
14.3727
14.3277
14.2951
14.2502
14.2053
14.1645
14.1206
14.0781
14.0328
13.9915
13.9443
13.9005
13.8584
13.8121
13.7635
13.7191
13.6736
13.6292
13.574
13.5282
13.4879
13.4359
13.3939
13.3455
13.2891
13.2513
13.203
13.1571
13.1098
13.067
13.0181
12.9773
12.9259
12.8821
12.8357
12.7909
12.747
12.7024
12.6543
12.6067
12.5664
12.5219
12.4726
12.4208
12.3753
12.3234
12.2762
12.2279
12.1739
12.1209
12.0735
12.0109
11.9648
11.9112
11.8587
11.8103
11.7633
11.7134
11.6676
11.6197
11.5788
11.5392
11.5022
11.4695
11.4215
11.3912
11.3603
11.3251
11.2983
11.2571
11.2238
11.1941
11.1646
11.1247
11.0998
11.0685
11.0397
11.0159
10.9863
10.9641
10.9366
10.9209
10.901
10.8783
10.8638
10.8413
10.8211
10.8015
10.7831
10.7629
10.7266
10.6887
10.6723
10.6313
10.5995
10.5677
10.5394
10.5117
10.4857
10.4675
10.4463
10.4298
10.4068
10.3849
10.3644
10.3401
10.3197
10.2961
10.2793
10.2554
10.2373
10.2163
10.1972
10.1782
10.1565
10.139
10.1185
10.1
10.0794
10.0553
10.0399
10.0206
9.99916
9.97806
9.9587
9.94036
9.92046
9.89903
9.88131
9.85951
9.84164
9.82266
9.8026
9.77961
9.76051
9.74129
9.71494
9.69666
9.67542
9.65489
9.62912
9.60854
9.58521
9.56382
9.54126
9.51521
9.49169
9.46011
9.43713
9.41322
9.38865
9.3597
9.33446
9.30868
9.27738
9.24719
9.22464
9.19344
9.16442
9.13209
9.09949
9.06889
9.04129
9.0074
8.97744
8.94588
8.91473
8.88266
8.84856
8.81273
8.78068
8.74946
8.71419
8.67485
8.64139
8.60558
8.56115
8.52843
8.48979
8.45828
8.42009
8.38038
8.34403
8.31071
8.27938
8.23649
8.19275
8.15698
8.12498
8.08096
8.04866
8.01236
7.97384
7.93047
7.90121
7.86172
7.8176
7.78544
7.745
7.70548
7.65987
7.61079
7.57769
7.53547
7.48616
7.44728
7.40532
7.35979
7.31814
7.27758
7.23487
7.19584
7.15164
7.10964
7.06101
7.02108
6.98103
6.93802
6.89379
6.85139
6.81208
6.77209
6.73497
6.69407
6.65644
6.61462
6.57623
6.54186
6.50423
6.46163
6.42002
6.3823
6.34159
6.29849
6.25659
6.21883
6.1784
6.14177
6.10488
6.06069
6.0239
5.98202
5.94116
5.90371
5.85816
5.82478
5.7832
5.74941
5.70257
5.67692
5.63853
5.59909
5.5641
5.51516
5.48085
5.4396
5.39617
5.35319
5.31045
5.26841
5.23075
5.18962
5.14518
5.10435
5.0627
5.01342
4.96615
4.91777
4.87494
4.83417
4.7897
4.75179
4.70812
4.66931
4.6167
4.57164
4.52638
4.48145
4.43304
4.3861
4.33921
4.29601
4.24389
4.19641
4.15836
4.11443
4.05755
4.01592
3.96411
3.92101
3.85747
3.81982
3.76924
3.72416
3.67732
3.6306
3.57786
3.52697
3.47759
3.42894
3.37172
3.32732
3.27768
3.22864
3.18089
3.13605
3.08871
3.03912
2.99324
2.93648
2.88598
2.84135
2.79391
2.74594
2.69918
2.65078
2.61026
2.56385
2.51866
2.47763
2.43486
2.39497
2.3475
2.30106
2.26283
2.21388
2.17092
2.12896
2.086
2.03974
2.00253
1.95529
1.90838
1.86574
1.82112
1.77011
1.72674
1.68385
1.63806
1.59424
1.54873
1.50729
1.46158
1.42044
1.37409
1.34352
1.2998
1.26158
1.23313
1.19656
1.16542
1.13157
1.10296
1.07758
1.03936
1.01764
0.986408
0.956551
0.926072
0.901625
0.872869
0.843824
0.808753
0.780712
0.749085
0.72171
0.703691
0.679125
0.655004
0.633472
0.611683
0.592824
0.573318
0.551105
0.535506
0.517607
0.49939
0.481987
0.466833
0.451413
0.437544
0.423748
0.412513
0.397643
0.387778
0.376065
0.363416
0.352476
0.340485
0.330888
0.321601
0.312542
0.301684
0.293524
0.284547
0.276716
0.2695
0.26213
0.254583
0.24774
0.241321
0.23506
0.228901
0.222357
0.216501
0.211325
0.205026
0.200345
0.195785
0.190795
0.186103
0.181412
0.177134
0.172386
0.168148
0.163571
0.160227
0.156171
0.152406
0.148786
0.145133
0.141354
0.137597
0.134405
0.131371
0.127785
0.125227
0.122134
0.119075
0.116641
0.113793
0.110923
0.108784
0.106151
0.103925
0.101616
0.099273
0.0970805
0.0948721
0.0930461
0.0911573
0.0890173
0.0873524
0.0853455
0.0835181
0.0817583
0.0801922
0.0784359
0.0766666
0.0751407
0.073278
0.0720486
0.070498
0.0690456
0.0676471
0.0663149
0.0648892
0.0636161
0.0622825
0.0610093
0.0599678
0.0587225
0.0575039
0.0563589
0.0553452
0.0543142
0.0532835
0.0523242
0.0513294
0.0503132
0.0494419
0.0485178
0.0477135
0.0467685
0.0460011
0.045222
0.0444419
0.0436713
0.0429086
0.0421743
0.0414749
0.0407459
0.0407459
0.0407459
0.0407459
0.0407459
0.0407459
0.0407459
0.0407459
0.0407459
0.0407459
0.0407459
0.0407459
0.0407459
0.0407459
0.0407459
0.0407459
0.0407459
0.0407459
0.0407459
0.0407459
0.0407459
0.0407459
0.0407459
0.0407459
0.0407459
0.0407459
0.0407459
0.0407459
0.0407459
0.0407459
0.0407459
0.0407459
0.0407459
0.0407459
0.0407459
0.0407459
0.0407459
0.0407459
0.0407459
0.0407459
0.0407459
0.0407459
0.0407459
0.0407459
0.0407459
0.0407459
0.0407459
0.0407459
0.0407459
0.0407459
0.0407459
0.0407459
0.0407459
0.0407459
0.0407459
0.0407459
0.0407459
0.0407459
0.0407459
0.0407459
0.0407459
0.0407459
0.0407459
0.0407459
0.0407459
0.0407459
0.0407459
0.0407459
0.0407459
0.0407459
0.0407459
0.0407459
0.0407459
0.0407459
0.0407459
0.0407459
0.0407459
0.0407459
0.0407459
0.0407459
0.0407459
0.0407459
0.0407459
0.0407459
0.0407459
0.0407459
0.0407459
0.0407459
0.0407459
0.0407459
0.0407459
0.0407459
0.0407459
0.0407459
0.0407459
0.0407459
0.0407459
0.0407459
0.0407459
0.0407459
0.0407459
0.0407459
0.0407459
0.0407459
0.0407459
0.0407459
0.0407459
0.0407459
0.0407459
0.0407459
0.0407459
0.0407459
0.0407459
0.0407459
0.0407459
0.0407459
0.0407459
0.0407459
0.0407459
0.0407459
0.0407459
0.0407459
0.0407459
0.0407459
0.0407459
0.0407459
0.0407459
0.0407459
0.0407459
0.0407459
0.0407459
0.0407459
0.0407459
0.0407459
0.0407459
0.0407459
0.0407459
0.0407459
0.0407459
0.0407459
0.0407459
0.0407459
0.0407459
0.0407459
0.0407459
0.0407459
0.0407459
0.0407459
0.0407459
0.0407459
0.0407459
0.0407459
0.0407459
0.0407459
0.0407459
0.0407459
0.0407459
0.0407459
0.0407459
0.0407459
0.0407459
0.0407459
0.0407459
0.0407459
0.0407459
0.0407459
0.0407459
0.0407459
0.0407459
0.0407459
0.0407459
0.0407459
0.0407459
0.0407459
0.0407459
0.0407459
0.0407459
0.0407459
0.0407459
0.0407459
0.0407459
0.0407459
0.0407459
0.0407459
0.0407459
0.0407459
0.0407459
0.0407459
0.0407459
0.0407459
0.0407459
0.0407459
0.0407459
0.0407459
0.0407459
0.0407459
0.0407459
0.0407459
0.0407459
0.0407459
0.0407459
0.0407459
0.0407459
0.0407459
0.0407459
0.0407459
0.0407459
0.0407459
0.0407459
0.0407459
0.0407459
0.0407459
0.0407459
0.0407459
0.0407459
0.0407459
0.0407459
0.0407459
0.0407459
0.0407459
0.0407459
0.0407459
0.0407459
0.0407459
0.0407459
0.0407459
0.0407459
0.0407459
0.0407459
0.0407459
0.0407459
0.0407459
0.0407459
0.0407459
0.0407459
0.0407459
0.0407459
0.0407459
0.0407459
0.0407459
0.0407459
0.0407459
0.0407459
0.0407459
0.0407459
0.0407459
0.0407459
0.0407459
0.0407459
0.0407459
0.0407459
0.0407459
0.0407459
0.0407459
0.0407459
0.0407459
0.0407459
0.0407459
0.0407459
0.0407459
0.0407459
0.0407459
0.0407459
0.0407459
0.0407459
0.0407459
0.0407459
0.0407459
0.0407459
0.0407459
0.0407459
0.0407459
0.0407459
0.0407459
0.0407459
0.0407459
0.0407459
0.0407459
0.0407459
0.0407459
0.0407459
0.0407459
0.0407459
0.0407459
0.0407459
0.0407459
0.0407459
0.0407459
0.0407459
0.0407459
0.0407459
0.0407459
0.0407459
0.0407459
0.0407459
0.0407459
0.0407459
0.0407459
0.0407459
0.0407459
0.0407459
0.0407459
0.0407459
0.0407459
0.0407459
0.0407459
0.0407459
0.0407459
0.0407459
0.0407459
0.0407459
0.0407459
0.0407459
0.0407459
0.0407459
0.0407459
0.0407459
0.0407459
0.0407459
0.0407459
0.0407459
0.0407459
0.0407459
0.0407459
0.0407459
0.0407459
0.0407459
0.0407459
0.0407459
0.0407459
0.0407459
0.0407459
0.0407459
0.0407459
0.0407459
0.0407459
0.0407459
0.0407459
0.0407459
0.0407459
0.0407459
0.0407459
0.0407459
0.0407459
0.0407459
0.0407459
0.0407459
0.0407459
0.0407459
0.0407459
0.0407459
0.0407459
0.0407459
0.0407459
0.0407459
0.0407459
0.0407459
0.0407459
0.0407459
0.0407459
0.0407459
0.0407459
0.0407459
0.0407459
0.0407459
0.0407459
0.0407459
0.0407459
0.0407459
0.0407459
0.0407459
0.0407459
0.0407459
0.0407459
0.0407459
0.0407459
0.0407459
0.0407459
0.0407459
0.0407459
0.0407459
0.0407459
0.0407459
0.0407459
0.0407459
0.0407459
0.0407459
0.0407459
0.0407459
0.0407459
0.0407459
0.0407459
0.0407459
0.0407459
0.0407459
0.0407459
0.0407459
0.0407459
0.0407459
0.0407459
0.0407459
0.0407459
0.0407459
0.0407459
0.0407459
0.0407459
0.0407459
0.0407459
0.0407459
0.0407459
0.0407459
0.0407459
0.0407459
0.0407459
0.0407459
0.0407459
0.0407459
0.0407459
0.0407459
0.0407459
0.0407459
0.0407459
0.0407459
0.0407459
0.0407459
0.0407459
0.0407459
0.0407459
0.0407459
0.0407459
0.0407459
0.0407459
0.0407459
0.0407459
0.0407459
0.0407459
0.0407459
0.0407459
0.0407459
0.0407459
0.0407459
0.0407459
0.0407459
0.0407459
0.0407459
0.0407459
0.0407459
0.0407459
0.0407459
0.0407459
0.0407459
0.0407459
0.0407459
0.0407459
0.0407459
0.0407459
0.0407459
0.0407459
0.0407459
0.0407459
0.0407459
0.0407459
0.0407459
0.0407459
0.0407459
0.0407459
0.0407459
0.0407459
0.0407459
0.0407459
0.0407459
0.0407459
0.0407459
0.0407459
0.0407459
0.0407459
0.0407459
0.0407459
0.0407459
0.0407459
0.0407459
0.0407459
0.0407459
0.0407459
0.0407459
0.0407459
0.0407459
0.0407459
0.0407459
0.0407459
0.0407459
0.0407459
0.0407459
0.0407459
0.0407459
0.0407459
0.0407459
0.0407459
0.0407459
0.0407459
0.0407459
0.0407459
0.0407459
0.0407459
0.0407459
0.0407459
0.0407459
0.0407459
0.0407459
0.0407459
0.0407459
0.0407459
0.0407459
0.0407459
0.0407459
0.0407459
0.0407459
0.0407459
0.0407459
0.0407459
0.0407459
0.0407459
0.0407459
0.0407459
0.0407459
0.0407459
0.0407459
0.0407459
0.0407459
0.0407459
0.0407459
0.0407459
0.0407459
0.0407459
0.0407459
0.0407459
0.0407459
0.0407459
0.0407459
0.0407459
0.0407459
0.0407459
0.0407459
0.0407459
0.0407459
0.0407459
0.0407459
0.0407459
0.0407459
0.0407459
0.0407459
0.0407459
0.0407459
0.0407459
0.0407459
0.0407459
0.0407459
0.0407459
0.0407459
0.0407459
0.0407459
0.0407459
0.0407459
0.0407459
0.0407459
0.0407459
0.0407459
0.0407459
0.0407459
0.0407459
0.0407459
0.0407459
0.0407459
0.0407459
0.0407459
0.0407459
0.0407459
0.0407459
0.0407459
0.0407459
0.0407459
0.0407459
0.0407459
0.0407459
0.0407459
0.0407459
0.0407459
0.0407459
0.0407459
0.0407459
0.0407459
0.0407459
0.0407459
0.0407459
0.0407459
0.0407459
0.0407459
0.0407459
0.0407459
0.0407459
0.0407459
0.0407459
0.0407459
0.0407459
0.0407459
0.0407459
0.0407459
0.0407459
0.0407459
0.0407459
0.0407459
0.0407459
0.0407459
0.0407459
0.0407459
0.0407459
0.0407459
0.0407459
0.0407459
0.0407459
0.0407459
0.0407459
0.0407459
0.0407459
0.0407459
0.0407459
0.0407459
0.0407459
0.0407459
0.0407459
0.0407459
0.0407459
0.0407459
0.0407459
0.0407459
0.0407459
0.0407459
0.0407459
0.0407459
0.0407459
0.0407459
0.0407459
0.0407459
0.0407459
0.0407459
0.0407459
0.0407459
0.0407459
0.0407459
0.0407459
0.0407459
0.0407459
0.0407459
0.0407459
0.0407459
0.0407459
0.0407459
0.0407459
0.0407459
0.0407459
0.0407459
0.0407459
0.0407459
0.0407459
0.0407459
0.0407459
0.0407459
0.0407459
0.0407459
0.0407459
0.0407459
0.0407459
0.0407459
0.0407459
0.0407459
0.0407459
0.0407459
0.0407459
0.0407459
0.0407459
0.0407459
0.0407459
0.0407459
0.0407459
0.0407459
0.0407459
0.0407459
0.0407459
0.0407459
0.0407459
0.0407459
0.0407459
0.0407459
0.0407459
0.0407459
0.0407459
0.0407459
0.0407459
0.0407459
0.0407459
0.0407459
0.0407459
0.0407459
0.0407459
0.0407459
0.0407459
0.0407459
0.0407459
0.0407459
0.0407459
0.0407459
0.0407459
0.0407459
0.0407459
0.0407459
0.0407459
0.0407459
0.0407459
0.0407459
0.0407459
0.0407459
0.0407459
0.0407459
0.0407459
0.0407459
0.0407459
0.0407459
0.0407459
0.0407459
0.0407459
0.0407459
0.0407459
0.0407459
0.0407459
0.0407459
0.0407459
0.0407459
0.0407459
0.0407459
0.0407459
0.0407459
0.0407459
0.0407459
0.0407459
0.0407459
0.0407459
0.0407459
0.0407459
0.0407459
0.0407459
0.0407459
0.0407459
0.0407459
0.0407459
0.0407459
0.0407459
0.0407459
0.0407459
0.0407459
0.0407459
0.0407459
0.0407459
0.0407459
0.0407459
0.0407459
0.0407459
0.0407459
0.0407459
0.0407459
0.0407459
0.0407459
0.0407459
0.0407459
0.0407459
0.0407459
0.0407459
0.0407459
0.0407459
0.0407459
0.0407459
0.0407459
0.0407459
0.0407459
0.0407459
0.0407459
0.0407459
0.0407459
0.0407459
0.0407459
0.0407459
0.0407459
0.0407459
0.0407459
0.0407459
0.0407459
0.0407459
0.0407459
0.0407459
0.0407459
0.0407459
0.0407459
0.0407459
0.0407459
0.0407459
0.0407459
0.0407459
0.0407459
0.0407459
0.0407459
0.0407459
0.0407459
0.0407459
0.0402595
0.039366
0.038289
0.0374748
0.0366442
0.0357687
0.034961
0.0341552
0.0333763
0.032611
0.0318023
0.0312114
0.0305176
0.0298368
0.0291588
0.0285151
0.0279266
0.0273126
0.026718
0.0261082
0.0256288
0.0256288
0.0256288
0.0256288
0.0256288
0.0256288
0.0256288
0.0256288
0.0256288
0.0256288
0.0256288
0.0256288
0.0256288
0.0256288
0.0256288
0.0256288
0.0256288
0.0256288
0.0256288
0.0256288
0.0256288
0.0256288
0.0256288
0.0256288
0.0256288
0.0256288
0.0256288
0.0256288
0.0256288
0.0256288
0.0256288
0.0256288
0.0256288
0.0256288
0.0256288
0.0256288
0.0256288
0.0256288
0.0256288
0.0256288
0.0256288
0.0256288
0.0256288
0.0256288
0.0256288
0.0256288
0.0256288
0.0256288
0.0256288
0.0256288
0.0256288
0.0256288
0.0256288
0.0256288
0.0256288
0.0256288
0.0256288
0.0256288
0.0256288
0.0256288
0.0256288
0.0256288
0.0256288
0.0256288
0.0256288
0.0256288
0.0256288
0.0256288
0.0256288
0.0256288
0.0256288
0.0256288
0.0256288
0.0256288
0.0256288
0.0256288
0.0256288
0.0256288
0.0256288
0.0256288
0.0256288
0.0256288
0.0256288
0.0256288
0.0256288
0.0256288
0.0256288
0.0256288
0.0256288
0.0256288
0.0256288
0.0256288
0.0256288
0.0256288
0.0256288
0.0256288
0.0256288
0.0256288
0.0256288
0.0256288
0.0256288
0.0256288
0.0256288
0.0256288
0.0256288
0.0256288
0.0256288
0.0256288
0.0256288
0.0256288
0.0256288
0.0256288
0.0256288
0.0256288
0.0256288
0.0256288
0.0256288
0.0256288
0.0256288
0.0256288
0.0256288
0.0256288
0.0256288
0.0256288
0.0256288
0.0256288
0.0256288
0.0256288
0.0256288
0.0256288
0.0256288
0.0256288
0.0256288
0.0256288
0.0256288
0.0256288
0.0256288
0.0256288
0.0256288
0.0256288
0.0256288
0.0256288
0.0256288
0.0256288
0.0256288
0.0256288
0.0256288
0.0256288
0.0256288
0.0256288
0.0256288
0.0256288
0.0256288
0.0256288
0.0256288
0.0256288
0.0256288
0.0256288
0.0256288
0.0256288
0.0256288
0.0256288
0.0256288
0.0256288
0.0256288
0.0256288
0.0256288
0.0256288
0.0256288
0.0256288
0.0256288
0.0256288
0.0256288
0.0256288
0.0256288
0.0256288
0.0256288
0.0256288
0.0256288
0.0256288
0.0256288
0.0256288
0.0256288
0.0256288
0.0256288
0.0256288
0.0256288
0.0256288
0.0256288
0.0256288
0.0256288
0.0256288
0.0256288
0.0256288
0.0256288
0.0256288
0.0256288
0.0256288
0.0256288
0.0256288
0.0256288
0.0256288
0.0256288
0.0256288
0.0256288
0.0256288
0.0256288
0.0256288
0.0256288
0.0256288
0.0256288
0.0256288
0.0256288
0.0256288
0.0256288
0.0256288
0.0256288
0.0256288
0.0256288
0.0256288
0.0256288
0.0256288
0.0256288
0.0256288
0.0256288
0.0256288
0.0256288
0.0256288
0.0256288
0.0256288
0.0256288
0.0256288
0.0256288
0.0256288
0.0256288
0.0256288
0.0256288
0.0256288
0.0256288
0.0256288
0.0256288
0.0256288
0.0256288
0.0256288
0.0256288
0.0256288
0.0256288
0.0256288
0.0256288
0.0256288
0.0256288
0.0256288
0.0256288
0.0256288
0.0256288
0.0256288
0.0256288
0.0256288
0.0256288
0.0256288
0.0256288
0.0256288
0.0256288
0.0256288
0.0256288
0.0256288
0.0256288
0.0256288
0.0256288
0.0256288
0.0256288
0.0256288
0.0256288
0.0256288
0.0256288
0.0256288
0.0256288
0.0256288
0.0256288
0.0256288
0.0256288
0.0256288
0.0256288
0.0256288
0.0256288
0.0256288
0.0256288
0.0256288
0.0256288
0.0256288
0.0256288
0.0256288
0.0256288
0.0256288
0.0256288
0.0256288
0.0256288
0.0256288
0.0256288
0.0256288
0.0256288
0.0256288
0.0256288
0.0256288
0.0256288
0.0256288
0.0256288
0.0256288
0.0256288
0.0256288
0.0256288
0.0256288
0.0256288
0.0256288
0.0256288
0.0256288
0.0256288
0.0256288
0.0256288
0.0256288
0.0256288
0.0256288
0.0256288
0.0256288
0.0256288
0.0256288
0.0256288
0.0256288
0.0256288
0.0256288
0.0256288
0.0256288
0.0256288
0.0256288
0.0256288
0.0256288
0.0256288
0.0256288
0.0256288
0.0256288
0.0256288
0.0256288
0.0256288
0.0256288
0.0256288
0.0256288
0.0256288
0.0256288
0.0256288
0.0256288
0.0256288
0.0256288
0.0256288
0.0256288
0.0256288
0.0256288
0.0256288
0.0256288
0.0256288
0.0256288
0.0256288
0.0256288
0.0256288
0.0256288
0.0256288
0.0256288
0.0256288
0.0256288
0.0256288
0.0256288
0.0256288
0.0256288
0.0256288
0.0256288
0.0256288
0.0256288
0.0256288
0.0256288
0.0256288
0.0256288
0.0256288
0.0256288
0.0256288
0.0256288
0.0256288
0.0256288
0.0256288
0.0256288
0.0256288
0.0256288
0.0256288
0.0256288
0.0256288
0.0256288
0.0256288
0.0256288
0.0256288
0.0256288
0.0256288
0.0256288
0.0256288
0.0256288
0.0256288
0.0256288
0.0256288
0.0256288
0.0256288
0.0256288
0.0256288
0.0256288
0.0256288
0.0256288
0.0256288
0.0256288
0.0256288
0.0256288
0.0256288
0.0256288
0.0256288
0.0256288
0.0256288
0.0256288
0.0256288
0.0256288
0.0256288
0.0256288
0.0256288
0.0256288
0.0256288
0.0256288
0.0256288
0.0256288
0.0256288
0.0256288
0.0256288
0.0256288
0.0256288
0.0256288
0.0256288
0.0256288
0.0256288
0.0256288
0.0256288
0.0256288
0.0256288
0.0256288
0.0256288
0.0256288
0.0256288
0.0256288
0.0256288
0.0256288
0.0256288
0.0256288
0.0256288
0.0256288
0.0256288
0.0256288
0.0256288
0.0256288
0.0256288
0.0256288
0.0256288
0.0256288
0.0256288
0.0256288
0.0256288
0.0256288
0.0256288
0.0256288
0.0256288
0.0256288
0.0256288
0.0256288
0.0256288
0.0256288
0.0256288
0.0256288
0.0256288
0.0256288
0.0256288
0.0256288
0.0256288
0.0256288
0.0256288
0.0256288
0.0256288
0.0256288
0.0256288
0.0256288
0.0256288
0.0256288
0.0256288
0.0256288
0.0256288
0.0256288
0.0256288
0.0256288
0.0256288
0.0256288
0.0256288
0.0256288
0.0256288
0.0256288
0.0256288
0.0256288
0.0256288
0.0256288
0.0256288
0.0256288
0.0256288
0.0256288
0.0256288
0.0256288
0.0256288
0.0256288
0.0256288
0.0256288
0.0256288
0.0256288
0.0256288
0.0256288
0.0256288
0.0256288
0.0256288
0.0256288
0.0256288
0.0256288
0.0256288
0.0256288
0.0256288
0.0256288
0.0256288
0.0256288
0.0256288
0.0256288
0.0256288
0.0256288
0.0256288
0.0256288
0.0256288
0.0256288
0.0256288
0.0256288
0.0256288
0.0256288
0.0256288
0.0256288
0.0256288
0.0256288
0.0256288
0.0256288
0.0256288
0.0256288
0.0256288
0.0256288
0.0256288
0.0256288
0.0256288
0.0256288
0.0256288
0.0256288
0.0256288
0.0256288
0.0256288
0.0256288
0.0256288
0.0256288
0.0256288
0.0256288
0.0256288
0.0256288
0.0256288
0.0256288
0.0256288
0.0256288
0.0256288
0.0256288
0.0256288
0.0256288
0.0256288
0.0256288
0.0256288
0.0256288
0.0256288
0.0256288
0.0256288
0.0256288
0.0256288
0.0256288
0.0256288
0.0256288
0.0256288
0.0256288
0.0256288
0.0256288
0.0256288
0.0256288
0.0256288
0.0256288
0.0256288
0.0256288
0.0256288
0.0256288
0.0256288
0.0256288
0.0256288
0.0256288
0.0256288
0.0256288
0.0256288
0.0256288
0.0256288
0.0256288
0.0256288
0.0256288
