1.55695e+07
1.55695e+07
1.22089e+07
7.32647e+06
7.32647e+06
7.32647e+06
7.32647e+06
6.96515e+06
6.96515e+06
6.96515e+06
6.96515e+06
3.01553e+06
3.01553e+06
1.84399e+06
1.84399e+06
1.84399e+06
1.83787e+06
1.62233e+06
1.61581e+06
1.05614e+06
1.05614e+06
1.05614e+06
1.05614e+06
1.05614e+06
913512
913512
913512
913512
509462
386113
386113
386113
386113
133918
133918
133918
133918
133918
133918
133918
133918
118532
68277.1
54929.6
54929.6
54929.6
54929.6
54929.6
54929.6
43354.1
30424.4
23513.5
23513.5
23513.5
23513.5
23513.5
23513.5
23513.5
23513.5
23513.5
11763.1
11763.1
6104.53
6104.53
6104.53
6104.53
6104.53
6104.53
6104.53
4567.86
4567.86
4360.19
4360.19
4360.19
3641.03
3641.03
3428.33
3264.14
2008.52
1801.45
1066.69
1013.84
928.767
928.767
928.767
885.533
885.533
885.533
636.423
559.488
559.488
504.327
504.327
504.327
504.327
504.327
504.327
487.511
480.958
470.897
428.48
394.99
390.091
368.958
333.857
284.128
244.821
243.663
220.973
189.917
189.917
189.917
189.917
189.917
189.917
189.917
189.917
169.162
169.162
169.162
169.162
169.162
165.876
151.091
148.693
128.413
128.413
124.173
124.173
124.173
119.671
119.671
119.671
119.671
119.671
118.229
117.293
107.99
104.117
104.117
103.097
103.097
103.097
100.922
100.922
100.922
98.8464
98.8464
98.8464
98.3523
97.0524
96.2392
96.2392
96.2392
96.2392
96.2392
96.2392
96.2392
96.2392
95.9769
95.3687
94.7565
94.3279
93.7979
93.4621
93.4621
93.3574
93.3574
93.3574
93.1275
93.1275
93.1275
93.0659
93.047
92.6453
92.5589
92.3823
92.3823
92.2148
92.2148
92.1796
92.1098
91.9648
91.8281
91.703
91.6475
91.6174
91.5558
91.4721
91.4182
91.4038
91.3257
91.2722
91.2722
91.2403
91.1828
91.1804
91.1804
91.0952
91.0573
91.0339
90.9615
90.9369
90.8745
90.8437
90.7777
90.7485
90.7046
90.6762
90.6266
90.6035
90.576
90.5275
90.4865
90.4392
90.4107
90.3483
90.3294
90.3033
90.2727
90.2367
90.204
90.1659
90.1498
90.1089
90.0701
90.0428
90.0175
89.9816
89.955
89.9299
89.8971
89.8725
89.8334
89.8087
89.7775
89.7425
89.7137
89.6916
89.6615
89.6286
89.6015
89.5725
89.5487
89.5154
89.4929
89.4631
89.4357
89.4095
89.3783
89.351
89.3211
89.2924
89.2652
89.2344
89.2056
89.1766
89.152
89.1218
89.0958
89.0702
89.0387
89.0114
88.9806
88.953
88.9222
88.8922
88.8633
88.8338
88.8021
88.7724
88.7391
88.7046
88.6794
88.651
88.6219
88.5898
88.5533
88.5272
88.4977
88.4645
88.4355
88.4032
88.3679
88.3386
88.3109
88.2782
88.2479
88.2173
88.1848
88.154
88.1221
88.0915
88.0596
88.0297
88.0004
87.9716
87.9386
87.9053
87.8753
87.8437
87.8118
87.7812
87.7485
87.7152
87.6874
87.6532
87.6224
87.5878
87.5579
87.5231
87.4933
87.4624
87.4257
87.3968
87.3657
87.3374
87.3055
87.2751
87.2445
87.2157
87.1886
87.1563
87.1248
87.0969
87.0677
87.031
86.995
86.9665
86.9313
86.8994
86.8631
86.8338
86.8037
86.7696
86.7412
86.71
86.6745
86.6487
86.6164
86.587
86.5536
86.5198
86.4865
86.4573
86.4277
86.3969
86.3672
86.3364
86.3078
86.2754
86.249
86.223
86.1942
86.1678
86.1406
86.1167
86.089
86.066
86.0378
86.0117
85.9853
85.9639
85.9388
85.911
85.8701
85.8546
85.8223
85.7897
85.7537
85.7195
85.6849
85.6434
85.6075
85.5706
85.5355
85.4995
85.4681
85.4335
85.3971
85.3648
85.3293
85.2944
85.2579
85.2187
85.1849
85.1487
85.1138
85.0755
85.0421
85.0008
84.9708
84.9308
84.8932
84.8619
84.8232
84.7888
84.7539
84.718
84.6807
84.6438
84.6054
84.5664
84.5239
84.4928
84.4554
84.4157
84.3782
84.346
84.3015
84.2671
84.2298
84.1882
84.1568
84.1181
84.0808
84.0371
83.9961
83.9633
83.9213
83.879
83.8384
83.7942
83.7537
83.7113
83.6684
83.6233
83.5739
83.5292
83.4877
83.4381
83.3891
83.3446
83.2977
83.2504
83.204
83.1597
83.1075
83.0694
83.0238
82.9813
82.9304
82.8898
82.85
82.8058
82.7533
82.7102
82.6611
82.619
82.577
82.5276
82.4884
82.4371
82.3934
82.3456
82.3033
82.2579
82.214
82.1713
82.1334
82.0818
82.0391
82.0053
81.9595
81.9227
81.8776
81.8405
81.8012
81.7562
81.7234
81.681
81.6557
81.6084
81.5685
81.5341
81.496
81.4574
81.4156
81.3773
81.3372
81.3028
81.26
81.222
81.1851
81.1413
81.1009
81.0595
81.0183
80.9754
80.9375
80.8955
80.8579
80.8166
80.7752
80.7388
80.6939
80.6618
80.6213
80.5753
80.5323
80.4929
80.4503
80.41
80.3708
80.3294
80.293
80.253
80.2172
80.1811
80.1365
80.0978
80.0634
80.0241
79.9824
79.9454
79.9029
79.8651
79.8282
79.7793
79.7405
79.7033
79.6619
79.6182
79.5719
79.5299
79.4874
79.4447
79.4034
79.3584
79.3119
79.266
79.2253
79.1827
79.138
79.093
79.0479
78.9988
78.9515
78.9127
78.8635
78.8233
78.7769
78.7347
78.6927
78.6477
78.6006
78.561
78.5195
78.4793
78.4363
78.3973
78.355
78.314
78.2709
78.2371
78.2036
78.1689
78.1368
78.1001
78.0707
78.0368
78.0097
77.9774
77.9433
77.9147
77.8834
77.8503
77.8172
77.7796
77.749
77.7126
77.6796
77.6407
77.6079
77.5741
77.5412
77.514
77.4817
77.4536
77.4199
77.3961
77.3686
77.3424
77.3183
77.2929
77.2691
77.2452
77.2236
77.2051
77.1865
77.1678
77.1501
77.1336
77.1209
77.1066
77.0953
77.0848
77.078
77.0714
77.0663
77.0623
77.0589
77.0567
77.0563
77.0553
77.0553
77.0549
77.0538
77.0538
77.0538
77.0538
77.0538
77.0538
77.0538
77.0525
77.0508
77.0495
77.046
77.0444
77.0398
77.0372
77.0339
77.0302
77.0257
77.0214
77.0153
77.0104
77.0064
77.0015
76.9966
76.9911
76.9872
76.9826
76.9775
76.9727
76.9686
76.9643
76.9594
76.9548
76.9497
76.9454
76.9409
76.9368
76.9327
76.9284
76.9232
76.9193
76.9152
76.9102
76.9062
76.9014
76.8965
76.8916
76.8872
76.8813
76.876
76.8714
76.8653
76.8593
76.8543
76.8478
76.8416
76.836
76.8291
76.8232
76.8157
76.8099
76.8026
76.7954
76.7884
76.7806
76.7723
76.7651
76.7569
76.747
76.7389
76.7285
76.7193
76.7096
76.6999
76.6886
76.6793
76.6653
76.6551
76.6452
76.6321
76.6175
76.607
76.5938
76.5771
76.5692
76.5555
76.5424
76.5264
76.5157
76.5031
76.4879
76.4752
76.4632
76.4502
76.4376
76.4236
76.4101
76.3951
76.3828
76.3691
76.3551
76.3405
76.3259
76.3128
76.2955
76.2812
76.268
76.2513
76.2316
76.2167
76.2021
76.1856
76.1693
76.1542
76.1368
76.1182
76.1001
76.0824
76.0663
76.0484
76.0287
76.0115
75.9858
75.9731
75.9559
75.9339
75.9178
75.8983
75.8787
75.8582
75.8371
75.8196
75.8017
75.7812
75.7602
75.741
75.7217
75.7044
75.6838
75.6638
75.6468
75.6301
75.6084
75.5896
75.5709
75.5516
75.5346
75.5135
75.4959
75.4739
75.4551
75.4364
75.4163
75.3961
75.3745
75.357
75.3389
75.3183
75.2965
75.2786
75.2579
75.2384
75.2199
75.1989
75.1805
75.1601
75.1416
75.1213
75.1029
75.0818
75.0646
75.0491
75.0289
75.0121
74.9956
74.9752
74.9573
74.9381
74.9194
74.9035
74.8852
74.8679
74.8503
74.8328
74.813
74.7991
74.7833
74.765
74.7484
74.7318
74.7139
74.6969
74.6803
74.6593
74.6426
74.6257
74.6087
74.5896
74.5726
74.5509
74.5356
74.5166
74.4971
74.4759
74.4578
74.4384
74.4151
74.3988
74.3789
74.3578
74.3385
74.31
74.2916
74.2679
74.2477
74.2254
74.2015
74.1792
74.1572
74.1359
74.1126
74.0942
74.0711
74.0508
74.0299
74.0077
73.985
73.9603
73.9377
73.9154
73.8939
73.8686
73.8481
73.8251
73.8006
73.7775
73.7517
73.7314
73.7052
73.6827
73.6593
73.6358
73.6104
73.589
73.5657
73.5423
73.5204
73.4953
73.4723
73.4496
73.428
73.406
73.3834
73.3592
73.34
73.3146
73.2879
73.2675
73.2405
73.2155
73.1915
73.1617
73.1378
73.1079
73.0834
73.055
73.0286
72.9978
72.9719
72.9472
72.9183
72.8918
72.8659
72.837
72.8141
72.7844
72.7591
72.7318
72.7104
72.6838
72.6584
72.6301
72.6059
72.5832
72.5591
72.5329
72.509
72.4842
72.4595
72.4326
72.4111
72.3862
72.3621
72.3389
72.3166
72.2911
72.2648
72.2443
72.2193
72.1972
72.1729
72.1492
72.1293
72.102
72.0842
72.0609
72.0327
72.015
71.9902
71.9629
71.9365
71.9162
71.8916
71.8671
71.8408
71.8147
71.7851
71.7606
71.7342
71.7073
71.6792
71.65
71.6238
71.5958
71.5676
71.5386
71.5131
71.484
71.455
71.427
71.3966
71.3683
71.3362
71.3096
71.2758
71.2457
71.215
71.1842
71.1546
71.1222
71.0949
71.0625
71.0333
71
70.9634
70.9326
70.8959
70.8638
70.8265
70.7931
70.7531
70.7219
70.6837
70.6518
70.6171
70.5823
70.5422
70.5092
70.4663
70.4332
70.3939
70.3562
70.3078
70.2677
70.2268
70.1883
70.1437
70.1035
70.0543
70.0206
69.9798
69.9372
69.8957
69.8538
69.8104
69.7702
69.7285
69.6903
69.6501
69.6073
69.559
69.5189
69.4749
69.4306
69.3885
69.3442
69.302
69.2505
69.2062
69.1583
69.1136
69.0646
69.022
68.972
68.9257
68.8743
68.83
68.7773
68.729
68.6772
68.6269
68.5732
68.5224
68.464
68.4127
68.3611
68.3091
68.2511
68.1901
68.1345
68.0797
68.0216
67.9614
67.8929
67.8413
67.7737
67.7173
67.6551
67.5946
67.5338
67.4681
67.3994
67.3289
67.2543
67.1763
67.1123
67.0347
66.9495
66.8692
66.7843
66.6849
66.5911
66.5049
66.4022
66.2836
66.1956
66.0965
65.9836
65.8826
65.7582
65.6347
65.4788
65.3647
65.2087
65.0635
64.895
64.7129
64.5277
64.3301
64.145
63.9204
63.7061
63.4798
63.2237
62.8928
62.6663
62.3561
62.0356
61.7011
61.2514
60.8232
60.4242
59.9773
59.4513
58.8709
58.2755
57.61
56.8583
56.1584
55.2108
54.2655
53.1495
52.0223
50.971
49.5523
48.2544
46.7099
44.8992
43.0795
40.9769
38.5981
36.2342
32.9771
30.4157
26.5651
23.7999
20.8522
18.0788
15.8063
14.1113
13.1606
12.2773
11.7895
11.271
10.8591
10.435
10.435
10.435
10.435
10.435
10.39
10.39
9.86795
9.7962
9.36576
9.32044
9.24681
9.24681
9.24024
9.24024
9.22364
9.22364
9.14393
9.04004
9.04004
8.96397
8.96206
8.89168
8.86743
8.82265
8.82265
8.78375
8.76699
8.74944
8.73603
8.71477
8.71286
8.70562
8.70001
8.69917
8.6857
8.67824
8.66591
8.64957
8.64792
8.63039
8.62403
8.61208
8.5983
8.58221
8.56879
8.54819
8.5403
8.51412
8.50629
8.48762
8.46702
8.45304
8.4314
8.41208
8.39059
8.3692
8.34423
8.32313
8.30163
8.27485
8.25064
8.22845
8.20514
8.1813
8.16082
8.13447
8.1092
8.08467
8.05815
8.03305
8.00881
7.9823
7.95702
7.92964
7.90342
7.87859
7.84628
7.82402
7.79736
7.76767
7.73822
7.70852
7.67971
7.65125
7.62146
7.59054
7.56298
7.53223
7.50236
7.47219
7.44008
7.40792
7.37176
7.33704
7.30471
7.27113
7.23649
7.20046
7.16175
7.12718
7.08845
7.05416
7.01899
6.98473
6.9456
6.91182
6.8748
6.83921
6.79985
6.76334
6.72222
6.68158
6.6425
6.60571
6.56167
6.52199
6.47099
6.43349
6.38492
6.33729
6.29107
6.24532
6.20064
6.14892
6.10079
6.05807
6.00986
5.96636
5.91139
5.87664
5.82979
5.7824
5.73772
5.6946
5.64941
5.60363
5.55321
5.51394
5.4662
5.42188
5.37403
5.32935
5.28322
5.2389
5.18772
5.14394
5.10496
5.06128
5.01416
4.96909
4.92276
4.87619
4.83676
4.78514
4.74008
4.6887
4.63999
4.59442
4.54535
4.50569
4.45953
4.40951
4.36399
4.31756
4.26913
4.22168
4.17699
4.13292
4.09216
4.04735
4.00877
3.96716
3.92453
3.88169
3.8514
3.81368
3.76958
3.73684
3.70464
3.65824
3.6265
3.59335
3.55509
3.51935
3.47821
3.44709
3.41145
3.37268
3.34297
3.30855
3.26751
3.22862
3.19729
3.16181
3.1244
3.0931
3.0563
3.0208
2.98528
2.94532
2.90767
2.87723
2.83488
2.80362
2.76959
2.73033
2.69254
2.65832
2.62503
2.58903
2.54622
2.51841
2.48083
2.44263
2.39889
2.36815
2.33169
2.29482
2.24778
2.21914
2.17825
2.14196
2.10624
2.06982
2.03669
2.00155
1.96634
1.93174
1.90305
1.86322
1.83384
1.79794
1.76339
1.73259
1.69999
1.66748
1.63296
1.59979
1.56788
1.53335
1.49672
1.46516
1.43148
1.40464
1.37237
1.34038
1.30832
1.27225
1.24445
1.21017
1.17866
1.15063
1.11959
1.09318
1.0636
1.03515
1.00703
0.982814
0.958566
0.931637
0.907087
0.875789
0.856345
0.82939
0.806868
0.784519
0.758333
0.737364
0.712449
0.69331
0.674109
0.653987
0.633063
0.614218
0.595928
0.575128
0.559707
0.543562
0.527214
0.512002
0.495387
0.482796
0.46714
0.453265
0.441062
0.4277
0.416674
0.405354
0.394411
0.384031
0.375687
0.366188
0.356825
0.347869
0.338921
0.330094
0.322174
0.313853
0.306253
0.299775
0.292846
0.286055
0.279899
0.272359
0.266498
0.260767
0.254518
0.249043
0.242981
0.238226
0.232993
0.227181
0.222453
0.217915
0.21332
0.208538
0.204382
0.200119
0.195595
0.191349
0.187651
0.183822
0.180199
0.176627
0.173225
0.169463
0.16613
0.16321
0.159777
0.156971
0.154159
0.151182
0.148155
0.145333
0.142914
0.139853
0.137591
0.134918
0.13251
0.12999
0.127696
0.1252
0.123074
0.121018
0.118852
0.116757
0.114822
0.112393
0.110518
0.108696
0.10668
0.104632
0.102918
0.10084
0.0988989
0.0970493
0.0950114
0.0932396
0.0912575
0.0893691
0.0875227
0.0857135
0.0838752
0.0820742
0.0805122
0.0786504
0.0769699
0.0754547
0.073903
0.0724917
0.0708904
0.0695642
0.0680194
0.0666759
0.0652213
0.0639405
0.0625765
0.061389
0.0601996
0.058786
0.0576046
0.0564607
0.0553026
0.0541994
0.0530873
0.052168
0.0510896
0.0501107
0.0490931
0.048345
0.0474858
0.046524
0.0457552
0.0449331
0.0441381
0.0432771
0.042475
0.0416661
0.0409902
0.0403335
0.0396349
0.0388734
0.0383234
0.037629
0.0370047
0.0364446
0.0358237
0.0352807
0.0347518
0.0342199
0.0336992
0.0331479
0.0326265
0.0320825
0.0320825
0.0320825
0.0320825
0.0320825
0.0320825
0.0320825
0.0320825
0.0320825
0.0320825
0.0320825
0.0320825
0.0320825
0.0320825
0.0320825
0.0320825
0.0320825
0.0320825
0.0320825
0.0320825
0.0320825
0.0320825
0.0320825
0.0320825
0.0320825
0.0320825
0.0320825
0.0320825
0.0320825
0.0320825
0.0320825
0.0320825
0.0320825
0.0320825
0.0320825
0.0320825
0.0320825
0.0320825
0.0320825
0.0320825
0.0320825
0.0320825
0.0320825
0.0320825
0.0320825
0.0320825
0.0320825
0.0320825
0.0320825
0.0320825
0.0320825
0.0320825
0.0320825
0.0320825
0.0320825
0.0320825
0.0320825
0.0320825
0.0320825
0.0320825
0.0320825
0.0320825
0.0320825
0.0320825
0.0320825
0.0320825
0.0320825
0.0320825
0.0320825
0.0320825
0.0320825
0.0320825
0.0320825
0.0320825
0.0320825
0.0320825
0.0320825
0.0320825
0.0320825
0.0320825
0.0320825
0.0320825
0.0320825
0.0320825
0.0320825
0.0320825
0.0320825
0.0320825
0.0320825
0.0320825
0.0320825
0.0320825
0.0320825
0.0320825
0.0320825
0.0320825
0.0320825
0.0320825
0.0320825
0.0320825
0.0320825
0.0320825
0.0320825
0.0320825
0.0320825
0.0320825
0.0320825
0.0320825
0.0320825
0.0320825
0.0320825
0.0320825
0.0320825
0.0320825
0.0320825
0.0320825
0.0320825
0.0320825
0.0320825
0.0320825
0.0320825
0.0320825
0.0320825
0.0320825
0.0320825
0.0320825
0.0320825
0.0320825
0.0320825
0.0320825
0.0320825
0.0320825
0.0320825
0.0320825
0.0320825
0.0320825
0.0320825
0.0320825
0.0320825
0.0320825
0.0320825
0.0320825
0.0320825
0.0320825
0.0320825
0.0320825
0.0320825
0.0320825
0.0320825
0.0320825
0.0320825
0.0320825
0.0320825
0.0320825
0.0320825
0.0320825
0.0320825
0.0320825
0.0320825
0.0320825
0.0320825
0.0320825
0.0320825
0.0320825
0.0320825
0.0320825
0.0320825
0.0320825
0.0320825
0.0320825
0.0320825
0.0320825
0.0320825
0.0320825
0.0320825
0.0320825
0.0320825
0.0320825
0.0320825
0.0320825
0.0320825
0.0320825
0.0320825
0.0320825
0.0320825
0.0320825
0.0320825
0.0320825
0.0320825
0.0320825
0.0320825
0.0320825
0.0320825
0.0320825
0.0320825
0.0320825
0.0320825
0.0320825
0.0320825
0.0320825
0.0320825
0.0320825
0.0320825
0.0320825
0.0320825
0.0320825
0.0320825
0.0320825
0.0320825
0.0320825
0.0320825
0.0320825
0.0320825
0.0320825
0.0320825
0.0320825
0.0320825
0.0320825
0.0320825
0.0320825
0.0320825
0.0320825
0.0320825
0.0320825
0.0320825
0.0320825
0.0320825
0.0320825
0.0320825
0.0320825
0.0320825
0.0320825
0.0320825
0.0320825
0.0320825
0.0320825
0.0320825
0.0320825
0.0320825
0.0320825
0.0320825
0.0320825
0.0320825
0.0320825
0.0320825
0.0320825
0.0320825
0.0320825
0.0320825
0.0320825
0.0320825
0.0320825
0.0320825
0.0320825
0.0320825
0.0320825
0.0320825
0.0320825
0.0320825
0.0320825
0.0320825
0.0320825
0.0320825
0.0320825
0.0320825
0.0320825
0.0320825
0.0320825
0.0320825
0.0320825
0.0320825
0.0320825
0.0320825
0.0320825
0.0320825
0.0320825
0.0320825
0.0320825
0.0320825
0.0320825
0.0320825
0.0320825
0.0320825
0.0320825
0.0320825
0.0320825
0.0320825
0.0320825
0.0320825
0.0320825
0.0320825
0.0320825
0.0320825
0.0320825
0.0320825
0.0320825
0.0320825
0.0320825
0.0320825
0.0320825
0.0320825
0.0320825
0.0320825
0.0320825
0.0320825
0.0320825
0.0320825
0.0320825
0.0320825
0.0320825
0.0320825
0.0320825
0.0320825
0.0320825
0.0320825
0.0320825
0.0320825
0.0320825
0.0320825
0.0320825
0.0320825
0.0320825
0.0320825
0.0320825
0.0320825
0.0320825
0.0320825
0.0320825
0.0320825
0.0320825
0.0320825
0.0320825
0.0320825
0.0320825
0.0320825
0.0320825
0.0320825
0.0320825
0.0320825
0.0320825
0.0320825
0.0320825
0.0320825
0.0320825
0.0320825
0.0320825
0.0320825
0.0320825
0.0320825
0.0320825
0.0320825
0.0320825
0.0320825
0.0320825
0.0320825
0.0320825
0.0320825
0.0320825
0.0320825
0.0320825
0.0320825
0.0320825
0.0320825
0.0320825
0.0320825
0.0320825
0.0320825
0.0320825
0.0320825
0.0320825
0.0320825
0.0320825
0.0320825
0.0320825
0.0320825
0.0320825
0.0320825
0.0320825
0.0320825
0.0320825
0.0320825
0.0320825
0.0320825
0.0320825
0.0320825
0.0320825
0.0320825
0.0320825
0.0320825
0.0320825
0.0320825
0.0320825
0.0320825
0.0320825
0.0320825
0.0320825
0.0320825
0.0320825
0.0320825
0.0320825
0.0320825
0.0320825
0.0320825
0.0320825
0.0320825
0.0320825
0.0320825
0.0320825
0.0320825
0.0320825
0.0320825
0.0320825
0.0320825
0.0320825
0.0320825
0.0320825
0.0320825
0.0320825
0.0320825
0.0320825
0.0320825
0.0320825
0.0320825
0.0320825
0.0320825
0.0320825
0.0320825
0.0320825
0.0320825
0.0320825
0.0320825
0.0320825
0.0320825
0.0320825
0.0320825
0.0320825
0.0320825
0.0320825
0.0320825
0.0320825
0.0320825
0.0320825
0.0320825
0.0320825
0.0320825
0.0320825
0.0320825
0.0320825
0.0320825
0.0320825
0.0320825
0.0320825
0.0320825
0.0320825
0.0320825
0.0320825
0.0320825
0.0320825
0.0320825
0.0320825
0.0320825
0.0320825
0.0320825
0.0320825
0.0320825
0.0320825
0.0320825
0.0320825
0.0320825
0.0320825
0.0320825
0.0320825
0.0320825
0.0320825
0.0320825
0.0320825
0.0320825
0.0320825
0.0320825
0.0320825
0.0320825
0.0320825
0.0320825
0.0320825
0.0320825
0.0320825
0.0320825
0.0320825
0.0320825
0.0320825
0.0320825
0.0320825
0.0320825
0.0320825
0.0320825
0.0320825
0.0320825
0.0320825
0.0320825
0.0320825
0.0320825
0.0320825
0.0320825
0.0320825
0.0320825
0.0320825
0.0320825
0.0320825
0.0320825
0.0320825
0.0320825
0.0320825
0.0320825
0.0320825
0.0320825
0.0320825
0.0320825
0.0320825
0.0320825
0.0320825
0.0320825
0.0320825
0.0320825
0.0320825
0.0320825
0.0320825
0.0320825
0.0320825
0.0320825
0.0320825
0.0320825
0.0320825
0.0320825
0.0320825
0.0320825
0.0320825
0.0320825
0.0320825
0.0320825
0.0320825
0.0320825
0.0320825
0.0320825
0.0320825
0.0320825
0.0320825
0.0320825
0.0320825
0.0320825
0.0320825
0.0320825
0.0320825
0.0320825
0.0320825
0.0320825
0.0320825
0.0320825
0.0320825
0.0320825
0.0320825
0.0320825
0.0320825
0.0320825
0.0320825
0.0320825
0.0320825
0.0320825
0.0320825
0.0320825
0.0320825
0.0320825
0.0320825
0.0320825
0.0320825
0.0320825
0.0320825
0.0320825
0.0320825
0.0320825
0.0320825
0.0320825
0.0320825
0.0320825
0.0320825
0.0320825
0.0320825
0.0320825
0.0320825
0.0320825
0.0320825
0.0320825
0.0320825
0.0320825
0.0320825
0.0320825
0.0320825
0.0320825
0.0320825
0.0320825
0.0320825
0.0320825
0.0320825
0.0320825
0.0320825
0.0320825
0.0320825
0.0320825
0.0320825
0.0320825
0.0320825
0.0320825
0.0320825
0.0320825
0.0320825
0.0320825
0.0320825
0.0320825
0.0320825
0.0320825
0.0320825
0.0320825
0.0320825
0.0320825
0.0320825
0.0320825
0.0320825
0.0320825
0.0320825
0.0320825
0.0320825
0.0320825
0.0320825
0.0320825
0.0320825
0.0320825
0.0320825
0.0320825
0.0320825
0.0320825
0.0320825
0.0320825
0.0320825
0.0320825
0.0320825
0.0320825
0.0320825
0.0320825
0.0320825
0.0320825
0.0320825
0.0320825
0.0320825
0.0320825
0.0320825
0.0320825
0.0320825
0.0320825
0.0320825
0.0320825
0.0320825
0.0320825
0.0320825
0.0320825
0.0320825
0.0320825
0.0320825
0.0320825
0.0320825
0.0320825
0.0320825
0.0320825
0.0320825
0.0320825
0.0320825
0.0320825
0.0320825
0.0320825
0.0320825
0.0320825
0.0320825
0.0320825
0.0320825
0.0320825
0.0320825
0.0320825
0.0320825
0.0320825
0.0320825
0.0320825
0.0320825
0.0320825
0.0320825
0.0320825
0.0320825
0.0320825
0.0320825
0.0320825
0.0320825
0.0320825
0.0320825
0.0320825
0.0320825
0.0320825
0.0320825
0.0320825
0.0320825
0.0320825
0.0320825
0.0320825
0.0320825
0.0320825
0.0320825
0.0320825
0.0320825
0.0320825
0.0320825
0.0320825
0.0320825
0.0320825
0.0320825
0.0320825
0.0320825
0.0320825
0.0320825
0.0320825
0.0320825
0.0320825
0.0320825
0.0320825
0.0320825
0.0320825
0.0320825
0.0320825
0.0320825
0.0320825
0.0320825
0.0320825
0.0320825
0.0320825
0.0320825
0.0320825
0.0320825
0.0320825
0.0320825
0.0320825
0.0320825
0.0320825
0.0320825
0.0320825
0.0320825
0.0320825
0.0320825
0.0320825
0.0320825
0.0320825
0.0320825
0.0320825
0.0320825
0.0320825
0.0320825
0.0320825
0.0320825
0.0320825
0.0320825
0.0320825
0.0320825
0.0320825
0.0320825
0.0320825
0.0320825
0.0320825
0.0320825
0.0320825
0.0320825
0.0320825
0.0320825
0.0320825
0.0320825
0.0320825
0.0320825
0.0320825
0.0320825
0.0320825
0.0320825
0.0320825
0.0320825
0.0320825
0.0320825
0.0320825
0.0320825
0.0320825
0.0320825
0.0320825
0.0320825
0.0320825
0.0320825
0.0320825
0.0320825
0.0320825
0.0320825
0.0320825
0.0320825
0.0320825
0.0320825
0.0320825
0.0320825
0.0320825
0.0320825
0.0320825
0.0320825
0.0320825
0.0320825
0.0320825
0.0320825
0.0320825
0.0320825
0.0320825
0.0320825
0.0320825
0.0320825
0.0320825
0.0320825
0.0320825
0.0320825
0.0320825
0.0320825
0.0319786
0.0308101
0.0296562
0.0285534
0.0275633
0.0264471
0.0256287
0.0247326
0.0238358
0.0230757
0.0221895
0.0215691
0.0208154
0.0201884
0.0194914
0.0188964
0.0183413
0.0178187
0.0178187
0.0178187
0.0178187
0.0178187
0.0178187
0.0178187
0.0178187
0.0178187
0.0178187
0.0178187
0.0178187
0.0178187
0.0178187
0.0178187
0.0178187
0.0178187
0.0178187
0.0178187
0.0178187
0.0178187
0.0178187
0.0178187
0.0178187
0.0178187
0.0178187
0.0178187
0.0178187
0.0178187
0.0178187
0.0178187
0.0178187
0.0178187
0.0178187
0.0178187
0.0178187
0.0178187
0.0178187
0.0178187
0.0178187
0.0178187
0.0178187
0.0178187
0.0178187
0.0178187
0.0178187
0.0178187
0.0178187
0.0178187
0.0178187
0.0178187
0.0178187
0.0178187
0.0178187
0.0178187
0.0178187
0.0178187
0.0178187
0.0178187
0.0178187
0.0178187
0.0178187
0.0178187
0.0178187
0.0178187
0.0178187
0.0178187
0.0178187
0.0178187
0.0178187
0.0178187
0.0178187
0.0178187
0.0178187
0.0178187
0.0178187
0.0178187
0.0178187
0.0178187
0.0178187
0.0178187
0.0178187
0.0178187
0.0178187
0.0178187
0.0178187
0.0178187
0.0178187
0.0178187
0.0178187
0.0178187
0.0178187
0.0178187
0.0178187
0.0178187
0.0178187
0.0178187
0.0178187
0.0178187
0.0178187
0.0178187
0.0178187
0.0178187
0.0178187
0.0178187
0.0178187
0.0178187
0.0178187
0.0178187
0.0178187
0.0178187
0.0178187
0.0178187
0.0178187
0.0178187
0.0178187
0.0178187
0.0178187
0.0178187
0.0178187
0.0178187
0.0178187
0.0178187
0.0178187
0.0178187
0.0178187
0.0178187
0.0178187
0.0178187
0.0178187
0.0178187
0.0178187
0.0178187
0.0178187
0.0178187
0.0178187
0.0178187
0.0178187
0.0178187
0.0178187
0.0178187
0.0178187
0.0178187
0.0178187
0.0178187
0.0178187
0.0178187
0.0178187
0.0178187
0.0178187
0.0178187
0.0178187
0.0178187
0.0178187
0.0178187
0.0178187
0.0178187
0.0178187
0.0178187
0.0178187
0.0178187
0.0178187
0.0178187
0.0178187
0.0178187
0.0178187
0.0178187
0.0178187
0.0178187
0.0178187
0.0178187
0.0178187
0.0178187
0.0178187
0.0178187
0.0178187
0.0178187
0.0178187
0.0178187
0.0178187
0.0178187
0.0178187
0.0178187
0.0178187
0.0178187
0.0178187
0.0178187
0.0178187
0.0178187
0.0178187
0.0178187
0.0178187
0.0178187
0.0178187
0.0178187
0.0178187
0.0178187
0.0178187
0.0178187
0.0178187
0.0178187
0.0178187
0.0178187
0.0178187
0.0178187
0.0178187
0.0178187
0.0178187
0.0178187
0.0178187
0.0178187
0.0178187
0.0178187
0.0178187
0.0178187
0.0178187
0.0178187
0.0178187
0.0178187
0.0178187
0.0178187
0.0178187
0.0178187
0.0178187
0.0178187
0.0178187
0.0178187
0.0178187
0.0178187
0.0178187
0.0178187
0.0178187
0.0178187
0.0178187
0.0178187
0.0178187
0.0178187
0.0178187
0.0178187
0.0178187
0.0178187
0.0178187
0.0178187
0.0178187
0.0178187
0.0178187
0.0178187
0.0178187
0.0178187
0.0178187
0.0178187
0.0178187
0.0178187
0.0178187
0.0178187
0.0178187
0.0178187
0.0178187
0.0178187
0.0178187
0.0178187
0.0178187
0.0178187
0.0178187
0.0178187
0.0178187
0.0178187
0.0178187
0.0178187
0.0178187
0.0178187
0.0178187
0.0178187
0.0178187
0.0178187
0.0178187
0.0178187
0.0178187
0.0178187
0.0178187
0.0178187
0.0178187
0.0178187
0.0178187
0.0178187
0.0178187
0.0178187
0.0178187
0.0178187
0.0178187
0.0178187
0.0178187
0.0178187
0.0178187
0.0178187
0.0178187
0.0178187
0.0178187
0.0178187
0.0178187
0.0178187
0.0178187
0.0178187
0.0178187
0.0178187
0.0178187
0.0178187
0.0178187
0.0178187
0.0178187
0.0178187
0.0178187
0.0178187
0.0178187
0.0178187
0.0178187
0.0178187
0.0178187
0.0178187
0.0178187
0.0178187
0.0178187
0.0178187
0.0178187
0.0178187
0.0178187
0.0178187
0.0178187
0.0178187
0.0178187
0.0178187
0.0178187
0.0178187
0.0178187
0.0178187
0.0178187
0.0178187
0.0178187
0.0178187
0.0178187
0.0178187
0.0178187
0.0178187
0.0178187
0.0178187
0.0178187
0.0178187
0.0178187
0.0178187
0.0178187
0.0178187
0.0178187
0.0178187
0.0178187
0.0178187
0.0178187
0.0178187
0.0178187
0.0178187
0.0178187
0.0178187
0.0178187
0.0178187
0.0178187
0.0178187
0.0178187
0.0178187
0.0178187
0.0178187
0.0178187
0.0178187
0.0178187
0.0178187
0.0178187
0.0178187
0.0178187
0.0178187
0.0178187
0.0178187
0.0178187
0.0178187
0.0178187
0.0178187
0.0178187
0.0178187
0.0178187
0.0178187
0.0178187
0.0178187
0.0178187
0.0178187
0.0178187
0.0178187
0.0178187
0.0178187
0.0178187
0.0178187
0.0178187
0.0178187
0.0178187
0.0178187
0.0178187
0.0178187
0.0178187
0.0178187
0.0178187
0.0178187
0.0178187
0.0178187
0.0178187
0.0178187
0.0178187
0.0178187
0.0178187
0.0178187
0.0178187
0.0178187
0.0178187
0.0178187
0.0178187
0.0178187
0.0178187
0.0178187
0.0178187
0.0178187
0.0178187
0.0178187
0.0178187
0.0178187
0.0178187
