1.26649e+07
9.09645e+06
9.09645e+06
9.09645e+06
9.09645e+06
9.09645e+06
9.09645e+06
9.09645e+06
7.92902e+06
7.92902e+06
7.92902e+06
3.49703e+06
3.20651e+06
3.20651e+06
2.72282e+06
2.72282e+06
2.72282e+06
2.72282e+06
2.72282e+06
2.25204e+06
2.04762e+06
2.04732e+06
1.71605e+06
1.47127e+06
849231
614416
614416
614416
450469
270390
270390
270390
239488
172990
172990
172990
93642.3
93642.3
93642.3
93642.3
93642.3
71354.4
53646.3
32296.1
25813.7
25813.7
25813.7
25813.7
21177.7
21177.7
21177.7
21177.7
21014.3
17364.8
15265
14034.3
14034.3
11485.8
5602.81
5602.81
4461.99
4461.99
4461.99
3973.58
2710.44
2710.44
2710.44
2710.44
2710.44
2710.44
2180.35
1626.25
1626.25
1626.25
1626.25
1626.25
1626.25
1133.46
1133.46
1133.46
1097.37
1097.37
1097.37
1097.37
1097.37
1094.62
1058.53
974.983
835.503
835.503
617.378
555.659
555.659
555.659
535.25
535.25
467.469
467.469
455.288
419.623
400.276
400.276
400.276
384.658
384.658
331.267
331.267
324.92
291.399
291.399
263.392
263.392
219.281
219.281
219.281
219.281
219.281
219.281
219.281
219.281
202.613
198.714
190.75
164.674
164.674
164.674
157.987
154.369
148.793
135.064
135.064
135.064
135.064
135.064
135.064
131.782
131.782
131.782
129.163
127.808
125.259
120.727
116.195
114.781
112.247
108.433
108.242
106.736
105.319
102.984
100.19
100.19
100.19
100.186
99.7708
99.7708
98.8962
98.1249
98.1249
96.2172
95.5002
95.4333
94.7803
93.5783
93.4172
93.0074
92.2859
91.7886
91.5854
91.207
90.8509
90.4241
89.9058
89.9058
89.2038
88.8242
88.3752
88.2056
87.9107
87.548
87.4794
86.8692
86.8692
86.5674
86.5004
86.2144
86.0145
85.5569
85.2742
85.0492
84.6482
84.4386
83.984
83.6503
83.3821
83.0541
82.6987
82.3862
81.9658
81.5977
81.3079
80.9622
80.4932
80.0907
79.6492
79.2441
78.7208
78.327
77.7382
77.2371
76.6463
76.0947
75.4847
74.9242
74.3566
73.7762
73.255
72.615
72.1859
71.5462
70.976
70.3398
69.6833
68.9926
68.2696
67.5151
66.6829
65.9683
65.0827
64.1634
63.2818
62.3765
61.3338
60.3319
59.1654
58.1138
56.9979
55.7783
54.5907
53.2814
52.0158
50.8215
49.4521
47.9019
46.6686
45.2401
43.8277
42.4759
40.8443
39.3912
37.5988
36.3082
34.717
33.3405
32.2503
30.9796
29.9035
28.4965
27.7069
26.8664
26.3613
25.7389
25.5504
25.4474
25.2182
25.2182
25.2182
25.2182
25.2182
25.2182
25.2182
25.2182
25.2182
25.2177
25.0736
24.9503
24.8159
24.5912
24.5321
24.3127
24.3127
24.2379
24.2075
24.2075
24.1261
24.1179
24.0607
24.022
23.9745
23.919
23.8828
23.8507
23.8507
23.768
23.7395
23.7148
23.6505
23.6145
23.5689
23.5312
23.4842
23.4442
23.4184
23.3871
23.3599
23.3237
23.2772
23.2521
23.2191
23.1724
23.1382
23.0847
23.0597
23.0194
22.9782
22.9345
22.8997
22.8634
22.8183
22.7749
22.735
22.7061
22.6672
22.6312
22.5905
22.5508
22.5085
22.4713
22.4313
22.3956
22.3492
22.3233
22.283
22.246
22.2105
22.1703
22.138
22.0975
22.0609
22.0242
21.9862
21.95
21.9123
21.8789
21.8373
21.806
21.7645
21.7324
21.7007
21.6619
21.6227
21.5879
21.5446
21.5122
21.4706
21.4283
21.3949
21.3594
21.3206
21.2845
21.2437
21.2074
21.1705
21.1318
21.0906
21.0561
21.0166
20.9779
20.9433
20.9051
20.8616
20.8212
20.7873
20.7462
20.7087
20.6649
20.6298
20.5924
20.5536
20.5164
20.4766
20.4386
20.4018
20.3574
20.3223
20.2879
20.2424
20.2093
20.1739
20.1375
20.1025
20.0678
20.0278
19.998
19.9588
19.9283
19.8934
19.8625
19.8337
19.7999
19.7675
19.7375
19.7074
19.6756
19.6427
19.6099
19.5798
19.5473
19.5074
19.4804
19.4464
19.4043
19.3755
19.3358
19.3016
19.2671
19.2306
19.1904
19.1588
19.1201
19.0864
19.0543
19.0213
18.9915
18.9559
18.924
18.8906
18.8574
18.8208
18.7852
18.7519
18.722
18.6799
18.6491
18.6129
18.5811
18.5436
18.5037
18.4735
18.4374
18.3986
18.3564
18.3155
18.2789
18.2379
18.1997
18.1551
18.1192
18.0814
18.0432
18.0027
17.9658
17.9248
17.8861
17.8432
17.8079
17.7675
17.7315
17.6926
17.6555
17.6167
17.5796
17.5425
17.5037
17.468
17.4271
17.3865
17.3524
17.3092
17.2746
17.2272
17.1969
17.1551
17.1199
17.0756
17.033
16.9915
16.9475
16.9065
16.8632
16.8267
16.7812
16.7408
16.6981
16.655
16.6207
16.5791
16.5363
16.4967
16.4588
16.4157
16.371
16.3307
16.2933
16.2487
16.2121
16.1747
16.1372
16.0965
16.0626
16.0284
15.9971
15.9647
15.9391
15.9064
15.8771
15.8426
15.8152
15.765
15.7435
15.6996
15.6756
15.6248
15.5808
15.5302
15.4802
15.4437
15.4039
15.351
15.3163
15.2676
15.2264
15.1854
15.1411
15.1062
15.0559
15.0206
14.9837
14.9368
14.9036
14.8662
14.8246
14.781
14.7344
14.6882
14.6464
14.6012
14.5578
14.508
14.4688
14.4276
14.3803
14.3388
14.2948
14.2508
14.2056
14.1579
14.1168
14.07
14.0273
13.982
13.9363
13.8988
13.8558
13.8129
13.771
13.7304
13.6879
13.6434
13.6012
13.5597
13.5186
13.4764
13.433
13.3899
13.3501
13.3079
13.2696
13.2276
13.1806
13.1362
13.0973
13.0522
13.0016
12.9639
12.9203
12.8867
12.8409
12.8001
12.7631
12.7195
12.6859
12.6468
12.605
12.5674
12.5238
12.4917
12.4518
12.4112
12.3753
12.3297
12.2936
12.2556
12.2159
12.1799
12.1425
12.1037
12.0686
12.0275
11.9949
11.9593
11.9221
11.8779
11.847
11.8093
11.767
11.7268
11.6877
11.6534
11.6124
11.5775
11.5332
11.4983
11.4613
11.4199
11.3866
11.3518
11.3062
11.2729
11.2325
11.1945
11.1516
11.1146
11.0793
11.037
11.0015
10.962
10.9251
10.882
10.8466
10.808
10.7709
10.7326
10.6856
10.6457
10.6101
10.5709
10.5299
10.4875
10.446
10.3984
10.3625
10.3171
10.2746
10.2315
10.1964
10.1507
10.1097
10.0719
10.0294
9.98725
9.94448
9.90603
9.85963
9.81745
9.77855
9.72553
9.68561
9.63361
9.59072
9.55044
9.49953
9.45313
9.4042
9.3613
9.31324
9.26411
9.19756
9.1572
9.10858
9.05158
9.00653
8.95413
8.90303
8.85482
8.80112
8.75024
8.69077
8.64219
8.59271
8.53635
8.4884
8.43541
8.38654
8.33701
8.28068
8.23609
8.19395
8.15288
8.10149
8.05951
8.0149
7.97696
7.91418
7.88151
7.82536
7.77576
7.72542
7.67306
7.62113
7.56617
7.51896
7.47547
7.42824
7.38037
7.33141
7.2883
7.24088
7.1921
7.14439
7.09215
7.03603
6.99515
6.94567
6.91214
6.86532
6.80482
6.77221
6.71344
6.67657
6.62799
6.57587
6.53358
6.48123
6.43026
6.38446
6.33279
6.28186
6.23672
6.18685
6.13293
6.08115
6.04345
5.98157
5.94472
5.89744
5.83739
5.78729
5.7426
5.67392
5.63088
5.58321
5.53082
5.47981
5.41787
5.37256
5.32413
5.27543
5.2238
5.17741
5.12695
5.08166
5.03304
4.98394
4.93787
4.88865
4.84479
4.79835
4.75557
4.70654
4.66452
4.6147
4.56818
4.52405
4.47513
4.43694
4.38801
4.33748
4.29877
4.25673
4.20993
4.16124
4.1192
4.07784
4.03137
3.9864
3.9425
3.89424
3.85427
3.80801
3.76039
3.71444
3.66881
3.62509
3.57933
3.52312
3.48003
3.43772
3.38371
3.33201
3.28578
3.2385
3.18777
3.14154
3.09425
3.04427
2.99276
2.94477
2.89461
2.84953
2.80003
2.7509
2.69112
2.64751
2.59765
2.54498
2.49436
2.45105
2.3966
2.35661
2.30877
2.26112
2.21623
2.17601
2.12909
2.09455
2.05461
2.02287
1.978
1.95447
1.92172
1.88838
1.84947
1.81849
1.7783
1.74258
1.69739
1.65467
1.60673
1.5689
1.5163
1.46914
1.43605
1.39855
1.3644
1.32742
1.29552
1.26077
1.22768
1.19296
1.16419
1.13469
1.10982
1.0821
1.05654
1.02407
0.99676
0.971325
0.949112
0.926956
0.906229
0.885093
0.864388
0.840946
0.818793
0.80004
0.778308
0.754068
0.73963
0.719816
0.700137
0.685556
0.666518
0.648848
0.635263
0.619498
0.602005
0.586474
0.574008
0.558638
0.544206
0.530021
0.51324
0.501918
0.487768
0.475314
0.462658
0.449992
0.439478
0.426271
0.414972
0.404784
0.393971
0.383922
0.373265
0.362747
0.353615
0.343511
0.334764
0.326425
0.316166
0.307538
0.298602
0.290404
0.281259
0.274155
0.266501
0.25964
0.251864
0.244712
0.238362
0.232187
0.224688
0.21817
0.212161
0.206163
0.200274
0.1946
0.188798
0.184732
0.179179
0.174005
0.169872
0.16477
0.160413
0.156356
0.152087
0.14806
0.143948
0.140373
0.136736
0.132755
0.129344
0.125999
0.122513
0.119501
0.116186
0.11354
0.110942
0.108255
0.105303
0.102521
0.10031
0.0980428
0.0952002
0.0927575
0.0908663
0.0888632
0.0870075
0.0848276
0.0826834
0.0807392
0.0788755
0.077052
0.0753096
0.0734889
0.0716862
0.0702078
0.0685431
0.0667942
0.0653909
0.0638103
0.0623958
0.0608494
0.0596218
0.0580927
0.0569453
0.0557091
0.0545324
0.0532006
0.052174
0.0509703
0.0498161
0.0487647
0.0477723
0.0467587
0.0457026
0.0447727
0.0438931
0.0430329
0.0421331
0.0412812
0.0403621
0.0396171
0.0388367
0.0380638
0.0371733
0.0365148
0.0357795
0.0349454
0.0344033
0.0336857
0.0330629
0.0324453
0.0317079
0.0311521
0.0305901
0.0299842
0.0294589
0.0288105
0.0283079
0.0277317
0.027199
0.0267239
0.0261878
0.0256658
0.02518
0.0246977
0.0242033
0.0237222
0.0232414
0.0227803
0.0227803
0.0227803
0.0227803
0.0227803
0.0227803
0.0227803
0.0227803
0.0227803
0.0227803
0.0227803
0.0227803
0.0227803
0.0227803
0.0227803
0.0227803
0.0227803
0.0227803
0.0227803
0.0227803
0.0227803
0.0227803
0.0227803
0.0227803
0.0227803
0.0227803
0.0227803
0.0227803
0.0227803
0.0227803
0.0227803
0.0227803
0.0227803
0.0227803
0.0227803
0.0227803
0.0227803
0.0227803
0.0227803
0.0227803
0.0227803
0.0227803
0.0227803
0.0227803
0.0227803
0.0227803
0.0227803
0.0227803
0.0227803
0.0227803
0.0227803
0.0227803
0.0227803
0.0227803
0.0227803
0.0227803
0.0227803
0.0227803
0.0227803
0.0227803
0.0227803
0.0227803
0.0227803
0.0227803
0.0227803
0.0227803
0.0227803
0.0227803
0.0227803
0.0227803
0.0227803
0.0227803
0.0227803
0.0227803
0.0227803
0.0227803
0.0227803
0.0227803
0.0227803
0.0227803
0.0227803
0.0227803
0.0227803
0.0227803
0.0227803
0.0227803
0.0227803
0.0227803
0.0227803
0.0227803
0.0227803
0.0227803
0.0227803
0.0227803
0.0227803
0.0227803
0.0227803
0.0227803
0.0227803
0.0227803
0.0227803
0.0227803
0.0227803
0.0227803
0.0227803
0.0227803
0.0227803
0.0227803
0.0227803
0.0227803
0.0227803
0.0227803
0.0227803
0.0227803
0.0227803
0.0227803
0.0227803
0.0227803
0.0227803
0.0227803
0.0227803
0.0227803
0.0227803
0.0227803
0.0227803
0.0227803
0.0227803
0.0227803
0.0227803
0.0227803
0.0227803
0.0227803
0.0227803
0.0227803
0.0227803
0.0227803
0.0227803
0.0227803
0.0227803
0.0227803
0.0227803
0.0227803
0.0227803
0.0227803
0.0227803
0.0227803
0.0227803
0.0227803
0.0227803
0.0227803
0.0227803
0.0227803
0.0227803
0.0227803
0.0227803
0.0227803
0.0227803
0.0227803
0.0227803
0.0227803
0.0227803
0.0227803
0.0227803
0.0227803
0.0227803
0.0227803
0.0227803
0.0227803
0.0227803
0.0227803
0.0227803
0.0227803
0.0227803
0.0227803
0.0227803
0.0227803
0.0227803
0.0227803
0.0227803
0.0227803
0.0227803
0.0227803
0.0227803
0.0227803
0.0227803
0.0227803
0.0227803
0.0227803
0.0227803
0.0227803
0.0227803
0.0227803
0.0227803
0.0227803
0.0227803
0.0227803
0.0227803
0.0227803
0.0227803
0.0227803
0.0227803
0.0227803
0.0227803
0.0227803
0.0227803
0.0227803
0.0227803
0.0227803
0.0227803
0.0227803
0.0227803
0.0227803
0.0227803
0.0227803
0.0227803
0.0227803
0.0227803
0.0227803
0.0227803
0.0227803
0.0227803
0.0227803
0.0227803
0.0227803
0.0227803
0.0227803
0.0227803
0.0227803
0.0227803
0.0227803
0.0227803
0.0227803
0.0227803
0.0227803
0.0227803
0.0227803
0.0227803
0.0227803
0.0227803
0.0227803
0.0227803
0.0227803
0.0227803
0.0227803
0.0227803
0.0227803
0.0227803
0.0227803
0.0227803
0.0227803
0.0227803
0.0227803
0.0227803
0.0227803
0.0227803
0.0227803
0.0227803
0.0227803
0.0227803
0.0227803
0.0227803
0.0227803
0.0227803
0.0227803
0.0227803
0.0227803
0.0227803
0.0227803
0.0227803
0.0227803
0.0227803
0.0227803
0.0227803
0.0227803
0.0227803
0.0227803
0.0227803
0.0227803
0.0227803
0.0227803
0.0227803
0.0227803
0.0227803
0.0227803
0.0227803
0.0227803
0.0227803
0.0227803
0.0227803
0.0227803
0.0227803
0.0227803
0.0227803
0.0227803
0.0227803
0.0227803
0.0227803
0.0227803
0.0227803
0.0227803
0.0227803
0.0227803
0.0227803
0.0227803
0.0227803
0.0227803
0.0227803
0.0227803
0.0227803
0.0227803
0.0227803
0.0227803
0.0227803
0.0227803
0.0227803
0.0227803
0.0227803
0.0227803
0.0227803
0.0227803
0.0227803
0.0227803
0.0227803
0.0227803
0.0227803
0.0227803
0.0227803
0.0227803
0.0227803
0.0227803
0.0227803
0.0227803
0.0227803
0.0227803
0.0227803
0.0227803
0.0227803
0.0227803
0.0227803
0.0227803
0.0227803
0.0227803
0.0227803
0.0227803
0.0227803
0.0227803
0.0227803
0.0227803
0.0227803
0.0227803
0.0227803
0.0227803
0.0227803
0.0227803
0.0227803
0.0227803
0.0227803
0.0227803
0.0227803
0.0227803
0.0227803
0.0227803
0.0227803
0.0227803
0.0227803
0.0227803
0.0227803
0.0227803
0.0227803
0.0227803
0.0227803
0.0227803
0.0227803
0.0227803
0.0227803
0.0227803
0.0227803
0.0227803
0.0227803
0.0227803
0.0227803
0.0227803
0.0227803
0.0227803
0.0227803
0.0227803
0.0227803
0.0227803
0.0227803
0.0227803
0.0227803
0.0227803
0.0227803
0.0227803
0.0227803
0.0227803
0.0227803
0.0227803
0.0227803
0.0227803
0.0227803
0.0227803
0.0227803
0.0227803
0.0227803
0.0227803
0.0227803
0.0227803
0.0227803
0.0227803
0.0227803
0.0227803
0.0227803
0.0227803
0.0227803
0.0227803
0.0227803
0.0227803
0.0227803
0.0227803
0.0227803
0.0227803
0.0227803
0.0227803
0.0227803
0.0227803
0.0227803
0.0227803
0.0227803
0.0227803
0.0227803
0.0227803
0.0227803
0.0227803
0.0227803
0.0227803
0.0227803
0.0227803
0.0227803
0.0227803
0.0227803
0.0227803
0.0227803
0.0227803
0.0227803
0.0227803
0.0227803
0.0227803
0.0227803
0.0227803
0.0227803
0.0227803
0.0227803
0.0227803
0.0227803
0.0227803
0.0227803
0.0227803
0.0227803
0.0227803
0.0227803
0.0227803
0.0227803
0.0227803
0.0227803
0.0227803
0.0227803
0.0227803
0.0227803
0.0227803
0.0227803
0.0227803
0.0227803
0.0227803
0.0227803
0.0227803
0.0227803
0.0227803
0.0227803
0.0227803
0.0227803
0.0227803
0.0227803
0.0227803
0.0227803
0.0227803
0.0227803
0.0227803
0.0227803
0.0227803
0.0227803
0.0227803
0.0227803
0.0227803
0.0227803
0.0227803
0.0227803
0.0227803
0.0227803
0.0227803
0.0227803
0.0227803
0.0227803
0.0227803
0.0227803
0.0227803
0.0227803
0.0227803
0.0227803
0.0227803
0.0227803
0.0227803
0.0227803
0.0227803
0.0227803
0.0227803
0.0227803
0.0227803
0.0227803
0.0227803
0.0227803
0.0227803
0.0227803
0.0227803
0.0227803
0.0227803
0.0227803
0.0227803
0.0227803
0.0227803
0.0227803
0.0227803
0.0227803
0.0227803
0.0227803
0.0227803
0.0227803
0.0227803
0.0227803
0.0227803
0.0227803
0.0227803
0.0227803
0.0227803
0.0227803
0.0227803
0.0227803
0.0227803
0.0227803
0.0227803
0.0227803
0.0227803
0.0227803
0.0227803
0.0227803
0.0227803
0.0227803
0.0227803
0.0227803
0.0227803
0.0227803
0.0227803
0.0227803
0.0227803
0.0227803
0.0227803
0.0227803
0.0227803
0.0227803
0.0227803
0.0227803
0.0227803
0.0227803
0.0227803
0.0227803
0.0227803
0.0227803
0.0227803
0.0227803
0.0227803
0.0227803
0.0227803
0.0227803
0.0227803
0.0227803
0.0227803
0.0227803
0.0227803
0.0227803
0.0227803
0.0227803
0.0227803
0.0227803
0.0227803
0.0227803
0.0227803
0.0227803
0.0227803
0.0227803
0.0227803
0.0227803
0.0227803
0.0227803
0.0227803
0.0227803
0.0227803
0.0227803
0.0227803
0.0227803
0.0227803
0.0227803
0.0227803
0.0227803
0.0227803
0.0227803
0.0227803
0.0227803
0.0227803
0.0227803
0.0227803
0.0227803
0.0227803
0.0227803
0.0227803
0.0227803
0.0227803
0.0227803
0.0227803
0.0227803
0.0227803
0.0227803
0.0227803
0.0227803
0.0227803
0.0227803
0.0227803
0.0227803
0.0227803
0.0227803
0.0227803
0.0227803
0.0227803
0.0227803
0.0227803
0.0227803
0.0227803
0.0227803
0.0227803
0.0227803
0.0227803
0.0227803
0.0227803
0.0227803
0.0227803
0.0227803
0.0227803
0.0227803
0.0227803
0.0227803
0.0227803
0.0227803
0.0227803
0.0227803
0.0227803
0.0227803
0.0227803
0.0227803
0.0227803
0.0227803
0.0227803
0.0227803
0.0227803
0.0227803
0.0227803
0.0227803
0.0227803
0.0227803
0.0227803
0.0227803
0.0227803
0.0227803
0.0227803
0.0227803
0.0227803
0.0227803
0.0227803
0.0227803
0.0227803
0.0227803
0.0227803
0.0227803
0.0227803
0.0227803
0.0227803
0.0227803
0.0227803
0.0227803
0.0227803
0.0227803
0.0227803
0.0227803
0.0227803
0.0227803
0.0227803
0.0227803
0.0227803
0.0227803
0.0227803
0.0227803
0.0227803
0.0227803
0.0227803
0.0227803
0.0227803
0.0227803
0.0227803
0.0227803
0.0227803
0.0227803
0.0227803
0.0227803
0.0227803
0.0227803
0.0227803
0.0227803
0.0227803
0.0227803
0.0227803
0.0227803
0.0227803
0.0227803
0.0227803
0.0227803
0.0227803
0.0227803
0.0227803
0.0227803
0.0227803
0.0227803
0.0227803
0.0227803
0.0227803
0.0227803
0.0227803
0.0227803
0.0227803
0.0227803
0.0227803
0.0227803
0.0227803
0.0227803
0.0227803
0.0227803
0.0227803
0.0227803
0.0227803
0.0227803
0.0227803
0.0227803
0.0227803
0.0227803
0.0227803
0.0227803
0.0227803
0.0227803
0.0227803
0.0227803
0.0227803
0.0227803
0.0227803
0.0227803
0.0227803
0.0227803
0.0227803
0.0227803
0.0227803
0.0227803
0.0227803
0.0227803
0.0227803
0.0227803
0.0227803
0.0227803
0.0227803
0.0227803
0.0227803
0.0227803
0.0227803
0.0227803
0.0227803
0.0227803
0.0227803
0.0227803
0.0227803
0.0227803
0.0227803
0.0227803
0.0227803
0.0227803
0.0227803
0.0227803
0.0227803
0.0227803
0.0227803
0.0227803
0.0227803
0.0227803
0.0227803
0.0227803
0.0227803
0.0227803
0.0227803
0.0227803
0.0227803
0.0227803
0.0227803
0.0227803
0.0227803
0.0227803
0.0227803
0.0227803
0.0227803
0.0227803
0.0227803
0.0227803
0.0227803
0.0227803
0.0227803
0.0227803
0.0227803
0.0227803
0.0227803
0.0227803
0.0227803
0.0227803
0.0227803
0.0227803
0.0227803
0.0227803
0.0227803
0.0227803
0.0227803
0.0227803
0.0227803
0.0227803
0.0227803
0.0227803
0.0227803
0.0227803
0.0227803
0.0227803
0.0227803
0.0227803
0.0227803
0.0227803
0.0227803
0.0227803
0.0227803
0.0227803
0.0227803
0.0227803
0.0227803
0.0227803
0.0227803
0.0227803
0.0227803
0.0227803
0.0227803
0.0227803
0.0227803
0.0227803
0.0227803
0.0227803
0.0227803
0.0227803
0.0227803
0.0227803
0.0227803
0.0227803
0.0227803
0.0227803
0.0227803
0.0227803
0.0227803
0.0227803
0.0227803
0.0227803
0.0227803
0.0227803
0.0227803
0.0227803
0.0227803
0.0227803
0.0227803
0.0227803
0.0227803
0.0227803
0.0227803
0.0227803
0.0227803
0.0227803
0.0227803
0.0227803
0.0227803
0.0227803
0.0227803
0.0227803
0.0227803
0.0227803
0.0227803
0.0227803
0.0227803
0.0227803
0.0227803
0.0227803
0.0227803
0.0227803
0.0227803
0.0227803
0.0227803
0.0227803
0.0227803
0.0227803
0.0227803
0.0227803
0.0227803
0.0227803
0.0227803
0.0227803
0.0227803
0.0227803
0.0227803
0.0227803
0.0227803
0.0227803
0.0227803
0.0227803
0.0227803
0.0227803
0.0227803
0.0227803
0.0227803
0.0227803
0.0227803
0.0227803
0.0227803
0.0227803
0.0227803
0.0227803
0.0227803
0.0227803
0.0227803
0.0227803
0.0227803
0.0227803
0.0227803
0.0227803
0.0227803
0.0227803
0.0227803
0.0227803
0.0227803
0.0227803
0.0227803
0.0227803
0.0227803
0.0227803
0.0227803
0.0227803
0.0227803
0.0227803
0.0227803
0.0227803
0.0227803
0.0227803
0.0227803
0.0227803
0.0227803
0.0227803
0.0227803
0.0227803
0.0227803
0.0227803
0.0227803
0.0227803
0.0227803
0.0227803
0.0227803
0.0227803
0.0227803
0.0227803
0.0227803
0.0227803
0.0227803
0.0227803
0.0227803
0.0227803
0.0227803
0.0227803
0.0227803
0.0227803
0.0227803
0.0227803
0.0227803
0.0227803
0.0227803
0.0227803
0.0227803
0.0227803
0.0227803
0.0227803
0.0227803
0.0227803
0.0227803
0.0227803
0.0227803
0.0227803
0.0227803
0.0227803
0.0227803
0.0227803
0.0227803
0.0227803
0.0227803
0.0227803
0.0227803
0.0227803
0.0227803
0.0227803
0.0227803
0.0227803
0.0227803
0.0227803
0.0227803
0.0227803
0.0227803
0.0227803
0.0227803
0.0227803
0.0227803
0.0227803
0.0227803
0.0227803
0.0227803
0.0227803
0.0227803
0.0227803
0.0227803
0.0227803
0.0227803
0.0227803
0.0227803
0.0227803
0.0227803
0.0227803
0.0227803
0.0227803
0.0227803
0.0227803
0.0227803
0.0227803
0.0227803
0.0227803
0.0227803
0.0227803
0.0227803
0.0227803
0.0227803
0.0227803
0.0227803
0.0227803
0.0227803
0.0227803
0.0227803
0.0227803
0.0227803
0.0227803
0.0227803
0.0227803
0.0227803
0.0227803
0.0227803
0.0227803
0.0227803
0.0227803
0.0227803
0.0227803
0.0227803
0.0227803
0.0227803
0.0227803
0.0227803
0.0227803
0.0227803
0.0227803
0.0227803
0.0227803
0.0227803
0.0227803
0.0227803
0.0227803
0.0227803
0.0227803
0.0227803
0.0227803
0.0227803
0.0227803
0.0227803
0.0227803
0.0227803
0.0227803
0.0227803
0.0227803
0.0227803
0.0227803
0.0227803
0.0227803
0.0227803
0.0227803
0.0227803
0.0227803
0.0227803
0.0227803
0.0227803
0.0227803
0.0227803
0.0227803
0.0227803
0.0227803
0.0227803
0.0227803
0.0227803
0.0227803
0.0227803
0.0227803
0.0227803
0.0227803
0.0227803
0.0227803
0.0227803
0.0227803
0.0227803
0.0227803
0.0227803
0.0227803
0.0227803
0.0227803
0.0227803
0.0227803
0.0227803
0.0227803
0.0227803
0.0227803
0.0227803
0.0227803
0.0227803
0.0227803
0.0227803
0.0227803
0.0227803
0.0227803
0.0227803
0.0227803
0.0227803
0.0227803
0.0227803
0.0227803
0.0227803
0.0227803
0.0227803
0.0227803
0.0227803
0.0227803
0.0227803
0.0227803
0.0227803
0.0227803
0.0227803
0.0227803
0.0227803
0.0227803
0.0227803
0.0227803
0.0227803
0.0227803
0.0227803
0.0227803
0.0227803
0.0227803
0.0227803
0.0227803
0.0227803
0.0227803
0.0227803
0.0227803
0.0227803
0.0227803
0.0227803
0.0227803
0.0227803
0.0227803
0.0227803
0.0227803
0.0227803
0.0227803
0.0227803
0.0227803
0.0227803
0.0227803
0.0227803
0.0227803
0.0227803
0.0227803
0.0227803
0.0227803
0.0227803
0.0227803
0.0227803
0.0227803
0.0227803
0.0227803
0.0227803
0.0227803
0.0227803
0.0227803
0.0227803
0.0227803
0.0227803
0.0227803
0.0227803
0.0227803
0.0227803
0.0227803
0.0227803
0.0227803
0.0227803
0.0227803
0.0227803
0.0227803
0.0227803
0.0227803
0.0227803
0.0227803
0.0227803
0.0227803
0.0227803
0.0227803
0.0227803
0.0227803
0.0227803
0.0227803
0.0227803
0.0227803
0.0227803
0.0227803
0.0227803
0.0227803
0.0227803
0.0227803
0.0227803
0.0227803
0.0227803
0.0227803
0.0227803
0.0227803
0.0227803
0.0227803
0.0227803
0.0227803
0.0227803
0.0227803
0.0227803
0.0227803
0.0227803
0.0227803
0.0227803
0.0227803
0.0227803
0.0227803
0.0227803
0.0227803
0.0227803
0.0227803
0.0227803
0.0227803
0.0227803
0.0227803
0.0227803
0.0227803
0.0227803
0.0227803
0.0227803
0.0227803
0.0227803
0.0227803
0.0227803
0.0227803
0.0227803
0.0227803
0.0227803
0.0227803
0.0227803
0.0227803
0.0227803
0.0227803
0.0227803
0.0227803
0.0227803
0.0227803
0.0227803
0.0227803
0.0227803
0.0227803
0.0227803
0.0227803
0.0227803
0.0227803
0.0227803
0.0227803
0.0227803
0.0227803
0.0227803
0.0227803
0.0227803
0.0227803
0.0227803
0.0227803
0.0227803
0.0227803
0.0227803
0.0227803
0.0227803
0.0227803
0.0227803
0.0227803
0.0227803
0.0227803
0.0227803
0.0227803
0.0227803
0.0227803
0.0227803
0.0227803
0.0227803
0.0227803
0.0227803
0.0227803
0.0227803
0.0227803
0.0227803
0.0227803
0.0227803
0.0227803
0.0227803
0.0227803
0.0227803
0.0227803
0.0227803
0.0227803
0.0227803
0.0227803
0.0227803
0.0227803
0.0227803
0.0227803
0.0227803
0.0227803
0.0227803
0.0227803
0.0227803
0.0227803
0.0227803
0.0227803
0.0227803
0.0227803
0.0227803
0.0227803
0.0227803
0.0227803
0.0227803
0.0227803
0.0227803
0.0227803
0.0227803
0.0227803
0.0227803
0.0227803
0.0227803
0.0227803
0.0227803
0.0227803
0.0227803
0.0227803
0.0227803
0.0227803
0.0227803
0.0227803
0.0227803
0.0227803
0.0227803
0.0227803
0.0227803
0.0227803
0.0227803
0.0227803
0.0227803
0.0227803
0.0227803
0.0227803
0.0227803
0.0227803
0.0227803
0.0227803
0.0227803
0.0227803
0.0227803
0.0227803
0.0227803
0.0227803
0.0227803
0.0227803
0.0227803
0.0227803
0.0227803
0.0227803
0.0227803
0.0227803
0.0227803
0.0227803
0.0227803
0.0227803
0.0227803
0.0227803
0.0227803
0.0227803
0.0227803
0.0227803
0.0227803
0.0227803
0.0227803
0.0227803
0.0227803
0.0227803
0.0227803
0.0227803
0.0227803
0.0227803
0.0227803
0.0227803
0.0227803
0.0227803
0.0227803
0.0227803
0.0227803
0.0227803
0.0227803
0.0227803
0.0227803
0.0227803
0.0227803
0.0227803
0.0227803
0.0227803
0.0227803
0.0227803
0.0227803
0.0227803
0.0227803
0.0227803
0.0227803
0.0227803
0.0227803
0.0227803
0.0227803
0.0227803
0.0227803
0.0227803
0.0227803
0.0227803
0.0227803
0.0227803
0.0227803
0.0227803
0.0227803
0.0227803
0.0227803
0.0227803
0.0227803
0.0227803
0.0227803
0.0227803
0.0227803
0.0227803
0.0227803
0.0227803
0.0227803
0.0227803
0.0227803
0.0227803
0.0227803
0.0227803
0.0227803
0.0227803
0.0227803
0.0227803
0.0227803
0.0227803
0.0227803
0.0227803
0.0227803
0.0227803
0.0227803
0.0227803
0.0227803
0.0227803
0.0227803
0.0227803
0.0227803
0.0227803
0.0227803
0.0227803
0.0227803
0.0227803
0.0227803
0.0227803
0.0227803
0.0227803
0.0227803
0.0227803
0.0227803
0.0227803
0.0227803
0.0227803
0.0227803
0.0227803
0.0227803
0.0227803
0.0227803
0.0227803
0.0227803
0.0227803
0.0227803
0.0227803
0.0227803
0.0227803
0.0227803
0.0227803
0.0227803
0.0227803
0.0227803
0.0227803
0.0227803
0.0227803
0.0227803
0.0227803
0.0227803
0.0227803
0.0227803
0.0227803
0.0227803
0.0227803
0.0227803
0.0227803
0.0227803
0.0227803
0.0227803
0.0227803
0.0227803
0.0227803
0.0227803
0.0227803
0.0227803
0.0227803
0.0227803
0.0227803
0.0227803
0.0227803
0.0227803
0.0227803
0.0227803
0.0227803
0.0227803
0.0227803
0.0227803
0.0227803
0.0227803
0.0227803
0.0227803
0.0227803
0.0227803
0.0227803
0.0227803
0.0227803
0.0227803
0.0227803
0.0227803
0.0227803
0.0227803
0.0227803
0.0227803
0.0227803
0.0227803
0.0227803
0.0227803
0.0227803
0.0227803
0.0227803
0.0227803
0.0227803
0.0227803
0.0227803
0.0227803
0.0227803
0.0227803
0.0227803
0.0227803
0.0227803
0.0227803
0.0227803
0.0227803
0.0227803
0.0227803
0.0227803
0.0227803
0.0227803
0.0227803
0.0227803
0.0227803
0.0227803
0.0227803
0.0227803
0.0227803
0.0227803
0.0227803
0.0227803
0.0227803
0.0227803
0.0227803
0.0227803
0.0227803
0.0227803
0.0227803
0.0227803
0.0227803
0.0227803
0.0227803
0.0227803
0.0227803
0.0227803
0.0227803
0.0227803
0.0227803
0.0227803
0.0227803
0.0227803
0.0227803
0.0227803
0.0227803
0.0227803
0.0227803
0.0227803
0.0227803
0.0227803
0.0227803
0.0227803
0.0227803
0.0227803
0.0227803
0.0227803
0.0227803
0.0227803
0.0227803
0.0227803
0.0227803
0.0227803
0.0227803
0.0227803
0.0227803
0.0227803
0.0227803
0.0227803
0.0227803
0.0227803
0.0227803
0.0227803
0.0227803
0.0227803
0.0227803
0.0227803
0.0227803
0.0227803
0.0227803
0.0227803
0.0227803
0.0227803
0.0227803
0.0227803
0.0227803
0.0227803
0.0227803
0.0227803
0.0227803
0.0227803
0.0227803
0.0227803
0.0227803
0.0227803
0.0227803
0.0227803
0.0227803
0.0227803
0.0227803
0.0227803
0.0227803
0.0227803
0.0227803
0.0227803
0.0227803
0.0227803
0.0227803
0.0227803
0.0227803
0.0227803
0.0227803
0.0227803
0.0227803
0.0227803
0.0227803
0.0227803
0.0227803
0.0227803
0.0227803
0.0227803
0.0227803
0.0227803
0.0227803
0.0227803
0.0227803
0.0227803
0.0227803
0.0227803
0.0227803
0.0227803
0.0227803
0.0227803
0.0227803
0.0227803
0.0227803
0.0227803
0.0227803
0.0227803
0.0227803
0.0227803
0.0227803
0.0227803
0.0227803
0.0227803
0.0227803
0.0227803
0.0227803
0.0227803
0.0227803
0.0227803
0.0227803
0.0227803
0.0227803
0.0227803
0.0227803
0.0227803
0.0227803
0.0227803
0.0227803
0.0227803
0.0227803
0.0227803
0.0227803
0.0227803
0.0227803
0.0227803
0.0227803
0.0227803
0.0227803
0.0227803
0.0227803
0.0227803
0.0227803
0.0227803
0.0227803
0.0227803
0.0227803
0.0227803
0.0227803
0.0227803
0.0227803
0.0227803
0.0227803
0.0227803
0.0227803
0.0227803
0.0227803
0.0227803
0.0227803
0.0227803
0.0227803
0.0227803
0.0227803
0.0227803
0.0227803
0.0227803
0.0227803
0.0227803
0.0227803
0.0227803
0.0227803
0.0227803
