1.56329e+07
1.47515e+07
6.35922e+06
5.13397e+06
5.13397e+06
5.13397e+06
5.13397e+06
5.13397e+06
5.13397e+06
2.78361e+06
2.21178e+06
2.21178e+06
2.21178e+06
2.21178e+06
2.21178e+06
2.21178e+06
717461
717461
717461
508777
494680
404054
404054
203785
203785
203785
203785
203785
203785
203785
146562
97689
97689
95519.9
75318.2
63560.8
63560.8
63560.8
56017.3
56017.3
47521
42695.6
39259.5
15632.8
15632.8
15632.8
15632.8
15632.8
15632.8
10778.6
10778.6
8266.94
8266.94
6784.77
6784.77
6556.66
5483.22
5483.22
3736.66
3569.9
3303.31
3303.31
3303.31
2703.68
2656.2
2299.67
2299.67
1515.55
1515.55
1452.42
1414.43
1238.43
1238.43
1238.43
952.199
952.199
952.199
952.199
952.199
952.199
844.693
844.693
735.215
693.16
693.16
579.757
579.757
553.394
544.097
416.737
416.737
416.737
416.737
416.737
416.737
382.518
330.295
330.295
330.295
330.295
322.067
322.067
322.067
321.75
306.524
306.524
299.408
298.229
292.039
291.007
288.958
269.834
266.027
239.548
237.694
227.76
226.17
226.17
226.17
221.148
217.339
196.444
196.444
188.746
188.746
174.961
174.961
174.961
174.961
174.961
172.247
169.224
168.959
168.311
165.39
164.034
159.346
159.159
155.633
154.433
153.575
152.887
151.181
149.68
148.252
148.252
148.252
148.252
146.864
145.575
145.575
143.713
143.107
142.125
141.251
140.668
139.706
139.706
139.511
138.598
137.734
137.725
136.778
135.866
135.606
134.618
134.127
133.438
132.733
131.933
130.898
130.118
129.494
128.643
127.972
127.32
126.732
125.973
125.107
124.405
123.648
122.969
122.211
121.514
120.847
120.155
119.258
118.274
117.523
116.289
115.514
114.631
113.96
112.837
111.97
110.877
109.84
108.678
107.619
106.46
105.044
103.825
102.581
101.111
99.5956
98.0911
96.2091
94.5734
92.9362
90.8018
88.7139
86.6733
84.5562
82.343
79.9556
77.4999
74.5603
72.4966
69.9992
66.7261
64.2575
61.3247
58.1009
54.7498
50.3104
46.983
42.9062
39.0617
34.7583
30.9013
28.303
26.2599
25.4156
25.4156
25.4156
25.4156
25.4156
25.4156
25.4156
25.4156
25.4156
25.4156
25.4156
25.4156
25.4156
25.4156
25.4156
25.4156
25.4156
25.4156
25.4156
25.3936
25.2855
24.9966
24.5892
24.4996
24.4446
24.2916
24.2792
24.2415
24.1923
24.1458
24.1458
24.1271
24.0977
24.0328
23.9716
23.8103
23.8103
23.7815
23.7047
23.6751
23.5737
23.5737
23.5442
23.5022
23.461
23.455
23.419
23.3829
23.362
23.3249
23.3066
23.2586
23.2471
23.2083
23.174
23.1482
23.115
23.0972
23.0732
23.0429
23.0159
22.9945
22.9707
22.9401
22.9168
22.8958
22.8647
22.843
22.819
22.7916
22.7646
22.7392
22.7112
22.6904
22.6616
22.6371
22.6073
22.5833
22.5536
22.5295
22.5017
22.475
22.4504
22.4179
22.3921
22.3654
22.3375
22.3111
22.2854
22.2555
22.231
22.2044
22.1778
22.1493
22.1206
22.0956
22.0679
22.0406
22.016
21.9871
21.9621
21.9355
21.9047
21.8784
21.8519
21.8262
21.7977
21.7731
21.7451
21.7211
21.6944
21.6711
21.6453
21.6223
21.596
21.5709
21.5436
21.5203
21.4963
21.4659
21.4393
21.4102
21.3823
21.3474
21.3232
21.2965
21.2646
21.239
21.2043
21.1766
21.1452
21.1135
21.0855
21.0569
21.028
20.9983
20.9646
20.9357
20.9022
20.8701
20.8407
20.8106
20.7794
20.7481
20.7171
20.6838
20.6541
20.6213
20.5907
20.5594
20.5271
20.4978
20.465
20.4365
20.4013
20.3716
20.3394
20.3075
20.2751
20.2437
20.2109
20.1772
20.1422
20.1084
20.0797
20.0455
20.008
19.9764
19.9381
19.9092
19.8742
19.8432
19.8061
19.764
19.7252
19.6911
19.6559
19.6196
19.5769
19.5412
19.5042
19.4633
19.428
19.3926
19.3514
19.3169
19.277
19.2425
19.2008
19.1661
19.1273
19.0939
19.0588
19.0235
18.9907
18.9429
18.9141
18.8721
18.8329
18.789
18.7533
18.711
18.6731
18.635
18.5981
18.5633
18.5181
18.4831
18.4472
18.4084
18.3693
18.3271
18.2906
18.2545
18.2107
18.1764
18.1349
18.0978
18.0493
18.0214
17.9833
17.9345
17.8964
17.8534
17.8075
17.7557
17.72
17.6771
17.6327
17.5911
17.5416
17.501
17.4581
17.4161
17.3745
17.332
17.2765
17.244
17.1947
17.1545
17.1039
17.0622
17.0152
16.9746
16.9274
16.8896
16.8447
16.798
16.7644
16.7225
16.686
16.6458
16.6114
16.5699
16.5329
16.4932
16.4576
16.4152
16.378
16.3353
16.2909
16.2493
16.2053
16.1612
16.1174
16.071
16.0307
15.9847
15.9411
15.8947
15.8499
15.807
15.7526
15.7078
15.6644
15.6232
15.5737
15.5339
15.4939
15.446
15.4074
15.3573
15.3171
15.2651
15.2193
15.1749
15.1313
15.0816
15.0364
14.9845
14.9372
14.8893
14.8349
14.7832
14.7433
14.6875
14.6445
14.5948
14.5523
14.5064
14.449
14.3886
14.3446
14.2951
14.2542
14.1964
14.1539
14.1009
14.0432
14.0004
13.9519
13.9109
13.8592
13.8064
13.7497
13.7009
13.6348
13.5946
13.5356
13.4748
13.4178
13.3647
13.2985
13.2426
13.1857
13.1324
13.0743
13.0161
12.9599
12.9007
12.8493
12.785
12.739
12.6819
12.6274
12.5658
12.515
12.4507
12.3972
12.3423
12.2878
12.2365
12.1804
12.1327
12.0794
12.0313
11.9833
11.9315
11.8894
11.8391
11.7888
11.7513
11.6954
11.6588
11.6085
11.5621
11.5071
11.4695
11.4131
11.3669
11.3173
11.2654
11.2245
11.1793
11.1344
11.0921
11.0418
10.9941
10.9493
10.9143
10.872
10.8251
10.7707
10.7302
10.6833
10.6479
10.6007
10.5573
10.5154
10.4744
10.4311
10.3822
10.3395
10.3022
10.2543
10.2123
10.1743
10.1345
10.0895
10.0469
10.0081
9.95946
9.92458
9.87797
9.84027
9.79344
9.75288
9.70545
9.66475
9.61768
9.57565
9.53124
9.48876
9.45162
9.40964
9.36819
9.32868
9.27923
9.24523
9.20307
9.16209
9.11232
9.07569
9.03407
8.99368
8.95009
8.91417
8.87881
8.84018
8.80083
8.76336
8.72155
8.67948
8.6446
8.60835
8.5664
8.5274
8.48755
8.45293
8.41647
8.38106
8.33754
8.29851
8.26251
8.22223
8.1772
8.14143
8.10758
8.07097
8.03212
7.99785
7.96116
7.92857
7.89435
7.85619
7.82348
7.77978
7.7387
7.70285
7.65226
7.61242
7.57633
7.53309
7.49521
7.45545
7.41687
7.37113
7.32752
7.28408
7.24263
7.2038
7.16089
7.11525
7.07784
7.03461
6.99838
6.95099
6.91162
6.87361
6.83881
6.79438
6.75876
6.7179
6.68175
6.63152
6.60102
6.5531
6.51387
6.47075
6.42812
6.38964
6.3454
6.31057
6.26721
6.23068
6.19187
6.15687
6.11519
6.0812
6.04263
6.00693
5.97168
5.93422
5.89959
5.8641
5.83402
5.79924
5.76863
5.73369
5.69819
5.67302
5.63433
5.598
5.5598
5.52907
5.48635
5.45481
5.42008
5.38094
5.34809
5.31536
5.28445
5.25303
5.2188
5.19108
5.15827
5.13055
5.09705
5.06609
5.03714
5.0045
4.97368
4.93789
4.908
4.87539
4.8414
4.80603
4.77571
4.74167
4.70689
4.67067
4.63588
4.60704
4.56928
4.53335
4.50155
4.46574
4.43115
4.39556
4.35627
4.32168
4.28792
4.25063
4.21115
4.17986
4.13133
4.10366
4.07022
4.03435
3.99971
3.96334
3.92767
3.89085
3.85604
3.82272
3.7856
3.74812
3.71436
3.67775
3.63882
3.60685
3.56844
3.52758
3.49453
3.4582
3.41462
3.37852
3.34029
3.29701
3.25608
3.21182
3.17214
3.13398
3.09453
3.05324
3.01752
2.97037
2.93194
2.89281
2.84849
2.81083
2.7711
2.71746
2.68643
2.64118
2.59881
2.55908
2.51248
2.46267
2.41814
2.37553
2.33362
2.29125
2.24546
2.20273
2.15762
2.11499
2.07837
2.04366
2.00402
1.95844
1.9144
1.87793
1.83365
1.79232
1.74265
1.69528
1.65577
1.6089
1.56055
1.51999
1.47534
1.43038
1.38858
1.34395
1.29966
1.25485
1.20927
1.17138
1.12477
1.08324
1.05208
1.01519
0.977871
0.948093
0.912306
0.882951
0.85387
0.82307
0.795854
0.765722
0.736819
0.710302
0.677697
0.657216
0.62673
0.602245
0.577423
0.555574
0.531575
0.50997
0.487539
0.467118
0.446506
0.425193
0.409674
0.390227
0.371229
0.356468
0.340192
0.326192
0.311264
0.29799
0.284412
0.273147
0.26127
0.249454
0.239103
0.230338
0.220901
0.210386
0.200473
0.191476
0.184185
0.176388
0.168103
0.161162
0.156303
0.151694
0.144699
0.138344
0.133302
0.127521
0.122025
0.118296
0.112497
0.107939
0.104317
0.0997691
0.0962972
0.0925024
0.0887991
0.0855784
0.0826893
0.0800005
0.0771014
0.0743019
0.0720066
0.0685677
0.0671493
0.0649524
0.0627517
0.0610295
0.0589898
0.0571622
0.0557723
0.0540338
0.0524891
0.0512298
0.0494706
0.0482555
0.0467646
0.0456598
0.0444339
0.0433405
0.0420326
0.0409099
0.0398795
0.0389059
0.0379746
0.0371172
0.0362415
0.0353425
0.0348486
0.0340186
0.0333207
0.0326275
0.0319967
0.0313683
0.0308824
0.030346
0.0297432
0.0292885
0.0288092
0.02836
0.0279496
0.0274828
0.027127
0.0266965
0.0263544
0.0259327
0.0259327
0.0259327
0.0259327
0.0259327
0.0259327
0.0259327
0.0259327
0.0259327
0.0259327
0.0259327
0.0259327
0.0259327
0.0259327
0.0259327
0.0259327
0.0259327
0.0259327
0.0259327
0.0259327
0.0259327
0.0259327
0.0259327
0.0259327
0.0259327
0.0259327
0.0259327
0.0259327
0.0259327
0.0259327
0.0259327
0.0259327
0.0259327
0.0259327
0.0259327
0.0259327
0.0259327
0.0259327
0.0259327
0.0259327
0.0259327
0.0259327
0.0259327
0.0259327
0.0259327
0.0259327
0.0259327
0.0259327
0.0259327
0.0259327
0.0259327
0.0259327
0.0259327
0.0259327
0.0259327
0.0259327
0.0259327
0.0259327
0.0259327
0.0259327
0.0259327
0.0259327
0.0259327
0.0259327
0.0259327
0.0259327
0.0259327
0.0259327
0.0259327
0.0259327
0.0259327
0.0259327
0.0259327
0.0259327
0.0259327
0.0259327
0.0259327
0.0259327
0.0259327
0.0259327
0.0259327
0.0259327
0.0259327
0.0259327
0.0259327
0.0259327
0.0259327
0.0259327
0.0259327
0.0259327
0.0259327
0.0259327
0.0259327
0.0259327
0.0259327
0.0259327
0.0259327
0.0259327
0.0259327
0.0259327
0.0259327
0.0259327
0.0259327
0.0259327
0.0259327
0.0259327
0.0259327
0.0259327
0.0259327
0.0259327
0.0259327
0.0259327
0.0259327
0.0259327
0.0259327
0.0259327
0.0259327
0.0259327
0.0259327
0.0259327
0.0259327
0.0259327
0.0259327
0.0259327
0.0259327
0.0259327
0.0259327
0.0259327
0.0259327
0.0259327
0.0259327
0.0259327
0.0259327
0.0259327
0.0259327
0.0259327
0.0259327
0.0259327
0.0259327
0.0259327
0.0259327
0.0259327
0.0259327
0.0259327
0.0259327
0.0259327
0.0259327
0.0259327
0.0259327
0.0259327
0.0259327
0.0259327
0.0259327
0.0259327
0.0259327
0.0259327
0.0259327
0.0259327
0.0259327
0.0259327
0.0259327
0.0259327
0.0259327
0.0259327
0.0259327
0.0259327
0.0259327
0.0259327
0.0259327
0.0259327
0.0259327
0.0259327
0.0259327
0.0259327
0.0259327
0.0259327
0.0259327
0.0259327
0.0259327
0.0259327
0.0259327
0.0259327
0.0259327
0.0259327
0.0259327
0.0259327
0.0259327
0.0259327
0.0259327
0.0259327
0.0259327
0.0259327
0.0259327
0.0259327
0.0259327
0.0259327
0.0259327
0.0259327
0.0259327
0.0259327
0.0259327
0.0259327
0.0259327
0.0259327
0.0259327
0.0259327
0.0259327
0.0259327
0.0259327
0.0259327
0.0259327
0.0259327
0.0259327
0.0259327
0.0259327
0.0259327
0.0259327
0.0259327
0.0259327
0.0259327
0.0259327
0.0259327
0.0259327
0.0259327
0.0259327
0.0259327
0.0259327
0.0259327
0.0259327
0.0259327
0.0259327
0.0259327
0.0259327
0.0259327
0.0259327
0.0259327
0.0259327
0.0259327
0.0259327
0.0259327
0.0259327
0.0259327
0.0259327
0.0259327
0.0259327
0.0259327
0.0259327
0.0259327
0.0259327
0.0259327
0.0259327
0.0259327
0.0259327
0.0259327
0.0259327
0.0259327
0.0259327
0.0259327
0.0259327
0.0259327
0.0259327
0.0259327
0.0259327
0.0259327
0.0259327
0.0259327
0.0259327
0.0259327
0.0259327
0.0259327
0.0259327
0.0259327
0.0259327
0.0259327
0.0259327
0.0259327
0.0259327
0.0259327
0.0259327
0.0259327
0.0259327
0.0259327
0.0259327
0.0259327
0.0259327
0.0259327
0.0259327
0.0259327
0.0259327
0.0259327
0.0259327
0.0259327
0.0259327
0.0259327
0.0259327
0.0259327
0.0259327
0.0259327
0.0259327
0.0259327
0.0259327
0.0259327
0.0259327
0.0259327
0.0259327
0.0259327
0.0259327
0.0259327
0.0259327
0.0259327
0.0259327
0.0259327
0.0259327
0.0259327
0.0259327
0.0259327
0.0259327
0.0259327
0.0259327
0.0259327
0.0259327
0.0259327
0.0259327
0.0259327
0.0259327
0.0259327
0.0259327
0.0259327
0.0259327
0.0259327
0.0259327
0.0259327
0.0259327
0.0259327
0.0259327
0.0259327
0.0259327
0.0259327
0.0259327
0.0259327
0.0259327
0.0259327
0.0259327
0.0259327
0.0259327
0.0259327
0.0259327
0.0259327
0.0259327
0.0259327
0.0259327
0.0259327
0.0259327
0.0259327
0.0259327
0.0259327
0.0259327
0.0259327
0.0259327
0.0259327
0.0259327
0.0259327
0.0259327
0.0259327
0.0259327
0.0259327
0.0259327
0.0259327
0.0259327
0.0259327
0.0259327
0.0259327
0.0259327
0.0259327
0.0259327
0.0259327
0.0259327
0.0259327
0.0259327
0.0259327
0.0259327
0.0259327
0.0259327
0.0259327
0.0259327
0.0259327
0.0259327
0.0259327
0.0259327
0.0259327
0.0259327
0.0259327
0.0259327
0.0259327
0.0259327
0.0259327
0.0259327
0.0259327
0.0259327
0.0259327
0.0259327
0.0259327
0.0259327
0.0259327
0.0259327
0.0259327
0.0259327
0.0259327
0.0259327
0.0259327
0.0259327
0.0259327
0.0259327
0.0259327
0.0259327
0.0259327
0.0259327
0.0259327
0.0259327
0.0259327
0.0259327
0.0259327
0.0259327
0.0259327
0.0259327
0.0259327
0.0259327
0.0259327
0.0259327
0.0259327
0.0259327
0.0259327
0.0259327
0.0259327
0.0259327
0.0259327
0.0259327
0.0259327
0.0259327
0.0259327
0.0259327
0.0259327
0.0259327
0.0259327
0.0259327
0.0259327
0.0259327
0.0259327
0.0259327
0.0259327
0.0259327
0.0259327
0.0259327
0.0259327
0.0259327
0.0259327
0.0259327
0.0259327
0.0259327
0.0259327
0.0259327
0.0259327
0.0259327
0.0259327
0.0259327
0.0259327
0.0259327
0.0259327
0.0259327
0.0259327
0.0259327
0.0259327
0.0259327
0.0259327
0.0259327
0.0259327
0.0259327
0.0259327
0.0259327
0.0259327
0.0259327
0.0259327
0.0259327
0.0259327
0.0259327
0.0259327
0.0259327
0.0259327
0.0259327
0.0259327
0.0259327
0.0259327
0.0259327
0.0259327
0.0259327
0.0259327
0.0259327
0.0259327
0.0259327
0.0259327
0.0259327
0.0259327
0.0259327
0.0259327
0.0259327
0.0259327
0.0259327
0.0259327
0.0259327
0.0259327
0.0259327
0.0259327
0.0259327
0.0259327
0.0259327
0.0259327
0.0259327
0.0259327
0.0259327
0.0259327
0.0259327
0.0259327
0.0259327
0.0259327
0.0259327
0.0259327
0.0259327
0.0259327
0.0259327
0.0259327
0.0259327
0.0259327
0.0259327
0.0259327
0.0259327
0.0259327
0.0259327
0.0259327
0.0259327
0.0259327
0.0259327
0.0259327
0.0259327
0.0259327
0.0259327
0.0259327
0.0259327
0.0259327
0.0259327
0.0259327
0.0259327
0.0259327
0.0259327
0.0259327
0.0259327
0.0259327
0.0259327
0.0259327
0.0259327
0.0259327
0.0259327
0.0259327
0.0259327
0.0259327
0.0259327
0.0259327
0.0259327
0.0259327
0.0259327
0.0259327
0.0259327
0.0259327
0.0259327
0.0259327
0.0259327
0.0259327
0.0259327
0.0259327
0.0259327
0.0259327
0.0259327
0.0259327
0.0259327
0.0259327
0.0259327
0.0259327
0.0259327
0.0259327
0.0259327
0.0259327
0.0259327
0.0259327
0.0259327
0.0259327
0.0259327
0.0259327
0.0259327
0.0259327
0.0259327
0.0259327
0.0259327
0.0259327
0.0259327
0.0259327
0.0259327
0.0259327
0.0259327
0.0259327
0.0259327
0.0259327
0.0259327
0.0259327
0.0259327
0.0259327
0.0259327
0.0259327
0.0259327
0.0259327
0.0259327
0.0259327
0.0259327
0.0259327
0.0259327
0.0259327
0.0259327
0.0259327
0.0259327
0.0259327
0.0259327
0.0259327
0.0259327
0.0259327
0.0259327
0.0259327
0.0259327
0.0259327
0.0259327
0.0259327
0.0259327
0.0259327
0.0259327
0.0259327
0.0259327
0.0259327
0.0259327
0.0259327
0.0259327
0.0259327
0.0259327
0.0259327
0.0259327
0.0259327
0.0259327
0.0259327
0.0259327
0.0259327
0.0259327
0.0259327
0.0259327
0.0259327
0.0259327
0.0259327
0.0259327
0.0259327
0.0259327
0.0259327
0.0259327
0.0259327
0.0259327
0.0259327
0.0259327
0.0259327
0.0259327
0.0259327
0.0259327
0.0259327
0.0259327
0.0259327
0.0259327
0.0259327
0.0259327
0.0259327
0.0259327
0.0259327
0.0259327
0.0259327
0.0259327
0.0259327
0.0259327
0.0259327
0.0259327
0.0259327
0.0259327
0.0259327
0.0259327
0.0259327
0.0259327
0.0259327
0.0259327
0.0259327
0.0259327
0.0259327
0.0259327
0.0259327
0.0259327
0.0259327
0.0259327
0.0259327
0.0259327
0.0259327
0.0259327
0.0259327
0.0259327
0.0259327
0.0259327
0.0259327
0.0259327
0.0259327
0.0259327
0.0259327
0.0259327
0.0259327
0.0259327
0.0259327
0.0259327
0.0259327
0.0259327
0.0259327
0.0259327
0.0259327
0.0259327
0.0259327
0.0259327
0.0259327
0.0259327
0.0259327
0.0259327
0.0259327
0.0259327
0.0259327
0.0259327
0.0259327
0.0259327
0.0259327
0.0259327
0.0259327
0.0259327
0.0259327
0.0259327
0.0259327
0.0259327
0.0259327
0.0259327
0.0259327
0.0259327
0.0259327
0.0259327
0.0259327
0.0259327
0.0259327
0.0259327
0.0259327
0.0259327
0.0259327
0.0259327
0.0259327
0.0259327
0.0259327
0.0259327
0.0259327
0.0259327
0.0259327
0.0259327
0.0259327
0.0259327
0.0259327
0.0259327
0.0259327
0.0259327
0.0259327
0.0259327
0.0259327
0.0259327
0.0259327
0.0259327
0.0259327
0.0259327
0.0259327
0.0259327
0.0259327
0.0259327
0.0259327
0.0259327
0.0259327
0.0259327
0.0259327
0.0259327
0.0259327
0.0259327
0.0259327
0.0259327
0.0259327
0.0259327
0.0259327
0.0259327
0.0259327
0.0259327
0.0259327
0.0259327
0.0259327
0.0259327
0.0259327
0.0259327
0.0259327
0.0259327
0.0259327
0.0259327
0.0259327
0.0259327
0.0259327
0.0259327
0.0259327
0.0259327
0.0259327
0.0259327
0.0259327
0.0259327
0.0259327
0.0259327
0.0259327
0.0259327
0.0259327
0.0259327
0.0259327
0.0259327
0.0259327
0.0259327
0.0259327
0.0259327
0.0259327
0.0259327
0.0259327
0.0259327
0.0259327
0.0259327
0.0259327
0.0259327
0.0259327
0.0259327
0.0259327
0.0259327
0.0259327
0.0259327
0.0259327
0.0259327
0.0259327
0.0259327
0.0259327
0.0259327
0.0259327
0.0259327
0.0259327
0.0259327
0.0259327
0.0259327
0.0259327
0.0259327
0.0259327
0.0259327
0.0259327
0.0259327
0.0259327
0.0259327
0.0259327
0.0259327
0.0259327
0.0259327
0.0259327
0.0259327
0.0259327
0.0259327
0.0259327
0.0259327
0.0259327
0.0259327
0.0259327
0.0259327
0.0259327
0.0259327
0.0259327
0.0259327
0.0259327
0.0259327
0.0259327
0.0259327
0.0259327
0.0259327
0.0259327
0.0259327
0.0259327
0.0259327
0.0259327
0.0259327
0.0259327
0.0259327
0.0259327
0.0259327
0.0259327
0.0259327
0.0259327
0.0259327
0.0259327
0.0259327
0.0259327
0.0259327
0.0259327
0.0259327
0.0259327
0.0259327
0.0259327
0.0259327
0.0259327
0.0259327
0.0259327
0.0259327
0.0259327
0.0259327
0.0259327
0.0259327
0.0259327
0.0259327
0.0259327
0.0259327
0.0259327
0.0259327
0.0259327
0.0259327
0.0259327
0.0259327
0.0259327
0.0259327
0.0259327
0.0259327
0.0259327
0.0259327
0.0259327
0.0259327
0.0259327
0.0259327
0.0259327
0.0259327
0.0259327
0.0259327
0.0259327
0.0259327
0.0259327
0.0259327
0.0259327
0.0259327
0.0259327
0.0259327
0.0259327
0.0259327
0.0259327
0.0259327
0.0259327
0.0259327
0.0259327
0.0259327
0.0259327
0.0259327
0.0259327
0.0259327
0.0259327
0.0259327
0.0259327
0.0259327
0.0259327
0.0259327
0.0259327
0.0259327
0.0259327
0.0259327
0.0259327
0.0259327
0.0259327
0.0259327
0.0259327
0.0259327
0.0259327
0.0259327
0.0259327
0.0259327
0.0259327
0.0259327
0.0259327
0.0259327
0.0259327
0.0259327
0.0259327
0.0259327
0.0259327
0.0259327
0.0259327
0.0259327
0.0259327
0.0259327
0.0259327
0.0259327
0.0259327
0.0259327
0.0259327
0.0259327
0.0259327
0.0259327
0.0259327
0.0259327
0.0259327
0.0259327
0.0259327
0.0259327
0.0259327
0.0259327
0.0259327
0.0259327
0.0259327
0.0259327
0.0259327
0.0259327
0.0259327
0.0259327
0.0259327
0.0259327
0.0259327
0.0259327
0.0259327
0.0259327
0.0259327
0.0259327
0.0259327
0.0259327
0.0259327
0.0259327
0.0259327
0.0259327
0.0259327
0.0259327
0.0259327
0.0259327
0.0259327
0.0259327
0.0259327
0.0259327
0.0259327
0.0259327
0.0259327
0.0259327
0.0259327
0.0259327
0.0259327
0.0259327
0.0259327
0.0259327
0.0259327
0.0259327
0.0259327
0.0259327
0.0259327
0.0259327
0.0259327
0.0259327
0.0259327
0.0259327
0.0259327
0.0259327
0.0259327
0.0259327
0.0259327
0.0259327
0.0259327
0.0259327
0.0259327
0.0259327
0.0259327
0.0259327
0.0259327
0.0259327
0.0259327
0.0259327
0.0259327
0.0259327
0.0259327
0.0259327
0.0259327
0.0259327
0.0259327
0.0259327
0.0259327
0.0259327
0.0259327
0.0259327
0.0259327
0.0259327
0.0259327
0.0259327
0.0259327
0.0259327
0.0259327
0.0259327
0.0259327
0.0259327
0.0259327
0.0259327
0.0259327
0.0259327
0.0259327
0.0259327
0.0259327
0.0259327
0.0259327
0.0259327
0.0259327
0.0259327
0.0259327
0.0259327
0.0259327
0.0259327
0.0259327
0.0259327
0.0259327
0.0259327
0.0259327
0.0259327
0.0259327
0.0259327
0.0259327
0.0259327
0.0259327
0.0259327
0.0259327
0.0259327
0.0259327
0.0259327
0.0259327
0.0259327
0.0259327
0.0259327
0.0259327
0.0259327
0.0259327
0.0259327
0.0259327
0.0259327
0.0259327
0.0259327
0.0259327
0.0259327
0.0259327
0.0259327
0.0259327
0.0259327
0.0259327
0.0259327
0.0259327
0.0259327
0.0259327
0.0259327
0.0259327
0.0259327
0.0259327
0.0259327
0.0259327
0.0259327
0.0259327
0.0259327
0.0259327
0.0259327
0.0259327
0.0259327
0.0259327
0.0259327
0.0259327
0.0259327
0.0259327
0.0259327
0.0259327
0.0259327
0.0259327
0.0259327
0.0259327
0.0259327
0.0259327
0.0259327
0.0259327
0.0259327
0.0259327
0.0259327
0.0259327
0.0259327
0.0259327
0.0259327
0.0259327
0.0259327
0.0259327
0.0259327
0.0259327
0.0259327
0.0259327
0.0259327
0.0259327
0.0259327
0.0259327
0.0259327
0.0259327
0.0259327
0.0259327
0.0259327
0.0259327
0.0259327
0.0259327
0.0259327
0.0259327
0.0259327
0.0259327
0.0259327
0.0259327
0.0259327
0.0259327
0.0259327
0.0259327
0.0259327
0.0259327
0.0259327
0.0259327
0.0259327
0.0259327
0.0259327
0.0259327
0.0259327
0.0259327
0.0259327
0.0259327
0.0259327
0.0259327
0.0259327
0.0259327
0.0259327
0.0259327
0.0259327
0.0259327
0.0259327
0.0259327
0.0259327
0.0259327
0.0259327
0.0259327
0.0259327
0.0259327
0.0259327
0.0259327
0.0259327
0.0259327
0.0259327
0.0259327
0.0259327
0.0259327
0.0259327
0.0259327
0.0259327
0.0259327
0.0259327
0.0259327
0.0259327
0.0259327
0.0259327
0.0259327
0.0259327
0.0259327
0.0259327
0.0259327
0.0259327
0.0259327
0.0259327
0.0259327
0.0259327
0.0259327
0.0259327
0.0259327
0.0259327
0.0259327
0.0259327
0.0259327
0.0259327
0.0259327
0.0259327
0.0259327
0.0259327
0.0259327
0.0259327
0.0259327
0.0259327
0.0259327
0.0259327
0.0259327
0.0259327
0.0259327
0.0259327
0.0259327
0.0259327
0.0259327
0.0259327
0.0259327
0.0259327
0.0259327
0.0259327
0.0259327
0.0259327
0.0259327
0.0259327
0.0259327
0.0259327
0.0259327
0.0259327
0.0259327
0.0259327
0.0259327
0.0259327
0.0259327
0.0259327
0.0259327
0.0259327
0.0259327
0.0259327
0.0259327
0.0259327
0.0259327
0.0259327
0.0259327
0.0259327
0.0259327
0.0259327
0.0259327
0.0259327
0.0259327
0.0259327
0.0259327
0.0259327
0.0259327
0.0259327
0.0259327
0.0259327
0.0259327
0.0259327
0.0259327
0.0259327
0.0259327
0.0259327
0.0259327
0.0259327
0.0259327
0.0259327
0.0259327
0.0259327
0.0259327
0.0259327
0.0259327
0.0259327
0.0259327
0.0259327
0.0259327
0.0259327
0.0259327
0.0259327
0.0259327
0.0259327
0.0259327
0.0259327
0.0259327
0.0259327
0.0259327
0.0259327
0.0259327
0.0259327
0.0259327
0.0259327
0.0259327
0.0259327
0.0259327
0.0259327
0.0259327
0.0259327
0.0259327
0.0259327
0.0259327
0.0259327
0.0259327
0.0259327
0.0259327
0.0259327
0.0259327
0.0259327
0.0259327
0.0259327
0.0259327
0.0259327
0.0259327
0.0259327
0.0259327
0.0259327
0.0259327
0.0259327
0.0259327
0.0259327
0.0259327
0.0259327
0.0259327
0.0259327
0.0259327
0.0259327
0.0259327
0.0259327
0.0259327
0.0259327
0.0259327
0.0259327
0.0259327
0.0259327
0.0259327
0.0259327
0.0259327
0.0259327
0.0259327
0.0259327
0.0259327
0.0259327
0.0259327
0.0259327
0.0259327
0.0259327
0.0259327
0.0259327
0.0259327
0.0259327
0.0259327
0.0259327
0.0259327
0.0259327
0.0259327
0.0259327
0.0259327
0.0259327
0.0259327
0.0259327
0.0259327
0.0259327
0.0259327
0.0259327
0.0259327
0.0259327
0.0259327
0.0259327
0.0259327
0.0259327
0.0259327
0.0259327
0.0259327
0.0259327
0.0259327
0.0259327
0.0259327
0.0259327
0.0259327
0.0259327
0.0259327
0.0259327
0.0259327
0.0259327
0.0259327
0.0259327
0.0259327
0.0259327
0.0259327
0.0259327
0.0259327
0.0259327
0.0259327
0.0259327
0.0259327
0.0259327
0.0259327
0.0259327
0.0259327
0.0259327
0.0259327
0.0259327
0.0259327
0.0259327
0.0259327
0.0259327
0.0259327
0.0259327
0.0259327
0.0259327
0.0259327
0.0259327
0.0259327
0.0259327
0.0259327
0.0259327
0.0259327
0.0259327
0.0259327
0.0259327
0.0259327
0.0259327
0.0259327
