6.87792e+10
5.19667e+10
2.83025e+10
1.20924e+10
7.43784e+09
4.30884e+09
2.74026e+09
1.01324e+09
5.67113e+08
2.57988e+08
2.1101e+08
1.65654e+08
5.81485e+07
5.81485e+07
3.23455e+07
3.23455e+07
2.64828e+07
2.64828e+07
1.73208e+07
1.65125e+07
6.35353e+06
6.35353e+06
6.35353e+06
6.35353e+06
6.35353e+06
4.28569e+06
1.88402e+06
1.88402e+06
1.88402e+06
1.03724e+06
1.03724e+06
1.03724e+06
1.03724e+06
1.03724e+06
956099
690033
690033
336872
316939
316939
293891
180409
147425
105787
105787
105787
85151.9
64594.3
64594.3
50949.5
31188.8
23432.9
12790.3
12790.3
11788.5
5199.38
5199.38
5199.38
4645.16
3778.79
2682.08
1995.07
1995.07
1995.07
1995.07
1995.07
1573.24
1437.28
1169
888.727
773.594
595.711
595.711
455.76
443.984
406.708
295.789
253.657
151.285
151.285
151.285
151.285
130.059
106.833
106.833
106.833
106.833
93.3932
86.6935
71.1046
71.1046
70.3657
64.896
59.2189
51.4911
51.4911
47.1295
46.3401
43.957
43.5568
40.2436
40.2436
34.6645
34.6645
34.6645
33.8048
33.8048
33.8048
33.146
32.8017
31.5525
31.0508
30.4317
30.4317
30.4317
30.2171
30.1081
29.7611
29.7611
29.7303
29.1281
29.1281
29.1281
29.1166
28.936
28.6166
28.5991
28.5991
28.4153
28.2513
28.2107
28.1517
28.0653
28.0653
28.0653
28.0498
28.0333
27.9018
27.8859
27.8775
27.8207
27.7828
27.7526
27.7178
27.7078
27.6647
27.6075
27.5865
27.5528
27.5469
27.4793
27.4793
27.4356
27.425
27.3997
27.3852
27.3502
27.3205
27.2973
27.2761
27.2286
27.2165
27.2063
27.1744
27.1641
27.136
27.1037
27.0901
27.0652
27.0525
27.0348
27.0137
26.9944
26.9747
26.951
26.9419
26.9161
26.9038
26.8727
26.8639
26.8472
26.8012
26.8012
26.7921
26.7757
26.765
26.7411
26.7342
26.7154
26.7036
26.6908
26.6725
26.6604
26.6434
26.6197
26.6065
26.5892
26.5855
26.5683
26.5543
26.5391
26.5211
26.5136
26.5028
26.4754
26.4659
26.459
26.4439
26.4289
26.4086
26.3991
26.3865
26.3749
26.3619
26.3515
26.3431
26.3294
26.3234
26.3129
26.2939
26.2911
26.2803
26.265
26.2607
26.2493
26.2424
26.2273
26.2221
26.2077
26.2006
26.1885
26.1833
26.1685
26.1595
26.152
26.1436
26.1332
26.1224
26.1118
26.1029
26.0944
26.0748
26.063
26.0553
26.042
26.0319
26.0198
26.0133
25.9999
25.9894
25.9761
25.9715
25.9671
25.9525
25.9407
25.9302
25.9194
25.9115
25.9023
25.8913
25.8782
25.8693
25.8659
25.8541
25.8421
25.8339
25.8154
25.8141
25.8054
25.7937
25.7825
25.7762
25.7596
25.7519
25.7402
25.7316
25.7159
25.7099
25.6978
25.6861
25.6738
25.665
25.6549
25.6402
25.6272
25.6124
25.5983
25.5806
25.5778
25.562
25.554
25.5282
25.521
25.5066
25.4957
25.4845
25.4716
25.4587
25.4369
25.4267
25.4158
25.4005
25.3872
25.3699
25.3603
25.3487
25.3313
25.3228
25.3057
25.2954
25.2845
25.2693
25.2573
25.2415
25.2311
25.2197
25.2074
25.1915
25.1765
25.1582
25.1516
25.1342
25.1232
25.105
25.0904
25.0816
25.07
25.0542
25.0449
25.0271
25.0211
25.0063
24.9951
24.9851
24.9644
24.9583
24.9405
24.9293
24.9156
24.9081
24.8864
24.8775
24.8658
24.8563
24.8371
24.8244
24.8101
24.8101
24.803
24.7881
24.7762
24.7657
24.753
24.7455
24.7332
24.7235
24.709
24.6966
24.6911
24.6819
24.6721
24.6602
24.6522
24.6449
24.6306
24.6196
24.6093
24.5998
24.5849
24.5758
24.5658
24.5556
24.543
24.5264
24.5159
24.5131
24.5036
24.491
24.4837
24.4709
24.4641
24.4533
24.4439
24.4296
24.4208
24.4105
24.4042
24.3917
24.3815
24.3683
24.3587
24.3515
24.3393
24.3296
24.3207
24.3037
24.2983
24.2884
24.2747
24.2662
24.2538
24.2458
24.2331
24.2175
24.2093
24.1977
24.1864
24.1762
24.1631
24.151
24.1441
24.1287
24.119
24.1106
24.1001
24.09
24.0752
24.0697
24.0552
24.0467
24.0369
24.0229
24.0159
24.002
23.9843
23.9773
23.9662
23.9526
23.9425
23.9333
23.9225
23.9099
23.8959
23.8906
23.8802
23.8711
23.8561
23.8481
23.8351
23.8292
23.8195
23.8027
23.7961
23.7808
23.7693
23.7594
23.7496
23.736
23.7184
23.7108
23.6953
23.6821
23.6683
23.6598
23.6405
23.6311
23.6196
23.6091
23.5959
23.5844
23.5771
23.5692
23.5573
23.5492
23.535
23.5284
23.5157
23.5101
23.4963
23.4816
23.4806
23.4714
23.4614
23.4554
23.446
23.438
23.4284
23.4207
23.4098
23.4012
23.3939
23.3882
23.3786
23.3715
23.3629
23.3557
23.347
23.3373
23.3304
23.3201
23.3121
23.302
23.297
23.2878
23.2801
23.2705
23.264
23.2543
23.2449
23.2384
23.2284
23.221
23.2144
23.2054
23.1984
23.1925
23.1856
23.1778
23.1721
23.1673
23.159
23.1538
23.1465
23.1381
23.1323
23.1255
23.1152
23.1053
23.0951
23.0894
23.0804
23.068
23.0628
23.0554
23.0448
23.0392
23.0265
23.0164
23.0103
23.0002
22.9943
22.9866
22.9768
22.9644
22.9596
22.946
22.935
22.9286
22.9195
22.9103
22.9015
22.8921
22.8806
22.8707
22.8634
22.8554
22.8411
22.8321
22.8264
22.8135
22.8029
22.7924
22.7863
22.7776
22.7672
22.758
22.7481
22.7395
22.7292
22.7225
22.7148
22.7065
22.7004
22.6911
22.6812
22.6728
22.6668
22.6565
22.6476
22.6399
22.6325
22.6257
22.6156
22.6073
22.5994
22.5932
22.5836
22.5724
22.5671
22.5582
22.5475
22.5384
22.528
22.5247
22.5126
22.5085
22.4991
22.4905
22.4828
22.4753
22.4704
22.4627
22.4538
22.4472
22.4404
22.4334
22.4245
22.4177
22.4102
22.405
22.3983
22.3893
22.3801
22.3763
22.3689
22.3613
22.3541
22.3471
22.3379
22.3267
22.3194
22.31
22.2975
22.288
22.2811
22.2711
22.2672
22.2536
22.2457
22.2376
22.2242
22.2197
22.2106
22.2018
22.1941
22.1863
22.1763
22.1641
22.1612
22.1512
22.1393
22.1291
22.1218
22.1135
22.1063
22.0987
22.089
22.0786
22.0726
22.0592
22.0545
22.043
22.0377
22.0318
22.0182
22.0163
22.0017
21.9943
21.9914
21.9811
21.9718
21.9621
21.9567
21.9408
21.935
21.9221
21.9165
21.9073
21.9025
21.8914
21.8813
21.8757
21.8667
21.8555
21.847
21.8389
21.829
21.8162
21.8017
21.7974
21.7824
21.7719
21.7596
21.7502
21.7421
21.7372
21.7253
21.7115
21.7026
21.694
21.6828
21.6709
21.6638
21.6514
21.6447
21.6354
21.6229
21.6107
21.6037
21.5911
21.5797
21.5707
21.5568
21.5516
21.5423
21.5325
21.5225
21.5145
21.502
21.4889
21.4795
21.473
21.4621
21.4524
21.4346
21.4325
21.4234
21.4029
21.3988
21.3885
21.3789
21.3681
21.3605
21.3549
21.3436
21.3303
21.323
21.3116
21.3041
21.2972
21.2842
21.2789
21.2677
21.2593
21.2454
21.2435
21.2354
21.223
21.2144
21.2091
21.1987
21.1925
21.1832
21.1751
21.1647
21.1592
21.1466
21.1382
21.1328
21.1251
21.117
21.1087
21.0985
21.0882
21.0804
21.0728
21.0629
21.0569
21.0491
21.0411
21.0353
21.0247
21.0183
21.0093
20.9967
20.991
20.9842
20.9773
20.9697
20.9589
20.9524
20.9471
20.9384
20.9313
20.9222
20.9183
20.908
20.9031
20.8951
20.8838
20.8808
20.8756
20.8694
20.8609
20.8504
20.8427
20.8398
20.832
20.8272
20.8186
20.8113
20.8065
20.7983
20.7907
20.7854
20.775
20.7685
20.7564
20.7519
20.7413
20.7329
20.7285
20.7156
20.7092
20.7023
20.6939
20.6866
20.6763
20.6699
20.6603
20.6466
20.6438
20.6289
20.6225
20.6151
20.6021
20.5899
20.5834
20.5701
20.5618
20.5514
20.5406
20.5277
20.5195
20.5088
20.4964
20.486
20.4748
20.4619
20.4519
20.4421
20.4324
20.4196
20.4066
20.3934
20.379
20.3768
20.3634
20.3535
20.3377
20.3274
20.3182
20.3091
20.2973
20.2856
20.2753
20.2626
20.255
20.2401
20.2227
20.2177
20.2025
20.1944
20.1846
20.172
20.1613
20.1494
20.1414
20.1309
20.1195
20.1104
20.1001
20.0921
20.0817
20.0745
20.0621
20.0528
20.0455
20.0357
20.0307
20.0175
20.0101
19.998
19.9912
19.978
19.9741
19.9626
19.9572
19.9462
19.9378
19.9279
19.9153
19.907
19.8952
19.888
19.8792
19.8702
19.8664
19.8556
19.8483
19.8397
19.8286
19.8209
19.8147
19.8064
19.7979
19.7876
19.7807
19.7744
19.7641
19.7565
19.7502
19.7376
19.7284
19.7193
19.712
19.6951
19.6929
19.6856
19.6782
19.6679
19.6623
19.656
19.6475
19.6428
19.6331
19.6253
19.6195
19.6112
19.6044
19.5957
19.5903
19.5821
19.5733
19.5644
19.5571
19.5483
19.541
19.5296
19.5179
19.5114
19.5026
19.4886
19.4828
19.4775
19.4714
19.4602
19.4531
19.4431
19.4306
19.423
19.4102
19.4029
19.3942
19.3838
19.3719
19.3689
19.3586
19.3477
19.3433
19.3341
19.3206
19.3169
19.3031
19.2972
19.2888
19.2813
19.2732
19.2641
19.2577
19.2499
19.2393
19.2271
19.224
19.2136
19.2075
19.1978
19.1912
19.1809
19.1764
19.1623
19.1503
19.1459
19.1355
19.1271
19.1171
19.1072
19.1034
19.0926
19.0848
19.0732
19.0635
19.0578
19.0502
19.0444
19.0337
19.0215
19.0162
19.0073
18.9979
18.9901
18.9824
18.9736
18.9664
18.9565
18.9456
18.9393
18.9233
18.9163
18.9061
18.9022
18.8862
18.879
18.8753
18.861
18.8557
18.8469
18.8404
18.8318
18.8214
18.8127
18.8074
18.7995
18.7932
18.7815
18.7798
18.7697
18.7589
18.7544
18.7505
18.7424
18.7306
18.7248
18.7196
18.7141
18.7061
18.6985
18.6924
18.6865
18.6768
18.671
18.6675
18.6574
18.6503
18.6428
18.6352
18.6291
18.6211
18.6154
18.6098
18.6037
18.5957
18.5909
18.5859
18.5784
18.57
18.5672
18.5595
18.5551
18.5483
18.5441
18.5363
18.5314
18.5267
18.5211
18.514
18.5087
18.5019
18.4953
18.4878
18.482
18.4759
18.4705
18.4642
18.4563
18.4496
18.442
18.4331
18.4266
18.418
18.4139
18.4058
18.3965
18.3927
18.3834
18.3726
18.3687
18.3596
18.3523
18.3434
18.3347
18.3305
18.3259
18.3169
18.3102
18.3021
18.2974
18.2929
18.2824
18.2764
18.2693
18.2621
18.2555
18.2507
18.2391
18.2332
18.2297
18.2228
18.214
18.2069
18.199
18.1902
18.1812
18.1734
18.1684
18.1515
18.15
18.1435
18.1349
18.1265
18.1184
18.1047
18.0907
18.0885
18.0727
18.0708
18.0616
18.0538
18.044
18.0343
18.0238
18.0172
18.0057
17.9969
17.99
17.9776
17.9721
17.9638
17.9544
17.9436
17.9253
17.922
17.9152
17.9078
17.8962
17.888
17.881
17.8725
17.8673
17.8562
17.8508
17.8325
17.8317
17.8216
17.8161
17.8045
17.7966
17.7888
17.78
17.7719
17.7608
17.7511
17.7431
17.7343
17.7218
17.7145
17.7028
17.6972
17.688
17.6783
17.6634
17.6563
17.6488
17.6374
17.6271
17.6168
17.6108
17.5993
17.587
17.5763
17.5678
17.557
17.5452
17.5393
17.5237
17.5153
17.507
17.4964
17.4839
17.4763
17.4655
17.4523
17.4409
17.4316
17.4189
17.4083
17.3937
17.3867
17.3758
17.3662
17.3572
17.349
17.3311
17.3294
17.3191
17.3087
17.3004
17.2851
17.2752
17.2567
17.2553
17.2435
17.2284
17.2176
17.2096
17.2011
17.1912
17.1831
17.1709
17.1653
17.1538
17.1499
17.1387
17.1321
17.1209
17.1149
17.1045
17.1002
17.0876
17.0813
17.0723
17.0635
17.0531
17.0458
17.0375
17.0284
17.0185
17.0079
16.9933
16.9798
16.9726
16.9655
16.9573
16.9446
16.9335
16.9258
16.9149
16.9054
16.8898
16.8838
16.8749
16.8648
16.855
16.844
16.8306
16.8251
16.8135
16.799
16.7883
16.7823
16.7716
16.7598
16.7484
16.7379
16.7286
16.7211
16.714
16.6983
16.6924
16.6783
16.6744
16.6631
16.6551
16.6476
16.6379
16.6291
16.6214
16.6156
16.6063
16.5918
16.589
16.5799
16.5715
16.5601
16.549
16.5454
16.5358
16.5275
16.5156
16.507
16.4986
16.4896
16.4824
16.4728
16.4615
16.4568
16.445
16.4403
16.4298
16.4234
16.4163
16.403
16.4006
16.3926
16.3772
16.3737
16.3633
16.3516
16.3424
16.3344
16.3255
16.3176
16.3063
16.3003
16.2927
16.2825
16.2748
16.263
16.2557
16.2447
16.2393
16.2288
16.2244
16.2102
16.2014
16.189
16.1792
16.1698
16.1563
16.1507
16.1384
16.1305
16.1155
16.1069
16.0933
16.0876
16.0775
16.066
16.0514
16.0456
16.0348
16.0228
16.0155
16.0062
15.994
15.9816
15.9741
15.9638
15.9588
15.9465
15.9351
15.9238
15.9093
15.8999
15.8914
15.8778
15.864
15.8576
15.8438
15.8347
15.8267
15.8112
15.8032
15.7941
15.7819
15.7738
15.7615
15.751
15.7445
15.7298
15.7196
15.7066
15.7025
15.689
15.6804
15.668
15.6613
15.6428
15.6275
15.627
15.6166
15.6047
15.593
15.5844
15.569
15.5624
15.5541
15.539
15.5268
15.5164
15.5061
15.4934
15.4814
15.4659
15.4611
15.4497
15.4413
15.4338
15.417
15.4094
15.3961
15.3846
15.377
15.368
15.3537
15.3451
15.3388
15.3289
15.3207
15.3072
15.2975
15.2917
15.2804
15.2717
15.2581
15.2496
15.2364
15.2244
15.2142
15.2024
15.1955
15.1819
15.1787
15.1652
15.1593
15.1492
15.1406
15.1242
15.1198
15.1113
15.1001
15.0929
15.0825
15.0728
15.0612
15.0521
15.0442
15.0293
15.0246
15.0146
15.0104
15.0012
14.9912
14.9841
14.9752
14.9681
14.957
14.9491
14.9433
14.9357
14.9248
14.918
14.9082
14.9011
14.8946
14.8835
14.8791
14.8678
14.8643
14.8552
14.8462
14.8394
14.8358
14.825
14.8206
14.8137
14.8068
14.8022
14.7947
14.7856
14.781
14.7738
14.7668
14.7593
14.7524
14.7484
14.7409
14.7354
14.7276
14.7207
14.7142
14.7062
14.6996
14.6905
14.6798
14.6758
14.6676
14.6594
14.6501
14.6436
14.6301
14.6248
14.6189
14.6102
14.5981
14.5858
14.5808
14.5694
14.5626
14.5496
14.5466
14.5369
14.5295
14.5222
14.5123
14.505
14.4958
14.4836
14.4787
14.4724
14.4606
14.4542
14.4458
14.44
14.4312
14.4256
14.4167
14.4059
14.4024
14.394
14.3884
14.3823
14.3749
14.3643
14.3584
14.3524
14.3456
14.3388
14.3296
14.3194
14.3179
14.3072
14.3008
14.2921
14.284
14.277
14.2701
14.2618
14.2536
14.2413
14.2364
14.2279
14.2201
14.2147
14.2055
14.1974
14.19
14.1846
14.1754
14.1669
14.1611
14.1528
14.1473
14.1382
14.1313
14.1197
14.1159
14.1063
14.1024
14.0933
14.0858
14.0786
14.0712
14.061
14.057
14.049
14.0408
14.0306
14.0227
14.0161
14.0052
14.0009
13.9899
13.9842
13.9762
13.9684
13.9603
13.9512
13.9429
13.9363
13.9282
13.9223
13.9143
13.904
13.8985
13.8894
13.8794
13.8727
13.8595
13.8542
13.8466
13.8394
13.8326
13.8198
13.8133
13.8027
13.7972
13.7875
13.7772
13.7725
13.763
13.7546
13.7445
13.7385
13.7316
13.7196
13.7156
13.7035
13.6959
13.6882
13.6799
13.6686
13.655
13.6511
13.6372
13.63
13.6261
13.6149
13.6052
13.5972
13.5889
13.5795
13.5695
13.5607
13.5516
13.5401
13.53
13.5195
13.5155
13.5034
13.4946
13.4822
13.471
13.4641
13.4541
13.4469
13.4383
13.4308
13.4184
13.4076
13.4
13.39
13.3809
13.3664
13.3582
13.3478
13.3392
13.3305
13.3223
13.3124
13.3055
13.2875
13.2857
13.275
13.2653
13.2535
13.2447
13.2359
13.2273
13.2217
13.2098
13.2015
13.1909
13.1798
13.1755
13.1686
13.1587
13.1469
13.1419
13.134
13.1257
13.1172
13.1105
13.1011
13.0936
13.0838
13.0735
13.0635
13.0542
13.0471
13.0412
13.0317
13.0237
13.0158
13.0057
12.9983
12.9876
12.9801
12.9752
12.9657
12.9557
12.948
12.9398
12.9282
12.9196
12.9093
12.9022
12.8928
12.8873
12.8749
12.8712
12.8618
12.8516
12.8423
12.8348
12.8246
12.8148
12.8046
12.7946
12.7895
12.7754
12.7667
12.7611
12.749
12.7435
12.7289
12.7195
12.7116
12.7017
12.6919
12.6843
12.6785
12.6697
12.6567
12.6501
12.6387
12.6253
12.6193
12.6098
12.6002
12.5926
12.5818
12.5755
12.561
12.5527
12.5424
12.5298
12.5201
12.5083
12.4952
12.4822
12.4807
12.4719
12.4613
12.4511
12.4381
12.4292
12.4206
12.409
12.3992
12.3901
12.3781
12.368
12.3604
12.3471
12.3375
12.3267
12.3161
12.3049
12.2974
12.2842
12.2773
12.2628
12.2505
12.2348
12.2267
12.2119
12.2088
12.192
12.1752
12.1696
12.1595
12.152
12.1381
12.1264
12.115
12.104
12.0838
12.073
12.0687
12.0587
12.0522
12.0353
12.0226
12.015
12.0002
11.9924
11.9805
11.9729
11.9596
11.9499
11.935
11.9304
11.9203
11.9095
11.904
11.8942
11.8821
11.8672
11.8557
11.8485
11.8352
11.8266
11.8203
11.808
11.7933
11.7868
11.7758
11.7669
11.7488
11.7455
11.7385
11.7276
11.7185
11.7081
11.6947
11.6859
11.6778
11.6664
11.6541
11.6444
11.6303
11.6233
11.6076
11.6022
11.5885
11.5793
11.5713
11.5632
11.554
11.5437
11.5388
11.5297
11.516
11.513
11.5004
11.4959
11.4888
11.4765
11.4722
11.4634
11.4559
11.444
11.4382
11.4322
11.4251
11.4164
11.4089
11.4002
11.392
11.3843
11.3753
11.3701
11.3658
11.3549
11.3476
11.3445
11.3333
11.327
11.3192
11.3063
11.3033
11.2965
11.2883
11.2817
11.2736
11.268
11.2592
11.249
11.2368
11.2349
11.2245
11.219
11.2068
11.2002
11.1919
11.184
11.1787
11.1719
11.1645
11.1587
11.1521
11.1456
11.1368
11.1267
11.1216
11.1155
11.1049
11.0993
11.0954
11.0861
11.0809
11.0738
11.0685
11.0607
11.0556
11.043
11.0413
11.0339
11.0252
11.0209
11.0105
11.0077
11.0017
10.9947
10.9881
10.9821
10.974
10.9678
10.9633
10.9568
10.9506
10.9444
10.9355
10.9313
10.9218
10.9145
10.9073
10.8967
10.8912
10.886
10.8789
10.8718
10.8646
10.8587
10.8501
10.839
10.8339
10.8256
10.8166
10.8071
10.8017
10.7937
10.7843
10.7789
10.7703
10.7636
10.7529
10.7443
10.7313
10.7259
10.7192
10.7102
10.6983
10.6931
10.6867
10.6769
10.6667
10.6593
10.6494
10.6418
10.6321
10.6236
10.6156
10.6076
10.5984
10.5924
10.5844
10.5764
10.5663
10.5601
10.5521
10.541
10.534
10.5254
10.5164
10.5106
10.5014
10.4942
10.4836
10.476
10.4665
10.4607
10.4513
10.4431
10.4355
10.4241
10.4143
10.4083
10.3972
10.3832
10.379
10.3715
10.3607
10.3542
10.3411
10.335
10.326
10.3172
10.3062
10.302
10.2928
10.2806
10.2739
10.2692
10.2601
10.2483
10.2405
10.2322
10.2257
10.2186
10.2072
10.1968
10.1877
10.181
10.1708
10.1547
10.1495
10.1422
10.1351
10.1214
10.1126
10.1017
10.0944
10.0832
10.0771
10.0683
10.0561
10.0504
10.0431
10.0345
10.0279
10.0182
10.0092
10.0035
9.99338
9.9858
9.9764
9.96509
9.96091
9.95107
9.94318
9.935
9.92507
9.91409
9.91078
9.89923
9.89492
9.8838
9.87857
9.86541
9.86207
9.85298
9.84329
9.83627
9.82488
9.81425
9.80749
9.79699
9.79254
9.78167
9.76871
9.76344
9.75684
9.7473
9.73526
9.72354
9.71886
9.71158
9.70355
9.69392
9.68419
9.67598
9.66627
9.6583
9.64784
9.64114
9.62798
9.61631
9.61415
9.6015
9.58805
9.57972
9.57222
9.56438
9.55434
9.54498
9.53881
9.52755
9.51836
9.5078
9.49772
9.48742
9.47191
9.4633
9.45677
9.4433
9.4329
9.42154
9.41141
9.40452
9.39698
9.38568
9.37564
9.36963
9.35415
9.34696
9.33627
9.32364
9.31512
9.3002
9.29075
9.2794
9.27397
9.26106
9.25144
9.23827
9.22717
9.21901
9.20933
9.20052
9.18959
9.18173
9.17414
9.16548
9.15687
9.14803
9.13537
9.12694
9.11659
9.10532
9.09443
9.08675
9.07695
9.06395
9.05584
9.04566
9.03388
9.02542
9.01713
9.00456
8.99824
8.98931
8.9821
8.97348
8.96756
8.95747
8.94986
8.93924
8.93348
8.92625
8.9137
8.90601
8.89625
8.89315
8.88104
8.86969
8.86404
8.85696
8.84523
8.83765
8.82891
8.81447
8.8116
8.79789
8.79397
8.78031
8.7743
8.76626
8.7541
8.74362
8.73985
8.7291
8.72317
8.71778
8.70663
8.69766
8.6907
8.67987
8.67276
8.66288
8.65548
8.64184
8.63697
8.6215
8.61489
8.60764
8.60282
8.5905
8.58307
8.57316
8.56436
8.55565
8.54921
8.53946
8.53291
8.52618
8.51904
8.50942
8.50427
8.49722
8.4886
8.48124
8.47677
8.46608
8.46239
8.45588
8.44642
8.44136
8.43363
8.42877
8.41832
8.4155
8.4056
8.39992
8.39513
8.3833
8.37924
8.3742
8.36756
8.36031
8.35336
8.34232
8.33565
8.32907
8.32164
8.31603
8.30979
8.30012
8.29397
8.28463
8.2764
8.27206
8.26081
8.25161
8.24715
8.23818
8.22851
8.22295
8.21655
8.20759
8.20145
8.19321
8.18539
8.17943
8.16918
8.16321
8.15638
8.1494
8.14057
8.13267
8.12249
8.11467
8.11086
8.10142
8.09463
8.08943
8.0776
8.06906
8.06005
8.04926
8.04363
8.0368
8.02721
8.01858
8.00459
8.00087
7.99232
7.98428
7.97403
7.96528
7.95546
7.94493
7.93853
7.92719
7.91903
7.91145
7.90398
7.89734
7.88779
7.87813
7.87102
7.86248
7.85426
7.8497
7.84382
7.83518
7.82735
7.82281
7.81268
7.80537
7.79683
7.78984
7.78094
7.77457
7.76581
7.76074
7.75292
7.74577
7.73831
7.73082
7.7256
7.71685
7.71003
7.70513
7.69695
7.69052
7.68376
7.67846
7.67029
7.66278
7.65158
7.64738
7.63582
7.6285
7.61943
7.61263
7.60578
7.59509
7.58996
7.58065
7.56615
7.56255
7.55577
7.54067
7.53528
7.52523
7.51727
7.51066
7.50153
7.49104
7.48251
7.47303
7.4657
7.45638
7.4471
7.43728
7.43305
7.42105
7.41311
7.40407
7.39187
7.38942
7.3795
7.37109
7.36113
7.35218
7.34572
7.33842
7.32678
7.31712
7.31119
7.30093
7.29323
7.28338
7.2735
7.27162
7.26117
7.25193
7.24877
7.23649
7.23297
7.22496
7.21778
7.20951
7.20003
7.19209
7.17861
7.17121
7.16488
7.1485
7.14327
7.138
7.12665
7.11878
7.11167
7.10438
7.09254
7.08467
7.07488
7.06496
7.06
7.04936
7.04126
7.03065
7.02293
7.01747
7.00692
6.99755
6.9911
6.98164
6.97387
6.96457
6.95704
6.94792
6.93661
6.93103
6.92134
6.90756
6.90197
6.88813
6.87733
6.87198
6.85985
6.84764
6.83881
6.82752
6.82187
6.8068
6.79773
6.78747
6.78019
6.76626
6.75548
6.75329
6.74103
6.73199
6.71525
6.71274
6.69821
6.69033
6.67839
6.66433
6.65533
6.64454
6.63633
6.62764
6.6158
6.6068
6.59452
6.58453
6.5723
6.5591
6.54997
6.54012
6.53294
6.518
6.51035
6.50088
6.49218
6.48078
6.47091
6.46126
6.45367
6.44311
6.43119
6.42269
6.41076
6.4055
6.39069
6.38361
6.37171
6.35468
6.34927
6.34174
6.32901
6.32354
6.31039
6.30357
6.29152
6.28158
6.27821
6.27069
6.2616
6.25139
6.24613
6.23705
6.22923
6.21731
6.21451
6.20479
6.19853
6.19189
6.1857
6.17867
6.17157
6.16215
6.15374
6.14402
6.13841
6.12847
6.11973
6.11305
6.10411
6.09773
6.08815
6.08161
6.0734
6.06384
6.05619
6.04719
6.03737
6.02952
6.02308
6.01646
6.00836
6.00071
5.99335
5.98657
5.9814
5.97664
5.96882
5.96033
5.95241
5.94572
5.93594
5.92807
5.92316
5.91409
5.90509
5.9012
5.89452
5.88776
5.88031
5.87149
5.86427
5.85411
5.84514
5.83805
5.82882
5.82269
5.8068
5.80146
5.79453
5.7811
5.77524
5.76512
5.75614
5.74561
