1.08835e+07
1.08835e+07
1.08835e+07
1.08835e+07
1.08835e+07
1.08835e+07
8.95757e+06
8.01804e+06
6.58309e+06
5.52948e+06
5.52948e+06
5.52948e+06
4.9986e+06
4.47699e+06
4.47699e+06
2.77656e+06
1.90408e+06
783498
783498
783498
783498
306570
306570
306570
306570
306570
306570
306570
306570
306570
280414
232643
114318
114318
114318
100767
95541.8
95541.8
59490.7
59490.7
43298.7
43298.7
43298.7
43298.7
41390.5
33236.4
22055.6
21437.2
21437.2
14181.6
14181.6
14181.6
14181.6
14181.6
12388.8
6508.05
5507.55
5507.55
5507.55
5507.55
3668.44
2841.42
2841.42
2841.42
2031.04
2027.97
2027.97
1532.8
1013.24
895.739
895.739
716.694
654.143
588.904
588.904
588.904
588.904
519.031
352.285
352.285
342.338
249.578
221.004
221.004
221.004
221.004
221.004
221.004
207.191
170.657
170.657
130.679
130.679
114.119
99.501
90.6797
90.6314
75.7503
75.7503
72.475
72.475
70.9363
64.8508
61.3891
61.3891
57.5526
57.5526
47.4496
47.4496
47.4496
41.5804
41.5804
41.5804
39.037
39.037
37.9141
36.0022
36.0022
36.0022
34.7916
33.6626
32.0044
32.0044
32.0044
32.0044
31.2014
30.9834
30.4481
30.4481
29.7103
29.7103
29.4829
29.4374
28.7342
28.7342
28.6702
28.3862
28.3862
28.09
27.3051
27.3051
27.3051
27.3051
27.2038
27.1748
27.0936
26.8706
26.8279
26.6265
26.6079
26.5108
26.4452
26.4246
26.2678
26.2302
26.1485
26.0691
26.0081
25.9873
25.9584
25.955
25.8669
25.8112
25.7083
25.6457
25.6064
25.5506
25.4979
25.4658
25.4466
25.3979
25.3616
25.3176
25.2702
25.2392
25.1767
25.1467
25.1175
25.0699
25.0162
24.9705
24.9322
24.8942
24.8486
24.7971
24.7675
24.7273
24.6866
24.6419
24.5833
24.5569
24.5182
24.4712
24.4335
24.3948
24.3532
24.3152
24.277
24.2394
24.2018
24.1558
24.1262
24.0863
24.0488
24.0123
23.9758
23.9352
23.8983
23.8608
23.8266
23.7872
23.7524
23.7169
23.6764
23.6448
23.6096
23.576
23.5429
23.5099
23.4774
23.4445
23.4136
23.382
23.3458
23.3149
23.2873
23.2573
23.2265
23.1925
23.1609
23.1277
23.0933
23.0562
23.0256
22.9941
22.9588
22.924
22.8875
22.8549
22.8204
22.7844
22.7488
22.715
22.6802
22.6451
22.6129
22.5741
22.5391
22.5039
22.4697
22.4339
22.3986
22.3617
22.3285
22.2912
22.2548
22.2236
22.1885
22.1551
22.1239
22.0884
22.0544
22.0227
21.9874
21.9546
21.9241
21.8875
21.8545
21.8243
21.7901
21.758
21.7242
21.692
21.6561
21.6226
21.5821
21.5471
21.5159
21.4797
21.441
21.4013
21.3665
21.3255
21.2818
21.2428
21.2029
21.1593
21.114
21.0752
21.033
20.9875
20.9427
20.901
20.8588
20.8086
20.7642
20.7252
20.6781
20.6437
20.6045
20.5582
20.5141
20.4733
20.4313
20.382
20.3344
20.2916
20.2485
20.209
20.1647
20.12
20.0758
20.0313
19.9828
19.9388
19.9011
19.8584
19.8122
19.7688
19.7201
19.6812
19.6403
19.5933
19.5537
19.5105
19.4673
19.4302
19.3835
19.3417
19.3016
19.2555
19.212
19.1711
19.1252
19.0766
19.0381
18.9968
18.9518
18.912
18.8677
18.8259
18.7809
18.7355
18.6942
18.6523
18.606
18.5618
18.5134
18.4763
18.4226
18.3751
18.3378
18.2907
18.2448
18.1994
18.1457
18.1047
18.0565
18.0177
17.9765
17.9332
17.8919
17.849
17.8122
17.7712
17.7327
17.6929
17.6582
17.6187
17.5855
17.5441
17.5096
17.4659
17.4303
17.3951
17.353
17.3179
17.2784
17.2399
17.2032
17.1663
17.1305
17.0927
17.0574
17.0055
16.9788
16.9402
16.9011
16.8583
16.8276
16.7881
16.7552
16.7186
16.6727
16.6399
16.6042
16.5688
16.5313
16.4896
16.4423
16.4138
16.3741
16.3317
16.2921
16.2489
16.2093
16.1639
16.1224
16.0833
16.0387
15.9935
15.9575
15.9087
15.87
15.8311
15.7854
15.7413
15.6982
15.6569
15.6142
15.5778
15.5309
15.494
15.4506
15.413
15.3678
15.3292
15.2899
15.2525
15.2091
15.1651
15.1182
15.0781
15.035
14.9896
14.9481
14.9051
14.8678
14.8245
14.7797
14.7407
14.6965
14.6609
14.6225
14.5753
14.5336
14.4946
14.4378
14.403
14.3588
14.3117
14.2699
14.2177
14.1704
14.1275
14.0783
14.0333
13.9826
13.9386
13.8887
13.8456
13.7958
13.7526
13.6986
13.6597
13.6086
13.566
13.513
13.468
13.4215
13.3725
13.3276
13.2783
13.2328
13.1846
13.1439
13.1017
13.0575
13.0083
12.9649
12.9242
12.8839
12.8387
12.7964
12.7609
12.7143
12.6737
12.6288
12.5857
12.5435
12.4949
12.4469
12.4039
12.3576
12.3119
12.2662
12.2219
12.1793
12.1369
12.0935
12.0518
12.0108
11.9651
11.9293
11.8858
11.8509
11.8082
11.7693
11.7305
11.6905
11.6504
11.6143
11.5749
11.5375
11.4975
11.4582
11.4191
11.3821
11.3433
11.3063
11.2664
11.2294
11.1914
11.1532
11.1197
11.0831
11.0494
11.0128
10.9761
10.9407
10.9069
10.8688
10.8367
10.799
10.7658
10.7333
10.6985
10.6589
10.6252
10.5912
10.5576
10.5252
10.4908
10.4541
10.423
10.3906
10.3554
10.3266
10.2927
10.2581
10.2284
10.1969
10.1614
10.1299
10.092
10.061
10.0242
9.99431
9.9561
9.92275
9.88602
9.85086
9.8151
9.77734
9.73677
9.70144
9.65761
9.62255
9.5745
9.53562
9.49232
9.45152
9.40849
9.36611
9.32385
9.28113
9.23988
9.1955
9.15089
9.0981
9.05492
9.00022
8.94756
8.89367
8.84035
8.79278
8.73383
8.67465
8.61693
8.56667
8.50709
8.45383
8.40368
8.34641
8.28782
8.24169
8.18762
8.14106
8.08099
8.03576
7.98621
7.93248
7.88903
7.82661
7.7754
7.7265
7.66627
7.62286
7.56433
7.51431
7.46107
7.40243
7.3525
7.29675
7.23829
7.18916
7.1316
7.08055
7.02924
6.97849
6.92773
6.88032
6.82543
6.77742
6.72582
6.677
6.627
6.57065
6.53017
6.48218
6.43794
6.38059
6.33889
6.29798
6.25994
6.20974
6.17146
6.131
6.08778
6.0491
6.00895
5.96912
5.92995
5.89089
5.85087
5.81614
5.78621
5.75103
5.71906
5.68515
5.65298
5.61874
5.58298
5.5526
5.51781
5.48878
5.45313
5.42052
5.38837
5.3568
5.32216
5.29056
5.25757
5.22333
5.19142
5.15473
5.12097
5.08581
5.04469
5.0182
4.98142
4.94551
4.9153
4.88377
4.8497
4.81962
4.78525
4.75482
4.72135
4.68724
4.65774
4.6253
4.58937
4.56017
4.52818
4.50032
4.468
4.44069
4.40677
4.37809
4.34796
4.31706
4.28542
4.2565
4.22508
4.19552
4.16309
4.13019
4.09902
4.06897
4.03541
4.00652
3.97462
3.94843
3.92057
3.89258
3.8646
3.83387
3.80721
3.7767
3.74186
3.71485
3.6867
3.65856
3.62482
3.5933
3.56843
3.53417
3.50698
3.4794
3.44429
3.41912
3.38655
3.35969
3.32973
3.3024
3.26916
3.24403
3.21418
3.18044
3.1545
3.1257
3.09568
3.05883
3.03431
3.00234
2.97182
2.94237
2.90962
2.88541
2.85249
2.82331
2.79104
2.75934
2.72591
2.69733
2.65957
2.63243
2.59787
2.56447
2.53004
2.4953
2.46122
2.42336
2.38809
2.35779
2.32035
2.28916
2.25645
2.22266
2.18928
2.15323
2.12015
2.0877
2.05981
2.02228
1.99262
1.96168
1.92754
1.89465
1.86271
1.8274
1.79958
1.76426
1.73379
1.69974
1.66438
1.63305
1.60008
1.5669
1.53201
1.50329
1.46948
1.44149
1.40865
1.37711
1.34914
1.31872
1.28824
1.25983
1.23211
1.20547
1.17773
1.14785
1.12206
1.09511
1.06898
1.04346
1.01637
0.99302
0.968206
0.945066
0.920428
0.898682
0.875445
0.853164
0.830617
0.808376
0.785406
0.765744
0.743836
0.7233
0.703423
0.682498
0.665014
0.646144
0.628887
0.611332
0.595343
0.580423
0.564838
0.549272
0.533619
0.520871
0.505817
0.493136
0.479949
0.467895
0.456447
0.443922
0.432552
0.421415
0.410879
0.400844
0.390243
0.381347
0.372085
0.363028
0.355048
0.34729
0.339562
0.330455
0.323178
0.314582
0.307606
0.300666
0.293292
0.286216
0.279133
0.272385
0.267413
0.260723
0.253809
0.249387
0.243676
0.239099
0.233997
0.229265
0.223873
0.218899
0.214676
0.210252
0.206335
0.201945
0.198352
0.194455
0.19081
0.186612
0.183134
0.179182
0.175617
0.172276
0.169093
0.165955
0.162718
0.159532
0.15621
0.153328
0.150609
0.147841
0.144661
0.14188
0.139041
0.136232
0.13354
0.1311
0.128358
0.12595
0.123367
0.120755
0.118327
0.116047
0.113981
0.111694
0.109491
0.107124
0.105181
0.102945
0.100974
0.0987245
0.0969485
0.0951533
0.0929947
0.0912788
0.0893142
0.0873061
0.085577
0.0837808
0.0817565
0.0801526
0.078327
0.0767186
0.0750915
0.073425
0.0718606
0.0701625
0.0689764
0.0674099
0.0659514
0.0646256
0.0631829
0.0613251
0.0601952
0.0586519
0.0574819
0.0563944
0.055103
0.0538568
0.0527816
0.0515017
0.050377
0.0492331
0.0482462
0.0471171
0.0462582
0.0453877
0.0444729
0.0436202
0.0428472
0.0420443
0.0411719
0.0403818
0.0396724
0.0387972
0.0381301
0.0373608
0.0366399
0.0357582
0.03509
0.034389
0.0338052
0.0332063
0.0326201
0.0320608
0.0314967
0.0309581
0.0304833
0.0299887
0.0294042
0.0290376
0.0285747
0.0280985
0.0277538
0.0273655
0.0269808
0.0265362
0.0265362
0.0265362
0.0265362
0.0265362
0.0265362
0.0265362
0.0265362
0.0265362
0.0265362
0.0265362
0.0265362
0.0265362
0.0265362
0.0265362
0.0265362
0.0265362
0.0265362
0.0265362
0.0265362
0.0265362
0.0265362
0.0265362
0.0265362
0.0265362
0.0265362
0.0265362
0.0265362
0.0265362
0.0265362
0.0265362
0.0265362
0.0265362
0.0265362
0.0265362
0.0265362
0.0265362
0.0265362
0.0265362
0.0265362
0.0265362
0.0265362
0.0265362
0.0265362
0.0265362
0.0265362
0.0265362
0.0265362
0.0265362
0.0265362
0.0265362
0.0265362
0.0265362
0.0265362
0.0265362
0.0265362
0.0265362
0.0265362
0.0265362
0.0265362
0.0265362
0.0265362
0.0265362
0.0265362
0.0265362
0.0265362
0.0265362
0.0265362
0.0265362
0.0265362
0.0265362
0.0265362
0.0265362
0.0265362
0.0265362
0.0265362
0.0265362
0.0265362
0.0265362
0.0265362
0.0265362
0.0265362
0.0265362
0.0265362
0.0265362
0.0265362
0.0265362
0.0265362
0.0265362
0.0265362
0.0265362
0.0265362
0.0265362
0.0265362
0.0265362
0.0265362
0.0265362
0.0265362
0.0265362
0.0265362
0.0265362
0.0265362
0.0265362
0.0265362
0.0265362
0.0265362
0.0265362
0.0265362
0.0265362
0.0265362
0.0265362
0.0265362
0.0265362
0.0265362
0.0265362
0.0265362
0.0265362
0.0265362
0.0265362
0.0265362
0.0265362
0.0265362
0.0265362
0.0265362
0.0265362
0.0265362
0.0265362
0.0265362
0.0265362
0.0265362
0.0265362
0.0265362
0.0265362
0.0265362
0.0265362
0.0265362
0.0265362
0.0265362
0.0265362
0.0265362
0.0265362
0.0265362
0.0265362
0.0265362
0.0265362
0.0265362
0.0265362
0.0265362
0.0265362
0.0265362
0.0265362
0.0265362
0.0265362
0.0265362
0.0265362
0.0265362
0.0265362
0.0265362
0.0265362
0.0265362
0.0265362
0.0265362
0.0265362
0.0265362
0.0265362
0.0265362
0.0265362
0.0265362
0.0265362
0.0265362
0.0265362
0.0265362
0.0265362
0.0265362
0.0265362
0.0265362
0.0265362
0.0265362
0.0265362
0.0265362
0.0265362
0.0265362
0.0265362
0.0265362
0.0265362
0.0265362
0.0265362
0.0265362
0.0265362
0.0265362
0.0265362
0.0265362
0.0265362
0.0265362
0.0265362
0.0265362
0.0265362
0.0265362
0.0265362
0.0265362
0.0265362
0.0265362
0.0265362
0.0265362
0.0265362
0.0265362
0.0265362
0.0265362
0.0265362
0.0265362
0.0265362
0.0265362
0.0265362
0.0265362
0.0265362
0.0265362
0.0265362
0.0265362
0.0265362
0.0265362
0.0265362
0.0265362
0.0265362
0.0265362
0.0265362
0.0265362
0.0265362
0.0265362
0.0265362
0.0265362
0.0265362
0.0265362
0.0265362
0.0265362
0.0265362
0.0265362
0.0265362
0.0265362
0.0265362
0.0265362
0.0265362
0.0265362
0.0265362
0.0265362
0.0265362
0.0265362
0.0265362
0.0265362
0.0265362
0.0265362
0.0265362
0.0265362
0.0265362
0.0265362
0.0265362
0.0265362
0.0265362
0.0265362
0.0265362
0.0265362
0.0265362
0.0265362
0.0265362
0.0265362
0.0265362
0.0265362
0.0265362
0.0265362
0.0265362
0.0265362
0.0265362
0.0265362
0.0265362
0.0265362
0.0265362
0.0265362
0.0265362
0.0265362
0.0265362
0.0265362
0.0265362
0.0265362
0.0265362
0.0265362
0.0265362
0.0265362
0.0265362
0.0265362
0.0265362
0.0265362
0.0265362
0.0265362
0.0265362
0.0265362
0.0265362
0.0265362
0.0265362
0.0265362
0.0265362
0.0265362
0.0265362
0.0265362
0.0265362
0.0265362
0.0265362
0.0265362
0.0265362
0.0265362
0.0265362
0.0265362
0.0265362
0.0265362
0.0265362
0.0265362
0.0265362
0.0265362
0.0265362
0.0265362
0.0265362
0.0265362
0.0265362
0.0265362
0.0265362
0.0265362
0.0265362
0.0265362
0.0265362
0.0265362
0.0265362
0.0265362
0.0265362
0.0265362
0.0265362
0.0265362
0.0265362
0.0265362
0.0265362
0.0265362
0.0265362
0.0265362
0.0265362
0.0265362
0.0265362
0.0265362
0.0265362
0.0265362
0.0265362
0.0265362
0.0265362
0.0265362
0.0265362
0.0265362
0.0265362
0.0265362
0.0265362
0.0265362
0.0265362
0.0265362
0.0265362
0.0265362
0.0265362
0.0265362
0.0265362
0.0265362
0.0265362
0.0265362
0.0265362
0.0265362
0.0265362
0.0265362
0.0265362
0.0265362
0.0265362
0.0265362
0.0265362
0.0265362
0.0265362
0.0265362
0.0265362
0.0265362
0.0265362
0.0265362
0.0265362
0.0265362
0.0265362
0.0265362
0.0265362
0.0265362
0.0265362
0.0265362
0.0265362
0.0265362
0.0265362
0.0265362
0.0265362
0.0265362
0.0265362
0.0265362
0.0265362
0.0265362
0.0265362
0.0265362
0.0265362
0.0265362
0.0265362
0.0265362
0.0265362
0.0265362
0.0265362
0.0265362
0.0265362
0.0265362
0.0265362
0.0265362
0.0265362
0.0265362
0.0265362
0.0265362
0.0265362
0.0265362
0.0265362
0.0265362
0.0265362
0.0265362
0.0265362
0.0265362
0.0265362
0.0265362
0.0265362
0.0265362
0.0265362
0.0265362
0.0265362
0.0265362
0.0265362
0.0265362
0.0265362
0.0265362
0.0265362
0.0265362
0.0265362
0.0265362
0.0265362
0.0265362
0.0265362
0.0265362
0.0265362
0.0265362
0.0265362
0.0265362
0.0265362
0.0265362
0.0265362
0.0265362
0.0265362
0.0265362
0.0265362
0.0265362
0.0265362
0.0265362
0.0265362
0.0265362
0.0265362
0.0265362
0.0265362
0.0265362
0.0265362
0.0265362
0.0265362
0.0265362
0.0265362
0.0265362
0.0265362
0.0265362
0.0265362
0.0265362
0.0265362
0.0265362
0.0265362
0.0265362
0.0265362
0.0265362
0.0265362
0.0265362
0.0265362
0.0265362
0.0265362
0.0265362
0.0265362
0.0265362
0.0265362
0.0265362
0.0265362
0.0265362
0.0265362
0.0265362
0.0265362
0.0265362
0.0265362
0.0265362
0.0265362
0.0265362
0.0265362
0.0265362
0.0265362
0.0265362
0.0265362
0.0265362
0.0265362
0.0265362
0.0265362
0.0265362
0.0265362
0.0265362
0.0265362
0.0265362
0.0265362
0.0265362
0.0265362
0.0265362
0.0265362
0.0265362
0.0265362
0.0265362
0.0265362
0.0265362
0.0265362
0.0265362
0.0265362
0.0265362
0.0265362
0.0265362
0.0265362
0.0265362
0.0265362
0.0265362
0.0265362
0.0265362
0.0265362
0.0265362
0.0265362
0.0265362
0.0265362
0.0265362
0.0265362
0.0265362
0.0265362
0.0265362
0.0265362
0.0265362
0.0265362
0.0265362
0.0265362
0.0265362
0.0265362
0.0265362
0.0265362
0.0265362
0.0265362
0.0265362
0.0265362
0.0265362
0.0265362
0.0265362
0.0265362
0.0265362
0.0265362
0.0265362
0.0265362
0.0265362
0.0265362
0.0265362
0.0265362
0.0265362
0.0265362
0.0265362
0.0265362
0.0265362
0.0265362
0.0265362
0.0265362
0.0265362
0.0265362
0.0265362
0.0265362
0.0265362
0.0265362
0.0265362
0.0265362
0.0265362
0.0265362
0.0265362
0.0265362
0.0265362
0.0265362
0.0265362
0.0265362
0.0265362
0.0265362
0.0265362
0.0265362
0.0265362
0.0265362
0.0265362
0.0265362
0.0265362
0.0265362
0.0265362
0.0265362
0.0265362
0.0265362
0.0265362
0.0265362
0.0265362
0.0265362
0.0265362
0.0265362
0.0265362
0.0265362
0.0265362
0.0265362
0.0265362
0.0265362
0.0265362
0.0265362
0.0265362
0.0265362
0.0265362
0.0265362
0.0265362
0.0265362
0.0265362
0.0265362
0.0265362
0.0265362
0.0265362
0.0265362
0.0265362
0.0265362
0.0265362
0.0265362
0.0265362
0.0265362
0.0265362
0.0265362
0.0265362
0.0265362
0.0265362
0.0265362
0.0265362
0.0265362
0.0265362
0.0265362
0.0265362
0.0265362
0.0265362
0.0265362
0.0265362
0.0265362
0.0265362
0.0265362
0.0265362
0.0265362
0.0265362
0.0265362
0.0265362
0.0265362
0.0265362
0.0265362
0.0265362
0.0265362
0.0265362
0.0265362
0.0265362
0.0265362
0.0265362
0.0265362
0.0265362
0.0265362
0.0265362
0.0265362
0.0265362
0.0265362
0.0265362
0.0265362
0.0265362
0.0265362
0.0265362
0.0265362
0.0265362
0.0265362
0.0265362
0.0265362
0.0265362
0.0265362
0.0265362
0.0265362
0.0265362
0.0265362
0.0265362
0.0265362
0.0265362
0.0265362
0.0265362
0.0265362
0.0265362
0.0265362
0.0265362
0.0265362
0.0265362
0.0265362
0.0265362
0.0265362
0.0265362
0.0265362
0.0265362
0.0265362
0.0265362
0.0265362
0.0265362
0.0265362
0.0265362
0.0265362
0.0265362
0.0265362
0.0265362
0.0265362
0.0265362
0.0265362
0.0265362
0.0265362
0.0265362
0.0265362
0.0265362
0.0265362
0.0265362
0.0265362
0.0265362
0.0265362
0.0265362
0.0265362
0.0265362
0.0265362
0.0265362
0.0265362
0.0265362
0.0265362
0.0265362
0.0265362
0.0265362
0.0265362
0.0265362
0.0265362
0.0265362
0.0265362
0.0265362
0.0265362
0.0265362
0.0265362
0.0265362
0.0265362
0.0265362
0.0265362
0.0265362
0.0265362
0.0265362
0.0265362
0.0265362
0.0265362
0.0265362
0.0265362
0.0265362
0.0265362
0.0265362
0.0265362
0.0265362
0.0265362
0.0265362
0.0265362
0.0265362
0.0265362
0.0265362
0.0265362
0.0265362
0.0265362
0.0265362
0.0265362
0.0265362
0.0265362
0.0265362
0.0265362
0.0265362
0.0265362
0.0265362
0.0265362
0.0265362
0.0265362
0.0265362
0.0265362
0.0265362
0.0265362
0.0265362
0.0265362
0.0265362
0.0265362
0.0265362
0.0265362
0.0265362
0.0265362
0.0265362
0.0265362
0.0265362
0.0265362
0.0265362
0.0265362
0.0265362
0.0265362
0.0265362
0.0265362
0.0265362
0.0265362
0.0265362
0.0265362
0.0265362
0.0265362
0.0265362
0.0265362
0.0265362
0.0265362
0.0265362
0.0265362
0.0265362
0.0265362
0.0265362
0.0265362
0.0265362
0.0265362
0.0265362
0.0265362
0.0265362
0.0265362
0.0265362
0.0265362
0.0265362
0.0265362
0.0265362
0.0265362
0.0265362
0.0265362
0.0265362
0.0265362
0.0265362
0.0265362
0.0265362
0.0265362
0.0265362
0.0265362
0.0265362
0.0265362
0.0265362
0.0265362
0.0265362
0.0265362
0.0265362
0.0265362
0.0265362
0.0265362
0.0265362
0.0265362
0.0265362
0.0265362
0.0265362
0.0265362
0.0265362
0.0265362
0.0265362
0.0265362
0.0265362
0.0265362
0.0265362
0.0265362
0.0265362
0.0265362
0.0265362
0.0265362
0.0265362
0.0265362
0.0265362
0.0265362
0.0265362
0.0265362
0.0265362
0.0265362
0.0265362
0.0265362
0.0265362
0.0265362
0.0265362
0.0265362
0.0265362
0.0265362
0.0265362
0.0265362
0.0265362
0.0265362
0.0265362
0.0265362
0.0265362
0.0265362
0.0265362
0.0265362
0.0265362
0.0265362
0.0265362
0.0265362
0.0265362
0.0265362
0.0265362
0.0265362
0.0265362
0.0265362
0.0265362
0.0265362
0.0265362
0.0265362
0.0265362
0.0265362
0.0265362
0.0265362
0.0265362
0.0265362
0.0265362
0.0265362
0.0265362
0.0265362
0.0265362
0.0265362
0.0265362
0.0265362
0.0265362
0.0265362
0.0265362
0.0265362
0.0265362
0.0265362
0.0265362
0.0265362
0.0265362
0.0265362
0.0265362
0.0265362
0.0265362
0.0265362
0.0265362
0.0265362
0.0265362
0.0265362
0.0265362
0.0265362
0.0265362
0.0265362
0.0265362
0.0265362
0.0265362
0.0265362
