6.90018e+10
4.11505e+10
3.06424e+10
1.47947e+10
8.79352e+09
4.38216e+09
2.25868e+09
1.34542e+09
5.13896e+08
2.3225e+08
1.16376e+08
1.16376e+08
1.16376e+08
6.95832e+07
3.82885e+07
3.82885e+07
2.92218e+07
2.92218e+07
2.85235e+07
2.85235e+07
2.85235e+07
1.2494e+07
1.2494e+07
8.12677e+06
7.51933e+06
7.51933e+06
5.88361e+06
3.76797e+06
3.45967e+06
3.06072e+06
1.94269e+06
1.71858e+06
1.71858e+06
1.00561e+06
1.00561e+06
893002
630005
300788
300788
300788
300788
253491
253491
253491
222104
186234
149132
149132
94479.9
70776.8
65234.2
63572.9
56719
29968.3
29968.3
28283.5
11779.4
9645.48
9645.48
6756.56
5804.73
2991.63
2991.63
2991.63
2726.98
2726.98
1583.75
1459
924.542
924.542
924.542
845.429
609.886
609.886
591.571
524.691
500.602
409.326
409.326
271.456
241.875
241.875
241.875
241.875
241.875
170.27
170.27
170.27
128.319
128.319
113.784
105.364
82.8061
82.8061
70.8783
70.8783
70.8783
62.6015
62.6009
60.4577
49.1768
46.7808
46.7808
44.5589
40.925
40.1688
39.6582
38.2641
36.7453
35.9306
35.4373
34.0779
34.0779
32.6188
32.3583
32.3583
31.4355
31.4355
31.4355
30.9573
30.9573
30.313
30.313
30.0787
29.9467
29.6169
29.1613
29.1613
28.7687
28.7687
28.7617
28.7193
28.7012
28.568
28.568
28.4318
28.4028
28.3764
28.3602
28.3101
28.247
28.2109
28.1255
28.0429
27.9871
27.9871
27.903
27.8274
27.8274
27.8274
27.8048
27.7728
27.7379
27.6834
27.6771
27.6487
27.6247
27.6104
27.5822
27.5236
27.5234
27.476
27.4722
27.4289
27.4203
27.3884
27.3431
27.3265
27.3263
27.2985
27.2718
27.2386
27.2189
27.1954
27.1671
27.1609
27.13
27.1143
27.0706
27.0553
27.0359
27.0146
27.0003
26.9614
26.9404
26.91
26.9021
26.8711
26.8563
26.8304
26.8138
26.7983
26.7709
26.7595
26.7434
26.7299
26.7055
26.688
26.6758
26.6541
26.6357
26.6261
26.6067
26.5932
26.5776
26.5694
26.5512
26.5373
26.5264
26.5085
26.4931
26.4846
26.4794
26.4584
26.4404
26.4306
26.4189
26.3943
26.3872
26.3767
26.359
26.3472
26.3341
26.3202
26.3058
26.2904
26.2785
26.2634
26.2419
26.2317
26.2217
26.2044
26.1918
26.1781
26.1609
26.1438
26.131
26.1153
26.1048
26.0879
26.0781
26.0593
26.0451
26.0371
26.0249
26.0116
26.0004
25.9882
25.9743
25.9591
25.9522
25.9361
25.93
25.9158
25.9037
25.892
25.878
25.8638
25.8539
25.8353
25.8285
25.8126
25.8
25.7831
25.7673
25.7599
25.7446
25.7348
25.7249
25.7021
25.6961
25.6805
25.6669
25.6497
25.6464
25.6316
25.6174
25.6056
25.5975
25.5913
25.5799
25.5703
25.5556
25.545
25.536
25.5292
25.5192
25.5091
25.4926
25.4808
25.4734
25.4644
25.4523
25.4417
25.4314
25.4199
25.4128
25.4014
25.3903
25.3823
25.3721
25.3603
25.3475
25.339
25.3265
25.3186
25.3129
25.3001
25.2893
25.2799
25.2721
25.2611
25.2502
25.243
25.2321
25.2239
25.2147
25.2048
25.197
25.1875
25.1753
25.1633
25.1575
25.1426
25.134
25.1224
25.1118
25.1042
25.0915
25.0843
25.0759
25.0661
25.0592
25.048
25.0399
25.0296
25.0203
25.0085
24.9963
24.9901
24.9793
24.9659
24.958
24.9489
24.9359
24.9289
24.9179
24.9067
24.8966
24.8868
24.8748
24.8627
24.8539
24.8367
24.832
24.8243
24.8145
24.8072
24.7968
24.7863
24.7778
24.7701
24.7609
24.7535
24.7419
24.7309
24.724
24.7084
24.7039
24.6925
24.6842
24.676
24.6627
24.6564
24.6478
24.6373
24.6303
24.6169
24.6064
24.6028
24.5924
24.5849
24.5744
24.567
24.5565
24.5441
24.5354
24.5294
24.5157
24.5056
24.4953
24.4849
24.475
24.4659
24.4564
24.4421
24.4355
24.4196
24.4119
24.4054
24.3918
24.3824
24.37
24.36
24.3473
24.3369
24.323
24.316
24.307
24.2925
24.2797
24.2712
24.2545
24.2438
24.2329
24.2258
24.2142
24.2036
24.1903
24.1762
24.1681
24.1561
24.1395
24.134
24.1218
24.1075
24.1021
24.0872
24.0812
24.069
24.0552
24.0472
24.0386
24.0274
24.0117
24.0016
23.9912
23.9797
23.9674
23.9577
23.9495
23.9377
23.9282
23.9181
23.9096
23.8995
23.8901
23.8779
23.8673
23.8569
23.844
23.8378
23.8292
23.8172
23.8041
23.7963
23.7848
23.7736
23.7624
23.7546
23.7422
23.7328
23.7232
23.7135
23.7013
23.6924
23.6806
23.6755
23.6629
23.6538
23.6395
23.6329
23.621
23.6108
23.5989
23.5871
23.5776
23.5656
23.5552
23.5441
23.5377
23.5277
23.5118
23.5033
23.4926
23.4835
23.4752
23.4597
23.4525
23.4356
23.4249
23.419
23.4044
23.3927
23.3796
23.3723
23.356
23.3422
23.3375
23.3208
23.3113
23.2991
23.2856
23.2774
23.2625
23.242
23.2371
23.2177
23.2041
23.1898
23.1794
23.165
23.1598
23.1391
23.1332
23.1174
23.1085
23.0963
23.0829
23.0647
23.0552
23.0429
23.0311
23.0211
23.0124
22.9998
22.9899
22.9756
22.971
22.9574
22.9471
22.9417
22.9281
22.9133
22.898
22.8932
22.8835
22.8704
22.8575
22.846
22.8353
22.8218
22.8096
22.8049
22.7931
22.7818
22.7736
22.7652
22.754
22.7412
22.7253
22.7216
22.7047
22.7
22.6817
22.6788
22.6667
22.6542
22.6411
22.6326
22.6199
22.6066
22.5953
22.5856
22.5736
22.564
22.5473
22.5365
22.5329
22.5209
22.5084
22.5014
22.4895
22.48
22.4696
22.4554
22.4437
22.4286
22.4175
22.405
22.3969
22.387
22.3754
22.368
22.3572
22.346
22.3345
22.3212
22.309
22.2969
22.2869
22.2743
22.259
22.2501
22.239
22.2221
22.2178
22.2081
22.193
22.1836
22.1709
22.1596
22.1491
22.141
22.1307
22.1187
22.1104
22.0975
22.0915
22.0836
22.0685
22.0601
22.0554
22.0464
22.0376
22.0266
22.0147
22.0087
22.002
21.9864
21.9771
21.9724
21.9621
21.9516
21.9447
21.9303
21.9223
21.9156
21.9
21.8958
21.8859
21.8705
21.8576
21.8528
21.8396
21.8327
21.8182
21.8141
21.7991
21.7864
21.7784
21.7689
21.7529
21.7445
21.7286
21.7284
21.7163
21.7059
21.6952
21.6855
21.6778
21.6656
21.6623
21.6549
21.6465
21.6394
21.6303
21.6182
21.6127
21.6022
21.5969
21.589
21.5793
21.5714
21.5628
21.5527
21.546
21.5394
21.5258
21.5176
21.5157
21.506
21.4998
21.4902
21.4838
21.4725
21.4663
21.46
21.4503
21.4432
21.4339
21.4285
21.4165
21.4101
21.3985
21.394
21.3834
21.3732
21.3692
21.3577
21.3506
21.3459
21.3388
21.3238
21.3192
21.3151
21.3051
21.2948
21.2883
21.2815
21.2724
21.2658
21.2593
21.2491
21.2439
21.2361
21.2273
21.2219
21.2135
21.2051
21.1981
21.1888
21.1862
21.1765
21.1707
21.1642
21.1566
21.1489
21.1453
21.1394
21.1294
21.1267
21.118
21.1106
21.1025
21.0977
21.0918
21.0805
21.074
21.0693
21.0589
21.0548
21.0463
21.039
21.0305
21.0199
21.0146
20.9994
20.9919
20.986
20.9739
20.9672
20.9553
20.9429
20.9317
20.9216
20.9139
20.9034
20.889
20.8768
20.8675
20.8574
20.8448
20.8288
20.8166
20.8033
20.7943
20.784
20.7711
20.7594
20.7441
20.7244
20.7125
20.7048
20.6908
20.6792
20.663
20.6503
20.6361
20.6271
20.6142
20.6
20.5923
20.5762
20.5653
20.5477
20.5424
20.532
20.5149
20.5032
20.4966
20.4855
20.4742
20.4583
20.4472
20.4297
20.4166
20.4069
20.3972
20.3852
20.3706
20.3598
20.3487
20.3352
20.3234
20.3128
20.2965
20.285
20.2801
20.2633
20.2568
20.2446
20.2315
20.2245
20.2097
20.2024
20.1941
20.1816
20.1721
20.1586
20.1511
20.1373
20.1294
20.1163
20.1082
20.0938
20.0837
20.0783
20.0707
20.06
20.05
20.041
20.029
20.0176
20.0088
20.0007
19.9911
19.9789
19.9654
19.957
19.9477
19.9388
19.9298
19.9034
19.9034
19.8953
19.8829
19.8755
19.8672
19.8552
19.8445
19.8376
19.8268
19.8202
19.8106
19.8022
19.7902
19.785
19.773
19.7637
19.7556
19.7457
19.7358
19.7208
19.7119
19.7047
19.6909
19.6831
19.6756
19.6655
19.6549
19.644
19.6308
19.617
19.6116
19.5971
19.5882
19.5751
19.5649
19.5485
19.5426
19.532
19.5207
19.5113
19.5029
19.4918
19.4758
19.4711
19.4585
19.4469
19.4367
19.4303
19.4152
19.4051
19.3966
19.3863
19.3768
19.3681
19.3592
19.3502
19.3394
19.3328
19.3221
19.3135
19.3003
19.2935
19.2823
19.2703
19.2494
19.2464
19.2394
19.2216
19.2146
19.2008
19.1949
19.1846
19.1741
19.1656
19.1496
19.1451
19.1408
19.132
19.1201
19.1069
19.1007
19.0973
19.083
19.0803
19.0705
19.0601
19.0491
19.0398
19.0275
19.0188
19.0116
19.0027
18.9938
18.9831
18.9703
18.9592
18.9474
18.9417
18.9287
18.9158
18.9019
18.8918
18.8839
18.8723
18.8534
18.8453
18.8354
18.8256
18.8152
18.8004
18.7915
18.7809
18.7706
18.7568
18.7473
18.7299
18.7299
18.7203
18.7111
18.7045
18.6923
18.6834
18.6763
18.6701
18.6603
18.6525
18.6443
18.6348
18.6275
18.6186
18.6098
18.6026
18.5906
18.5866
18.5784
18.5704
18.562
18.5506
18.5448
18.5378
18.5294
18.5183
18.5133
18.505
18.4954
18.4818
18.4758
18.466
18.4574
18.4495
18.4389
18.4273
18.4188
18.4065
18.3984
18.3892
18.3754
18.3667
18.3606
18.3509
18.3417
18.3319
18.32
18.3103
18.3035
18.2912
18.2819
18.271
18.2629
18.2534
18.2403
18.2373
18.2233
18.2183
18.2091
18.2006
18.1906
18.1813
18.1712
18.1663
18.1578
18.1444
18.1393
18.1347
18.1239
18.114
18.1064
18.0992
18.0913
18.0837
18.0777
18.0662
18.0596
18.0508
18.0403
18.0308
18.023
18.015
18.0079
17.9945
17.9854
17.9751
17.9644
17.9548
17.9478
17.9381
17.9304
17.922
17.9114
17.904
17.8923
17.8847
17.8736
17.8603
17.8536
17.8429
17.8328
17.8297
17.8206
17.8134
17.8059
17.7952
17.7893
17.7817
17.7761
17.7658
17.7558
17.7507
17.7415
17.7366
17.7263
17.7204
17.7092
17.7062
17.6934
17.6925
17.6827
17.6743
17.6691
17.662
17.6519
17.6458
17.6385
17.6276
17.6219
17.6137
17.6066
17.6008
17.5938
17.5818
17.5767
17.5697
17.561
17.5542
17.5473
17.5376
17.5236
17.5169
17.5082
17.4956
17.4857
17.4769
17.4619
17.4554
17.4431
17.4304
17.4228
17.4104
17.4006
17.3903
17.3825
17.3717
17.3617
17.3526
17.3433
17.3297
17.3249
17.3114
17.3009
17.2889
17.2838
17.2731
17.2614
17.2447
17.2352
17.2293
17.2203
17.211
17.1955
17.1865
17.1744
17.168
17.1568
17.1481
17.1358
17.1286
17.1146
17.1043
17.0966
17.0872
17.0801
17.065
17.0577
17.0464
17.03
17.0254
17.0149
17.009
16.9943
16.9843
16.9726
16.9672
16.9521
16.9405
16.9302
16.9217
16.9088
16.8978
16.8882
16.8733
16.8651
16.8535
16.8444
16.8344
16.8206
16.8121
16.7999
16.7889
16.7749
16.7678
16.756
16.733
16.7283
16.7231
16.7086
16.6906
16.6825
16.665
16.6458
16.6447
16.6336
16.6211
16.6137
16.6025
16.5982
16.5885
16.5753
16.5671
16.5556
16.5503
16.5382
16.5278
16.5185
16.5026
16.4944
16.4861
16.4738
16.4696
16.4593
16.4509
16.4451
16.436
16.4272
16.4226
16.4164
16.4061
16.3976
16.3906
16.3797
16.3677
16.3627
16.3564
16.3446
16.3385
16.3312
16.3227
16.3164
16.3007
16.2976
16.2851
16.275
16.2718
16.2627
16.258
16.2495
16.2389
16.2278
16.2186
16.2087
16.1975
16.1864
16.1765
16.1656
16.1591
16.1486
16.1382
16.1291
16.117
16.1076
16.0986
16.0886
16.0823
16.0717
16.0595
16.0502
16.0391
16.0289
16.0194
16.0094
16.004
15.9929
15.9801
15.9742
15.965
15.9518
15.9467
15.9365
15.9179
15.914
15.9057
15.8914
15.8823
15.8727
15.8612
15.8473
15.8316
15.8271
15.8172
15.8081
15.7977
15.7877
15.7755
15.7606
15.7516
15.7415
15.7325
15.7251
15.7131
15.707
15.694
15.6888
15.6785
15.6689
15.661
15.6491
15.6385
15.6325
15.6225
15.615
15.6015
15.5945
15.5846
15.575
15.5676
15.5581
15.5506
15.5378
15.5287
15.5151
15.5067
15.4994
15.4821
15.4749
15.4647
15.4573
15.4469
15.4382
15.4213
15.4164
15.4076
15.3959
15.3906
15.3748
15.3677
15.3589
15.349
15.3385
15.3311
15.3197
15.3111
15.2995
15.2956
15.2888
15.2766
15.2706
15.2617
15.2567
15.246
15.2403
15.2308
15.2221
15.2174
15.2078
15.1995
15.1937
15.1817
15.1768
15.1707
15.1622
15.153
15.1457
15.1418
15.1325
15.1273
15.1197
15.1109
15.108
15.1001
15.0947
15.0872
15.0784
15.0725
15.0663
15.0544
15.0516
15.0454
15.0356
15.0225
15.0195
15.0147
15.0044
14.9978
14.9915
14.9843
14.9756
14.9687
14.9635
14.9546
14.9506
14.9407
14.934
14.9257
14.9152
14.9095
14.9023
14.8969
14.8871
14.8788
14.8694
14.8638
14.8549
14.846
14.8375
14.8308
14.8233
14.8161
14.8037
14.7985
14.7897
14.7802
14.7719
14.7652
14.7541
14.7474
14.7424
14.7338
14.7231
14.7163
14.7056
14.6976
14.6888
14.6832
14.6703
14.664
14.6553
14.6434
14.6373
14.6253
14.6187
14.6052
14.5997
14.5858
14.5759
14.5644
14.5557
14.5449
14.535
14.5214
14.5162
14.509
14.4982
14.4881
14.4784
14.4673
14.4574
14.4481
14.4417
14.4342
14.4218
14.4171
14.4074
14.4004
14.3924
14.3856
14.3754
14.3685
14.3602
14.3492
14.3413
14.3309
14.3217
14.3143
14.3077
14.2976
14.2849
14.2797
14.2676
14.2615
14.2501
14.246
14.2358
14.2279
14.2201
14.2104
14.2024
14.1965
14.1882
14.1791
14.1687
14.1583
14.1564
14.1461
14.1403
14.1326
14.1219
14.1124
14.0968
14.088
14.0837
14.0743
14.0647
14.0558
14.0483
14.0381
14.0225
14.0177
14.0065
13.9924
13.9851
13.97
13.9624
13.951
13.9385
13.9242
13.9159
13.906
13.8917
13.8719
13.865
13.8565
13.8466
13.8333
13.8068
13.8036
13.7961
13.7849
13.7668
13.758
13.741
13.7259
13.7143
13.7023
13.687
13.674
13.6612
13.6526
13.6399
13.6277
13.6173
13.6017
13.5865
13.5738
13.5584
13.5529
13.5352
13.5176
13.5124
13.5066
13.4871
13.4813
13.4714
13.45
13.4405
13.4311
13.4166
13.4113
13.3949
13.3881
13.3769
13.3653
13.3493
13.3388
13.329
13.32
13.3087
13.2952
13.284
13.2708
13.2619
13.246
13.2384
13.2243
13.2072
13.1919
13.1809
13.1674
13.1589
13.1407
13.1298
13.1221
13.1079
13.0951
13.0832
13.0714
13.0517
13.0417
13.037
13.0285
13.0145
13.0064
12.9945
12.9827
12.9719
12.959
12.9497
12.9363
12.9214
12.912
12.9042
12.8899
12.8807
12.8597
12.8531
12.8398
12.8326
12.8188
12.8116
12.7956
12.7896
12.7797
12.7751
12.7645
12.7568
12.7446
12.7355
12.7233
12.7179
12.7077
12.7047
12.6916
12.6825
12.6776
12.6667
12.659
12.6479
12.6428
12.6327
12.6241
12.6167
12.6107
12.6002
12.5931
12.578
12.5731
12.5633
12.5555
12.547
12.5368
12.5262
12.5203
12.5081
12.5029
12.4965
12.4888
12.4805
12.4703
12.4626
12.4518
12.4433
12.4361
12.4308
12.4157
12.4096
12.4003
12.3921
12.3819
12.376
12.3658
12.3609
12.3504
12.3428
12.3344
12.3271
12.3176
12.3111
12.3022
12.2951
12.2855
12.2768
12.2701
12.2589
12.2533
12.2398
12.2351
12.2285
12.2191
12.2124
12.2058
12.199
12.1925
12.1849
12.1731
12.1628
12.1541
12.1535
12.1441
12.1357
12.1289
12.1211
12.1157
12.1071
12.0984
12.0942
12.0842
12.0787
12.0712
12.0629
12.0573
12.0478
12.0389
12.0316
12.0255
12.0147
12.0087
11.9995
11.9888
11.9823
11.9749
11.9656
11.9565
11.9514
11.9444
11.9315
11.9254
11.9179
11.91
11.9038
11.8966
11.8854
11.8787
11.8704
11.8638
11.8565
11.8505
11.8439
11.8381
11.8318
11.8233
11.8158
11.8102
11.8033
11.7976
11.7877
11.7824
11.7759
11.7682
11.7605
11.7539
11.7463
11.74
11.734
11.7266
11.7211
11.7139
11.7059
11.699
11.6916
11.6797
11.6773
11.6678
11.6617
11.6517
11.6435
11.6363
11.6267
11.6203
11.6121
11.606
11.5967
11.5898
11.5824
11.5752
11.5651
11.5582
11.5491
11.538
11.5334
11.523
11.515
11.5101
11.4991
11.4898
11.4791
11.4684
11.4656
11.4549
11.4406
11.4347
11.4267
11.4172
11.4083
11.3977
11.3899
11.3806
11.3683
11.3607
11.3478
11.3389
11.3265
11.3132
11.3098
11.2999
11.2897
11.2753
11.2659
11.2587
11.2466
11.2377
11.214
11.214
11.2051
11.1935
11.1843
11.1781
11.1709
11.1538
11.1523
11.1394
11.1348
11.1252
11.1173
11.1094
11.1033
11.0935
11.0821
11.0692
11.0647
11.0568
11.043
11.0376
11.0253
11.0167
11.0056
11.0017
10.9928
10.9834
10.9798
10.9696
10.9625
10.9557
10.946
10.9387
10.9299
10.9261
10.9155
10.9079
10.9009
10.8888
10.881
10.8718
10.8609
10.8556
10.8455
10.8392
10.8266
10.8133
10.8109
10.8015
10.7919
10.7821
10.7727
10.7638
10.7561
10.7463
10.738
10.7325
10.7227
10.7125
10.7096
10.6967
10.688
10.6837
10.6718
10.6662
10.6644
10.6549
10.6449
10.6384
10.6264
10.6202
10.6106
10.5995
10.5895
10.5802
10.5674
10.566
10.5568
10.5487
10.5378
10.5276
10.5171
10.5104
10.5027
10.4906
10.4837
10.4731
10.466
10.4573
10.4454
10.4413
10.4324
10.4221
10.4138
10.4039
10.3992
10.3916
10.3826
10.3757
10.3675
10.3617
10.3541
10.344
10.3366
10.3283
10.3187
10.3133
10.3038
10.2958
10.2906
10.282
10.2774
10.2708
10.2627
10.2565
10.25
10.244
10.2365
10.229
10.222
10.2159
10.2086
10.2016
10.1932
10.1795
10.1722
10.1645
10.1539
10.146
10.1371
10.1261
10.1201
10.1132
10.1027
10.0953
10.087
10.0728
10.0674
10.062
10.0508
10.04
10.0316
10.021
10.0159
10.0028
9.9948
9.98444
9.97229
9.96361
9.95317
9.94355
9.9307
9.92124
9.90904
9.90081
9.88626
9.87774
9.86909
9.85945
9.84636
9.83334
9.82347
9.81646
9.8069
9.79504
9.78965
9.77927
9.7686
9.75835
9.75058
9.74324
9.729
9.72248
9.71563
9.70263
9.69727
9.67972
9.66848
9.66238
9.65417
9.63974
9.63037
9.61833
9.61087
9.60161
9.59188
9.5758
9.56968
9.55811
9.55172
9.53583
9.53024
9.51715
9.51315
9.50493
9.49455
9.4824
9.47935
9.46647
9.46008
9.44719
9.43498
9.42893
9.41983
9.40983
9.40402
9.39088
9.38504
9.37521
9.36788
9.35895
9.35054
9.34099
9.33232
9.32423
9.31434
9.30684
9.29933
9.2916
9.27962
9.27142
9.2608
9.25426
9.24233
9.2376
9.22479
9.21519
9.20301
9.19455
9.17781
9.17511
9.16751
9.16011
9.14901
9.14011
9.13336
9.12436
9.11263
9.10302
9.0977
9.0846
9.07763
9.06724
9.05905
9.04848
9.04096
9.02746
9.0217
9.01207
9.00353
8.99274
8.98441
8.97318
8.96636
8.95992
8.95172
8.94233
8.93423
8.92227
8.91519
8.91143
8.904
8.89381
8.88631
8.87924
8.86668
8.85828
8.85371
8.8449
8.83778
8.82664
8.81777
8.81222
8.79796
8.78857
8.78283
8.77537
8.76682
8.7566
8.74938
8.73993
8.72865
8.723
8.71692
8.70854
8.69758
8.69201
8.68339
8.67525
8.67054
8.66258
8.65601
8.64626
8.63562
8.62998
8.61978
8.60787
8.60456
8.59074
8.58327
8.56905
8.5638
8.54959
8.5422
8.53491
8.52262
8.51538
8.50157
8.49558
8.48944
8.48044
8.47338
8.46297
8.45324
8.44174
8.43625
8.42987
8.41567
8.41096
8.39955
8.39271
8.38321
8.36627
8.3653
8.35427
8.34302
8.33619
8.32568
8.3182
8.31118
8.29988
8.28789
8.27606
8.26608
8.25673
8.24637
8.24076
8.22616
8.21184
8.20618
8.19296
8.17948
8.16089
8.15555
8.14428
8.12968
8.11586
8.09826
8.09117
8.08051
8.07105
8.05811
8.04614
8.03566
8.02302
8.0112
8.00385
7.9921
7.97761
7.97305
7.96274
7.95344
7.93438
7.92677
7.91463
7.8946
7.89054
7.87876
7.86083
7.85305
7.84033
7.83064
7.81978
7.8067
7.79207
7.78148
7.77884
7.76786
7.75518
7.74654
7.73639
7.72318
7.71277
7.70828
7.69717
7.68921
7.67875
7.66908
7.66039
7.64471
7.63643
7.62537
7.6173
7.61022
7.60153
7.59047
7.57674
7.56754
7.56135
7.55453
7.54311
7.53069
7.52354
7.51796
7.50938
7.49914
7.49174
7.47398
7.47107
7.45872
7.44207
7.43535
7.42403
7.41457
7.40696
7.39692
7.38257
7.3747
7.3673
7.3569
7.34358
7.33419
7.32807
7.30976
7.29958
7.29419
7.28359
7.27204
7.26085
7.24954
7.2413
7.2277
7.21579
7.2087
7.19451
7.18597
7.1756
7.16603
7.15734
7.1466
7.13575
7.12383
7.11594
7.10062
7.09779
7.07986
7.06598
7.05852
7.05113
7.04351
7.03144
7.02139
7.01031
7.00527
6.99235
6.98637
6.9766
6.96272
6.9589
6.94869
6.93949
6.92891
6.91493
6.90806
6.89854
6.88838
6.88117
6.87322
6.86039
6.8542
6.84863
6.83593
6.82857
6.81979
6.81068
6.80028
6.78902
6.7846
6.77553
6.76882
6.75797
6.74557
6.74033
6.73026
6.7211
6.71142
6.70076
6.69547
6.68333
6.67311
6.6683
6.65973
6.647
6.64078
6.63134
6.61775
6.6093
6.59579
6.59249
6.58334
6.57151
6.56531
6.55652
6.54937
6.53699
6.53037
6.51986
6.50904
6.50572
6.49368
6.48594
6.47752
6.46801
6.4582
6.44708
6.44172
6.43539
6.42632
6.41997
6.41063
6.39936
6.39452
6.38451
6.37403
6.36424
6.35687
6.34382
6.33884
6.32587
6.3156
6.30834
6.30064
6.28949
6.2756
6.26944
6.2618
6.24786
6.23733
6.2258
6.21866
6.20706
6.19571
6.18716
6.17575
6.16762
6.15676
6.1437
6.13699
6.12565
6.12114
6.10936
6.10255
6.094
6.08856
6.07637
6.0682
6.05216
6.04454
6.03598
6.02803
6.01542
6.00704
5.99862
5.98643
5.98008
5.97076
5.96133
5.94777
5.94425
5.93572
5.92915
5.92055
5.91131
5.89868
5.8945
5.88253
5.87183
5.86897
5.85632
5.84705
5.83591
5.82399
5.81835
5.80808
5.803
5.79191
5.78331
5.77312
5.75559
5.75158
5.74293
5.72926
5.72066
5.71017
5.69794
5.69258
5.68126
5.67074
5.65902
5.64651
5.64182
5.63179
5.62024
5.6062
5.59839
5.58909
5.57898
5.5636
5.55891
5.54672
5.5389
5.53136
5.52155
5.50804
5.50341
5.49417
5.48601
5.47027
5.46784
5.45558
5.45126
5.44086
5.43106
5.42098
5.4144
5.39941
5.39089
5.38741
5.38044
5.36496
5.36145
5.35629
5.34673
5.33689
5.33561
5.3215
5.31546
5.31132
5.30512
5.29754
5.29022
5.28314
5.27707
5.27149
5.26566
5.25752
5.25069
5.24451
5.23826
5.23072
5.22159
5.21178
5.19988
5.19965
5.19009
5.17985
5.17237
5.16642
5.15785
5.15166
5.14231
5.13537
5.12755
5.11712
5.11242
5.10414
5.09158
5.08609
5.07589
5.06625
5.05788
5.04804
5.03891
5.03013
5.02078
5.01187
5.00536
4.9947
4.98683
4.97555
4.97095
4.96237
4.9526
4.93875
4.93585
4.9258
4.92282
4.911
4.90353
4.89535
4.89172
4.88162
4.87322
4.86519
4.85627
4.84837
4.84259
4.83238
4.82413
4.81273
4.80315
4.7955
4.77812
4.77514
4.76544
4.75815
4.74413
4.73578
4.7258
4.71536
4.70531
4.69724
4.68728
4.67613
4.66837
4.65673
4.64122
4.63504
4.62424
4.61848
4.603
4.59715
4.58753
4.57342
4.56565
4.55717
4.54289
4.53629
4.52752
4.5188
4.50792
4.49969
4.48745
4.48009
4.46795
4.45534
