3.04104e+07
1.14331e+07
7.81353e+06
6.70024e+06
1.42308e+06
1.25344e+06
1.18816e+06
1.18816e+06
1.18816e+06
1.18816e+06
1.18816e+06
1.18816e+06
1.18816e+06
1.18816e+06
1.18816e+06
1.18816e+06
1.18816e+06
1.18816e+06
1.18816e+06
1.18816e+06
1.18816e+06
1.18816e+06
1.18816e+06
1.18816e+06
1.18816e+06
1.18816e+06
1.18816e+06
1.18816e+06
1.18816e+06
1.18816e+06
1.18816e+06
1.18816e+06
882209
429098
429098
80191.2
80191.2
80191.2
80191.2
80191.2
80191.2
80191.2
80191.2
51406
46177
46177
46177
46177
46177
30043.6
12861
12861
12861
12861
12861
12861
12861
12861
12861
12736
9895.2
8738.26
7081.09
5390.5
2987.13
2987.13
2987.13
2122.94
2122.94
2122.94
2122.94
2122.94
2049.78
2049.78
1897.41
1897.41
1510.62
1372.37
1299.7
836.69
836.69
662.244
549.721
395.316
395.316
298.623
272.845
272.845
272.845
272.845
264.623
264.623
237.917
237.917
237.917
237.917
237.917
237.917
237.917
237.917
237.917
237.917
237.917
237.917
237.917
237.917
237.917
237.917
237.917
237.917
237.917
237.917
237.917
237.917
237.917
237.917
237.917
237.917
237.917
237.917
237.917
237.207
237.207
237.207
237.207
235.755
235.755
235.392
216.263
210.83
210.83
208.991
208.991
204.761
204.761
204.166
202.224
202.224
202.224
183.88
183.88
183.88
183.88
183.88
183.88
183.88
183.88
183.88
183.88
183.88
182.882
182.882
182.882
182.882
182.882
182.882
182.882
182.882
182.882
182.882
182.882
182.882
182.882
182.882
182.882
182.882
182.882
182.882
182.882
182.882
182.882
182.882
182.882
182.882
182.882
182.882
182.882
182.882
182.882
182.882
182.882
182.882
182.882
182.882
182.882
182.882
182.882
182.882
182.882
182.882
182.882
182.882
182.882
182.882
182.882
182.882
182.882
182.882
182.882
182.882
182.882
182.882
182.882
182.882
182.882
182.882
182.882
182.882
182.882
182.882
182.882
176.262
176.262
176.262
176.262
176.262
176.262
176.262
176.262
176.262
176.262
176.262
176.262
176.262
176.262
176.262
176.262
176.262
176.262
176.262
176.262
176.262
176.262
176.262
176.262
176.262
176.262
176.262
176.262
176.262
176.262
176.262
176.262
176.262
176.262
176.262
176.262
176.262
176.262
176.262
176.262
176.262
176.262
176.262
176.262
176.262
176.262
176.262
176.262
176.262
176.262
176.262
176.262
176.262
176.262
176.262
176.262
176.262
176.262
176.262
176.262
176.262
176.262
176.262
176.262
176.262
176.262
176.262
176.262
176.262
176.262
176.262
176.262
176.262
176.262
176.262
176.262
176.262
176.262
176.262
176.262
176.262
176.262
176.262
170.423
170.423
170.423
170.423
170.423
170.423
170.423
170.423
170.423
170.423
170.423
170.423
170.423
170.423
170.423
170.423
170.423
170.423
170.423
170.423
170.423
170.423
170.423
170.423
170.423
170.423
170.423
170.423
170.423
170.423
170.423
170.423
167.68
167.68
167.68
167.68
167.68
167.68
160.195
160.195
160.195
160.195
160.195
160.195
160.195
160.195
160.195
160.195
160.195
160.195
160.195
160.195
160.195
160.195
160.195
160.195
160.195
160.195
160.195
160.195
160.195
160.195
160.195
160.195
160.195
160.195
160.195
160.195
160.195
160.195
160.195
160.195
160.195
160.195
160.195
160.195
160.195
160.195
160.195
160.195
160.195
160.195
160.195
160.195
160.195
160.195
160.195
160.195
160.195
160.195
160.195
160.195
160.195
160.195
160.195
160.195
160.195
160.195
160.195
160.195
160.195
160.195
160.195
160.195
160.195
160.195
160.195
160.195
160.195
160.195
158.296
158.296
158.296
158.296
158.296
158.296
158.296
158.296
158.296
158.296
158.296
158.296
158.296
158.296
158.296
158.296
158.296
158.296
158.296
158.296
158.296
158.296
158.296
158.296
158.296
158.296
158.296
158.296
158.296
158.296
158.296
158.296
158.296
158.296
158.296
158.296
158.296
158.296
158.296
158.296
158.296
158.296
158.296
158.296
158.296
158.296
158.296
158.296
158.296
158.296
158.296
158.296
158.296
158.296
158.296
158.296
158.296
158.296
158.296
158.296
158.296
158.296
158.296
158.296
158.296
158.296
158.296
158.296
158.296
158.296
158.296
158.296
158.296
158.296
158.296
158.296
158.296
158.296
158.296
158.296
158.296
158.296
158.296
158.296
158.296
158.296
158.296
158.296
158.296
158.296
158.296
158.296
158.296
158.296
158.296
158.296
158.296
158.296
158.296
158.296
158.296
158.296
158.296
158.296
158.296
158.296
158.296
158.296
158.296
158.296
158.296
158.296
158.296
158.296
158.296
158.296
158.296
158.296
158.296
158.296
158.296
158.296
158.296
158.296
158.296
158.296
158.296
158.296
158.296
158.296
158.296
158.296
158.296
158.296
158.296
158.296
158.296
158.296
158.296
158.296
158.296
158.296
158.296
158.296
158.296
158.296
158.296
158.296
158.296
158.296
158.296
158.296
158.296
158.296
158.296
158.296
158.296
158.296
158.296
158.296
158.296
158.296
158.296
158.296
158.296
158.296
158.296
158.296
158.296
158.296
158.296
158.296
158.296
158.296
158.296
158.296
158.296
158.296
158.296
158.296
158.296
158.296
158.296
158.296
158.296
158.296
158.296
158.296
158.296
158.296
158.296
158.296
158.296
158.296
158.296
158.296
158.296
158.296
158.296
158.296
158.296
158.296
158.296
158.296
158.296
158.296
158.296
158.296
158.296
158.296
158.296
158.296
158.296
158.296
158.296
158.296
158.296
158.296
158.296
158.296
158.296
158.296
158.296
158.296
158.296
158.296
158.296
158.296
158.296
158.296
158.296
158.296
158.296
158.296
158.296
158.296
158.296
158.296
158.296
158.296
158.296
158.296
158.296
158.296
158.296
158.296
158.296
158.296
158.296
149.803
149.803
149.803
149.803
149.803
149.803
149.803
149.803
149.803
149.803
149.803
149.803
149.803
149.803
149.803
149.803
149.803
149.803
149.803
149.803
149.803
149.803
149.803
149.803
149.803
149.803
149.803
149.803
149.803
149.803
149.803
149.803
149.803
149.803
149.803
149.803
149.803
149.803
149.803
149.803
149.803
149.803
149.803
149.803
149.803
149.803
149.803
149.803
149.803
149.803
149.803
149.803
149.803
149.803
149.803
149.803
149.803
149.803
149.803
149.803
149.803
149.803
149.803
149.803
149.803
149.803
149.803
149.803
149.803
149.803
149.803
149.803
149.803
149.803
149.803
149.803
149.803
149.803
149.803
149.803
149.803
149.803
149.803
149.803
149.803
149.803
149.803
149.803
149.803
149.803
149.803
149.803
149.803
149.803
149.803
149.803
149.803
149.803
149.803
149.803
149.803
149.803
149.803
149.803
149.803
149.803
149.803
149.803
149.803
149.803
149.803
149.803
149.803
149.803
149.803
149.803
149.803
149.803
149.803
149.803
149.803
149.803
149.803
149.803
149.803
149.803
149.803
149.803
149.803
149.803
149.803
149.803
149.803
149.803
149.803
149.803
149.803
149.803
149.803
149.803
149.803
149.803
149.803
149.803
149.803
149.803
149.803
149.803
149.803
149.803
149.803
149.803
149.803
149.803
149.803
149.803
149.803
149.803
149.803
149.803
149.803
149.803
149.803
149.803
149.803
149.803
149.803
149.803
149.803
149.803
149.803
149.803
149.803
149.803
149.803
149.803
149.803
149.803
149.803
149.803
149.803
149.803
149.803
149.803
149.803
149.803
149.803
149.803
149.803
149.803
149.803
149.803
149.803
149.803
149.803
149.803
149.803
149.803
149.803
149.803
149.803
149.803
149.803
149.803
149.803
149.803
149.803
149.803
149.803
149.803
149.803
149.803
149.803
149.803
149.803
149.803
149.803
149.803
149.803
149.803
149.803
149.803
149.803
149.803
149.803
149.803
149.803
149.803
149.803
149.803
149.803
149.803
149.803
149.803
149.803
149.803
149.803
149.803
149.803
149.803
149.803
149.803
149.803
149.803
149.803
149.803
149.803
149.803
149.803
149.803
149.803
149.803
149.803
149.803
149.803
149.803
149.803
149.803
149.803
149.803
149.803
149.803
149.803
149.803
149.803
149.803
149.803
149.803
149.803
149.803
149.803
149.803
149.803
149.803
149.803
149.803
149.803
149.803
149.803
149.803
149.803
149.803
149.803
149.803
149.803
149.803
149.803
149.803
149.803
149.803
149.803
149.803
149.803
149.803
149.803
149.803
149.803
149.803
149.803
149.803
149.803
149.803
149.803
149.803
149.803
149.803
149.803
149.803
149.803
149.803
149.803
149.803
149.803
149.803
149.803
149.803
149.803
149.803
149.803
149.803
149.803
149.803
149.803
149.803
149.803
149.803
149.803
149.803
149.803
149.803
149.803
149.803
149.803
149.803
149.803
149.803
149.803
149.803
149.803
149.803
149.803
149.803
149.803
149.803
149.803
149.803
149.803
149.803
149.803
149.803
149.803
149.803
149.803
149.803
149.803
149.803
149.803
149.803
149.803
149.803
149.803
149.803
149.803
149.803
149.803
149.803
149.803
149.803
149.803
149.803
149.803
149.803
149.803
149.803
149.803
149.803
149.803
149.803
149.803
149.803
149.803
149.803
149.803
149.803
149.803
149.803
149.803
149.803
149.803
149.803
149.803
149.803
149.803
149.803
149.803
149.803
149.803
149.803
149.803
149.803
149.803
149.803
149.803
149.803
149.803
149.803
149.803
149.803
149.803
149.803
149.803
149.803
149.803
149.803
149.803
149.803
149.803
149.803
149.803
149.803
149.803
149.803
149.803
149.803
149.803
149.803
149.803
149.803
149.803
149.803
149.803
149.803
149.803
149.803
149.803
149.803
149.803
149.803
149.803
149.803
149.803
149.803
149.803
149.803
149.803
149.803
149.803
149.803
149.803
149.803
149.803
149.803
149.803
149.803
149.803
149.803
149.803
149.803
149.803
149.803
149.803
149.803
149.803
149.803
149.803
149.803
149.803
149.803
149.803
149.803
149.803
149.803
149.803
149.803
149.803
149.803
149.803
149.803
149.803
149.803
149.803
149.803
149.803
149.803
149.803
149.803
149.803
149.803
149.803
149.803
149.803
149.803
149.803
149.803
149.803
149.803
149.803
149.803
149.803
149.803
149.803
149.803
149.803
149.803
149.803
149.803
149.803
149.803
149.803
149.803
149.803
149.803
149.803
149.803
149.803
149.803
149.803
149.803
149.803
149.803
149.803
149.803
149.803
149.803
149.803
149.803
149.803
149.803
149.803
149.803
149.803
149.803
149.803
149.803
149.803
149.803
149.803
149.803
149.803
149.803
149.803
149.803
149.803
149.803
149.803
149.803
149.803
149.803
149.803
149.803
149.803
149.803
149.803
149.803
149.803
149.803
149.803
149.803
149.803
149.803
149.803
149.803
149.803
149.803
149.803
149.803
149.803
149.803
149.803
149.803
149.803
149.803
149.803
149.803
149.803
149.803
149.803
149.803
149.803
149.803
149.803
149.803
149.803
149.803
149.803
149.803
149.803
149.803
149.803
149.803
149.803
149.803
149.803
149.803
149.803
149.803
149.803
149.803
149.803
149.803
149.803
149.803
149.803
149.803
149.803
149.803
149.803
149.803
149.803
149.803
149.803
149.803
149.803
149.803
149.803
149.803
149.803
149.803
149.803
149.803
149.803
149.803
149.803
149.803
149.803
149.803
149.803
149.803
149.803
149.803
149.803
149.803
149.803
149.803
149.803
149.803
149.803
149.803
149.803
149.803
149.803
149.803
149.803
149.803
149.803
149.803
149.803
149.803
149.803
149.803
149.803
149.803
149.803
149.803
149.803
149.803
149.803
149.803
149.803
149.803
149.803
149.803
149.803
149.803
149.803
149.803
149.803
149.803
149.803
149.803
149.803
149.803
149.803
149.803
149.803
149.803
149.803
149.803
149.803
149.803
149.803
149.803
149.803
149.803
149.803
149.803
149.803
149.803
149.803
149.803
149.803
149.803
149.803
149.803
149.803
149.803
149.803
149.803
149.803
149.803
149.803
149.803
149.803
149.803
149.803
149.803
149.803
149.803
149.803
149.803
149.803
149.803
149.803
149.803
149.803
149.803
149.803
149.803
149.803
149.803
149.803
149.803
149.803
149.803
149.803
149.803
149.803
149.803
149.803
149.803
149.803
149.803
149.803
149.803
149.803
149.803
149.803
149.803
149.803
149.803
149.803
149.803
149.803
149.803
149.803
149.803
149.803
149.803
149.803
149.803
149.803
149.803
149.803
149.803
149.803
149.803
149.803
149.803
149.803
149.803
149.803
149.803
149.803
149.803
149.803
149.803
149.803
149.803
149.803
149.803
149.803
149.803
149.803
149.803
149.803
149.803
149.803
149.803
149.803
149.803
149.803
149.803
149.803
149.803
149.803
149.803
149.803
149.803
149.803
149.803
149.803
149.803
149.803
149.803
149.803
149.803
149.803
149.803
149.803
149.803
149.803
149.803
149.803
149.803
149.803
149.803
149.803
149.803
149.803
149.803
149.803
149.803
149.803
149.803
149.803
149.803
149.803
149.803
149.803
149.803
149.803
149.803
149.803
149.803
149.803
149.803
149.803
149.803
149.803
149.803
149.803
149.803
149.803
149.803
149.803
149.803
149.803
149.803
149.803
149.803
149.803
149.803
149.803
149.803
149.803
149.803
149.803
149.803
149.803
149.803
149.803
149.803
149.803
149.803
149.803
149.803
149.803
149.803
149.803
149.803
149.803
149.803
149.803
149.803
149.803
149.803
149.803
149.803
149.803
149.803
149.803
149.803
149.803
149.803
149.803
149.803
149.803
149.803
149.803
149.803
149.803
149.803
149.803
149.803
149.803
149.803
149.803
149.803
149.803
149.803
149.803
149.803
149.803
149.803
149.803
149.803
149.803
149.803
149.803
149.803
149.803
149.803
149.803
149.803
149.803
149.803
149.803
149.803
149.803
149.803
149.803
149.803
149.803
149.803
149.803
149.803
149.803
149.803
149.803
149.803
149.803
149.803
149.803
149.803
149.803
149.803
149.803
149.803
149.803
149.803
149.803
149.803
149.803
149.803
149.803
149.803
149.803
149.803
149.803
149.803
149.803
149.803
149.803
149.803
149.803
149.803
149.803
149.803
149.803
149.803
149.803
149.803
149.803
149.803
149.803
149.803
149.803
149.803
149.803
149.803
149.803
149.803
149.803
149.803
149.803
149.803
149.803
149.803
149.803
149.803
149.803
149.803
149.803
149.803
149.803
149.803
149.803
149.803
149.803
149.803
149.803
149.803
149.803
149.803
149.803
149.803
149.803
149.803
149.803
149.803
149.803
149.803
149.803
149.803
149.803
149.803
149.803
149.803
149.803
149.803
149.803
149.803
149.803
149.803
149.803
149.803
149.803
149.803
149.803
149.803
149.803
149.803
149.803
149.803
149.803
149.803
149.803
149.803
149.803
149.803
149.803
149.803
149.803
149.803
149.803
149.803
149.803
149.803
149.803
149.803
149.803
149.803
149.803
149.803
149.803
149.803
149.803
149.803
149.803
149.803
149.803
149.803
149.803
149.803
149.803
149.803
149.803
149.803
149.803
149.803
149.803
149.803
149.803
149.803
149.803
149.803
149.803
149.803
149.803
149.803
149.803
149.803
149.803
149.803
149.803
149.803
149.803
149.803
149.803
149.803
149.803
149.803
149.803
149.803
149.803
149.803
149.803
149.803
149.803
149.803
149.803
149.803
149.803
149.803
149.803
149.803
149.803
149.803
149.803
149.803
149.803
149.803
149.803
149.803
149.803
149.803
149.803
149.803
149.803
149.803
149.803
149.803
149.803
149.803
149.803
149.803
149.803
149.803
149.803
149.803
149.803
149.803
149.803
149.803
149.803
149.803
149.803
149.803
149.803
149.803
149.803
149.803
149.803
149.803
149.803
149.803
149.803
149.803
149.803
149.803
149.803
149.803
149.803
149.803
149.803
149.803
149.803
149.803
149.803
149.803
149.803
149.803
149.803
149.803
149.803
149.803
149.803
149.803
149.803
149.803
149.803
149.803
149.803
149.803
149.803
149.803
149.803
149.803
149.803
149.803
149.803
149.803
149.803
149.803
149.803
149.803
149.803
149.803
149.803
149.803
149.803
149.803
149.803
149.803
149.803
149.803
149.803
149.803
149.803
149.803
149.803
149.803
149.803
149.803
149.803
149.803
149.803
149.803
149.803
149.803
149.803
149.803
149.803
149.803
149.803
149.803
149.803
149.803
149.803
149.803
149.803
149.803
149.803
149.803
149.803
149.803
149.803
149.803
149.803
149.803
149.803
149.803
149.803
149.803
149.803
149.803
149.803
149.803
149.803
149.803
149.803
149.803
149.803
149.803
149.803
149.803
149.803
149.803
149.803
149.803
149.803
149.803
149.803
149.803
149.803
149.803
149.803
149.803
149.803
149.803
149.803
149.803
149.803
149.803
149.803
149.803
149.803
149.803
149.803
149.803
149.803
149.803
149.803
149.803
149.803
149.803
149.803
149.803
149.803
149.803
149.803
149.803
149.803
149.803
149.803
149.803
149.803
149.803
149.803
149.803
149.803
149.803
149.803
149.803
149.803
149.803
149.803
149.803
149.803
149.803
149.803
149.803
149.803
149.803
149.803
149.803
149.803
149.803
149.803
149.803
149.803
149.803
149.803
149.803
149.803
149.803
149.803
149.803
149.803
149.803
149.803
149.803
149.803
149.803
149.803
149.803
149.803
149.803
149.803
149.803
149.803
149.803
149.803
149.803
149.803
149.803
149.803
149.803
149.803
149.803
149.803
149.803
149.803
149.803
149.803
149.803
149.803
149.803
149.803
149.803
149.803
149.803
149.803
149.803
149.803
149.803
149.803
149.803
149.803
149.803
149.803
149.803
149.803
149.803
149.803
149.803
149.803
149.803
149.803
149.803
149.803
149.803
149.803
149.803
149.803
149.803
149.803
149.803
149.803
149.803
149.803
149.803
149.803
149.803
149.803
149.803
149.803
149.803
149.803
149.803
149.803
149.803
149.803
149.803
149.803
149.803
149.803
149.803
149.803
149.803
149.803
149.803
149.803
149.803
149.803
149.803
149.803
149.803
149.803
149.803
149.803
149.803
149.803
149.803
149.803
149.803
149.803
149.803
149.803
149.803
149.803
149.803
149.803
149.803
149.803
149.803
149.803
149.803
149.803
149.803
149.803
149.803
149.803
149.803
149.803
149.803
149.803
149.803
149.803
149.803
149.803
149.803
149.803
149.803
149.803
149.803
149.803
149.803
149.803
149.803
149.803
149.803
149.803
149.803
149.803
149.803
149.803
149.803
149.803
149.803
149.803
149.803
149.803
149.803
149.803
149.803
149.803
149.803
149.803
149.803
149.803
149.803
149.803
149.803
149.803
149.803
149.803
149.803
149.803
149.803
149.803
149.803
149.803
149.803
149.803
149.803
149.803
149.803
149.803
149.803
149.803
149.803
149.803
149.803
149.803
149.803
149.803
149.803
149.803
149.803
149.803
149.803
149.803
149.803
149.803
149.803
149.803
149.803
149.803
149.803
149.803
149.803
149.803
149.803
149.803
149.803
149.803
149.803
149.803
149.803
149.803
149.803
149.803
149.803
149.803
149.803
149.803
149.803
149.803
149.803
149.803
149.803
149.803
149.803
149.803
149.803
149.803
149.803
149.803
149.803
149.803
149.803
149.803
149.803
149.803
149.803
149.803
149.803
149.803
149.803
149.803
149.803
149.803
149.803
149.803
149.803
149.803
149.803
149.803
149.803
149.803
149.803
149.803
149.803
149.803
149.803
149.803
149.803
149.803
149.803
149.803
149.803
149.803
149.803
149.803
149.803
149.803
149.803
149.803
149.803
149.803
149.803
149.803
149.803
149.803
149.803
149.803
149.803
149.803
149.803
149.803
149.803
149.803
149.803
149.803
149.803
149.803
149.803
149.803
149.803
149.803
149.803
149.803
147.51
147.51
147.51
147.51
147.51
147.51
147.51
147.51
147.51
147.51
147.51
147.51
147.51
147.51
147.51
147.51
147.51
147.51
147.51
147.51
147.51
147.51
147.51
147.51
147.51
147.51
147.51
147.51
147.51
147.51
147.51
147.51
147.51
147.51
147.51
147.51
147.51
147.51
147.51
147.51
147.51
147.51
147.51
147.51
147.51
147.51
147.51
147.51
147.51
147.51
147.51
147.51
147.51
147.51
147.51
147.51
147.51
147.51
147.51
147.51
147.51
147.51
147.51
147.51
147.51
147.51
147.51
147.51
147.51
147.51
147.51
147.51
147.51
147.51
147.51
147.51
147.51
147.51
147.51
147.51
147.51
147.51
147.51
147.51
147.51
147.51
147.51
147.51
147.51
147.51
147.51
147.51
147.51
147.51
147.51
147.51
147.51
147.51
147.51
147.51
147.51
147.51
147.51
147.51
147.51
147.51
147.51
147.51
147.51
147.51
147.51
147.51
147.51
147.51
147.51
147.51
147.51
147.51
147.51
147.51
147.51
147.51
147.51
147.51
147.51
147.51
147.51
147.51
147.51
147.51
147.51
147.51
147.51
147.51
147.51
147.51
147.51
147.51
147.51
147.51
147.51
147.51
147.51
147.51
147.51
147.51
147.51
147.51
147.51
147.51
147.51
147.51
147.51
147.51
147.51
147.51
147.51
147.51
147.51
147.51
147.51
147.51
147.51
147.51
147.51
147.51
147.51
147.51
147.51
147.51
147.51
147.51
147.51
147.51
147.51
147.51
147.51
147.51
147.51
147.51
147.51
147.51
147.51
147.51
147.51
147.51
147.51
147.51
147.51
147.51
147.51
147.51
147.51
147.51
147.51
147.51
147.51
147.51
147.51
147.51
147.51
147.51
147.51
147.51
147.51
147.51
147.51
147.51
147.51
147.51
147.51
147.51
147.51
147.51
147.51
147.51
147.51
147.51
147.51
147.51
147.51
147.51
147.51
147.51
147.51
147.51
147.51
147.51
147.51
147.51
147.51
147.51
147.51
147.51
147.51
147.51
147.51
147.51
147.51
147.51
147.51
147.51
147.51
147.51
147.51
147.51
147.51
147.51
147.51
147.51
147.51
147.51
147.51
147.51
147.51
147.51
147.51
147.51
147.51
147.51
147.51
147.51
147.51
147.51
147.51
147.51
147.51
147.51
147.51
147.51
147.51
147.51
147.51
147.51
147.51
147.51
147.51
147.51
147.51
147.51
147.51
147.51
147.51
147.51
147.51
147.51
147.51
147.51
147.51
147.51
147.51
147.51
147.51
147.51
147.51
147.51
147.51
147.51
147.51
147.51
147.51
147.51
147.51
147.51
147.51
147.51
147.51
147.51
147.51
147.51
147.51
147.51
147.51
147.51
147.51
147.51
147.51
147.51
147.51
147.51
147.51
147.51
147.51
147.51
147.51
147.51
147.51
147.51
147.51
147.51
147.51
147.51
147.51
147.51
147.51
147.51
147.51
147.51
147.51
147.51
147.51
147.51
147.51
147.51
147.51
147.51
147.51
147.51
147.51
147.51
147.51
147.51
147.51
147.51
147.51
147.51
147.51
147.51
147.51
147.51
147.51
147.51
147.51
147.51
147.51
147.51
147.51
147.51
147.51
147.51
147.51
147.51
147.51
147.51
147.51
147.51
147.51
147.51
147.51
147.51
147.51
147.51
147.51
147.51
147.51
147.51
147.51
147.51
147.51
147.51
147.51
147.51
147.51
147.51
147.51
147.51
147.51
147.51
147.51
147.51
147.51
147.51
147.51
147.51
147.51
147.51
147.51
147.51
147.51
147.51
147.51
147.51
147.51
147.51
147.51
147.51
147.51
147.51
147.51
147.51
147.51
147.51
147.51
147.51
147.51
147.51
147.51
147.51
147.51
147.51
147.51
147.51
147.51
147.51
147.51
147.51
147.51
147.51
147.51
147.51
147.51
147.51
147.51
147.51
147.51
147.51
147.51
147.51
147.51
147.51
147.51
147.51
147.51
147.51
147.51
147.51
147.51
147.51
147.51
147.51
147.51
147.51
147.51
147.51
147.51
147.51
147.51
147.51
147.51
147.51
147.51
147.51
147.51
147.51
147.51
147.51
147.51
147.51
147.51
147.51
147.51
147.51
147.51
147.51
147.51
147.51
147.51
147.51
147.51
147.51
147.51
147.51
147.51
147.51
147.51
147.51
147.51
147.51
147.51
147.51
147.51
147.51
147.51
147.51
147.51
147.51
147.51
147.51
147.51
147.51
147.51
147.51
147.51
147.51
147.51
147.51
147.51
147.51
147.51
147.51
147.51
147.51
147.51
147.51
147.51
147.51
147.51
147.51
147.51
147.51
147.51
147.51
147.51
147.51
147.51
147.51
147.51
147.51
147.51
147.51
147.51
147.51
147.51
147.51
147.51
147.51
147.51
147.51
147.51
147.51
147.51
147.51
147.51
147.51
147.51
147.51
147.51
147.51
147.51
147.51
147.51
147.51
147.51
147.51
147.51
147.51
147.51
147.51
147.51
147.51
147.51
147.51
147.51
147.51
147.51
147.51
147.51
147.51
147.51
147.51
147.51
147.51
147.51
147.51
147.51
147.51
147.51
147.51
147.51
147.51
147.51
147.51
147.51
147.51
147.51
147.51
147.51
147.51
147.51
147.51
147.51
147.51
147.51
147.51
147.51
147.51
147.51
147.51
147.51
147.51
147.51
147.51
147.51
147.51
147.51
147.51
147.51
147.51
147.51
147.51
147.51
147.51
147.51
147.51
147.51
147.51
147.51
147.51
147.51
147.51
147.51
147.51
147.51
147.51
147.51
147.51
147.51
147.51
147.51
147.51
147.51
147.51
147.51
147.51
147.51
147.51
147.51
147.51
147.51
147.51
147.51
147.51
147.51
147.51
147.51
147.51
147.51
147.51
147.51
147.51
147.51
147.51
147.51
147.51
147.51
147.51
147.51
147.51
147.51
147.51
147.51
147.51
147.51
147.51
147.51
147.51
147.51
147.51
147.51
147.51
147.51
147.51
147.51
147.51
147.51
147.51
147.51
147.51
147.51
147.51
147.51
147.51
147.51
147.51
147.51
147.51
147.51
147.51
147.51
147.51
147.51
147.51
147.51
147.51
147.51
147.51
147.51
147.51
147.51
147.51
147.51
147.51
147.51
147.51
147.51
147.51
147.51
147.51
147.51
147.51
147.51
147.51
147.51
147.51
147.51
147.51
147.51
147.51
147.51
147.51
147.51
147.51
147.51
147.51
147.51
147.51
147.51
147.51
147.51
147.51
147.51
147.51
147.51
147.51
147.51
147.51
147.51
147.51
147.51
147.51
147.51
147.51
147.51
147.51
147.51
147.51
147.51
147.51
147.51
147.51
147.51
147.51
147.51
147.51
147.51
147.51
147.51
147.51
147.51
147.51
147.51
147.51
147.51
147.51
147.51
147.51
147.51
147.51
147.51
147.51
147.51
147.51
147.51
147.51
147.51
147.51
147.51
147.51
147.51
147.51
147.51
147.51
147.51
147.51
147.51
147.51
147.51
147.51
147.51
147.51
147.51
147.51
147.51
147.51
147.51
147.51
147.51
147.51
147.51
147.51
147.51
147.51
147.51
147.51
147.51
147.51
147.51
147.51
147.51
147.51
147.51
147.51
147.51
147.51
147.51
147.51
147.51
147.51
147.51
147.51
147.51
147.51
147.51
147.51
147.51
147.51
147.51
147.51
147.51
147.51
147.51
147.51
147.51
147.51
147.51
147.51
147.51
147.51
147.51
147.51
147.51
147.51
147.51
147.51
147.51
147.51
147.51
147.51
147.51
147.51
147.51
147.51
147.51
147.51
147.51
147.51
147.51
147.51
147.51
147.51
147.51
147.51
147.51
147.51
147.51
147.51
147.51
147.51
147.51
147.51
147.51
147.51
147.51
147.51
147.51
147.51
147.51
147.51
147.51
147.51
147.51
147.51
147.51
147.51
147.51
147.51
147.51
147.51
147.51
147.51
147.51
147.51
147.51
147.51
147.51
147.51
147.51
147.51
147.51
147.51
147.51
147.51
147.51
147.51
147.51
147.51
147.51
147.51
147.51
147.51
147.51
147.51
147.51
147.51
147.51
147.51
147.51
147.51
147.51
147.51
147.51
147.51
147.51
147.51
147.51
147.51
147.51
147.51
147.51
147.51
147.51
147.51
147.51
147.51
147.51
147.51
147.51
147.51
147.51
147.51
147.51
147.51
147.51
147.51
147.51
147.51
147.51
147.51
147.51
147.51
147.51
147.51
147.51
147.51
147.51
147.51
147.51
147.51
147.51
147.51
147.51
147.51
147.51
147.51
147.51
141.515
141.515
141.515
141.515
141.515
141.515
141.515
141.515
141.515
141.515
141.515
141.515
141.515
141.515
141.515
141.515
141.515
141.515
141.515
127.936
127.936
127.936
127.936
127.936
127.936
127.936
127.936
127.936
127.936
127.936
127.936
127.936
127.936
127.936
127.936
127.936
127.936
127.936
127.936
127.936
127.936
127.936
127.936
127.936
127.936
127.936
127.936
127.936
127.936
127.936
127.936
127.936
127.936
127.936
127.936
127.936
127.936
127.936
127.936
127.936
127.936
127.936
116.423
108.372
108.372
108.372
108.372
108.372
86.6617
86.6617
74.7843
74.7843
73.3046
73.3046
73.3046
66.5581
66.5581
66.5581
66.3998
66.3998
55.9863
46.9332
46.9332
44.2498
40.361
40.361
37.211
34.1073
25.685
21.8271
20.9575
18.5555
13.3248
13.3248
13.3248
12.1571
9.33434
7.02139
7.02139
7.02139
7.02139
6.65039
6.65039
6.65039
6.65039
6.65039
6.65039
6.65039
6.65039
6.65039
6.16651
5.49014
5.49014
5.18347
4.36418
3.84881
3.79219
3.35626
3.34401
2.91342
2.66015
2.63754
2.58876
2.58876
2.36237
2.36237
2.28768
2.22608
1.75371
1.75371
1.75371
1.47786
1.41586
1.27033
1.05803
1.05803
1.00659
0.972637
0.925691
0.837808
0.828843
0.763685
0.763685
0.714133
0.656555
0.656555
0.611436
0.611436
0.570595
0.550002
0.512486
0.487259
0.452543
0.436941
0.416553
0.388163
0.364296
0.337429
0.293957
0.288072
0.226233
0.21283
0.168051
0.154849
0.130421
0.12056
0.103268
0.0915663
0.0893615
0.0797104
0.0781862
0.0729988
0.0628311
0.0610778
0.061037
0.053425
0.053425
0.0525972
0.0518328
0.0428496
0.0382434
0.0355154
0.0345065
0.0336246
0.0333001
0.0319784
0.0308989
0.0306778
0.0290918
0.0279837
0.0274201
0.0257754
0.0242545
0.0229936
0.0201712
0.0192255
0.0176473
0.0159619
0.0159619
0.0159619
0.0154439
0.0153834
0.012535
0.012535
0.0111228
0.00970129
0.00899072
0.00749955
0.00749955
0.00693213
0.0066936
0.0066936
0.00534566
0.00463368
0.00397005
0.00356598
0.0026978
0.00239058
0.00197354
0.00136982
0.00128509
0.00123038
0.00105436
0.000836783
0.000826012
0.000635934
0.000635934
0.000557966
0.000490917
0.000431955
0.000422139
0.000402708
0.000351728
0.000277571
0.000277571
0.000206821
0.000189526
0.000119559
0.000111154
5.42238e-05
5.42238e-05
5.02911e-05
3.51828e-05
2.1222e-05
1.98e-05
1.28563e-05
7.47154e-06
4.22745e-06
4.22745e-06
2.70579e-06
2.70579e-06
2.36729e-06
2.23185e-06
1.00544e-06
1.00544e-06
1.00544e-06
1.00544e-06
1.00544e-06
1.00544e-06
9.30011e-07
9.30011e-07
9.10933e-07
8.59618e-07
8.10231e-07
6.89504e-07
6.89504e-07
6.89504e-07
6.89504e-07
6.0053e-07
5.6297e-07
3.61711e-07
3.17083e-07
2.31781e-07
1.77901e-07
9.654e-08
9.06008e-08
4.86976e-08
4.86976e-08
4.53223e-08
2.10376e-08
2.10376e-08
2.10376e-08
2.10376e-08
2.10376e-08
1.84471e-08
1.84471e-08
1.84471e-08
1.84471e-08
1.84471e-08
1.84471e-08
1.84471e-08
1.84471e-08
1.84471e-08
1.84471e-08
1.84471e-08
1.84471e-08
1.84471e-08
1.84471e-08
1.84471e-08
1.84471e-08
1.84471e-08
1.84471e-08
1.84471e-08
1.84471e-08
1.84471e-08
1.84471e-08
1.84471e-08
1.84471e-08
1.84471e-08
1.84471e-08
1.84471e-08
1.84471e-08
1.84471e-08
1.84471e-08
1.84471e-08
1.84471e-08
1.84471e-08
1.84471e-08
1.84471e-08
1.84471e-08
1.84471e-08
1.84471e-08
1.84471e-08
1.84471e-08
1.84471e-08
1.84471e-08
1.84471e-08
1.84471e-08
1.84471e-08
1.84471e-08
1.84471e-08
1.84471e-08
1.84471e-08
1.84471e-08
1.84471e-08
1.84471e-08
1.84471e-08
1.84471e-08
1.84471e-08
1.84471e-08
1.84471e-08
1.84471e-08
1.84471e-08
1.84471e-08
1.84471e-08
1.84471e-08
1.84471e-08
1.84471e-08
1.84471e-08
1.84471e-08
1.84471e-08
1.84471e-08
1.84471e-08
1.84471e-08
1.84471e-08
1.84471e-08
1.84471e-08
1.84471e-08
1.84471e-08
1.84471e-08
1.84471e-08
1.84471e-08
1.84471e-08
1.84471e-08
1.84471e-08
1.84471e-08
1.84471e-08
1.84471e-08
1.84471e-08
1.84471e-08
1.84471e-08
1.84471e-08
1.84471e-08
1.84471e-08
1.84471e-08
1.84471e-08
1.84471e-08
1.84471e-08
1.84471e-08
1.84471e-08
1.84471e-08
1.84471e-08
1.84471e-08
1.84471e-08
1.84471e-08
1.84471e-08
1.84471e-08
1.84471e-08
1.84471e-08
1.84471e-08
1.84471e-08
1.84471e-08
1.84471e-08
1.84471e-08
1.84471e-08
1.84471e-08
1.84471e-08
1.84471e-08
1.84471e-08
1.84471e-08
1.84471e-08
1.84471e-08
1.84471e-08
1.84471e-08
1.84471e-08
1.84471e-08
1.84471e-08
1.84471e-08
1.84471e-08
1.84471e-08
1.84471e-08
1.84471e-08
1.84471e-08
1.84471e-08
1.84471e-08
1.84471e-08
1.84471e-08
1.84471e-08
1.84471e-08
1.84471e-08
1.84471e-08
1.84471e-08
1.84471e-08
1.84471e-08
1.84471e-08
1.84471e-08
1.84471e-08
1.84471e-08
1.84471e-08
1.84471e-08
1.84471e-08
1.84471e-08
1.84471e-08
1.84471e-08
1.84471e-08
1.84471e-08
1.84471e-08
1.84471e-08
1.84471e-08
1.84471e-08
1.84471e-08
1.84471e-08
1.84471e-08
1.84471e-08
1.84471e-08
1.84471e-08
1.84471e-08
1.84471e-08
1.84471e-08
1.84471e-08
1.84471e-08
1.84471e-08
1.84471e-08
1.84471e-08
1.84471e-08
1.84471e-08
1.84471e-08
1.84471e-08
1.84471e-08
1.84471e-08
1.84471e-08
1.84471e-08
1.84471e-08
1.84471e-08
1.84471e-08
1.84471e-08
1.84471e-08
1.84471e-08
1.84471e-08
1.84471e-08
1.84471e-08
1.84471e-08
1.84471e-08
1.84471e-08
1.84471e-08
1.84471e-08
1.84471e-08
1.84471e-08
1.84471e-08
1.84471e-08
1.84471e-08
1.84471e-08
1.84471e-08
1.84471e-08
1.84471e-08
1.84471e-08
1.84471e-08
1.84471e-08
1.84471e-08
1.84471e-08
1.84471e-08
1.84471e-08
1.84471e-08
1.84471e-08
1.84471e-08
1.84471e-08
1.84471e-08
1.84471e-08
1.84471e-08
1.84471e-08
1.84471e-08
1.84471e-08
1.84471e-08
1.84471e-08
1.84471e-08
1.84471e-08
1.84471e-08
1.84471e-08
1.84471e-08
1.84471e-08
1.84471e-08
1.84471e-08
1.84471e-08
1.84471e-08
1.84471e-08
1.84471e-08
1.84471e-08
1.84471e-08
1.84471e-08
1.84471e-08
1.84471e-08
1.84471e-08
1.84471e-08
1.84471e-08
1.84471e-08
1.84471e-08
1.84471e-08
1.84471e-08
1.84471e-08
1.84471e-08
1.84471e-08
1.84471e-08
1.84471e-08
1.84471e-08
1.84471e-08
1.84471e-08
1.84471e-08
1.84471e-08
1.84471e-08
1.84471e-08
1.84471e-08
1.84471e-08
1.84471e-08
1.84471e-08
1.84471e-08
1.84471e-08
1.84471e-08
1.84471e-08
1.84471e-08
1.84471e-08
1.84471e-08
1.84471e-08
1.84471e-08
1.84471e-08
1.84471e-08
1.84471e-08
1.84471e-08
1.84471e-08
1.84471e-08
1.84471e-08
1.84471e-08
1.84471e-08
1.84471e-08
1.84471e-08
1.84471e-08
1.84471e-08
1.84471e-08
1.84471e-08
1.84471e-08
1.84471e-08
1.84471e-08
1.84471e-08
1.84471e-08
1.84471e-08
1.84471e-08
1.84471e-08
1.84471e-08
1.84471e-08
1.84471e-08
1.84471e-08
1.84471e-08
1.84471e-08
1.84471e-08
1.84471e-08
1.84471e-08
1.84471e-08
1.84471e-08
1.84471e-08
1.84471e-08
1.84471e-08
1.84471e-08
1.84471e-08
1.84471e-08
1.84471e-08
1.84471e-08
1.84471e-08
1.84471e-08
1.84471e-08
1.84471e-08
1.84471e-08
1.84471e-08
1.84471e-08
1.84471e-08
1.84471e-08
1.84471e-08
1.84471e-08
1.84471e-08
1.84471e-08
1.84471e-08
1.84471e-08
1.84471e-08
1.84471e-08
1.84471e-08
1.84471e-08
1.84471e-08
1.84471e-08
1.84471e-08
1.84471e-08
1.84471e-08
1.84471e-08
1.84471e-08
1.84471e-08
1.84471e-08
1.84471e-08
1.84471e-08
1.84471e-08
1.84471e-08
1.84471e-08
1.84471e-08
1.84471e-08
1.84471e-08
1.84471e-08
1.84471e-08
1.84471e-08
1.84471e-08
1.84471e-08
1.84471e-08
1.84471e-08
1.84471e-08
1.84471e-08
1.84471e-08
1.84471e-08
1.84471e-08
1.84471e-08
1.84471e-08
1.84471e-08
1.84471e-08
1.84471e-08
1.84471e-08
1.84471e-08
1.84471e-08
1.84471e-08
1.84471e-08
1.84471e-08
1.84471e-08
1.84471e-08
1.84471e-08
1.84471e-08
1.84471e-08
1.84471e-08
1.84471e-08
1.84471e-08
1.84471e-08
1.84471e-08
1.84471e-08
1.84471e-08
1.84471e-08
1.84471e-08
1.84471e-08
1.84471e-08
1.84471e-08
1.84471e-08
1.84471e-08
1.84471e-08
1.84471e-08
1.84471e-08
1.84471e-08
1.84471e-08
1.84471e-08
1.84471e-08
1.84471e-08
1.84471e-08
1.84471e-08
1.84471e-08
1.84471e-08
1.84471e-08
1.84471e-08
1.84471e-08
1.84471e-08
1.84471e-08
1.84471e-08
1.84471e-08
1.84471e-08
1.84471e-08
1.84471e-08
1.84471e-08
1.84471e-08
1.84471e-08
1.84471e-08
1.84471e-08
1.84471e-08
1.84471e-08
1.84471e-08
1.84471e-08
1.84471e-08
1.84471e-08
1.84471e-08
1.84471e-08
1.84471e-08
1.84471e-08
1.84471e-08
1.84471e-08
1.84471e-08
1.84471e-08
1.84471e-08
1.84471e-08
1.84471e-08
1.84471e-08
1.84471e-08
1.84471e-08
1.84471e-08
1.84471e-08
1.84471e-08
1.84471e-08
1.84471e-08
1.84471e-08
1.84471e-08
1.84471e-08
1.84471e-08
1.84471e-08
1.84471e-08
1.84471e-08
1.84471e-08
1.84471e-08
1.84471e-08
1.84471e-08
1.84471e-08
1.84471e-08
1.84471e-08
1.84471e-08
1.84471e-08
1.84471e-08
1.84471e-08
1.84471e-08
1.84471e-08
1.84471e-08
1.84471e-08
1.84471e-08
1.84471e-08
1.84471e-08
1.84471e-08
1.84471e-08
1.84471e-08
1.84471e-08
1.84471e-08
1.84471e-08
1.84471e-08
1.84471e-08
1.84471e-08
1.84471e-08
1.84471e-08
1.84471e-08
1.84471e-08
1.84471e-08
1.84471e-08
1.84471e-08
1.84471e-08
1.84471e-08
1.84471e-08
1.84471e-08
1.84471e-08
1.84471e-08
1.84471e-08
1.84471e-08
1.84471e-08
1.84471e-08
1.84471e-08
1.84471e-08
1.84471e-08
1.84471e-08
1.84471e-08
1.84471e-08
1.84471e-08
1.84471e-08
1.84471e-08
1.84471e-08
1.84471e-08
1.84471e-08
1.84471e-08
1.84471e-08
1.84471e-08
1.84471e-08
1.84471e-08
1.84471e-08
1.84471e-08
1.84471e-08
1.84471e-08
1.84471e-08
1.84471e-08
1.84471e-08
1.84471e-08
1.84471e-08
1.84471e-08
1.84471e-08
1.84471e-08
1.84471e-08
1.84471e-08
1.84471e-08
1.84471e-08
1.84471e-08
1.84471e-08
1.84471e-08
1.84471e-08
1.84471e-08
1.84471e-08
1.84471e-08
1.84471e-08
1.84471e-08
1.84471e-08
1.84471e-08
1.84471e-08
1.84471e-08
1.84471e-08
1.84471e-08
1.84471e-08
1.84471e-08
1.84471e-08
1.84471e-08
1.84471e-08
1.84471e-08
1.84471e-08
1.84471e-08
1.84471e-08
1.84471e-08
1.84471e-08
1.84471e-08
1.84471e-08
1.84471e-08
1.84471e-08
1.84471e-08
1.84471e-08
1.84471e-08
1.84471e-08
1.84471e-08
1.84471e-08
1.84471e-08
1.84471e-08
1.84471e-08
1.84471e-08
1.84471e-08
1.84471e-08
1.84471e-08
1.84471e-08
1.84471e-08
1.84471e-08
1.84471e-08
1.84471e-08
1.84471e-08
1.84471e-08
1.84471e-08
1.84471e-08
1.84471e-08
1.84471e-08
1.84471e-08
1.84471e-08
1.84471e-08
1.84471e-08
1.84471e-08
1.84471e-08
1.84471e-08
1.84471e-08
1.84471e-08
1.84471e-08
1.84471e-08
1.84471e-08
1.84471e-08
1.84471e-08
1.84471e-08
1.84471e-08
1.84471e-08
1.84471e-08
1.84471e-08
1.84471e-08
1.84471e-08
1.84471e-08
1.84471e-08
1.84471e-08
1.84471e-08
1.84471e-08
1.84471e-08
1.84471e-08
1.84471e-08
1.84471e-08
1.84471e-08
1.84471e-08
1.84471e-08
1.84471e-08
1.84471e-08
1.84471e-08
1.84471e-08
1.84471e-08
1.84471e-08
1.84471e-08
1.84471e-08
1.84471e-08
1.84471e-08
1.84471e-08
1.84471e-08
1.84471e-08
1.84471e-08
1.84471e-08
1.84471e-08
1.84471e-08
1.84471e-08
1.84471e-08
1.84471e-08
1.84471e-08
1.84471e-08
1.84471e-08
1.84471e-08
1.84471e-08
1.84471e-08
1.84471e-08
1.84471e-08
1.84471e-08
1.84471e-08
1.84471e-08
1.84471e-08
1.84471e-08
1.84471e-08
1.84471e-08
1.84471e-08
1.84471e-08
1.84471e-08
1.84471e-08
1.84471e-08
1.84471e-08
1.84471e-08
1.84471e-08
1.84471e-08
1.84471e-08
1.84471e-08
1.84471e-08
1.84471e-08
1.84471e-08
1.84471e-08
1.84471e-08
1.84471e-08
1.84471e-08
1.84471e-08
1.84471e-08
1.84471e-08
1.84471e-08
1.84471e-08
1.84471e-08
1.84471e-08
1.84471e-08
1.84471e-08
1.84471e-08
1.84471e-08
1.84471e-08
1.84471e-08
1.84471e-08
1.84471e-08
1.84471e-08
1.84471e-08
1.84471e-08
1.84471e-08
1.84471e-08
1.84471e-08
1.84471e-08
1.84471e-08
1.84471e-08
1.84471e-08
1.84471e-08
1.84471e-08
1.84471e-08
1.84471e-08
1.84471e-08
1.84471e-08
1.84471e-08
1.84471e-08
1.84471e-08
1.84471e-08
1.84471e-08
1.84471e-08
1.84471e-08
1.84471e-08
1.84471e-08
1.84471e-08
1.84471e-08
1.84471e-08
1.84471e-08
1.84471e-08
1.84471e-08
1.84471e-08
1.84471e-08
1.84471e-08
1.84471e-08
1.84471e-08
1.84471e-08
1.84471e-08
1.84471e-08
1.84471e-08
1.84471e-08
1.84471e-08
1.84471e-08
1.84471e-08
1.84471e-08
1.84471e-08
1.84471e-08
1.84471e-08
1.84471e-08
1.84471e-08
1.84471e-08
1.84471e-08
1.84471e-08
1.84471e-08
1.84471e-08
1.84471e-08
1.84471e-08
1.84471e-08
1.84471e-08
1.84471e-08
1.84471e-08
1.84471e-08
1.84471e-08
1.84471e-08
1.84471e-08
1.84471e-08
1.84471e-08
1.84471e-08
1.84471e-08
1.84471e-08
1.84471e-08
1.84471e-08
1.84471e-08
1.84471e-08
1.84471e-08
1.84471e-08
1.84471e-08
1.84471e-08
1.84471e-08
1.84471e-08
1.84471e-08
1.84471e-08
1.84471e-08
1.84471e-08
1.84471e-08
1.84471e-08
1.84471e-08
1.84471e-08
1.84471e-08
1.84471e-08
1.84471e-08
1.84471e-08
1.84471e-08
1.84471e-08
1.84471e-08
1.84471e-08
1.84471e-08
1.84471e-08
1.84471e-08
1.84471e-08
1.84471e-08
1.84471e-08
1.84471e-08
1.84471e-08
1.84471e-08
1.84471e-08
1.84471e-08
1.84471e-08
1.84471e-08
1.84471e-08
1.84471e-08
1.84471e-08
1.84471e-08
1.84471e-08
1.84471e-08
1.84471e-08
1.84471e-08
1.84471e-08
1.84471e-08
1.84471e-08
1.84471e-08
1.84471e-08
1.84471e-08
1.84471e-08
1.84471e-08
1.84471e-08
1.84471e-08
1.84471e-08
1.84471e-08
1.84471e-08
1.84471e-08
1.84471e-08
1.84471e-08
1.84471e-08
1.84471e-08
1.84471e-08
1.84471e-08
1.84471e-08
1.84471e-08
1.84471e-08
1.84471e-08
1.84471e-08
1.84471e-08
1.84471e-08
1.84471e-08
1.84471e-08
1.84471e-08
1.84471e-08
1.84471e-08
1.84471e-08
1.84471e-08
1.84471e-08
1.84471e-08
1.84471e-08
1.84471e-08
1.84471e-08
1.84471e-08
1.84471e-08
1.84471e-08
1.84471e-08
1.84471e-08
1.84471e-08
1.84471e-08
1.84471e-08
1.84471e-08
1.84471e-08
1.84471e-08
1.84471e-08
1.84471e-08
1.84471e-08
1.84471e-08
1.84471e-08
1.84471e-08
1.84471e-08
1.84471e-08
1.84471e-08
1.84471e-08
1.84471e-08
1.84471e-08
1.84471e-08
1.84471e-08
1.84471e-08
1.84471e-08
1.84471e-08
1.84471e-08
1.84471e-08
1.84471e-08
1.84471e-08
1.84471e-08
1.84471e-08
1.84471e-08
1.84471e-08
1.84471e-08
1.84471e-08
1.84471e-08
1.84471e-08
1.84471e-08
1.84471e-08
1.84471e-08
1.84471e-08
1.84471e-08
1.84471e-08
1.84471e-08
1.84471e-08
1.84471e-08
1.84471e-08
1.84471e-08
1.84471e-08
1.84471e-08
1.84471e-08
1.84471e-08
1.84471e-08
1.84471e-08
1.84471e-08
1.84471e-08
1.84471e-08
1.84471e-08
1.84471e-08
1.84471e-08
1.84471e-08
1.84471e-08
1.84471e-08
1.84471e-08
1.84471e-08
1.84471e-08
1.84471e-08
1.84471e-08
1.84471e-08
1.84471e-08
1.84471e-08
1.84471e-08
1.84471e-08
1.84471e-08
1.84471e-08
1.84471e-08
1.84471e-08
1.84471e-08
1.84471e-08
1.84471e-08
1.84471e-08
1.84471e-08
1.84471e-08
1.84471e-08
1.84471e-08
1.84471e-08
1.84471e-08
1.84471e-08
1.84471e-08
1.84471e-08
1.84471e-08
1.84471e-08
1.84471e-08
1.84471e-08
1.84471e-08
1.84471e-08
1.84471e-08
1.84471e-08
1.84471e-08
1.84471e-08
1.84471e-08
1.84471e-08
1.84471e-08
1.84471e-08
1.84471e-08
1.84471e-08
1.84471e-08
1.84471e-08
1.84471e-08
1.84471e-08
1.84471e-08
1.84471e-08
1.84471e-08
1.84471e-08
1.84471e-08
1.84471e-08
1.84471e-08
1.84471e-08
1.84471e-08
1.84471e-08
1.84471e-08
1.84471e-08
1.84471e-08
1.84471e-08
1.84471e-08
1.84471e-08
1.84471e-08
1.84471e-08
1.84471e-08
1.84471e-08
1.84471e-08
1.84471e-08
1.84471e-08
1.84471e-08
1.84471e-08
1.84471e-08
1.84471e-08
1.84471e-08
1.84471e-08
1.84471e-08
1.84471e-08
1.84471e-08
1.84471e-08
1.84471e-08
1.84471e-08
1.84471e-08
1.84471e-08
1.84471e-08
1.84471e-08
1.84471e-08
1.84471e-08
1.84471e-08
1.84471e-08
1.84471e-08
1.84471e-08
1.84471e-08
1.84471e-08
1.84471e-08
1.84471e-08
1.84471e-08
1.84471e-08
1.84471e-08
1.84471e-08
1.84471e-08
1.84471e-08
1.84471e-08
1.84471e-08
1.84471e-08
1.84471e-08
1.84471e-08
1.84471e-08
1.84471e-08
1.84471e-08
1.84471e-08
1.84471e-08
1.84471e-08
1.84471e-08
1.84471e-08
1.84471e-08
1.84471e-08
1.84471e-08
1.84471e-08
1.84471e-08
1.84471e-08
1.84471e-08
1.84471e-08
1.84471e-08
1.84471e-08
1.84471e-08
1.84471e-08
1.84471e-08
1.84471e-08
1.84471e-08
1.84471e-08
1.84471e-08
1.84471e-08
1.84471e-08
1.84471e-08
1.84471e-08
1.84471e-08
1.84471e-08
1.84471e-08
1.84471e-08
1.84471e-08
1.84471e-08
1.84471e-08
1.84471e-08
1.84471e-08
1.84471e-08
1.84471e-08
1.84471e-08
1.84471e-08
1.84471e-08
1.84471e-08
1.84471e-08
1.84471e-08
1.84471e-08
1.84471e-08
1.84471e-08
1.84471e-08
1.84471e-08
1.84471e-08
1.84471e-08
1.84471e-08
1.84471e-08
1.84471e-08
1.84471e-08
1.84471e-08
1.84471e-08
1.84471e-08
1.84471e-08
1.84471e-08
1.84471e-08
1.84471e-08
1.84471e-08
1.84471e-08
1.84471e-08
1.84471e-08
1.84471e-08
1.84471e-08
1.84471e-08
1.84471e-08
1.84471e-08
1.84471e-08
1.84471e-08
1.84471e-08
1.84471e-08
1.84471e-08
1.84471e-08
1.84471e-08
1.84471e-08
1.84471e-08
1.84471e-08
1.84471e-08
1.84471e-08
1.84471e-08
1.84471e-08
1.84471e-08
1.84471e-08
1.84471e-08
1.84471e-08
1.84471e-08
1.84471e-08
1.84471e-08
1.84471e-08
1.84471e-08
1.84471e-08
1.84471e-08
1.84471e-08
1.84471e-08
1.84471e-08
1.84471e-08
1.84471e-08
1.84471e-08
1.84471e-08
1.84471e-08
1.84471e-08
1.84471e-08
1.84471e-08
1.84471e-08
1.84471e-08
1.84471e-08
1.84471e-08
1.84471e-08
1.84471e-08
1.84471e-08
1.84471e-08
1.84471e-08
1.84471e-08
1.84471e-08
1.84471e-08
1.84471e-08
1.84471e-08
1.84471e-08
1.84471e-08
1.84471e-08
1.84471e-08
1.84471e-08
1.84471e-08
1.84471e-08
1.84471e-08
1.84471e-08
1.84471e-08
1.84471e-08
1.84471e-08
1.84471e-08
1.84471e-08
1.84471e-08
1.84471e-08
1.84471e-08
1.84471e-08
1.84471e-08
1.84471e-08
1.84471e-08
1.84471e-08
1.84471e-08
1.84471e-08
1.84471e-08
1.84471e-08
1.84471e-08
1.84471e-08
1.84471e-08
1.84471e-08
1.84471e-08
1.84471e-08
1.84471e-08
1.84471e-08
1.84471e-08
1.84471e-08
1.84471e-08
1.84471e-08
1.84471e-08
1.84471e-08
1.84471e-08
1.84471e-08
1.84471e-08
1.84471e-08
1.84471e-08
1.84471e-08
1.84471e-08
1.84471e-08
1.84471e-08
1.84471e-08
1.84471e-08
1.84471e-08
1.84471e-08
1.84471e-08
1.84471e-08
1.84471e-08
1.84471e-08
1.84471e-08
1.84471e-08
1.84471e-08
1.84471e-08
1.84471e-08
1.84471e-08
1.84471e-08
1.84471e-08
1.84471e-08
1.84471e-08
1.84471e-08
1.84471e-08
1.84471e-08
1.84471e-08
1.84471e-08
1.84471e-08
1.84471e-08
1.84471e-08
1.84471e-08
1.84471e-08
1.84471e-08
1.84471e-08
1.84471e-08
1.84471e-08
1.84471e-08
1.84471e-08
1.84471e-08
1.84471e-08
1.84471e-08
1.84471e-08
1.84471e-08
1.84471e-08
1.84471e-08
1.84471e-08
1.84471e-08
1.84471e-08
1.84471e-08
1.84471e-08
1.84471e-08
1.84471e-08
1.84471e-08
1.84471e-08
1.84471e-08
1.84471e-08
1.84471e-08
1.84471e-08
1.84471e-08
1.84471e-08
1.84471e-08
1.84471e-08
1.84471e-08
1.84471e-08
1.84471e-08
1.84471e-08
1.84471e-08
1.84471e-08
1.84471e-08
1.84471e-08
1.84471e-08
1.84471e-08
1.84471e-08
1.84471e-08
1.84471e-08
1.84471e-08
1.84471e-08
1.84471e-08
1.84471e-08
1.84471e-08
1.84471e-08
1.84471e-08
1.84471e-08
1.84471e-08
1.84471e-08
1.84471e-08
1.84471e-08
1.84471e-08
1.84471e-08
1.84471e-08
1.84471e-08
1.84471e-08
1.84471e-08
1.84471e-08
1.84471e-08
1.84471e-08
1.84471e-08
1.84471e-08
1.84471e-08
1.84471e-08
1.84471e-08
1.84471e-08
1.84471e-08
1.84471e-08
1.84471e-08
1.84471e-08
1.84471e-08
1.84471e-08
1.84471e-08
1.84471e-08
1.84471e-08
1.84471e-08
1.84471e-08
1.84471e-08
1.84471e-08
1.84471e-08
1.84471e-08
1.84471e-08
1.84471e-08
1.84471e-08
1.84471e-08
1.84471e-08
1.84471e-08
1.84471e-08
1.84471e-08
1.84471e-08
1.84471e-08
1.84471e-08
1.84471e-08
1.84471e-08
1.84471e-08
1.84471e-08
1.84471e-08
1.84471e-08
1.84471e-08
1.84471e-08
1.84471e-08
1.84471e-08
1.84471e-08
1.84471e-08
1.84471e-08
1.84471e-08
1.84471e-08
1.84471e-08
1.84471e-08
1.84471e-08
1.84471e-08
1.84471e-08
1.84471e-08
1.84471e-08
1.84471e-08
1.84471e-08
1.84471e-08
1.84471e-08
1.84471e-08
1.84471e-08
1.84471e-08
1.84471e-08
1.84471e-08
1.84471e-08
1.84471e-08
1.84471e-08
1.84471e-08
1.84471e-08
1.84471e-08
1.84471e-08
1.84471e-08
1.84471e-08
1.84471e-08
1.84471e-08
1.84471e-08
1.84471e-08
1.84471e-08
1.84471e-08
1.84471e-08
1.84471e-08
1.84471e-08
1.84471e-08
1.84471e-08
1.84471e-08
1.84471e-08
1.84471e-08
1.84471e-08
1.84471e-08
1.84471e-08
1.84471e-08
1.84471e-08
1.84471e-08
1.84471e-08
1.84471e-08
1.84471e-08
1.84471e-08
1.84471e-08
1.84471e-08
1.84471e-08
1.84471e-08
1.84471e-08
1.84471e-08
1.84471e-08
1.84471e-08
1.84471e-08
1.84471e-08
1.84471e-08
1.84471e-08
1.84471e-08
1.84471e-08
1.84471e-08
1.84471e-08
1.84471e-08
1.84471e-08
1.84471e-08
1.84471e-08
1.84471e-08
1.84471e-08
1.84471e-08
1.84471e-08
1.84471e-08
1.84471e-08
1.84471e-08
1.84471e-08
1.84471e-08
1.84471e-08
1.84471e-08
1.84471e-08
1.84471e-08
1.84471e-08
1.84471e-08
1.84471e-08
1.84471e-08
1.84471e-08
1.84471e-08
1.84471e-08
1.84471e-08
1.84471e-08
1.84471e-08
1.84471e-08
1.84471e-08
1.84471e-08
1.84471e-08
1.84471e-08
1.84471e-08
1.84471e-08
1.84471e-08
1.84471e-08
1.84471e-08
1.84471e-08
1.84471e-08
1.84471e-08
1.84471e-08
1.84471e-08
1.84471e-08
1.84471e-08
1.84471e-08
1.84471e-08
1.84471e-08
1.84471e-08
1.84471e-08
1.84471e-08
1.84471e-08
1.84471e-08
1.84471e-08
1.84471e-08
1.84471e-08
1.84471e-08
1.84471e-08
1.84471e-08
1.84471e-08
1.84471e-08
1.84471e-08
1.84471e-08
1.84471e-08
1.84471e-08
1.84471e-08
1.84471e-08
1.84471e-08
1.84471e-08
1.84471e-08
1.84471e-08
1.84471e-08
1.84471e-08
1.84471e-08
1.84471e-08
1.84471e-08
1.84471e-08
1.84471e-08
1.84471e-08
1.84471e-08
1.84471e-08
1.84471e-08
1.84471e-08
1.84471e-08
1.84471e-08
1.84471e-08
1.84471e-08
1.84471e-08
1.84471e-08
1.84471e-08
1.84471e-08
1.84471e-08
1.84471e-08
1.84471e-08
1.84471e-08
1.84471e-08
1.84471e-08
1.84471e-08
1.84471e-08
1.84471e-08
1.84471e-08
1.84471e-08
1.84471e-08
1.84471e-08
1.84471e-08
1.84471e-08
1.84471e-08
1.84471e-08
1.84471e-08
1.84471e-08
1.84471e-08
1.84471e-08
1.84471e-08
1.84471e-08
1.84471e-08
1.84471e-08
1.84471e-08
1.84471e-08
1.84471e-08
1.84471e-08
1.84471e-08
1.84471e-08
1.84471e-08
1.84471e-08
1.84471e-08
1.84471e-08
1.84471e-08
1.84471e-08
1.84471e-08
1.84471e-08
1.84471e-08
1.84471e-08
1.84471e-08
1.84471e-08
1.84471e-08
1.84471e-08
1.84471e-08
1.84471e-08
1.84471e-08
1.84471e-08
1.84471e-08
1.84471e-08
1.84471e-08
1.84471e-08
1.84471e-08
1.84471e-08
1.84471e-08
1.84471e-08
1.84471e-08
1.84471e-08
1.84471e-08
1.84471e-08
1.84471e-08
1.84471e-08
1.84471e-08
1.84471e-08
1.84471e-08
1.84471e-08
1.84471e-08
1.84471e-08
1.84471e-08
1.84471e-08
1.84471e-08
1.84471e-08
1.84471e-08
1.84471e-08
1.84471e-08
1.84471e-08
1.84471e-08
1.84471e-08
1.84471e-08
1.84471e-08
1.84471e-08
1.84471e-08
1.84471e-08
1.84471e-08
1.84471e-08
1.84471e-08
1.84471e-08
1.84471e-08
1.84471e-08
1.84471e-08
1.84471e-08
1.84471e-08
1.84471e-08
1.84471e-08
1.84471e-08
1.84471e-08
1.84471e-08
1.84471e-08
1.84471e-08
1.84471e-08
1.84471e-08
1.84471e-08
1.84471e-08
1.84471e-08
1.84471e-08
1.84471e-08
1.84471e-08
1.84471e-08
1.84471e-08
1.84471e-08
1.84471e-08
1.84471e-08
1.84471e-08
1.84471e-08
1.84471e-08
1.84471e-08
1.84471e-08
1.84471e-08
1.84471e-08
1.84471e-08
1.84471e-08
1.84471e-08
1.84471e-08
1.84471e-08
1.84471e-08
1.84471e-08
1.84471e-08
1.84471e-08
1.84471e-08
1.84471e-08
1.84471e-08
1.84471e-08
1.84471e-08
1.84471e-08
1.84471e-08
1.84471e-08
1.84471e-08
1.84471e-08
1.84471e-08
1.84471e-08
1.84471e-08
1.84471e-08
1.84471e-08
1.84471e-08
1.84471e-08
1.84471e-08
1.84471e-08
1.84471e-08
1.84471e-08
1.84471e-08
1.84471e-08
1.84471e-08
1.84471e-08
1.84471e-08
1.84471e-08
1.84471e-08
1.84471e-08
1.84471e-08
1.84471e-08
1.84471e-08
1.84471e-08
1.84471e-08
1.84471e-08
1.84471e-08
1.84471e-08
1.84471e-08
1.84471e-08
1.84471e-08
1.84471e-08
1.84471e-08
1.84471e-08
1.84471e-08
1.84471e-08
1.84471e-08
1.84471e-08
1.84471e-08
1.84471e-08
1.84471e-08
1.84471e-08
1.84471e-08
1.84471e-08
1.84471e-08
1.84471e-08
1.84471e-08
1.84471e-08
1.84471e-08
1.84471e-08
1.84471e-08
1.84471e-08
1.84471e-08
1.84471e-08
1.84471e-08
1.84471e-08
1.84471e-08
1.84471e-08
1.84471e-08
1.84471e-08
1.84471e-08
1.84471e-08
1.84471e-08
1.84471e-08
1.84471e-08
1.84471e-08
1.84471e-08
1.84471e-08
1.84471e-08
1.84471e-08
1.84471e-08
1.84471e-08
1.84471e-08
1.84471e-08
1.84471e-08
1.84471e-08
1.84471e-08
1.84471e-08
1.84471e-08
1.84471e-08
1.84471e-08
1.84471e-08
1.84471e-08
1.84471e-08
1.84471e-08
1.84471e-08
1.84471e-08
1.84471e-08
1.84471e-08
1.84471e-08
1.84471e-08
1.84471e-08
1.84471e-08
1.84471e-08
1.84471e-08
1.84471e-08
1.84471e-08
1.84471e-08
1.84471e-08
1.84471e-08
1.84471e-08
1.84471e-08
1.84471e-08
1.84471e-08
1.84471e-08
1.84471e-08
1.84471e-08
1.84471e-08
1.84471e-08
1.84471e-08
1.84471e-08
1.84471e-08
1.84471e-08
1.84471e-08
1.84471e-08
1.84471e-08
1.84471e-08
1.84471e-08
1.84471e-08
1.84471e-08
1.84471e-08
1.84471e-08
1.84471e-08
1.84471e-08
1.84471e-08
1.84471e-08
1.84471e-08
1.84471e-08
1.84471e-08
1.84471e-08
1.84471e-08
1.84471e-08
1.84471e-08
1.84471e-08
1.84471e-08
1.84471e-08
1.84471e-08
1.84471e-08
1.84471e-08
1.84471e-08
1.84471e-08
1.84471e-08
1.84471e-08
1.84471e-08
1.84471e-08
1.84471e-08
1.84471e-08
1.84471e-08
1.84471e-08
1.84471e-08
1.84471e-08
1.84471e-08
1.84471e-08
1.84471e-08
1.84471e-08
1.84471e-08
1.84471e-08
1.84471e-08
1.84471e-08
1.84471e-08
1.84471e-08
1.84471e-08
1.84471e-08
1.84471e-08
1.84471e-08
1.84471e-08
1.84471e-08
1.84471e-08
1.84471e-08
1.84471e-08
1.84471e-08
1.84471e-08
1.84471e-08
1.84471e-08
1.84471e-08
1.84471e-08
1.84471e-08
1.84471e-08
1.84471e-08
1.84471e-08
1.84471e-08
1.84471e-08
1.84471e-08
1.84471e-08
1.84471e-08
1.84471e-08
1.84471e-08
1.84471e-08
1.84471e-08
1.84471e-08
1.84471e-08
1.84471e-08
1.84471e-08
1.84471e-08
1.84471e-08
1.84471e-08
1.84471e-08
1.84471e-08
1.84471e-08
1.84471e-08
1.84471e-08
1.84471e-08
1.84471e-08
1.84471e-08
1.84471e-08
1.84471e-08
1.84471e-08
1.84471e-08
1.84471e-08
1.84471e-08
1.84471e-08
1.84471e-08
1.84471e-08
1.84471e-08
1.84471e-08
1.84471e-08
1.84471e-08
1.84471e-08
1.84471e-08
1.84471e-08
1.84471e-08
1.84471e-08
1.84471e-08
1.84471e-08
1.84471e-08
1.84471e-08
1.84471e-08
1.84471e-08
1.84471e-08
1.84471e-08
1.84471e-08
1.84471e-08
1.84471e-08
1.84471e-08
1.84471e-08
1.84471e-08
1.84471e-08
1.84471e-08
1.84471e-08
1.84471e-08
1.84471e-08
1.84471e-08
1.84471e-08
1.84471e-08
1.84471e-08
1.84471e-08
1.84471e-08
1.84471e-08
1.84471e-08
1.84471e-08
1.84471e-08
1.84471e-08
1.84471e-08
1.84471e-08
1.84471e-08
1.84471e-08
1.84471e-08
1.84471e-08
1.84471e-08
1.84471e-08
1.84471e-08
1.84471e-08
1.84471e-08
1.84471e-08
1.84471e-08
1.84471e-08
1.84471e-08
1.84471e-08
1.84471e-08
1.84471e-08
1.84471e-08
1.84471e-08
1.84471e-08
1.84471e-08
1.84471e-08
1.84471e-08
1.84471e-08
1.84471e-08
1.84471e-08
1.84471e-08
1.84471e-08
1.84471e-08
1.84471e-08
1.84471e-08
1.84471e-08
1.84471e-08
1.84471e-08
1.84471e-08
1.84471e-08
1.84471e-08
1.84471e-08
1.84471e-08
1.84471e-08
1.84471e-08
1.84471e-08
1.84471e-08
1.84471e-08
1.84471e-08
1.84471e-08
1.84471e-08
1.84471e-08
1.84471e-08
1.84471e-08
1.84471e-08
1.84471e-08
1.84471e-08
1.84471e-08
1.84471e-08
1.84471e-08
1.84471e-08
1.84471e-08
1.84471e-08
1.84471e-08
1.84471e-08
1.84471e-08
1.84471e-08
1.84471e-08
1.84471e-08
1.84471e-08
1.84471e-08
1.84471e-08
1.84471e-08
1.84471e-08
1.84471e-08
1.84471e-08
1.84471e-08
1.84471e-08
1.84471e-08
1.84471e-08
1.84471e-08
1.84471e-08
1.84471e-08
1.84471e-08
1.84471e-08
1.84471e-08
1.84471e-08
1.84471e-08
1.84471e-08
1.84471e-08
1.84471e-08
1.84471e-08
1.84471e-08
1.84471e-08
1.84471e-08
1.84471e-08
1.84471e-08
1.84471e-08
1.84471e-08
1.84471e-08
1.84471e-08
1.84471e-08
1.84471e-08
1.84471e-08
1.84471e-08
1.84471e-08
1.84471e-08
1.84471e-08
1.84471e-08
1.84471e-08
1.84471e-08
1.84471e-08
1.84471e-08
1.84471e-08
1.84471e-08
1.84471e-08
1.84471e-08
1.84471e-08
1.84471e-08
1.84471e-08
1.84471e-08
1.84471e-08
1.84471e-08
1.84471e-08
1.84471e-08
1.84471e-08
1.84471e-08
1.84471e-08
1.84471e-08
1.84471e-08
1.84471e-08
1.84471e-08
1.84471e-08
1.84471e-08
1.84471e-08
1.84471e-08
1.84471e-08
1.84471e-08
1.84471e-08
1.84471e-08
1.84471e-08
1.84471e-08
1.84471e-08
1.84471e-08
1.84471e-08
1.84471e-08
1.84471e-08
1.84471e-08
1.84471e-08
1.84471e-08
1.84471e-08
1.84471e-08
1.84471e-08
1.84471e-08
1.84471e-08
1.84471e-08
1.84471e-08
1.84471e-08
1.84471e-08
1.84471e-08
1.84471e-08
1.84471e-08
1.84471e-08
1.84471e-08
1.84471e-08
1.84471e-08
1.84471e-08
1.84471e-08
1.84471e-08
1.84471e-08
1.84471e-08
1.84471e-08
1.84471e-08
1.84471e-08
1.84471e-08
1.84471e-08
1.84471e-08
1.84471e-08
1.84471e-08
1.84471e-08
1.84471e-08
1.84471e-08
1.84471e-08
1.84471e-08
1.84471e-08
1.84471e-08
1.84471e-08
1.84471e-08
1.84471e-08
1.84471e-08
1.84471e-08
1.84471e-08
1.84471e-08
1.84471e-08
1.84471e-08
1.84471e-08
1.84471e-08
1.84471e-08
1.84471e-08
1.84471e-08
1.84471e-08
1.84471e-08
1.84471e-08
1.84471e-08
1.84471e-08
1.84471e-08
1.84471e-08
1.84471e-08
1.84471e-08
1.84471e-08
