2.62219e+07
9.40522e+06
4.92996e+06
1.22311e+06
1.22311e+06
1.22311e+06
1.22311e+06
1.22311e+06
1.22311e+06
1.22311e+06
1.22311e+06
1.22311e+06
1.22311e+06
1.22311e+06
1.22311e+06
1.22311e+06
1.22311e+06
1.04679e+06
1.04679e+06
1.04679e+06
1.04679e+06
1.04679e+06
1.04679e+06
1.04679e+06
1.04679e+06
926383
673810
239784
239784
221684
176893
79130.8
79130.8
79130.8
74494.6
37241.5
37241.5
21387.7
15113.5
12027.7
7155.6
4156.66
2041.97
2041.97
1510.27
1154.05
535.788
535.788
535.788
432.178
313.234
313.234
279.026
254.649
250.743
234.73
191.105
191.105
191.105
191.105
186.489
186.489
186.489
186.489
186.489
186.489
186.489
186.489
186.489
186.489
186.489
186.489
186.489
186.489
186.489
186.489
186.489
186.489
186.489
186.489
186.489
186.489
186.489
186.489
186.489
186.489
186.489
186.489
186.489
186.489
186.489
186.489
186.489
186.489
186.489
186.489
181.842
174.974
174.974
174.974
174.974
174.974
174.974
174.974
174.974
174.974
174.974
174.974
174.974
174.974
174.974
174.974
174.974
174.974
174.974
174.974
174.974
174.974
174.974
174.974
174.974
174.974
174.974
174.974
174.974
174.974
174.974
174.974
174.974
174.974
174.974
174.974
174.974
174.974
174.974
174.974
174.974
174.974
174.974
174.974
174.974
174.974
174.974
174.974
174.974
174.974
174.974
174.974
174.974
174.974
174.974
174.974
174.974
174.974
174.974
174.974
174.974
174.974
174.974
174.974
174.974
174.974
174.974
174.974
174.974
174.974
174.974
174.974
174.974
174.974
174.974
174.974
174.974
174.974
174.974
174.974
174.974
174.974
174.974
174.974
174.974
174.974
174.974
174.974
174.974
174.974
174.974
174.974
174.974
174.974
174.974
174.974
174.974
174.974
174.974
174.974
174.974
174.974
174.974
174.974
174.974
174.974
174.974
174.974
174.974
174.974
174.974
174.974
174.974
174.974
174.974
174.974
174.974
174.974
174.974
174.974
174.974
174.974
174.974
174.974
174.974
174.974
174.974
174.974
174.974
174.974
174.974
174.974
174.974
174.974
174.974
174.974
174.974
174.974
174.974
174.974
174.974
174.974
174.974
174.974
174.974
174.974
174.974
174.974
174.974
174.974
174.974
174.974
174.974
174.974
174.974
174.974
174.974
174.974
174.974
174.974
174.974
174.974
174.974
174.974
174.974
174.974
174.974
174.974
174.974
174.974
174.974
174.974
174.974
174.974
174.974
174.974
174.974
174.974
174.974
174.974
174.974
174.974
174.974
174.974
174.974
174.974
174.974
174.974
174.974
174.974
174.974
174.974
174.974
174.974
174.974
174.974
174.974
174.974
174.974
174.974
174.974
174.974
174.974
174.974
174.974
174.974
174.974
174.974
174.974
174.974
174.974
174.974
174.974
174.974
174.043
173.325
173.325
173.325
173.325
173.325
173.325
173.325
173.325
173.325
173.325
173.325
173.325
173.325
173.325
173.325
173.325
173.325
173.325
173.325
173.325
173.325
173.325
173.325
173.325
173.325
173.325
173.325
173.325
173.325
173.325
173.325
173.325
173.325
173.325
173.325
173.325
173.325
173.325
173.325
173.325
173.325
173.325
173.325
173.325
173.325
173.325
173.325
173.325
173.325
173.325
173.325
173.325
173.325
173.325
173.325
173.325
173.325
173.325
173.325
156.877
156.877
156.877
156.877
156.877
156.877
156.877
156.877
156.877
156.877
156.877
156.877
156.877
156.877
156.877
156.877
156.877
156.877
156.877
156.877
156.877
156.877
156.877
156.877
156.877
156.877
156.877
156.877
156.877
156.877
156.877
156.877
156.877
156.877
156.877
156.877
156.877
156.877
156.877
156.877
156.877
156.877
156.877
156.877
156.877
156.877
156.877
156.877
156.877
156.877
156.877
156.877
156.877
156.877
156.877
156.877
156.877
156.877
156.877
156.877
156.877
156.877
156.877
156.877
156.877
156.877
156.877
156.877
156.877
156.877
156.877
156.877
156.877
156.877
156.877
156.877
156.877
156.877
156.877
156.877
156.877
156.877
156.877
156.877
156.877
156.877
156.877
156.877
156.877
156.877
156.877
156.877
156.877
156.877
156.877
156.877
156.877
156.877
156.877
156.877
156.877
156.877
156.877
156.877
156.877
156.877
156.877
156.877
156.877
156.877
156.877
156.877
156.877
156.877
156.877
156.877
156.877
156.877
156.877
156.877
156.877
156.877
156.877
156.877
156.877
156.877
156.877
156.877
156.877
156.877
156.877
156.877
156.877
156.877
156.877
156.877
156.877
156.877
156.877
156.877
156.877
156.877
156.877
156.877
156.877
156.877
156.877
156.877
156.877
156.877
156.877
156.877
156.877
156.877
156.877
156.877
156.877
156.877
156.877
156.877
156.877
156.877
156.877
156.877
156.877
156.877
156.877
156.877
156.877
156.877
156.877
156.877
156.877
156.877
156.877
156.877
156.877
156.877
156.877
156.877
156.877
156.877
156.877
156.877
156.877
156.877
156.877
156.877
156.877
156.877
156.877
156.877
156.877
156.877
156.877
156.877
156.877
156.877
156.877
156.877
156.877
156.877
156.877
156.877
156.877
156.877
156.877
156.877
156.877
156.877
156.877
156.877
156.877
156.877
156.877
156.877
156.877
156.877
156.877
156.877
156.877
156.877
156.877
156.877
156.877
156.877
156.877
156.877
156.877
156.877
156.877
156.877
156.877
156.877
156.877
156.877
156.877
156.877
156.877
156.877
156.877
156.877
156.877
156.877
156.877
156.877
156.877
156.877
156.877
156.877
156.877
156.877
156.877
156.877
156.877
156.877
156.877
156.877
156.877
156.877
156.877
156.877
156.877
156.877
156.877
156.877
156.877
156.877
156.877
156.877
156.877
156.877
156.877
156.877
156.877
156.877
156.877
156.877
156.877
156.877
156.877
156.877
156.877
156.877
156.877
156.877
156.877
156.877
156.877
156.877
156.877
156.877
156.877
156.877
156.877
156.877
156.877
156.877
156.877
156.877
156.877
156.877
156.877
156.877
156.877
156.877
156.877
156.877
156.877
156.877
156.877
156.877
156.877
156.877
156.877
156.877
156.877
156.877
156.877
156.877
156.877
156.877
156.877
156.877
156.877
156.877
156.877
156.877
156.877
156.877
156.877
156.877
156.877
156.877
156.877
156.877
156.877
156.877
156.877
156.877
156.877
156.877
156.877
156.877
156.877
156.877
156.877
156.877
156.877
156.877
156.877
156.877
156.877
156.877
156.877
156.877
156.877
156.877
156.877
156.877
156.877
156.877
156.877
156.877
156.877
156.877
156.877
156.877
156.877
156.877
156.877
156.877
156.877
156.877
156.877
156.877
156.877
156.877
156.877
156.877
156.877
156.877
156.877
156.877
156.877
156.877
156.877
156.877
156.877
156.877
156.877
156.877
156.877
156.877
156.877
156.877
156.877
156.877
156.877
156.877
156.877
156.877
156.877
156.877
156.877
156.877
156.877
156.877
156.877
156.877
156.877
156.877
156.877
156.877
156.877
156.877
156.877
156.877
156.877
156.877
156.877
156.877
156.877
156.877
156.877
156.877
156.877
156.877
156.877
156.877
156.877
156.877
156.877
156.877
156.877
156.877
156.877
156.877
156.877
156.877
156.877
156.877
156.877
156.877
156.877
156.877
156.877
156.877
156.877
156.877
156.877
156.877
156.877
156.877
156.877
156.877
156.877
156.877
156.877
156.877
156.877
156.877
156.877
156.877
156.877
156.877
156.877
156.877
156.877
156.877
156.877
156.877
156.877
156.877
156.877
156.877
156.877
156.877
156.877
156.877
156.877
156.877
156.877
156.877
156.877
156.877
156.877
156.877
156.877
156.877
156.877
156.877
156.877
156.877
156.877
156.877
156.877
156.877
156.877
156.877
156.877
156.877
156.877
156.877
156.877
156.877
156.877
156.877
156.877
156.877
156.877
156.877
156.877
156.877
156.877
156.877
156.877
156.877
156.877
156.877
156.877
156.877
156.877
156.877
156.877
156.877
156.877
156.877
156.877
156.877
156.877
156.877
156.877
156.877
156.877
156.877
156.877
156.877
156.877
156.877
156.877
156.877
156.877
156.877
156.877
156.877
156.877
156.877
156.877
156.877
156.877
156.877
156.877
156.877
156.877
156.877
156.877
156.877
156.877
156.877
156.877
156.877
156.877
156.877
156.877
156.877
156.877
156.877
156.877
156.877
156.877
156.877
156.877
156.877
156.877
156.877
156.877
156.877
156.877
156.877
156.877
156.877
156.877
156.877
156.877
156.877
156.877
156.877
156.877
156.877
156.877
156.877
156.877
156.877
156.877
156.877
156.877
156.877
156.877
156.877
156.877
156.877
156.877
156.877
156.877
156.877
156.877
156.877
156.877
156.877
156.877
156.877
156.877
156.877
156.877
156.877
156.877
156.877
156.877
156.877
156.877
156.877
156.877
156.877
156.877
156.877
156.877
156.877
156.877
156.877
156.877
156.877
156.877
156.877
156.877
156.877
156.877
156.877
156.877
156.877
156.877
156.877
156.877
156.877
156.877
156.877
156.877
156.877
156.877
156.877
156.877
156.877
156.877
156.877
156.877
156.877
156.877
156.877
156.877
156.877
156.877
156.877
156.877
156.877
156.877
156.877
156.877
156.877
156.877
156.877
156.877
156.877
156.877
156.877
156.877
156.877
156.877
156.877
156.877
156.877
156.877
156.877
156.877
156.877
156.877
156.877
156.877
156.877
156.877
156.877
156.877
156.877
156.877
156.877
156.877
156.877
156.877
156.877
156.877
156.877
156.877
156.877
156.877
156.877
156.877
156.877
156.877
156.877
156.877
156.877
156.877
156.877
156.877
156.877
156.877
156.877
156.877
156.877
156.877
156.877
156.877
156.877
156.877
156.877
156.877
156.877
156.877
156.877
156.877
156.877
156.877
156.877
156.877
156.877
156.877
156.877
156.877
156.877
156.877
156.877
156.877
156.877
156.877
156.877
156.877
156.877
156.877
156.877
156.877
156.877
156.877
156.877
156.877
156.877
156.877
156.877
156.877
156.877
156.877
156.877
156.877
156.877
156.877
156.877
156.877
156.877
156.877
156.877
156.877
156.877
156.877
156.877
156.877
156.877
156.877
156.877
156.877
156.877
156.877
156.877
156.877
156.877
156.877
156.877
156.877
156.877
156.877
156.877
156.877
156.877
156.877
156.877
156.877
156.877
156.877
156.877
156.877
156.877
156.877
156.877
156.877
156.877
156.877
156.877
156.877
156.877
156.877
156.877
156.877
156.877
156.877
156.877
156.877
156.877
156.877
156.877
156.877
156.877
156.877
156.877
156.877
156.877
156.877
156.877
156.877
156.877
156.877
156.877
156.877
156.877
156.877
156.877
156.877
156.877
156.877
156.877
156.877
156.877
156.877
156.877
156.877
156.877
156.877
156.877
156.877
156.877
156.877
156.877
156.877
156.877
156.877
156.877
156.877
156.877
156.877
156.877
156.877
156.877
156.877
156.877
156.877
156.877
156.877
156.877
156.877
156.877
156.877
156.877
156.877
156.877
156.877
156.877
156.877
156.877
156.877
156.877
156.877
156.877
156.877
156.877
156.877
156.877
156.877
156.877
156.877
156.877
156.877
156.877
156.877
156.877
156.877
156.877
156.877
156.877
156.877
156.877
156.877
156.877
156.877
156.877
156.877
156.877
156.877
156.877
156.877
156.877
156.877
156.877
156.877
156.877
156.877
156.877
156.877
156.877
156.877
156.877
156.877
156.877
156.877
156.877
156.877
156.877
156.877
156.877
156.877
156.877
156.877
156.877
156.877
156.877
156.877
156.877
156.877
156.877
156.877
156.877
156.877
156.877
156.877
156.877
156.877
156.877
156.877
156.877
156.877
156.877
156.877
156.877
156.877
156.877
156.877
156.877
156.877
156.877
156.877
156.877
156.877
156.877
156.877
156.877
156.877
156.877
156.877
156.877
156.877
156.877
156.877
156.877
156.877
156.877
156.877
156.877
156.877
156.877
156.877
156.877
156.877
156.877
156.877
156.877
156.877
156.877
156.877
156.877
156.877
156.877
156.877
156.877
156.877
156.877
156.877
156.877
156.877
156.877
156.877
156.877
156.877
156.877
156.877
156.877
156.877
156.877
156.877
156.877
156.877
156.877
156.877
156.877
156.877
156.877
156.877
156.877
156.877
156.877
156.877
156.877
156.877
156.877
156.877
156.877
156.877
156.877
156.877
156.877
156.877
156.877
156.877
156.877
156.877
156.877
156.877
156.877
156.877
156.877
156.877
156.877
156.877
156.877
156.877
156.877
156.877
156.877
156.877
156.877
156.877
156.877
156.877
156.877
156.877
156.877
156.877
156.877
156.877
156.877
156.877
156.877
156.877
156.877
156.877
156.877
156.877
156.877
156.877
156.877
156.877
156.877
156.877
156.877
156.877
156.877
156.877
156.877
156.877
156.877
156.877
156.877
156.877
156.877
156.877
156.877
156.877
156.877
156.877
156.877
156.877
156.877
156.877
156.877
156.877
156.877
156.877
156.877
156.877
156.877
156.877
156.877
156.877
156.877
156.877
156.877
156.877
156.877
156.877
156.877
156.877
156.877
156.877
156.877
156.877
156.877
156.877
156.877
156.877
156.877
156.877
156.877
156.877
156.877
156.877
156.877
156.877
156.877
156.877
156.877
156.877
156.877
156.877
156.877
156.877
156.877
156.877
156.877
156.877
156.877
156.877
156.877
156.877
156.877
156.877
156.877
156.877
156.877
156.877
156.877
156.877
156.877
156.877
156.877
156.877
156.877
156.877
156.877
156.877
156.877
156.877
156.877
156.877
156.877
156.877
156.877
156.877
156.877
156.877
156.877
156.877
156.877
156.877
156.877
156.877
156.877
156.877
156.877
156.877
156.877
156.877
156.877
156.877
156.877
156.877
156.877
156.877
156.877
156.877
156.877
156.877
156.877
156.877
156.877
156.877
156.877
156.877
156.877
156.877
156.877
156.877
156.877
156.877
156.877
156.877
156.877
156.877
156.877
156.877
156.877
156.877
156.877
156.877
156.877
156.877
156.877
156.877
156.877
156.877
156.877
156.877
156.877
156.877
156.877
156.877
156.877
156.877
156.877
156.877
156.877
156.877
156.877
156.877
156.877
156.877
156.877
156.877
156.877
156.877
156.877
156.877
156.877
156.877
156.877
156.877
156.877
156.877
156.877
156.877
156.877
156.877
156.877
156.877
156.877
156.877
156.877
156.877
156.877
156.877
156.877
156.877
156.877
156.877
156.877
156.877
156.877
156.877
156.877
156.877
156.877
156.877
156.877
156.877
156.877
156.877
156.877
156.877
156.877
156.877
156.877
156.877
156.877
156.877
156.877
156.877
156.877
156.877
156.877
156.877
156.877
156.877
156.877
156.877
156.877
156.877
156.877
156.877
156.877
156.877
156.877
156.877
156.877
156.877
156.877
156.877
156.877
156.877
156.877
156.877
156.877
156.877
156.877
156.877
156.877
156.877
156.877
156.877
156.877
156.877
156.877
156.877
156.877
156.877
156.877
156.877
156.877
156.877
156.877
156.877
156.877
156.877
156.877
156.877
156.877
156.877
156.877
156.877
156.877
156.877
156.877
156.877
156.877
156.877
156.877
156.877
156.877
156.877
156.877
156.877
156.877
156.877
156.877
156.877
156.877
156.877
156.877
156.877
156.877
156.877
156.877
156.877
156.877
156.877
156.877
156.877
156.877
156.877
156.877
156.877
156.877
156.877
156.877
156.877
156.877
156.877
156.877
156.877
156.877
156.877
156.877
156.877
156.877
156.877
156.877
156.877
156.877
156.877
156.877
156.877
156.877
156.877
156.877
156.877
156.877
156.877
156.877
156.877
156.877
156.877
156.877
156.877
156.877
156.877
156.877
156.877
156.877
156.877
156.877
156.877
156.877
156.877
156.877
156.877
156.877
156.877
156.877
156.877
156.877
156.877
156.877
156.877
156.877
156.877
156.877
156.877
156.877
156.877
156.877
156.877
156.877
156.877
156.877
156.877
156.877
156.877
156.877
156.877
156.877
156.877
156.877
156.877
156.877
156.877
156.877
156.877
156.877
156.877
156.877
156.877
156.877
156.877
156.877
156.877
156.877
156.877
156.877
156.877
156.877
156.877
156.877
156.877
156.877
156.877
156.877
156.877
156.877
156.877
156.877
156.877
156.877
156.877
156.877
156.877
156.877
156.877
156.877
156.877
156.877
156.877
156.877
156.877
156.877
156.877
156.877
156.877
156.877
156.877
156.877
156.877
156.877
156.877
156.877
156.877
156.877
156.877
156.877
156.877
156.877
156.877
156.877
156.877
156.877
156.877
156.877
156.877
156.877
156.877
156.877
156.877
156.877
156.877
156.877
156.877
156.877
156.877
156.877
156.877
156.877
156.877
156.877
156.877
156.877
156.877
156.877
156.877
156.877
156.877
156.877
156.877
156.877
156.877
156.877
156.877
156.877
156.877
156.877
156.877
156.877
156.877
156.877
156.877
156.877
156.877
156.877
156.877
156.877
156.877
156.877
156.877
156.877
156.877
156.877
156.877
156.877
156.877
156.877
156.877
156.877
156.877
156.877
156.877
156.877
156.877
156.877
156.877
156.877
156.877
156.877
156.877
156.877
156.877
156.877
156.877
156.877
156.877
156.877
156.877
156.877
156.877
156.877
156.877
156.877
156.877
156.877
155.972
155.972
155.972
155.972
155.972
140.037
136.735
136.735
136.735
136.735
136.735
136.735
130.903
130.903
130.903
130.903
130.903
130.903
130.903
130.903
130.903
130.903
130.903
130.009
117.398
117.398
117.398
117.398
117.398
117.398
117.398
117.398
117.398
117.398
117.398
117.398
117.398
117.398
117.398
117.398
117.398
117.398
117.398
117.398
117.398
117.398
116.4
116.4
116.4
115.138
114.549
114.23
114.23
114.23
114.23
113.95
113.95
113.95
113.799
113.799
113.799
112.984
112.732
112.732
112.713
110.14
109.895
108.58
106.649
105.456
102.615
102.03
101.755
101.568
100.634
99.7868
99.7868
99.5956
99.5956
99.5956
99.5956
99.5956
99.5956
99.5956
99.5956
99.5504
99.4536
99.0081
99.0081
98.7987
98.7978
98.6534
98.6175
98.5442
98.3847
98.3649
98.3649
98.2973
98.2961
98.2796
98.2719
98.1624
98.1624
98.0685
98.0685
98.0685
98.0685
98.0685
98.0685
98.0685
98.0685
98.0685
98.0685
98.0685
98.0685
98.0685
98.0685
98.0685
98.0685
98.0685
98.0612
98.0409
98.0321
98.0245
97.9985
97.9956
97.9938
97.9794
97.9756
97.9753
97.9753
97.9753
97.9753
97.9674
97.9674
97.9674
97.9674
97.9674
97.9674
97.9674
97.9674
97.9674
97.9674
97.9661
97.966
97.966
97.966
97.966
97.966
97.9652
97.964
97.964
97.964
97.964
97.9632
97.9632
97.9632
97.9629
97.9629
97.9629
97.9629
97.9629
97.9629
97.9629
97.9629
97.9629
97.9628
97.9627
97.9624
97.9624
97.9623
97.9623
97.9622
97.9622
97.9622
97.9622
97.9622
97.9622
97.9622
97.9622
97.9622
97.9622
97.9622
97.9622
97.9622
97.9622
97.9622
97.9622
97.9622
97.9622
97.9622
97.9622
97.9622
97.9622
97.9622
97.9622
97.9622
97.9622
97.9622
97.9622
97.9622
97.9622
97.9622
97.9622
97.9622
97.9622
97.9622
97.9622
97.9622
97.9622
97.9622
97.9622
97.9622
97.9622
97.9622
97.9622
97.9622
97.9622
97.9622
97.9622
97.9622
97.9622
97.9622
97.9622
97.9622
97.9622
97.9622
97.9622
97.9622
97.9622
97.9622
97.9622
97.9622
97.9622
97.9622
97.9622
97.9622
97.9622
97.9622
97.9622
97.9622
97.9622
97.9622
97.9622
97.9622
97.9622
97.9622
97.9622
97.9622
97.9622
97.9622
97.9622
97.9622
97.9622
97.9622
97.9622
97.9622
97.9622
97.9622
97.9622
97.9622
97.9622
97.9622
97.9622
97.9622
97.9622
97.9622
97.9622
97.9622
97.9622
97.9622
97.9622
97.9622
97.9622
97.9622
97.9622
97.9622
97.9622
97.9622
97.9622
97.9622
97.9622
97.9622
97.9622
97.9622
97.9622
97.9622
97.9622
97.9622
97.9622
97.9622
97.9622
97.9622
97.9622
97.9622
97.9622
97.9622
97.9622
97.9622
97.9622
97.9622
97.9622
97.9622
97.9622
97.9622
97.9622
97.9622
97.9622
97.9622
97.9622
97.9622
97.9622
97.9622
97.9622
97.9622
97.9622
97.9622
97.9622
97.9622
97.9622
97.9622
97.9622
97.9622
97.9622
97.9622
97.9622
97.9622
97.9622
97.9622
97.9622
97.9622
97.9622
97.9622
97.9622
97.9622
97.9622
97.9622
97.9622
97.9622
97.9622
97.9622
97.9622
97.9622
97.9622
97.9622
97.9622
97.9622
97.9622
97.9622
97.9622
97.9622
97.9622
97.9622
97.9622
97.9622
97.9622
97.9622
97.9622
97.9622
97.9622
97.9622
97.9622
97.9622
97.9622
97.9622
97.9622
97.9622
97.9622
97.9622
97.9622
97.9622
97.9622
97.9622
97.9622
97.9622
97.9622
97.9622
97.9622
97.9622
97.9622
97.9622
97.9622
97.9622
97.9622
97.9622
97.9622
97.9622
97.9622
97.9622
97.9622
97.9622
97.9622
97.9622
97.9622
97.9622
97.9622
97.9622
97.9622
97.9622
97.9622
97.9622
97.9622
97.9622
97.9622
97.9622
97.9622
97.9622
97.9622
97.9622
97.9622
97.9622
97.9622
97.9622
97.9622
97.9622
97.9622
97.9622
97.9622
97.9622
97.9622
97.9622
97.9622
97.9622
97.9622
97.9622
97.9622
97.9622
97.9622
97.9622
97.9622
97.9622
97.9622
97.9622
97.9622
97.9622
97.9622
97.9622
97.9622
97.9622
97.9622
97.9622
97.9622
97.9622
97.9622
97.9622
97.9622
97.9622
97.9622
97.9622
97.9622
97.9622
97.9622
97.9622
97.9622
97.9622
97.9622
97.9622
97.9622
97.9622
97.9622
97.9622
97.9622
97.9622
97.9622
97.9622
97.9622
97.9622
97.9622
97.9622
97.9622
97.9622
97.9622
97.9622
97.9622
97.9622
97.9622
97.9622
97.9622
97.9622
97.9622
97.9622
97.9622
97.9622
97.9622
97.9622
97.9622
97.9622
97.9622
97.9622
97.9622
97.9622
97.9622
97.9622
97.9622
97.9622
97.9622
97.9622
97.9622
97.9622
97.9622
97.9622
97.9622
97.9622
97.9622
97.9622
97.9622
97.9622
97.9622
97.9622
97.9622
97.9622
97.9622
97.9622
97.9622
97.9622
97.9622
97.9622
97.9622
97.9622
97.9622
97.9622
97.9622
97.9622
97.9622
97.9622
97.9622
97.9622
97.9622
97.9622
97.9622
97.9622
97.9622
97.9622
97.9622
97.9622
97.9622
97.9622
97.9622
97.9622
97.9622
97.9622
97.9622
97.9622
97.9622
97.9622
97.9622
97.9622
97.9622
97.9622
97.9622
97.9622
97.9622
97.9622
97.9622
97.9622
97.9622
97.9622
97.9622
97.9622
97.9622
97.9622
97.9622
97.9622
97.9622
97.9622
97.9622
97.9622
97.9622
97.9622
97.9622
97.9622
97.9622
97.9622
97.9622
97.9622
97.9622
97.9622
97.9622
97.9622
97.9622
97.9622
97.9622
97.9622
97.9622
97.9622
97.9622
97.9622
97.9622
97.9622
97.9622
97.9622
97.9622
97.9622
97.9622
97.9622
97.9622
97.9622
97.9622
97.9622
97.9622
97.9622
97.9622
97.9622
97.9622
97.9622
97.9622
97.9622
97.9622
97.9622
97.9622
97.9622
97.9622
97.9622
97.9622
97.9622
97.9622
97.9622
97.9622
97.9622
97.9622
97.9622
97.9622
97.9622
97.9622
97.9622
97.9622
97.9622
97.9622
97.9622
97.9622
97.9622
97.9622
97.9622
97.9622
97.9622
97.9622
97.9622
97.9622
97.9622
97.9622
97.9622
97.9622
97.9622
97.9622
97.9622
97.9622
97.9622
97.9622
97.9622
97.9622
97.9622
97.9622
97.9622
97.9622
97.9622
97.9622
97.9622
97.9622
97.9622
97.9622
97.9622
97.9622
97.9622
97.9622
97.9622
97.9622
97.9622
97.9622
97.9622
97.9622
97.9622
97.9622
97.9622
97.9622
97.9622
97.9622
97.9622
97.9622
97.9622
97.9622
97.9622
97.9622
97.9622
97.9622
97.9622
97.9622
97.9622
97.9622
97.9622
97.9622
97.9622
97.9622
97.9622
97.9622
97.9622
97.9622
97.9622
97.9622
97.9622
97.9622
97.9622
97.9622
97.9622
97.9622
97.9622
97.9622
97.9622
97.9622
97.9622
97.9622
97.9622
97.9622
97.9622
97.9622
97.9622
97.9622
97.9622
97.9622
97.9622
97.9622
97.9622
97.9622
97.9622
97.9622
97.9622
97.9622
97.9622
97.9622
97.9622
97.9622
97.9622
97.9622
97.9622
97.9622
97.9622
97.9622
97.9622
97.9622
97.9622
97.9622
97.9622
97.9622
97.9622
97.9622
97.9622
97.9622
97.9622
97.9622
97.9622
97.9622
97.9622
97.9622
97.9622
97.9622
97.9622
97.9622
97.9622
97.9622
97.9622
97.9622
97.9622
97.9622
97.9622
97.9622
97.9622
97.9622
97.9622
97.9622
97.9622
97.9622
97.9622
97.9622
97.9622
97.9622
97.9622
97.9622
97.9622
97.9622
97.9622
97.9622
97.9622
97.9622
97.9622
97.9622
97.9622
97.9622
97.9622
97.9622
97.9622
97.9622
97.9622
97.9622
97.9622
97.9622
97.9622
97.9622
97.9622
97.9622
97.9622
97.9622
97.9622
97.9622
97.9622
97.9622
97.9622
97.9622
97.9622
97.9622
97.9622
97.9622
97.9622
97.9622
97.9622
97.9622
97.9622
97.9622
97.9622
97.9622
97.9622
97.9622
97.9622
97.9622
97.9622
97.9622
97.9622
97.9622
97.9622
97.9622
97.9622
97.9622
97.9622
97.9622
97.9622
97.9622
97.9622
97.9622
97.9622
97.9622
97.9622
97.9622
97.9622
97.9622
97.9622
97.9622
97.9622
97.9622
97.9622
97.9622
97.9622
97.9622
97.9622
97.9622
97.9622
97.9622
97.9622
97.9622
97.9622
97.9622
97.9622
97.9622
97.9622
97.9622
97.9622
97.9622
97.9622
97.9622
97.9622
97.9622
97.9622
97.9622
97.9622
97.9622
97.9622
97.9622
97.9622
97.9622
97.9622
97.9622
97.9622
97.9622
97.9622
97.9622
97.9622
97.9622
97.9622
97.9622
97.9622
97.9622
97.9622
97.9622
97.9622
97.9622
97.9622
97.9622
97.9622
97.9622
97.9622
97.9622
97.9622
97.9622
97.9622
97.9622
97.9622
97.9622
97.9622
97.9622
97.9622
97.9622
97.9622
97.9622
97.9622
97.9622
97.9622
97.9622
97.9622
97.9622
97.9622
97.9622
97.9622
97.9622
97.9622
97.9622
97.9622
97.9622
97.9622
97.9622
97.9622
97.9622
97.9622
97.9622
97.9622
97.9622
97.9622
97.9622
97.9622
97.9622
97.9622
97.9622
97.9622
97.9622
97.9622
97.9622
97.9622
97.9622
97.9622
97.9622
97.9622
97.9622
97.9622
97.9622
97.9622
97.9622
97.9622
97.9622
97.9622
97.9622
97.9622
97.9622
97.9622
97.9622
97.9622
97.9622
97.9622
97.9622
97.9622
97.9622
97.9622
97.9622
97.9622
97.9622
97.9622
97.9622
97.9622
97.9622
97.9622
97.9622
97.9622
97.9622
97.9622
97.9622
97.9622
97.9622
97.9622
97.9622
97.9622
97.9622
97.9622
97.9622
97.9622
97.9622
97.9622
97.9622
97.9622
97.9622
97.9622
97.9622
97.9622
97.9622
97.9622
97.9622
97.9622
97.9622
97.9622
97.9622
97.9622
97.9622
97.9622
97.9622
97.9622
97.9622
97.9622
97.9622
97.9622
97.9622
97.9622
97.9622
97.9622
97.9622
97.9622
97.9622
97.9622
97.9622
97.9622
97.9622
97.9622
97.9622
97.9622
97.9622
97.9622
97.9622
97.9622
97.9622
97.9622
97.9622
97.9622
97.9622
97.9622
97.9622
97.9622
97.9622
97.9622
97.9622
97.9622
97.9622
97.9622
97.9622
97.9622
97.9622
97.9622
97.9622
97.9622
97.9622
97.9622
97.9622
97.9622
97.9622
97.9622
97.9622
97.9622
97.9622
97.9622
97.9622
97.9622
97.9622
97.9622
97.9622
97.9622
97.9622
97.9622
97.9622
97.9622
97.9622
97.9622
97.9622
97.9622
97.9622
97.9622
97.9622
97.9622
97.9622
97.9622
97.9622
97.9622
97.9622
97.9622
97.9622
97.9622
97.9622
97.9622
97.9622
97.9622
97.9622
97.9622
97.9622
97.9622
97.9622
97.9622
97.9622
97.9622
97.9622
97.9622
97.9622
97.9622
97.9622
97.9622
97.9622
97.9622
97.9622
97.9622
97.9622
97.9622
97.9622
97.9622
97.9622
97.9622
97.9622
97.9622
97.9622
97.9622
97.9622
97.9622
97.9622
97.9622
97.9622
97.9622
97.9622
97.9622
97.9622
97.9622
97.9622
97.9622
97.9622
97.9622
97.9622
97.9622
97.9622
97.9622
97.9622
97.9622
97.9622
97.9622
97.9622
97.9622
97.9622
97.9622
97.9622
97.9622
97.9622
97.9622
97.9622
97.9622
97.9622
97.9622
97.9622
97.9622
97.9622
97.9622
97.9622
97.9622
97.9622
97.9622
97.9622
97.9622
97.9622
97.9622
97.9622
97.9622
97.9622
97.9622
97.9622
97.9622
97.9622
97.9622
97.9622
97.9622
97.9622
97.9622
97.9622
97.9622
97.9622
97.9622
97.9622
97.9622
97.9622
97.9622
97.9622
97.9622
97.9622
97.9622
97.9622
97.9622
97.9622
97.9622
97.9622
97.9622
97.9622
97.9622
97.9622
97.9622
97.9622
97.9622
97.9622
97.9622
97.9622
97.9622
97.9622
97.9622
97.9622
97.9622
97.9622
90.9569
77.4607
77.4607
77.4607
75.9431
75.9431
75.9431
75.9431
67.4707
64.9407
61.9094
61.9094
61.9094
60.2636
60.2636
39.231
39.231
39.231
39.231
39.231
39.231
37.8625
37.8625
37.8625
36.8059
31.9243
30.5606
30.1018
30.1018
30.1018
30.1018
29.8496
27.2619
27.2619
27.2619
27.2619
26.4161
26.4161
26.4161
26.4161
22.0866
22.0866
22.0866
22.0866
20.9092
20.9092
20.9092
20.9092
20.9092
20.9092
20.9018
17.9855
17.9855
17.9855
17.9855
17.9855
17.9855
17.9855
17.9855
17.9855
16.3029
16.3029
16.3029
16.3029
15.2652
15.2652
15.2652
15.2652
15.2652
15.2652
15.2652
15.2652
15.2652
15.2652
14.8615
14.8081
14.4579
14.4579
14.3892
14.3475
14.1639
14.1639
14.1639
13.9186
13.9186
13.8203
13.6539
13.5539
13.4549
13.3436
13.3029
13.3028
13.3015
13.2805
13.2205
13.1251
13.0347
12.9718
12.9425
12.8666
12.8247
12.7103
12.6562
12.5243
11.8076
11.8076
11.0763
10.8816
10.4721
9.39406
8.57054
8.3785
8.3785
8.28549
8.23969
8.23969
8.23969
8.23969
8.20799
8.20799
8.20799
8.20799
8.20799
8.17267
8.17267
8.16993
8.16259
8.13478
8.12918
8.12874
8.12779
8.12779
8.12601
8.12437
8.11972
8.11798
8.11232
8.10625
8.10589
8.10301
8.10281
8.10119
8.10119
8.10044
8.10044
8.10042
8.09986
8.09986
8.09986
8.09986
8.09986
8.09986
8.09986
8.09986
8.09986
8.09986
8.09986
8.09986
8.09986
8.09986
8.09986
8.09986
8.09986
8.09986
8.09986
8.09986
8.09986
8.09986
8.09986
8.09986
8.09986
8.09986
8.09986
8.09986
8.09986
8.09986
8.09986
8.09986
8.09986
8.09986
8.09986
8.09986
8.09986
8.09986
8.09986
8.09986
8.09986
8.09986
8.09986
8.09986
8.09986
8.09986
8.09986
8.09986
8.09986
8.09986
8.09986
8.09986
8.09986
8.09986
8.09986
8.09986
8.09986
8.09986
8.09986
8.09986
8.09986
8.09986
8.09986
8.09986
8.09986
8.09986
8.09986
8.09986
8.09986
8.09986
8.09986
8.09986
8.09986
8.09986
8.09986
8.09986
8.09986
8.09986
8.09986
8.09986
8.09986
8.09986
8.09986
8.09986
8.09986
8.09986
8.09986
8.09986
8.09986
8.09986
8.09986
8.09986
8.09986
8.09986
8.09986
8.09986
8.09986
8.09986
8.09986
8.09986
8.09986
8.09986
8.09986
8.09986
8.09986
8.09986
8.09986
8.09986
8.09986
8.09986
8.09986
8.09986
8.09986
8.09986
8.09986
8.09986
8.09986
8.09986
8.09986
8.09986
8.09986
8.09986
8.09986
8.09986
8.09986
8.09986
8.09986
8.09986
8.09986
8.09986
8.09986
8.09986
8.09986
8.09986
8.09986
8.09986
8.09986
8.09986
8.09986
8.09986
8.09986
8.09986
8.09986
8.09986
8.09986
8.09986
8.09986
8.09986
8.09986
8.09986
8.09986
8.09986
8.09986
8.09986
8.09986
8.09986
8.09986
8.09986
8.09986
8.09986
8.09986
8.09986
8.09986
8.09986
8.09986
8.09986
8.09986
8.09986
8.09986
8.09986
8.09986
8.09986
8.09986
8.09986
8.09986
8.09986
8.09986
8.09986
8.09986
8.09986
8.09986
8.09986
8.09986
8.09986
8.09986
8.09986
8.09986
8.09986
8.09986
8.09986
8.09986
8.09986
8.09986
8.09986
8.09986
8.09986
8.09986
8.09986
8.09986
8.09986
8.09986
8.09986
8.09986
8.09986
8.09986
8.09986
8.09986
8.09986
8.09986
8.09986
8.09986
8.09986
8.09986
8.09986
8.09986
8.09986
8.09986
8.09986
8.09986
8.09986
8.09986
8.09986
8.09986
8.09986
8.09986
8.09986
8.09986
8.09986
8.09986
8.09986
8.09986
8.09986
8.09986
8.09986
8.09986
8.09986
8.09986
8.09986
8.09986
8.09986
8.09986
8.09986
8.09986
8.09986
8.09986
8.09986
8.09986
8.09986
8.09986
8.09986
8.09986
8.09986
8.09986
8.09986
8.09986
8.09986
8.09986
8.09986
8.09986
8.09986
8.09986
8.09986
8.09986
8.09986
8.09986
8.09986
8.09986
8.09986
8.09986
8.09986
8.09986
8.09986
8.09986
8.09986
8.09986
8.09986
8.09986
8.09986
8.09986
8.09986
8.09986
8.09986
8.09986
8.09986
8.09986
8.09986
8.09986
8.09986
8.09986
8.09986
8.09986
8.09986
8.09986
8.09986
8.09986
8.09986
8.09986
8.09986
8.09986
8.09986
8.09986
8.09986
8.09986
8.09986
8.09986
8.09986
8.09986
8.09986
8.09986
8.09986
8.09986
8.09986
8.09986
8.09986
8.09986
8.09986
8.09986
8.09986
8.09986
8.09986
8.09986
8.09986
8.09986
8.09986
8.09986
8.09986
8.09986
8.09986
8.09986
8.09986
8.09986
8.09986
8.09986
8.09986
8.09986
8.09986
8.09986
8.09986
8.09986
8.09986
8.09986
8.09986
8.09986
8.09986
8.09986
8.09986
8.09986
8.09986
8.09986
8.09986
8.09986
8.09986
8.09986
8.09986
8.09986
8.09986
8.09986
8.09986
8.09986
8.09986
8.09986
8.09986
8.09986
8.09986
8.09986
8.09986
8.09986
8.09986
8.09986
8.09986
8.09986
8.09986
8.09986
8.09986
8.09986
8.09986
8.09986
8.09986
8.09986
8.09986
8.09986
8.09986
8.09986
8.09986
8.09986
8.09986
8.09986
8.09986
8.09986
8.09986
8.09986
8.09986
8.09986
8.09986
8.09986
8.09986
8.09986
8.09986
8.09986
8.09986
8.09986
8.09986
8.09986
8.09986
8.09986
8.09986
8.09986
8.09986
8.09986
8.09986
8.09986
8.09986
8.09986
8.09986
8.09986
8.09986
8.09986
8.09986
8.09986
8.09986
8.09986
8.09986
8.09986
8.09986
8.09986
8.09986
8.09986
8.09986
8.09986
8.09986
8.09986
8.09986
8.09986
8.09986
8.09986
8.09986
8.09986
8.09986
8.09986
8.09986
8.09986
8.09986
8.09986
8.09986
8.09986
8.09986
8.09986
8.09986
8.09986
8.09986
8.09986
8.09986
8.09986
8.09986
8.09986
8.09986
8.09986
8.09986
8.09986
8.09986
8.09986
8.09986
8.09986
8.09986
8.09986
8.09986
8.09986
8.09986
8.09986
8.09986
8.09986
8.09986
8.09986
8.09986
8.09986
8.09986
8.09986
8.09986
8.09986
8.09986
8.09986
8.09986
8.09986
8.09986
8.09986
8.09986
8.09986
8.09986
8.09986
8.09986
8.09986
8.09986
8.09986
8.09986
8.09986
8.09986
8.09986
8.09986
8.09986
8.09986
8.09986
8.09986
8.09986
8.09986
8.09986
8.09986
8.09986
8.09986
8.09986
8.09986
8.09986
8.09986
8.09986
8.09986
8.09986
8.09986
8.09986
8.09986
8.09986
8.09986
8.09986
8.09986
8.09986
8.09986
8.09986
8.09986
8.09986
8.09986
8.09986
8.09986
8.09986
8.09986
8.09986
8.09986
8.09986
8.09986
8.09986
8.09986
8.09986
8.09986
8.09986
8.09986
8.09986
8.09986
8.09986
8.09986
8.09986
8.09986
8.09986
8.09986
8.09986
8.09986
8.09986
8.09986
8.09986
8.09986
8.09986
8.09986
8.09986
8.09986
8.09986
8.09986
8.09986
8.09986
8.09986
8.09986
8.09986
8.09986
8.09986
8.09986
8.09986
8.09986
8.09986
8.09986
8.09986
8.09986
8.09986
8.09986
8.09986
8.09986
8.09986
8.09986
8.09986
8.09986
8.09986
8.09986
8.09986
8.09986
8.09986
8.09986
8.09986
8.09986
8.09986
8.09986
8.09986
8.09986
8.09986
8.09986
8.09986
8.09986
8.09986
8.09986
8.09986
8.09986
8.09986
8.09986
8.09986
8.09986
8.09986
8.09986
8.09986
8.09986
8.09986
8.09986
8.09986
8.09986
8.09986
8.09986
8.09986
8.09986
8.09986
8.09986
8.09986
8.09986
8.09986
8.09986
8.09986
8.09986
8.09986
8.09986
8.09986
8.09986
8.09986
8.09986
8.09986
8.09986
8.09986
8.09986
8.09986
8.09986
8.09986
8.09986
8.09986
8.09986
8.09986
8.09986
8.09986
8.09986
8.09986
8.09986
8.09986
8.09986
8.09986
8.09986
8.09986
8.09986
8.09986
8.09986
8.09986
8.09986
8.09986
8.09986
8.09986
8.09986
8.09986
8.09986
8.09986
8.09986
8.09986
8.09986
8.09986
8.09986
8.09986
8.09986
8.09986
8.09986
8.09986
8.09986
8.09986
8.09986
8.09986
8.09986
8.09986
8.09986
8.09986
8.09986
8.09986
8.09986
8.09986
8.09986
8.09986
8.09986
8.09986
8.09986
8.09986
8.09986
8.09986
8.09986
8.09986
8.09986
8.09986
8.09986
8.09986
8.09986
8.09986
8.09986
8.09986
8.09986
8.09986
8.09986
8.09986
8.09986
8.09986
8.09986
8.09986
8.09986
8.09986
8.09986
8.09986
8.09986
8.09986
8.09986
8.09986
8.09986
8.09986
8.09986
8.09986
8.09986
8.09986
8.09986
8.09986
8.09986
8.09986
8.09986
8.09986
8.09986
8.09986
8.09986
8.09986
8.09986
8.09986
8.09986
8.09986
8.09986
8.09986
8.09986
8.09986
8.09986
8.09986
8.09986
8.09986
8.09986
8.09986
8.09986
8.09986
8.09986
8.09986
8.09986
8.09986
8.09986
8.09986
8.09986
8.09986
8.09986
8.09986
8.09986
8.09986
8.09986
8.09986
8.09986
8.09986
8.09986
8.09986
8.09986
8.09986
8.09986
8.09986
8.09986
8.09986
8.09986
8.09986
8.09986
8.09986
8.09986
8.09986
8.09986
8.09986
8.09986
8.09986
8.09986
8.09986
8.09986
8.09986
8.09986
8.09986
8.09986
8.09986
8.09986
8.09986
8.09986
8.09986
8.09986
8.09986
8.09986
8.09986
8.09986
8.09986
8.09986
8.09986
8.09986
8.09986
8.09986
8.09986
8.09986
8.09986
8.09986
8.09986
8.09986
8.09986
8.09986
8.09986
8.09986
8.09986
8.09986
8.09986
8.09986
8.09986
8.09986
8.09986
8.09986
8.09986
8.09986
8.09986
8.09986
8.09986
8.09986
8.09986
8.09986
8.09986
8.09986
8.09986
8.09986
8.09986
8.09986
8.09986
8.09986
8.09986
8.09986
8.09986
8.09986
8.09986
8.09986
8.09986
8.09986
8.09986
8.09986
8.09986
8.09986
8.09986
8.09986
8.09986
8.09986
8.09986
8.09986
8.09986
8.09986
8.09986
8.09986
8.09986
8.09986
8.09986
8.09986
8.09986
8.09986
8.09986
8.09986
8.09986
8.09986
8.09986
8.09986
8.09986
8.09986
8.09986
8.09986
8.09986
8.09986
8.09986
8.09986
8.09986
8.09986
8.09986
8.09986
8.09986
8.09986
8.09986
8.09986
8.09986
8.09986
8.09986
8.09986
8.09986
8.09986
8.09986
8.09986
8.09986
8.09986
8.09986
8.09986
8.09986
8.09986
8.09986
8.09986
8.09986
8.09986
8.09986
8.09986
8.09986
8.09986
8.09986
8.09986
8.09986
8.09986
8.09986
8.09986
8.09986
8.09986
8.09986
8.09986
8.09986
8.09986
8.09986
8.09986
8.09986
8.09986
8.09986
8.09986
8.09986
8.09986
8.09986
8.09986
8.09986
8.09986
8.09986
8.09986
8.09986
8.09986
8.09986
8.09986
8.09986
8.09986
8.09986
8.09986
8.09986
8.09986
8.09986
8.09986
8.09986
8.09986
8.09986
8.09986
8.09986
8.09986
8.09986
8.09986
8.09986
8.09986
8.09986
8.09986
8.09986
8.09986
8.09986
8.09986
8.09986
8.09986
8.09986
8.09986
8.09986
8.09986
8.09986
8.09986
8.09986
8.09986
8.09986
8.09986
8.09986
8.09986
8.09986
8.09986
8.09986
8.09986
8.09986
8.09986
8.09986
8.09986
8.09986
8.09986
8.09986
8.09986
8.09986
8.09986
8.09986
8.09986
8.09986
8.09986
8.09986
8.09986
8.09986
8.09986
8.09986
8.09986
8.09986
8.09986
8.09986
8.09986
8.09986
8.09986
8.09986
8.09986
8.09986
8.09986
8.09986
8.09986
8.09986
8.09986
8.09986
8.09986
8.09986
8.09986
8.09986
8.09986
8.09986
8.09986
8.09986
8.09986
8.09986
8.09986
8.09986
8.09986
8.09986
8.09986
8.09986
8.09986
8.09986
8.09986
8.09986
8.09986
8.09986
8.09986
8.09986
8.09986
8.09986
8.09986
8.09986
8.09986
8.09986
8.09986
8.09986
8.09986
8.09986
8.09986
8.09986
8.09986
8.09986
8.09986
8.09986
8.09986
8.09986
8.09986
8.09986
8.09986
8.09986
8.09986
8.09986
8.09986
8.09986
8.09986
8.09986
8.09986
8.09986
8.09986
8.09986
8.09986
8.09986
8.09986
8.09986
8.09986
8.09986
8.09986
8.09986
8.09986
8.09986
8.09986
8.09986
8.09986
8.09986
8.09986
8.09986
8.09986
8.09986
8.09986
8.09986
8.09986
8.09986
8.09986
8.09986
8.09986
8.09986
8.09986
8.09986
8.09986
8.09986
8.09986
8.09986
8.09986
8.09986
8.09986
8.09986
8.09986
8.09986
8.09986
8.09986
8.09986
8.09986
8.09986
8.09986
8.09986
8.09986
8.09986
8.09986
8.09986
8.09986
8.09986
8.09986
8.09986
8.09986
8.09986
8.09986
8.09986
8.09986
8.09986
8.09986
8.09986
8.09986
8.09986
8.09986
8.09986
8.09986
8.09986
8.09986
8.09986
8.09986
8.09986
8.09986
8.09986
8.09986
8.09986
8.09986
8.09986
8.09986
8.09986
8.09986
8.09986
8.09986
8.09986
8.09986
8.09986
8.09986
8.09986
8.09986
8.09986
8.09986
8.09986
8.09986
8.09986
8.09986
8.09986
8.09986
8.09986
8.09986
8.09986
8.09986
8.09986
8.09986
8.09986
8.09986
8.09986
8.09986
8.09986
8.09986
8.09986
8.09986
8.09986
8.09986
8.09986
8.09986
8.09986
8.09986
8.09986
8.09986
8.09986
8.09986
8.09986
8.09986
8.09986
8.09986
8.09986
8.09986
8.09986
8.09986
8.09986
8.09986
8.09986
8.09986
8.09986
8.09986
8.09986
8.09986
8.09986
8.09986
8.09986
8.09986
8.09986
8.09986
8.09986
8.09986
8.09986
8.09986
8.09986
8.09986
8.09986
8.09986
8.09986
8.09986
8.09986
8.09986
8.09986
8.09986
8.09986
8.09986
8.09986
8.09986
8.09986
8.09986
8.09986
8.09986
8.09986
8.09986
8.09986
8.09986
8.09986
8.09986
8.09986
8.09986
8.09986
8.09986
8.09986
8.09986
8.09986
8.09986
8.09986
8.09986
8.09986
8.09986
8.09986
8.09986
8.09986
8.09986
8.09986
8.09986
8.09986
8.09986
8.09986
8.09986
8.09986
8.09986
8.09986
8.09986
8.09986
8.09986
8.09986
8.09986
8.09986
8.09986
8.09986
8.09986
8.09986
8.09986
8.09986
8.09986
8.09986
8.09986
8.09986
8.09986
8.09986
8.09986
8.09986
8.09986
8.09986
8.09986
8.09986
8.09986
8.09986
8.09986
8.09986
8.09986
8.09986
8.09986
8.09986
8.09986
8.09986
8.09986
8.09986
8.09986
8.09986
8.09986
8.09986
8.09986
8.09986
8.09986
8.09986
8.09986
8.09986
8.09986
8.09986
8.09986
8.09986
8.09986
8.09986
8.09986
8.09986
8.09986
8.09986
8.09986
8.09986
8.09986
8.09986
8.09986
8.09986
8.09986
8.09986
8.09986
