1.87365e+07
1.87365e+07
2.1814e+06
1.88992e+06
1.88992e+06
1.88992e+06
1.88992e+06
1.88992e+06
1.88992e+06
1.88992e+06
1.88992e+06
1.88992e+06
1.88992e+06
1.88992e+06
1.88992e+06
1.88992e+06
1.88992e+06
1.88992e+06
1.88992e+06
1.63095e+06
977317
636094
636094
636094
216854
216854
216854
216854
201279
104825
61111.6
47337.3
47337.3
36136.2
28871.1
26948.8
19786.4
13913.9
9276.35
5521.67
4524.71
1802.36
1802.36
1390.72
1180.06
663.424
504.07
439.491
395.481
319.337
305.054
305.054
235.879
235.879
235.879
235.879
235.879
235.879
235.879
235.879
235.879
221.152
221.152
204.499
204.499
204.499
204.499
204.499
204.499
202.075
191.675
191.675
191.675
191.675
191.675
191.675
191.675
191.675
191.675
191.675
191.675
191.675
191.675
191.675
191.675
191.675
191.675
189.285
189.285
189.285
189.285
189.285
189.285
189.285
189.285
189.285
189.285
189.285
189.285
189.285
189.285
189.285
189.285
189.285
189.285
189.285
189.285
189.285
189.285
189.285
189.285
189.285
189.285
189.285
189.285
189.285
185.439
185.439
185.439
185.439
185.439
185.439
185.439
185.439
185.439
185.439
185.439
185.439
185.439
185.439
177.554
177.554
177.554
177.554
177.554
177.554
177.554
177.554
177.554
177.554
177.554
177.554
177.554
177.554
177.554
177.554
177.554
177.554
177.554
177.554
177.554
177.554
177.554
177.554
177.554
177.554
177.554
177.554
177.554
177.554
177.554
177.554
177.554
177.554
177.554
177.554
177.554
177.554
177.554
177.554
177.554
177.554
177.554
177.554
177.554
177.554
177.554
177.554
177.554
177.554
177.554
177.554
177.554
177.554
177.554
177.554
177.554
177.554
177.554
177.554
177.104
177.104
177.104
177.104
177.104
177.104
177.104
177.104
177.104
177.104
177.104
177.104
177.104
177.104
177.104
177.104
177.104
177.104
177.104
177.104
177.104
177.104
177.104
177.104
177.104
177.104
177.104
177.104
177.104
177.104
177.104
177.104
177.104
177.104
177.104
177.104
177.104
177.104
177.104
177.104
177.104
177.104
177.104
177.104
177.104
177.104
177.104
177.104
177.104
177.104
177.104
177.104
177.104
177.104
177.104
177.104
177.104
177.104
177.104
177.104
177.104
177.104
177.104
177.104
177.104
177.104
177.104
177.104
177.104
177.104
177.104
177.104
177.104
177.104
177.104
177.104
177.104
177.104
177.104
177.104
177.104
177.104
177.104
177.104
177.104
177.104
177.104
177.104
177.104
177.104
177.104
177.104
177.104
177.104
177.104
177.104
177.104
177.104
177.104
177.104
177.104
177.104
177.104
177.104
177.104
177.104
177.104
177.104
177.104
177.104
177.104
177.104
177.104
177.104
177.104
177.104
177.104
177.104
177.104
177.104
177.104
177.104
177.104
177.104
177.104
177.104
177.104
177.104
177.104
177.104
177.104
177.104
177.104
177.104
177.104
176.176
176.176
176.176
168.268
168.268
168.268
168.268
168.268
168.268
168.268
168.268
168.268
168.268
168.268
168.268
168.268
168.268
168.268
168.268
168.268
168.268
168.268
168.268
168.268
168.268
168.268
168.268
168.268
168.268
168.268
168.268
168.268
168.268
168.268
168.268
168.268
168.268
168.268
163.798
163.798
163.798
163.798
163.798
163.798
163.798
163.798
163.798
163.798
163.798
163.798
163.798
163.798
163.798
163.798
163.798
163.798
163.798
163.798
163.798
163.798
163.798
163.798
163.798
163.798
163.798
163.798
163.798
163.798
163.798
163.798
163.798
163.798
156.619
144.972
144.972
134.927
134.927
129.476
129.476
129.476
122.218
106.135
106.135
106.135
106.135
106.135
106.135
106.135
106.135
106.135
106.135
106.135
106.135
106.135
106.135
106.135
106.135
106.135
106.135
106.135
106.135
106.135
106.135
106.135
106.135
106.135
106.135
106.135
106.135
98.0043
93.8345
93.8345
93.8345
93.8345
93.8345
93.8345
93.8345
93.8345
93.8345
93.8345
93.8345
89.2773
80.3632
80.3632
65.9602
65.9602
65.9602
56.6931
56.6931
56.218
56.218
56.218
56.218
56.218
56.218
56.218
56.218
56.218
56.218
56.218
56.218
56.218
56.218
54.4533
47.707
43.4057
43.4057
39.8587
39.8587
39.4043
38.5641
36.9138
35.2423
35.2276
33.6447
32.8372
30.4861
30.4488
29.8561
29.3356
29.3356
29.3356
29.0726
25.681
25.681
25.681
25.681
25.681
25.5226
24.8455
24.617
23.6634
23.6634
23.6634
23.6634
23.6634
22.2409
22.2409
22.2409
22.1911
21.1272
20.2827
20.0362
19.2811
17.8752
17.6675
16.737
16.1778
15.3014
14.6338
13.7685
12.476
11.7625
11.1005
10.6448
10.1348
9.93293
9.62151
8.75918
8.63771
8.23698
7.75975
7.2652
7.09566
6.92743
6.56837
6.48596
6.30864
6.19531
5.97194
5.83015
5.6992
5.55728
5.55728
5.4042
5.4042
5.35929
5.28428
5.20909
5.20909
5.1705
5.15493
5.10349
5.09739
5.08461
5.06304
5.06304
5.05471
5.02099
5.02099
5.02099
5.02099
5.00605
5.0019
5.0019
4.98562
4.98511
4.98226
4.97189
4.96473
4.94724
4.9466
4.93047
4.92213
4.91414
4.89743
4.89743
4.89743
4.89341
4.89175
4.89175
4.89096
4.89091
4.88882
4.88079
4.88079
4.88079
4.88079
4.88079
4.88079
4.88079
4.88079
4.88079
4.87468
4.87215
4.86862
4.86629
4.86629
4.85834
4.85834
4.85629
4.85571
4.85571
4.85571
4.85571
4.85571
4.85571
4.85571
4.85571
4.85571
4.85571
4.85571
4.85571
4.85571
4.85571
4.85571
4.85571
4.85571
4.85571
4.85571
4.85571
4.85571
4.85571
4.85571
4.85571
4.85571
4.85571
4.85571
4.85571
4.85571
4.85571
4.85571
4.85571
4.85571
4.85571
4.85571
4.85571
4.85571
4.85571
4.85571
4.85571
4.85571
4.85571
4.85571
4.85571
4.85571
4.85571
4.85571
4.85571
4.85571
4.85571
4.85571
4.85571
4.85571
4.85571
4.85571
4.85571
4.85571
4.85571
4.85571
4.85571
4.85571
4.85571
4.85571
4.85571
4.85571
4.85571
4.85571
4.85571
4.85571
4.85571
4.85571
4.85571
4.85571
4.85571
4.85571
4.85571
4.85571
4.85571
4.85571
4.85571
4.85571
4.85571
4.85571
4.85571
4.85571
4.85571
4.85571
4.85571
4.85571
4.85571
4.85571
4.85571
4.85571
4.85571
4.85571
4.85571
4.85571
4.85571
4.85571
4.85571
4.85571
4.85571
4.85571
4.85571
4.85571
4.85571
4.85571
4.85571
4.85571
4.85571
4.85571
4.85571
4.85571
4.85571
4.85571
4.85571
4.85571
4.85571
4.85571
4.85571
4.85571
4.85571
4.85571
4.85571
4.85571
4.85571
4.85571
4.85571
4.85571
4.85571
4.85571
4.85571
4.85571
4.85571
4.85571
4.85571
4.85571
4.85571
4.85571
4.85571
4.85571
4.85571
4.85571
4.85571
4.85571
4.85571
4.85571
4.85571
4.85571
4.85571
4.85571
4.85571
4.85571
4.85571
4.85571
4.85571
4.85571
4.85571
4.85571
4.85571
4.85571
4.85571
4.85571
4.85571
4.85571
4.85571
4.85571
4.85571
4.85571
4.85571
4.85571
4.85571
4.85571
4.85571
4.85571
4.85571
4.85571
4.85571
4.85571
4.85571
4.85571
4.85571
4.85571
4.85571
4.85571
4.85571
4.85571
4.85571
4.85571
4.85571
4.85571
4.85571
4.85571
4.85571
4.85571
4.85571
4.85571
4.85571
4.85571
4.85571
4.85571
4.85571
4.85571
4.85571
4.85571
4.85571
4.85571
4.85571
4.85571
4.85571
4.85571
4.85571
4.85571
4.85571
4.85571
4.85571
4.85571
4.85571
4.85571
4.85571
4.85571
4.85571
4.85571
4.85571
4.85571
4.85571
4.85571
4.85571
4.85571
4.85571
4.85571
4.85571
4.85571
4.85571
4.85571
4.85571
4.85571
4.85571
4.85571
4.85571
4.85571
4.85571
4.85571
4.85571
4.85571
4.85571
4.85571
4.85571
4.85571
4.85571
4.85571
4.85571
4.85571
4.85571
4.85571
4.85571
4.85571
4.85571
4.85571
4.85571
4.85571
4.85571
4.85571
4.85571
4.85571
4.85571
4.85571
4.85571
4.85571
4.85571
4.85571
4.85571
4.85571
4.85571
4.85571
4.85571
4.85571
4.85571
4.85571
4.85571
4.85571
4.85571
4.85571
4.85571
4.85571
4.85571
4.85571
4.85571
4.85571
4.85571
4.85571
4.85571
4.85571
4.85571
4.85571
4.85571
4.85571
4.85571
4.85571
4.85571
4.85571
4.85571
4.85571
4.85571
4.85571
4.85571
4.85571
4.85571
4.85571
4.85571
4.85571
4.85571
4.85571
4.85571
4.85571
4.85571
4.85571
4.85571
4.85571
4.85571
4.85571
4.85571
4.85571
4.85571
4.85571
4.85571
4.85571
4.85571
4.85571
4.85571
4.85571
4.85571
4.85571
4.85571
4.85571
4.85571
4.85571
4.85571
4.85571
4.85571
4.85571
4.85571
4.85571
4.85571
4.85571
4.85571
4.85571
4.85571
4.85571
4.85571
4.85571
4.85571
4.85571
4.85571
4.85571
4.85571
4.85571
4.85571
4.85571
4.85571
4.85571
4.85571
4.85571
4.85571
4.85571
4.85571
4.85571
4.85571
4.85571
4.85571
4.85571
4.85571
4.85571
4.85571
4.85571
4.85571
4.85571
4.85571
4.85571
4.85571
4.85571
4.85571
4.85571
4.85571
4.85571
4.85571
4.85571
4.85571
4.85571
4.85571
4.85571
4.85571
4.85571
4.85571
4.85571
4.85571
4.85571
4.85571
4.85571
4.85571
4.85571
4.85571
4.85571
4.85571
4.85571
4.85571
4.85571
4.85571
4.85571
4.85571
4.85571
4.85571
4.85571
4.85571
4.85571
4.85571
4.85571
4.85571
4.85571
4.85571
4.85571
4.85571
4.85571
4.85571
4.85571
4.85571
4.85571
4.85571
4.85571
4.85571
4.85571
4.85571
4.85571
4.85571
4.85571
4.85571
4.85571
4.85571
4.85571
4.85571
4.85571
4.85571
4.85571
4.85571
4.85571
4.85571
4.85571
4.85571
4.85571
4.85571
4.85571
4.85571
4.85571
4.85571
4.85571
4.85571
4.85571
4.85571
4.85571
4.85571
4.85571
4.85571
4.85571
4.85571
4.85571
4.85571
4.85571
4.85571
4.85571
4.85571
4.85571
4.85571
4.85571
4.85571
4.85571
4.85571
4.85571
4.85571
4.85571
4.85571
4.85571
4.85571
4.85571
4.85571
4.85571
4.85571
4.85571
4.85571
4.85571
4.85571
4.85571
4.85571
4.85571
4.85571
4.85571
4.85571
4.85571
4.85571
4.85571
4.85571
4.85571
4.85571
4.85571
4.85571
4.85571
4.85571
4.85571
4.85571
4.85571
4.85571
4.85571
4.85571
4.85571
4.85571
4.85571
4.85571
4.85571
4.85571
4.85571
4.85571
4.85571
4.85571
4.85571
4.85571
4.85571
4.85571
4.85571
4.85571
4.85571
4.85571
4.85571
4.85571
4.85571
4.85571
4.85571
4.85571
4.85571
4.85571
4.85571
4.85571
4.85571
4.85571
4.85571
4.85571
4.85571
4.85571
4.85571
4.85571
4.85571
4.85571
4.85571
4.85571
4.85571
4.85571
4.85571
4.85571
4.85571
4.85571
4.85571
4.85571
4.85571
4.85571
4.85571
4.85571
4.85571
4.85571
4.85571
4.85571
4.85571
4.85571
4.85571
4.85571
4.85571
4.85571
4.85571
4.85571
4.85571
4.85571
4.85571
4.85571
4.85571
4.85571
4.85571
4.85571
4.85571
4.85571
4.85571
4.85571
4.85571
4.85571
4.85571
4.85571
4.85571
4.85571
4.85571
4.85571
4.85571
4.85571
4.85571
4.85571
4.85571
4.85571
4.85571
4.85571
4.85571
4.85571
4.85571
4.85571
4.85571
4.85571
4.85571
4.85571
4.85571
4.85571
4.85571
4.85571
4.85571
4.85571
4.85571
4.85571
4.85571
4.85571
4.85571
4.85571
4.85571
4.85571
4.85571
4.85571
4.85571
4.85571
4.85571
4.85571
4.85571
4.85571
4.85571
4.85571
4.85571
4.85571
4.85571
4.85571
4.85571
4.85571
4.85571
4.85571
4.85571
4.85571
4.85571
4.85571
4.85571
4.85571
4.85571
4.85571
4.85571
4.85571
4.85571
4.85571
4.85571
4.85571
4.85571
4.85571
4.85571
4.85571
4.85571
4.85571
4.85571
4.85571
4.85571
4.85571
4.85571
4.85571
4.85571
4.85571
4.85571
4.85571
4.85571
4.85571
4.85571
4.85571
4.85571
4.85571
4.85571
4.85571
4.85571
4.85571
4.85571
4.85571
4.85571
4.85571
4.85571
4.85571
4.85571
4.85571
4.85571
4.85571
4.85571
4.85571
4.85571
4.85571
4.85571
4.85571
4.85571
4.85571
4.85571
4.85571
4.85571
4.85571
4.85571
4.85571
4.85571
4.85571
4.85571
4.85571
4.85571
4.85571
4.85571
4.85571
4.85571
4.85571
4.85571
4.85571
4.85571
4.85571
4.85571
4.85571
4.85571
4.85571
4.85571
4.85571
4.85571
4.85571
4.85571
4.85571
4.85571
4.85571
4.85571
4.85571
4.85571
4.85571
4.85571
4.85571
4.85571
4.85571
4.85571
4.85571
4.85571
4.85571
4.85571
4.85571
4.85571
4.85571
4.85571
4.85571
4.85571
4.85571
4.85571
4.85571
4.85571
4.85571
4.85571
4.85571
4.85571
4.85571
4.85571
4.85571
4.85571
4.85571
4.85571
4.85571
4.85571
4.85571
4.85571
4.85571
4.85571
4.85571
4.85571
4.85571
4.85571
4.85571
4.85571
4.85571
4.85571
4.85571
4.85571
4.85571
4.85571
4.85571
4.85571
4.85571
4.85571
4.85571
4.85571
4.85571
4.85571
4.85571
4.85571
4.85571
4.85571
4.85571
4.85571
4.85571
4.85571
4.85571
4.85571
4.85571
4.85571
4.85571
4.85571
4.85571
4.85571
4.85571
4.85571
4.85571
4.85571
4.85571
4.85571
4.85571
4.85571
4.85571
4.85571
4.85571
4.85571
4.85571
4.85571
4.85571
4.85571
4.85571
4.85571
4.85571
4.85571
4.85571
4.85571
4.85571
4.85571
4.85571
4.85571
4.85571
4.85571
4.85571
4.85571
4.85571
4.85571
4.85571
4.85571
4.85571
4.85571
4.85571
4.85571
4.85571
4.85571
4.85571
4.85571
4.85571
4.85571
4.85571
4.85571
4.85571
4.85571
4.85571
4.85571
4.85571
4.85571
4.85571
4.85571
4.85571
4.85571
4.85571
4.85571
4.85571
4.85571
4.85571
4.85571
4.85571
4.85571
4.85571
4.85571
4.85571
4.85571
4.85571
4.85571
4.85571
4.85571
4.85571
4.85571
4.85571
4.85571
4.85571
4.85571
4.85571
4.85571
4.85571
4.85571
4.85571
4.85571
4.85571
4.85571
4.85571
4.85571
4.85571
4.85571
4.85571
4.85571
4.85571
4.85571
4.85571
4.85571
4.85571
4.85571
4.85571
4.85571
4.85571
4.85571
4.85571
4.85571
4.85571
4.85571
4.85571
4.85571
4.85571
4.85571
4.85571
4.85571
4.85571
4.85571
4.85571
4.85571
4.85571
4.85571
4.85571
4.85571
4.85571
4.85571
4.85571
4.85571
4.85571
4.85571
4.85571
4.85571
4.85571
4.85571
4.85571
4.85571
4.85571
4.85571
4.85571
4.85571
4.85571
4.85571
4.85571
4.85571
4.85571
4.85571
4.85571
4.85571
4.85571
4.85571
4.85571
4.85571
4.85571
4.85571
4.85571
4.85571
4.85571
4.85571
4.85571
4.85571
4.85571
4.85571
4.85571
4.85571
4.85571
4.85571
4.85571
4.85571
4.85571
4.85571
4.85571
4.85571
4.85571
4.85571
4.85571
4.85571
4.85571
4.85571
4.85571
4.85571
4.85571
4.85571
4.85571
4.85571
4.85571
4.85571
4.85571
4.85571
4.85571
4.85571
4.85571
4.85571
4.85571
4.85571
4.85571
4.85571
4.85571
4.85571
4.85571
4.85571
4.85571
4.85571
4.85571
4.85571
4.85571
4.85571
4.85571
4.85571
4.85571
4.85571
4.85571
4.85571
4.85571
4.85571
4.85571
4.85571
4.85571
4.85571
4.85571
4.85571
4.85571
4.85571
4.85571
4.85571
4.85571
4.85571
4.85571
4.85571
4.85571
4.85571
4.85571
4.85571
4.85571
4.85571
4.85571
4.85571
4.85571
4.85571
4.85571
4.85571
4.85571
4.85571
4.85571
4.85571
4.85571
4.85571
4.85571
4.85571
4.85571
4.85571
4.85571
4.85571
4.85571
4.85571
4.85571
4.85571
4.85571
4.85571
4.85571
4.85571
4.85571
4.85571
4.85571
4.85571
4.85571
4.85571
4.85571
4.85571
4.85571
4.85571
4.85571
4.85571
4.85571
4.85571
4.85571
4.85571
4.85571
4.85571
4.85571
4.85571
4.85571
4.85571
4.85571
4.85571
4.85571
4.85571
4.85571
4.85571
4.85571
4.85571
4.85571
4.85571
4.85571
4.85571
4.85571
4.85571
4.85571
4.85571
4.85571
4.85571
4.85571
4.85571
4.85571
4.85571
4.85571
4.85571
4.85571
4.85571
4.85571
4.85571
4.85571
4.85571
4.85571
4.85571
4.85571
4.85571
4.85571
4.85571
4.85571
4.85571
4.85571
4.85571
4.85571
4.85571
4.85571
4.85571
4.85571
4.85571
4.85571
4.85571
4.85571
4.85571
4.85571
4.85571
4.85571
4.85571
4.85571
4.85571
4.85571
4.85571
4.85571
4.85571
4.85571
4.85571
4.85571
4.85571
4.85571
4.85571
4.85571
4.85571
4.85571
4.85571
4.85571
4.85571
4.85571
4.85571
4.85571
4.85571
4.85571
4.85571
4.85571
4.85571
4.85571
4.85571
4.85571
4.85571
4.85571
4.85571
4.85571
4.85571
4.85571
4.85571
4.85571
4.85571
4.85571
4.85571
4.85571
4.85571
4.85571
4.85571
4.85571
4.85571
4.85571
4.85571
4.85571
4.85571
4.85571
4.85571
4.85571
4.85571
4.85571
4.85571
4.85571
4.85571
4.85571
4.85571
4.85571
4.85571
4.85571
4.85571
4.85571
4.85571
4.85571
4.85571
4.85571
4.85571
4.85571
4.85571
4.85571
4.85571
4.85571
4.85571
4.85571
4.85571
4.85571
4.85571
4.85571
4.85571
4.85571
4.85571
4.85571
4.85571
4.85571
4.85571
4.85571
4.85571
4.85571
4.85571
4.85571
4.85571
4.85571
4.85571
4.85571
4.85571
4.85571
4.85571
4.85571
4.85571
4.85571
4.85571
4.85571
4.85571
4.85571
4.85571
4.85571
4.85571
4.85571
4.85571
4.85571
4.85571
4.85571
4.85571
4.85571
4.85571
4.85571
4.85571
4.85571
4.85571
4.85571
4.85571
4.85571
4.85571
4.85571
4.85571
4.85571
4.85571
4.85571
4.85571
4.85571
4.85571
4.85571
4.85571
4.85571
4.85571
4.85571
4.85571
4.85571
4.85571
4.85571
4.85571
4.85571
4.85571
4.85571
4.85571
4.85571
4.85571
4.85571
4.85571
4.85571
4.85571
4.85571
4.85571
4.85571
4.85571
4.85571
4.85571
4.85571
4.85571
4.85571
4.85571
4.85571
4.85571
4.85571
4.85571
4.85571
4.85571
4.85571
4.85571
4.85571
4.85571
4.85571
4.85571
4.85571
4.85571
4.85571
4.85571
4.85571
4.85571
4.85571
4.85571
4.85571
4.85571
4.85571
4.85571
4.85571
4.85571
4.85571
4.85571
4.85571
4.85571
4.85571
4.85571
4.85571
4.85571
4.85571
4.85571
4.85571
4.85571
4.85571
4.85571
4.85571
4.85571
4.85571
4.85571
4.85571
4.85571
4.85571
4.85571
4.85571
4.85571
4.85571
4.85571
4.85571
4.85571
4.85571
4.85571
4.85571
4.85571
4.85571
4.85571
4.85571
4.85571
4.85571
4.85571
4.85571
4.85571
4.85571
4.85571
4.85571
4.85571
4.85571
4.85571
4.85571
4.85571
4.85571
4.85571
4.85571
4.85571
4.85571
4.85571
4.85571
4.85571
4.85571
4.85571
4.85571
4.85571
4.85571
4.85571
4.85571
4.85571
4.85571
4.85571
4.85571
4.85571
4.85571
4.85571
4.85571
4.85571
4.85571
4.85571
4.85571
4.85571
4.85571
4.85571
4.85571
4.85571
4.85571
4.85571
4.85571
4.85571
4.85571
4.85571
4.85571
4.85571
4.85571
4.85571
4.85571
4.85571
4.85571
4.85571
4.85571
4.85571
4.85571
4.85571
4.85571
4.85571
4.85571
4.85571
4.85571
4.85571
4.85571
4.85571
4.85571
4.85571
4.85571
4.85571
4.85571
4.85571
4.85571
4.85571
4.85571
4.85571
4.85571
4.85571
4.85571
4.85571
4.85571
4.85571
4.85571
4.85571
4.85571
4.85571
4.85571
4.85571
4.85571
4.85571
4.85571
4.85571
4.85571
4.85571
4.85571
4.85571
4.85571
4.85571
4.85571
4.85571
4.85571
4.85571
4.85571
4.85571
4.85571
4.85571
4.85571
4.85571
4.85571
4.85571
4.85571
4.85571
4.85571
4.85571
4.85571
4.85571
4.85571
4.85571
4.85571
4.85571
4.85571
4.85571
4.85571
4.85571
4.85571
4.85571
4.85571
4.85571
4.85571
4.85571
4.85571
4.85571
4.85571
4.85571
4.85571
4.85571
4.85571
4.85571
4.85571
4.85571
4.85571
4.85571
4.85571
4.85571
4.85571
4.85571
4.85571
4.85571
4.85571
4.85571
4.85571
4.85571
4.85571
4.85571
4.85571
4.85571
4.85571
4.85571
4.85571
4.85571
4.85571
4.85571
4.85571
4.85571
4.85571
4.85571
4.85571
4.85571
4.85571
4.85571
4.85571
4.85571
4.85571
4.85571
4.85571
4.85571
4.85571
4.85571
4.85571
4.85571
4.85571
4.85571
4.85571
4.85571
4.85571
4.85571
4.85571
4.85571
4.85571
4.85571
4.85571
4.85571
4.85571
4.85571
4.85571
4.85571
4.85571
4.85571
4.85571
4.85571
4.85571
4.85571
4.85571
4.85571
4.85571
4.85571
4.85571
4.85571
4.85571
4.85571
4.85571
4.85571
4.85571
4.85571
4.85571
4.85571
4.85571
4.85571
4.85571
4.85571
4.85571
4.85571
4.85571
4.85571
4.85571
4.85571
4.85571
4.85571
4.85571
4.85571
4.85571
4.85571
4.85571
4.85571
4.85571
4.85571
4.85571
4.85571
4.85571
4.85571
4.85571
4.85571
4.85571
4.85571
4.85571
4.85571
4.85571
4.85571
4.85571
4.85571
4.85571
4.85571
4.85571
4.85571
4.85571
4.85571
4.85571
4.85571
4.85571
4.85571
4.85571
4.85571
4.85571
4.85571
4.85571
4.85571
4.85571
4.85571
4.85571
4.85571
4.85571
4.85571
4.85571
4.85571
4.85571
4.85571
4.85571
4.85571
4.85571
4.85571
4.85571
4.85571
4.85571
4.85571
4.85571
4.85571
4.85571
4.85571
4.85571
4.85571
4.85571
4.85571
4.85571
4.85571
4.85571
4.85571
4.85571
4.85571
4.85571
4.85571
4.85571
4.85571
4.85571
4.85571
4.85571
4.85571
4.85571
4.85571
4.85571
4.85571
4.85571
4.85571
4.85571
4.85571
4.85571
4.85571
4.85571
4.85571
4.85571
4.85571
4.85571
4.85571
4.85571
4.85571
4.85571
4.85571
4.85571
4.85571
4.85571
4.85571
4.85571
4.85571
4.85571
4.85571
4.85571
4.85571
4.85571
4.85571
4.85571
4.85571
4.85571
4.85571
4.85571
4.85571
4.85571
4.85571
4.85571
4.85571
4.85571
4.85571
4.85571
4.85571
4.85571
4.85571
4.85571
4.85571
4.85571
4.85571
4.85571
4.85571
4.85571
4.85571
4.85571
4.85571
4.85571
4.85571
4.85571
4.85571
4.85571
4.85571
4.85571
4.85571
4.85571
4.85571
4.85571
4.85571
4.85571
4.85571
4.85571
4.85571
4.85571
4.85571
4.85571
4.85571
4.85571
4.85571
4.85571
4.85571
4.85571
4.85571
4.85571
4.85571
4.85571
4.85571
4.85571
4.85571
4.85571
4.85571
4.85571
4.85571
4.85571
4.85571
4.85571
4.85571
4.85571
4.85571
4.85571
4.85571
4.85571
4.85571
4.85571
4.85571
4.85571
4.85571
4.85571
4.85571
4.85571
4.85571
4.85571
4.85571
4.85571
4.85571
4.85571
4.85571
4.85571
4.85571
4.85571
4.85571
4.85571
4.85571
4.85571
4.85571
4.85571
4.85571
4.85571
4.85571
4.85571
4.85571
4.85571
4.85571
4.85571
4.85571
4.85571
4.85571
4.85571
4.85571
4.85571
4.85571
4.85571
4.85571
4.85571
4.85571
4.85571
4.85571
4.85571
4.85571
4.85571
4.85571
4.85571
4.85571
4.85571
4.85571
4.85571
4.85571
4.85571
4.85571
4.85571
4.85571
4.85571
4.85571
4.85571
4.85571
4.85571
4.85571
4.85571
4.85571
4.85571
4.85571
4.85571
4.85571
4.85571
4.85571
4.85571
4.85571
4.85571
4.85571
4.85571
4.85571
4.85571
4.85571
4.85571
4.85571
4.85571
4.85571
4.85571
4.85571
4.85571
4.85571
4.85571
4.85571
4.85571
4.85571
4.85571
4.85571
4.85571
4.85571
4.85571
4.85571
4.85571
4.85571
4.85571
4.85571
4.85571
4.85571
4.85571
4.85571
4.85571
4.85571
4.85571
4.85571
4.85571
4.85571
4.85571
4.85571
4.85571
4.85571
4.85571
4.85571
4.85571
4.85571
4.85571
4.85571
4.85571
4.85571
4.85571
4.85571
4.85571
4.85571
4.85571
4.85571
4.85571
4.85571
4.85571
4.85571
4.85571
4.85571
4.85571
4.85571
4.85571
4.85571
4.85571
4.85571
4.85571
4.85571
4.85571
4.85571
4.85571
4.85571
4.85571
4.85571
4.85571
4.85571
4.85571
4.85571
4.85571
4.85571
4.85571
4.85571
4.85571
4.85571
4.85571
4.85571
4.85571
4.85571
4.85571
4.85571
4.85571
4.85571
4.85571
4.85571
4.85571
4.85571
4.85571
4.85571
4.85571
4.85571
4.85571
4.85571
4.85571
4.85571
4.85571
4.85571
4.85571
4.85571
4.85571
4.85571
4.85571
4.85571
4.85571
4.85571
4.85571
4.85571
4.85571
4.85571
4.85571
4.85571
4.85571
4.85571
4.85571
4.85571
4.85571
4.85571
4.85571
4.85571
4.85571
4.85571
4.85571
4.85571
4.85571
4.85571
4.85571
4.85571
4.85571
4.85571
4.85571
4.85571
4.85571
4.85571
4.85571
4.85571
4.85571
4.85571
4.85571
4.85571
4.85571
4.85571
4.85571
4.85571
4.85571
4.85571
4.85571
4.85571
4.85571
4.85571
4.85571
4.85571
4.85571
4.85571
4.85571
4.85571
4.85571
4.85571
4.85571
4.85571
4.85571
4.85571
4.85571
4.85571
4.85571
4.85571
4.85571
4.85571
4.85571
4.85571
4.85571
4.85571
4.85571
4.85571
4.85571
4.85571
4.85571
4.85571
4.85571
4.85571
4.85571
4.85571
4.85571
4.85571
4.85571
4.85571
4.85571
4.85571
4.85571
4.85571
4.85571
4.85571
4.85571
4.85571
4.85571
4.85571
4.85571
4.85571
4.85571
4.85571
4.85571
4.85571
4.85571
4.85571
4.85571
4.85571
4.85571
4.85571
4.85571
4.85571
4.85571
4.85571
4.85571
4.85571
4.85571
4.85571
4.85571
4.85571
4.85571
4.85571
4.85571
4.85571
4.85571
4.85571
4.85571
4.85571
4.85571
4.85571
4.85571
4.85571
4.85571
4.85571
4.85571
4.85571
4.85571
4.85571
4.85571
4.85571
4.85571
4.85571
4.85571
4.85571
4.85571
4.85571
4.85571
4.85571
4.85571
4.85571
4.85571
4.85571
4.85571
4.85571
4.85571
4.85571
4.85571
4.85571
4.85571
4.85571
4.85571
4.85571
4.85571
4.85571
4.85571
4.85571
4.85571
4.85571
4.85571
4.85571
4.85571
4.85571
4.85571
4.85571
4.85571
4.85571
4.85571
4.85571
4.85571
4.85571
4.85571
4.85571
4.85571
4.85571
4.85571
4.85571
4.85571
4.85571
4.85571
4.85571
4.85571
4.85571
4.85571
4.85571
4.85571
4.85571
4.85571
4.85571
4.85571
4.85571
4.85571
4.85571
4.85571
4.85571
4.85571
4.85571
4.85571
4.85571
4.85571
4.85571
4.85571
4.85571
4.85571
4.85571
4.85571
4.85571
4.85571
4.85571
4.85571
4.85571
4.85571
4.85571
4.85571
4.85571
4.85571
4.85571
4.85571
4.85571
4.85571
4.85571
4.85571
4.85571
4.85571
4.85571
4.85571
4.85571
4.85571
4.85571
4.85571
4.85571
4.85571
4.85571
4.85571
4.85571
4.85571
4.85571
4.85571
4.85571
4.85571
4.85571
4.85571
4.85571
4.85571
4.85571
4.85571
4.85571
4.85571
4.85571
4.85571
4.85571
4.85571
4.85571
4.85571
4.85571
4.85571
4.85571
4.85571
4.85571
4.85571
4.85571
4.85571
4.85571
4.85571
4.85571
4.85571
4.85571
4.85571
4.85571
4.85571
4.85571
4.85571
4.85571
4.85571
4.85571
4.85571
4.85571
4.85571
4.85571
4.85571
4.85571
4.85571
4.85571
4.85571
4.85571
4.85571
4.85571
4.85571
4.85571
4.85571
4.85571
4.85571
4.85571
4.85571
4.85571
4.85571
4.85571
4.85571
4.85571
4.85571
4.85571
4.85571
4.85571
4.85571
4.85571
4.85571
4.85571
4.85571
4.85571
4.85571
4.85571
4.85571
4.85571
4.85571
4.85571
4.85571
4.85571
4.85571
4.85571
4.85571
4.85571
4.85571
4.85571
4.85571
4.85571
4.85571
4.85571
4.85571
4.85571
4.85571
4.85571
4.85571
4.85571
4.85571
4.85571
4.85571
4.85571
4.85571
4.85571
4.85571
4.85571
4.85571
4.85571
4.85571
4.85571
4.85571
4.85571
4.85571
4.85571
4.85571
4.85571
4.85571
4.85571
4.85571
4.85571
4.85571
4.85571
4.85571
4.85571
4.85571
4.85571
4.85571
4.85571
4.85571
4.85571
4.85571
4.85571
4.85571
4.85571
4.85571
4.85571
4.85571
4.85571
4.85571
4.85571
4.85571
4.85571
4.85571
4.85571
4.85571
4.85571
4.85571
4.85571
4.85571
4.85571
4.85571
4.85571
4.85571
4.85571
4.85571
4.85571
4.85571
4.85571
4.85571
4.85571
4.85571
4.85571
4.85571
4.85571
4.85571
4.85571
4.85571
4.85571
4.85571
4.85571
4.85571
4.85571
4.85571
4.85571
4.85571
4.85571
4.85571
4.85571
4.85571
4.85571
4.85571
4.85571
4.85571
4.85571
4.85571
4.85571
4.85571
4.85571
4.85571
4.85571
4.85571
4.85571
4.85571
4.85571
4.85571
4.85571
4.85571
4.85571
4.85571
4.85571
4.85571
4.85571
4.85571
4.85571
4.85571
4.85571
4.85571
4.85571
4.85571
4.85571
4.85571
4.85571
4.85571
4.85571
4.85571
4.85571
4.85571
4.85571
4.85571
4.85571
4.85571
4.85571
4.85571
4.85571
4.85571
4.85571
4.85571
4.85571
4.85571
4.85571
4.85571
4.85571
4.85571
4.85571
4.85571
4.85571
4.85571
4.85571
4.85571
4.85571
4.85571
4.85571
4.85571
4.85571
4.85571
4.85571
4.85571
4.85571
4.85571
4.85571
4.85571
4.85571
4.85571
4.85571
4.85571
4.85571
4.85571
4.85571
4.85571
4.85571
4.85571
4.85571
4.85571
4.85571
4.85571
4.85571
4.85571
4.85571
4.85571
4.85571
4.85571
4.85571
4.85571
4.85571
4.85571
4.85571
4.85571
4.85571
4.85571
4.85571
4.85571
4.85571
4.85571
4.85571
4.85571
4.85571
4.85571
4.85571
4.85571
4.85571
4.85571
4.85571
4.85571
4.85571
4.85571
4.85571
4.85571
4.85571
4.85571
4.85571
4.85571
4.85571
4.85571
4.85571
4.85571
4.85571
4.85571
4.85571
4.85571
4.85571
4.85571
4.85571
4.85571
4.85571
4.85571
4.85571
4.85571
4.85571
4.85571
4.85571
4.85571
4.85571
4.85571
4.85571
4.85571
4.85571
4.85571
4.85571
4.85571
4.85571
4.85571
4.85571
4.85571
4.85571
4.85571
4.85571
4.85571
4.85571
4.85571
4.85571
4.85571
4.85571
4.85571
4.85571
4.85571
4.85571
4.85571
4.85571
4.85571
4.85571
4.85571
4.85571
4.85571
4.85571
4.85571
4.85571
4.85571
4.85571
4.85571
4.85571
4.85571
4.85571
4.85571
4.85571
4.85571
4.85571
4.85571
4.85571
4.85571
4.85571
4.85571
4.85571
4.85571
4.85571
4.85571
4.85571
4.85571
4.85571
4.85571
4.85571
4.85571
4.85571
4.85571
4.85571
4.85571
4.85571
4.85571
4.85571
4.85571
4.85571
4.85571
4.85571
4.85571
4.85571
4.85571
4.85571
4.85571
4.85571
4.85571
4.85571
4.85571
4.85571
4.85571
4.85571
4.85571
4.85571
4.85571
4.85571
4.85571
4.85571
4.85571
4.85571
4.85571
4.85571
4.85571
4.85571
4.85571
4.85571
4.85571
4.85571
4.85571
4.85571
4.85571
4.85571
4.85571
4.85571
4.85571
4.85571
4.85571
4.85571
4.85571
4.85571
4.85571
4.85571
4.85571
4.85571
4.85571
4.85571
4.85571
4.85571
4.85571
4.85571
4.85571
4.85571
4.85571
4.85571
4.85571
4.85571
4.85571
4.85571
4.85571
4.85571
4.85571
4.85571
4.85571
4.85571
4.85571
4.85571
4.85571
4.85571
4.85571
4.85571
4.85571
4.85571
4.85571
4.85571
4.85571
4.85571
4.85571
4.85571
4.85571
4.85571
4.85571
4.85571
4.85571
4.85571
4.85571
4.85571
4.85571
4.85571
4.85571
4.85571
4.85571
4.85571
4.85571
4.85571
4.85571
4.85571
4.85571
4.85571
4.85571
4.85571
4.85571
4.85571
4.85571
4.85571
4.85571
4.85571
4.85571
4.85571
4.85571
4.85571
4.85571
4.85571
4.85571
4.85571
4.85571
4.85571
4.85571
4.85571
4.85571
4.85571
4.85571
4.85571
4.85571
4.85571
4.85571
4.85571
4.85571
4.85571
4.85571
4.85571
4.85571
4.85571
4.85571
4.85571
4.85571
4.85571
4.85571
4.85571
4.85571
4.85571
4.85571
4.85571
4.85571
4.85571
4.85571
4.85571
4.85571
4.85571
4.85571
4.85571
4.85571
4.85571
4.85571
4.85571
4.85571
4.85571
4.85571
4.85571
4.85571
4.85571
4.85571
4.85571
4.85571
4.85571
4.85571
4.85571
4.85571
4.85571
4.85571
4.85571
4.85571
4.85571
4.85571
4.85571
4.85571
4.85571
4.85571
4.85571
4.85571
4.85571
4.85571
4.85571
4.85571
4.85571
4.85571
4.85571
4.85571
4.85571
4.85571
4.85571
4.85571
4.85571
4.85571
4.85571
4.85571
4.85571
4.85571
4.85571
4.85571
4.85571
4.85571
4.85571
4.85571
4.85571
4.85571
4.85571
4.85571
4.85571
4.85571
4.85571
4.85571
4.85571
4.85571
4.85571
4.85571
4.85571
4.85571
4.85571
4.85571
4.85571
4.85571
4.85571
4.85571
4.85571
4.85571
4.85571
4.85571
4.85571
4.85571
4.85571
4.85571
4.85571
4.85571
4.85571
4.85571
4.85571
4.85571
4.85571
4.85571
4.85571
4.85571
4.85571
4.85571
4.85571
4.85571
4.85571
4.85571
4.85571
4.85571
4.85571
4.85571
4.85571
4.85571
4.85571
4.85571
4.85571
4.85571
4.85571
4.85571
4.85571
4.85571
4.85571
4.85571
4.85571
4.85571
4.85571
4.85571
4.85571
4.85571
4.85571
4.85571
4.85571
4.85571
4.85571
4.85571
4.85571
4.85571
4.85571
4.85571
4.85571
4.85571
4.85571
4.85571
4.85571
4.85571
4.85571
4.85571
4.85571
4.85571
4.85571
4.85571
4.85571
4.85571
4.85571
4.85571
4.85571
4.85571
4.85571
4.85571
4.85571
4.85571
4.85571
4.85571
4.85571
4.85571
4.85571
4.85571
4.85571
4.85571
4.85571
4.85571
4.85571
4.85571
4.85571
4.85571
4.85571
4.85571
4.85571
4.85571
4.85571
4.85571
4.85571
4.85571
4.85571
4.85571
4.85571
4.85571
4.85571
4.85571
4.85571
4.85571
4.85571
4.85571
4.85571
4.85571
4.85571
4.85571
4.85571
4.85571
4.85571
4.85571
4.85571
4.85571
4.85571
4.85571
4.85571
4.85571
4.85571
4.85571
4.85571
4.85571
4.85571
4.85571
4.85571
4.85571
4.85571
4.85571
4.85571
4.85571
4.85571
4.85571
4.85571
4.85571
4.85571
4.85571
4.85571
4.85571
4.85571
4.85571
4.85571
4.85571
4.85571
4.85571
4.85571
4.85571
4.85571
4.85571
4.85571
4.85571
4.85571
4.85571
4.85571
4.85571
4.85571
4.85571
4.85571
4.85571
4.85571
4.85571
4.85571
4.85571
4.85571
4.85571
4.85571
4.85571
4.85571
4.85571
4.85571
4.85571
4.85571
4.85571
4.85571
4.85571
4.85571
4.85571
4.85571
4.85571
4.85571
4.85571
4.85571
4.85571
4.85571
4.85571
4.85571
4.85571
4.85571
4.85571
4.85571
4.85571
4.85571
4.85571
4.85571
4.85571
4.85571
4.85571
4.85571
4.85571
4.85571
4.85571
4.85571
4.85571
4.85571
4.85571
4.85571
4.85571
4.85571
4.85571
4.85571
4.85571
4.85571
4.85571
4.85571
4.85571
4.85571
4.85571
4.85571
4.85571
4.85571
4.85571
4.85571
4.85571
4.85571
4.85571
4.85571
4.85571
4.85571
4.85571
4.85571
4.85571
4.85571
4.85571
4.85571
4.85571
4.85571
4.85571
4.85571
4.85571
4.85571
4.85571
4.85571
4.85571
4.85571
4.85571
4.85571
4.85571
4.85571
4.85571
4.85571
4.85571
4.85571
4.85571
4.85571
4.85571
4.85571
4.85571
4.85571
4.85571
4.85571
4.85571
4.85571
4.85571
4.85571
4.85571
4.85571
4.85571
4.85571
4.85571
4.85571
4.85571
4.85571
4.85571
4.85571
4.85571
4.85571
4.85571
4.85571
4.85571
4.85571
4.85571
4.85571
4.85571
4.85571
4.85571
4.85571
4.85571
4.85571
4.85571
4.85571
4.85571
4.85571
4.85571
4.85571
4.85571
4.85571
4.85571
4.85571
4.85571
4.85571
4.85571
4.85571
4.85571
4.85571
4.85571
4.85571
4.85571
4.85571
4.85571
4.85571
4.85571
4.85571
4.85571
4.85571
4.85571
4.85571
4.85571
4.85571
4.85571
4.85571
4.85571
4.85571
4.85571
4.85571
4.85571
4.85571
4.85571
4.85571
4.85571
4.85571
4.85571
4.85571
4.85571
4.85571
4.85571
4.85571
4.85571
4.85571
4.85571
4.85571
4.85571
4.85571
4.85571
4.85571
4.85571
4.85571
4.85571
4.85571
4.85571
4.85571
4.85571
4.85571
4.85571
4.85571
4.85571
4.85571
4.85571
4.85571
4.85571
4.85571
4.85571
4.85571
4.85571
4.85571
4.85571
4.85571
4.85571
4.85571
4.85571
4.85571
4.85571
4.85571
4.85571
4.85571
4.85571
4.85571
4.85571
4.85571
4.85571
4.85571
4.85571
4.85571
4.85571
4.85571
4.85571
4.85571
4.85571
4.85571
4.85571
4.85571
4.85571
4.85571
4.85571
4.85571
4.85571
4.85571
4.85571
4.85571
4.85571
4.85571
4.85571
4.85571
4.85571
4.85571
4.85571
4.85571
4.85571
4.85571
4.85571
4.85571
4.85571
4.85571
4.85571
4.85571
4.85571
4.85571
4.85571
4.85571
4.85571
4.85571
4.85571
4.85571
4.85571
4.85571
4.85571
4.85571
4.85571
4.85571
4.85571
4.85571
4.85571
4.85571
4.85571
4.85571
4.85571
4.85571
4.85571
4.85571
4.85571
4.85571
4.85571
4.85571
4.85571
4.85571
4.85571
4.85571
4.85571
4.85571
4.85571
4.85571
4.85571
4.85571
4.85571
4.85571
4.85571
4.85571
4.85571
4.85571
4.85571
4.85571
4.85571
4.85571
4.85571
4.85571
4.85571
4.85571
4.85571
4.85571
4.85571
4.85571
4.85571
4.85571
4.85571
4.85571
4.85571
4.85571
4.85571
4.85571
4.85571
4.85571
4.85571
4.85571
4.85571
4.85571
4.85571
4.85571
4.85571
4.85571
4.85571
4.85571
4.85571
4.85571
4.85571
4.85571
4.85571
4.85571
4.85571
4.85571
4.85571
4.85571
4.85571
4.85571
4.85571
4.85571
4.85571
4.85571
4.85571
4.85571
4.85571
4.85571
4.85571
4.85571
4.85571
4.85571
4.85571
4.85571
4.85571
4.85571
4.85571
4.85571
4.85571
4.85571
4.85571
4.85571
4.85571
4.85571
4.85571
4.85571
4.85571
4.85571
4.85571
4.85571
4.85571
4.85571
4.85571
4.85571
4.85571
4.85571
4.85571
4.85571
4.85571
4.85571
4.85571
4.85571
4.85571
4.85571
4.85571
4.85571
4.85571
4.85571
4.85571
4.85571
4.85571
4.85571
4.85571
4.85571
4.85571
4.85571
4.85571
4.85571
4.85571
4.85571
4.85571
4.85571
4.85571
4.85571
4.85571
4.85571
4.85571
4.85571
4.85571
4.85571
4.85571
4.85571
4.85571
4.85571
4.85571
4.85571
4.85571
4.85571
4.85571
4.85571
4.85571
4.85571
4.85571
4.85571
4.85571
4.85571
4.85571
4.85571
4.85571
4.85571
4.85571
4.85571
4.85571
4.85571
4.85571
4.85571
4.85571
4.85571
4.85571
4.85571
4.85571
4.85571
4.85571
4.85571
4.85571
4.85571
4.85571
4.85571
4.85571
4.85571
4.85571
4.85571
4.85571
4.85571
4.85571
4.85571
4.85571
4.85571
4.85571
4.85571
4.85571
4.85571
4.85571
4.85571
4.85571
4.85571
4.85571
4.85571
4.85571
4.85571
4.85571
4.85571
4.85571
4.85571
4.85571
4.85571
4.85571
4.85571
4.85571
4.85571
4.85571
4.85571
4.85571
4.85571
4.85571
4.85571
4.85571
4.85571
4.85571
4.85571
4.85571
4.85571
4.85571
4.85571
4.85571
4.85571
4.85571
4.85571
4.85571
4.85571
4.85571
4.85571
4.85571
4.85571
4.85571
4.85571
4.85571
4.85571
4.85571
4.85571
4.85571
4.85571
4.85571
4.85571
4.85571
4.85571
4.85571
4.85571
4.85571
4.85571
4.85571
4.85571
4.85571
4.85571
4.85571
4.85571
4.85571
4.85571
4.85571
4.85571
4.85571
4.85571
4.85571
4.85571
4.85571
4.85571
4.85571
4.85571
4.85571
4.85571
4.85571
4.85571
4.85571
4.85571
4.85571
4.85571
4.85571
4.85571
4.85571
4.85571
4.85571
4.85571
4.85571
4.85571
4.85571
4.85571
4.85571
4.85571
4.85571
4.85571
4.85571
4.85571
4.85571
4.85571
4.85571
4.85571
4.85571
4.85571
4.85571
4.85571
4.85571
4.85571
4.85571
4.85571
4.85571
4.85571
4.85571
4.85571
4.85571
4.85571
4.85571
4.85571
4.85571
4.85571
4.85571
4.85571
4.85571
4.85571
4.85571
4.85571
4.85571
4.85571
4.85571
4.85571
4.85571
4.85571
4.85571
4.85571
4.85571
4.85571
4.85571
4.85571
4.85571
4.85571
4.85571
4.85571
4.85571
4.85571
4.85571
4.85571
4.85571
4.85571
4.85571
4.85571
4.85571
4.85571
4.85571
4.85571
4.85571
4.85571
4.85571
4.85571
4.85571
4.85571
4.85571
4.85571
4.85571
4.85571
4.85571
4.85571
4.85571
4.85571
4.85571
4.85571
4.85571
4.85571
4.85571
4.85571
4.85571
4.85571
4.85571
4.85571
4.85571
4.85571
4.85571
4.85571
4.85571
4.85571
4.85571
4.85571
4.85571
4.85571
4.85571
4.85571
4.85571
4.85571
4.85571
4.85571
4.85571
4.85571
4.85571
4.85571
4.85571
4.85571
4.85571
4.85571
4.85571
4.85571
4.85571
4.85571
4.85571
4.85571
4.85571
4.85571
4.85571
4.85571
4.85571
4.85571
4.85571
4.85571
4.85571
4.85571
4.85571
4.85571
4.85571
4.85571
4.85571
4.85571
4.85571
4.85571
4.85571
4.85571
4.85571
4.85571
4.85571
4.85571
4.85571
4.85571
4.85571
4.85571
4.85571
4.85571
4.85571
4.85571
4.85571
4.85571
4.85571
4.85571
4.85571
4.85571
4.85571
4.85571
4.85571
4.85571
4.85571
4.85571
4.85571
4.85571
4.85571
4.85571
4.85571
4.85571
4.85571
4.85571
4.85571
4.85571
4.85571
4.85571
4.85571
4.85571
4.85571
4.85571
4.85571
4.85571
4.85571
4.85571
4.85571
4.85571
4.85571
4.85571
4.85571
4.85571
4.85571
4.85571
4.85571
4.85571
4.85571
4.85571
4.85571
4.85571
4.85571
4.85571
4.85571
4.85571
4.85571
4.85571
4.85571
4.85571
4.85571
4.85571
4.85571
4.85571
4.85571
4.85571
4.85571
4.85571
4.85571
4.85571
4.85571
4.85571
4.85571
4.85571
4.85571
4.85571
4.85571
4.85571
4.85571
4.85571
4.85571
4.85571
4.85571
4.85571
4.85571
4.85571
4.85571
4.85571
4.85571
4.85571
4.85571
4.85571
4.85571
4.85571
4.85571
4.85571
4.85571
4.85571
4.85571
4.85571
4.85571
4.85571
4.85571
4.85571
4.85571
4.85571
4.85571
4.85571
4.85571
4.85571
4.85571
4.85571
4.85571
4.85571
4.85571
4.85571
4.85571
4.85571
4.85571
4.85571
4.85571
4.85571
4.85571
4.85571
4.85571
4.85571
4.85571
4.85571
4.85571
4.85571
4.85571
4.85571
4.85571
4.85571
4.85571
4.85571
4.85571
4.85571
4.85571
4.85571
4.85571
4.85571
4.85571
4.85571
4.85571
4.85571
4.85571
4.85571
4.85571
4.85571
4.85571
4.85571
4.85571
4.85571
4.85571
4.85571
4.85571
4.85571
4.85571
4.85571
4.85571
4.85571
4.85571
4.85571
4.85571
4.85571
4.85571
4.85571
4.85571
4.85571
4.85571
4.85571
4.85571
4.85571
4.85571
4.85571
4.85571
4.85571
4.85571
4.85571
4.85571
4.85571
4.85571
4.85571
4.85571
4.85571
4.85571
4.85571
4.85571
4.85571
4.85571
4.85571
4.85571
4.85571
4.85571
4.85571
4.85571
4.85571
4.85571
4.85571
4.85571
4.85571
4.85571
4.85571
4.85571
4.85571
4.85571
4.85571
4.85571
4.85571
4.85571
4.85571
4.85571
4.85571
4.85571
4.85571
4.85571
4.85571
4.85571
4.85571
4.85571
4.85571
4.85571
4.85571
4.85571
4.85571
4.85571
4.85571
4.85571
4.85571
4.85571
4.85571
4.85571
4.85571
4.85571
4.85571
4.85571
4.85571
4.85571
4.85571
4.85571
4.85571
4.85571
4.85571
4.85571
4.85571
4.85571
4.85571
4.85571
4.85571
4.85571
4.85571
4.85571
4.85571
4.85571
4.85571
4.85571
4.85571
4.85571
4.85571
4.85571
4.85571
4.85571
4.85571
4.85571
4.85571
4.85571
4.85571
4.85571
4.85571
4.85571
4.85571
4.85571
4.85571
4.85571
