1.30428e+07
1.30428e+07
1.30428e+07
1.19608e+07
1.19608e+07
1.19608e+07
1.19608e+07
1.19608e+07
1.19608e+07
1.19608e+07
1.19608e+07
1.19608e+07
1.19608e+07
1.19608e+07
1.08284e+07
1.08284e+07
6.14092e+06
6.14092e+06
6.14092e+06
5.08027e+06
5.08027e+06
5.08027e+06
5.08027e+06
5.08027e+06
5.08027e+06
4.24258e+06
4.24258e+06
1.66614e+06
1.66614e+06
1.43044e+06
1.43044e+06
1.13496e+06
306668
235030
163513
122778
58048.4
52660.3
40418.3
16580.3
10795.2
6552.08
4928.43
4318.15
2328.71
2328.71
1812.27
968.644
761.455
630.508
437.698
319.185
311.128
249.704
249.704
249.704
229.45
222.276
222.276
222.153
222.153
198.098
198.098
198.098
198.098
198.098
198.098
198.098
198.098
198.098
198.098
198.098
198.098
198.098
198.098
198.098
198.098
198.098
198.098
198.098
198.098
198.098
198.098
198.098
198.098
198.098
198.098
198.098
198.098
198.098
198.098
196.829
196.829
194.841
194.841
191.371
185.141
185.141
185.141
185.141
185.141
181.422
181.422
181.422
181.422
181.422
181.422
181.422
181.422
181.422
181.422
181.422
181.422
181.422
181.422
181.422
181.422
181.422
181.422
181.422
181.422
181.422
181.422
181.422
181.422
181.422
181.422
181.422
181.422
181.422
181.422
181.422
181.422
181.422
181.422
181.422
181.422
181.422
181.422
181.422
181.422
181.422
181.422
181.422
181.422
181.422
181.422
181.422
181.422
172.938
172.938
172.938
172.938
172.938
172.938
172.938
172.938
172.938
172.938
172.938
172.938
172.938
172.938
172.938
172.938
171.181
171.181
171.181
171.181
171.181
171.181
171.181
171.181
171.181
171.181
171.181
171.181
171.181
171.181
171.181
171.181
171.181
171.181
171.181
171.181
171.181
171.181
171.181
171.181
171.181
171.181
171.181
171.181
171.181
171.181
171.181
171.181
171.181
171.181
171.181
171.181
171.181
171.181
171.181
171.181
171.181
171.181
171.181
171.181
171.181
171.181
171.181
171.181
171.181
171.181
171.181
171.181
171.181
171.181
171.181
171.181
171.181
171.181
171.181
171.181
171.181
171.181
171.181
171.181
171.181
171.181
171.181
171.181
171.181
171.181
171.181
168.158
168.158
168.158
168.158
168.158
168.158
168.158
168.158
168.158
168.158
168.158
168.158
168.158
168.158
168.158
168.158
168.158
168.158
168.158
168.158
168.158
168.158
168.158
168.158
168.158
168.158
168.158
168.158
168.158
168.158
168.158
168.158
168.158
168.158
168.158
168.158
168.158
168.158
168.158
168.158
168.158
168.158
168.158
168.158
168.158
168.158
168.158
168.158
168.158
168.158
168.158
168.158
168.158
168.158
168.158
168.158
168.158
168.158
168.158
168.158
168.158
168.158
168.158
168.158
168.158
168.158
168.158
168.158
168.158
168.158
168.158
168.158
168.158
168.158
168.158
168.158
168.158
168.158
168.158
168.158
168.158
168.158
168.158
168.158
168.158
168.158
168.158
168.158
168.158
168.158
168.158
168.158
168.158
168.158
166.332
166.332
166.332
166.332
166.332
166.332
166.332
166.332
166.332
166.332
166.332
166.332
166.332
166.332
166.332
166.332
166.332
166.332
166.332
166.332
166.332
166.332
166.332
166.332
166.332
166.332
166.332
166.332
166.332
166.332
166.332
166.332
166.332
166.332
166.332
166.332
166.332
166.332
166.332
166.332
166.332
166.332
166.332
166.332
166.332
166.332
166.332
166.332
166.332
166.332
166.332
166.332
166.332
166.332
166.332
166.332
166.332
166.332
166.332
166.332
166.332
166.332
166.332
166.332
166.332
166.332
166.332
166.332
166.332
166.332
166.332
166.332
166.332
166.332
166.332
166.332
166.332
166.332
166.332
166.332
166.332
166.332
166.332
166.332
166.332
166.332
166.332
166.332
166.332
166.332
166.332
166.332
166.332
166.332
166.332
166.332
166.332
166.332
166.332
166.332
166.332
166.332
166.332
166.332
166.332
166.332
166.332
166.332
166.332
166.332
166.332
166.332
166.332
166.332
166.332
166.332
166.332
166.332
166.332
166.332
166.332
166.332
166.332
166.332
166.332
166.332
166.332
166.332
166.332
166.332
166.332
166.332
166.332
166.332
166.332
166.332
166.332
166.332
166.332
166.332
166.332
166.332
166.332
166.332
166.332
166.332
166.332
166.332
166.332
166.332
166.332
166.332
166.332
166.332
166.332
166.332
166.332
166.332
166.332
166.332
166.332
166.332
166.332
166.332
166.332
166.332
166.332
166.332
166.332
166.332
166.332
166.332
166.332
166.332
166.332
166.332
166.332
166.332
166.332
166.332
166.332
166.332
166.332
166.332
166.332
166.332
166.332
166.332
166.332
166.332
166.332
166.332
166.332
166.332
166.332
166.332
166.332
166.332
166.332
166.332
166.332
166.332
166.332
166.332
166.332
166.332
166.332
166.332
166.332
166.332
166.332
166.332
166.332
166.332
166.332
166.332
166.332
166.332
166.332
166.332
166.332
166.332
166.332
166.332
166.332
163.596
163.596
163.596
163.596
163.596
163.596
163.596
163.596
163.596
163.596
163.596
163.596
163.596
163.596
163.596
163.596
163.596
163.596
163.596
163.596
163.596
163.596
163.596
163.596
163.596
163.596
163.596
163.596
163.596
163.596
163.596
163.596
163.596
163.596
163.596
163.596
163.596
163.596
163.596
163.596
163.596
163.596
163.596
163.596
163.596
163.596
163.596
163.596
163.596
163.596
163.596
163.596
163.596
163.596
163.596
163.596
163.596
163.596
163.596
163.596
163.596
163.596
163.596
163.596
163.596
163.596
163.596
163.596
163.596
163.596
163.596
163.596
163.596
163.596
163.596
163.596
163.596
163.596
163.596
163.596
163.596
163.596
163.596
163.596
163.596
163.596
163.596
163.596
163.596
163.596
163.596
163.596
163.596
163.596
163.596
163.596
163.596
163.596
163.596
163.596
163.596
163.596
163.596
163.596
163.596
163.596
163.596
163.596
163.596
163.596
163.596
163.596
163.596
163.596
163.596
163.596
163.596
163.596
163.596
163.596
163.596
163.596
163.596
163.596
163.596
163.596
163.596
163.596
163.596
163.596
163.596
163.596
163.596
163.596
163.596
163.596
163.596
163.596
163.596
163.596
163.596
163.596
163.596
163.596
163.596
163.596
163.596
163.596
163.596
163.596
163.596
163.596
163.596
163.596
163.596
163.596
163.596
163.596
163.596
163.596
163.596
163.596
163.596
163.596
163.596
163.596
163.596
163.596
163.596
163.596
163.596
163.596
163.596
163.596
163.596
163.596
163.596
163.596
163.596
163.596
163.596
163.596
163.596
163.596
163.596
163.596
163.596
163.596
163.596
163.596
163.596
163.596
163.596
163.596
163.596
163.596
163.596
163.596
163.596
163.596
163.596
163.596
163.596
163.596
163.596
163.596
163.596
163.596
163.596
163.596
163.596
163.596
163.596
163.596
163.596
163.596
163.596
163.596
163.596
163.596
163.596
163.596
163.596
163.596
163.596
163.596
163.596
163.596
163.596
163.596
163.596
163.596
163.596
163.596
163.596
163.596
163.596
163.596
163.596
163.596
163.596
163.596
163.596
163.596
163.596
163.596
163.596
163.596
163.596
163.596
163.596
163.596
163.596
163.596
163.596
163.596
163.596
163.596
163.596
163.596
163.596
163.596
163.596
163.596
163.596
163.596
163.596
163.596
163.596
163.596
163.596
163.596
163.596
163.596
163.596
163.596
163.596
163.596
163.596
163.596
163.596
163.596
163.596
163.596
163.596
163.596
163.596
163.596
163.596
163.596
163.596
163.596
163.596
163.596
163.596
163.596
163.596
163.596
163.596
163.596
163.596
163.596
163.596
163.596
163.596
163.596
163.596
163.596
163.596
163.596
163.596
163.596
163.596
163.596
163.596
163.596
163.596
163.596
163.596
163.596
163.596
163.596
163.596
163.596
163.596
163.596
163.596
163.596
163.596
163.596
163.596
163.596
163.596
163.596
163.596
163.596
153.867
153.867
153.867
153.867
153.867
153.867
153.867
153.867
153.867
153.867
153.867
153.867
153.867
153.867
153.867
153.867
153.867
153.867
153.867
153.867
153.867
153.867
153.867
153.867
153.867
153.867
153.867
153.867
153.867
153.867
153.867
153.867
153.867
153.867
153.867
153.867
153.867
153.867
153.867
153.867
153.867
153.867
153.867
153.867
153.867
153.867
153.867
153.867
153.867
153.867
153.867
153.867
153.867
153.867
153.867
153.867
153.867
153.867
153.867
153.867
153.867
153.867
153.867
153.867
153.867
153.867
153.867
153.867
153.867
153.867
153.867
153.867
153.867
153.867
153.867
153.867
153.867
153.867
153.867
153.867
153.867
153.867
153.867
153.867
153.867
153.867
153.867
153.867
153.867
153.867
153.867
153.867
153.867
153.867
153.867
153.867
153.867
153.867
153.867
153.867
153.867
153.867
153.867
153.867
153.867
153.867
153.867
153.867
153.867
153.867
153.867
153.867
153.867
153.867
153.867
153.867
153.867
153.867
153.867
153.867
153.867
153.867
153.867
153.867
153.867
153.867
153.867
153.867
153.867
153.867
153.867
153.867
153.867
153.867
153.867
153.867
153.867
153.867
153.867
153.867
153.867
153.867
153.867
153.867
153.867
153.867
153.867
153.867
153.867
153.867
153.867
153.867
153.867
153.867
153.867
153.867
153.867
153.867
153.867
153.867
153.867
153.867
153.867
153.867
153.867
153.867
153.867
153.867
153.867
153.867
153.867
153.867
153.867
153.867
153.867
153.867
153.867
153.867
153.867
153.867
153.867
153.867
153.867
153.867
153.867
153.867
153.867
153.867
153.867
153.867
153.867
153.867
153.867
153.867
153.867
153.867
153.867
153.867
153.867
153.867
153.867
153.867
153.867
153.867
153.867
153.867
153.867
153.867
153.867
153.867
153.867
153.867
153.867
153.867
153.867
153.867
153.867
153.867
153.867
153.867
153.867
153.867
153.867
153.867
153.867
153.867
153.867
153.867
153.867
153.867
153.867
153.867
153.867
153.867
153.867
153.867
153.867
153.867
153.867
153.867
153.867
153.867
153.867
153.867
153.867
153.867
153.867
153.867
153.867
153.867
153.867
153.867
153.867
153.867
153.867
153.867
153.867
153.867
153.867
153.867
153.867
153.867
153.867
153.867
153.867
153.867
153.867
153.867
153.867
153.867
153.867
153.867
153.867
153.867
153.867
153.867
153.867
153.867
153.867
153.867
153.867
153.867
153.867
153.867
153.867
153.867
153.867
153.867
153.867
153.867
153.867
153.867
153.867
153.867
153.867
153.867
153.867
153.867
153.867
153.867
153.867
153.867
153.867
153.867
153.867
153.867
153.867
153.867
153.867
153.867
153.867
153.867
153.867
153.867
153.867
153.867
153.867
153.867
153.867
153.867
153.867
153.867
153.867
153.867
153.867
153.867
153.867
153.867
153.867
153.867
153.867
153.867
153.867
153.867
153.867
153.867
153.867
153.867
153.867
153.867
153.867
153.867
153.867
153.867
153.867
153.867
153.867
153.867
153.867
153.867
153.867
153.867
153.867
153.867
153.867
153.867
153.867
153.867
153.867
153.867
153.867
153.867
153.867
153.867
153.867
153.867
153.867
153.867
153.867
153.867
153.867
153.867
153.867
153.867
153.867
153.867
153.867
153.867
153.867
153.867
153.867
153.867
153.867
153.867
153.867
153.867
153.867
153.867
153.867
153.867
153.867
153.867
153.867
153.867
153.867
153.867
153.867
153.867
153.867
153.867
153.867
153.867
153.867
153.867
153.867
153.867
153.867
153.867
153.867
153.867
153.867
153.867
153.867
153.867
153.867
153.867
153.867
153.867
153.867
153.867
153.867
153.867
153.867
153.867
153.867
153.867
153.867
153.867
153.867
153.867
153.867
153.867
153.867
153.867
153.867
153.867
153.867
153.867
153.867
153.867
153.867
153.867
153.867
153.867
153.867
153.867
153.867
153.867
153.867
153.867
153.867
153.867
153.867
153.867
153.867
153.867
153.867
153.867
153.867
153.867
153.867
153.867
153.867
153.867
153.867
153.867
153.867
153.867
153.867
153.867
153.867
153.867
153.867
153.867
153.867
153.867
153.867
153.867
153.867
153.867
153.867
153.867
153.867
153.867
153.867
153.867
153.867
153.867
153.867
153.867
153.867
153.867
153.867
153.867
153.867
153.867
153.867
153.867
153.867
153.867
153.867
153.867
153.867
153.867
153.867
153.867
153.867
153.867
153.867
153.867
153.867
153.867
153.867
153.867
153.867
153.867
153.867
153.867
153.867
153.867
153.867
153.867
153.867
153.867
153.867
153.867
153.867
153.867
153.867
153.867
153.867
153.867
153.867
153.867
153.867
153.867
153.867
153.867
153.867
153.867
153.867
153.867
153.867
153.867
153.867
153.867
153.867
153.867
153.867
153.867
153.867
153.867
153.867
153.867
153.867
153.867
153.867
153.867
153.867
153.867
153.867
153.867
153.867
153.867
153.867
153.867
153.867
153.867
153.867
153.867
153.867
153.867
153.867
153.867
153.867
153.867
153.867
153.867
153.867
153.867
153.867
153.867
153.867
153.867
153.867
153.867
153.867
153.867
153.867
153.867
153.867
153.867
153.867
153.867
153.867
153.867
153.867
153.867
153.867
153.867
153.867
153.867
153.867
153.867
153.867
153.867
153.867
153.867
153.867
153.867
153.867
153.867
153.867
153.867
153.867
153.867
153.867
153.867
153.867
153.867
153.867
153.867
153.867
153.867
153.867
153.867
153.867
153.867
153.867
153.867
153.867
153.867
153.867
153.867
153.867
153.867
153.867
153.867
153.867
153.867
153.867
153.867
153.867
153.867
153.867
153.867
153.867
153.867
153.867
153.867
153.867
153.867
153.867
153.867
153.867
153.867
153.867
153.867
153.867
153.867
153.867
153.867
153.867
153.867
153.867
153.867
153.867
153.867
153.867
153.867
153.867
153.867
153.867
153.867
153.867
153.867
153.867
153.867
153.867
153.867
153.867
153.867
153.867
153.867
153.867
153.867
153.867
153.867
153.867
153.867
153.867
153.867
153.867
153.867
153.867
153.867
153.867
153.867
153.867
153.867
153.867
153.867
153.867
153.867
153.867
153.867
153.867
153.867
153.867
153.867
153.867
153.867
153.867
153.867
153.867
153.867
153.867
153.867
153.867
153.867
153.867
153.867
153.867
153.867
153.867
153.867
153.867
153.867
153.867
153.867
153.867
153.867
153.867
153.867
153.867
153.867
153.867
153.867
153.867
153.867
153.867
153.867
153.867
153.867
153.867
153.867
153.867
153.867
153.867
153.867
153.867
153.867
153.867
153.867
153.867
153.867
153.867
153.867
153.867
153.867
153.867
153.867
153.867
153.867
153.867
153.867
153.867
153.867
153.867
153.867
153.867
153.867
153.867
153.867
153.867
153.867
153.867
153.867
153.867
153.867
153.867
153.867
153.867
153.867
153.867
153.867
153.867
153.867
153.867
153.867
153.867
153.867
153.867
153.867
153.867
153.867
153.867
153.867
153.867
153.867
153.867
153.867
153.867
153.867
153.867
153.867
153.867
153.867
153.867
153.867
153.867
153.867
153.867
153.867
153.867
153.867
153.867
153.867
153.867
153.867
153.867
153.867
153.867
153.867
153.867
153.867
153.867
153.867
153.867
153.867
153.867
153.867
153.867
153.867
153.867
153.867
153.867
153.867
153.867
153.867
153.867
153.867
153.867
153.867
153.867
153.867
153.867
153.867
153.867
153.867
153.867
153.867
153.867
153.867
153.867
153.867
153.867
153.867
153.867
153.867
153.867
153.867
153.867
153.867
153.867
153.867
153.867
153.867
153.867
153.867
153.867
153.867
153.867
153.867
153.867
153.867
153.867
153.867
153.867
153.867
153.867
153.867
153.867
153.867
153.867
153.867
153.867
153.867
153.867
153.867
153.867
153.867
153.867
153.867
153.867
153.867
153.867
153.867
153.867
153.867
153.867
153.867
153.867
153.867
153.867
153.867
153.867
153.867
153.867
153.867
153.867
153.867
153.867
153.867
153.867
153.867
153.867
153.867
153.867
153.867
153.867
153.867
153.867
153.867
153.867
153.867
153.867
153.867
153.867
153.867
153.867
153.867
153.867
153.867
153.867
153.867
153.867
153.867
153.867
153.867
153.867
153.867
153.867
153.867
153.867
153.867
153.867
153.867
153.867
153.867
153.867
153.867
153.867
153.867
153.867
153.867
153.867
153.867
153.867
153.867
153.867
153.867
153.867
153.867
153.867
153.867
153.867
153.867
153.867
153.867
153.867
153.867
153.867
153.867
153.867
153.867
153.867
153.867
153.867
153.867
153.867
153.867
153.867
153.867
153.867
153.867
153.867
153.867
153.867
153.867
153.867
153.867
153.867
153.867
153.867
153.867
153.867
153.867
153.867
153.867
153.867
153.867
153.867
153.867
153.867
153.867
153.867
153.867
153.867
153.867
153.867
153.867
153.867
153.867
153.867
153.867
153.867
153.867
153.867
153.867
153.867
153.867
153.867
153.867
153.867
153.867
153.867
153.867
153.867
153.867
153.867
153.867
153.867
153.867
153.867
153.867
153.867
153.867
153.867
153.867
153.867
153.867
153.867
153.867
153.867
153.867
153.867
153.867
153.867
153.867
153.867
153.867
153.867
153.867
153.867
153.867
153.867
153.867
153.867
153.867
153.867
153.867
153.867
153.867
153.867
153.867
153.867
153.867
153.867
153.867
153.867
153.867
153.867
153.867
153.867
153.867
153.867
153.867
153.867
153.867
153.867
153.867
153.867
153.867
153.867
153.867
153.867
153.867
153.867
153.867
153.867
153.867
153.867
153.867
153.867
153.867
153.867
153.867
153.867
153.867
153.867
153.867
153.867
153.867
153.867
153.867
153.867
153.867
153.867
153.867
153.867
153.867
153.867
153.867
153.867
153.867
153.867
153.867
153.867
153.867
153.867
153.867
153.867
153.867
153.867
153.867
153.867
153.867
153.867
153.867
153.867
153.867
153.867
153.867
153.867
152.267
152.267
152.267
152.267
152.267
152.267
152.267
152.267
152.267
152.267
152.267
152.267
152.267
152.267
152.267
152.267
131.234
131.234
131.234
131.234
131.234
131.234
131.234
131.234
131.234
125.344
125.344
125.344
125.344
125.344
125.344
125.344
125.344
125.344
125.344
125.344
125.344
125.344
125.344
125.344
125.344
125.344
125.344
125.344
125.344
125.344
125.344
125.344
125.344
125.344
125.344
125.344
125.344
125.344
125.344
125.344
125.344
125.344
125.344
122.022
122.022
122.022
122.022
122.022
122.022
122.022
122.022
122.022
122.022
122.022
122.022
122.022
122.022
122.022
122.022
122.022
122.022
122.022
122.022
122.022
122.022
122.022
122.022
122.022
122.022
122.022
122.022
122.022
122.022
122.022
122.022
122.022
122.022
122.022
122.022
122.022
118.372
114.414
114.414
114.414
114.414
114.414
114.414
114.414
114.414
114.414
114.414
114.414
114.414
114.414
114.414
114.414
114.414
114.414
114.414
114.414
114.414
114.414
114.414
114.414
114.414
114.414
114.414
114.414
114.414
114.414
114.414
114.414
114.414
114.414
114.414
114.414
114.414
114.414
114.414
114.414
114.414
114.414
114.414
114.414
114.414
114.414
114.414
114.414
114.414
114.414
114.414
114.414
114.414
114.414
114.414
114.414
114.414
114.414
114.414
114.414
114.414
114.414
114.414
114.414
114.414
114.414
114.414
114.414
114.414
114.414
114.414
114.414
114.414
114.414
114.414
114.414
114.414
114.414
114.414
114.414
114.414
114.414
114.414
114.414
114.414
114.414
114.414
114.414
114.414
114.414
114.414
114.414
114.414
114.414
114.414
114.414
114.414
114.414
114.414
114.414
114.414
114.414
114.414
113.835
113.835
113.835
113.835
113.835
113.835
113.835
113.835
113.835
113.835
113.835
113.835
113.835
113.835
113.835
113.835
113.835
112.387
111.307
110.898
105.015
105.015
105.015
105.015
105.015
105.015
105.015
105.015
105.015
105.015
105.015
105.015
105.015
105.015
105.015
105.015
105.015
105.015
105.015
105.015
105.015
105.015
105.015
105.015
105.015
105.015
105.015
105.015
105.015
105.015
105.015
105.015
105.015
105.015
105.015
105.015
104.981
104.981
104.981
104.981
104.981
104.981
104.981
104.981
104.981
104.981
104.981
104.981
104.981
104.05
104.05
101.603
100.78
98.2357
97.7682
97.7682
97.6727
97.6567
97.2505
97.2505
97.1787
95.4519
94.5466
93.3787
92.8397
92.8397
92.8397
92.8397
92.8397
92.8397
92.8397
92.8397
92.8397
92.8397
92.8397
92.8397
92.8397
92.7932
92.7932
92.7932
92.7932
92.6215
92.6215
92.2483
91.753
91.5691
91.2022
91.0372
90.9444
90.7132
90.7003
90.5809
90.4912
90.4912
90.4912
90.4912
90.4912
90.4912
90.4912
90.4891
90.4891
90.4587
90.4543
90.4426
90.423
90.3613
90.3434
90.3036
90.3036
90.2549
90.2549
90.223
90.223
90.154
90.1143
90.09
90.0588
90.0588
90.0531
90.0011
89.9713
89.9578
89.9456
89.9104
89.8995
89.8852
89.8842
89.8768
89.8648
89.8642
89.8584
89.8582
89.8582
89.855
89.852
89.852
89.8503
89.8503
89.8467
89.8467
89.8458
89.8453
89.8445
89.8435
89.8427
89.8419
89.8419
89.8416
89.8411
89.8411
89.8411
89.8411
89.8403
89.8401
89.8401
89.8401
89.8399
89.8399
89.8399
89.8399
89.8399
89.8399
89.8399
89.8399
89.8398
89.8398
89.8398
89.8398
89.8398
89.8398
89.8398
89.8398
89.8398
89.8398
89.8398
89.8398
89.8398
89.8398
89.8398
89.8398
89.8398
89.8398
89.8398
89.8398
89.8398
89.8398
89.8398
89.8398
89.8398
89.8398
89.8398
89.8398
89.8398
89.8398
89.8398
89.8398
89.8398
89.8398
89.8398
89.8398
89.8398
89.8398
89.8398
89.8398
89.8398
89.8398
89.8398
89.8398
89.8398
89.8398
89.8398
89.8398
89.8398
89.8398
89.8398
89.8398
89.8398
89.8398
89.8398
89.8398
89.8398
89.8398
89.8398
89.8398
89.8398
89.8398
89.8398
89.8398
89.8398
89.8398
89.8398
89.8398
89.8398
89.8398
89.8398
89.8398
89.8398
89.8398
89.8398
89.8398
89.8398
89.8398
89.8398
89.8398
89.8398
89.8398
89.8398
89.8398
89.8398
89.8398
89.8398
89.8398
89.8398
89.8398
89.8398
89.8398
89.8398
89.8398
89.8398
89.8398
89.8398
89.8398
89.8398
89.8398
89.8398
89.8398
89.8398
89.8398
89.8398
89.8398
89.8398
89.8398
89.8398
89.8398
89.8398
89.8398
89.8398
89.8398
89.8398
89.8398
89.8398
89.8398
89.8398
89.8398
89.8398
89.8398
89.8398
89.8398
89.8398
89.8398
89.8398
89.8398
89.8398
89.8398
89.8398
89.8398
89.8398
89.8398
89.8398
89.8398
89.8398
89.8398
89.8398
89.8398
89.8398
89.8398
89.8398
89.8398
89.8398
89.8398
89.8398
89.8398
89.8398
89.8398
89.8398
89.8398
89.8398
89.8398
89.8398
89.8398
89.8398
89.8398
89.8398
89.8398
89.8398
89.8398
89.8398
89.8398
89.8398
89.8398
89.8398
89.8398
89.8398
89.8398
89.8398
89.8398
89.8398
89.8398
89.8398
89.8398
89.8398
89.8398
89.8398
89.8398
89.8398
89.8398
89.8398
89.8398
89.8398
89.8398
89.8398
89.8398
89.8398
89.8398
89.8398
89.8398
89.8398
89.8398
89.8398
89.8398
89.8398
89.8398
89.8398
89.8398
89.8398
89.8398
89.8398
89.8398
89.8398
89.8398
89.8398
89.8398
89.8398
89.8398
89.8398
89.8398
89.8398
89.8398
89.8398
89.8398
89.8398
89.8398
89.8398
89.8398
89.8398
89.8398
89.8398
89.8398
89.8398
89.8398
89.8398
89.8398
89.8398
89.8398
89.8398
89.8398
89.8398
89.8398
89.8398
89.8398
89.8398
89.8398
89.8398
89.8398
89.8398
89.8398
89.8398
89.8398
89.8398
89.8398
89.8398
89.8398
89.8398
89.8398
89.8398
89.8398
89.8398
89.8398
89.8398
89.8398
89.8398
89.8398
89.8398
89.8398
89.8398
89.8398
89.8398
89.8398
89.8398
89.8398
89.8398
89.8398
89.8398
89.8398
89.8398
89.8398
89.8398
89.8398
89.8398
89.8398
89.8398
89.8398
89.8398
89.8398
89.8398
89.8398
89.8398
89.8398
89.8398
89.8398
89.8398
89.8398
89.8398
89.8398
89.8398
89.8398
89.8398
89.8398
89.8398
89.8398
89.8398
89.8398
89.8398
89.8398
89.8398
89.8398
89.8398
89.8398
89.8398
89.8398
89.8398
89.8398
89.8398
89.8398
89.8398
89.8398
89.8398
89.8398
89.8398
89.8398
89.8398
89.8398
89.8398
89.8398
89.8398
89.8398
89.8398
89.8398
89.8398
89.8398
89.8398
89.8398
89.8398
89.8398
89.8398
89.8398
89.8398
89.8398
89.8398
89.8398
89.8398
89.8398
89.8398
89.8398
89.8398
89.8398
89.8398
89.8398
89.8398
89.8398
89.8398
89.8398
89.8398
89.8398
89.8398
89.8398
89.8398
89.8398
89.8398
89.8398
89.8398
89.8398
89.8398
89.8398
89.8398
89.8398
89.8398
89.8398
89.8398
89.8398
89.8398
89.8398
89.8398
89.8398
89.8398
89.8398
89.8398
89.8398
89.8398
89.8398
89.8398
89.8398
89.8398
89.8398
89.8398
89.8398
89.8398
89.8398
89.8398
89.8398
89.8398
89.8398
89.8398
89.8398
89.8398
89.8398
89.8398
89.8398
89.8398
89.8398
89.8398
89.8398
89.8398
89.8398
89.8398
89.8398
89.8398
89.8398
89.8398
89.8398
89.8398
89.8398
89.8398
89.8398
89.8398
89.8398
89.8398
89.8398
89.8398
89.8398
89.8398
89.8398
89.8398
89.8398
89.8398
89.8398
89.8398
89.8398
89.8398
89.8398
89.8398
89.8398
89.8398
89.8398
89.8398
89.8398
89.8398
89.8398
89.8398
89.8398
89.8398
89.8398
89.8398
89.8398
89.8398
89.8398
89.8398
89.8398
89.8398
89.8398
89.8398
89.8398
89.8398
89.8398
89.8398
89.8398
89.8398
89.8398
89.8398
89.8398
89.8398
89.8398
89.8398
89.8398
89.8398
89.8398
89.8398
89.8398
89.8398
89.8398
89.8398
89.8398
89.8398
89.8398
89.8398
89.8398
89.8398
89.8398
89.8398
89.8398
89.8398
89.8398
89.8398
89.8398
89.8398
89.8398
89.8398
89.8398
89.8398
89.8398
89.8398
89.8398
89.8398
89.8398
89.8398
89.8398
89.8398
89.8398
89.8398
89.8398
89.8398
89.8398
89.8398
89.8398
89.8398
89.8398
89.8398
89.8398
89.8398
89.8398
89.8398
89.8398
89.8398
89.8398
89.8398
89.8398
89.8398
89.8398
89.8398
89.8398
89.8398
89.8398
89.8398
89.8398
89.8398
89.8398
89.8398
89.8398
89.8398
89.8398
89.8398
89.8398
89.8398
89.8398
89.8398
89.8398
89.8398
89.8398
89.8398
89.8398
89.8398
89.8398
89.8398
89.8398
89.8398
89.8398
89.8398
89.8398
89.8398
89.8398
89.8398
89.8398
89.8398
89.8398
89.8398
89.8398
89.8398
89.8398
89.8398
89.8398
89.8398
89.8398
89.8398
89.8398
89.8398
89.8398
89.8398
89.8398
89.8398
89.8398
89.8398
89.8398
89.8398
89.8398
89.8398
89.8398
89.8398
89.8398
89.8398
89.8398
89.8398
89.8398
89.8398
89.8398
89.8398
89.8398
89.8398
89.8398
89.8398
89.8398
89.8398
75.6951
75.6951
59.651
59.651
59.651
59.651
59.651
34.3742
34.3742
34.3742
34.3742
34.3742
33.8188
29.5387
29.5387
29.5387
29.5387
29.5387
29.1473
26.1083
26.1083
25.7574
23.4364
21.0503
20.3081
16.5313
16.5313
12.2017
12.2017
12.2017
12.2017
10.2163
10.2163
10.2163
10.2163
10.0463
10.0463
10.0463
9.05646
7.00786
7.00786
7.00786
6.35321
6.26809
6.22495
6.22495
6.19252
6.19252
6.19252
6.19252
6.14076
6.01573
5.9168
5.81162
5.81162
5.50672
5.50672
5.50672
5.50672
5.50672
5.50672
5.50672
5.50672
5.50672
5.50672
5.50672
5.47789
5.47789
5.37216
5.32707
5.32309
5.28169
5.17888
5.16667
5.11052
5.0881
5.04639
5.00764
4.9781
4.95574
4.938
4.92381
4.90694
4.89073
4.88738
4.88085
4.88085
4.87418
4.87418
4.87418
4.86415
4.86415
4.86415
4.86415
4.86097
4.85619
4.85043
4.84952
4.84708
4.84368
4.84368
4.84368
4.84368
4.84368
4.84224
4.84224
4.84224
4.84167
4.84167
4.84167
4.84167
4.84167
4.84167
4.84167
4.84167
4.84167
4.84167
4.84167
4.84167
4.84167
4.84167
4.84167
4.84167
4.84167
4.84167
4.84167
4.84167
4.84167
4.84167
4.84167
4.84167
4.84167
4.84167
4.84167
4.84167
4.84167
4.84167
4.84167
4.84167
4.84167
4.84167
4.84167
4.84167
4.84167
4.84167
4.84167
4.84167
4.84167
4.84167
4.84167
4.84167
4.84167
4.84167
4.84167
4.84167
4.84167
4.84167
4.84167
4.84167
4.84167
4.84167
4.84167
4.84167
4.84167
4.84167
4.84167
4.84167
4.84167
4.84167
4.84167
4.84167
4.84167
4.84167
4.84167
4.84167
4.84167
4.84167
4.84167
4.84167
4.84167
4.84167
4.84167
4.84167
4.84167
4.84167
4.84167
4.84167
4.84167
4.84167
4.84167
4.84167
4.84167
4.84167
4.84167
4.84167
4.84167
4.84167
4.84167
4.84167
4.84167
4.84167
4.84167
4.84167
4.84167
4.84167
4.84167
4.84167
4.84167
4.84167
4.84167
4.84167
4.84167
4.84167
4.84167
4.84167
4.84167
4.84167
4.84167
4.84167
4.84167
4.84167
4.84167
4.84167
4.84167
4.84167
4.84167
4.84167
4.84167
4.84167
4.84167
4.84167
4.84167
4.84167
4.84167
4.84167
4.84167
4.84167
4.84167
4.84167
4.84167
4.84167
4.84167
4.84167
4.84167
4.84167
4.84167
4.84167
4.84167
4.84167
4.84167
4.84167
4.84167
4.84167
4.84167
4.84167
4.84167
4.84167
4.84167
4.84167
4.84167
4.84167
4.84167
4.84167
4.84167
4.84167
4.84167
4.84167
4.84167
4.84167
4.84167
4.84167
4.84167
4.84167
4.84167
4.84167
4.84167
4.84167
4.84167
4.84167
4.84167
4.84167
4.84167
4.84167
4.84167
4.84167
4.84167
4.84167
4.84167
4.84167
4.84167
4.84167
4.84167
4.84167
4.84167
4.84167
4.84167
4.84167
4.84167
4.84167
4.84167
4.84167
4.84167
4.84167
4.84167
4.84167
4.84167
4.84167
4.84167
4.84167
4.84167
4.84167
4.84167
4.84167
4.84167
4.84167
4.84167
4.84167
4.84167
4.84167
4.84167
4.84167
4.84167
4.84167
4.84167
4.84167
4.84167
4.84167
4.84167
4.84167
4.84167
4.84167
4.84167
4.84167
4.84167
4.84167
4.84167
4.84167
4.84167
4.84167
4.84167
4.84167
4.84167
4.84167
4.84167
4.84167
4.84167
4.84167
4.84167
4.84167
4.84167
4.84167
4.84167
4.84167
4.84167
4.84167
4.84167
4.84167
4.84167
4.84167
4.84167
4.84167
4.84167
4.84167
4.84167
4.84167
4.84167
4.84167
4.84167
4.84167
4.84167
4.84167
4.84167
4.84167
4.84167
4.84167
4.84167
4.84167
4.84167
4.84167
4.84167
4.84167
4.84167
4.84167
4.84167
4.84167
4.84167
4.84167
4.84167
4.84167
4.84167
4.84167
4.84167
4.84167
4.84167
4.84167
4.84167
4.84167
4.84167
4.84167
4.84167
4.84167
4.84167
4.84167
4.84167
4.84167
4.84167
4.84167
4.84167
4.84167
4.84167
4.84167
4.84167
4.84167
4.84167
4.84167
4.84167
4.84167
4.84167
4.84167
4.84167
4.84167
4.84167
4.84167
4.84167
4.84167
4.84167
4.84167
4.84167
4.84167
4.84167
4.84167
4.84167
4.84167
4.84167
4.84167
4.84167
4.84167
4.84167
4.84167
4.84167
4.84167
4.84167
4.84167
4.84167
4.84167
4.84167
4.84167
4.84167
4.84167
4.84167
4.84167
4.84167
4.84167
4.84167
4.84167
4.84167
4.84167
4.84167
4.84167
4.84167
4.84167
4.84167
4.84167
4.84167
4.84167
4.84167
4.84167
4.84167
4.84167
4.84167
4.84167
4.84167
4.84167
4.84167
4.84167
4.84167
4.84167
4.84167
4.84167
4.84167
4.84167
4.84167
4.84167
4.84167
4.84167
4.84167
4.84167
4.84167
4.84167
4.84167
4.84167
4.84167
4.84167
4.84167
4.84167
4.84167
4.84167
4.84167
4.84167
4.84167
4.84167
4.84167
4.84167
4.84167
4.84167
4.84167
4.84167
4.84167
4.84167
4.84167
4.84167
4.84167
4.84167
4.84167
4.84167
4.84167
4.84167
4.84167
4.84167
4.84167
4.84167
4.84167
4.84167
4.84167
4.84167
4.84167
4.84167
4.84167
4.84167
4.84167
4.84167
4.84167
4.84167
4.84167
4.84167
4.84167
4.84167
4.84167
4.84167
4.84167
4.84167
4.84167
4.84167
4.84167
4.84167
4.84167
4.84167
4.84167
4.84167
4.84167
4.84167
4.84167
4.84167
4.84167
4.84167
4.84167
4.84167
4.84167
4.84167
4.84167
4.84167
4.84167
4.84167
4.84167
4.84167
4.84167
4.84167
4.84167
4.84167
4.84167
4.84167
4.84167
4.84167
4.84167
4.84167
4.84167
4.84167
4.84167
4.84167
4.84167
4.84167
4.84167
4.84167
4.84167
4.84167
4.84167
4.84167
4.84167
4.84167
4.84167
4.84167
4.84167
4.84167
4.84167
4.84167
4.84167
4.84167
4.84167
4.84167
4.84167
4.84167
4.84167
4.84167
4.84167
4.84167
4.84167
4.84167
4.84167
4.84167
4.84167
4.84167
4.84167
4.84167
4.84167
4.84167
4.84167
4.84167
4.84167
4.84167
4.84167
4.84167
4.84167
4.84167
4.84167
4.84167
4.84167
4.84167
4.84167
4.84167
4.84167
4.84167
4.84167
4.84167
4.84167
4.84167
4.84167
4.84167
4.84167
4.84167
4.84167
4.84167
4.84167
4.84167
4.84167
4.84167
4.84167
4.84167
4.84167
4.84167
4.84167
4.84167
4.84167
4.84167
4.84167
4.84167
4.84167
4.84167
4.84167
4.84167
4.84167
4.84167
4.84167
4.84167
4.84167
4.84167
4.84167
4.84167
4.84167
4.84167
4.84167
4.84167
4.84167
4.84167
4.84167
4.84167
4.84167
4.84167
4.84167
4.84167
4.84167
4.84167
4.84167
4.84167
4.84167
4.84167
4.84167
4.84167
4.84167
4.84167
4.84167
4.84167
4.84167
4.84167
4.84167
4.84167
4.84167
4.84167
4.84167
4.84167
4.84167
4.84167
4.84167
4.84167
4.84167
4.84167
4.84167
4.84167
4.84167
4.84167
4.84167
4.84167
4.84167
4.84167
4.84167
4.84167
4.84167
4.84167
4.84167
4.84167
4.84167
4.84167
4.84167
4.84167
4.84167
4.84167
4.84167
4.84167
4.84167
4.84167
4.84167
4.84167
4.84167
4.84167
4.84167
4.84167
4.84167
4.84167
4.84167
4.84167
4.84167
4.84167
4.84167
4.84167
4.84167
4.84167
4.84167
4.84167
4.84167
4.84167
4.84167
4.84167
4.84167
4.84167
4.84167
4.84167
4.84167
4.84167
4.84167
4.84167
4.84167
4.84167
4.84167
4.84167
4.84167
4.84167
4.84167
4.84167
4.84167
4.84167
4.84167
4.84167
4.84167
4.84167
4.84167
4.84167
4.84167
4.84167
4.84167
4.84167
4.84167
4.84167
4.84167
4.84167
4.84167
4.84167
4.84167
4.84167
4.84167
4.84167
4.84167
4.84167
4.84167
4.84167
4.84167
4.84167
4.84167
4.84167
4.84167
4.84167
4.84167
4.84167
4.84167
4.84167
4.84167
4.84167
4.84167
4.84167
4.84167
4.84167
4.84167
4.84167
4.84167
4.84167
4.84167
4.84167
4.84167
4.84167
4.84167
4.84167
4.84167
4.84167
4.84167
4.84167
4.84167
4.84167
4.84167
4.84167
4.84167
4.84167
4.84167
4.84167
4.84167
4.84167
4.84167
4.84167
4.84167
4.84167
4.84167
4.84167
4.84167
4.84167
4.84167
4.84167
4.84167
4.84167
4.84167
4.84167
4.84167
4.84167
4.84167
4.84167
4.84167
4.84167
4.84167
4.84167
4.84167
4.84167
4.84167
4.84167
4.84167
4.84167
4.84167
4.84167
4.84167
4.84167
4.84167
4.84167
4.84167
4.84167
4.84167
4.84167
4.84167
4.84167
4.84167
4.84167
4.84167
4.84167
4.84167
4.84167
4.84167
4.84167
4.84167
4.84167
4.84167
4.84167
4.84167
4.84167
4.84167
4.84167
4.84167
4.84167
4.84167
4.84167
4.84167
4.84167
4.84167
4.84167
4.84167
4.84167
4.84167
4.84167
4.84167
4.84167
4.84167
4.84167
4.84167
4.84167
4.84167
4.84167
4.84167
4.84167
4.84167
4.84167
4.84167
4.84167
4.84167
4.84167
4.84167
4.84167
4.84167
4.84167
4.84167
4.84167
4.84167
4.84167
4.84167
4.84167
4.84167
4.84167
4.84167
4.84167
4.84167
4.84167
4.84167
4.84167
4.84167
4.84167
4.84167
4.84167
4.84167
4.84167
4.84167
4.84167
4.84167
4.84167
4.84167
4.84167
4.84167
4.84167
4.84167
4.84167
4.84167
4.84167
4.84167
4.84167
4.84167
4.84167
4.84167
4.84167
4.84167
4.84167
4.84167
4.84167
4.84167
4.84167
4.84167
4.84167
4.84167
4.84167
4.84167
4.84167
4.84167
4.84167
4.84167
4.84167
4.84167
4.84167
4.84167
4.84167
4.84167
4.84167
4.84167
4.84167
4.84167
4.84167
4.84167
4.84167
4.84167
4.84167
4.84167
4.84167
4.84167
4.84167
4.84167
4.84167
4.84167
4.84167
4.84167
4.84167
4.84167
4.84167
4.84167
4.84167
4.84167
4.84167
4.84167
4.84167
4.84167
4.84167
4.84167
4.84167
4.84167
4.84167
4.84167
4.84167
4.84167
4.84167
4.84167
4.84167
4.84167
4.84167
4.84167
4.84167
4.84167
4.84167
4.84167
4.84167
4.84167
4.84167
4.84167
4.84167
4.84167
4.84167
4.84167
4.84167
4.84167
4.84167
4.84167
4.84167
4.84167
4.84167
4.84167
4.84167
4.84167
4.84167
4.84167
4.84167
4.84167
4.84167
4.84167
4.84167
4.84167
4.84167
4.84167
4.84167
4.84167
4.84167
4.84167
4.84167
4.84167
4.84167
4.84167
4.84167
4.84167
4.84167
4.84167
4.84167
4.84167
4.84167
4.84167
4.84167
4.84167
4.84167
4.84167
4.84167
4.84167
4.84167
4.84167
4.84167
4.84167
4.84167
4.84167
4.84167
4.84167
4.84167
4.84167
4.84167
4.84167
4.84167
4.84167
4.84167
4.84167
4.84167
4.84167
4.84167
4.84167
4.84167
4.84167
4.84167
4.84167
4.84167
4.84167
4.84167
4.84167
4.84167
4.84167
4.84167
4.84167
4.84167
4.84167
4.84167
4.84167
4.84167
4.84167
4.84167
4.84167
4.84167
4.84167
4.84167
4.84167
4.84167
4.84167
4.84167
4.84167
4.84167
4.84167
4.84167
4.84167
4.84167
4.84167
4.84167
4.84167
4.84167
4.84167
4.84167
4.84167
4.84167
4.84167
4.84167
4.84167
4.84167
4.84167
4.84167
4.84167
4.84167
4.84167
4.84167
4.84167
4.84167
4.84167
4.84167
4.84167
4.84167
4.84167
4.84167
4.84167
4.84167
4.84167
4.84167
4.84167
4.84167
4.84167
4.84167
4.84167
4.84167
4.84167
4.84167
4.84167
4.84167
4.84167
4.84167
4.84167
4.84167
4.84167
4.84167
4.84167
4.84167
4.84167
4.84167
4.84167
4.84167
4.84167
4.84167
4.84167
4.84167
4.84167
4.84167
4.84167
4.84167
4.84167
4.84167
4.84167
4.84167
4.84167
4.84167
4.84167
4.84167
4.84167
4.84167
4.84167
4.84167
4.84167
4.84167
4.84167
4.84167
4.84167
4.84167
4.84167
4.84167
4.84167
4.84167
4.84167
4.84167
4.84167
4.84167
4.84167
4.84167
4.84167
4.84167
4.84167
4.84167
4.84167
4.84167
4.84167
4.84167
4.84167
4.84167
4.84167
4.84167
4.84167
4.84167
4.84167
4.84167
4.84167
4.84167
4.84167
4.84167
4.84167
4.84167
4.84167
4.84167
4.84167
4.84167
4.84167
4.84167
4.84167
4.84167
4.84167
4.84167
4.84167
4.84167
4.84167
4.84167
4.84167
4.84167
4.84167
4.84167
4.84167
4.84167
4.84167
4.84167
4.84167
4.84167
4.84167
4.84167
4.84167
4.84167
4.84167
4.84167
4.84167
4.84167
4.84167
4.84167
4.84167
4.84167
4.84167
4.84167
4.84167
4.84167
4.84167
4.84167
4.84167
4.84167
4.84167
4.84167
4.84167
4.84167
4.84167
4.84167
4.84167
4.84167
4.84167
4.84167
4.84167
4.84167
4.84167
4.84167
4.84167
4.84167
4.84167
4.84167
4.84167
4.84167
4.84167
4.84167
4.84167
4.84167
4.84167
4.84167
4.84167
4.84167
4.84167
4.84167
4.84167
4.84167
4.84167
4.84167
4.84167
4.84167
4.84167
4.84167
4.84167
4.84167
4.84167
4.84167
4.84167
4.84167
4.84167
4.84167
4.84167
4.84167
4.84167
4.84167
4.84167
4.84167
4.84167
4.84167
4.84167
4.84167
4.84167
4.84167
4.84167
4.84167
4.84167
4.84167
4.84167
4.84167
4.84167
4.84167
4.84167
4.84167
4.84167
4.84167
4.84167
4.84167
4.84167
4.84167
4.84167
4.84167
4.84167
4.84167
4.84167
4.84167
4.84167
4.84167
4.84167
4.84167
4.84167
4.84167
4.84167
4.84167
4.84167
4.84167
4.84167
4.84167
4.84167
4.84167
4.84167
4.84167
4.84167
4.84167
4.84167
4.84167
4.84167
4.84167
4.84167
4.84167
4.84167
4.84167
4.84167
4.84167
4.84167
4.84167
4.84167
4.84167
4.84167
4.84167
4.84167
4.84167
4.84167
4.84167
4.84167
4.84167
4.84167
4.84167
4.84167
4.84167
4.84167
4.84167
4.84167
4.84167
4.84167
4.84167
4.84167
4.84167
4.84167
4.84167
4.84167
4.84167
4.84167
4.84167
4.84167
4.84167
4.84167
4.84167
4.84167
4.84167
4.84167
4.84167
4.84167
4.84167
4.84167
4.84167
4.84167
4.84167
4.84167
4.84167
4.84167
4.84167
4.84167
4.84167
4.84167
4.84167
4.84167
4.84167
4.84167
4.84167
4.84167
4.84167
4.84167
4.84167
4.84167
4.84167
4.84167
4.84167
4.84167
4.84167
4.84167
4.84167
4.84167
4.84167
4.84167
4.84167
4.84167
4.84167
4.84167
4.84167
4.84167
4.84167
4.84167
4.84167
4.84167
4.84167
4.84167
4.84167
4.84167
4.84167
4.84167
4.84167
4.84167
4.84167
4.84167
4.84167
4.84167
4.84167
4.84167
4.84167
4.84167
4.84167
4.84167
4.84167
4.84167
4.84167
4.84167
4.84167
4.84167
4.84167
4.84167
4.84167
4.84167
4.84167
4.84167
4.84167
4.84167
4.84167
4.84167
4.84167
4.84167
4.84167
4.84167
4.84167
4.84167
4.84167
4.84167
4.84167
4.84167
4.84167
4.84167
4.84167
4.84167
4.84167
4.84167
4.84167
4.84167
4.84167
4.84167
4.84167
4.84167
4.84167
4.84167
4.84167
4.84167
4.84167
4.84167
4.84167
4.84167
4.84167
4.84167
4.84167
4.84167
4.84167
4.84167
4.84167
4.84167
4.84167
4.84167
4.84167
4.84167
4.84167
4.84167
4.84167
4.84167
4.84167
4.84167
4.84167
4.84167
4.84167
4.84167
4.84167
4.84167
4.84167
4.84167
4.84167
4.84167
4.84167
4.84167
