5.12009e+07
9.71623e+06
3.98786e+06
1.56854e+06
949755
630939
630939
630939
630939
630939
630939
630939
452719
339076
225641
69664.7
69664.7
57421.3
57421.3
57421.3
57421.3
22793.3
22793.3
21849.7
14062.8
14062.8
6268.36
6268.36
6268.36
6268.36
6268.36
6268.36
6268.36
6268.36
4601.57
2442.28
2306.21
2043.71
1467.43
861.632
861.632
861.632
719.301
418.327
412.937
340.844
340.844
340.844
340.844
340.844
340.844
340.844
340.844
340.844
340.844
256.905
256.905
256.905
256.905
256.905
256.905
256.905
256.905
256.905
256.905
256.905
241.641
241.641
234.026
234.026
234.026
210.019
210.019
210.019
210.019
210.019
210.019
210.019
204.23
204.23
204.23
204.23
204.23
199.312
199.312
199.312
199.312
199.312
196.892
196.892
196.892
194.856
194.856
194.813
192.664
192.664
191.652
184.5
184.5
184.5
184.5
184.5
184.5
184.5
184.5
184.5
184.5
184.5
184.5
184.5
184.5
184.5
184.5
184.5
184.5
184.5
184.5
184.5
184.5
184.5
184.5
184.5
184.5
184.5
184.5
184.5
184.5
184.5
184.5
184.5
184.5
184.5
184.5
184.5
184.5
184.5
184.5
184.5
184.5
184.5
184.5
184.5
184.5
184.5
184.5
184.5
184.5
184.5
184.5
184.5
184.5
184.5
184.5
184.5
184.5
184.5
184.5
184.5
184.5
184.5
184.5
184.5
184.5
184.5
184.5
184.5
184.5
184.5
184.5
184.5
184.5
184.5
184.5
184.5
184.5
184.5
184.5
184.5
184.5
184.5
184.5
184.5
184.5
184.5
184.5
184.5
184.5
184.5
184.5
184.5
184.5
184.5
184.5
184.5
184.5
184.5
184.5
184.5
184.5
184.5
184.5
184.5
184.5
184.5
184.5
184.5
184.5
184.5
184.5
184.5
184.5
184.5
184.5
184.5
184.5
184.5
184.5
184.5
184.5
184.5
184.5
184.5
184.5
184.5
184.5
184.5
184.5
184.5
184.5
184.5
184.5
184.5
184.5
184.5
184.5
184.5
184.5
184.5
184.5
184.5
184.5
184.5
184.5
184.5
184.5
184.5
184.5
184.5
184.5
184.5
184.5
184.5
184.5
184.5
184.5
184.5
184.5
184.5
184.5
184.5
184.5
184.5
184.5
184.5
184.5
184.5
184.5
184.5
184.5
182.982
182.982
182.982
182.982
182.982
182.982
182.982
182.982
180.237
180.237
180.09
180.09
180.09
180.09
180.09
180.09
180.09
180.09
180.09
180.09
180.09
180.09
180.09
180.09
175.243
175.243
175.243
175.243
175.243
175.243
175.243
168.702
168.702
168.702
168.702
168.702
168.702
168.702
168.702
168.702
168.702
168.702
168.702
168.702
168.702
168.702
168.702
168.702
168.702
168.702
168.702
168.702
168.702
168.702
168.702
168.702
168.702
168.702
168.702
168.702
168.702
168.702
168.702
168.702
168.702
168.702
168.702
168.702
168.702
168.702
168.702
168.702
168.702
164.358
164.358
164.358
164.358
164.358
164.358
164.358
164.358
164.358
164.358
164.358
164.358
164.358
164.358
164.358
164.358
164.358
164.358
164.358
164.358
164.358
164.358
164.358
164.358
164.358
164.358
164.358
164.358
164.358
164.358
164.358
164.358
164.358
164.358
164.358
164.358
164.358
164.358
164.358
164.358
164.358
164.358
164.358
164.358
164.358
164.358
164.358
164.358
164.358
164.358
164.358
164.358
164.358
164.358
164.358
164.358
164.358
164.358
164.358
164.358
164.358
164.358
164.358
164.358
164.358
164.358
164.358
164.358
164.358
164.358
164.358
164.358
164.358
164.358
164.358
164.358
164.358
164.358
164.358
164.358
164.358
164.358
164.358
164.358
164.358
164.358
164.358
164.358
164.358
164.358
164.358
164.358
164.358
164.358
164.358
164.358
164.358
164.358
164.358
164.358
164.358
164.358
164.358
164.358
164.358
164.358
164.358
164.358
164.358
164.358
164.358
164.358
164.358
164.358
164.358
164.358
164.358
164.358
164.358
164.358
164.358
164.358
164.358
164.358
164.358
164.358
164.358
164.358
164.358
164.358
164.358
164.358
164.358
164.358
164.358
164.358
164.358
164.358
164.358
164.358
164.358
164.358
164.358
164.358
164.358
164.358
164.358
164.358
164.358
164.358
164.358
164.358
164.358
164.358
164.358
164.358
164.358
164.358
164.358
164.358
164.358
164.358
164.358
164.358
164.358
164.358
164.358
164.358
164.358
164.358
164.358
164.358
164.358
164.358
164.358
164.358
164.358
164.358
164.358
164.358
164.358
164.358
164.358
164.358
164.358
164.358
164.358
164.358
164.358
164.358
164.358
164.358
164.358
164.358
164.358
164.358
164.358
164.358
164.358
164.358
164.358
164.358
164.358
164.358
164.358
164.358
164.358
164.358
164.358
164.358
164.358
164.358
164.358
164.358
164.358
164.358
164.358
164.358
164.358
164.358
164.358
164.358
164.358
164.358
164.358
164.358
164.358
164.358
164.358
164.358
164.358
164.358
164.358
164.358
164.358
164.358
164.358
164.358
164.358
164.358
164.358
164.358
164.358
164.358
164.358
164.358
164.358
164.358
164.358
164.358
164.358
164.358
164.358
164.358
164.358
164.358
164.358
164.358
164.358
164.358
164.358
164.358
164.358
164.358
164.358
164.358
164.358
164.358
164.358
164.358
164.358
164.358
164.358
164.358
164.358
164.358
164.358
164.358
164.358
164.358
164.358
164.358
164.358
164.358
164.358
164.358
164.358
164.358
164.358
164.358
164.358
164.358
164.358
164.358
164.358
164.358
164.358
164.358
164.358
164.358
164.358
164.358
164.358
164.358
164.358
164.358
164.358
164.358
164.358
164.358
164.358
164.358
164.358
164.358
164.358
164.358
164.358
164.358
164.358
164.358
164.358
164.358
164.358
164.358
164.358
164.358
164.358
164.358
164.358
164.358
164.358
164.358
164.358
164.358
164.358
164.358
164.358
164.358
164.358
164.358
164.358
164.358
164.358
164.358
164.358
164.358
164.358
164.358
164.358
164.358
164.358
164.358
164.358
164.358
164.358
164.358
164.358
164.358
164.358
164.358
164.358
164.358
164.358
164.358
164.358
164.358
164.358
164.358
164.358
164.358
164.358
164.358
164.358
164.358
164.358
164.358
164.358
164.358
164.358
164.358
164.358
164.358
164.358
164.358
164.358
164.358
164.358
164.358
164.358
164.358
164.358
164.358
164.358
164.358
164.358
164.358
164.358
164.358
164.358
164.358
164.358
164.358
164.358
164.358
164.358
164.358
164.358
164.358
164.358
164.358
164.358
164.358
164.358
164.358
164.358
164.358
164.358
164.358
164.358
164.358
164.358
164.358
164.358
164.358
164.358
164.358
164.358
164.358
164.358
164.358
164.358
164.358
164.358
164.358
164.358
164.358
164.358
164.358
164.358
164.358
164.358
164.358
164.358
164.358
164.358
164.358
164.358
164.358
164.358
164.358
164.358
164.358
164.358
164.358
164.358
164.358
164.358
164.358
164.358
164.358
164.358
164.358
164.358
164.358
164.358
164.358
164.358
164.358
164.358
164.358
164.358
164.358
164.358
164.358
164.358
164.358
164.358
164.358
164.358
164.358
164.358
164.358
164.358
164.358
164.358
164.358
164.358
164.358
164.358
164.358
164.358
164.358
164.358
164.358
164.358
164.358
164.358
164.358
164.358
164.358
164.358
164.358
164.358
164.358
164.358
164.358
164.358
164.358
164.358
164.358
164.358
164.358
164.358
164.358
164.358
164.358
164.358
164.358
164.358
164.358
164.358
164.358
164.358
164.358
164.358
164.358
164.358
164.358
164.358
164.358
164.358
164.358
164.358
164.358
164.358
164.358
164.358
164.358
164.358
164.358
164.358
164.358
164.358
164.358
164.358
164.358
164.358
164.358
164.358
164.358
164.358
164.358
164.358
164.358
164.358
164.358
164.358
164.358
164.358
164.358
164.358
164.358
164.358
164.358
164.358
164.358
164.358
164.358
164.358
164.358
164.358
164.358
164.358
164.358
164.358
164.358
164.358
164.358
164.358
164.358
164.358
164.358
164.358
164.358
164.358
164.358
164.358
164.358
164.358
164.358
164.358
164.358
164.358
164.358
164.358
164.358
164.358
164.358
164.358
164.358
164.358
164.358
164.358
164.358
164.358
164.358
164.358
164.358
164.358
164.358
164.358
164.358
164.358
164.358
164.358
164.358
164.358
164.358
164.358
164.358
164.358
164.358
164.358
164.358
164.358
164.358
164.358
164.358
164.358
164.358
164.358
164.358
164.358
164.358
164.358
164.358
164.358
164.358
164.358
164.358
164.358
164.358
164.358
164.358
164.358
164.358
164.358
164.358
164.358
164.358
164.358
164.358
164.358
164.358
164.358
164.358
164.358
164.358
164.358
164.358
164.358
164.358
164.358
164.358
164.358
164.358
164.358
164.358
164.358
164.358
164.358
164.358
164.358
164.358
164.358
164.358
164.358
164.358
164.358
164.358
164.358
164.358
164.358
164.358
164.358
164.358
164.358
164.358
164.358
164.358
164.358
164.358
164.358
164.358
164.358
164.358
164.358
164.358
164.358
164.358
164.358
164.358
164.358
164.358
164.358
164.358
164.358
164.358
164.358
164.358
164.358
164.358
164.358
164.358
164.358
164.358
164.358
164.358
164.358
164.358
164.358
164.358
164.358
164.358
164.358
164.358
164.358
164.358
164.358
164.358
164.358
164.358
164.358
164.358
164.358
164.358
164.358
164.358
164.358
164.358
164.358
164.358
164.358
164.358
164.358
164.358
164.358
164.358
164.358
164.358
164.358
164.358
164.358
164.358
164.358
164.358
164.358
164.358
164.358
164.358
164.358
164.358
164.358
164.358
164.358
164.358
164.358
164.358
164.358
164.358
164.358
164.358
164.358
164.358
164.358
164.358
164.358
164.358
164.358
164.358
164.358
164.358
164.358
164.358
164.358
164.358
164.358
164.358
164.358
164.358
164.358
164.358
164.358
164.358
164.358
164.358
164.358
164.358
164.358
164.358
164.358
164.358
164.358
164.358
164.358
164.358
164.358
164.358
164.358
164.358
164.358
164.358
164.358
164.358
164.358
164.358
164.358
164.358
164.358
164.358
164.358
164.358
164.358
164.358
164.358
164.358
164.358
164.358
164.358
164.358
164.358
164.358
164.358
164.358
164.358
164.358
164.358
164.358
164.358
164.358
164.358
164.358
164.358
164.358
164.358
164.358
164.358
164.358
164.358
164.358
164.358
164.358
164.358
164.358
164.358
164.358
164.358
164.358
164.358
164.358
164.358
164.358
164.358
164.358
164.358
164.358
164.358
164.358
164.358
164.358
164.358
164.358
164.358
164.358
164.358
164.358
164.358
164.358
164.358
164.358
164.358
164.358
164.358
164.358
164.358
164.358
164.358
164.358
164.358
164.358
164.358
164.358
164.358
164.358
164.358
164.358
164.358
164.358
164.358
164.358
164.358
164.358
164.358
164.358
164.358
164.358
164.358
164.358
164.358
164.358
164.358
164.358
164.358
164.358
164.358
164.358
164.358
164.358
164.358
164.358
164.358
164.358
164.358
164.358
164.358
164.358
164.358
164.358
164.358
164.358
164.358
164.358
164.358
164.358
164.358
164.358
164.358
164.358
164.358
164.358
164.358
164.358
164.358
164.358
164.358
164.358
164.358
164.358
164.358
164.358
164.358
164.358
164.358
164.358
164.358
164.358
164.358
164.358
156.51
156.51
156.51
156.51
156.51
156.51
156.51
156.51
156.51
156.51
156.51
156.51
156.51
156.51
156.51
156.51
156.51
156.51
156.51
156.51
156.51
156.51
156.51
156.51
156.51
156.51
156.51
156.51
156.51
156.51
156.51
156.51
156.51
156.51
156.51
156.51
156.51
156.51
156.51
156.51
156.51
156.51
156.51
156.51
156.51
156.51
156.51
156.51
156.51
156.51
156.51
156.51
156.51
156.51
156.51
156.51
156.51
156.51
156.51
156.51
156.51
156.51
156.51
156.51
156.51
156.51
156.51
156.51
156.51
156.51
156.51
156.51
156.51
156.51
156.51
156.51
156.51
156.51
156.51
156.51
156.51
156.51
156.51
156.51
156.51
156.51
156.51
156.51
156.51
156.51
156.51
156.51
156.51
156.51
156.51
156.51
156.51
156.51
156.51
156.51
156.51
156.51
156.51
156.51
156.51
156.51
156.51
156.51
156.51
156.51
156.51
156.51
156.51
156.51
156.51
156.51
156.51
156.51
156.51
156.51
156.51
156.51
156.51
156.51
156.51
156.51
156.51
156.51
156.51
156.51
156.51
156.51
156.51
156.51
156.51
156.51
156.51
156.51
156.51
156.51
156.51
156.51
156.51
156.51
156.51
156.51
156.51
156.51
156.51
156.51
156.51
156.51
156.51
156.51
156.51
156.51
156.51
156.51
156.51
156.51
156.51
156.51
156.51
156.51
156.51
156.51
156.51
156.51
156.51
156.51
156.51
156.51
156.51
156.51
156.51
156.51
156.51
156.51
156.51
156.51
156.51
156.51
156.51
156.51
156.51
156.51
156.51
156.51
156.51
156.51
156.51
156.51
156.51
156.51
156.51
156.51
156.51
156.51
156.51
156.51
156.51
156.51
156.51
156.51
156.51
156.51
156.51
156.51
156.51
156.51
156.51
156.51
156.51
156.51
156.51
156.51
156.51
156.51
156.51
156.51
156.51
156.51
156.51
156.51
156.51
156.51
156.51
156.51
156.51
156.51
156.51
156.51
156.51
156.51
156.51
156.51
156.51
156.51
156.51
156.51
156.51
156.51
156.51
156.51
156.51
156.51
156.51
156.51
156.51
156.51
156.51
156.51
156.51
156.51
156.51
156.51
156.51
156.51
156.51
156.51
156.51
156.51
156.51
156.51
156.51
156.51
156.51
156.51
156.51
156.51
156.51
156.51
156.51
156.51
156.51
156.51
156.51
156.51
156.51
156.51
156.51
156.51
156.51
156.51
156.51
156.51
156.51
156.51
156.51
156.51
156.51
156.51
156.51
156.51
156.51
156.51
156.51
156.51
156.51
156.51
156.51
156.51
156.51
156.51
156.51
156.51
156.51
156.51
156.51
156.51
156.51
156.51
156.51
156.51
156.51
156.51
156.51
156.51
156.51
156.51
156.51
156.51
156.51
156.51
156.51
156.51
156.51
156.51
156.51
156.51
156.51
156.51
156.51
156.51
156.51
156.51
156.51
156.51
156.51
156.51
156.51
156.51
156.51
156.51
156.51
156.51
156.51
156.51
156.51
156.51
156.51
156.51
156.51
156.51
156.51
156.51
156.51
156.51
156.51
156.51
156.51
156.51
156.51
156.51
156.51
156.51
156.51
156.51
156.51
156.51
156.51
156.51
156.51
156.51
156.51
156.51
156.51
156.51
156.51
156.51
156.51
156.51
156.51
156.51
156.51
156.51
156.51
156.51
156.51
156.51
156.51
156.51
156.51
156.51
156.51
156.51
156.51
156.51
156.51
156.51
156.51
156.51
156.51
156.51
156.51
156.51
156.51
156.51
156.51
156.51
156.51
156.51
156.51
156.51
156.51
156.51
156.51
156.51
156.51
156.51
156.51
156.51
156.51
156.51
156.51
156.51
156.51
156.51
156.51
156.51
156.51
156.51
156.51
156.51
156.51
156.51
156.51
156.51
156.51
156.51
156.51
156.51
156.51
156.51
156.51
156.51
156.51
156.51
156.51
156.51
156.51
156.51
156.51
156.51
156.51
156.51
156.51
156.51
156.51
156.51
156.51
156.51
156.51
156.51
156.51
156.51
156.51
156.51
156.51
156.51
156.51
156.51
156.51
156.51
156.51
156.51
156.51
156.51
156.51
156.51
156.51
156.51
156.51
156.51
156.51
156.51
156.51
156.51
156.51
156.51
156.51
156.51
156.51
156.51
156.51
156.51
156.51
156.51
156.51
156.51
156.51
156.51
156.51
156.51
156.51
156.51
156.51
156.51
156.51
156.51
156.51
156.51
156.51
156.51
156.51
156.51
156.51
156.51
156.51
156.51
156.51
156.51
156.51
156.51
156.51
156.51
156.51
156.51
156.51
156.51
156.51
156.51
156.51
156.51
156.51
156.51
156.51
156.51
156.51
156.51
156.51
156.51
156.51
156.51
156.51
156.51
156.51
156.51
156.51
156.51
156.51
156.51
156.51
156.51
156.51
156.51
156.51
156.51
156.51
156.51
156.51
156.51
156.51
156.51
156.51
156.51
156.51
156.51
156.51
156.51
156.51
156.51
156.51
156.51
156.51
156.51
156.51
156.51
156.51
156.51
156.51
156.51
156.51
156.51
156.51
156.51
156.51
156.51
156.51
156.51
156.51
156.51
156.51
156.51
156.51
156.51
156.51
156.51
156.51
156.51
156.51
156.51
156.51
156.51
156.51
156.51
156.51
156.51
156.51
156.51
156.51
156.51
156.51
156.51
156.51
156.51
156.51
156.51
156.51
156.51
156.51
156.51
156.51
156.51
156.51
156.51
156.51
156.51
156.51
156.51
156.51
156.51
156.51
156.51
156.51
156.51
156.51
156.51
156.51
156.51
156.51
156.51
156.51
156.51
156.51
156.51
156.51
156.51
156.51
156.51
156.51
156.51
156.51
156.51
156.51
156.51
156.51
156.51
156.51
156.51
156.51
156.51
156.51
156.51
156.51
156.51
156.51
156.51
156.51
156.51
156.51
156.51
156.51
156.51
156.51
156.51
156.51
156.51
156.51
156.51
156.51
156.51
156.51
156.51
156.51
156.51
156.51
156.51
156.51
156.51
156.51
156.51
156.51
156.51
156.51
156.51
156.51
156.51
156.51
156.51
156.51
156.51
156.51
156.51
156.51
156.51
156.51
156.51
156.51
156.51
156.51
156.51
156.51
156.51
156.51
156.51
156.51
156.51
156.51
156.51
156.51
156.51
156.51
156.51
156.51
156.51
156.51
156.51
156.51
156.51
156.51
156.51
156.51
156.51
156.51
156.51
156.51
156.51
156.51
156.51
156.51
156.51
156.51
156.51
156.51
156.51
156.51
156.51
156.51
156.51
156.51
156.51
156.51
156.51
156.51
156.51
156.51
156.51
156.51
156.51
156.51
156.51
156.51
156.51
156.51
156.51
156.51
156.51
156.51
156.51
156.51
156.51
156.51
156.51
156.51
156.51
156.51
156.51
156.51
156.51
156.51
156.51
156.51
156.51
156.51
156.51
156.51
156.51
156.51
156.51
156.51
156.51
156.51
156.51
156.51
156.51
156.51
156.51
156.51
156.51
156.51
156.51
156.51
156.51
156.51
156.51
156.51
156.51
156.51
156.51
156.51
156.51
156.51
156.51
156.51
156.51
156.51
156.51
156.51
156.51
156.51
156.51
156.51
156.51
156.51
156.51
156.51
156.51
156.51
156.51
156.51
156.51
156.51
156.51
156.51
156.51
156.51
156.51
156.51
156.51
156.51
156.51
156.51
156.51
156.51
156.51
156.51
156.51
156.51
156.51
156.51
156.51
156.51
156.51
156.51
156.51
156.51
156.51
156.51
156.51
156.51
156.51
156.51
156.51
156.51
156.51
156.51
156.51
156.51
156.51
156.51
156.51
156.51
156.51
156.51
156.51
156.51
156.51
156.51
156.51
156.51
156.51
156.51
156.51
156.51
156.51
156.51
156.51
156.51
156.51
156.51
156.51
156.51
156.51
156.51
156.51
156.51
156.51
156.51
156.51
156.51
156.51
156.51
156.51
156.51
156.51
156.51
156.51
156.51
156.51
156.51
156.51
156.51
156.51
156.51
156.51
156.51
156.51
156.51
156.51
156.51
156.51
156.51
156.51
156.51
156.51
156.51
156.51
156.51
156.51
156.51
156.51
156.51
156.51
156.51
156.51
156.51
156.51
156.51
156.51
156.51
156.51
156.51
156.51
156.51
156.51
156.51
156.51
156.51
156.51
156.51
156.51
156.51
156.51
156.51
156.51
156.51
156.51
156.51
156.51
156.51
156.51
156.51
156.51
156.51
156.51
156.51
156.51
156.51
156.51
156.51
156.51
156.51
156.51
156.51
156.51
156.51
156.51
156.51
156.51
156.51
156.51
156.51
156.51
156.51
156.51
156.51
156.51
156.51
156.51
156.51
156.51
156.51
156.51
156.51
156.51
156.51
156.51
156.51
156.51
156.51
156.51
156.51
156.51
156.51
156.51
156.51
156.51
156.51
156.51
156.51
156.51
156.51
156.51
156.51
156.51
156.51
156.51
156.51
156.51
156.51
156.51
156.51
156.51
156.51
156.51
156.51
156.51
156.51
156.51
156.51
156.51
156.51
156.51
156.51
156.51
156.51
156.51
156.51
156.51
156.51
156.51
156.51
156.51
156.51
156.51
156.51
156.51
156.51
156.51
156.51
156.51
156.51
156.51
156.51
156.51
156.51
156.51
156.51
156.51
156.51
156.51
156.51
156.51
156.51
156.51
156.51
156.51
156.51
156.51
156.51
156.51
156.51
156.51
156.51
156.51
156.51
156.51
156.51
156.51
156.51
156.51
156.51
156.51
156.51
156.51
156.51
156.51
156.51
156.51
156.51
156.51
156.51
156.51
156.51
156.51
156.51
156.51
156.51
156.51
156.51
156.51
156.51
156.51
156.51
156.51
156.51
156.51
156.51
156.51
156.51
156.51
156.51
156.51
156.51
156.51
156.51
156.51
156.51
156.51
156.51
156.51
156.51
156.51
156.51
156.51
156.51
156.51
156.51
156.51
156.51
156.51
156.51
156.51
156.51
156.51
156.51
156.51
156.51
156.51
156.51
156.51
156.51
156.51
156.51
156.51
156.51
156.51
156.51
156.51
156.51
156.51
156.51
156.51
156.51
156.51
156.51
156.51
156.51
156.51
156.51
156.51
156.51
156.51
156.51
156.51
156.51
156.51
156.51
156.51
156.51
156.51
156.51
156.51
156.51
156.51
156.51
156.51
156.51
156.51
156.51
156.51
156.51
156.51
156.51
156.51
156.51
156.51
156.51
156.51
156.51
156.51
156.51
156.51
156.51
156.51
156.51
156.51
156.51
156.51
156.51
156.51
156.51
156.51
156.51
156.51
156.51
156.51
156.51
156.51
156.51
156.51
156.51
156.51
156.51
156.51
156.51
156.51
156.51
156.51
156.51
156.51
156.51
156.51
156.51
156.51
156.51
156.51
156.51
156.51
156.51
156.51
156.51
156.51
156.51
156.51
156.51
156.51
156.51
156.51
156.51
156.51
156.51
156.51
156.51
156.51
156.51
156.51
156.51
156.51
156.51
156.51
156.51
156.51
156.51
156.51
156.51
156.51
156.51
156.51
156.51
156.51
156.51
156.51
156.51
156.51
156.51
156.51
156.51
156.51
156.51
156.51
156.51
156.51
156.51
156.51
156.51
156.51
156.51
156.51
156.51
156.51
156.51
156.51
156.51
156.51
156.51
156.51
156.51
156.51
156.51
156.51
156.51
156.51
156.51
156.51
156.51
156.51
156.51
156.51
156.51
156.51
156.51
156.51
156.51
156.51
156.51
156.51
156.51
156.51
156.51
156.51
156.51
156.51
156.51
156.51
156.51
156.51
156.51
156.51
156.51
156.51
156.51
156.51
156.51
156.51
156.51
156.51
156.51
156.51
156.51
156.51
156.51
156.51
156.51
156.51
156.51
156.51
156.51
156.51
156.51
156.51
156.51
156.51
156.51
156.51
156.51
156.51
156.51
156.51
156.51
156.51
156.51
156.51
156.51
156.51
156.51
156.51
156.51
156.51
156.51
156.51
156.51
156.51
156.51
156.51
156.51
156.51
156.51
156.51
156.51
156.51
156.51
156.51
156.51
156.51
156.51
156.51
156.51
156.51
156.51
156.51
156.51
156.51
156.51
156.51
156.51
156.51
156.51
156.51
156.51
156.51
156.51
156.51
156.51
156.51
156.51
156.51
156.51
156.51
156.51
156.51
156.51
156.51
156.51
156.51
156.51
156.51
156.51
156.51
156.51
156.51
156.51
156.51
156.51
156.51
156.51
156.51
156.51
156.51
156.51
156.51
156.51
156.51
156.51
156.51
156.51
156.51
156.51
156.51
156.51
156.51
156.51
156.51
156.51
156.51
156.51
156.51
156.51
156.51
156.51
156.51
156.51
156.51
156.51
156.51
156.51
156.51
156.51
156.51
156.51
156.51
156.51
156.51
156.51
156.51
156.51
156.51
156.51
156.51
156.51
156.51
156.51
156.51
156.51
156.51
156.51
156.51
156.51
156.51
156.51
156.51
156.51
156.51
156.51
156.51
156.51
156.51
156.51
156.51
156.51
156.51
156.51
156.51
156.51
156.51
156.51
156.51
156.51
156.51
156.51
156.51
156.51
156.51
156.51
156.51
156.51
156.51
156.51
156.51
156.51
156.51
156.51
156.51
156.51
156.51
156.51
156.51
156.51
156.51
156.51
156.51
156.51
156.51
156.51
156.51
156.51
156.51
156.51
156.51
156.51
156.51
156.51
156.51
156.51
156.51
156.51
156.51
156.51
156.51
156.51
156.51
156.51
156.51
156.51
156.51
156.51
156.51
156.51
156.51
156.51
156.51
156.51
156.51
156.51
156.51
156.51
156.51
156.51
156.51
156.51
156.51
156.51
156.51
156.51
156.51
156.51
156.51
156.51
156.51
156.51
156.51
156.51
156.51
156.51
156.51
156.51
156.51
156.51
156.51
156.51
156.51
156.51
156.51
156.51
156.51
156.51
156.51
156.51
156.51
156.51
156.51
156.51
156.51
156.51
156.51
156.51
156.51
156.51
156.51
156.51
156.51
156.51
156.51
156.51
156.51
156.51
156.51
156.51
156.51
156.51
156.51
156.51
156.51
156.51
156.51
156.51
156.51
156.51
156.51
156.51
156.51
156.51
156.51
156.51
156.51
156.51
156.51
156.51
156.51
156.51
156.51
156.51
156.51
156.51
156.51
156.51
156.51
156.51
156.51
155.001
155.001
155.001
155.001
155.001
155.001
155.001
155.001
155.001
155.001
154.299
151.454
151.454
151.454
151.454
151.454
151.42
151.42
151.42
151.42
151.42
151.42
151.42
151.42
151.42
151.42
151.42
151.42
151.42
151.42
151.42
151.42
151.42
151.42
151.42
151.42
151.42
151.42
151.42
151.42
151.42
151.42
151.42
151.42
151.42
151.42
151.42
151.42
151.42
151.42
151.42
151.42
151.42
151.42
151.42
151.42
151.42
151.42
151.42
151.42
151.42
151.42
151.42
151.42
151.42
151.42
151.42
151.42
151.42
151.42
151.42
151.42
151.42
151.42
151.42
151.42
151.42
151.42
151.42
151.42
151.42
151.42
151.42
151.42
151.42
151.42
151.42
151.42
151.42
151.42
151.42
151.42
151.42
151.42
151.42
151.42
151.42
151.42
151.42
151.42
151.42
151.42
151.42
151.42
151.42
151.42
151.42
151.42
151.42
151.42
151.42
151.42
151.42
151.42
151.42
151.42
151.42
151.42
151.42
151.42
151.42
151.42
151.42
151.42
151.42
151.42
151.42
151.42
151.42
151.42
151.42
151.42
151.42
151.42
151.42
151.42
151.42
151.42
151.42
151.42
151.42
151.42
151.42
151.42
151.42
151.42
151.42
151.42
151.42
151.42
151.42
151.42
151.42
151.42
151.42
151.42
151.42
151.42
151.42
151.42
151.42
151.42
151.42
151.42
151.42
151.42
151.42
151.42
151.42
151.42
151.42
151.42
151.42
151.42
151.42
151.42
151.42
151.42
151.42
151.42
151.42
151.42
151.42
151.42
151.42
151.42
151.42
151.42
151.42
151.42
151.42
151.42
151.42
151.42
151.42
151.42
151.42
151.42
151.42
151.42
151.42
151.42
151.42
151.42
151.42
151.42
151.42
151.42
151.42
151.42
151.42
151.42
151.42
151.42
151.42
151.42
151.42
151.42
151.42
151.42
151.42
151.42
151.42
151.42
151.42
151.42
151.42
151.42
151.42
151.42
151.42
151.42
151.42
151.42
151.42
151.42
151.42
151.42
151.42
151.42
151.42
151.42
151.42
151.42
151.42
151.42
151.42
151.42
151.42
151.42
151.42
151.42
151.42
151.42
151.42
151.42
151.42
151.42
151.42
151.42
151.42
151.42
151.42
151.42
151.42
151.42
151.42
151.42
151.42
151.42
151.42
151.42
151.42
151.42
151.42
151.42
151.42
151.42
151.42
151.42
151.42
151.42
151.42
151.42
151.42
151.42
151.42
151.42
151.42
151.42
151.42
151.42
151.42
151.42
151.42
151.42
151.42
151.42
151.42
151.42
151.42
151.42
151.42
151.42
151.42
151.42
151.42
151.42
151.42
151.42
151.42
151.42
151.42
151.42
151.42
151.42
151.42
151.42
151.42
151.42
151.42
151.42
151.42
151.42
151.42
151.42
151.42
151.42
151.42
151.42
151.42
151.42
151.42
151.42
151.42
151.42
151.42
151.42
151.42
151.42
151.42
151.42
151.42
151.42
151.42
151.42
151.42
151.42
151.42
151.42
151.42
151.42
151.42
151.42
151.42
151.42
151.42
151.42
151.42
151.42
151.42
151.42
151.42
151.42
151.42
151.42
151.42
151.42
151.42
151.42
151.42
151.42
151.42
151.42
151.42
151.42
151.42
151.42
151.42
151.42
151.42
151.42
151.42
151.42
151.42
151.42
151.42
151.42
151.42
151.42
151.42
151.42
151.42
151.42
151.42
151.42
151.42
151.42
151.42
151.42
151.42
151.42
151.42
151.42
151.42
151.42
151.42
151.42
151.42
151.42
151.42
151.42
151.42
151.42
151.42
151.42
151.42
151.42
151.42
151.42
151.42
151.42
151.42
151.42
151.42
151.42
151.42
151.42
151.42
151.42
151.42
151.42
151.42
151.42
151.42
151.42
151.42
151.42
151.42
151.42
151.42
151.42
151.42
151.42
151.42
151.42
151.42
151.42
151.42
151.42
151.42
151.42
151.42
151.42
151.42
151.42
151.42
151.42
151.42
151.42
151.42
151.42
151.42
151.42
151.42
151.42
151.42
151.42
151.42
151.42
151.42
151.42
151.42
151.42
151.42
151.42
151.42
151.42
151.42
151.42
151.42
151.42
151.42
151.42
151.42
151.42
151.42
151.42
151.42
151.42
151.42
151.42
151.42
151.42
151.42
151.42
151.42
151.42
151.42
151.42
151.42
151.42
151.42
151.42
151.42
151.42
151.42
151.42
151.42
151.42
151.42
151.42
151.42
151.42
151.42
151.42
151.42
151.42
151.42
151.42
151.42
151.42
151.42
151.42
151.42
151.42
151.42
151.42
151.42
151.42
151.42
151.42
151.42
151.42
151.42
151.42
151.42
151.42
151.42
151.42
151.42
151.42
151.42
151.42
151.42
151.42
151.42
151.42
151.42
151.42
151.42
151.42
151.42
151.42
151.42
151.42
151.42
151.42
151.42
151.42
151.42
151.42
151.42
151.42
151.42
151.42
151.42
151.42
151.42
151.42
151.42
151.42
151.42
151.42
151.42
151.42
151.42
151.42
151.42
151.42
151.42
151.42
151.42
151.42
151.42
151.42
151.42
151.42
151.42
151.42
151.42
151.42
151.42
151.42
151.42
151.42
151.42
151.42
151.42
151.42
151.42
151.42
151.42
151.42
151.42
151.42
151.42
151.42
151.42
151.42
151.42
151.42
151.42
151.42
151.42
151.42
151.42
151.42
151.42
151.42
151.42
151.42
151.42
151.42
151.42
151.42
151.42
151.42
151.42
151.42
151.42
151.42
151.42
151.42
151.42
151.42
151.42
151.42
151.42
151.42
151.42
151.42
151.42
151.42
151.42
151.42
151.42
151.42
151.42
151.42
151.42
151.42
151.42
151.42
151.42
151.42
151.42
151.42
151.42
151.42
151.42
151.42
151.42
151.42
151.42
151.42
151.42
151.42
151.42
151.42
151.42
151.42
151.42
151.42
151.42
151.42
151.42
151.42
151.42
151.42
151.42
151.42
151.42
151.42
151.42
151.42
151.42
151.42
151.42
151.42
151.42
151.42
151.42
151.42
151.42
151.42
151.42
151.42
151.42
151.42
151.42
151.42
151.42
151.42
151.42
151.42
151.42
151.42
151.42
151.42
151.42
151.42
151.42
151.42
151.42
151.42
151.42
151.42
151.42
151.42
151.42
151.42
151.42
151.42
151.42
151.42
151.42
151.42
151.42
151.42
151.42
151.42
151.42
151.42
151.42
151.42
151.42
151.42
151.42
151.42
151.42
151.42
151.42
151.42
151.42
151.42
151.42
151.42
151.42
151.42
151.42
151.42
151.42
151.42
151.42
151.42
151.42
151.42
151.42
151.42
151.42
151.42
151.42
151.42
151.42
151.42
151.42
151.42
151.42
151.42
151.42
151.42
151.42
151.42
151.42
151.42
151.42
151.42
151.42
151.42
151.42
151.42
151.42
151.42
151.42
151.42
151.42
151.42
151.42
151.42
151.42
151.42
151.42
151.42
151.42
151.42
151.42
151.42
151.42
151.42
151.42
151.42
151.42
151.42
151.42
151.42
151.42
151.42
151.42
151.42
151.42
151.42
151.42
151.42
151.42
151.42
151.42
151.42
151.42
150.666
150.666
150.666
150.666
150.666
150.666
150.666
150.666
150.666
150.666
150.666
150.666
150.666
147.918
147.918
147.918
137.174
132.665
132.665
132.665
132.665
132.665
132.665
132.665
132.665
132.665
122.681
122.681
114.102
103.001
102.485
102.485
102.485
102.485
102.485
89.4511
89.4511
89.4511
89.4511
89.4511
89.4511
89.4511
89.4511
89.4511
89.4511
89.4511
89.4511
89.4511
89.4511
89.4511
89.4511
80.8681
80.8681
80.8681
80.8681
80.8681
80.8681
80.8681
72.3219
57.8499
57.8499
57.4742
57.4742
57.4742
57.4742
57.4742
57.4742
57.4742
57.4742
57.4742
57.4742
57.4742
57.4742
57.4742
57.4742
57.4742
47.3184
47.3184
47.3184
47.3184
47.3184
43.9409
43.9409
42.7315
42.7315
42.7315
42.7315
42.7315
38.1786
38.1786
38.1786
38.1786
38.1786
38.1786
38.1786
38.1786
38.1786
38.1786
38.1786
38.1786
38.1786
38.1786
38.1786
38.1786
36.7268
36.7268
36.7268
36.7268
36.7268
36.7268
36.7268
36.7268
36.7268
36.7268
35.564
35.3801
34.0724
34.0724
33.6328
33.6328
33.6328
33.5724
33.2773
31.9206
31.3029
30.1416
29.3624
28.911
27.161
26.3988
24.8688
24.6604
24.3549
24.0277
24.0277
23.9619
23.9619
23.7833
23.6294
23.6294
23.2256
23.2256
23.1686
23.0702
23.0702
22.8972
22.834
22.6699
22.2687
22.2396
21.6648
21.6648
21.642
21.3086
21.1521
21.0813
20.9727
20.8006
20.7205
20.7025
20.6723
20.6723
20.638
20.638
20.638
20.638
20.638
20.5981
20.5981
20.5981
20.5981
20.5981
20.5981
20.5397
20.5397
20.5397
20.5397
20.5191
20.5191
20.5145
20.5145
20.5145
20.5145
20.5145
20.5145
20.5145
20.5024
20.5024
20.4732
20.4732
20.4732
20.4732
20.4732
20.4732
20.4732
20.4732
20.4732
20.4732
20.4732
20.4732
20.4732
20.4727
20.4727
20.4664
20.4653
20.4589
20.4568
20.4531
20.4485
20.4485
20.4421
20.4395
20.4348
20.432
20.427
20.4203
20.4181
20.4128
20.4099
20.4057
20.4021
20.3994
20.3994
20.3994
20.3994
20.3994
20.3994
20.3994
20.3994
20.3994
20.3994
20.3994
20.3994
20.3994
20.3994
20.3994
20.3994
20.3994
20.3994
20.3994
20.3994
20.3994
20.3994
20.3994
20.3994
20.3994
20.3994
20.3994
20.3994
20.3994
20.3994
20.3994
20.3994
20.3994
20.3994
20.3994
20.3994
20.3994
20.3994
20.3994
20.3994
20.3994
20.3994
20.3994
20.3994
20.3994
20.3994
20.3994
20.3994
20.3994
20.3994
20.3994
20.3994
20.3994
20.3994
20.3994
20.3994
20.3994
20.3994
20.3994
20.3994
20.3994
20.3994
20.3994
20.3994
20.3994
20.3994
20.3994
20.3994
20.3994
20.3994
20.3994
20.3994
20.3994
20.3994
20.3994
20.3994
20.3994
20.3994
20.3994
20.3994
20.3994
20.3994
20.3994
20.3994
20.3994
20.3994
20.3994
20.3994
20.3994
20.3994
20.3994
20.3994
20.3994
20.3994
20.3994
20.3994
20.3994
20.3994
20.3994
20.3994
20.3994
20.3994
20.3994
20.3994
20.3994
20.3994
20.3994
20.3994
20.3994
20.3994
20.3994
20.3994
20.3994
20.3994
20.3994
20.3994
20.3994
20.3994
20.3994
20.3994
20.3994
20.3994
20.3994
20.3994
20.3994
20.3994
20.3994
20.3994
20.3994
20.3994
20.3994
20.3994
20.3994
20.3994
20.3994
20.3994
20.3994
20.3994
20.3994
20.3994
20.3994
20.3994
20.3994
20.3994
20.3994
20.3994
20.3994
20.3994
20.3994
20.3994
20.3994
20.3994
20.3994
20.3994
20.3994
20.3994
20.3994
20.3994
20.3994
20.3994
20.3994
20.3994
20.3994
20.3994
20.3994
20.3994
20.3994
20.3994
20.3994
20.3994
20.3994
20.3994
20.3994
20.3994
20.3994
20.3994
20.3994
20.3994
20.3994
20.3994
20.3994
20.3994
20.3994
20.3994
20.3994
20.3994
20.3994
20.3994
20.3994
20.3994
20.3994
20.3994
20.3994
20.3994
20.3994
20.3994
20.3994
20.3994
20.3994
20.3994
20.3994
20.3994
20.3994
20.3994
20.3994
20.3994
20.3994
20.3994
20.3994
20.3994
20.3994
20.3994
20.3994
20.3994
20.3994
20.3994
20.3994
20.3994
20.3994
20.3994
20.3994
20.3994
20.3994
20.3994
20.3994
20.3994
20.3994
20.3994
20.3994
20.3994
20.3994
20.3994
20.3994
20.3994
20.3994
20.3994
20.3994
20.3994
20.3994
20.3994
20.3994
20.3994
20.3994
20.3994
20.3994
20.3994
20.3994
20.3994
20.3994
20.3994
20.3994
20.3994
20.3994
20.3994
20.3994
20.3994
20.3994
20.3994
20.3994
20.3994
20.3994
20.3994
20.3994
20.3994
20.3994
20.3994
20.3994
20.3994
20.3994
20.3994
20.3994
20.3994
20.3994
20.3994
20.3994
20.3994
20.3994
20.3994
20.3994
20.3994
20.3994
20.3994
20.3994
20.3994
20.3994
20.3994
20.3994
20.3994
20.3994
20.3994
20.3994
20.3994
20.3994
20.3994
20.3994
20.3994
20.3994
20.3994
20.3994
20.3994
20.3994
20.3994
20.3994
20.3994
20.3994
20.3994
20.3994
20.3994
20.3994
20.3994
20.3994
20.3994
20.3994
20.3994
20.3994
20.3994
20.3994
20.3994
20.3994
20.3994
20.3994
20.3994
20.3994
20.3994
20.3994
20.3994
20.3994
20.3994
20.3994
20.3994
20.3994
20.3994
20.3994
20.3994
20.3994
20.3994
20.3994
20.3994
20.3994
20.3994
20.3994
20.3994
20.3994
20.3994
20.3994
20.3994
20.3994
20.3994
20.3994
20.3994
20.3994
20.3994
20.3994
20.3994
20.3994
20.3994
20.3994
20.3994
20.3994
20.3994
20.3994
20.3994
20.3994
20.3994
20.3994
20.3994
20.3994
20.3994
20.3994
20.3994
20.3994
20.3994
20.3994
20.3994
20.3994
20.3994
20.3994
20.3994
20.3994
20.3994
20.3994
20.3994
20.3994
20.3994
20.3994
20.3994
20.3994
20.3994
20.3994
20.3994
20.3994
20.3994
20.3994
20.3994
20.3994
20.3994
20.3994
20.3994
20.3994
20.3994
20.3994
20.3994
20.3994
20.3994
20.3994
20.3994
20.3994
20.3994
20.3994
20.3994
20.3994
20.3994
20.3994
20.3994
20.3994
20.3994
20.3994
20.3994
20.3994
20.3994
20.3994
20.3994
20.3994
20.3994
20.3994
20.3994
20.3994
20.3994
20.3994
20.3994
20.3994
20.3994
20.3994
20.3994
20.3994
20.3994
20.3994
20.3994
20.3994
20.3994
20.3994
20.3994
20.3994
20.3994
20.3994
20.3994
20.3994
20.3994
20.3994
20.3994
20.3994
20.3994
20.3994
20.3994
20.3994
20.3994
20.3994
20.3994
20.3994
20.3994
20.3994
20.3994
20.3994
20.3994
20.3994
20.3994
20.3994
20.3994
20.3994
20.3994
20.3994
20.3994
20.3994
20.3994
20.3994
20.3994
20.3994
20.3994
20.3994
20.3994
20.3994
20.3994
20.3994
20.3994
20.3994
20.3994
20.3994
20.3994
20.3994
20.3994
20.3994
20.3994
20.3994
20.3994
20.3994
20.3994
20.3994
20.3994
20.3994
20.3994
20.3994
20.3994
20.3994
20.3994
20.3994
20.3994
20.3994
20.3994
20.3994
20.3994
20.3994
20.3994
20.3994
20.3994
20.3994
20.3994
20.3994
20.3994
20.3994
20.3994
20.3994
20.3994
20.3994
20.3994
20.3994
20.3994
20.3994
20.3994
20.3994
20.3994
20.3994
20.3994
20.3994
20.3994
20.3994
20.3994
20.3994
20.3994
20.3994
20.3994
20.3994
20.3994
20.3994
20.3994
20.3994
20.3994
20.3994
20.3994
20.3994
20.3994
20.3994
20.3994
20.3994
20.3994
20.3994
20.3994
20.3994
20.3994
20.3994
20.3994
20.3994
20.3994
20.3994
20.3994
20.3994
20.3994
20.3994
20.3994
20.3994
20.3994
20.3994
20.3994
20.3994
20.3994
20.3994
20.3994
20.3994
20.3994
20.3994
20.3994
20.3994
20.3994
20.3994
20.3994
20.3994
20.3994
20.3994
20.3994
20.3994
20.3994
20.3994
20.3994
20.3994
20.3994
20.3994
20.3994
20.3994
20.3994
20.3994
20.3994
20.3994
20.3994
20.3994
20.3994
20.3994
20.3994
20.3994
20.3994
20.3994
20.3994
20.3994
20.3994
20.3994
20.3994
20.3994
20.3994
20.3994
20.3994
20.3994
20.3994
20.3994
20.3994
20.3994
20.3994
20.3994
20.3994
20.3994
20.3994
20.3994
20.3994
20.3994
20.3994
20.3994
20.3994
20.3994
20.3994
20.3994
20.3994
20.3994
20.3994
20.3994
20.3994
20.3994
20.3994
20.3994
20.3994
20.3994
20.3994
20.3994
20.3994
20.3994
20.3994
20.3994
20.3994
20.3994
20.3994
20.3994
20.3994
20.3994
20.3994
20.3994
20.3994
20.3994
20.3994
20.3994
20.3994
20.3994
20.3994
20.3994
20.3994
20.3994
20.3994
20.3994
20.3994
20.3994
20.3994
20.3994
20.3994
20.3994
20.3994
20.3994
20.3994
20.3994
20.3994
20.3994
20.3994
20.3994
20.3994
20.3994
20.3994
20.3994
20.3994
20.3994
20.3994
20.3994
20.3994
20.3994
20.3994
20.3994
20.3994
20.3994
20.3994
20.3994
20.3994
20.3994
20.3994
20.3994
20.3994
20.3994
20.3994
20.3994
20.3994
20.3994
20.3994
20.3994
20.3994
20.3994
20.3994
20.3994
20.3994
20.3994
20.3994
20.3994
20.3994
20.3994
20.3994
20.3994
20.3994
20.3994
20.3994
20.3994
20.3994
20.3994
20.3994
20.3994
20.3994
20.3994
20.3994
20.3994
20.3994
20.3994
20.3994
20.3994
20.3994
20.3994
20.3994
20.3994
20.3994
20.3994
20.3994
20.3994
20.3994
20.3994
20.3994
20.3994
20.3994
20.3994
20.3994
20.3994
20.3994
20.3994
20.3994
20.3994
20.3994
20.3994
20.3994
20.3994
20.3994
20.3994
20.3994
20.3994
20.3994
20.3994
20.3994
20.3994
20.3994
20.3994
20.3994
20.3994
20.3994
20.3994
20.3994
20.3994
20.3994
20.3994
20.3994
20.3994
20.3994
20.3994
20.3994
20.3994
20.3994
20.3994
20.3994
20.3994
20.3994
20.3994
20.3994
20.3994
20.3994
20.3994
20.3994
20.3994
20.3994
20.3994
20.3994
20.3994
20.3994
20.3994
20.3994
20.3994
20.3994
20.3994
20.3994
20.3994
20.3994
20.3994
20.3994
20.3994
20.3994
20.3994
20.3994
20.3994
20.3994
20.3994
20.3994
20.3994
20.3994
20.3994
20.3994
20.3994
20.3994
20.3994
20.3994
20.3994
20.3994
20.3994
20.3994
20.3994
20.3994
20.3994
20.3994
20.3994
20.3994
20.3994
20.3994
20.3994
20.3994
20.3994
20.3994
20.3994
20.3994
20.3994
20.3994
20.3994
20.3994
20.3994
20.3994
20.3994
20.3994
20.3994
20.3994
20.3994
20.3994
20.3994
20.3994
20.3994
20.3994
20.3994
20.3994
20.3994
20.3994
20.3994
20.3994
20.3994
20.3994
20.3994
20.3994
20.3994
20.3994
20.3994
20.3994
20.3994
20.3994
20.3994
20.3994
20.3994
20.3994
20.3994
20.3994
20.3994
20.3994
20.3994
20.3994
20.3994
20.3994
20.3994
20.3994
20.3994
20.3994
20.3994
20.3994
20.3994
20.3994
20.3994
20.3994
20.3994
20.3994
20.3994
20.3994
20.3994
20.3994
20.3994
20.3994
20.3994
20.3994
20.3994
20.3994
20.3994
20.3994
20.3994
20.3994
20.3994
20.3994
20.3994
20.3994
20.3994
20.3994
20.3994
20.3994
20.3994
20.3994
20.3994
20.3994
20.3994
20.3994
20.3994
20.3994
20.3994
20.3994
20.3994
20.3994
20.3994
20.3994
20.3994
20.3994
20.3994
20.3994
20.3994
20.3994
20.3994
20.3994
20.3994
20.3994
20.3994
20.3994
20.3994
20.3994
20.3994
20.3994
20.3994
20.3994
20.3994
20.3994
20.3994
20.3994
20.3994
20.3994
20.3994
20.3994
20.3994
20.3994
20.3994
20.3994
20.3994
20.3994
20.3994
20.3994
20.3994
20.3994
20.3994
20.3994
20.3994
20.3994
20.3994
20.3994
20.3994
20.3994
20.3994
20.3994
20.3994
20.3994
20.3994
20.3994
20.3994
20.3994
20.3994
20.3994
20.3994
20.3994
20.3994
20.3994
20.3994
20.3994
20.3994
20.3994
20.3994
20.3994
20.3994
20.3994
20.3994
20.3994
20.3994
20.3994
20.3994
20.3994
20.3994
20.3994
20.3994
20.3994
20.3994
20.3994
20.3994
20.3994
20.3994
20.3994
20.3994
20.3994
20.3994
20.3994
20.3994
20.3566
20.1309
19.9499
19.6563
19.4037
18.9843
18.7334
18.5429
18.2521
17.9409
17.6577
17.5065
17.2761
17.1879
16.9406
16.7695
16.6129
16.495
16.3293
16.2042
16.035
15.9668
15.8805
15.7399
15.5819
15.5302
15.4274
15.347
15.2593
15.2051
15.1039
15.0523
14.9805
14.9074
14.8475
14.7491
14.689
14.6459
14.5821
14.5129
14.4408
14.4052
14.378
14.3435
14.3185
14.2732
14.2497
14.2214
14.1987
14.17
14.1652
14.1533
14.1399
14.1235
14.1054
14.0846
14.0807
14.0635
14.0587
14.0512
14.0385
14.0312
14.023
14.023
14.019
14.0174
14.0143
14.0114
14.0088
14.0063
14.0045
14.0026
14.0004
14.0002
13.9988
13.995
13.9936
13.9936
13.9936
13.9936
13.9936
13.9936
13.9936
13.9936
13.9936
13.9936
13.9936
13.9936
13.9936
13.9936
13.9936
13.9936
13.9936
13.9936
13.9936
13.9936
13.9936
13.9936
13.9936
13.9936
13.9936
13.9936
13.9936
13.9936
13.9936
13.9936
13.9936
13.9936
13.9936
13.9936
13.9936
13.9936
13.9936
13.9936
13.9936
13.9936
13.9936
13.9936
13.9936
13.9936
13.9936
13.9936
13.9936
13.9936
13.9936
13.9936
13.9936
13.9936
13.9936
13.9936
13.9936
13.9936
13.9936
13.9936
13.9936
13.9936
13.9936
13.9936
13.9936
13.9936
13.9936
13.9936
13.9936
13.9936
13.9936
13.9936
13.9936
13.9936
13.9936
13.9936
13.9936
13.9936
13.9936
13.9936
13.9936
13.9936
13.9936
13.9936
13.9936
13.9936
13.9936
13.9936
13.9936
13.9936
13.9936
13.9936
13.9936
13.9936
13.9936
13.9936
13.9936
13.9936
13.9936
13.9936
13.9936
13.9936
13.9936
13.9936
13.9936
13.9936
13.9936
13.9936
13.9936
13.9936
13.9936
13.9936
13.9936
13.9936
13.9936
13.9936
13.9936
13.9936
13.9936
13.9936
13.9936
13.9936
13.9936
13.9936
13.9936
13.9936
13.9936
13.9936
13.9936
13.9936
13.9936
13.9936
13.9936
13.9936
13.9936
13.9936
13.9936
13.9936
13.9936
13.9936
13.9936
13.9936
13.9936
13.9936
13.9936
13.9936
13.9936
13.9936
13.9936
13.9936
13.9936
13.9936
13.9936
13.9936
13.9936
13.9936
13.9936
13.9936
13.9936
13.9936
13.9936
13.9936
13.9936
13.9936
13.9936
13.9936
13.9936
13.9936
13.9936
13.9936
13.9936
13.9936
13.9936
13.9936
13.9936
13.9936
13.9936
13.9936
13.9936
13.9936
13.9936
13.9936
13.9936
13.9936
13.9936
13.9936
13.9936
13.9936
13.9936
13.9936
13.9936
13.9936
13.9936
13.9936
13.9936
13.9936
13.9936
13.9936
13.9936
13.9936
13.9936
13.9936
13.9936
13.9936
13.9936
13.9936
13.9936
13.9936
13.9936
13.9936
13.9936
13.9936
13.9936
13.9936
13.9936
13.9936
13.9936
13.9936
13.9936
13.9936
13.9936
13.9936
13.9936
13.9936
13.9936
13.9936
13.9936
13.9936
13.9936
13.9936
13.9936
13.9936
13.9936
13.9936
13.9936
13.9936
13.9936
13.9936
13.9936
13.9936
13.9936
13.9936
13.9936
13.9936
13.9936
13.9936
13.9936
13.9936
13.9936
13.9936
13.9936
13.9936
13.9936
13.9936
13.9936
13.9936
13.9936
13.9936
13.9936
13.9936
13.9936
13.9936
13.9936
13.9936
13.9936
13.9936
13.9936
13.9936
13.9936
13.9936
13.9936
13.9936
13.9936
13.9936
13.9936
13.9936
13.9936
13.9936
13.9936
13.9936
13.9936
13.9936
13.9936
13.9936
13.9936
13.9936
13.9936
13.9936
13.9936
13.9936
13.9936
13.9936
13.9936
13.9936
13.9936
13.9936
13.9936
13.9936
13.9936
13.9936
13.9936
13.9936
13.9936
13.9936
13.9936
13.9936
13.9936
13.9936
13.9936
13.9936
13.9936
13.9936
13.9936
13.9936
13.9936
13.9936
13.9936
13.9936
13.9936
13.9936
13.9936
13.9936
13.9936
13.9936
13.9936
13.9936
13.9936
13.9936
13.9936
13.9936
13.9936
13.9936
13.9936
13.9936
13.9936
13.9936
13.9936
13.9936
13.9936
13.9936
13.9936
13.9936
13.9936
13.9936
13.9936
13.9936
13.9936
13.9936
13.9936
13.9936
13.9936
13.9936
13.9936
13.9936
13.9936
13.9936
13.9936
13.9936
13.9936
13.9936
13.9936
13.9936
13.9936
13.9936
13.9936
13.9936
13.9936
13.9936
13.9936
13.9936
13.9936
13.9936
13.9936
13.9936
13.9936
13.9936
13.9936
13.9936
13.9936
13.9936
13.9936
13.9936
13.9936
13.9936
13.9936
13.9936
13.9936
13.9936
13.9936
13.9936
13.9936
13.9936
13.9936
13.9936
13.9936
13.9936
13.9936
13.9936
13.9936
13.9936
13.9936
13.9936
13.9936
13.9936
13.9936
13.9936
13.9936
13.9936
13.9936
13.9936
13.9936
13.9936
13.9936
13.9936
13.9936
13.9936
13.9936
13.9936
13.9936
13.9936
13.9936
13.9936
13.9936
13.9936
13.9936
13.9936
13.9936
13.9936
13.9936
13.9936
13.9936
13.9936
13.9936
13.9936
13.9936
13.9936
13.9936
13.9936
13.9936
13.9936
13.9936
13.9936
13.9936
13.9936
13.9936
13.9936
13.9936
13.9936
13.9936
13.9936
13.9936
13.9936
13.9936
13.9936
13.9936
13.9936
13.9936
13.9936
13.9936
13.9936
13.9936
13.9936
13.9936
13.9936
13.9936
13.9936
13.9936
13.9936
13.9936
13.9936
13.9936
13.9936
13.9936
13.9936
13.9936
13.9936
13.9936
13.9936
13.9936
13.9936
13.9936
13.9936
13.9936
13.9936
13.9936
13.9936
13.9936
13.9936
13.9936
13.9936
13.9936
13.9936
13.9936
13.9936
13.9936
13.9936
13.9936
13.9936
13.9936
13.9936
13.9936
13.9936
13.9936
13.9936
13.9936
13.9936
13.9936
13.9936
13.9936
13.9936
13.9936
13.9936
13.9936
13.9936
13.9936
13.9936
13.9936
13.9936
13.9936
13.9936
13.9936
13.9936
13.9936
13.9936
13.9936
13.9936
13.9936
13.9936
13.9936
13.9936
13.9936
13.9936
13.9936
13.9936
13.9936
13.9936
13.9936
13.9936
13.9936
13.9936
13.9936
13.9936
13.9936
13.9936
13.9936
13.9936
13.9936
13.9936
13.9936
13.9936
13.9936
13.9936
13.9936
13.9936
13.9936
13.9936
13.9936
13.9936
13.9936
13.9936
13.9936
13.9936
13.9936
13.9936
13.9936
13.9936
13.9936
13.9936
13.9936
13.9936
13.9936
13.9936
13.9936
13.9936
13.9936
13.9936
13.9936
13.9936
13.9936
13.9936
13.9936
13.9936
13.9936
13.9936
13.9936
13.9936
13.9936
13.9936
13.9936
13.9936
13.9936
13.9936
13.9936
13.9936
13.9936
13.9936
13.9936
13.9936
13.9936
13.9936
13.9936
13.9936
13.9936
13.9936
13.9936
13.9936
13.9936
13.9936
13.9936
13.9936
13.9936
13.9936
13.9936
13.9936
13.9936
13.9936
13.9936
13.9936
13.9936
13.9936
13.9936
13.9936
13.9936
13.9936
13.9936
13.9936
13.9936
13.9936
13.9936
13.9936
13.9936
13.9936
13.9936
13.9936
13.9936
13.9936
13.9936
13.9936
13.9936
13.9936
13.9936
13.9936
13.9936
13.9936
13.9936
13.9936
13.9936
13.9936
13.9936
13.9936
13.9936
13.9936
13.9936
13.9936
13.9936
13.9936
13.9936
13.9936
13.9936
13.9936
13.9936
13.9936
13.9936
13.9936
13.9936
13.9936
13.9936
13.9936
13.9936
13.9936
13.9936
13.9936
13.9936
13.9936
13.9936
13.9936
13.9936
13.9936
13.9936
13.9936
13.9936
13.9936
13.9936
13.9936
13.9936
13.9936
13.9936
13.9936
13.9936
13.9936
13.9936
13.9936
13.9936
13.9936
13.9936
13.9936
13.9936
13.9936
13.9936
13.9936
13.9936
13.9936
13.9936
13.9936
13.9936
13.9936
13.9936
13.9936
13.9936
13.9936
13.9936
13.9936
13.9936
13.9936
13.9936
13.9936
13.9936
13.9936
13.9936
13.9936
13.9936
13.9936
13.9936
13.9936
13.9936
13.9936
13.9936
13.9936
13.9936
13.9936
13.9936
13.9936
