7.30748e+06
7.30748e+06
7.30748e+06
7.30748e+06
7.30748e+06
7.30748e+06
7.30748e+06
5.10601e+06
4.91831e+06
254252
254252
254252
254252
254252
254252
254252
254252
254252
254252
183116
183116
183116
183116
183116
183116
183116
183116
183116
183116
183116
183116
183116
183116
183116
183116
183116
183116
183116
183116
183116
183116
183116
183116
183116
183116
183116
183116
183116
183116
183116
183116
183116
183116
183116
183116
183116
183116
183116
183116
183116
142628
142628
142628
111845
84938
84938
82881.3
75575.1
52851.8
36192.8
36192.8
36192.8
36192.8
28078.8
16726.9
11997.5
7203.75
6254.19
4927.81
1596.66
707.132
330.338
330.338
303.273
303.273
303.273
303.273
303.273
303.273
303.273
281.539
257.221
239.25
239.25
238.91
209.669
209.669
209.669
209.669
209.669
209.669
209.669
209.669
209.669
209.669
209.669
209.669
209.669
209.669
209.669
209.669
209.669
209.669
191.472
191.472
191.472
191.472
191.472
191.472
191.472
191.472
191.472
191.472
191.472
191.472
191.472
191.472
191.472
191.472
191.472
191.472
191.472
191.472
191.472
191.472
191.472
191.472
191.472
191.472
191.472
181.871
181.871
181.871
181.871
181.871
181.871
181.871
181.871
181.871
181.871
174.391
174.391
174.391
174.391
174.391
174.391
174.391
174.391
174.391
174.391
174.391
174.391
174.391
174.391
174.391
174.391
174.391
174.391
174.391
174.391
174.391
174.391
174.391
174.391
174.391
174.391
174.391
174.391
174.391
174.391
174.391
174.391
174.391
174.391
174.391
174.391
174.391
174.391
174.391
174.391
174.391
174.391
174.391
174.391
174.391
174.391
174.391
174.391
174.391
174.391
174.391
174.391
174.391
174.391
174.391
174.391
174.391
174.391
174.391
174.391
174.391
174.391
174.391
174.391
174.391
174.391
174.391
174.391
174.391
174.391
174.391
174.391
174.391
174.391
174.391
174.391
174.391
174.391
174.391
174.391
174.391
174.391
174.391
174.391
174.391
174.391
174.391
174.391
174.391
174.391
174.391
174.391
174.391
174.391
174.391
174.391
174.391
174.391
174.391
174.391
174.391
174.391
174.391
174.391
174.391
174.391
174.391
174.391
174.391
174.391
174.391
174.391
174.391
174.391
174.391
174.391
174.391
174.391
174.391
174.391
174.391
174.391
174.391
174.391
174.391
174.391
174.391
174.391
174.391
174.391
174.391
174.391
174.391
174.391
174.391
174.391
174.391
174.391
174.391
174.391
174.391
174.391
174.391
174.391
174.391
174.391
174.391
174.391
174.391
174.391
174.391
174.391
174.391
174.391
174.391
174.391
174.391
174.391
174.391
174.391
174.391
174.391
174.391
174.391
174.391
174.391
174.391
174.391
174.391
174.391
174.391
174.391
174.391
174.391
174.391
174.391
174.391
174.391
174.391
174.391
174.391
174.391
174.391
174.391
174.391
174.391
174.391
174.391
174.391
174.391
174.391
174.391
174.391
174.391
174.391
174.391
174.391
174.391
174.391
174.391
174.391
174.391
174.391
174.391
174.391
174.391
174.391
174.391
174.391
174.391
174.391
174.391
174.391
174.391
174.391
174.391
174.391
174.391
174.391
174.391
174.391
174.391
174.391
174.391
174.391
174.391
174.391
174.391
174.391
174.391
174.391
174.391
174.391
174.391
174.391
174.391
174.391
174.391
174.391
174.391
174.391
174.391
174.391
174.391
174.391
174.391
174.391
174.391
174.391
174.391
174.391
174.391
174.391
174.391
174.391
174.391
174.391
174.391
174.391
174.391
174.391
174.391
174.391
174.391
174.391
174.391
174.391
174.391
174.391
174.391
174.391
174.391
174.391
174.391
174.391
174.391
174.391
174.391
174.391
174.391
174.391
174.391
174.391
174.391
174.391
174.391
174.391
174.391
174.391
174.391
174.391
174.391
174.391
174.391
174.391
174.391
174.391
174.391
174.391
174.391
174.391
174.391
174.391
174.391
174.391
174.391
174.391
174.391
174.391
174.391
174.391
174.391
174.391
174.391
174.391
174.391
174.391
174.391
174.391
174.391
174.391
174.391
174.391
174.391
174.391
174.391
174.391
174.391
174.391
174.391
174.391
174.391
174.391
174.391
174.391
174.391
174.391
174.391
174.391
174.391
174.391
174.391
174.391
174.391
174.391
174.391
174.391
174.391
174.391
174.391
174.391
174.391
174.391
174.391
174.391
174.391
174.391
174.391
174.391
174.391
174.391
174.391
174.391
174.391
174.391
174.391
174.391
174.391
174.391
174.391
174.391
174.391
174.391
174.391
174.391
174.391
174.391
174.391
174.391
174.391
174.391
174.391
174.391
174.391
174.391
174.391
174.391
174.391
174.391
174.391
174.391
174.391
174.391
174.391
174.391
174.391
174.391
174.391
174.391
174.391
174.391
174.391
174.391
174.391
174.391
174.391
174.391
174.391
174.391
174.391
174.391
174.391
174.391
174.391
174.391
174.391
174.391
174.391
174.391
174.391
174.391
174.391
174.391
174.391
174.391
174.391
174.391
174.391
174.391
174.391
174.391
174.391
174.391
174.391
174.391
174.391
174.391
174.391
174.391
174.391
174.391
174.391
174.391
174.391
173.955
173.955
173.955
173.955
173.955
173.955
173.955
173.955
173.955
173.955
173.955
173.955
173.955
173.955
173.955
173.955
173.955
173.955
173.955
173.955
173.955
173.955
173.955
173.955
173.955
173.955
173.955
173.955
173.955
173.955
173.955
173.955
173.955
173.955
173.955
173.955
173.955
173.955
173.955
173.955
173.955
173.955
173.955
173.955
173.955
173.955
173.955
173.955
173.955
173.955
173.955
173.955
173.955
173.955
173.955
173.955
173.955
173.955
173.955
173.955
173.955
173.955
173.955
173.955
173.955
173.955
173.955
173.955
173.955
173.955
173.955
173.955
173.955
173.955
173.955
173.955
173.955
173.955
173.955
173.955
173.955
173.955
173.955
173.955
173.955
173.955
173.955
173.955
173.955
173.955
173.955
173.955
173.955
173.955
173.955
173.955
173.955
173.955
173.955
173.955
173.955
173.955
173.955
173.955
173.955
173.955
173.955
173.955
173.955
173.955
173.955
173.955
173.955
170.471
170.471
170.471
170.471
170.471
170.471
170.471
170.471
170.471
170.471
170.471
170.471
170.471
170.471
169.394
169.394
169.394
169.394
169.394
169.394
169.394
169.394
169.394
169.394
169.394
169.394
169.394
169.394
169.394
169.394
169.394
169.394
169.394
169.394
169.394
169.394
169.394
169.394
169.394
169.394
169.394
169.394
169.394
169.394
169.394
169.394
169.394
169.394
169.394
169.394
169.394
169.394
169.394
169.394
169.394
169.394
169.394
169.394
169.394
169.394
169.394
169.394
169.394
169.394
169.394
169.394
169.394
169.394
169.394
169.394
169.394
169.394
169.394
169.394
169.394
169.394
169.394
169.394
169.394
169.394
169.394
169.394
169.394
169.394
169.394
169.394
169.394
169.394
169.394
169.394
169.394
169.394
169.394
169.394
169.394
169.394
169.394
169.394
169.394
169.394
169.394
169.394
169.394
169.394
169.394
169.394
169.394
169.394
169.394
169.394
169.394
169.394
169.394
169.394
169.394
169.394
169.394
169.394
169.394
169.394
169.394
169.394
169.394
169.394
169.394
169.394
169.394
169.394
169.394
169.394
169.394
169.394
169.394
169.394
169.394
169.394
169.394
169.394
169.394
169.394
169.394
169.394
169.394
169.394
169.394
169.394
169.394
169.394
169.394
169.394
166.877
166.877
166.877
166.877
166.877
166.877
166.877
166.877
166.877
166.877
166.877
166.877
166.877
166.877
166.877
166.877
166.877
166.877
166.877
166.877
166.877
166.877
166.877
166.877
166.877
166.877
166.877
166.877
166.877
166.877
166.877
166.877
166.877
166.877
166.877
166.877
166.877
166.877
166.877
166.877
166.877
166.877
166.877
166.877
166.877
166.877
166.877
166.877
166.877
166.877
166.877
166.877
166.877
166.877
166.877
166.877
166.877
166.877
166.877
166.877
166.877
166.877
166.877
166.877
166.877
166.877
166.877
166.877
166.877
166.877
166.877
166.877
166.877
166.877
166.877
166.877
166.877
166.877
166.877
166.877
166.877
166.877
166.877
166.877
166.877
166.877
166.877
166.877
166.877
166.877
166.877
166.877
166.877
166.877
166.877
166.877
166.877
166.877
166.877
166.877
166.877
166.877
166.877
166.877
166.877
166.877
166.877
166.877
166.877
166.877
166.877
166.877
166.877
166.877
166.877
166.877
166.877
166.877
166.877
166.877
166.877
166.877
166.877
166.877
166.877
166.877
166.877
166.877
166.877
166.877
166.877
166.877
166.877
166.877
166.877
166.877
166.877
166.877
166.877
166.877
166.877
166.877
166.877
166.877
166.877
166.877
166.877
166.877
166.877
166.877
166.877
166.877
166.877
166.877
166.877
166.877
166.877
166.877
166.877
166.877
166.877
166.877
166.877
166.877
166.877
166.877
166.877
166.877
166.877
166.877
166.877
166.877
166.877
166.877
166.877
166.877
166.877
166.877
166.877
166.877
166.877
166.877
166.877
166.877
166.877
166.877
166.877
166.877
166.877
166.877
166.877
166.877
166.877
166.877
166.877
166.877
166.877
166.877
166.877
166.877
166.877
166.877
166.877
166.877
166.877
166.877
166.877
166.877
166.877
166.877
166.877
166.877
166.877
166.877
166.877
166.877
166.877
166.877
166.877
166.877
166.877
166.877
166.877
166.877
166.877
166.877
166.877
166.877
166.877
166.877
166.877
166.877
166.877
166.877
166.877
166.877
166.877
166.877
166.877
166.877
166.877
166.877
166.877
166.877
166.877
166.877
166.877
166.877
166.877
166.877
166.877
166.877
166.877
166.877
166.877
166.877
166.877
166.877
166.877
166.877
166.877
166.877
166.877
166.877
166.877
166.877
166.877
166.877
166.877
166.877
166.877
166.877
166.877
166.877
166.877
166.877
166.877
166.877
166.877
166.877
166.877
166.877
166.877
166.877
166.877
166.877
166.877
166.877
166.877
166.877
166.877
166.877
166.877
166.877
166.877
166.877
166.877
166.877
166.877
166.877
166.877
166.877
166.877
166.877
166.877
166.877
166.877
166.877
166.877
166.877
166.877
166.877
166.877
166.877
166.877
166.877
166.877
166.877
166.877
166.877
166.877
166.877
166.877
166.877
166.877
166.877
166.877
166.877
166.877
166.877
166.877
166.877
166.877
166.877
166.877
166.877
166.877
166.877
166.877
166.877
166.877
166.877
166.877
166.877
166.877
166.877
166.877
166.877
166.877
166.877
166.877
166.877
166.877
166.877
166.877
166.877
166.877
166.877
166.877
166.877
166.877
166.877
166.877
166.877
166.877
166.877
166.877
166.877
166.877
166.877
166.877
166.877
166.877
166.877
166.877
166.877
166.877
166.877
166.877
166.877
166.877
166.877
166.877
166.877
166.877
166.877
166.877
166.877
166.877
166.877
166.877
166.877
166.877
166.877
166.877
166.877
166.877
166.877
166.877
166.877
166.877
166.877
166.877
166.877
166.877
166.877
166.877
166.877
166.877
166.877
166.877
166.877
166.877
166.877
166.877
166.877
166.877
166.877
166.877
166.877
166.877
166.877
166.877
166.877
166.877
166.877
166.877
166.877
166.877
166.877
166.877
166.877
166.877
166.877
166.877
166.877
166.877
166.877
166.877
166.877
166.877
166.877
166.877
166.877
166.877
166.877
166.877
166.877
166.877
166.877
166.877
166.877
166.877
166.877
166.877
166.877
166.877
166.877
166.877
166.877
166.877
166.877
166.877
166.877
166.877
166.877
166.877
166.877
166.877
166.877
166.877
166.877
166.877
166.877
166.877
166.877
166.877
166.877
166.877
166.877
166.877
166.877
166.877
166.877
166.877
166.877
166.877
166.877
166.877
166.877
166.877
166.877
166.877
166.877
166.877
166.877
166.877
166.877
166.877
166.877
166.877
166.877
166.877
166.877
166.877
166.877
166.877
166.877
166.877
166.877
166.877
166.877
166.877
166.877
166.877
166.877
166.877
166.877
166.877
166.877
166.877
166.877
166.877
166.877
166.877
166.877
166.877
166.877
166.877
166.877
166.877
166.877
166.877
166.877
166.877
166.877
166.877
166.877
166.877
166.877
166.877
166.877
166.877
166.877
166.877
166.877
166.877
166.877
166.877
166.877
166.877
166.877
166.877
166.877
166.877
166.877
166.877
166.877
166.877
166.877
166.877
166.877
166.877
166.877
166.877
166.877
166.877
166.877
166.877
166.877
166.877
166.877
166.877
166.877
166.877
166.877
166.877
166.877
166.877
166.877
166.877
166.877
166.877
166.877
166.877
166.877
166.877
166.877
166.877
166.877
166.877
166.877
166.877
166.877
166.877
166.877
166.877
166.877
166.877
166.877
166.877
166.877
166.877
166.877
166.877
166.877
166.877
166.877
166.877
166.877
166.877
166.877
166.877
166.877
166.877
166.877
166.877
166.877
166.877
166.877
166.877
166.877
166.877
166.877
166.877
166.877
166.877
166.877
166.877
166.877
166.877
166.877
166.877
166.877
166.877
166.877
166.877
166.877
166.877
166.877
166.877
166.877
166.877
166.877
166.877
166.877
166.877
166.877
166.877
166.877
166.877
166.877
166.877
166.877
166.877
166.877
166.877
166.877
166.877
166.877
166.877
166.877
166.877
166.877
166.877
166.877
166.877
166.877
166.877
166.877
166.877
166.877
166.877
166.877
166.877
166.877
166.877
166.877
166.877
166.877
166.877
166.877
166.877
166.877
166.877
166.877
166.877
166.877
166.877
166.877
166.877
166.877
166.877
166.877
166.877
166.877
166.877
166.877
166.877
166.877
166.877
166.877
166.877
166.877
166.877
166.877
166.877
166.877
166.877
166.877
166.877
166.877
166.877
166.877
166.877
166.877
166.877
166.877
166.877
166.877
166.877
166.877
166.877
166.877
166.877
166.877
166.877
166.877
166.877
166.877
166.877
166.877
166.877
166.877
166.877
166.877
166.877
166.877
166.877
166.877
166.877
166.877
166.877
166.877
166.877
166.877
166.877
166.877
166.877
166.877
166.877
166.877
166.877
166.877
166.877
166.877
166.877
166.877
166.877
166.877
166.877
166.877
166.877
166.877
166.877
166.877
166.877
166.877
166.877
166.877
166.877
166.877
166.877
166.877
166.877
166.877
166.877
166.877
166.877
166.877
166.877
166.877
166.877
166.877
166.877
166.877
166.877
166.877
166.877
166.877
166.877
166.877
166.877
166.877
166.877
166.877
166.877
166.877
166.877
166.877
166.877
166.877
166.877
166.877
166.877
166.877
166.877
166.877
166.877
166.877
166.877
166.877
166.877
166.877
166.877
166.877
166.877
166.877
166.877
166.877
166.877
166.877
166.877
166.877
166.877
166.877
166.877
166.877
166.877
166.877
166.877
166.877
166.877
166.877
166.877
166.877
166.877
166.877
166.877
166.877
166.877
166.877
166.877
166.877
166.877
166.877
166.877
166.877
166.877
166.877
166.877
166.877
166.877
166.877
166.877
166.877
166.877
166.877
166.877
166.877
166.877
166.877
166.877
166.877
166.877
166.877
166.877
166.877
166.877
166.877
166.877
166.877
166.877
166.877
166.877
166.877
166.877
166.877
166.877
166.877
166.877
166.877
166.877
166.877
166.877
166.877
166.877
166.877
166.877
166.877
166.877
166.877
166.877
166.877
166.877
166.877
166.877
166.877
166.877
166.877
166.877
166.877
166.877
166.877
166.877
166.877
166.877
166.877
166.877
166.877
166.877
166.877
166.877
166.877
166.877
166.877
166.877
166.877
166.877
166.877
166.877
166.877
166.877
166.877
166.877
166.877
166.877
166.877
166.877
166.877
166.877
166.877
166.877
166.877
166.877
166.877
166.877
166.877
166.877
166.877
166.877
166.877
166.877
166.877
166.877
166.877
166.877
166.877
166.877
166.877
166.877
166.877
166.877
166.877
166.877
166.877
166.877
166.877
166.877
166.877
166.877
166.877
166.877
166.877
166.877
166.877
166.877
166.877
166.877
166.877
166.877
166.877
166.877
166.877
166.877
166.877
166.877
166.877
166.877
166.877
166.877
166.877
166.877
166.877
166.877
166.877
166.877
166.877
166.877
166.877
166.877
166.877
166.877
166.877
166.877
166.877
166.877
166.877
166.877
166.877
166.877
166.877
166.877
166.877
166.877
166.877
166.877
166.877
166.877
166.877
166.877
166.877
166.877
166.877
166.877
166.877
166.877
166.877
166.877
166.877
166.877
166.877
166.877
166.877
166.877
166.877
166.877
166.877
166.877
166.877
166.877
166.877
166.877
166.877
166.877
166.877
166.877
166.877
166.877
166.877
166.877
166.877
166.877
166.877
166.877
166.877
166.877
166.877
166.877
166.877
166.877
166.877
166.877
166.877
166.877
166.877
166.877
166.877
166.877
166.877
166.877
166.877
166.877
166.877
166.877
166.877
166.877
166.877
166.877
166.877
166.877
166.877
166.877
166.877
166.877
155.448
155.448
155.448
155.448
155.448
155.448
155.448
155.448
155.448
155.448
155.448
155.448
155.448
155.448
155.448
153.622
153.622
153.622
153.622
153.622
153.622
153.622
153.622
153.622
153.622
153.622
153.622
153.622
153.622
153.622
153.622
153.622
153.622
153.622
153.622
153.622
153.622
153.622
138.561
138.561
138.561
138.561
138.561
138.561
133.735
133.735
133.735
128.483
128.483
128.483
125.181
125.181
125.181
121.843
121.843
121.843
116.237
116.237
116.237
116.237
116.237
116.237
116.237
102.247
99.5885
82.944
82.944
82.944
82.944
82.944
82.944
82.944
82.944
81.5297
68.631
68.631
68.631
68.631
68.631
68.631
68.631
68.631
68.631
68.631
64.5301
64.5301
64.5301
64.5301
64.5301
64.5301
64.5301
64.5301
59.6686
53.0163
46.9765
46.9765
46.9765
46.9765
46.9765
46.9765
46.9765
46.9765
46.9765
45.5342
45.5342
45.5342
45.5342
45.5342
45.5342
44.4946
43.6887
43.6887
43.6887
42.5087
39.4494
39.4494
35.6762
33.9792
33.9792
33.9792
33.9792
33.9792
33.9792
33.9792
33.9792
33.9792
33.9792
33.9792
33.9792
33.9792
33.9792
33.9792
33.9792
33.9792
33.9792
33.9792
33.9792
33.9792
32.3662
32.2475
30.8148
30.5562
30.3341
30.0758
29.5274
29.4785
28.9924
28.8426
28.8426
28.8426
28.8286
28.6954
28.6275
28.6273
28.5178
28.5032
28.498
28.498
28.498
28.498
28.498
28.4918
28.4488
28.4205
28.3563
28.3563
28.3563
28.302
28.2662
28.2481
28.2382
28.2375
28.2303
28.2103
28.2025
28.2025
28.1752
28.1667
28.1584
28.1558
28.154
28.1352
28.1352
28.1352
28.1352
28.1352
28.1352
28.1352
28.1352
28.1352
28.127
28.127
28.124
28.1186
28.115
28.1136
28.1136
28.1136
28.1126
28.1091
28.1086
28.1074
28.1074
28.1074
28.1074
28.1074
28.1074
28.1074
28.1052
28.1052
28.1052
28.1036
28.1036
28.1036
28.1036
28.1036
28.1036
28.1036
28.1036
28.1036
28.1036
28.1036
28.1036
28.1036
28.1036
28.1036
28.1036
28.1036
28.1036
28.1036
28.1036
28.1036
28.1036
28.1036
28.1036
28.1036
28.1036
28.1036
28.1036
28.1036
28.1036
28.1036
28.1036
28.1036
28.1036
28.1036
28.1036
28.1036
28.1036
28.1036
28.1036
28.1036
28.1036
28.1036
28.1036
28.1036
28.1036
28.1036
28.1036
28.1036
28.1036
28.1036
28.1036
28.1036
28.1036
28.1036
28.1036
28.1036
28.1036
28.1036
28.1036
28.1036
28.1036
28.1036
28.1036
28.1036
28.1036
28.1036
28.1036
28.1036
28.1036
28.1036
28.1036
28.1036
28.1036
28.1036
28.1036
28.1036
28.1036
28.1036
28.1036
28.1036
28.1036
28.1036
28.1036
28.1036
28.1036
28.1036
28.1036
28.1036
28.1036
28.1036
28.1036
28.1036
28.1036
28.1036
28.1036
28.1036
28.1036
28.1036
28.1036
28.1036
28.1036
28.1036
28.1036
28.1036
28.1036
28.1036
28.1036
28.1036
28.1036
28.1036
28.1036
28.1036
28.1036
28.1036
28.1036
28.1036
28.1036
28.1036
28.1036
28.1036
28.1036
28.1036
28.1036
28.1036
28.1036
28.1036
28.1036
28.1036
28.1036
28.1036
28.1036
28.1036
28.1036
28.1036
28.1036
28.1036
28.1036
28.1036
28.1036
28.1036
28.1036
28.1036
28.1036
28.1036
28.1036
28.1036
28.1036
28.1036
28.1036
28.1036
28.1036
28.1036
28.1036
28.1036
28.1036
28.1036
28.1036
28.1036
28.1036
28.1036
28.1036
28.1036
28.1036
28.1036
28.1036
28.1036
28.1036
28.1036
28.1036
28.1036
28.1036
28.1036
28.1036
28.1036
28.1036
28.1036
28.1036
28.1036
28.1036
28.1036
28.1036
28.1036
28.1036
28.1036
28.1036
28.1036
28.1036
28.1036
28.1036
28.1036
28.1036
28.1036
28.1036
28.1036
28.1036
28.1036
28.1036
28.1036
28.1036
28.1036
28.1036
28.1036
28.1036
28.1036
28.1036
28.1036
28.1036
28.1036
28.1036
28.1036
28.1036
28.1036
28.1036
28.1036
28.1036
28.1036
28.1036
28.1036
28.1036
28.1036
28.1036
28.1036
28.1036
28.1036
28.1036
28.1036
28.1036
28.1036
28.1036
28.1036
28.1036
28.1036
28.1036
28.1036
28.1036
28.1036
28.1036
28.1036
28.1036
28.1036
28.1036
28.1036
28.1036
28.1036
28.1036
28.1036
28.1036
28.1036
28.1036
28.1036
28.1036
28.1036
28.1036
28.1036
28.1036
28.1036
28.1036
28.1036
28.1036
28.1036
28.1036
28.1036
28.1036
28.1036
28.1036
28.1036
28.1036
28.1036
28.1036
28.1036
28.1036
28.1036
28.1036
28.1036
28.1036
28.1036
28.1036
28.1036
28.1036
28.1036
28.1036
28.1036
28.1036
28.1036
28.1036
28.1036
28.1036
28.1036
28.1036
28.1036
28.1036
28.1036
28.1036
28.1036
28.1036
28.1036
28.1036
28.1036
28.1036
28.1036
28.1036
28.1036
28.1036
28.1036
28.1036
28.1036
28.1036
28.1036
28.1036
28.1036
28.1036
28.1036
28.1036
28.1036
28.1036
28.1036
28.1036
28.1036
28.1036
28.1036
28.1036
28.1036
28.1036
28.1036
28.1036
28.1036
28.1036
28.1036
28.1036
28.1036
28.1036
28.1036
28.1036
28.1036
28.1036
28.1036
28.1036
28.1036
28.1036
28.1036
28.1036
28.1036
28.1036
28.1036
28.1036
28.1036
28.1036
28.1036
28.1036
28.1036
28.1036
28.1036
28.1036
28.1036
28.1036
28.1036
28.1036
28.1036
28.1036
28.1036
28.1036
28.1036
28.1036
28.1036
28.1036
28.1036
28.1036
28.1036
28.1036
28.1036
28.1036
28.1036
28.1036
28.1036
28.1036
28.1036
28.1036
28.1036
28.1036
28.1036
28.1036
28.1036
28.1036
28.1036
28.1036
28.1036
28.1036
28.1036
28.1036
28.1036
28.1036
28.1036
28.1036
28.1036
28.1036
28.1036
28.1036
28.1036
28.1036
28.1036
28.1036
28.1036
28.1036
28.1036
28.1036
28.1036
28.1036
28.1036
28.1036
28.1036
28.1036
28.1036
28.1036
28.1036
28.1036
28.1036
28.1036
28.1036
28.1036
28.1036
28.1036
28.1036
28.1036
28.1036
28.1036
28.1036
28.1036
28.1036
28.1036
28.1036
28.1036
28.1036
28.1036
28.1036
28.1036
28.1036
28.1036
28.1036
28.1036
28.1036
28.1036
28.1036
28.1036
28.1036
28.1036
28.1036
28.1036
28.1036
28.1036
28.1036
28.1036
28.1036
28.1036
28.1036
28.1036
28.1036
28.1036
28.1036
28.1036
28.1036
28.1036
28.1036
28.1036
28.1036
28.1036
28.1036
28.1036
28.1036
28.1036
28.1036
28.1036
28.1036
28.1036
28.1036
28.1036
28.1036
28.1036
28.1036
28.1036
28.1036
28.1036
28.1036
28.1036
28.1036
28.1036
28.1036
28.1036
28.1036
28.1036
28.1036
28.1036
28.1036
28.1036
28.1036
28.1036
28.1036
28.1036
28.1036
28.1036
28.1036
28.1036
28.1036
28.1036
28.1036
28.1036
28.1036
28.1036
28.1036
28.1036
28.1036
28.1036
28.1036
28.1036
28.1036
28.1036
28.1036
28.1036
28.1036
28.1036
28.1036
28.1036
28.1036
28.1036
28.1036
28.1036
28.1036
28.1036
28.1036
28.1036
28.1036
28.1036
28.1036
28.1036
28.1036
28.1036
28.1036
28.1036
28.1036
28.1036
28.1036
28.1036
28.1036
28.1036
28.1036
28.1036
28.1036
28.1036
28.1036
28.1036
28.1036
28.1036
28.1036
28.1036
28.1036
28.1036
28.1036
28.1036
28.1036
28.1036
28.1036
28.1036
28.1036
28.1036
28.1036
28.1036
28.1036
28.1036
28.1036
28.1036
28.1036
28.1036
28.1036
28.1036
28.1036
28.1036
28.1036
28.1036
28.1036
28.1036
28.1036
28.1036
28.1036
28.1036
28.1036
28.1036
28.1036
28.1036
28.1036
28.1036
28.1036
28.1036
28.1036
28.1036
28.1036
28.1036
28.1036
28.1036
28.1036
28.1036
28.1036
28.1036
28.1036
28.1036
28.1036
28.1036
28.1036
28.1036
28.1036
28.1036
28.1036
28.1036
28.1036
28.1036
28.1036
28.1036
28.1036
28.1036
28.1036
28.1036
28.1036
28.1036
28.1036
28.1036
28.1036
28.1036
28.1036
28.1036
28.1036
28.1036
28.1036
28.1036
28.1036
28.1036
28.1036
28.1036
28.1036
28.1036
28.1036
28.1036
28.1036
28.1036
28.1036
28.1036
28.1036
28.1036
28.1036
28.1036
28.1036
28.1036
28.1036
28.1036
28.1036
28.1036
28.1036
28.1036
28.1036
28.1036
28.1036
28.1036
28.1036
28.1036
28.1036
28.1036
28.1036
28.1036
28.1036
28.1036
28.1036
28.1036
28.1036
28.1036
28.1036
28.1036
28.1036
28.1036
28.1036
28.1036
28.1036
28.1036
28.1036
28.1036
28.1036
28.1036
28.1036
28.1036
28.1036
28.1036
28.1036
28.1036
28.1036
28.1036
28.1036
28.1036
28.1036
28.1036
28.1036
28.1036
28.1036
28.1036
28.1036
28.1036
28.1036
28.1036
28.1036
28.1036
28.1036
28.1036
28.1036
28.1036
28.1036
28.1036
28.1036
28.1036
28.1036
28.1036
28.1036
28.1036
28.1036
28.1036
28.1036
28.1036
28.1036
28.1036
28.1036
28.1036
28.1036
28.1036
28.1036
28.1036
28.1036
28.1036
28.1036
28.1036
28.1036
28.1036
28.1036
28.1036
28.1036
28.1036
28.1036
28.1036
28.1036
28.1036
28.1036
28.1036
28.1036
28.1036
28.1036
28.1036
28.1036
28.1036
28.1036
28.1036
28.1036
28.1036
28.1036
28.1036
28.1036
28.1036
28.1036
28.1036
28.1036
28.1036
28.1036
28.1036
28.1036
28.1036
28.1036
28.1036
28.1036
28.1036
28.1036
28.1036
28.1036
28.1036
28.1036
28.1036
28.1036
28.1036
28.1036
28.1036
28.1036
28.1036
28.1036
28.1036
28.1036
28.1036
28.1036
28.1036
28.1036
28.1036
28.1036
28.1036
28.1036
28.1036
28.1036
28.1036
28.1036
28.1036
28.1036
28.1036
28.1036
28.1036
28.1036
28.1036
28.1036
28.1036
28.1036
28.1036
28.1036
28.1036
28.1036
28.1036
28.1036
28.1036
28.1036
28.1036
28.1036
28.1036
28.1036
28.1036
28.1036
28.1036
28.1036
28.1036
28.1036
28.1036
28.1036
28.1036
28.1036
28.1036
28.1036
28.1036
28.1036
28.1036
28.1036
28.1036
28.1036
28.1036
28.1036
28.1036
28.1036
28.1036
28.1036
28.1036
28.1036
28.1036
28.1036
28.1036
28.1036
28.1036
28.1036
28.1036
28.1036
28.1036
28.1036
28.1036
28.1036
28.1036
28.1036
28.1036
28.1036
28.1036
28.1036
28.1036
28.1036
28.1036
28.1036
28.1036
28.1036
28.1036
28.1036
28.1036
28.1036
28.1036
28.1036
28.1036
28.1036
28.1036
28.1036
28.1036
28.1036
28.1036
28.1036
28.1036
28.1036
28.1036
28.1036
28.1036
28.1036
28.1036
28.1036
28.1036
28.1036
28.1036
28.1036
28.1036
28.1036
28.1036
28.1036
28.1036
28.1036
28.1036
28.1036
28.1036
28.1036
28.1036
28.1036
28.1036
28.1036
28.1036
28.1036
28.1036
28.1036
28.1036
28.1036
28.1036
28.1036
28.1036
28.1036
28.1036
28.1036
28.1036
28.1036
28.1036
28.1036
28.1036
28.1036
28.1036
28.1036
28.1036
28.1036
28.1036
28.1036
28.1036
28.1036
28.1036
28.1036
28.1036
28.1036
28.1036
28.1036
28.1036
28.1036
28.1036
28.1036
28.1036
28.1036
28.1036
28.1036
28.1036
28.1036
28.1036
28.1036
28.1036
28.1036
28.1036
28.1036
28.1036
28.1036
28.1036
28.1036
28.1036
28.1036
28.1036
28.1036
28.1036
28.1036
28.1036
28.1036
28.1036
28.1036
28.1036
28.1036
28.1036
28.1036
28.1036
28.1036
28.1036
28.1036
28.1036
28.1036
28.1036
28.1036
28.1036
28.1036
28.1036
28.1036
28.1036
28.1036
28.1036
28.1036
28.1036
28.1036
28.1036
28.1036
28.1036
28.1036
28.1036
28.1036
28.1036
28.1036
28.1036
28.1036
28.1036
28.1036
28.1036
28.1036
28.1036
28.1036
28.1036
28.1036
28.1036
28.1036
28.1036
28.1036
28.1036
28.1036
28.1036
28.1036
28.1036
28.1036
28.1036
28.1036
28.1036
28.1036
28.1036
28.1036
28.1036
28.1036
28.1036
28.1036
28.1036
28.1036
28.1036
28.1036
28.1036
28.1036
28.1036
28.1036
28.1036
28.1036
28.1036
28.1036
28.1036
28.1036
28.1036
28.1036
28.1036
28.1036
28.1036
28.1036
28.1036
28.1036
28.1036
28.1036
28.1036
28.1036
28.1036
28.1036
28.1036
28.1036
28.1036
28.1036
28.1036
28.1036
28.1036
28.1036
28.1036
28.1036
28.1036
28.1036
28.1036
28.1036
28.1036
28.1036
28.1036
28.1036
28.1036
28.1036
28.1036
28.1036
28.1036
28.1036
28.1036
28.1036
28.1036
28.1036
28.1036
28.1036
28.1036
28.1036
28.1036
28.1036
28.1036
28.1036
28.1036
28.1036
28.1036
28.1036
28.1036
28.1036
28.1036
28.1036
28.1036
28.1036
28.1036
28.1036
28.1036
28.1036
28.1036
28.1036
28.1036
28.1036
28.1036
28.1036
28.1036
28.1036
28.1036
28.1036
28.1036
28.1036
28.1036
28.1036
28.1036
28.1036
28.1036
28.1036
28.1036
28.1036
28.1036
28.1036
28.1036
28.1036
28.1036
28.1036
28.1036
28.1036
28.1036
28.1036
28.1036
28.1036
28.1036
28.1036
28.1036
28.1036
28.1036
28.1036
28.1036
28.1036
28.1036
28.1036
28.1036
28.1036
28.1036
28.1036
28.1036
28.1036
28.1036
28.1036
28.1036
28.1036
28.1036
28.1036
28.1036
28.1036
28.1036
28.1036
28.1036
28.1036
28.1036
28.1036
28.1036
28.1036
28.1036
28.1036
28.1036
28.1036
28.1036
28.1036
28.1036
28.1036
28.1036
28.1036
28.1036
28.1036
28.1036
28.1036
28.1036
28.1036
28.1036
28.1036
28.1036
28.1036
28.1036
28.1036
28.1036
28.1036
28.1036
28.1036
28.1036
28.1036
28.1036
28.1036
28.1036
28.1036
28.1036
28.1036
28.1036
28.1036
28.1036
28.1036
28.1036
28.1036
28.1036
28.1036
28.1036
28.1036
28.1036
28.1036
28.1036
28.1036
28.1036
28.1036
28.1036
28.1036
28.1036
28.1036
28.1036
28.1036
28.1036
28.1036
28.1036
28.1036
28.1036
28.1036
28.1036
28.1036
28.1036
28.1036
28.1036
28.1036
28.1036
28.1036
28.1036
28.1036
28.1036
28.1036
28.1036
28.1036
28.1036
28.1036
28.1036
28.1036
28.1036
28.1036
28.1036
28.1036
28.1036
28.1036
28.1036
28.1036
28.1036
28.1036
28.1036
28.1036
28.1036
28.1036
28.1036
28.1036
28.1036
28.1036
28.1036
28.1036
28.1036
28.1036
28.1036
28.1036
28.1036
28.1036
28.1036
28.1036
28.1036
28.1036
28.1036
28.1036
28.1036
28.1036
28.1036
28.1036
28.1036
28.1036
28.1036
28.1036
28.1036
28.1036
28.1036
28.1036
28.1036
28.1036
28.1036
28.1036
28.1036
28.1036
28.1036
28.1036
28.1036
28.1036
28.1036
28.1036
28.1036
28.1036
28.1036
28.1036
28.1036
28.1036
28.1036
28.1036
28.1036
28.1036
28.1036
28.1036
28.1036
28.1036
28.1036
28.1036
28.1036
28.1036
28.1036
28.1036
28.1036
28.1036
28.1036
28.1036
28.1036
28.1036
28.1036
28.1036
28.1036
28.1036
28.1036
28.1036
28.1036
28.1036
28.1036
28.1036
28.1036
28.1036
28.1036
28.1036
28.1036
28.1036
28.1036
28.1036
28.1036
28.1036
28.1036
28.1036
28.1036
28.1036
28.1036
28.1036
28.1036
28.1036
28.1036
28.1036
28.1036
28.1036
28.1036
28.1036
28.1036
28.1036
28.1036
28.1036
28.1036
28.1036
28.1036
28.1036
28.1036
28.1036
28.1036
28.1036
28.1036
28.1036
28.1036
28.1036
28.1036
28.1036
28.1036
28.1036
28.1036
28.1036
28.1036
28.1036
28.1036
28.1036
28.1036
28.1036
28.1036
28.1036
28.1036
28.1036
28.1036
28.1036
28.1036
28.1036
28.1036
28.1036
28.1036
28.1036
28.1036
28.1036
28.1036
28.1036
28.1036
28.1036
28.1036
28.1036
28.1036
28.1036
28.1036
28.1036
28.1036
28.1036
28.1036
28.1036
28.1036
28.1036
28.1036
28.1036
28.1036
28.1036
28.1036
28.1036
28.1036
28.1036
28.1036
28.1036
28.1036
28.1036
28.1036
28.1036
28.1036
28.1036
28.1036
28.1036
28.1036
28.1036
28.1036
28.1036
28.1036
28.1036
28.1036
28.1036
28.1036
28.1036
28.1036
28.1036
28.1036
28.1036
28.1036
28.1036
28.1036
28.1036
28.1036
28.1036
28.1036
28.1036
28.1036
28.1036
28.1036
28.1036
28.1036
28.1036
28.1036
28.1036
28.1036
28.1036
28.1036
28.1036
28.1036
28.1036
28.1036
28.1036
28.1036
28.1036
28.1036
28.1036
28.1036
28.1036
28.1036
28.1036
28.1036
28.1036
28.1036
28.1036
28.1036
28.1036
28.1036
28.1036
28.1036
28.1036
28.1036
28.1036
28.1036
28.1036
28.1036
28.1036
28.1036
28.1036
28.1036
28.1036
28.1036
28.1036
28.1036
28.1036
28.1036
28.1036
28.1036
28.1036
28.1036
28.1036
28.1036
28.1036
28.1036
28.1036
28.1036
28.1036
28.1036
28.1036
28.1036
28.1036
28.1036
28.1036
28.1036
28.1036
28.1036
28.1036
28.1036
28.1036
28.1036
28.1036
28.1036
28.1036
28.1036
28.1036
28.1036
28.1036
28.1036
28.1036
28.1036
28.1036
28.1036
28.1036
28.1036
28.1036
28.1036
28.1036
28.1036
28.1036
28.1036
28.1036
28.1036
28.1036
28.1036
28.1036
28.1036
28.1036
28.1036
28.1036
28.1036
28.1036
28.1036
28.1036
28.1036
28.1036
28.1036
28.1036
28.1036
28.1036
28.1036
28.1036
28.1036
28.1036
28.1036
28.1036
28.1036
28.1036
28.1036
28.1036
28.1036
28.1036
28.1036
28.1036
28.1036
28.1036
28.1036
28.1036
28.1036
28.1036
28.1036
28.1036
28.1036
28.1036
28.1036
28.1036
28.1036
28.1036
28.1036
28.1036
28.1036
28.1036
28.1036
28.1036
28.1036
28.1036
28.1036
28.1036
28.1036
28.1036
28.1036
28.1036
28.1036
28.1036
28.1036
28.1036
28.1036
28.1036
28.1036
28.1036
28.1036
28.1036
28.1036
28.1036
28.1036
28.1036
28.1036
28.1036
28.1036
28.1036
28.1036
28.1036
28.1036
28.1036
28.1036
28.1036
28.1036
28.1036
28.1036
28.1036
28.1036
28.1036
28.1036
28.1036
28.1036
28.1036
28.1036
28.1036
28.1036
28.1036
28.1036
28.1036
28.1036
28.1036
28.1036
28.1036
28.1036
28.1036
28.1036
28.1036
28.1036
28.1036
28.1036
28.1036
28.1036
28.1036
28.1036
28.1036
28.1036
28.1036
28.1036
28.1036
28.1036
28.1036
28.1036
28.1036
28.1036
28.1036
28.1036
28.1036
28.1036
28.1036
28.1036
28.1036
28.1036
28.1036
28.1036
28.1036
28.1036
28.1036
28.1036
28.1036
28.1036
28.1036
28.1036
28.1036
28.1036
28.1036
28.1036
28.1036
28.1036
28.1036
28.1036
28.1036
28.1036
28.1036
28.1036
28.1036
28.1036
28.1036
28.1036
28.1036
28.1036
28.1036
28.1036
28.1036
28.1036
28.1036
28.1036
28.1036
28.1036
28.1036
28.1036
28.1036
28.1036
28.1036
28.1036
28.1036
28.1036
28.1036
28.1036
28.1036
28.1036
28.1036
28.1036
28.1036
28.1036
28.1036
28.1036
28.1036
28.1036
28.1036
28.1036
28.1036
28.1036
28.1036
28.1036
28.1036
28.1036
28.1036
28.1036
28.1036
28.1036
28.1036
28.1036
28.1036
28.1036
28.1036
28.1036
28.1036
28.1036
28.1036
28.1036
28.1036
28.1036
28.1036
28.1036
28.1036
28.1036
28.1036
28.1036
28.1036
28.1036
28.1036
28.1036
28.1036
28.1036
28.1036
28.1036
28.1036
28.1036
28.1036
28.1036
28.1036
28.1036
28.1036
28.1036
28.1036
28.1036
28.1036
28.1036
28.1036
28.1036
28.1036
28.1036
28.1036
28.1036
28.1036
28.1036
28.1036
28.1036
28.1036
28.1036
28.1036
28.1036
28.1036
28.1036
28.1036
28.1036
28.1036
28.1036
28.1036
28.1036
28.1036
28.1036
28.1036
28.1036
28.1036
28.1036
28.1036
28.1036
28.1036
28.1036
28.1036
28.1036
28.1036
28.1036
28.1036
28.1036
28.1036
28.1036
28.1036
28.1036
28.1036
28.1036
28.1036
28.1036
28.1036
28.1036
28.1036
28.1036
28.1036
28.1036
28.1036
28.1036
28.1036
28.1036
28.1036
28.1036
28.1036
28.1036
28.1036
28.1036
28.1036
28.1036
28.1036
28.1036
28.1036
28.1036
28.1036
28.1036
28.1036
28.1036
28.1036
28.1036
28.1036
28.1036
28.1036
28.1036
28.1036
28.1036
28.1036
28.1036
28.1036
28.1036
28.1036
28.1036
28.1036
28.1036
28.1036
28.1036
28.1036
28.1036
28.1036
28.1036
28.1036
28.1036
28.1036
28.1036
28.1036
28.1036
28.1036
28.1036
28.1036
28.1036
28.1036
28.1036
28.1036
28.1036
28.1036
28.1036
28.1036
28.1036
28.1036
28.1036
28.1036
28.1036
28.1036
28.1036
28.1036
28.1036
28.1036
28.1036
28.1036
28.1036
28.1036
28.1036
28.1036
28.1036
28.1036
28.1036
28.1036
28.1036
28.1036
28.1036
28.1036
28.1036
28.1036
28.1036
28.1036
28.1036
28.1036
28.1036
28.1036
28.1036
28.1036
28.1036
28.1036
28.1036
28.1036
28.1036
28.1036
28.1036
28.1036
28.1036
28.1036
28.1036
28.1036
28.1036
28.1036
28.1036
28.1036
28.1036
28.1036
28.1036
28.1036
28.1036
28.1036
28.1036
28.1036
28.1036
28.1036
28.1036
28.1036
28.1036
28.1036
28.1036
28.1036
28.1036
28.1036
28.1036
28.1036
28.1036
28.1036
28.1036
28.1036
28.1036
28.1036
28.1036
28.1036
28.1036
28.1036
28.1036
28.1036
28.1036
28.1036
28.1036
28.1036
28.1036
28.1036
28.1036
28.1036
28.1036
28.1036
28.1036
28.1036
28.1036
28.1036
28.1036
28.1036
28.1036
28.1036
28.1036
28.1036
28.1036
28.1036
28.1036
28.1036
28.1036
28.1036
28.1036
28.1036
28.1036
28.1036
28.1036
28.1036
28.1036
28.1036
28.1036
28.1036
28.1036
28.1036
28.1036
28.1036
28.1036
28.1036
28.1036
28.1036
28.1036
28.1036
28.1036
28.1036
28.1036
28.1036
28.1036
28.1036
28.1036
28.1036
28.1036
28.1036
28.1036
28.1036
28.1036
28.1036
28.1036
28.1036
28.1036
28.1036
28.1036
28.1036
28.1036
28.1036
28.1036
28.1036
28.1036
28.1036
28.1036
28.1036
28.1036
28.1036
28.1036
28.1036
28.1036
28.1036
28.1036
28.1036
28.1036
28.1036
28.1036
28.1036
28.1036
28.1036
28.1036
28.1036
28.1036
28.1036
28.1036
28.1036
28.1036
28.1036
28.1036
28.1036
28.1036
28.1036
28.1036
28.1036
28.1036
28.1036
28.1036
28.1036
28.1036
28.1036
28.1036
28.1036
28.1036
28.1036
28.1036
28.1036
28.1036
28.1036
28.1036
28.1036
28.1036
28.1036
28.1036
28.1036
28.1036
28.1036
28.1036
28.1036
28.1036
28.1036
28.1036
28.1036
28.1036
28.1036
28.1036
28.1036
28.1036
28.1036
28.1036
28.1036
28.1036
28.1036
28.1036
28.1036
28.1036
28.1036
28.1036
28.1036
28.1036
28.1036
28.1036
28.1036
28.1036
28.1036
28.1036
28.1036
28.1036
28.1036
28.1036
28.1036
28.1036
28.1036
28.1036
28.1036
28.1036
28.1036
28.1036
28.1036
28.1036
28.1036
28.1036
28.1036
28.1036
28.1036
28.1036
28.1036
28.1036
28.1036
28.1036
28.1036
28.1036
28.1036
28.1036
28.1036
28.1036
28.1036
28.1036
28.1036
28.1036
28.1036
28.1036
28.1036
28.1036
28.1036
28.1036
28.1036
28.1036
28.1036
28.1036
28.1036
28.1036
28.1036
28.1036
28.1036
28.1036
28.1036
28.1036
28.1036
28.1036
28.1036
28.1036
28.1036
28.1036
28.1036
28.1036
28.1036
28.1036
28.1036
28.1036
28.1036
28.1036
28.1036
28.1036
28.1036
28.1036
28.1036
28.1036
28.1036
28.1036
28.1036
28.1036
28.1036
28.1036
28.1036
28.1036
28.1036
28.1036
28.1036
28.1036
28.1036
28.1036
28.1036
28.1036
28.1036
28.1036
28.1036
28.1036
28.1036
28.1036
28.1036
28.1036
28.1036
28.1036
28.1036
28.1036
28.1036
28.1036
28.1036
28.1036
28.1036
28.1036
28.1036
28.1036
28.1036
28.1036
28.1036
28.1036
28.1036
28.1036
28.1036
28.1036
28.1036
28.1036
28.1036
28.1036
28.1036
28.1036
28.1036
28.1036
28.1036
28.1036
28.1036
28.1036
28.1036
28.1036
28.1036
28.1036
28.1036
28.1036
28.1036
28.1036
28.1036
28.1036
28.1036
28.1036
28.1036
28.1036
28.1036
28.1036
28.1036
28.1036
28.1036
28.1036
28.1036
28.1036
28.1036
28.1036
28.1036
28.1036
28.1036
28.1036
28.1036
28.1036
28.1036
28.1036
28.1036
28.1036
28.1036
28.1036
28.1036
28.1036
28.1036
28.1036
28.1036
28.1036
28.1036
28.1036
28.1036
28.1036
28.1036
28.1036
28.1036
28.1036
28.1036
28.1036
28.1036
28.1036
28.1036
28.1036
28.1036
28.1036
28.1036
28.1036
28.1036
28.1036
28.1036
28.1036
28.1036
28.1036
28.1036
28.1036
28.1036
28.1036
28.1036
28.1036
28.1036
28.1036
28.1036
28.1036
28.1036
28.1036
28.1036
28.1036
28.1036
28.1036
28.1036
28.1036
28.1036
28.1036
28.1036
28.1036
28.1036
28.1036
28.1036
28.1036
28.1036
28.1036
