4.84638e+07
4.38446e+06
1.1036e+06
548722
548722
57847.4
57847.4
19717.1
19717.1
19717.1
19717.1
19717.1
19717.1
19717.1
19717.1
19717.1
19717.1
7645.34
7434.45
4543.14
4543.14
4543.14
3734.87
3734.87
3734.87
3024.96
3024.96
1651.72
1225.83
657.164
646.053
618.793
529.811
432.067
417.504
380.581
380.581
363.023
361.378
313.173
313.173
313.173
313.173
313.173
313.173
313.173
313.173
304.983
304.983
270.331
270.331
259.36
235.988
235.988
234.2
230.28
225.311
225.311
225.311
225.311
225.311
225.311
224.328
224.328
208.068
208.068
208.068
202.94
202.94
202.94
202.94
202.94
202.94
202.94
202.94
202.94
202.94
200.425
200.425
200.425
200.425
200.425
200.425
200.425
200.425
200.425
200.425
200.425
200.425
200.425
200.425
200.425
200.425
200.425
200.425
197.609
197.609
197.609
197.609
197.609
189.618
189.618
189.618
189.618
185.627
185.627
185.627
185.627
185.627
185.627
185.627
185.627
185.627
185.627
185.627
185.627
185.627
185.627
185.627
185.627
185.627
185.627
185.627
185.627
185.627
185.627
185.627
185.627
185.627
185.627
185.627
185.627
185.627
185.627
185.627
185.627
185.627
185.627
185.627
185.627
185.627
185.627
185.627
185.627
185.627
185.627
185.627
185.627
185.627
185.627
185.627
185.627
185.627
185.627
185.627
185.627
185.627
185.627
185.627
185.627
185.627
185.627
185.627
185.627
185.627
185.627
185.627
185.627
185.627
185.627
185.627
185.627
185.627
185.627
185.627
185.627
185.627
185.627
185.627
185.627
185.627
185.627
185.627
185.627
185.627
185.627
185.627
185.627
185.627
185.627
185.627
185.627
185.627
185.627
185.627
185.627
185.627
185.627
185.627
185.627
185.627
185.627
185.627
185.627
185.627
185.627
185.627
185.627
185.627
185.627
185.627
185.627
185.627
185.627
185.627
185.627
185.627
185.627
185.627
185.627
185.627
185.627
185.627
185.627
185.627
185.627
185.627
178.976
178.976
178.976
178.976
178.976
178.976
178.976
178.976
178.976
178.976
178.976
178.976
178.976
178.976
178.976
178.976
178.976
178.976
178.976
178.976
178.976
178.976
178.976
178.976
178.976
178.976
178.976
178.976
178.976
178.976
178.976
178.976
178.976
178.976
178.976
178.976
178.976
178.976
178.976
178.976
178.976
178.976
178.976
178.976
178.976
178.976
178.976
178.976
178.976
178.976
178.976
178.976
178.976
178.976
178.976
178.976
178.976
178.976
178.976
178.976
178.976
178.976
178.976
178.976
178.976
178.976
178.976
178.976
178.976
178.976
178.976
178.976
178.976
178.976
178.976
178.976
178.976
178.976
178.976
178.976
178.976
178.976
178.976
178.976
178.976
178.976
178.976
178.976
178.976
178.976
178.976
178.976
178.976
178.976
178.976
178.976
178.976
178.976
178.976
178.976
178.976
178.976
178.976
178.976
178.976
178.976
178.976
178.976
178.976
178.976
178.976
178.976
178.976
178.976
178.976
178.976
178.976
178.976
178.976
178.976
178.976
178.976
178.976
178.976
178.976
178.976
178.976
178.976
178.976
178.976
178.976
178.976
178.976
178.976
178.976
178.976
178.976
178.976
178.976
178.976
178.976
178.976
178.976
178.976
178.976
178.976
178.976
178.976
178.976
178.976
178.976
178.976
178.976
178.976
178.976
178.976
178.976
178.976
178.976
178.976
178.976
178.976
178.976
178.976
178.976
178.976
178.976
178.976
178.976
178.976
178.976
178.976
178.976
178.976
178.976
178.976
178.976
178.976
178.976
178.976
178.976
178.976
178.976
178.976
178.976
178.976
178.976
178.976
178.976
178.976
178.976
178.976
178.976
178.976
178.976
178.976
178.976
178.976
178.976
178.976
178.976
178.976
178.976
178.976
178.976
178.976
178.976
178.976
178.976
178.976
178.976
178.976
178.976
178.976
178.976
178.976
178.976
178.976
178.976
178.784
178.784
172.896
172.896
172.896
172.896
172.896
172.896
172.896
172.896
172.896
172.896
172.896
172.896
172.896
172.896
172.896
172.896
172.896
172.896
172.896
172.896
172.896
172.896
172.896
172.896
172.896
172.896
172.896
172.896
172.896
172.896
172.896
172.896
172.896
172.896
172.896
172.896
172.896
172.896
172.896
172.896
172.896
172.896
172.896
172.896
172.896
172.896
172.896
172.896
172.896
172.896
172.896
172.896
172.896
172.896
172.896
172.896
172.896
164.245
164.245
164.245
164.245
164.245
164.245
164.245
164.245
164.245
164.245
164.245
164.245
164.245
164.245
164.245
164.245
164.245
164.245
164.245
164.245
164.245
164.245
164.245
164.245
164.245
162.417
162.417
162.417
162.417
162.417
162.417
162.417
162.417
162.417
162.417
162.417
162.417
162.417
162.417
162.417
162.417
162.417
162.417
162.417
162.417
162.417
162.417
162.417
162.417
162.417
162.417
162.417
162.417
162.417
162.417
162.417
162.417
162.417
162.417
162.417
162.417
162.417
162.417
162.417
162.417
162.417
162.417
162.417
162.417
162.417
162.417
162.417
162.417
162.417
162.417
162.417
162.417
162.417
162.417
162.417
162.417
162.417
162.417
162.417
162.417
162.417
162.417
162.417
162.417
162.417
162.417
162.417
162.417
162.417
162.417
162.417
162.417
162.417
162.417
162.417
162.417
162.417
162.417
162.417
162.417
162.417
162.417
162.417
162.417
162.417
162.417
162.417
162.417
162.417
162.417
162.417
162.417
162.417
162.417
162.417
162.417
162.417
162.417
162.417
162.417
162.417
162.417
162.417
162.417
162.417
162.417
162.417
162.417
162.417
162.417
162.417
162.417
162.417
162.417
162.417
162.417
162.417
162.417
162.417
162.417
162.417
162.417
162.417
162.417
162.417
162.417
162.417
162.417
162.417
162.417
162.417
162.417
162.417
162.417
162.417
162.417
162.417
162.417
162.417
162.417
162.417
162.417
162.417
162.417
162.417
162.417
162.417
162.417
162.417
162.417
162.417
162.417
162.417
162.417
162.417
162.417
162.417
162.417
162.417
162.417
162.417
162.417
162.417
162.417
162.417
162.417
162.417
162.417
162.417
162.417
162.417
162.417
162.417
162.417
162.417
162.417
162.417
162.417
162.417
162.417
162.417
162.417
162.417
162.417
162.417
162.417
162.417
162.417
162.417
162.417
162.417
162.417
162.417
162.417
162.102
144.229
144.229
142.263
130.021
116.755
116.755
116.755
116.755
116.755
116.755
116.755
116.755
116.755
116.755
116.755
116.755
113.477
113.477
113.477
113.477
112.868
112.868
106.001
102.493
94.1443
92.7779
92.0971
89.2029
89.2029
82.9749
82.9749
78.404
73.0588
73.0588
73.0588
73.0588
73.0588
73.0588
73.0588
73.0588
73.0588
73.0588
73.0588
73.0588
73.0588
73.0588
73.0588
71.2348
71.2348
71.2348
71.2348
69.9683
69.9683
69.9683
69.9683
69.9683
69.9683
68.0076
66.7997
66.7997
66.3986
66.0396
66.0396
61.5763
61.5763
61.5763
58.351
56.598
44.5055
41.336
41.336
41.336
41.336
41.336
41.336
41.336
41.336
41.336
41.336
41.336
41.336
41.336
41.336
41.336
41.336
41.336
41.336
41.336
38.6619
37.4033
34.6004
34.6004
34.6004
34.5715
34.0899
34.0899
34.0899
34.0899
34.0899
34.0899
34.0899
34.0899
34.0899
34.0899
34.0899
32.086
32.086
31.6944
28.2831
28.2831
28.2831
28.2831
25.2858
25.2858
25.2858
25.2858
25.2858
25.2858
23.6842
22.9571
22.9571
22.9571
22.9571
22.9571
22.9571
22.9571
22.9571
22.9571
22.9571
21.4549
21.4549
21.4549
21.4549
21.4549
21.4549
21.4549
21.4549
21.4549
21.4549
21.4549
21.3837
21.3837
21.3837
21.3837
21.3837
20.341
19.8711
19.7511
19.7511
19.1
19.1
18.7972
18.6745
17.9653
17.9653
17.7285
17.7285
17.6002
17.6002
17.5621
17.5621
17.2343
17.2343
17.2343
17.2343
17.2343
17.2343
17.2343
17.2343
17.2343
17.2343
17.2343
17.2343
17.2343
17.2343
17.2343
17.2343
17.2343
17.2343
16.5873
16.5873
16.5873
16.5873
16.5873
16.5873
16.5873
16.5873
16.5873
16.5145
16.5029
16.5029
16.5029
16.4577
16.4213
16.288
16.1672
16.1319
16.0854
16.0154
15.9832
15.9418
15.8618
15.8618
15.8013
15.7498
15.7498
15.7492
15.7296
15.7052
15.7016
15.6916
15.6724
15.6422
15.6422
15.6148
15.5994
15.5883
15.5553
15.5494
15.5226
15.51
15.4936
15.4792
15.4787
15.4536
15.4536
15.4404
15.4299
15.4161
15.4053
15.3981
15.3788
15.3676
15.3601
15.3461
15.3387
15.3282
15.3276
15.3205
15.3205
15.3173
15.3093
15.3079
15.3078
15.2967
15.2949
15.28
15.2716
15.2708
15.2622
15.2579
15.2512
15.2512
15.2506
15.2467
15.2463
15.2463
15.2439
15.2424
15.2392
15.2392
15.237
15.237
15.237
15.237
15.237
15.237
15.237
15.237
15.237
15.237
15.237
15.237
15.237
15.237
15.237
15.237
15.237
15.237
15.237
15.237
15.237
15.237
15.237
15.237
15.237
15.237
15.237
15.237
15.237
15.237
15.237
15.237
15.237
15.237
15.237
15.237
15.237
15.237
15.237
15.237
15.237
15.237
15.237
15.237
15.237
15.237
15.237
15.237
15.237
15.237
15.237
15.237
15.237
15.237
15.237
15.237
15.237
15.237
15.237
15.237
15.237
15.237
15.237
15.237
15.237
15.237
15.237
15.237
15.237
15.237
15.237
15.237
15.237
15.237
15.237
15.237
15.237
15.237
15.237
15.237
15.237
15.237
15.237
15.237
15.237
15.237
15.237
15.237
15.237
15.237
15.237
15.237
15.237
15.237
15.237
15.237
15.237
15.237
15.237
15.237
15.237
15.237
15.237
15.237
15.237
15.237
15.237
15.237
15.237
15.237
15.237
15.237
15.237
15.237
15.237
15.237
15.237
15.237
15.237
15.237
15.237
15.237
15.237
15.237
15.237
15.237
15.237
15.237
15.237
15.237
15.237
15.237
15.237
15.237
15.237
15.237
15.237
15.237
15.237
15.237
15.237
15.237
15.237
15.237
15.237
15.237
15.237
15.237
15.237
15.237
15.237
15.237
15.237
15.237
15.237
15.237
15.237
15.237
15.237
15.237
15.237
15.237
15.237
15.237
15.237
15.237
15.237
15.237
15.237
15.237
15.237
15.237
15.237
15.237
15.237
15.237
15.237
15.237
15.237
15.237
15.237
15.237
15.237
15.237
15.237
15.237
15.237
15.237
15.237
15.237
15.237
15.237
15.237
15.237
15.237
15.237
15.237
15.237
15.237
15.237
15.237
15.237
15.237
15.237
15.237
15.237
15.237
15.237
15.237
15.237
15.237
15.237
15.237
15.237
15.237
15.237
15.237
15.237
15.237
15.237
15.237
15.237
15.237
15.237
15.237
15.237
15.237
15.237
15.237
15.237
15.237
15.237
15.237
15.237
15.237
15.237
15.237
15.237
15.237
15.237
15.237
15.237
15.237
15.237
15.237
15.237
15.237
15.237
15.237
15.237
15.237
15.237
15.237
15.237
15.237
15.237
15.237
15.237
15.237
15.237
15.237
15.237
15.237
15.237
15.237
15.237
15.237
15.237
15.237
15.237
15.237
15.237
15.237
15.237
15.237
15.237
15.237
15.237
15.237
15.237
15.237
15.237
15.237
15.237
15.237
15.237
15.237
15.237
15.237
15.237
15.237
15.237
15.237
15.237
15.237
15.237
15.237
15.237
15.237
15.237
15.237
15.237
15.237
15.237
15.237
15.237
15.237
15.237
15.237
15.237
15.237
15.237
15.237
15.237
15.237
15.237
15.237
15.237
15.237
15.237
15.237
15.237
15.237
15.237
15.237
15.237
15.237
15.237
15.237
15.237
15.237
15.237
15.237
15.237
15.237
15.237
15.237
15.237
15.237
15.237
15.237
15.237
15.237
15.237
15.237
15.237
15.237
15.237
15.237
15.237
15.237
15.237
15.237
15.237
15.237
15.237
15.237
15.237
15.237
15.237
15.237
15.237
15.237
15.237
15.237
15.237
15.237
15.237
15.237
15.237
15.237
15.237
15.237
15.237
15.237
15.237
15.237
15.237
15.237
15.237
15.237
15.237
15.237
15.237
15.237
15.237
15.237
15.237
15.237
15.237
15.237
15.237
15.237
15.237
15.237
15.237
15.237
15.237
15.237
15.237
15.237
15.237
15.237
15.237
15.237
15.237
15.237
15.237
15.237
15.237
15.237
15.237
15.237
15.237
15.237
15.237
15.237
15.237
15.237
15.237
15.237
15.237
15.237
15.237
15.237
15.237
15.237
15.237
15.237
15.237
15.237
15.237
15.237
15.237
15.237
15.237
15.237
15.237
15.237
15.237
15.237
15.237
15.237
15.237
15.237
15.237
15.237
15.237
15.237
15.237
15.237
15.237
15.237
15.237
15.237
15.237
15.237
15.237
15.237
15.237
15.237
15.237
15.237
15.237
15.237
15.237
15.237
15.237
15.237
15.237
15.237
15.237
15.237
15.237
15.237
15.237
15.237
15.237
15.237
15.237
15.237
15.237
15.237
15.237
15.237
15.237
15.237
15.237
15.237
15.237
15.237
15.237
15.237
15.237
15.237
15.237
15.237
15.237
15.237
15.237
15.237
15.237
15.237
15.237
15.237
15.237
15.237
15.237
15.237
15.237
15.237
15.237
15.237
15.237
15.237
15.237
15.237
15.237
15.237
15.237
15.237
15.237
15.237
15.237
15.237
15.237
15.237
15.237
15.237
15.237
15.237
15.237
15.237
15.237
15.237
15.237
15.237
15.237
15.237
15.237
15.237
15.237
15.237
15.237
15.237
15.237
15.237
15.237
15.237
15.237
15.237
15.237
15.237
15.237
15.237
15.237
15.237
15.237
15.237
15.237
15.237
15.237
15.237
15.237
15.237
15.237
15.237
15.237
15.237
15.237
15.237
15.237
15.237
15.237
15.237
15.237
15.237
15.237
15.237
15.237
15.237
15.237
15.237
15.237
15.237
15.237
15.237
15.237
15.237
15.237
15.237
15.237
15.237
15.237
15.237
15.237
15.237
15.237
15.237
15.237
15.237
15.237
15.237
15.237
15.237
15.237
15.237
15.237
15.237
15.237
15.237
15.237
15.237
15.237
15.237
15.237
15.237
15.237
15.237
15.237
15.237
15.237
15.237
15.237
15.237
15.237
15.237
15.237
15.237
15.237
15.237
15.237
15.237
15.237
15.237
15.237
15.237
15.237
15.237
15.237
15.237
15.237
15.237
15.237
15.237
15.237
15.237
15.237
15.237
15.237
15.237
15.237
15.237
15.237
15.237
15.237
15.237
15.237
15.237
15.237
15.237
15.237
15.237
15.237
15.237
15.237
15.237
15.237
15.237
15.237
15.237
15.237
15.237
15.237
15.237
15.237
15.237
15.237
15.237
15.237
15.237
15.237
15.237
15.237
15.237
15.237
15.237
15.237
15.237
15.237
15.237
15.237
15.237
15.237
15.237
15.237
15.237
15.237
15.237
15.237
15.237
15.237
15.237
15.237
15.237
15.237
15.237
15.237
15.237
15.237
15.237
15.237
15.237
15.237
15.237
15.237
15.237
15.237
15.237
15.237
15.237
15.237
15.237
15.237
15.237
15.237
15.237
15.237
15.237
15.237
15.237
15.237
15.237
15.237
15.237
15.237
15.237
15.237
15.237
15.237
15.237
15.237
15.237
15.237
15.237
15.237
15.237
15.237
15.237
15.237
15.237
15.237
15.237
15.237
15.237
15.237
15.237
15.237
15.237
15.237
15.237
15.237
15.237
15.237
15.237
15.237
15.237
15.237
15.237
15.237
15.237
15.237
15.237
15.237
15.237
15.237
15.237
15.237
15.237
15.237
15.237
15.237
15.237
15.237
15.237
15.237
15.237
15.237
15.237
15.237
15.237
15.237
15.237
15.237
15.237
15.237
15.237
15.237
15.237
15.237
15.237
15.237
15.237
15.237
15.237
15.237
15.237
15.237
15.237
15.237
15.237
15.237
15.237
15.237
15.237
15.237
15.237
15.237
15.237
15.237
15.237
15.237
15.237
15.237
15.237
15.237
15.237
15.237
15.237
15.237
15.237
15.237
15.237
15.237
15.237
15.237
15.237
15.237
15.237
15.237
15.237
15.237
15.237
15.237
15.237
15.237
15.237
15.237
15.237
15.237
15.237
15.237
15.237
15.237
15.237
15.237
15.237
15.237
15.237
15.237
15.237
15.237
15.237
15.237
15.237
15.237
15.237
15.237
15.237
15.237
15.237
15.237
15.237
15.237
15.237
15.237
15.237
15.237
15.237
15.237
15.237
15.237
15.237
15.237
15.237
15.237
15.237
15.237
15.237
15.237
15.237
15.237
15.237
15.237
15.237
15.237
15.237
15.237
15.237
15.237
15.237
15.237
15.237
15.237
15.237
15.237
15.237
15.237
15.237
15.237
15.237
15.237
15.237
15.237
15.237
15.237
15.237
15.237
15.237
15.237
15.237
15.237
15.237
15.237
15.237
15.237
15.237
15.237
15.237
15.237
15.237
15.237
15.237
15.237
15.237
15.237
15.237
15.237
15.237
15.237
15.237
15.237
15.237
15.237
15.237
15.237
15.237
15.237
15.237
15.237
15.237
15.237
15.237
15.237
15.237
15.237
15.237
15.237
15.237
15.237
15.237
15.237
15.237
15.237
15.237
15.237
15.237
15.237
15.237
15.237
15.237
15.237
15.237
15.237
15.237
15.237
15.237
15.237
15.237
15.237
15.237
15.237
15.237
15.237
15.237
15.237
15.237
15.237
15.237
15.237
15.237
15.237
15.237
15.237
15.237
15.237
15.237
15.237
15.237
15.237
15.237
15.237
15.237
15.237
15.237
15.237
15.237
15.237
15.237
15.237
15.237
15.237
15.237
15.237
15.237
15.237
15.237
15.237
15.237
15.237
15.237
15.237
15.237
15.237
15.237
15.237
15.237
15.237
15.237
15.237
15.237
15.237
15.237
15.237
15.237
15.237
15.237
15.237
15.237
15.237
15.237
15.237
15.237
15.237
15.237
15.237
15.237
15.237
15.237
15.237
15.237
15.237
15.237
15.237
15.237
15.237
15.237
15.237
15.237
15.237
15.237
15.237
15.237
15.237
15.237
15.237
15.237
15.237
15.237
15.237
15.237
15.237
15.237
15.237
15.237
15.237
15.237
15.237
15.237
15.237
15.237
15.237
15.237
15.237
15.237
15.237
15.237
15.237
15.237
15.237
15.237
15.237
15.237
15.237
15.237
15.237
15.237
15.237
15.237
15.237
15.237
15.237
15.237
15.237
15.237
15.237
15.237
15.237
15.237
15.237
15.237
15.237
15.237
15.237
15.237
15.237
15.237
15.237
15.237
15.237
15.237
15.237
15.237
15.237
15.237
15.237
15.237
15.237
15.237
15.237
15.237
15.237
15.237
15.237
15.237
15.237
15.237
15.237
15.237
15.237
15.237
15.237
15.237
15.237
15.237
15.237
15.237
15.237
15.237
15.237
15.237
15.237
15.237
15.237
15.237
15.237
15.237
15.237
15.237
15.237
15.237
15.237
15.237
15.237
15.237
15.237
15.237
15.237
15.237
15.237
15.237
15.237
15.237
15.237
15.237
15.237
15.237
15.237
15.237
15.237
15.237
15.237
15.237
15.237
15.237
15.237
15.237
15.237
15.237
15.237
15.237
15.237
15.237
15.237
15.237
15.237
15.237
15.237
15.237
15.237
15.237
15.237
15.237
15.237
15.237
15.237
15.237
15.237
15.237
15.237
15.237
15.237
15.237
15.237
15.237
15.237
15.237
15.237
15.237
15.237
15.237
15.237
15.237
15.237
15.237
15.237
15.237
15.237
15.237
15.237
15.237
15.237
15.237
15.237
15.237
15.237
15.237
15.237
15.237
15.237
15.237
15.237
15.237
15.237
15.237
15.237
15.237
15.237
15.237
15.237
15.237
15.237
15.237
15.237
15.237
15.237
15.237
15.237
15.237
15.237
15.237
15.237
15.237
15.237
15.237
15.237
15.237
15.237
15.237
15.237
15.237
15.237
15.237
15.237
15.237
15.237
15.237
15.237
15.237
15.237
15.237
15.237
15.237
15.237
15.237
15.237
15.237
15.237
15.237
15.237
15.237
15.237
15.237
15.237
15.237
15.237
15.237
15.237
15.237
15.237
15.237
15.237
15.237
15.237
15.237
15.237
15.237
15.237
15.237
15.237
15.237
15.237
15.237
15.237
15.237
15.237
15.237
15.237
15.237
15.237
15.237
15.237
15.237
15.237
15.237
15.237
15.237
15.237
15.237
15.237
15.237
15.237
15.237
15.237
15.237
15.237
15.237
15.237
15.237
15.237
15.237
15.237
15.237
15.237
15.237
15.237
15.237
15.237
15.237
15.237
15.237
15.237
15.237
15.237
15.237
15.237
15.237
15.237
15.237
15.237
15.237
15.237
15.237
15.237
15.237
15.237
15.237
15.237
15.237
15.237
15.237
15.237
15.237
15.237
15.237
15.237
15.237
15.237
15.237
15.237
15.237
15.237
15.237
15.237
15.237
15.237
15.237
15.237
15.237
15.237
15.237
15.237
15.237
15.237
15.237
15.237
15.237
15.237
15.237
15.237
15.237
15.237
15.237
15.237
15.237
15.237
15.237
15.237
15.237
15.237
15.237
15.237
15.237
15.237
15.237
15.237
15.237
15.237
15.237
15.237
15.237
15.237
15.237
15.237
15.237
15.237
15.237
15.237
15.237
15.237
15.237
15.237
15.237
15.237
15.237
15.237
15.237
15.237
15.237
15.237
15.237
15.237
15.237
15.237
15.237
15.237
15.237
15.237
15.237
15.237
15.237
15.237
15.237
15.237
15.237
15.237
15.237
15.237
15.237
15.237
15.237
15.237
15.237
15.237
15.237
15.237
15.237
15.237
15.237
15.237
15.237
15.237
15.237
15.237
15.237
15.237
15.237
15.237
15.237
15.237
15.237
15.237
15.237
15.237
15.237
15.237
15.237
15.237
15.237
15.237
15.237
15.237
15.237
15.237
15.237
15.237
15.237
15.237
15.237
15.237
15.237
15.237
15.237
15.237
15.237
15.237
15.237
15.237
15.237
15.237
15.237
15.237
15.237
15.237
15.237
15.237
15.237
15.237
15.237
15.237
15.237
15.237
15.237
15.237
15.237
15.237
15.237
15.237
15.237
15.237
15.237
15.237
15.237
15.237
15.237
15.237
15.237
15.237
15.237
15.237
15.237
15.237
15.237
15.237
15.237
15.237
15.237
15.237
15.237
15.237
15.237
15.237
15.237
15.237
15.237
15.237
15.237
15.237
15.237
15.237
15.237
15.237
15.237
15.237
15.237
15.237
15.237
15.237
15.237
15.237
15.237
15.237
15.237
15.237
15.237
15.237
15.237
15.237
15.237
15.237
15.237
15.237
15.237
15.237
15.237
15.237
15.237
15.237
15.237
15.237
15.237
15.237
15.237
15.237
15.237
15.237
15.237
15.237
15.237
15.237
15.237
15.237
15.237
15.237
15.237
15.237
15.237
15.237
15.237
15.237
15.237
15.237
15.237
15.237
15.237
15.237
15.237
15.237
15.237
15.237
15.237
15.237
15.237
15.237
15.237
15.237
15.237
15.237
15.237
15.237
15.237
15.237
15.237
15.237
15.237
15.237
15.237
15.237
15.237
15.237
15.237
15.237
15.237
15.237
15.237
15.237
15.237
15.237
15.237
15.237
15.237
15.237
15.237
15.237
15.237
15.237
15.237
15.237
15.237
15.237
15.237
15.237
15.237
15.237
15.237
15.237
15.237
15.237
15.237
15.237
15.237
15.237
15.237
15.237
15.237
15.237
15.237
15.237
15.237
15.237
15.237
15.237
15.237
15.237
15.237
15.237
15.237
15.237
15.237
15.237
15.237
15.237
15.237
15.237
15.237
15.237
15.237
15.237
15.237
15.237
15.237
15.237
15.237
15.237
15.237
15.237
15.237
15.237
15.237
15.237
15.237
15.237
15.237
15.237
15.237
15.237
15.237
15.237
15.237
15.237
15.237
15.237
15.237
15.237
15.237
15.237
15.237
15.237
15.237
15.237
15.237
15.237
15.237
15.237
15.237
15.237
15.237
15.237
15.237
15.237
15.237
15.237
15.237
15.237
15.237
15.237
15.237
15.237
15.237
15.237
15.237
15.237
15.237
15.237
15.237
15.237
15.237
15.237
15.237
15.237
15.237
15.237
15.237
15.237
15.237
15.237
15.237
15.237
15.237
15.237
15.237
15.237
15.237
15.237
15.237
15.237
15.237
15.237
15.237
15.237
15.237
15.237
15.237
15.237
15.237
15.237
15.237
15.237
15.237
15.237
15.237
15.237
15.237
15.237
15.237
15.237
15.237
15.237
15.237
15.237
15.237
15.237
15.237
15.237
15.237
15.237
15.237
15.237
15.237
15.237
15.237
15.237
15.237
15.237
15.237
15.237
15.237
15.237
15.237
15.237
15.237
15.237
15.237
15.237
15.237
15.237
15.237
15.237
15.237
15.237
15.237
15.237
15.237
15.237
15.237
15.237
15.237
15.237
15.237
15.237
15.237
15.237
15.237
15.237
15.237
15.237
15.237
15.237
15.237
15.237
15.237
15.237
15.237
15.237
15.237
15.237
15.237
15.237
15.237
15.237
15.237
15.237
15.237
15.237
15.237
15.237
15.237
15.237
15.237
15.237
15.237
15.237
15.237
15.237
15.237
15.237
15.237
15.237
15.237
15.237
15.237
15.237
15.237
15.237
15.237
15.237
15.237
15.237
15.237
15.237
15.237
15.237
15.237
15.237
15.237
15.237
15.237
15.237
