8.54148e+06
5.9667e+06
5.9667e+06
3.19181e+06
3.19181e+06
3.19181e+06
3.19181e+06
3.19181e+06
3.19181e+06
3.19181e+06
3.19181e+06
3.19181e+06
3.19181e+06
3.19181e+06
3.19181e+06
3.19181e+06
3.19181e+06
3.19181e+06
3.19181e+06
3.19181e+06
3.19181e+06
3.19181e+06
3.19181e+06
3.19181e+06
3.19181e+06
3.19181e+06
317673
317673
317673
290893
20417.4
20417.4
20417.4
20417.4
20417.4
20417.4
20417.4
20417.4
20417.4
14169.7
14169.7
14169.7
14169.7
14169.7
14169.7
14169.7
14169.7
14169.7
14169.7
14169.7
14169.7
14169.7
14169.7
14169.7
14169.7
14169.7
14169.7
14169.7
14169.7
14169.7
14169.7
14169.7
14169.7
14169.7
14169.7
14169.7
14169.7
14169.7
14169.7
14169.7
14169.7
14169.7
14169.7
14169.7
12592.9
12592.9
11267.3
6990.89
4219.92
959.583
959.583
566.366
510.847
420.242
420.242
420.242
420.242
420.242
420.242
400.469
294.04
280.005
237.021
232.809
232.809
219.271
204.307
204.307
203.8
203.8
203.8
202.457
202.457
202.457
202.457
202.457
202.457
202.457
202.457
202.457
202.457
202.457
202.457
202.457
191.126
191.126
191.126
191.126
191.126
191.126
189.009
189.009
189.009
189.009
189.009
189.009
189.009
189.009
184.655
184.655
184.655
184.655
184.655
184.655
184.655
184.655
184.655
184.655
184.655
184.655
184.655
184.655
184.655
184.655
184.655
184.655
184.655
184.655
184.655
184.655
184.655
184.655
184.655
184.655
184.655
184.655
184.655
184.655
184.655
181.575
181.575
181.575
181.575
177.749
177.749
177.749
177.749
177.749
177.749
177.749
177.749
177.749
177.749
177.749
177.749
177.749
177.749
177.749
177.749
177.749
177.749
177.749
177.749
177.749
177.749
177.749
177.749
177.749
177.749
177.749
177.749
177.749
170.485
170.485
170.485
170.485
170.485
170.485
170.485
170.485
170.485
170.485
170.485
170.485
170.485
170.485
170.485
170.485
170.485
170.485
163.803
163.803
163.803
163.803
163.803
163.803
163.803
163.803
163.803
163.803
163.803
163.803
163.803
163.803
163.803
163.803
163.803
163.803
163.803
163.803
163.803
157.875
157.875
157.875
157.875
157.875
157.875
157.875
157.875
157.875
157.875
157.875
157.875
157.875
157.875
157.875
157.875
157.875
157.875
157.875
157.875
157.875
157.875
157.875
157.875
157.875
157.875
157.875
157.875
157.875
157.875
157.875
157.875
141.835
141.835
141.835
141.835
141.835
141.835
141.835
141.835
141.835
141.835
141.835
141.835
141.835
141.835
141.835
141.835
141.835
141.835
141.835
141.835
141.835
117.128
117.128
117.128
117.128
117.128
117.128
110.926
110.926
104.308
104.308
104.308
104.308
104.308
104.308
104.308
104.308
104.308
104.308
103.91
103.91
103.91
101.309
99.396
98.4161
94.674
93.6026
86.9043
86.9043
83.0157
81.4015
81.4015
81.4015
81.4015
81.4015
81.4015
81.4015
81.4015
81.4015
81.4015
81.4015
80.3136
80.3136
80.3136
80.3136
80.3136
80.3136
78.809
78.7506
78.7506
78.2831
77.7526
77.4881
76.8889
75.2331
74.9571
74.9571
74.7693
74.7693
74.7693
74.7693
74.7693
74.7693
74.5977
74.5977
74.5977
74.5977
74.5661
74.4343
74.2297
74.2297
74.2297
74.1376
73.8224
73.8224
73.7993
73.7993
73.7993
73.7776
73.7776
73.7776
73.7776
73.7404
73.7404
73.7404
73.7404
73.7404
73.7404
73.7404
73.7302
73.7211
73.7211
73.7187
73.7187
73.7152
73.7152
73.7146
73.688
73.688
73.688
73.6871
73.686
73.682
73.6762
73.6754
73.6741
73.6738
73.6737
73.6737
73.6737
73.6737
73.6737
73.6712
73.6705
73.6697
73.6675
73.6649
73.6649
73.6649
73.6649
73.6648
73.664
73.664
73.664
73.664
73.664
73.664
73.664
73.664
73.664
73.664
73.664
73.664
73.664
73.664
73.664
73.664
73.664
73.664
73.664
73.664
73.664
73.664
73.664
73.664
73.664
73.664
73.664
73.664
73.664
73.664
73.664
73.664
73.664
73.664
73.664
73.664
73.664
73.664
73.664
73.664
73.664
73.664
73.664
73.664
73.664
73.664
73.664
73.664
73.664
73.664
73.664
73.664
73.664
73.664
73.664
73.664
73.664
73.664
73.664
73.664
73.664
73.664
73.664
73.664
73.664
73.664
73.664
73.664
73.664
73.664
73.664
73.664
73.664
73.664
73.664
73.664
73.664
73.664
73.664
73.664
73.664
73.664
73.664
73.664
73.664
73.664
73.664
73.664
73.664
73.664
73.664
73.664
73.664
73.664
73.664
73.664
73.664
73.664
73.664
73.664
73.664
73.664
73.664
73.664
73.664
73.664
73.664
73.664
73.664
73.664
73.664
73.664
73.664
73.664
73.664
73.664
73.664
73.664
73.664
73.664
73.664
73.664
73.664
73.664
73.664
73.664
73.664
73.664
73.664
73.664
73.664
73.664
73.664
73.664
73.664
73.664
73.664
73.664
73.664
73.664
73.664
73.664
73.664
73.664
73.664
73.664
73.664
73.664
73.664
73.664
73.664
73.664
73.664
73.664
73.664
73.664
73.664
73.664
73.664
73.664
73.664
73.664
73.664
73.664
73.664
73.664
73.664
73.664
73.664
73.664
73.664
73.664
73.664
73.664
73.664
73.664
73.664
73.664
73.664
73.664
73.664
73.664
73.664
73.664
73.664
73.664
73.664
73.664
73.664
73.664
73.664
73.664
73.664
73.664
73.664
73.664
73.664
73.664
73.664
73.664
73.664
73.664
73.664
73.664
73.664
73.664
73.664
73.664
73.664
73.664
73.664
73.664
73.664
73.664
73.664
73.664
73.664
73.664
73.664
73.664
73.664
73.664
73.664
73.664
73.664
73.664
73.664
73.664
73.664
73.664
73.664
73.664
73.664
73.664
73.664
73.664
73.664
73.664
73.664
73.664
73.664
73.664
73.664
73.664
73.664
73.664
73.664
73.664
73.664
73.664
73.664
73.664
73.664
73.664
73.664
73.664
73.664
73.664
73.664
73.664
73.664
73.664
73.664
73.664
73.664
73.664
73.664
73.664
73.664
73.664
73.664
73.664
73.664
73.664
73.664
73.664
73.664
73.664
73.664
73.664
73.664
73.664
73.664
73.664
73.664
73.664
73.664
73.664
73.664
73.664
73.664
73.664
73.664
73.664
73.664
73.664
73.664
73.664
73.664
73.664
73.664
73.664
73.664
73.664
73.664
73.664
73.664
73.664
73.664
73.664
73.664
73.664
73.664
73.664
73.664
73.664
73.664
73.664
73.664
73.664
73.664
73.664
73.664
73.664
73.664
73.664
73.664
73.664
73.664
73.664
73.664
73.664
73.664
73.664
73.664
73.664
73.664
73.664
73.664
73.664
73.664
73.664
73.664
73.664
73.664
73.664
73.664
73.664
73.664
73.664
73.664
73.664
73.664
73.664
73.664
73.664
73.664
73.664
73.664
73.664
73.664
73.664
73.664
73.664
73.664
73.664
73.664
73.664
73.664
73.664
73.664
73.664
73.664
73.664
73.664
73.664
73.664
73.664
73.664
73.664
73.664
73.664
73.664
73.664
73.664
73.664
73.664
73.664
73.664
73.664
73.664
73.664
73.664
73.664
73.664
73.664
73.664
73.664
73.664
73.664
73.664
73.664
73.664
73.664
73.664
73.664
73.664
73.664
73.664
73.664
73.664
73.664
73.664
73.664
73.664
73.664
73.664
73.664
73.664
73.664
73.664
73.664
73.664
73.664
73.664
73.664
73.664
73.664
73.664
73.664
73.664
73.664
73.664
73.664
73.664
73.664
73.664
73.664
73.664
73.664
73.664
73.664
73.664
73.664
73.664
73.664
73.664
73.664
73.664
73.664
73.664
73.664
73.664
73.664
73.664
73.664
73.664
73.664
73.664
73.664
73.664
73.664
73.664
73.664
73.664
73.664
73.664
73.664
73.664
73.664
73.664
73.664
73.664
73.664
73.664
73.664
73.664
73.664
73.664
73.664
73.664
73.664
73.664
73.664
73.664
73.664
73.664
73.664
73.664
73.664
73.664
73.664
73.664
73.664
73.664
73.664
73.664
73.664
73.664
73.664
73.664
73.664
73.664
73.664
73.664
73.664
73.664
73.664
73.664
73.664
73.664
73.664
73.664
73.664
73.664
73.664
73.664
73.664
73.664
73.664
73.664
73.664
73.664
73.664
73.664
73.664
73.664
73.664
73.664
73.664
73.664
73.664
73.664
73.664
73.664
73.664
73.664
73.664
73.664
73.664
73.664
73.664
73.664
73.664
73.664
73.664
73.664
73.664
73.664
73.664
73.664
73.664
73.664
73.664
73.664
73.664
73.664
73.664
73.664
73.664
73.664
73.664
73.664
73.664
73.664
73.664
73.664
73.664
73.664
73.664
73.664
73.664
73.664
73.664
73.664
73.664
73.664
73.664
73.664
73.664
73.664
73.664
73.664
73.664
73.664
73.664
73.664
73.664
73.664
73.664
73.664
73.664
73.664
73.664
73.664
73.664
73.664
73.664
73.664
73.664
73.664
73.664
73.664
73.664
73.664
73.664
73.664
73.664
73.664
73.664
73.664
73.664
73.664
73.664
73.664
73.664
73.664
73.664
73.664
73.664
73.664
73.664
73.664
73.664
73.664
73.664
73.664
73.664
73.664
73.664
73.664
73.664
73.664
73.664
73.664
73.664
73.664
73.664
73.664
73.664
73.664
73.664
73.664
73.664
73.664
73.664
73.664
73.664
73.664
73.664
73.664
73.664
73.664
73.664
73.664
73.664
73.664
73.664
73.664
73.664
73.664
73.664
73.664
73.664
73.664
73.664
73.664
73.664
73.664
73.664
73.664
73.664
73.664
73.664
73.664
73.664
73.664
73.664
73.664
73.664
73.664
73.664
73.664
73.664
73.664
73.664
73.664
73.664
73.664
73.664
73.664
73.664
73.664
73.664
73.664
73.664
73.664
73.664
73.664
73.664
73.664
73.664
73.664
73.664
73.664
73.664
73.664
73.664
73.664
73.664
73.664
73.664
73.664
73.664
73.664
73.664
73.664
73.664
73.664
73.664
73.664
73.664
73.664
73.664
73.664
73.664
73.664
73.664
73.664
73.664
73.664
73.664
73.664
73.664
73.664
73.664
73.664
73.664
73.664
73.664
73.664
73.664
73.664
73.664
73.664
73.664
73.664
73.664
73.664
73.664
73.664
73.664
73.664
73.664
73.664
73.664
73.664
73.664
73.664
73.664
73.664
73.664
73.664
73.664
73.664
73.664
73.664
73.664
73.664
73.664
73.664
73.664
73.664
73.664
73.664
73.664
73.664
73.664
73.664
73.664
73.664
73.664
73.664
73.664
73.664
73.664
73.664
73.664
73.664
73.664
73.664
73.664
73.664
73.664
73.664
73.664
73.664
73.664
73.664
73.664
73.664
73.664
73.664
73.664
73.664
73.664
73.664
73.664
73.664
73.664
73.664
73.664
73.664
73.664
73.664
73.664
73.664
73.664
73.664
73.664
73.664
73.664
73.664
73.664
73.664
73.664
73.664
73.664
73.664
73.664
73.664
73.664
73.664
73.664
73.664
73.664
73.664
73.664
73.664
73.664
73.664
73.664
73.664
73.664
73.664
73.664
73.664
73.664
73.664
73.664
73.664
73.664
73.664
73.664
73.664
73.664
73.664
73.664
73.664
73.664
73.664
73.664
73.664
73.664
73.664
73.664
73.664
73.664
73.664
73.664
73.664
73.664
73.664
73.664
73.664
73.664
73.664
73.664
73.664
73.664
73.664
73.664
73.664
73.664
73.664
73.664
73.664
73.664
73.664
73.664
73.664
73.664
73.664
73.664
73.664
73.664
73.664
73.664
73.664
73.664
73.664
73.664
73.664
73.664
73.664
73.664
73.664
73.664
73.664
73.664
73.664
73.664
73.664
73.664
73.664
73.664
73.664
73.664
73.664
73.664
73.664
73.664
73.664
73.664
73.664
73.664
73.664
73.664
73.664
73.664
73.664
73.664
73.664
73.664
73.664
73.664
73.664
73.664
73.664
73.664
73.664
73.664
73.664
73.664
73.664
73.664
73.664
73.664
73.664
73.664
73.664
73.664
73.664
73.664
73.664
73.664
73.664
73.664
73.664
73.664
73.664
73.664
73.664
73.664
73.664
73.664
73.664
73.664
73.664
73.664
73.664
73.664
73.664
73.664
73.664
73.664
73.664
73.664
73.664
73.664
73.664
73.664
73.664
73.664
73.664
73.664
73.664
73.664
73.664
73.664
73.664
73.664
73.664
73.664
73.664
73.664
73.664
73.664
73.664
73.664
73.664
73.664
73.664
73.664
73.664
73.664
73.664
73.664
73.664
73.664
73.664
73.664
73.664
73.664
73.664
73.664
73.664
73.664
73.664
73.664
73.664
73.664
73.664
73.664
73.664
73.664
73.664
73.664
73.664
73.664
73.664
73.664
73.664
73.664
73.664
73.664
73.664
73.664
73.664
73.664
73.664
73.664
73.664
73.664
73.664
73.664
73.664
73.664
73.664
73.664
73.664
73.664
73.664
73.664
73.664
73.664
73.664
73.664
73.664
73.664
73.664
73.664
73.664
73.664
73.664
73.664
73.664
73.664
73.664
73.664
73.664
73.664
73.664
73.664
73.664
73.664
73.664
73.664
73.664
73.664
73.664
73.664
73.664
73.664
73.664
73.664
73.664
73.664
73.664
73.664
73.664
73.664
73.664
73.664
73.664
73.664
73.664
73.664
73.664
73.664
73.664
73.664
73.664
73.664
73.664
73.664
73.664
73.664
73.664
73.664
73.664
73.664
73.664
73.664
73.664
73.664
73.664
73.664
73.664
73.664
73.664
73.664
73.664
73.664
73.664
73.664
73.664
73.664
73.664
73.664
73.664
73.664
73.664
73.664
73.664
73.664
73.664
73.664
73.664
73.664
73.664
73.664
73.664
73.664
73.664
73.664
73.664
73.664
73.664
73.664
73.664
73.664
73.664
73.664
73.664
73.664
73.664
73.664
73.664
73.664
73.664
73.664
73.664
73.664
73.664
73.664
73.664
73.664
73.664
73.664
73.664
73.664
73.664
73.664
73.664
73.664
73.664
73.664
73.664
73.664
73.664
73.664
73.664
73.664
73.664
73.664
73.664
73.664
73.664
73.664
73.664
73.664
73.664
73.664
73.664
73.664
73.664
73.664
73.664
73.664
73.664
73.664
73.664
73.664
73.664
73.664
73.664
73.664
73.664
73.664
73.664
73.664
73.664
73.664
73.664
73.664
73.664
73.664
73.664
73.664
73.664
73.664
73.664
73.664
73.664
73.664
73.664
73.664
73.664
73.664
73.664
73.664
73.664
73.664
73.664
73.664
73.664
73.664
73.664
73.664
73.664
73.664
73.664
73.664
73.664
73.664
73.664
73.664
73.664
73.664
73.664
73.664
73.664
73.664
73.664
73.664
73.664
73.664
73.664
73.664
73.664
73.664
73.664
73.664
73.664
73.664
73.664
73.664
73.664
73.664
73.664
73.664
73.664
73.664
73.664
73.664
73.664
73.664
73.664
73.664
73.664
73.664
73.664
73.664
73.664
73.664
73.664
73.664
73.664
73.664
73.664
73.664
73.664
73.664
73.664
73.664
73.664
73.664
73.664
73.664
73.664
73.664
73.664
73.664
73.664
73.664
73.664
73.664
73.664
73.664
73.664
73.664
73.664
73.664
73.664
73.664
73.664
73.664
73.664
73.664
73.664
73.664
73.664
73.664
73.664
73.664
73.664
73.664
73.664
73.664
73.664
73.664
73.664
73.664
73.664
73.664
73.664
73.664
73.664
73.664
73.664
73.664
73.664
73.664
73.664
73.664
73.664
73.664
73.664
73.664
73.664
73.664
73.664
73.664
73.664
73.664
73.664
73.664
73.664
73.664
73.664
73.664
73.664
73.664
73.664
73.664
73.664
73.664
73.664
73.664
73.664
73.664
73.664
73.664
73.664
73.664
73.664
73.664
73.664
73.664
73.664
73.664
73.664
73.664
73.664
73.664
73.664
73.664
73.664
73.664
73.664
73.664
73.664
73.664
73.664
73.664
73.664
73.664
73.664
73.664
73.664
73.664
73.664
73.664
73.664
73.664
73.664
73.664
73.664
73.664
73.664
73.664
73.664
73.664
73.664
73.664
73.664
73.664
73.664
73.664
73.664
73.664
73.664
73.664
73.664
73.664
73.664
73.664
73.664
73.664
73.664
73.664
73.664
73.664
73.664
73.664
73.664
73.664
73.664
73.664
73.664
73.664
73.664
73.664
73.664
73.664
73.664
73.664
73.664
73.664
73.664
73.664
73.664
73.664
73.664
73.664
73.664
73.664
73.664
73.664
73.664
73.664
73.664
73.664
73.664
73.664
73.664
73.664
73.664
73.664
73.664
73.664
73.664
73.664
73.664
73.664
73.664
73.664
73.664
73.664
73.664
73.664
73.664
73.664
73.664
73.664
73.664
73.664
73.664
73.664
73.664
73.664
73.664
73.664
73.664
73.664
73.664
73.664
73.664
73.664
73.664
73.664
73.664
73.664
73.664
73.664
73.664
73.664
73.664
73.664
73.664
73.664
73.664
73.664
73.664
73.664
73.664
73.664
73.664
73.664
73.664
73.664
73.664
73.664
73.664
73.664
73.664
73.664
73.664
73.664
73.664
73.664
73.664
73.664
73.664
73.664
73.664
73.664
73.664
73.664
73.664
73.664
73.664
73.664
73.664
73.664
73.664
73.664
73.664
73.664
73.664
73.664
73.664
73.664
73.664
73.664
73.664
73.664
73.664
73.664
73.664
73.664
73.664
73.664
73.664
73.664
73.664
73.664
73.664
73.664
73.664
73.664
73.664
73.664
73.664
73.664
73.664
73.664
73.664
73.664
73.664
73.664
73.664
73.664
73.664
73.664
73.664
73.664
73.664
73.664
73.664
73.664
73.664
73.664
73.664
73.664
73.664
73.664
73.664
73.664
73.664
73.664
73.664
73.664
73.664
73.664
73.664
73.664
73.664
73.664
73.664
73.664
73.664
73.664
73.664
73.664
73.664
73.664
73.664
73.664
73.664
73.664
73.664
73.664
73.664
73.664
73.664
73.664
73.664
73.664
73.664
73.664
73.664
73.664
73.664
73.664
73.664
73.664
73.664
73.664
73.664
73.664
73.664
73.664
73.664
73.664
73.664
73.664
73.664
73.664
73.664
73.664
73.664
73.664
73.664
73.664
73.664
73.664
73.664
73.664
73.664
73.664
73.664
73.664
73.664
73.664
73.664
73.664
73.664
73.664
73.664
73.664
73.664
73.664
73.664
73.664
73.664
73.664
73.664
73.664
73.664
73.664
73.664
73.664
73.664
73.664
73.664
73.664
73.664
73.664
73.664
73.664
73.664
73.664
73.664
73.664
73.664
73.664
73.664
73.664
73.664
73.664
73.664
73.664
73.664
73.664
73.664
73.664
73.664
73.664
73.664
73.664
73.664
73.664
73.664
73.664
73.664
73.664
73.664
73.664
73.664
73.664
73.664
73.664
73.664
73.664
73.664
73.664
73.664
73.664
73.664
73.664
73.664
73.664
73.664
73.664
73.664
73.664
73.664
73.664
73.664
73.664
73.664
73.664
73.664
73.664
73.664
73.664
73.664
73.664
73.664
73.664
73.664
73.664
73.664
73.664
73.664
73.664
73.664
73.664
73.664
73.664
73.664
73.664
73.664
73.664
73.664
73.664
73.664
73.664
73.664
73.664
73.664
73.664
73.664
73.664
73.664
73.664
73.664
73.664
73.664
73.664
73.664
73.664
73.664
73.664
73.664
73.664
73.664
73.664
73.664
73.664
73.664
73.664
73.664
73.664
73.664
73.664
73.664
73.664
73.664
73.664
73.664
73.664
73.664
73.664
73.664
73.664
73.664
73.664
73.664
73.664
73.664
73.664
73.664
73.664
73.664
73.664
73.664
73.664
73.664
73.664
73.664
73.664
73.664
73.664
73.664
73.664
73.664
73.664
73.664
73.664
73.664
73.664
73.664
73.664
73.664
73.664
73.664
73.664
73.664
73.664
73.664
73.664
73.664
73.664
73.664
73.664
73.664
73.664
73.664
73.664
73.664
73.664
73.664
73.664
73.664
73.664
73.664
73.664
73.664
73.664
73.664
73.664
73.664
73.664
73.664
73.664
73.664
73.664
73.664
73.664
73.664
73.664
73.664
73.664
73.664
73.664
73.664
73.664
73.664
73.664
73.664
73.664
73.664
73.664
73.664
73.664
73.664
73.664
73.664
73.664
73.664
73.664
73.664
73.664
73.664
73.664
73.664
73.664
73.664
73.664
73.664
73.664
73.664
73.664
73.664
73.664
73.664
73.664
73.664
73.664
73.664
73.664
73.664
73.664
73.664
73.664
73.664
73.664
73.664
73.664
73.664
73.664
73.664
73.664
73.664
73.664
73.664
73.664
73.664
73.664
73.664
73.664
73.664
73.664
73.664
73.664
73.664
73.664
73.664
73.664
73.664
73.664
73.664
73.664
73.664
73.664
73.664
73.664
73.664
73.664
73.664
73.664
73.664
73.664
73.664
73.664
73.664
73.664
73.664
73.664
73.664
73.664
73.664
73.664
73.664
73.664
73.664
73.664
73.664
73.664
73.664
73.664
73.664
73.664
73.664
73.664
73.664
73.664
73.664
73.664
73.664
73.664
73.664
73.664
73.664
73.664
73.664
73.664
73.664
73.664
73.664
73.664
73.664
73.664
73.664
73.664
73.664
73.664
73.664
73.664
73.664
73.664
73.664
73.664
73.664
73.664
73.664
73.664
73.664
73.664
73.664
73.664
73.664
73.664
73.664
73.664
73.664
73.664
73.664
73.664
73.664
73.664
73.664
73.664
73.664
73.664
73.664
73.664
73.664
73.664
73.664
73.664
73.664
73.664
73.664
73.664
73.664
73.664
73.664
73.664
73.664
73.664
73.664
73.664
73.664
73.664
73.664
73.664
73.664
73.664
73.664
73.664
73.664
73.664
73.664
73.664
73.664
73.664
73.664
73.664
73.664
73.664
73.664
73.664
73.664
73.664
73.664
73.664
73.664
73.664
73.664
73.664
73.664
73.664
73.664
73.664
73.664
73.664
73.664
73.664
73.664
73.664
73.664
73.664
73.664
73.664
73.664
73.664
73.664
73.664
73.664
73.664
73.664
73.664
73.664
73.664
73.664
73.664
73.664
73.664
73.664
73.664
73.664
73.664
73.664
73.664
73.664
73.664
73.664
73.664
73.664
73.664
73.664
73.664
73.664
73.664
73.664
73.664
73.664
73.664
73.664
73.664
73.664
73.664
73.664
73.664
73.664
73.664
73.664
73.664
73.664
73.664
73.664
73.664
73.664
73.664
73.664
73.664
73.664
73.664
73.664
73.664
73.664
73.664
73.664
73.664
73.664
73.664
73.664
73.664
73.664
73.664
73.664
73.664
73.664
73.664
73.664
73.664
73.664
73.664
73.664
73.664
73.664
73.664
73.664
73.664
73.664
73.664
73.664
73.664
73.664
73.664
73.664
73.664
73.664
73.664
73.664
73.664
73.664
73.664
73.664
73.664
73.664
73.664
73.664
73.664
73.664
73.664
73.664
73.664
73.664
73.664
73.664
73.664
73.664
73.664
73.664
73.664
73.664
73.664
73.664
73.664
73.664
73.664
73.664
73.664
73.664
73.664
73.664
73.664
73.664
73.664
73.664
73.664
73.664
73.664
73.664
73.664
73.664
73.664
73.664
73.664
73.664
73.664
73.664
73.664
73.664
73.664
73.664
73.664
73.664
73.664
73.664
73.664
73.664
73.664
73.664
73.664
73.664
73.664
73.664
73.664
73.664
73.664
73.664
73.664
73.664
73.664
73.664
73.664
73.664
73.664
73.664
73.664
73.664
73.664
73.664
73.664
73.664
73.664
73.664
73.664
73.664
73.664
73.664
73.664
73.664
73.664
73.664
73.664
73.664
73.664
73.664
73.664
73.664
73.664
73.664
73.664
73.664
73.664
73.664
73.664
73.664
73.664
73.664
73.664
73.664
73.664
73.664
73.664
73.664
73.664
73.664
73.664
73.664
73.664
73.664
73.664
73.664
73.664
73.664
73.664
73.664
73.664
73.664
73.664
73.664
73.664
73.664
73.664
73.664
73.664
73.664
73.664
73.664
73.664
73.664
73.664
73.664
73.664
73.664
73.664
73.664
73.664
73.664
73.664
73.664
73.664
73.664
73.664
73.664
73.664
73.664
73.664
73.664
73.664
73.664
73.664
73.664
73.664
73.664
73.664
73.664
73.664
73.664
73.664
73.664
73.664
73.664
73.664
73.664
73.664
73.664
73.664
73.664
73.664
73.664
73.664
73.664
73.664
73.664
73.664
73.664
73.664
73.664
73.664
73.664
73.664
73.664
73.664
73.664
73.664
73.664
73.664
73.664
73.664
73.664
73.664
73.664
73.664
73.664
73.664
73.664
73.664
73.664
73.664
73.664
73.664
73.664
73.664
73.664
73.664
73.664
73.664
73.664
73.664
73.664
73.664
73.664
73.664
73.664
73.664
73.664
73.664
73.664
73.664
73.664
73.664
73.664
73.664
73.664
73.664
73.664
73.664
73.664
73.664
73.664
73.664
73.664
73.664
73.664
73.664
73.664
73.664
73.664
73.664
73.664
73.664
73.664
73.664
73.664
73.664
73.664
73.664
73.664
73.664
73.664
73.664
73.664
73.664
73.664
73.664
73.664
73.664
73.664
73.664
73.664
73.664
73.664
73.664
73.664
73.664
73.664
73.664
73.664
73.664
73.664
73.664
73.664
73.664
73.664
73.664
73.664
73.664
73.664
73.664
73.664
73.664
73.664
73.664
73.664
73.664
73.664
73.664
73.664
73.664
73.664
73.664
73.664
73.664
73.664
73.664
73.664
73.664
73.664
73.664
73.664
73.664
73.664
73.664
73.664
73.664
73.664
73.664
73.664
73.664
73.664
73.664
73.664
73.664
73.664
73.664
73.664
73.664
73.664
73.664
73.664
73.664
73.664
73.664
73.664
73.664
73.664
73.664
73.664
73.664
73.664
73.664
73.664
73.664
73.664
73.664
73.664
73.664
73.664
73.664
73.664
73.664
73.664
73.664
73.664
73.664
73.664
73.664
73.664
73.664
73.664
73.664
73.664
73.664
73.664
73.664
73.664
73.664
73.664
73.664
73.664
73.664
73.664
73.664
73.664
73.664
73.664
73.664
73.664
73.664
73.664
73.664
73.664
73.664
73.664
73.664
73.664
73.664
73.664
73.664
73.664
73.664
73.664
73.664
73.664
73.664
73.664
73.664
73.664
73.664
73.664
73.664
73.664
73.664
73.664
73.664
73.664
73.664
73.664
73.664
73.664
73.664
73.664
73.664
73.664
73.664
73.664
73.664
73.664
73.664
73.664
73.664
73.664
73.664
73.664
73.664
73.664
73.664
73.664
73.664
73.664
73.664
73.664
73.664
73.664
73.664
73.664
73.664
73.664
73.664
73.664
73.664
73.664
73.664
73.664
73.664
73.664
73.664
73.664
73.664
73.664
73.664
73.664
73.664
73.664
73.664
73.664
73.664
73.664
73.664
73.664
73.664
73.664
73.664
73.664
73.664
73.664
73.664
73.664
73.664
73.664
73.664
73.664
73.664
73.664
73.664
73.664
73.664
73.664
73.664
73.664
73.664
73.664
73.664
73.664
73.664
73.664
73.664
73.664
73.664
73.664
73.664
73.664
73.664
73.664
73.664
73.664
73.664
73.664
73.664
73.664
73.664
73.664
73.664
73.664
73.664
73.664
73.664
73.664
73.664
73.664
73.664
73.664
73.664
73.664
73.664
73.664
73.664
73.664
73.664
73.664
73.664
73.664
73.664
73.664
73.664
73.664
73.664
73.664
73.664
73.664
73.664
73.664
73.664
73.664
73.664
73.664
73.664
73.664
73.664
73.664
73.664
73.664
73.664
73.664
73.664
73.664
73.664
73.664
73.664
73.664
73.664
73.664
73.664
73.664
73.664
73.664
73.664
73.664
73.664
73.664
73.664
73.664
73.664
73.664
73.664
73.664
73.664
73.664
73.664
73.664
73.664
73.664
73.664
73.664
73.664
73.664
73.664
73.664
73.664
73.664
73.664
73.664
73.664
73.664
73.664
73.664
73.664
73.664
73.664
73.664
73.664
73.664
73.664
73.664
73.664
73.664
73.664
73.664
73.664
73.664
73.664
73.664
73.664
73.664
73.664
73.664
73.664
73.664
73.664
73.664
73.664
73.664
73.664
73.664
73.664
73.664
73.664
73.664
73.664
73.664
73.664
73.664
73.664
73.664
73.664
73.664
73.664
73.664
73.664
73.664
73.664
73.664
73.664
73.664
73.664
73.664
73.664
73.664
73.664
73.664
73.664
73.664
73.664
73.664
73.664
73.664
73.664
73.664
73.664
73.664
73.664
73.664
73.664
73.664
73.664
73.664
73.664
73.664
73.664
73.664
73.664
73.664
73.664
73.664
73.664
73.664
73.664
73.664
73.664
73.664
73.664
73.664
73.664
73.664
73.664
73.664
73.664
73.664
73.664
73.664
73.664
73.664
73.664
73.664
73.664
73.664
73.664
73.664
73.664
73.664
73.664
73.664
73.664
73.664
73.664
73.664
73.664
73.664
73.664
73.664
73.664
73.664
73.664
73.664
73.664
73.664
73.664
73.664
73.664
73.664
73.664
73.664
73.664
73.664
73.664
73.664
73.664
73.664
73.664
73.664
73.664
73.664
73.664
73.664
73.664
73.664
73.664
73.664
73.664
73.664
73.664
73.664
73.664
73.664
73.664
73.664
73.664
73.664
73.664
73.664
73.664
73.664
73.664
73.664
73.664
73.664
73.664
73.664
73.664
73.664
73.664
73.664
73.664
73.664
73.664
73.664
73.664
73.664
73.664
73.664
73.664
73.664
73.664
73.664
73.664
73.664
73.664
73.664
73.664
73.664
73.664
73.664
73.664
73.664
73.664
73.664
73.664
73.664
73.664
73.664
73.664
73.664
73.664
73.664
73.664
73.664
73.664
73.664
73.664
73.664
73.664
73.664
73.664
73.664
73.664
73.664
73.664
73.664
73.664
73.664
73.664
73.664
73.664
73.664
73.664
73.664
73.664
73.664
73.664
73.664
73.664
73.664
73.664
73.664
73.664
73.664
73.664
73.664
73.664
73.664
73.664
73.664
73.664
73.664
73.664
73.664
73.664
73.664
73.664
73.664
73.664
73.664
73.664
73.664
73.664
73.664
73.664
73.664
73.664
73.664
73.664
73.664
73.664
73.664
73.664
73.664
73.664
73.664
73.664
73.664
73.664
73.664
73.664
73.664
73.664
73.664
73.664
73.664
73.664
73.664
73.664
73.664
73.664
73.664
73.664
73.664
73.664
73.664
73.664
73.664
73.664
73.664
73.664
73.664
73.664
73.664
73.664
73.664
73.664
73.664
73.664
73.664
73.664
73.664
73.664
73.664
73.664
73.664
73.664
73.664
73.664
73.664
73.664
73.664
73.664
73.664
73.664
73.664
73.664
73.664
73.664
73.664
73.664
73.664
73.664
73.664
73.664
73.664
73.664
73.664
73.664
73.664
73.664
73.664
73.664
73.664
73.664
73.664
73.664
73.664
73.664
73.664
73.664
73.664
73.664
73.664
73.664
73.664
73.664
73.664
73.664
73.664
73.664
73.664
73.664
73.664
73.664
73.664
73.664
73.664
73.664
73.664
73.664
73.664
73.664
73.664
73.664
73.664
73.664
73.664
73.664
73.664
73.664
73.664
73.664
73.664
73.664
73.664
73.664
73.664
73.664
73.664
73.664
73.664
73.664
73.664
73.664
73.664
73.664
73.664
73.664
73.664
73.664
73.664
73.664
73.664
73.664
73.664
73.664
73.664
73.664
73.664
73.664
73.664
73.664
73.664
73.664
73.664
73.664
73.664
73.664
73.664
73.664
73.664
73.664
73.664
73.664
73.664
73.664
73.664
73.664
73.664
73.664
73.664
73.664
73.664
73.664
73.664
73.664
73.664
73.664
73.664
73.664
73.664
73.664
73.664
73.664
73.664
73.664
73.664
73.664
73.664
73.664
73.664
73.664
73.664
73.664
73.664
73.664
73.664
73.664
73.664
73.664
73.664
73.664
73.664
73.664
73.664
73.664
73.664
73.664
73.664
73.664
73.664
73.664
73.664
73.664
73.664
73.664
73.664
73.664
73.664
73.664
73.664
73.664
73.664
73.664
73.664
73.664
73.664
73.664
73.664
73.664
73.664
73.664
73.664
73.664
73.664
73.664
73.664
73.664
73.664
73.664
73.664
73.664
73.664
73.664
73.664
73.664
73.664
73.664
73.664
73.664
73.664
73.664
73.664
73.664
73.664
73.664
73.664
73.664
73.664
73.664
73.664
73.664
73.664
73.664
73.664
73.664
73.664
73.664
73.664
73.664
73.664
73.664
73.664
73.664
73.664
73.664
73.664
73.664
73.664
73.664
73.664
73.664
73.664
73.664
73.664
73.664
73.664
73.664
73.664
73.664
73.664
73.664
73.664
73.664
73.664
73.664
73.664
73.664
73.664
73.664
73.664
73.664
73.664
73.664
73.664
73.664
73.664
73.664
73.664
73.664
73.664
73.664
73.664
73.664
73.664
73.664
73.664
73.664
73.664
73.664
73.664
73.664
73.664
73.664
73.664
73.664
73.664
73.664
73.664
73.664
73.664
73.664
73.664
73.664
73.664
73.664
73.664
73.664
73.664
73.664
73.664
73.664
73.664
73.664
73.664
73.664
73.664
73.664
73.664
73.664
73.664
73.664
73.664
73.664
73.664
73.664
73.664
73.664
73.664
73.664
73.664
73.664
73.664
73.664
73.664
73.664
73.664
73.664
73.664
73.664
73.664
73.664
73.664
73.664
73.664
73.664
73.664
73.664
73.664
73.664
73.664
73.664
73.664
73.664
46.1041
46.1041
46.1041
46.1041
46.1041
46.1041
46.1041
42.0909
42.0909
42.0909
32.3583
32.3583
32.3583
14.0312
14.0312
2.40718
2.40718
2.40718
2.40718
2.40718
2.40718
2.40718
2.40718
2.40718
2.40718
2.40718
2.40718
2.40718
2.40718
2.40718
2.40718
2.40718
2.40718
2.40718
2.40718
2.40718
1.8483
1.8483
1.21469
1.21469
0.754508
0.484423
0.259157
0.259157
0.259157
0.224526
0.159619
0.120579
0.0639536
0.0464448
0.0422089
0.0271097
0.0271097
0.0271097
0.0271097
0.021529
0.021529
0.0173603
0.00642399
0.00642399
0.00591946
0.00212124
0.00189966
0.00142604
0.000523219
0.000523219
0.000523219
0.000523219
0.000523219
0.000357193
0.000272261
0.000272261
0.000272261
0.000272261
0.000217681
0.000217681
0.000217681
0.000141645
8.04232e-05
7.88602e-05
3.58539e-05
3.58539e-05
3.58539e-05
3.58539e-05
2.01499e-05
2.01499e-05
1.00895e-05
7.12849e-06
4.49303e-06
4.40071e-06
4.40071e-06
4.40071e-06
4.40071e-06
2.91547e-06
2.91547e-06
2.91547e-06
1.38793e-06
8.88635e-07
4.04823e-07
4.04823e-07
2.60959e-07
2.60959e-07
1.34555e-07
1.34555e-07
1.34555e-07
1.34555e-07
1.34555e-07
1.34555e-07
1.34555e-07
9.78137e-08
8.02682e-08
3.59253e-08
2.67864e-08
9.40722e-09
7.47248e-09
7.47248e-09
4.12924e-09
3.80447e-09
3.80447e-09
3.80447e-09
3.80447e-09
3.80447e-09
3.80447e-09
3.80447e-09
3.80447e-09
3.80447e-09
3.80447e-09
3.80447e-09
3.80447e-09
3.80447e-09
3.80447e-09
3.80447e-09
3.80447e-09
3.80447e-09
3.80447e-09
3.80447e-09
3.80447e-09
3.80447e-09
3.80447e-09
3.80447e-09
3.80447e-09
3.80447e-09
3.80447e-09
3.80447e-09
3.80447e-09
3.80447e-09
3.80447e-09
3.80447e-09
3.80447e-09
3.80447e-09
3.80447e-09
3.80447e-09
3.80447e-09
3.80447e-09
3.80447e-09
3.80447e-09
3.80447e-09
3.80447e-09
3.80447e-09
3.80447e-09
3.80447e-09
3.80447e-09
3.80447e-09
3.80447e-09
3.80447e-09
3.80447e-09
3.80447e-09
3.80447e-09
3.80447e-09
3.80447e-09
3.80447e-09
3.80447e-09
3.80447e-09
3.80447e-09
3.80447e-09
3.80447e-09
3.80447e-09
3.80447e-09
3.80447e-09
3.80447e-09
3.80447e-09
3.80447e-09
3.80447e-09
3.80447e-09
3.80447e-09
3.80447e-09
3.80447e-09
3.80447e-09
3.80447e-09
3.80447e-09
3.80447e-09
3.80447e-09
3.80447e-09
3.80447e-09
3.80447e-09
3.80447e-09
3.80447e-09
3.80447e-09
3.80447e-09
3.80447e-09
3.80447e-09
3.80447e-09
3.80447e-09
3.80447e-09
3.80447e-09
3.80447e-09
3.80447e-09
3.80447e-09
3.80447e-09
3.80447e-09
3.80447e-09
3.80447e-09
3.80447e-09
3.80447e-09
3.80447e-09
3.80447e-09
3.80447e-09
3.80447e-09
3.80447e-09
3.80447e-09
3.80447e-09
3.80447e-09
3.80447e-09
3.80447e-09
3.80447e-09
3.80447e-09
3.80447e-09
3.80447e-09
3.80447e-09
3.80447e-09
3.80447e-09
3.80447e-09
3.80447e-09
3.80447e-09
3.80447e-09
3.80447e-09
3.80447e-09
3.80447e-09
3.80447e-09
3.80447e-09
3.80447e-09
3.80447e-09
3.80447e-09
3.80447e-09
3.80447e-09
3.80447e-09
3.80447e-09
3.80447e-09
3.80447e-09
3.80447e-09
3.80447e-09
3.80447e-09
3.80447e-09
3.80447e-09
3.80447e-09
3.80447e-09
3.80447e-09
3.80447e-09
3.80447e-09
3.80447e-09
3.80447e-09
3.80447e-09
3.80447e-09
3.80447e-09
3.80447e-09
3.80447e-09
3.80447e-09
3.80447e-09
3.80447e-09
3.80447e-09
3.80447e-09
3.80447e-09
3.80447e-09
3.80447e-09
3.80447e-09
3.80447e-09
3.80447e-09
3.80447e-09
3.80447e-09
3.80447e-09
3.80447e-09
3.80447e-09
3.80447e-09
3.80447e-09
3.80447e-09
3.80447e-09
3.80447e-09
3.80447e-09
3.80447e-09
3.80447e-09
3.80447e-09
3.80447e-09
3.80447e-09
3.80447e-09
3.80447e-09
3.80447e-09
3.80447e-09
3.80447e-09
3.80447e-09
3.80447e-09
3.80447e-09
3.80447e-09
3.80447e-09
3.80447e-09
3.80447e-09
3.80447e-09
3.80447e-09
3.80447e-09
3.80447e-09
3.80447e-09
3.80447e-09
3.80447e-09
3.80447e-09
3.80447e-09
3.80447e-09
3.80447e-09
3.80447e-09
3.80447e-09
3.80447e-09
3.80447e-09
3.80447e-09
3.80447e-09
3.80447e-09
3.80447e-09
3.80447e-09
3.80447e-09
3.80447e-09
3.80447e-09
3.80447e-09
3.80447e-09
3.80447e-09
3.80447e-09
3.80447e-09
3.80447e-09
3.80447e-09
3.80447e-09
3.80447e-09
3.80447e-09
3.80447e-09
3.80447e-09
3.80447e-09
3.80447e-09
3.80447e-09
3.80447e-09
3.80447e-09
3.80447e-09
3.80447e-09
3.80447e-09
3.80447e-09
3.80447e-09
3.80447e-09
3.80447e-09
3.80447e-09
3.80447e-09
3.80447e-09
3.80447e-09
3.80447e-09
3.80447e-09
3.80447e-09
3.80447e-09
3.80447e-09
3.80447e-09
3.80447e-09
3.80447e-09
3.80447e-09
3.80447e-09
3.80447e-09
3.80447e-09
3.80447e-09
3.80447e-09
3.80447e-09
3.80447e-09
3.80447e-09
3.80447e-09
3.80447e-09
3.80447e-09
3.80447e-09
3.80447e-09
3.80447e-09
3.80447e-09
3.80447e-09
3.80447e-09
3.80447e-09
3.80447e-09
3.80447e-09
3.80447e-09
3.80447e-09
3.80447e-09
3.80447e-09
3.80447e-09
3.80447e-09
3.80447e-09
3.80447e-09
3.80447e-09
3.80447e-09
3.80447e-09
3.80447e-09
3.80447e-09
3.80447e-09
3.80447e-09
3.80447e-09
3.80447e-09
3.80447e-09
3.80447e-09
3.80447e-09
3.80447e-09
3.80447e-09
3.80447e-09
3.80447e-09
3.80447e-09
3.80447e-09
3.80447e-09
3.80447e-09
3.80447e-09
3.80447e-09
3.80447e-09
3.80447e-09
3.80447e-09
3.80447e-09
3.80447e-09
3.80447e-09
3.80447e-09
3.80447e-09
3.80447e-09
3.80447e-09
3.80447e-09
3.80447e-09
3.80447e-09
3.80447e-09
3.80447e-09
3.80447e-09
3.80447e-09
3.80447e-09
3.80447e-09
3.80447e-09
3.80447e-09
3.80447e-09
3.80447e-09
3.80447e-09
3.80447e-09
3.80447e-09
3.80447e-09
3.80447e-09
3.80447e-09
3.80447e-09
3.80447e-09
3.80447e-09
3.80447e-09
3.80447e-09
3.80447e-09
3.80447e-09
3.80447e-09
3.80447e-09
3.80447e-09
3.80447e-09
3.80447e-09
3.80447e-09
3.80447e-09
3.80447e-09
3.80447e-09
3.80447e-09
3.80447e-09
3.80447e-09
3.80447e-09
3.80447e-09
3.80447e-09
3.80447e-09
3.80447e-09
3.80447e-09
3.80447e-09
3.80447e-09
3.80447e-09
3.80447e-09
3.80447e-09
3.80447e-09
3.80447e-09
3.80447e-09
3.80447e-09
3.80447e-09
3.80447e-09
3.80447e-09
3.80447e-09
3.80447e-09
3.80447e-09
3.80447e-09
3.80447e-09
3.80447e-09
3.80447e-09
3.80447e-09
3.80447e-09
3.80447e-09
3.80447e-09
3.80447e-09
3.80447e-09
3.80447e-09
3.80447e-09
3.80447e-09
3.80447e-09
3.80447e-09
3.80447e-09
3.80447e-09
3.80447e-09
3.80447e-09
3.80447e-09
3.80447e-09
3.80447e-09
3.80447e-09
3.80447e-09
3.80447e-09
3.80447e-09
3.80447e-09
3.80447e-09
3.80447e-09
3.80447e-09
3.80447e-09
3.80447e-09
3.80447e-09
3.80447e-09
3.80447e-09
3.80447e-09
3.80447e-09
3.80447e-09
3.80447e-09
3.80447e-09
3.80447e-09
3.80447e-09
3.80447e-09
3.80447e-09
3.80447e-09
3.80447e-09
3.80447e-09
3.80447e-09
3.80447e-09
3.80447e-09
3.80447e-09
3.80447e-09
3.80447e-09
3.80447e-09
3.80447e-09
3.80447e-09
3.80447e-09
3.80447e-09
3.80447e-09
3.80447e-09
3.80447e-09
3.80447e-09
3.80447e-09
3.80447e-09
3.80447e-09
3.80447e-09
3.80447e-09
3.80447e-09
3.80447e-09
3.80447e-09
3.80447e-09
3.80447e-09
3.80447e-09
3.80447e-09
3.80447e-09
3.80447e-09
3.80447e-09
3.80447e-09
3.80447e-09
3.80447e-09
3.80447e-09
3.80447e-09
3.80447e-09
3.80447e-09
3.80447e-09
3.80447e-09
3.80447e-09
3.80447e-09
3.80447e-09
3.80447e-09
3.80447e-09
3.80447e-09
3.80447e-09
3.80447e-09
3.80447e-09
3.80447e-09
3.80447e-09
3.80447e-09
3.80447e-09
3.80447e-09
3.80447e-09
3.80447e-09
3.80447e-09
3.80447e-09
3.80447e-09
3.80447e-09
3.80447e-09
3.80447e-09
3.80447e-09
3.80447e-09
3.80447e-09
3.80447e-09
3.80447e-09
3.80447e-09
3.80447e-09
3.80447e-09
3.80447e-09
3.80447e-09
3.80447e-09
3.80447e-09
3.80447e-09
3.80447e-09
3.80447e-09
3.80447e-09
3.80447e-09
3.80447e-09
3.80447e-09
3.80447e-09
3.80447e-09
3.80447e-09
3.80447e-09
3.80447e-09
3.80447e-09
3.80447e-09
3.80447e-09
3.80447e-09
3.80447e-09
3.80447e-09
3.80447e-09
3.80447e-09
3.80447e-09
3.80447e-09
3.80447e-09
3.80447e-09
3.80447e-09
3.80447e-09
3.80447e-09
3.80447e-09
3.80447e-09
3.80447e-09
3.80447e-09
3.80447e-09
3.80447e-09
3.80447e-09
3.80447e-09
3.80447e-09
3.80447e-09
3.80447e-09
3.80447e-09
3.80447e-09
3.80447e-09
3.80447e-09
3.80447e-09
3.80447e-09
3.80447e-09
3.80447e-09
3.80447e-09
3.80447e-09
3.80447e-09
3.80447e-09
3.80447e-09
3.80447e-09
3.80447e-09
3.80447e-09
3.80447e-09
3.80447e-09
3.80447e-09
3.80447e-09
3.80447e-09
3.80447e-09
3.80447e-09
3.80447e-09
3.80447e-09
3.80447e-09
3.80447e-09
3.80447e-09
3.80447e-09
3.80447e-09
3.80447e-09
3.80447e-09
3.80447e-09
3.80447e-09
3.80447e-09
3.80447e-09
3.80447e-09
3.80447e-09
3.80447e-09
3.80447e-09
3.80447e-09
3.80447e-09
3.80447e-09
3.80447e-09
3.80447e-09
3.80447e-09
3.80447e-09
3.80447e-09
3.80447e-09
3.80447e-09
3.80447e-09
3.80447e-09
3.80447e-09
3.80447e-09
3.80447e-09
3.80447e-09
3.80447e-09
3.80447e-09
3.80447e-09
3.80447e-09
3.80447e-09
3.80447e-09
3.80447e-09
3.80447e-09
3.80447e-09
3.80447e-09
3.80447e-09
3.80447e-09
3.80447e-09
3.80447e-09
3.80447e-09
3.80447e-09
3.80447e-09
3.80447e-09
3.80447e-09
3.80447e-09
3.80447e-09
3.80447e-09
3.80447e-09
3.80447e-09
3.80447e-09
3.80447e-09
3.80447e-09
3.80447e-09
3.80447e-09
3.80447e-09
3.80447e-09
3.80447e-09
3.80447e-09
3.80447e-09
3.80447e-09
3.80447e-09
3.80447e-09
3.80447e-09
3.80447e-09
3.80447e-09
3.80447e-09
3.80447e-09
3.80447e-09
3.80447e-09
3.80447e-09
3.80447e-09
3.80447e-09
3.80447e-09
3.80447e-09
3.80447e-09
3.80447e-09
3.80447e-09
3.80447e-09
3.80447e-09
3.80447e-09
3.80447e-09
3.80447e-09
3.80447e-09
3.80447e-09
3.80447e-09
3.80447e-09
3.80447e-09
3.80447e-09
3.80447e-09
3.80447e-09
3.80447e-09
3.80447e-09
3.80447e-09
3.80447e-09
3.80447e-09
3.80447e-09
3.80447e-09
3.80447e-09
3.80447e-09
3.80447e-09
3.80447e-09
3.80447e-09
3.80447e-09
3.80447e-09
3.80447e-09
3.80447e-09
3.80447e-09
3.80447e-09
3.80447e-09
3.80447e-09
3.80447e-09
3.80447e-09
3.80447e-09
3.80447e-09
3.80447e-09
3.80447e-09
3.80447e-09
3.80447e-09
3.80447e-09
3.80447e-09
3.80447e-09
3.80447e-09
3.80447e-09
3.80447e-09
3.80447e-09
3.80447e-09
3.80447e-09
3.80447e-09
3.80447e-09
3.80447e-09
3.80447e-09
3.80447e-09
3.80447e-09
3.80447e-09
3.80447e-09
3.80447e-09
3.80447e-09
3.80447e-09
3.80447e-09
3.80447e-09
3.80447e-09
3.80447e-09
3.80447e-09
3.80447e-09
3.80447e-09
3.80447e-09
3.80447e-09
3.80447e-09
3.80447e-09
3.80447e-09
3.80447e-09
3.80447e-09
3.80447e-09
3.80447e-09
3.80447e-09
3.80447e-09
3.80447e-09
3.80447e-09
3.80447e-09
3.80447e-09
3.80447e-09
3.80447e-09
3.80447e-09
3.80447e-09
3.80447e-09
3.80447e-09
3.80447e-09
3.80447e-09
3.80447e-09
3.80447e-09
3.80447e-09
3.80447e-09
3.80447e-09
3.80447e-09
3.80447e-09
3.80447e-09
3.80447e-09
3.80447e-09
3.80447e-09
3.80447e-09
3.80447e-09
3.80447e-09
3.80447e-09
3.80447e-09
3.80447e-09
3.80447e-09
3.80447e-09
3.80447e-09
3.80447e-09
3.80447e-09
3.80447e-09
3.80447e-09
3.80447e-09
3.80447e-09
3.80447e-09
3.80447e-09
3.80447e-09
3.80447e-09
3.80447e-09
3.80447e-09
3.80447e-09
3.80447e-09
3.80447e-09
3.80447e-09
3.80447e-09
3.80447e-09
3.80447e-09
3.80447e-09
3.80447e-09
3.80447e-09
3.80447e-09
3.80447e-09
3.80447e-09
3.80447e-09
3.80447e-09
3.80447e-09
3.80447e-09
3.80447e-09
3.80447e-09
3.80447e-09
3.80447e-09
3.80447e-09
3.80447e-09
3.80447e-09
3.80447e-09
3.80447e-09
3.80447e-09
3.80447e-09
3.80447e-09
3.80447e-09
3.80447e-09
3.80447e-09
3.80447e-09
3.80447e-09
3.80447e-09
3.80447e-09
3.80447e-09
3.80447e-09
3.80447e-09
3.80447e-09
3.80447e-09
3.80447e-09
3.80447e-09
3.80447e-09
3.80447e-09
3.80447e-09
3.80447e-09
3.80447e-09
3.80447e-09
3.80447e-09
3.80447e-09
3.80447e-09
3.80447e-09
3.80447e-09
3.80447e-09
3.80447e-09
