38.1864
32.1637
26.6371
22.1033
15.3081
11.6953
9.87871
9.24405
9.24405
9.24405
9.24405
8.44474
6.70878
6.70878
6.70878
6.70878
5.06412
5.06412
5.06412
5.06412
5.06412
4.54065
4.54065
4.14867
4.14867
3.71114
3.63436
3.00594
3.00594
3.00594
3.00594
2.92367
2.92367
2.51794
2.33178
2.33178
2.23232
2.23232
2.23232
2.23232
2.23232
2.20841
2.05291
2.05291
1.85301
1.85301
1.8334
1.7853
1.7853
1.7853
1.7853
1.7853
1.40805
1.40805
1.40805
1.40805
1.40805
1.40805
1.40805
1.40805
1.40805
1.40805
1.40805
1.40029
1.40029
1.3425
1.3425
1.29748
1.29748
1.29748
1.29748
1.29748
1.29748
1.29748
1.20605
1.20605
1.17938
1.00462
1.00462
1.00462
1.00462
1.00462
1.00462
1.00462
1.00462
1.00462
1.00462
1.00462
1.00462
1.00462
1.00462
1.00462
1.00462
1.00462
1.00462
1.00462
1.00462
1.00462
1.00462
1.00462
1.00462
1.00462
1.00462
1.00462
1.00462
1.00462
1.00462
1.00462
1.00462
1.00462
1.00462
1.00462
1.00462
1.00462
1.00462
1.00462
1.00462
1.00462
1.00462
1.00462
1.00462
1.00462
1.00462
1.00462
1.00462
1.00462
1.00462
1.00462
1.00462
1.00362
1.00362
1.00362
1.00362
1.00215
1.00215
1.00215
1.00215
1.00215
0.991229
0.991229
0.991229
0.991229
0.991229
0.991229
0.991229
0.829174
0.829174
0.829174
0.829174
0.829174
0.829174
0.829174
0.829174
0.829174
0.829174
0.829174
0.829174
0.829174
0.829174
0.829174
0.829174
0.829174
0.829174
0.829174
0.829174
0.829174
0.829174
0.829174
0.829174
0.829174
0.829174
0.829174
0.829174
0.829174
0.829174
0.829174
0.829174
0.7075
0.7075
0.7075
0.7075
0.7075
0.7075
0.7075
0.7075
0.7075
0.7075
0.7075
0.7075
0.7075
0.7075
0.7075
0.7075
0.7075
0.7075
0.7075
0.7075
0.7075
0.7075
0.7075
0.7075
0.7075
0.7075
0.7075
0.7075
0.7075
0.7075
0.7075
0.7075
0.7075
0.7075
0.7075
0.7075
0.7075
0.7075
0.7075
0.7075
0.7075
0.7075
0.7075
0.7075
0.7075
0.7075
0.7075
0.7075
0.7075
0.7075
0.7075
0.7075
0.7075
0.7075
0.7075
0.7075
0.7075
0.7075
0.7075
0.7075
0.7075
0.7075
0.7075
0.7075
0.7075
0.7075
0.7075
0.7075
0.7075
0.7075
0.7075
0.7075
0.7075
0.7075
0.7075
0.7075
0.7075
0.7075
0.7075
0.7075
0.7075
0.7075
0.7075
0.7075
0.7075
0.7075
0.7075
0.7075
0.7075
0.7075
0.7075
0.7075
0.7075
0.7075
0.7075
0.7075
0.7075
0.7075
0.7075
0.7075
0.7075
0.7075
0.7075
0.7075
0.7075
0.7075
0.7075
0.7075
0.7075
0.7075
0.7075
0.7075
0.7075
0.7075
0.7075
0.7075
0.7075
0.7075
0.7075
0.7075
0.7075
0.7075
0.7075
0.7075
0.7075
0.7075
0.7075
0.7075
0.7075
0.7075
0.7075
0.7075
0.7075
0.7075
0.7075
0.7075
0.7075
0.7075
0.7075
0.7075
0.7075
0.7075
0.7075
0.7075
0.7075
0.7075
0.7075
0.7075
0.7075
0.7075
0.7075
0.7075
0.7075
0.7075
0.7075
0.7075
0.7075
0.7075
0.7075
0.7075
0.7075
0.7075
0.7075
0.7075
0.7075
0.7075
0.7075
0.7075
0.7075
0.7075
0.7075
0.7075
0.7075
0.7075
0.7075
0.7075
0.7075
0.7075
0.7075
0.7075
0.7075
0.7075
0.7075
0.7075
0.7075
0.7075
0.7075
0.7075
0.7075
0.7075
0.7075
0.7075
0.7075
0.7075
0.7075
0.7075
0.7075
0.7075
0.7075
0.7075
0.7075
0.7075
0.7075
0.7075
0.7075
0.7075
0.7075
0.7075
0.7075
0.7075
0.7075
0.7075
0.7075
0.7075
0.7075
0.7075
0.7075
0.7075
0.7075
0.7075
0.7075
0.7075
0.7075
0.7075
0.7075
0.7075
0.7075
0.7075
0.7075
0.7075
0.7075
0.7075
0.7075
0.7075
0.7075
0.7075
0.7075
0.7075
0.7075
0.7075
0.7075
0.7075
0.7075
0.7075
0.7075
0.7075
0.7075
0.7075
0.7075
0.7075
0.7075
0.7075
0.7075
0.7075
0.7075
0.7075
0.7075
0.7075
0.7075
0.7075
0.7075
0.7075
0.7075
0.7075
0.7075
0.7075
0.7075
0.7075
0.7075
0.7075
0.7075
0.7075
0.7075
0.7075
0.7075
0.7075
0.7075
0.7075
0.7075
0.7075
0.7075
0.7075
0.7075
0.7075
0.7075
0.7075
0.7075
0.7075
0.7075
0.7075
0.7075
0.7075
0.7075
0.7075
0.7075
0.7075
0.7075
0.7075
0.7075
0.7075
0.7075
0.7075
0.7075
0.7075
0.7075
0.7075
0.7075
0.7075
0.7075
0.7075
0.7075
0.7075
0.7075
0.7075
0.7075
0.7075
0.7075
0.7075
0.7075
0.7075
0.7075
0.7075
0.7075
0.7075
0.7075
0.7075
0.7075
0.7075
0.7075
0.7075
0.7075
0.7075
0.7075
0.7075
0.7075
0.7075
0.7075
0.7075
0.7075
0.7075
0.7075
0.7075
0.7075
0.7075
0.7075
0.7075
0.7075
0.7075
0.7075
0.7075
0.7075
0.7075
0.7075
0.7075
0.7075
0.7075
0.7075
0.7075
0.7075
0.7075
0.7075
0.7075
0.7075
0.7075
0.7075
0.7075
0.7075
0.7075
0.7075
0.7075
0.7075
0.7075
0.7075
0.7075
0.7075
0.7075
0.7075
0.7075
0.7075
0.7075
0.7075
0.7075
0.7075
0.7075
0.7075
0.7075
0.7075
0.7075
0.7075
0.7075
0.7075
0.7075
0.7075
0.7075
0.7075
0.7075
0.7075
0.7075
0.7075
0.7075
0.7075
0.7075
0.7075
0.7075
0.7075
0.7075
0.7075
0.7075
0.7075
0.7075
0.7075
0.7075
0.7075
0.7075
0.7075
0.7075
0.7075
0.7075
0.7075
0.7075
0.7075
0.7075
0.7075
0.7075
0.7075
0.7075
0.7075
0.7075
0.7075
0.7075
0.7075
0.7075
0.7075
0.7075
0.7075
0.7075
0.7075
0.7075
0.7075
0.7075
0.7075
0.7075
0.7075
0.7075
0.7075
0.7075
0.7075
0.7075
0.7075
0.7075
0.7075
0.7075
0.7075
0.7075
0.7075
0.7075
0.7075
0.7075
0.7075
0.7075
0.7075
0.7075
0.7075
0.7075
0.7075
0.7075
0.7075
0.7075
0.7075
0.7075
0.7075
0.7075
0.7075
0.7075
0.7075
0.7075
0.7075
0.7075
0.7075
0.7075
0.7075
0.7075
0.7075
0.7075
0.7075
0.7075
0.7075
0.7075
0.7075
0.7075
0.7075
0.7075
0.7075
0.7075
0.7075
0.7075
0.7075
0.7075
0.7075
0.7075
0.7075
0.7075
0.7075
0.7075
0.7075
0.7075
0.7075
0.7075
0.7075
0.7075
0.7075
0.7075
0.7075
0.7075
0.7075
0.7075
0.7075
0.7075
0.7075
0.7075
0.7075
0.7075
0.7075
0.7075
0.7075
0.7075
0.7075
0.7075
0.7075
0.7075
0.7075
0.7075
0.7075
0.7075
0.7075
0.7075
0.7075
0.7075
0.7075
0.7075
0.7075
0.7075
0.7075
0.7075
0.7075
0.7075
0.7075
0.7075
0.7075
0.7075
0.7075
0.7075
0.7075
0.7075
0.7075
0.7075
0.7075
0.7075
0.7075
0.7075
0.7075
0.7075
0.7075
0.7075
0.7075
0.7075
0.7075
0.7075
0.7075
0.7075
0.7075
0.7075
0.7075
0.7075
0.7075
0.7075
0.7075
0.7075
0.7075
0.7075
0.7075
0.7075
0.7075
0.7075
0.7075
0.7075
0.7075
0.7075
0.7075
0.7075
0.7075
0.7075
0.7075
0.7075
0.7075
0.7075
0.7075
0.7075
0.7075
0.7075
0.7075
0.7075
0.7075
0.7075
0.7075
0.7075
0.7075
0.7075
0.7075
0.7075
0.7075
0.7075
0.7075
0.7075
0.7075
0.7075
0.7075
0.7075
0.7075
0.7075
0.7075
0.7075
0.7075
0.7075
0.7075
0.7075
0.7075
0.7075
0.7075
0.7075
0.7075
0.7075
0.7075
0.7075
0.7075
0.7075
0.7075
0.7075
0.7075
0.7075
0.7075
0.7075
0.7075
0.7075
0.7075
0.7075
0.7075
0.7075
0.7075
0.7075
0.7075
0.7075
0.7075
0.7075
0.7075
0.7075
0.7075
0.7075
0.7075
0.7075
0.7075
0.7075
0.7075
0.7075
0.7075
0.7075
0.7075
0.7075
0.7075
0.7075
0.7075
0.7075
0.7075
0.7075
0.7075
0.7075
0.7075
0.7075
0.7075
0.7075
0.7075
0.7075
0.7075
0.7075
0.7075
0.7075
0.7075
0.7075
0.7075
0.7075
0.7075
0.7075
0.7075
0.7075
0.7075
0.7075
0.7075
0.7075
0.7075
0.7075
0.7075
0.7075
0.7075
0.7075
0.7075
0.7075
0.7075
0.7075
0.7075
0.7075
0.7075
0.7075
0.7075
0.7075
0.7075
0.7075
0.7075
0.7075
0.7075
0.7075
0.7075
0.7075
0.7075
0.7075
0.7075
0.7075
0.7075
0.7075
0.7075
0.7075
0.7075
0.7075
0.7075
0.7075
0.7075
0.7075
0.7075
0.7075
0.7075
0.7075
0.7075
0.7075
0.7075
0.7075
0.7075
0.7075
0.7075
0.7075
0.7075
0.7075
0.7075
0.7075
0.7075
0.7075
0.7075
0.7075
0.7075
0.7075
0.7075
0.7075
0.7075
0.7075
0.7075
0.7075
0.7075
0.7075
0.7075
0.7075
0.7075
0.7075
0.7075
0.7075
0.7075
0.7075
0.7075
0.7075
0.7075
0.7075
0.7075
0.7075
0.7075
0.7075
0.7075
0.7075
0.7075
0.7075
0.7075
0.7075
0.7075
0.7075
0.7075
0.7075
0.7075
0.7075
0.7075
0.7075
0.7075
0.7075
0.7075
0.7075
0.7075
0.7075
0.7075
0.7075
0.7075
0.7075
0.7075
0.7075
0.7075
0.7075
0.7075
0.7075
0.7075
0.7075
0.7075
0.7075
0.7075
0.7075
0.7075
0.7075
0.7075
0.7075
0.7075
0.7075
0.7075
0.7075
0.7075
0.7075
0.7075
0.7075
0.7075
0.7075
0.7075
0.7075
0.7075
0.7075
0.7075
0.7075
0.7075
0.7075
0.7075
0.7075
0.7075
0.7075
0.7075
0.7075
0.7075
0.7075
0.7075
0.7075
0.7075
0.7075
0.7075
0.7075
0.7075
0.7075
0.7075
0.7075
0.7075
0.7075
0.7075
0.7075
0.7075
0.7075
0.7075
0.7075
0.7075
0.7075
0.7075
0.7075
0.7075
0.7075
0.7075
0.7075
0.7075
0.7075
0.7075
0.7075
0.7075
0.7075
0.7075
0.7075
0.7075
0.7075
0.7075
0.7075
0.7075
0.7075
0.7075
0.7075
0.7075
0.7075
0.7075
0.7075
0.7075
0.7075
0.7075
0.7075
0.7075
0.7075
0.7075
0.7075
0.7075
0.7075
0.7075
0.7075
0.7075
0.7075
0.7075
0.7075
0.7075
0.7075
0.7075
0.7075
0.7075
0.7075
0.7075
0.7075
0.7075
0.701258
0.701258
0.701258
0.701258
0.701258
0.701258
0.701258
0.701258
0.701258
0.701258
0.701258
0.701258
0.701258
0.701258
0.701258
0.701258
0.701258
0.701258
0.701258
0.701258
0.701258
0.701258
0.701258
0.701258
0.701258
0.701258
0.701258
0.701258
0.701258
0.701258
0.701258
0.701258
0.701258
0.701258
0.701258
0.701258
0.701258
0.701258
0.701258
0.701258
0.701258
0.701258
0.701258
0.701258
0.701258
0.701258
0.701258
0.701258
0.701258
0.701258
0.701258
0.701258
0.701258
0.701258
0.701258
0.701258
0.701258
0.701258
0.701258
0.701258
0.701258
0.701258
0.701258
0.701258
0.701258
0.701258
0.701258
0.701258
0.701258
0.701258
0.701258
0.701258
0.701258
0.701258
0.701258
0.701258
0.701258
0.701258
0.701258
0.701258
0.701258
0.701258
0.701258
0.701258
0.701258
0.701258
0.701258
0.701258
0.701258
0.701258
0.701258
0.701258
0.701258
0.701258
0.701258
0.701258
0.701258
0.701258
0.701258
0.701258
0.701258
0.701258
0.701258
0.701258
0.701258
0.701258
0.701258
0.701258
0.701258
0.701258
0.701258
0.701258
0.701258
0.701258
0.701258
0.701258
0.701258
0.701258
0.701258
0.701258
0.701258
0.701258
0.701258
0.701258
0.701258
0.701258
0.701258
0.701258
0.701258
0.701258
0.701258
0.701258
0.701258
0.701258
0.701258
0.701258
0.701258
0.701258
0.701258
0.701258
0.701258
0.701258
0.701258
0.701258
0.701258
0.701258
0.701258
0.701258
0.701258
0.701258
0.701258
0.701258
0.701258
0.701258
0.701258
0.701258
0.701258
0.701258
0.701258
0.701258
0.701258
0.701258
0.701258
0.701258
0.701258
0.701258
0.701258
0.701258
0.701258
0.701258
0.701258
0.701258
0.701258
0.701258
0.701258
0.701258
0.701258
0.701258
0.701258
0.701258
0.701258
0.701258
0.701258
0.701258
0.701258
0.701258
0.701258
0.701258
0.701258
0.701258
0.701258
0.701258
0.701258
0.701258
0.701258
0.701258
0.701258
0.701258
0.701258
0.701258
0.701258
0.701258
0.701258
0.701258
0.701258
0.701258
0.701258
0.701258
0.701258
0.701258
0.701258
0.701258
0.701258
0.701258
0.701258
0.701258
0.701258
0.701258
0.701258
0.701258
0.701258
0.701258
0.701258
0.701258
0.701258
0.701258
0.701258
0.701258
0.701258
0.701258
0.701258
0.701258
0.701258
0.701258
0.701258
0.701258
0.701258
0.701258
0.701258
0.701258
0.701258
0.701258
0.701258
0.701258
0.701258
0.701258
0.701258
0.701258
0.701258
0.701258
0.701258
0.701258
0.701258
0.701258
0.701258
0.701258
0.701258
0.700714
0.700714
0.700714
0.700714
0.700714
0.700714
0.700714
0.700714
0.700714
0.700714
0.700714
0.700714
0.700714
0.700714
0.700714
0.700714
0.700714
0.700714
0.700714
0.700714
0.700714
0.700714
0.700714
0.700714
0.700714
0.700714
0.700714
0.700714
0.700714
0.700714
0.700714
0.700714
0.700714
0.700714
0.700714
0.700714
0.700714
0.599923
0.599923
0.599923
0.599923
0.599923
0.599923
0.599923
0.599923
0.599923
0.599923
0.599923
0.599923
0.599923
0.599923
0.599923
0.599923
0.599923
0.599923
0.599923
0.599923
0.599923
0.599923
0.599923
0.599923
0.599923
0.599923
0.599923
0.599923
0.599923
0.599923
0.599923
0.599923
0.599923
0.599923
0.599923
0.599923
0.599923
0.599923
0.599923
0.599923
0.599923
0.599923
0.599923
0.599923
0.599923
0.599923
0.599923
0.599923
0.599923
0.599923
0.599923
0.599923
0.599923
0.599923
0.599923
0.599923
0.599923
0.599923
0.599923
0.599923
0.599923
0.599923
0.599923
0.599923
0.599923
0.599923
0.599923
0.599923
0.599923
0.599923
0.599923
0.599923
0.599923
0.599923
0.599923
0.599923
0.599923
0.599923
0.599923
0.599923
0.599923
0.599923
0.599923
0.599923
0.599923
0.599923
0.599923
0.599923
0.599923
0.599923
0.599923
0.599923
0.599923
0.599923
0.599923
0.599923
0.599923
0.599923
0.599923
0.599923
0.599923
0.599923
0.599923
0.599923
0.599923
0.599923
0.599923
0.599923
0.599923
0.599923
0.599923
0.599923
0.599923
0.599923
0.599923
0.599923
0.599923
0.599923
0.599923
0.599923
0.599923
0.599923
0.599923
0.599923
0.599923
0.599923
0.599923
0.599923
0.599923
0.599923
0.599923
0.599923
0.599923
0.599923
0.599923
0.599923
0.599923
0.599923
0.599923
0.599923
0.599923
0.599923
0.599923
0.599923
0.599923
0.599923
0.599923
0.599923
0.599923
0.599923
0.599923
0.599923
0.599923
0.599923
0.599923
0.599923
0.599923
0.599923
0.599923
0.599923
0.599923
0.599923
0.599923
0.599923
0.599923
0.599923
0.599923
0.599923
0.599923
0.599923
0.599923
0.599923
0.599923
0.599923
0.599923
0.599923
0.599923
0.599923
0.599923
0.599923
0.599923
0.599923
0.599923
0.599923
0.599923
0.599923
0.599923
0.599923
0.599923
0.599923
0.599923
0.599923
0.599923
0.599923
0.599923
0.599923
0.599923
0.599923
0.599923
0.599923
0.599923
0.599923
0.599923
0.599923
0.599923
0.599923
0.599923
0.599923
0.599923
0.599923
0.599923
0.599923
0.599923
0.599923
0.599923
0.599923
0.599923
0.599923
0.599923
0.599923
0.599923
0.599923
0.599923
0.599923
0.599923
0.599923
0.599923
0.599923
0.599923
0.599923
0.599923
0.599923
0.599923
0.599923
0.599923
0.599923
0.599923
0.599923
0.599923
0.599923
0.599923
0.599923
0.599923
0.599923
0.599923
0.599923
0.599923
0.599923
0.599923
0.599923
0.599923
0.599923
0.599923
0.599923
0.599923
0.599923
0.599923
0.599923
0.599923
0.599923
0.599923
0.599923
0.599923
0.599923
0.599923
0.599923
0.599923
0.599923
0.599923
0.599923
0.599923
0.599923
0.599923
0.599923
0.599923
0.599923
