37.6622
33.1548
26.5266
21.782
16.0689
12.4002
10.4814
9.62187
7.82639
7.82639
7.82639
6.261
6.261
6.261
5.86961
5.85659
5.39991
5.39991
5.3622
4.24092
4.24092
3.37484
3.37484
3.37484
3.37484
3.37484
3.37484
2.87086
2.87086
2.87086
2.64442
2.64442
2.64442
2.60008
2.58025
2.04091
2.04091
2.04091
2.04091
1.94807
1.64417
1.64417
1.64417
1.64417
1.64417
1.64417
1.64417
1.64417
1.64417
1.64417
1.64417
1.64417
1.64417
1.64417
1.64417
1.64417
1.64417
1.64417
1.54066
1.54066
1.3078
1.3078
1.3078
1.3078
1.3078
1.3078
1.3078
1.3078
1.3078
1.3078
1.3078
1.3078
1.3078
1.3078
1.3078
1.3078
1.3078
1.3078
1.3078
1.20558
1.20558
1.20558
1.20558
1.01789
1.01789
1.01789
1.01789
1.01789
1.01789
1.01789
1.01789
1.01789
1.01789
1.01789
1.01789
1.01789
1.01789
1.01789
1.01789
1.01789
1.01789
1.01789
1.01789
1.01789
1.01789
1.01789
1.01789
1.01789
1.01789
1.01789
1.01789
1.01789
1.01789
1.01789
1.01789
1.01789
1.01789
1.01789
1.01789
1.00552
1.00552
1.00552
1.00552
1.00552
1.00552
1.00552
1.00552
1.00552
1.00552
1.00552
1.00552
1.00552
1.00552
1.00552
1.00552
1.00552
1.00552
1.00552
1.00552
1.00552
1.00552
1.00552
1.00552
1.00552
1.00552
1.00552
1.00552
1.00552
1.00552
1.00552
1.00552
1.00552
1.00552
1.00552
1.00552
1.00552
1.00552
1.00552
1.00552
1.00552
1.00552
1.00552
1.00552
1.00552
1.00552
0.945376
0.945376
0.907513
0.907513
0.907513
0.907513
0.907513
0.907513
0.907513
0.907513
0.907513
0.907513
0.907513
0.907513
0.907513
0.907513
0.907513
0.907513
0.907513
0.907513
0.907513
0.907513
0.907513
0.907513
0.907513
0.907513
0.907513
0.907513
0.907513
0.907513
0.907513
0.907513
0.907513
0.907513
0.799885
0.799885
0.799885
0.799885
0.799885
0.799885
0.799885
0.799885
0.799885
0.799885
0.799885
0.799885
0.799885
0.799885
0.799885
0.799885
0.799885
0.799885
0.799885
0.799885
0.799885
0.799885
0.799885
0.799885
0.799885
0.799885
0.799885
0.799885
0.799885
0.799885
0.799885
0.799885
0.799885
0.799885
0.799885
0.799885
0.799885
0.799885
0.799885
0.799885
0.799885
0.799885
0.799885
0.799885
0.799885
0.799885
0.799885
0.799885
0.799885
0.799885
0.799885
0.799885
0.799885
0.799885
0.799885
0.799885
0.799885
0.799885
0.799885
0.799885
0.740879
0.740879
0.740879
0.740879
0.740879
0.740879
0.740879
0.740879
0.740879
0.740879
0.740879
0.740879
0.740879
0.740879
0.740879
0.740879
0.740879
0.740879
0.740879
0.740879
0.740879
0.740879
0.740879
0.740879
0.740879
0.740879
0.740879
0.740879
0.740879
0.740879
0.740879
0.740879
0.740879
0.706464
0.706464
0.706464
0.706464
0.706464
0.706464
0.706464
0.706464
0.706464
0.706464
0.706464
0.706464
0.706464
0.706464
0.706464
0.706464
0.706464
0.706464
0.706464
0.706464
0.706464
0.706464
0.706464
0.706464
0.706464
0.706464
0.706464
0.706464
0.706464
0.706464
0.706464
0.706464
0.706464
0.706464
0.706464
0.706464
0.706464
0.706464
0.706464
0.706464
0.706464
0.706464
0.706464
0.706464
0.706464
0.706464
0.706464
0.706464
0.706464
0.706464
0.706464
0.706464
0.706464
0.706464
0.706464
0.706464
0.706464
0.706464
0.706464
0.706464
0.706464
0.706464
0.706464
0.706464
0.706464
0.706464
0.706464
0.706464
0.706464
0.706464
0.706464
0.706464
0.706464
0.706464
0.706464
0.706464
0.706464
0.706464
0.706464
0.706464
0.706464
0.706464
0.706464
0.706464
0.706464
0.706464
0.706464
0.706464
0.706464
0.706464
0.706464
0.706464
0.706464
0.706464
0.706464
0.706464
0.706464
0.706464
0.706464
0.706464
0.706464
0.706464
0.706464
0.706464
0.706464
0.706464
0.706464
0.706464
0.706464
0.706464
0.706464
0.706464
0.706464
0.706464
0.706464
0.706464
0.706464
0.706464
0.706464
0.706464
0.706464
0.706464
0.706464
0.706464
0.706464
0.706464
0.706464
0.706464
0.706464
0.706464
0.706464
0.706464
0.706464
0.706464
0.706464
0.706464
0.706464
0.706464
0.706464
0.706464
0.706464
0.706464
0.706464
0.706464
0.706464
0.706464
0.706464
0.706464
0.706464
0.706464
0.706464
0.706464
0.706464
0.706464
0.706464
0.706464
0.706464
0.706464
0.706464
0.706464
0.706464
0.706464
0.706464
0.706464
0.706464
0.706464
0.706464
0.706464
0.706464
0.706464
0.706464
0.706464
0.706464
0.706464
0.706464
0.706464
0.706464
0.706464
0.706464
0.706464
0.706464
0.706464
0.706464
0.706464
0.706464
0.706464
0.706464
0.706464
0.706464
0.706464
0.706464
0.706464
0.706464
0.706464
0.706464
0.706464
0.706464
0.706464
0.706464
0.706464
0.706464
0.706464
0.706464
0.706464
0.706464
0.706464
0.706464
0.706464
0.706464
0.706464
0.706464
0.706464
0.706464
0.706464
0.706464
0.706464
0.706464
0.706464
0.706464
0.706464
0.706464
0.706464
0.706464
0.706464
0.706464
0.706464
0.706464
0.706464
0.706464
0.706464
0.706464
0.706464
0.706464
0.706464
0.706464
0.706464
0.706464
0.706464
0.706464
0.706464
0.706464
0.706464
0.706464
0.706464
0.706464
0.706464
0.706464
0.706464
0.706464
0.706464
0.706464
0.706464
0.706464
0.706464
0.706464
0.706464
0.706464
0.706464
0.706464
0.706464
0.706464
0.706464
0.706464
0.706464
0.706464
0.706464
0.706464
0.706464
0.706464
0.706464
0.706464
0.706464
0.706464
0.706464
0.706464
0.706464
0.706464
0.706464
0.706464
0.706464
0.706464
0.706464
0.706464
0.706464
0.706464
0.706464
0.706464
0.706464
0.706464
0.706464
0.706464
0.706464
0.706464
0.706464
0.706464
0.706464
0.706464
0.706464
0.706464
0.706464
0.706464
0.706464
0.706464
0.706464
0.706464
0.706464
0.706464
0.706464
0.706464
0.706464
0.706464
0.706464
0.706464
0.706464
0.706464
0.706464
0.706464
0.706464
0.706464
0.706464
0.706464
0.706464
0.706464
0.706464
0.706464
0.706464
0.706464
0.706464
0.706464
0.706464
0.706464
0.706464
0.706464
0.706464
0.706464
0.706464
0.706464
0.706464
0.706464
0.706464
0.706464
0.706464
0.706464
0.706464
0.706464
0.706464
0.706464
0.706464
0.706464
0.706464
0.706464
0.706464
0.706464
0.706464
0.706464
0.706464
0.706464
0.706464
0.706464
0.706464
0.706464
0.706464
0.706464
0.706464
0.706464
0.706464
0.706464
0.706464
0.706464
0.706464
0.706464
0.706464
0.706464
0.706464
0.706464
0.706464
0.706464
0.706464
0.706464
0.706464
0.706464
0.706464
0.706464
0.706464
0.706464
0.706464
0.706464
0.706464
0.706464
0.706464
0.706464
0.706464
0.706464
0.706464
0.706464
0.706464
0.706464
0.706464
0.706464
0.706464
0.706464
0.706464
0.706464
0.706464
0.706464
0.706464
0.706464
0.706464
0.706464
0.706464
0.706464
0.706464
0.706464
0.706464
0.706464
0.706464
0.706464
0.706464
0.706464
0.706464
0.706464
0.706464
0.706464
0.706464
0.706464
0.706464
0.706464
0.706464
0.706464
0.706464
0.706464
0.706464
0.706464
0.706464
0.706464
0.706464
0.706464
0.706464
0.706464
0.706464
0.706464
0.706464
0.706464
0.706464
0.706464
0.706464
0.706464
0.706464
0.706464
0.706464
0.706464
0.706464
0.706464
0.706464
0.706464
0.706464
0.706464
0.706464
0.706464
0.706464
0.706464
0.706464
0.706464
0.706464
0.706464
0.706464
0.706464
0.706464
0.706464
0.706464
0.706464
0.706464
0.706464
0.706464
0.706464
0.706464
0.706464
0.706464
0.706464
0.706464
0.706464
0.706464
0.706464
0.706464
0.706464
0.706464
0.706464
0.706464
0.706464
0.706464
0.706464
0.706464
0.706464
0.706464
0.706464
0.706464
0.706464
0.706464
0.706464
0.706464
0.706464
0.706464
0.706464
0.706464
0.706464
0.706464
0.706464
0.706464
0.706464
0.706464
0.706464
0.706464
0.706464
0.706464
0.706464
0.706464
0.706464
0.706464
0.706464
0.706464
0.706464
0.706464
0.706464
0.706464
0.706464
0.706464
0.706464
0.706464
0.706464
0.706464
0.706464
0.706464
0.706464
0.706464
0.706464
0.706464
0.706464
0.706464
0.706464
0.706464
0.706464
0.706464
0.706464
0.706464
0.706464
0.706464
0.706464
0.706464
0.706464
0.706464
0.706464
0.706464
0.706464
0.706464
0.706464
0.706464
0.706464
0.706464
0.706464
0.706464
0.706464
0.706464
0.706464
0.706464
0.706464
0.706464
0.706464
0.706464
0.706464
0.706464
0.706464
0.706464
0.706464
0.706464
0.706464
0.706464
0.706464
0.706464
0.706464
0.706464
0.706464
0.706464
0.706464
0.706464
0.706464
0.706464
0.706464
0.706464
0.706464
0.706464
0.706464
0.706464
0.706464
0.706464
0.706464
0.706464
0.706464
0.706464
0.706464
0.706464
0.706464
0.706464
0.706464
0.706464
0.706464
0.706464
0.706464
0.706464
0.706464
0.706464
0.706464
0.706464
0.706464
0.706464
0.706464
0.706464
0.706464
0.706464
0.706464
0.706464
0.706464
0.706464
0.706464
0.706464
0.706464
0.706464
0.706464
0.706464
0.706464
0.706464
0.706464
0.706464
0.706464
0.706464
0.706464
0.706464
0.706464
0.706464
0.706464
0.706464
0.706464
0.706464
0.706464
0.706464
0.706464
0.706464
0.706464
0.706464
0.706464
0.706464
0.706464
0.706464
0.706464
0.706464
0.706464
0.706464
0.706464
0.706464
0.706464
0.706464
0.706464
0.706464
0.706464
0.706464
0.706464
0.706464
0.706464
0.706464
0.706464
0.706464
0.706464
0.706464
0.706464
0.706464
0.706464
0.706464
0.706464
0.706464
0.706464
0.706464
0.706464
0.706464
0.706464
0.706464
0.706464
0.706464
0.706464
0.706464
0.706464
0.706464
0.706464
0.706464
0.706464
0.706464
0.706464
0.706464
0.706464
0.706464
0.706464
0.706464
0.706464
0.706464
0.706464
0.706464
0.706464
0.706464
0.706464
0.706464
0.706464
0.706464
0.706464
0.706464
0.706464
0.706464
0.706464
0.706464
0.706464
0.706464
0.706464
0.706464
0.706464
0.706464
0.706464
0.706464
0.706464
0.706464
0.706464
0.706464
0.706464
0.706464
0.706464
0.706464
0.706464
0.706464
0.706464
0.706464
0.706464
0.706464
0.706464
0.706464
0.706464
0.706464
0.706464
0.706464
0.706464
0.706464
0.706464
0.706464
0.706464
0.706464
0.706464
0.706464
0.706464
0.706464
0.706464
0.706464
0.706464
0.706464
0.706464
0.706464
0.706464
0.706464
0.706464
0.706464
0.706464
0.706464
0.706464
0.706464
0.706464
0.706464
0.706464
0.706464
0.706464
0.706464
0.706464
0.706464
0.706464
0.706464
0.706464
0.706464
0.706464
0.706464
0.706464
0.706464
0.706464
0.706464
0.706464
0.706464
0.706464
0.706464
0.706464
0.706464
0.706464
0.706464
0.706464
0.706464
0.706464
0.706464
0.706464
0.706464
0.706464
0.706464
0.706464
0.706464
0.706464
0.706464
0.706464
0.706464
0.706464
0.706464
0.706464
0.706464
0.706464
0.706464
0.706464
0.706464
0.706464
0.706464
0.706464
0.706464
0.706464
0.706464
0.706464
0.706464
0.706464
0.706464
0.706464
0.706464
0.706464
0.706464
0.706464
0.706464
0.706464
0.706464
0.706464
0.706464
0.706464
0.706464
0.706464
0.706464
0.706464
0.706464
0.706464
0.706464
0.706464
0.706464
0.706464
0.706464
0.706464
0.706464
0.706464
0.706464
0.706464
0.706464
0.706464
0.706464
0.706464
0.706464
0.706464
0.706464
0.706464
0.706464
0.706464
0.706464
0.706464
0.706464
0.706464
0.706464
0.706464
0.706464
0.706464
0.706464
0.706464
0.706464
0.706464
0.706464
0.706464
0.706464
0.706464
0.706464
0.706464
0.706464
0.706464
0.706464
0.706464
0.706464
0.706464
0.706464
0.706464
0.706464
0.706464
0.706464
0.706464
0.706464
0.706464
0.706464
0.706464
0.706464
0.706464
0.706464
0.706464
0.706464
0.706464
0.706464
0.706464
0.706464
0.706464
0.706464
0.706464
0.706464
0.706464
0.706464
0.706464
0.706464
0.706464
0.706464
0.706464
0.706464
0.706464
0.706464
0.706464
0.706464
0.706464
0.706464
0.706464
0.706464
0.706464
0.706464
0.706464
0.706464
0.706464
0.706464
0.706464
0.706464
0.706464
0.706464
0.706464
0.706464
0.706464
0.706464
0.706464
0.706464
0.706464
0.706464
0.706464
0.706464
0.706464
0.706464
0.706464
0.706464
0.706464
0.706464
0.706464
0.706464
0.706464
0.706464
0.706464
0.706464
0.706464
0.706464
0.706464
0.706464
0.706464
0.706464
0.706464
0.706464
0.706464
0.706464
0.706464
0.706464
0.706464
0.706464
0.706464
0.706464
0.706464
0.706464
0.706464
0.706464
0.706464
0.706464
0.706464
0.706464
0.706464
0.706464
0.706464
0.706464
0.706464
0.706464
0.706464
0.706464
0.706464
0.706464
0.706464
0.706464
0.706464
0.706464
0.706464
0.706464
0.706464
0.706464
0.706464
0.706464
0.706464
0.706464
0.706464
0.706464
0.706464
0.706464
0.706464
0.706464
0.706464
0.706464
0.706464
0.706464
0.706464
0.706464
0.706464
0.706464
0.706464
0.706464
0.706464
0.706464
0.706464
0.706464
0.706464
0.706464
0.706464
0.706464
0.706464
0.706464
0.706464
0.706464
0.706464
0.706464
0.706464
0.706464
0.706464
0.706464
0.706464
0.706464
0.706464
0.706464
0.706464
0.706464
0.706464
0.706464
0.706464
0.706464
0.706464
0.706464
0.706464
0.706464
0.706464
0.706464
0.706464
0.706464
0.706464
0.706464
0.706464
0.706464
0.706464
0.706464
0.706464
0.706464
0.706464
0.706464
0.706464
0.706464
0.706464
0.706464
0.706464
0.706464
0.706464
0.706464
0.706464
0.706464
0.706464
0.706464
0.706464
0.706464
0.706464
0.706464
0.706464
0.706464
0.706464
0.706464
0.706464
0.706464
0.706464
0.706464
0.706464
0.706464
0.706464
0.706464
0.706464
0.706464
0.706464
0.706464
0.706464
0.706464
0.706464
0.706464
0.706464
0.706464
0.706464
0.706464
0.706464
0.706464
0.706464
0.706464
0.706464
0.706464
0.706464
0.706464
0.706464
0.706464
0.706464
0.706464
0.706464
0.706464
0.706464
0.706464
0.706464
0.706464
0.706464
0.706464
0.706464
0.706464
0.706464
0.706464
0.706464
0.706464
0.706464
0.706464
0.706464
0.706464
0.706464
0.706464
0.706464
0.706464
0.706464
0.706464
0.706464
0.706464
0.706464
0.706464
0.706464
0.706464
0.706464
0.706464
0.706464
0.706464
0.706464
0.706464
0.706464
0.706464
0.706464
0.706464
0.706464
0.706464
0.706464
0.706464
0.706464
0.706464
0.706464
0.706464
0.706464
0.706464
0.706464
0.706464
0.706464
0.706464
0.706464
0.706464
0.706464
0.706464
0.706464
0.706464
0.706464
0.706464
0.706464
0.706464
0.706464
0.706464
0.706464
0.706464
0.706464
0.706464
0.706464
0.706464
0.706464
0.706464
0.706464
0.706464
0.706464
0.706464
0.706464
0.706464
0.706464
0.706464
0.706464
0.706464
0.706464
0.706464
0.706464
0.706464
0.706464
0.706464
0.706464
0.706464
0.706464
0.706464
0.706464
0.706464
0.706464
0.706464
0.706464
0.706464
0.706464
0.706464
0.706464
0.706464
0.706464
0.706464
0.706464
0.706464
0.706464
0.706464
0.706464
0.706464
0.706464
0.706464
0.706464
0.706464
0.706464
0.706464
0.706464
0.706464
0.706464
0.706464
0.706464
0.706464
0.706464
0.706464
0.706464
0.706464
0.706464
0.706464
0.706464
0.706464
0.706464
0.706464
0.706464
0.706464
0.706464
0.706464
0.706464
0.706464
0.706464
0.706464
0.706464
0.706464
0.706464
0.706464
0.706464
0.706464
0.706464
0.706464
0.706464
0.706464
0.706464
0.706464
0.706464
0.706464
0.706464
0.706464
0.706464
0.706464
0.706464
0.706464
0.706464
0.706464
0.706464
0.706464
0.706464
0.706464
0.706464
0.706464
0.706464
0.706464
0.706464
0.706464
0.706464
0.706464
0.706464
0.706464
0.706464
0.706464
0.706464
0.706464
0.706464
0.706464
0.706464
0.706464
0.706464
0.706464
0.706464
0.706464
0.706464
0.706464
0.706464
0.706464
0.706464
0.706464
0.706464
0.706464
0.706464
0.706464
0.706464
0.706464
0.706464
0.706464
0.706464
0.706464
0.706464
0.706464
0.706464
0.706464
0.706464
0.706464
0.706464
0.706464
0.706464
0.706464
0.706464
0.706464
0.706464
0.706464
0.706464
0.706464
0.706464
0.706464
0.706464
0.706464
0.706464
0.706464
0.706464
0.706464
0.706464
0.706464
0.706464
0.706464
0.706464
0.706464
0.706464
0.706464
0.706464
0.706464
0.706464
0.706464
0.706464
0.706464
0.706464
0.706464
0.706464
0.706464
0.706464
0.706464
0.706464
0.706464
0.706464
0.706464
0.706464
0.706464
