36.4121
32.1917
26.11
20.2253
14.294
11.7246
7.73537
7.73537
7.73537
7.51743
7.10464
6.92475
6.27402
6.27402
5.66689
4.71265
4.39479
4.30403
4.30403
4.20156
3.90258
3.7024
2.73738
2.73738
2.73738
2.73738
2.73738
2.73738
2.73738
2.51851
2.51851
2.30495
2.30495
2.27339
2.26332
2.20927
2.01796
2.01796
2.01796
2.01796
2.01796
1.82529
1.82529
1.82529
1.82529
1.81831
1.77597
1.45455
1.45455
1.45455
1.45455
1.45455
1.45455
1.45455
1.45455
1.40381
1.40381
1.40381
1.40381
1.40381
1.40381
1.40381
1.40381
1.40381
1.40381
1.40381
1.16095
1.16095
1.16095
1.16095
1.16095
1.16095
1.16095
1.16095
1.16095
1.16095
1.11775
1.01794
1.01794
1.01794
1.01794
1.01794
1.01794
1.01794
1.01794
1.01794
1.01794
1.01794
1.01794
1.01794
1.01794
1.01794
1.01794
1.01794
1.01102
1.01102
1.01102
1.01102
1.01102
1.01102
1.01102
1.01102
1.01102
1.01102
1.00254
0.993031
0.993031
0.993031
0.993031
0.993031
0.993031
0.981724
0.981724
0.904079
0.904079
0.904079
0.904079
0.904079
0.904079
0.904079
0.904079
0.904079
0.904079
0.904079
0.904079
0.904079
0.904079
0.904079
0.904079
0.904079
0.904079
0.904079
0.904079
0.904079
0.904079
0.904079
0.904079
0.904079
0.904079
0.904079
0.904079
0.904079
0.904079
0.904079
0.904079
0.904079
0.900431
0.900431
0.900431
0.900431
0.900431
0.900431
0.900431
0.900431
0.900431
0.900431
0.900431
0.900431
0.900431
0.900431
0.900431
0.900431
0.900431
0.900431
0.900431
0.900431
0.900431
0.900431
0.900431
0.900431
0.900431
0.900431
0.900431
0.900431
0.900431
0.900431
0.900431
0.900431
0.900431
0.900431
0.900431
0.900431
0.900431
0.808587
0.808587
0.808587
0.808587
0.808587
0.808587
0.808587
0.808587
0.808587
0.808587
0.808587
0.808587
0.808587
0.808587
0.808587
0.808587
0.808587
0.808587
0.808587
0.808587
0.808587
0.808587
0.808587
0.808587
0.808587
0.808587
0.808587
0.808587
0.808587
0.808587
0.808587
0.808587
0.808587
0.808587
0.808587
0.808587
0.808587
0.808587
0.808587
0.808587
0.808587
0.808587
0.808587
0.808587
0.808587
0.808587
0.808587
0.808587
0.808587
0.808587
0.808587
0.808587
0.808587
0.808587
0.808587
0.808587
0.808587
0.808587
0.808587
0.808587
0.808587
0.808587
0.808587
0.808587
0.808587
0.808587
0.808587
0.808587
0.808587
0.808587
0.808587
0.808587
0.808587
0.808587
0.808587
0.808587
0.808587
0.808587
0.808587
0.808587
0.808587
0.808587
0.808587
0.808587
0.808587
0.808587
0.808587
0.808587
0.808587
0.808587
0.808587
0.808587
0.808587
0.808587
0.808587
0.808587
0.808587
0.808587
0.808587
0.808587
0.808587
0.808587
0.808587
0.808587
0.808587
0.808587
0.808587
0.808587
0.808587
0.808587
0.808587
0.808587
0.808587
0.808587
0.808587
0.808587
0.808587
0.808587
0.808587
0.808587
0.808587
0.808587
0.808587
0.808587
0.808587
0.808587
0.808587
0.808587
0.808587
0.808587
0.808587
0.808587
0.808587
0.808587
0.808587
0.808587
0.808587
0.808587
0.808587
0.808587
0.808587
0.808587
0.808587
0.808587
0.808587
0.808587
0.808587
0.808587
0.808587
0.808587
0.808587
0.808587
0.808587
0.808587
0.808587
0.808587
0.808587
0.808587
0.808587
0.808587
0.808587
0.808587
0.808587
0.808587
0.808587
0.808587
0.808587
0.808587
0.808587
0.808587
0.808587
0.808587
0.808587
0.808587
0.808587
0.808587
0.808587
0.808587
0.808587
0.808587
0.808587
0.808587
0.808587
0.808587
0.808587
0.808587
0.808587
0.808587
0.808587
0.808587
0.808587
0.808587
0.808587
0.808587
0.808587
0.808587
0.808587
0.808587
0.808587
0.808587
0.808587
0.808587
0.808587
0.808587
0.808587
0.808587
0.808587
0.808587
0.808587
0.808587
0.808587
0.808587
0.808587
0.808587
0.808587
0.808587
0.808587
0.808587
0.808587
0.808587
0.808587
0.808587
0.808587
0.808587
0.808587
0.808587
0.808587
0.808587
0.808587
0.808587
0.808587
0.808587
0.808587
0.808587
0.808587
0.808587
0.808587
0.808587
0.808587
0.808587
0.808587
0.808587
0.808587
0.808587
0.808587
0.808587
0.808587
0.808587
0.808587
0.808587
0.808587
0.808587
0.808587
0.808587
0.808587
0.808587
0.808587
0.808587
0.808587
0.808587
0.808587
0.808587
0.808587
0.808587
0.808587
0.808587
0.808587
0.808587
0.808587
0.808587
0.808587
0.808587
0.808587
0.808587
0.808587
0.808587
0.808587
0.808587
0.808587
0.808587
0.808587
0.808587
0.808587
0.808587
0.808587
0.808587
0.808587
0.808587
0.808587
0.808587
0.808587
0.808587
0.808587
0.808587
0.808587
0.808587
0.808587
0.808587
0.808587
0.808587
0.808587
0.808587
0.808587
0.808587
0.808587
0.808587
0.808587
0.808587
0.808587
0.808587
0.808587
0.808587
0.808587
0.808587
0.808587
0.808587
0.808587
0.808587
0.808587
0.808587
0.808587
0.808587
0.808587
0.808587
0.808587
0.808587
0.808587
0.808587
0.808587
0.808587
0.808587
0.808587
0.808587
0.808587
0.808587
0.808587
0.808587
0.808587
0.808587
0.808587
0.808587
0.808587
0.808587
0.808587
0.806045
0.806045
0.806045
0.806045
0.806045
0.806045
0.806045
0.806045
0.806045
0.806045
0.806045
0.806045
0.806045
0.806045
0.806045
0.806045
0.806045
0.806045
0.806045
0.806045
0.806045
0.806045
0.806045
0.806045
0.806045
0.806045
0.806045
0.806045
0.806045
0.806045
0.806045
0.806045
0.806045
0.806045
0.806045
0.806045
0.806045
0.806045
0.806045
0.806045
0.806045
0.806045
0.806045
0.806045
0.806045
0.806045
0.806045
0.806045
0.806045
0.806045
0.806045
0.806045
0.806045
0.806045
0.806045
0.806045
0.806045
0.806045
0.736387
0.736387
0.736387
0.736387
0.736387
0.736387
0.736387
0.736387
0.736387
0.736387
0.736387
0.736387
0.736387
0.736387
0.736387
0.736387
0.736387
0.736387
0.736387
0.736387
0.736387
0.736387
0.736387
0.736387
0.736387
0.736387
0.736387
0.736387
0.736387
0.736387
0.736387
0.736387
0.736387
0.736387
0.736387
0.736387
0.736387
0.736387
0.736387
0.736387
0.736387
0.736387
0.736387
0.736387
0.736387
0.736387
0.736387
0.736387
0.736387
0.736387
0.736387
0.736387
0.736387
0.736387
0.736387
0.736387
0.736387
0.736387
0.736387
0.736387
0.736387
0.736387
0.736387
0.736387
0.736387
0.736387
0.736387
0.736387
0.736387
0.736387
0.736387
0.736387
0.736387
0.736387
0.736387
0.736387
0.736387
0.736387
0.736387
0.736387
0.736387
0.736387
0.736387
0.736387
0.736387
0.736387
0.736387
0.736387
0.736387
0.736387
0.736387
0.736387
0.736387
0.736387
0.736387
0.736387
0.736387
0.736387
0.736387
0.736387
0.736387
0.736387
0.736387
0.736387
0.736387
0.736387
0.736387
0.736387
0.736387
0.736387
0.736387
0.736387
0.736387
0.736387
0.736387
0.736387
0.736387
0.736387
0.736387
0.736387
0.736387
0.736387
0.736387
0.736387
0.736387
0.736387
0.736387
0.736387
0.736387
0.736387
0.736387
0.736387
0.736387
0.736387
0.736387
0.736387
0.736387
0.736387
0.736387
0.736387
0.736387
0.736387
0.736387
0.736387
0.736387
0.736387
0.736387
0.736387
0.736387
0.736387
0.736387
0.736387
0.736387
0.736387
0.736387
0.736387
0.736387
0.736387
0.736387
0.736387
0.736387
0.736387
0.736387
0.736387
0.736387
0.736387
0.736387
0.736387
0.736387
0.736387
0.736387
0.736387
0.736387
0.736387
0.736387
0.736387
0.736387
0.736387
0.736387
0.736387
0.736387
0.736387
0.736387
0.736387
0.736387
0.736387
0.736387
0.736387
0.736387
0.736387
0.736387
0.736387
0.736387
0.736387
0.736387
0.736387
0.736387
0.736387
0.736387
0.736387
0.736387
0.736387
0.736387
0.736387
0.736387
0.736387
0.736387
0.736387
0.736387
0.736387
0.736387
0.736387
0.736387
0.736387
0.736387
0.736387
0.736387
0.736387
0.736387
0.736387
0.736387
0.736387
0.736387
0.736387
0.736387
0.736387
0.736387
0.736387
0.736387
0.736387
0.736387
0.736387
0.736387
0.736387
0.736387
0.736387
0.736387
0.736387
0.736387
0.736387
0.736387
0.736387
0.736387
0.736387
0.736387
0.736387
0.736387
0.736387
0.736387
0.736387
0.736387
0.736387
0.736387
0.736387
0.736387
0.736387
0.736387
0.736387
0.736387
0.736387
0.736387
0.736387
0.736387
0.736387
0.736387
0.736387
0.736387
0.736387
0.736387
0.736387
0.736387
0.736387
0.736387
0.736387
0.736387
0.736387
0.736387
0.736387
0.736387
0.736387
0.736387
0.736387
0.736387
0.736387
0.736387
0.736387
0.736387
0.736387
0.736387
0.736387
0.736387
0.736387
0.736387
0.736387
0.736387
0.736387
0.736387
0.736387
0.736387
0.736387
0.736387
0.736387
0.736387
0.736387
0.736387
0.736387
0.736387
0.736387
0.736387
0.736387
0.736387
0.736387
0.736387
0.736387
0.736387
0.736387
0.736387
0.736387
0.736387
0.736387
0.736387
0.736387
0.736387
0.736387
0.736387
0.736387
0.736387
0.736387
0.736387
0.736387
0.736387
0.736387
0.736387
0.736387
0.736387
0.736387
0.736387
0.736387
0.736387
0.736387
0.736387
0.736387
0.736387
0.736387
0.736387
0.736387
0.736387
0.736387
0.736387
0.736387
0.736387
0.736387
0.736387
0.736387
0.736387
0.736387
0.736387
0.736387
0.736387
0.736387
0.736387
0.736387
0.736387
0.736387
0.736387
0.736387
0.736387
0.736387
0.736387
0.736387
0.736387
0.736387
0.736387
0.736387
0.736387
0.736387
0.736387
0.736387
0.736387
0.736387
0.736387
0.736387
0.736387
0.736387
0.736387
0.736387
0.736387
0.736387
0.736387
0.736387
0.736387
0.736387
0.736387
0.736387
0.736387
0.736387
0.736387
0.736387
0.736387
0.736387
0.736387
0.736387
0.736387
0.736387
0.736387
0.736387
0.736387
0.736387
0.736387
0.736387
0.736387
0.736387
0.736387
0.736387
0.736387
0.736387
0.736387
0.736387
0.736387
0.736387
0.736387
0.736387
0.736387
0.736387
0.736387
0.736387
0.736387
0.736387
0.736387
0.736387
0.736387
0.736387
0.736387
0.736387
0.736387
0.736387
0.736387
0.736387
0.736387
0.736387
0.736387
0.736387
0.736387
0.736387
0.736387
0.736387
0.736387
0.736387
0.736387
0.736387
0.736387
0.736387
0.736387
0.736387
0.736387
0.736387
0.736387
0.736387
0.736387
0.736387
0.736387
0.736387
0.736387
0.736387
0.736387
0.736387
0.736387
0.736387
0.736387
0.736387
0.736387
0.736387
0.736387
0.736387
0.736387
0.736387
0.736387
0.736387
0.736387
0.736387
0.736387
0.736387
0.736387
0.736387
0.736387
0.736387
0.736387
0.736387
0.736387
0.736387
0.736387
0.736387
0.736387
0.736387
0.736387
0.736387
0.736387
0.736387
0.736387
0.736387
0.736387
0.736387
0.736387
0.736387
0.736387
0.736387
0.736387
0.736387
0.736387
0.736387
0.736387
0.736387
0.736387
0.736387
0.736387
0.736387
0.736387
0.736387
0.736387
0.736387
0.736387
0.736387
0.736387
0.736387
0.736387
0.736387
0.736387
0.736387
0.736387
0.736387
0.736387
0.736387
0.736387
0.736387
0.736387
0.736387
0.736387
0.736387
0.736387
0.736387
0.736387
0.736387
0.736387
0.736387
0.736387
0.736387
0.736387
0.736387
0.736387
0.736387
0.736387
0.736387
0.736387
0.736387
0.736387
0.736387
0.736387
0.736387
0.736387
0.736387
0.736387
0.736387
0.736387
0.736387
0.736387
0.736387
0.736387
0.736387
0.736387
0.736387
0.736387
0.736387
0.736387
0.736387
0.736387
0.736387
0.736387
0.736387
0.736387
0.736387
0.736387
0.736387
0.736387
0.736387
0.736387
0.736387
0.736387
0.736387
0.736387
0.736387
0.736387
0.736387
0.736387
0.736387
0.736387
0.736387
0.736387
0.736387
0.736387
0.736387
0.736387
0.736387
0.736387
0.736387
0.736387
0.736387
0.736387
0.736387
0.736387
0.736387
0.736387
0.736387
0.736387
0.736387
0.736387
0.736387
0.736387
0.736387
0.736387
0.736387
0.736387
0.736387
0.736387
0.736387
0.736387
0.736387
0.736387
0.736387
0.736387
0.736387
0.736387
0.736387
0.736387
0.736387
0.736387
0.736387
0.736387
0.736387
0.736387
0.736387
0.736387
0.736387
0.736387
0.736387
0.736387
0.736387
0.736387
0.736387
0.736387
0.736387
0.736387
0.736387
0.736387
0.736387
0.736387
0.736387
0.736387
0.736387
0.736387
0.736387
0.736387
0.736387
0.736387
0.736387
0.736387
0.736387
0.736387
0.736387
0.736387
0.736387
0.736387
0.736387
0.736387
0.736387
0.736387
0.736387
0.736387
0.736387
0.736387
0.736387
0.736387
0.736387
0.736387
0.736387
0.736387
0.736387
0.736387
0.736387
0.736387
0.736387
0.736387
0.736387
0.736387
0.736387
0.736387
0.736387
0.736387
0.736387
0.736387
0.736387
0.736387
0.736387
0.736387
0.736387
0.736387
0.736387
0.736387
0.736387
0.736387
0.736387
0.736387
0.736387
0.736387
0.736387
0.736387
0.736387
0.736387
0.736387
0.736387
0.736387
0.736387
0.736387
0.736387
0.736387
0.736387
0.736387
0.736387
0.736387
0.736387
0.736387
0.736387
0.736387
0.736387
0.736387
0.736387
0.736387
0.736387
0.736387
0.736387
0.736387
0.736387
0.736387
0.736387
0.736387
0.736387
0.736387
0.736387
0.736387
0.736387
0.736387
0.736387
0.736387
0.736387
0.736387
0.736387
0.736387
0.736387
0.736387
0.736387
0.736387
0.736387
0.736387
0.736387
0.736387
0.736387
0.736387
0.736387
0.736387
0.736387
0.736387
0.736387
0.736387
0.736387
0.736387
0.736387
0.736387
0.736387
0.736387
0.736387
0.736387
0.736387
0.736387
0.736387
0.736387
0.736387
0.736387
0.736387
0.736387
0.736387
0.736387
0.736387
0.736387
0.736387
0.736387
0.736387
0.736387
0.736387
0.736387
0.736387
0.736387
0.736387
0.736387
0.736387
0.736387
0.736387
0.736387
0.736387
0.736387
0.736387
0.736387
0.736387
0.736387
0.736387
0.736387
0.736387
0.736387
0.736387
0.736387
0.736387
0.736387
0.736387
0.736387
0.736387
0.736387
0.736387
0.736387
0.736387
0.736387
0.736387
0.736387
0.736387
0.736387
0.736387
0.736387
0.736387
0.736387
0.736387
0.736387
0.736387
0.736387
0.736387
0.736387
0.736387
0.736387
0.736387
0.736387
0.736387
0.736387
0.736387
0.736387
0.736387
0.736387
0.736387
0.736387
0.736387
0.736387
0.736387
0.736387
0.736387
0.736387
0.736387
0.736387
0.736387
0.736387
0.736387
0.736387
0.736387
0.736387
0.736387
0.736387
0.736387
0.736387
0.736387
0.736387
0.736387
0.736387
0.736387
0.736387
0.736387
0.736387
0.736387
0.736387
0.736387
0.736387
0.736387
0.736387
0.736387
0.736387
0.736387
0.736387
0.736387
0.736387
0.736387
0.736387
0.736387
0.736387
0.736387
0.736387
0.736387
0.736387
0.736387
0.736387
0.736387
0.736387
0.736387
0.736387
0.736387
0.736387
0.736387
0.736387
0.736387
0.736387
0.736387
0.736387
0.736387
0.736387
0.736387
0.736387
0.736387
0.736387
0.736387
0.736387
0.736387
0.736387
0.736387
0.736387
0.736387
0.736387
0.736387
0.736387
0.736387
0.736387
0.736387
0.736387
0.736387
0.736387
0.736387
0.736387
0.736387
0.736387
0.736387
0.736387
0.736387
0.736387
0.736387
0.736387
0.736387
0.736387
0.736387
0.736387
0.736387
0.736387
0.736387
0.736387
0.736387
0.736387
0.736387
0.736387
0.736387
0.736387
0.736387
0.736387
0.736387
0.736387
0.736387
0.736387
0.736387
0.736387
0.736387
0.736387
0.736387
0.736387
0.736387
0.736387
0.736387
0.736387
0.736387
0.736387
0.736387
0.736387
0.736387
0.736387
0.736387
0.736387
0.736387
0.736387
0.736387
0.736387
0.736387
0.736387
0.736387
0.736387
0.736387
0.736387
0.736387
0.736387
0.736387
0.736387
0.736387
0.736387
0.736387
0.736387
0.736387
0.736387
0.736387
0.736387
0.736387
0.736387
0.736387
0.736387
0.736387
0.736387
0.736387
0.736387
0.736387
0.736387
0.736387
0.736387
0.736387
0.736387
0.736387
0.736387
0.736387
0.736387
0.736387
0.736387
0.736387
0.736387
0.736387
0.736387
0.736387
0.736387
0.736387
0.736387
0.736387
0.736387
0.736387
0.736387
0.736387
0.736387
0.736387
0.736387
0.736387
0.736387
0.736387
0.736387
0.736387
0.736387
0.736387
0.736387
0.736387
0.704576
0.704576
0.704576
0.704576
0.704576
0.704576
0.704576
0.704576
0.704576
0.704576
0.704576
0.704576
0.704576
0.704576
0.704576
0.704576
0.704576
0.704576
0.704576
0.704576
0.704576
0.704576
0.704576
0.704576
0.704576
0.704576
0.704576
0.704576
0.704576
0.704576
