36.1321
32.8179
28.6025
25.2043
19.5214
17.0582
12.1743
9.52875
9.31658
8.16745
8.16745
7.23996
6.84538
6.60383
6.60383
5.75594
5.3023
5.3023
5.24006
4.88105
4.63683
4.19521
3.82067
3.57744
3.30474
3.30474
3.22691
3.16736
3.16736
3.09056
3.09056
3.04976
2.99996
2.55476
2.55476
2.42522
2.42522
2.42522
2.33858
2.32475
2.29998
2.17548
2.17548
1.85639
1.85639
1.40778
1.40778
1.40778
1.40778
1.40778
1.40778
1.40778
1.40778
1.40778
1.40778
1.40778
1.40778
1.40778
1.40778
1.32264
1.26915
1.26915
1.26915
1.26915
1.26915
1.26915
1.26915
1.26915
1.16359
1.16359
1.16359
1.16359
1.03291
1.03291
1.03291
1.03291
0.899976
0.899976
0.899976
0.899976
0.899976
0.899976
0.899976
0.899976
0.899976
0.899976
0.899976
0.899976
0.899976
0.899976
0.899976
0.899976
0.899976
0.899976
0.899976
0.899976
0.899976
0.899976
0.899976
0.899976
0.899976
0.899976
0.899976
0.899976
0.899976
0.899976
0.899976
0.899976
0.899976
0.899976
0.899976
0.899878
0.899878
0.899878
0.899878
0.899878
0.899878
0.899878
0.899878
0.899878
0.899878
0.899878
0.899878
0.852661
0.852661
0.852661
0.852661
0.852661
0.852661
0.852661
0.852661
0.852661
0.852661
0.852661
0.852661
0.852661
0.852661
0.852661
0.852661
0.852661
0.852661
0.852661
0.852661
0.852661
0.852661
0.852661
0.852661
0.852661
0.852661
0.816497
0.816497
0.816497
0.816497
0.816497
0.816497
0.816497
0.816497
0.816497
0.816497
0.816497
0.816497
0.816497
0.816497
0.803939
0.803939
0.803939
0.803939
0.803939
0.803939
0.803939
0.803939
0.803939
0.803939
0.803939
0.803939
0.803939
0.803939
0.803939
0.803939
0.803939
0.803939
0.803939
0.803939
0.803939
0.724135
0.724135
0.724135
0.724135
0.724135
0.724135
0.724135
0.724135
0.724135
0.724135
0.724135
0.724135
0.724135
0.724135
0.724135
0.724135
0.724135
0.724135
0.724135
0.724135
0.724135
0.724135
0.724135
0.724135
0.724135
0.724135
0.724135
0.724135
0.724135
0.724135
0.724135
0.724135
0.724135
0.724135
0.724135
0.724135
0.724135
0.724135
0.724135
0.724135
0.724135
0.724135
0.724135
0.724135
0.724135
0.724135
0.724135
0.724135
0.724135
0.724135
0.724135
0.724135
0.724135
0.724135
0.724135
0.724135
0.724135
0.724135
0.724135
0.724135
0.724135
0.724135
0.724135
0.724135
0.724135
0.724135
0.724135
0.724135
0.724135
0.724135
0.724135
0.724135
0.724135
0.724135
0.724135
0.724135
0.724135
0.724135
0.724135
0.724135
0.724135
0.724135
0.724135
0.724135
0.724135
0.724135
0.724135
0.724135
0.724135
0.724135
0.724135
0.724135
0.724135
0.724135
0.724135
0.724135
0.724135
0.722166
0.722166
0.722166
0.722166
0.722166
0.722166
0.722166
0.722166
0.722166
0.722166
0.722166
0.722166
0.722166
0.722166
0.722166
0.722166
0.722166
0.722166
0.722166
0.722166
0.722166
0.722166
0.722166
0.722166
0.722166
0.722166
0.722166
0.722166
0.722166
0.722166
0.706248
0.706248
0.706248
0.706248
0.706248
0.706248
0.706248
0.706248
0.706248
0.706248
0.706248
0.706248
0.706248
0.706248
0.706248
0.706248
0.706248
0.706248
0.706248
0.706248
0.706248
0.706248
0.706248
0.706248
0.706248
0.706248
0.706248
0.706248
0.706248
0.706248
0.705615
0.705615
0.705615
0.705615
0.705615
0.705615
0.705615
0.705615
0.705615
0.705615
0.705615
0.705615
0.705615
0.705615
0.705615
0.705615
0.705615
0.705615
0.705615
0.705615
0.705615
0.705615
0.705615
0.705615
0.705615
0.705615
0.705615
0.705615
0.705615
0.705615
0.705615
0.705615
0.705615
0.705615
0.705615
0.705615
0.705615
0.705615
0.705615
0.705615
0.705615
0.705615
0.705615
0.705615
0.705615
0.705615
0.705615
0.705615
0.705615
0.705615
0.705615
0.705615
0.705615
0.705615
0.705615
0.705615
0.705615
0.705615
0.705615
0.700361
0.700361
0.700361
0.700361
0.700361
0.700361
0.700361
0.700361
0.700361
0.700361
0.700361
0.700361
0.615272
0.615272
0.615272
0.615272
0.615272
0.615272
0.615272
0.615272
0.615272
0.615272
0.615272
0.615272
0.615272
0.615272
0.615272
0.615272
0.615272
0.615272
0.615272
0.615272
0.615272
0.615272
0.615272
0.615272
0.615272
0.615272
0.615272
0.615272
0.615272
0.615272
0.615272
0.615272
0.615272
0.615272
0.615272
0.615272
0.615272
0.615272
0.615272
0.615272
0.615272
0.615272
0.615272
0.615272
0.615272
0.615272
0.615272
0.615272
0.615272
0.615272
0.615272
0.615272
0.615272
0.615272
0.615272
0.615272
0.615272
0.615272
0.615272
0.615272
0.615272
0.615272
0.615272
0.615272
0.615272
0.615272
0.615272
0.615272
0.615272
0.615272
0.615272
0.615272
0.615272
0.615272
0.615272
0.615272
0.615272
0.615272
0.615272
0.615272
0.615272
0.615272
0.615272
0.615272
0.615272
0.615272
0.615272
0.615272
0.615272
0.615272
0.615272
0.615272
0.615272
0.615272
0.615272
0.615272
0.615272
0.615272
0.615272
0.615272
0.615272
0.615272
0.615272
0.615272
0.615272
0.615272
0.615272
0.615272
0.615272
0.615272
0.615272
0.615272
0.615272
0.615272
0.615272
0.615272
0.615272
0.615272
0.615272
0.615272
0.615272
0.615272
0.615272
0.615272
0.615272
0.615272
0.615272
0.615272
0.615272
0.615272
0.615272
0.615272
0.615272
0.615272
0.615272
0.615272
0.615272
0.615272
0.615272
0.615272
0.615272
0.615272
0.615272
0.615272
0.615272
0.615272
0.615272
0.615272
0.615272
0.615272
0.615272
0.615272
0.615272
0.615272
0.615272
0.615272
0.615272
0.615272
0.615272
0.615272
0.615272
0.615272
0.615272
0.615272
0.615272
0.615272
0.615272
0.615272
0.615272
0.615272
0.615272
0.615272
0.615272
0.615272
0.615272
0.615272
0.615272
0.615272
0.615272
0.615272
0.615272
0.615272
0.615272
0.615272
0.615272
0.615272
0.615272
0.615272
0.615272
0.615272
0.615272
0.615272
0.615272
0.615272
0.615272
0.615272
0.615272
0.615272
0.615272
0.615272
0.615272
0.615272
0.615272
0.615272
0.615272
0.615272
0.615272
0.615272
0.615272
0.615272
0.615272
0.615272
0.615272
0.615272
0.615272
0.615272
0.615272
0.615272
0.615272
0.615272
0.615272
0.615272
0.615272
0.615272
0.615272
0.615272
0.615272
0.615272
0.615272
0.615272
0.615272
0.615272
0.615272
0.615272
0.615272
0.615272
0.615272
0.615272
0.615272
0.615272
0.615272
0.615272
0.615272
0.615272
0.615272
0.615272
0.615272
0.615272
0.615272
0.615272
0.615272
0.615272
0.615272
0.615272
0.615272
0.615272
0.615272
0.615272
0.615272
0.615272
0.615272
0.615272
0.615272
0.615272
0.615272
0.615272
0.615272
0.615272
0.615272
0.615272
0.615272
0.615272
0.615272
0.615272
0.615272
0.615272
0.615272
0.615272
0.615272
0.615272
0.615272
0.615272
0.615272
0.615272
0.615272
0.615272
0.615272
0.615272
0.615272
0.615272
0.615272
0.615272
0.615272
0.615272
0.615272
0.615272
0.615272
0.615272
0.615272
0.615272
0.615272
0.615272
0.615272
0.615272
0.615272
0.615272
0.615272
0.615272
0.615272
0.615272
0.615272
0.615272
0.615272
0.615272
0.615272
0.615272
0.615272
0.615272
0.615272
0.615272
0.615272
0.615272
0.615272
0.615272
0.615272
0.615272
0.615272
0.615272
0.615272
0.615272
0.615272
0.615272
0.615272
0.615272
0.615272
0.615272
0.615272
0.615272
0.615272
0.615272
0.615272
0.615272
0.615272
0.615272
0.615272
0.615272
0.615272
0.615272
0.615272
0.615272
0.615272
0.615272
0.615272
0.615272
0.615272
0.615272
0.615272
0.615272
0.615272
0.615272
0.615272
0.615272
0.615272
0.615272
0.615272
0.615272
0.615272
0.615272
0.615272
0.615272
0.615272
0.615272
0.615272
0.615272
0.615272
0.615272
0.615272
0.615272
0.615272
0.615272
0.615272
0.615272
0.615272
0.615272
0.615272
0.615272
0.615272
0.615272
0.615272
0.615272
0.615272
0.615272
0.615272
0.615272
0.615272
0.615272
0.615272
0.615272
0.615272
0.615272
0.615272
0.615272
0.615272
0.615272
0.615272
0.615272
0.615272
0.615272
0.615272
0.615272
0.615272
0.615272
0.615272
0.615272
0.615272
0.615272
0.615272
0.615272
0.615272
0.615272
0.615272
0.615272
0.615272
0.615272
0.615272
0.615272
0.615272
0.615272
0.615272
0.615272
0.615272
0.615272
0.615272
0.615272
0.615272
0.615272
0.615272
0.615272
0.615272
0.615272
0.615272
0.615272
0.615272
0.615272
0.615272
0.615272
0.615272
0.615272
0.615272
0.615272
0.615272
0.615272
0.615272
0.615272
0.615272
0.615272
0.615272
0.615272
0.615272
0.615272
0.615272
0.615272
0.615272
0.615272
0.615272
0.615272
0.615272
0.615272
0.615272
0.615272
0.615272
0.615272
0.615272
0.615272
0.615272
0.615272
0.615272
0.615272
0.615272
0.615272
0.615272
0.615272
0.615272
0.615272
0.615272
0.615272
0.615272
0.615272
0.615272
0.615272
0.615272
0.615272
0.615272
0.615272
0.615272
0.615272
0.615272
0.615272
0.615272
0.615272
0.615272
0.615272
0.615272
0.615272
0.615272
0.615272
0.615272
0.615272
0.615272
0.615272
0.615272
0.615272
0.615272
0.615272
0.615272
0.615272
0.615272
0.615272
0.615272
0.615272
0.615272
0.615272
0.615272
0.615272
0.615272
0.615272
0.615272
0.615272
0.615272
0.615272
0.615272
0.615272
0.615272
0.615272
0.615272
0.615272
0.615272
0.615272
0.615272
0.615272
0.615272
0.615272
0.615272
0.615272
0.615272
0.615272
0.615272
0.615272
0.615272
0.615272
0.615272
0.615272
0.615272
0.615272
0.615272
0.615272
0.615272
0.615272
0.615272
0.615272
0.615272
0.615272
0.615272
0.615272
0.615272
0.615272
0.615272
0.615272
0.615272
0.615272
0.615272
0.615272
0.615272
0.615272
0.615272
0.615272
0.615272
0.615272
0.615272
0.615272
0.615272
0.615272
0.615272
0.615272
0.615272
0.615272
0.615272
0.615272
0.615272
0.615272
0.615272
0.615272
0.615272
0.615272
0.615272
0.615272
0.615272
0.615272
0.615272
0.615272
0.615272
0.615272
0.615272
0.615272
0.615272
0.615272
0.615272
0.615272
0.615272
0.615272
0.615272
0.615272
0.615272
0.615272
0.615272
0.615272
0.615272
0.615272
0.615272
0.615272
0.615272
0.615272
0.615272
0.615272
0.615272
0.615272
0.615272
0.615272
0.615272
0.615272
0.615272
0.615272
0.615272
0.615272
0.615272
0.615272
0.615272
0.615272
0.615272
0.615272
0.615272
0.615272
0.615272
0.615272
0.615272
0.615272
0.615272
0.615272
0.615272
0.615272
0.615272
0.615272
0.615272
0.615272
0.615272
0.615272
0.615272
0.615272
0.615272
0.615272
0.615272
0.615272
0.615272
0.615272
0.615272
0.615272
0.615272
0.615272
0.615272
0.615272
0.615272
0.615272
0.615272
0.615272
0.615272
0.615272
0.615272
0.615272
0.615272
0.615272
0.615272
0.615272
0.615272
0.615272
0.615272
0.615272
0.615272
0.615272
0.615272
0.615272
0.615272
0.615272
0.615272
0.615272
0.615272
0.615272
0.615272
0.615272
0.615272
0.615272
0.615272
0.615272
0.615272
0.615272
0.615272
0.615272
0.615272
0.615272
0.615272
0.615272
0.615272
0.615272
0.615272
0.615272
0.615272
0.615272
0.615272
0.615272
0.615272
0.615272
0.615272
0.615272
0.615272
0.615272
0.615272
0.615272
0.615272
0.615272
0.615272
0.615272
0.615272
0.615272
0.615272
0.615272
0.615272
0.615272
0.615272
0.615272
0.615272
0.615272
0.615272
0.615272
0.615272
0.615272
0.615272
0.615272
0.615272
0.615272
0.615272
0.615272
0.615272
0.615272
0.615272
0.615272
0.615272
0.615272
0.615272
0.615272
0.615272
0.615272
0.615272
0.615272
0.615272
0.615272
0.615272
0.615272
0.615272
0.615272
0.615272
0.615272
0.615272
0.615272
0.615272
0.615272
0.615272
0.615272
0.615272
0.615272
0.615272
0.615272
0.615272
0.615272
0.615272
0.615272
0.615272
0.615272
0.615272
0.615272
0.615272
0.615272
0.615272
0.615272
0.615272
0.615272
0.615272
0.615272
0.615272
0.615272
0.615272
0.615272
0.615272
0.615272
0.615272
0.615272
0.615272
0.615272
0.615272
0.615272
0.615272
0.615272
0.615272
0.615272
0.615272
0.615272
0.615272
0.615272
0.615272
0.615272
0.615272
0.615272
0.615272
0.615272
0.615272
0.615272
0.615272
0.615272
0.615272
0.615272
0.615272
0.615272
0.615272
0.615272
0.615272
0.615272
0.615272
0.615272
0.615272
0.615272
0.615272
0.615272
0.615272
0.615272
0.615272
0.615272
0.615272
0.615272
0.615272
0.615272
0.615272
0.615272
0.615272
0.615272
0.615272
0.615272
0.615272
0.615272
0.615272
0.615272
0.615272
0.615272
0.615272
0.615272
0.615272
0.615272
0.615272
0.615272
0.615272
0.615272
0.615272
0.615272
0.615272
0.615272
0.615272
0.615272
0.615272
0.615272
0.615272
0.615272
0.615272
0.615272
0.615272
0.615272
0.615272
0.615272
0.615272
0.615272
0.615272
0.615272
0.615272
0.615272
0.615272
0.615272
0.615272
0.615272
0.615272
0.615272
0.615272
0.615272
0.615272
0.615272
0.615272
0.615272
0.615272
0.615272
0.615272
0.615272
0.615272
0.615272
0.615272
0.615272
0.615272
0.615272
0.615272
0.615272
0.615272
0.615272
0.615272
0.615272
0.615272
0.615272
0.615272
0.615272
0.615272
0.615272
0.615272
0.615272
0.615272
0.615272
0.615272
0.615272
0.615272
0.615272
0.615272
0.615272
0.615272
0.615272
0.615272
0.615272
0.615272
0.615272
0.615272
0.615272
0.615272
0.615272
0.615272
0.615272
0.615272
0.615272
0.600226
0.600226
0.600226
0.600226
0.600226
0.600226
0.600226
0.600226
0.600226
0.600226
0.600226
0.600226
0.600226
0.600226
0.600226
0.600226
0.600226
0.600226
0.600226
0.600226
0.600226
0.600226
0.600226
0.600226
0.600226
0.600226
0.600226
0.600226
0.600226
0.600226
0.600226
0.600226
0.600226
0.600226
0.600226
0.600226
0.600226
0.600226
0.600226
0.600226
0.600226
0.600226
0.600226
0.600226
0.600226
0.600226
0.600226
0.600226
0.600226
0.600226
0.600226
0.600226
0.600226
0.600226
0.600226
0.600226
0.600226
0.600226
0.600226
0.600226
0.600226
0.600226
0.600226
0.600226
0.600226
0.600226
0.600226
0.600226
0.600226
0.600226
0.600226
0.600226
0.600226
0.600226
0.600226
0.600226
0.600226
0.600226
0.600226
0.600226
0.600226
0.600226
0.600226
0.600226
0.600226
0.600226
0.600226
0.600226
0.600226
0.600226
0.600226
0.600226
0.600226
0.600226
0.600226
0.600226
0.600226
0.600226
0.600226
0.600226
0.600226
0.600226
0.600226
0.600226
0.600226
0.600226
0.600226
0.600226
0.600226
0.600226
0.600226
0.600226
0.600226
0.600226
0.600226
0.600226
0.600226
0.600226
0.600226
0.600226
0.600226
0.600226
0.600226
0.600226
0.600226
0.600226
0.600226
0.600226
0.600226
0.600226
0.600226
0.600226
0.600226
0.600226
0.600226
0.600226
0.600226
0.600226
0.600226
0.600226
0.600226
0.600226
0.600226
0.600226
0.600226
0.600226
0.600226
0.600226
0.600226
0.600226
0.600226
0.600226
0.600226
0.600226
0.600226
0.600226
0.600226
0.600226
0.600226
0.600226
0.600226
0.600226
0.600226
0.600226
0.600226
0.600226
0.600226
0.600226
0.600226
0.600226
0.600226
0.600226
0.600226
0.600226
0.600226
0.600226
0.600226
0.600226
0.600226
0.600226
0.600226
0.600226
0.600226
0.600226
0.600226
0.600226
0.600226
0.600226
0.600226
0.600226
0.600226
0.600226
0.600226
0.600226
0.600226
0.600226
0.600226
0.600226
0.600226
0.600226
0.600226
0.600226
0.600226
0.600226
0.600226
0.600226
0.600226
0.600226
0.600226
0.600226
0.600226
0.600226
0.600226
0.600226
0.600226
0.600226
0.600226
0.600226
0.600226
0.600226
0.600226
0.600226
0.600226
0.600226
0.600226
0.600226
0.600226
0.600226
0.600226
0.600226
0.600226
0.600226
0.600226
0.600226
0.600226
0.600226
0.600226
0.600226
0.600226
0.600226
0.600226
0.600226
0.600226
0.600226
0.600226
0.600226
0.600226
0.600226
0.600226
0.600226
0.600226
0.600226
0.600226
0.600226
0.600226
0.600226
0.600226
0.600226
0.600226
0.600226
0.600226
0.600226
0.600226
0.600226
0.600226
0.600226
0.600226
0.600226
0.600226
0.600226
0.600226
0.600226
0.600226
0.600226
0.600226
0.600226
0.600226
0.600226
0.600226
0.600226
0.600226
0.600226
0.600226
0.600226
0.600226
0.600226
0.600226
0.600226
0.600226
0.600226
0.600226
0.600226
0.600226
0.600226
0.600226
0.600226
0.600226
0.600226
0.600226
0.600226
0.600226
0.600226
0.600226
0.600226
0.600226
0.600226
