7.28129
7.28129
5.92957
5.92957
5.92957
4.92326
4.62985
4.62985
4.62985
3.83741
3.43837
3.43837
3.43837
3.40772
3.20022
3.20022
3.01543
2.98389
2.98389
2.98389
2.69025
2.62987
1.64483
1.64483
1.64483
1.64483
1.64483
1.64483
1.64483
1.64483
1.64483
1.64483
1.64483
1.64483
1.64483
1.64483
1.64483
1.64483
1.5
1.5
1.5
1.5
1.5
1.5
1.30219
1.30219
1.30219
1.30219
1.30219
1.30219
1.30219
1.30219
1.30219
1.30219
1.30219
1.30219
1.30219
1.30219
1.30219
1.30219
1.30219
1.30219
1.30219
1.30219
1.30219
1.30219
1.30219
1.30219
1.30219
1.23166
1.23166
1.02821
1.02821
1.02821
1.02821
1.02821
1.02821
1.02821
1.02821
1.02821
1.02821
1.02821
0.940878
0.940878
0.940878
0.940878
0.940878
0.940878
0.940878
0.940878
0.940878
0.940878
0.940878
0.940878
0.940878
0.940878
0.940878
0.940878
0.940878
0.940878
0.940878
0.940878
0.940878
0.940878
0.940878
0.940878
0.940878
0.904145
0.904145
0.904145
0.904145
0.904145
0.904145
0.904145
0.904145
0.904145
0.901071
0.901071
0.901071
0.901071
0.901071
0.901071
0.901071
0.901071
0.901071
0.901071
0.901071
0.901071
0.901071
0.901071
0.901071
0.901071
0.901071
0.901071
0.900737
0.900737
0.900737
0.900737
0.900737
0.900737
0.900737
0.900737
0.900737
0.900737
0.900737
0.900737
0.900737
0.900737
0.900737
0.899911
0.899911
0.899911
0.899911
0.899911
0.899911
0.899911
0.899911
0.899911
0.899911
0.852095
0.852095
0.852095
0.852095
0.852095
0.852095
0.852095
0.852095
0.852095
0.802306
0.802306
0.801603
0.801603
0.801603
0.801603
0.801603
0.801603
0.801603
0.801603
0.801603
0.801603
0.801603
0.801603
0.801603
0.800899
0.800899
0.800899
0.800899
0.800899
0.800899
0.800899
0.800899
0.800899
0.800899
0.800899
0.800899
0.800899
0.800899
0.800899
0.800899
0.800899
0.800899
0.800899
0.800899
0.800899
0.800899
0.800899
0.800899
0.800899
0.800899
0.800899
0.800899
0.800899
0.800899
0.800899
0.800899
0.800899
0.800899
0.800899
0.800899
0.800899
0.800899
0.800899
0.800899
0.800899
0.800899
0.800899
0.800899
0.800899
0.800899
0.800899
0.800899
0.800899
0.800899
0.800899
0.800899
0.800899
0.800899
0.800899
0.800899
0.800899
0.800899
0.800899
0.800899
0.800899
0.800899
0.800899
0.800899
0.800899
0.800899
0.800899
0.800899
0.800899
0.800899
0.800899
0.800899
0.800899
0.800899
0.800899
0.744591
0.744591
0.744591
0.744591
0.744591
0.744591
0.744591
0.744591
0.744591
0.744591
0.744591
0.744591
0.744591
0.744591
0.744591
0.744591
0.744591
0.744591
0.744591
0.744591
0.744591
0.744591
0.744591
0.744591
0.744591
0.744591
0.744591
0.744591
0.744591
0.744591
0.744591
0.744591
0.744591
0.744591
0.744591
0.744591
0.744591
0.744591
0.744591
0.744591
0.744591
0.737996
0.737996
0.737996
0.737996
0.737996
0.737996
0.737996
0.737996
0.737996
0.737996
0.737996
0.737996
0.737996
0.718898
0.718898
0.718898
0.718898
0.718898
0.718898
0.718898
0.718898
0.718898
0.718898
0.718898
0.718898
0.718898
0.718898
0.718898
0.718898
0.718898
0.718898
0.718898
0.718898
0.718898
0.718898
0.718898
0.718898
0.718898
0.718898
0.718898
0.718898
0.718898
0.712115
0.712115
0.712115
0.712115
0.712115
0.712115
0.712115
0.712115
0.712115
0.712115
0.712115
0.712115
0.712115
0.712115
0.712115
0.712115
0.712115
0.712115
0.712115
0.712115
0.712115
0.712115
0.712115
0.712115
0.712115
0.712115
0.712115
0.712115
0.712115
0.712115
0.712115
0.712115
0.712115
0.712115
0.712115
0.712115
0.712115
0.712115
0.712115
0.712115
0.712115
0.712115
0.712115
0.712115
0.712115
0.712115
0.712115
0.712115
0.712115
0.712115
0.712115
0.712115
0.712115
0.712115
0.712115
0.712115
0.712115
0.712115
0.712115
0.712115
0.712115
0.712115
0.712115
0.712115
0.712115
0.712115
0.712115
0.712115
0.712115
0.712115
0.712115
0.712115
0.712115
0.712115
0.712115
0.712115
0.712115
0.712115
0.712115
0.712115
0.712115
0.712115
0.712115
0.712115
0.712115
0.712115
0.712115
0.712115
0.712115
0.712115
0.712115
0.712115
0.712115
0.712115
0.712115
0.712115
0.712115
0.712115
0.712115
0.712115
0.712115
0.712115
0.712115
0.712115
0.712115
0.712115
0.712115
0.712115
0.712115
0.712115
0.712115
0.712115
0.712115
0.712115
0.712115
0.712115
0.712115
0.712115
0.712115
0.712115
0.712115
0.712115
0.712115
0.712115
0.712115
0.712115
0.712115
0.712115
0.712115
0.712115
0.712115
0.712115
0.712115
0.712115
0.712115
0.712115
0.712115
0.712115
0.712115
0.712115
0.712115
0.712115
0.712115
0.712115
0.712115
0.712115
0.712115
0.712115
0.712115
0.712115
0.712115
0.712115
0.712115
0.712115
0.712115
0.712115
0.712115
0.712115
0.712115
0.712115
0.712115
0.712115
0.712115
0.712115
0.712115
0.712115
0.712115
0.712115
0.712115
0.712115
0.712115
0.712115
0.712115
0.712115
0.712115
0.712115
0.712115
0.712115
0.712115
0.712115
0.712115
0.712115
0.712115
0.712115
0.712115
0.712115
0.712115
0.712115
0.712115
0.712115
0.712115
0.712115
0.712115
0.712115
0.712115
0.712115
0.712115
0.712115
0.712115
0.712115
0.712115
0.712115
0.712115
0.712115
0.712115
0.712115
0.712115
0.712115
0.712115
0.712115
0.712115
0.712115
0.712115
0.712115
0.712115
0.712115
0.712115
0.712115
0.712115
0.712115
0.712115
0.712115
0.712115
0.712115
0.712115
0.712115
0.712115
0.712115
0.712115
0.712115
0.712115
0.712115
0.712115
0.712115
0.712115
0.712115
0.712115
0.712115
0.712115
0.712115
0.712115
0.712115
0.712115
0.712115
0.712115
0.712115
0.712115
0.712115
0.712115
0.712115
0.712115
0.712115
0.712115
0.712115
0.712115
0.712115
0.712115
0.712115
0.712115
0.712115
0.712115
0.712115
0.712115
0.709608
0.709608
0.709608
0.709608
0.709608
0.709608
0.709608
0.709608
0.709608
0.709608
0.709608
0.709608
0.709608
0.709608
0.709608
0.709608
0.709608
0.709608
0.709608
0.709608
0.709499
0.709499
0.709499
0.709499
0.709499
0.709499
0.709499
0.709499
0.709499
0.709499
0.709499
0.709499
0.709499
0.709499
0.709499
0.709499
0.709499
0.709499
0.709499
0.709499
0.709499
0.709499
0.709499
0.709499
0.709499
0.709499
0.709499
0.709499
0.709499
0.709499
0.709499
0.709499
0.709499
0.709499
0.709499
0.709499
0.709499
0.709499
0.709499
0.709499
0.709499
0.709499
0.709499
0.709499
0.709499
0.709499
0.709499
0.709499
0.709499
0.709499
0.701004
0.701004
0.701004
0.701004
0.701004
0.701004
0.701004
0.701004
0.701004
0.701004
0.701004
0.701004
0.701004
0.701004
0.701004
0.701004
0.701004
0.701004
0.701004
0.701004
0.701004
0.701004
0.701004
0.701004
0.701004
0.701004
0.701004
0.701004
0.701004
0.701004
0.701004
0.701004
0.701004
0.701004
0.699887
0.667602
0.667602
0.510548
0.510548
0.510548
0.510548
0.510548
0.510548
0.510548
0.510548
0.510548
0.510548
0.510548
0.510548
0.510548
0.510548
0.510548
0.510548
0.510548
0.510548
0.510548
0.510548
0.510548
0.510548
0.510548
0.510548
0.510548
0.510548
0.510548
0.510548
0.510548
0.510548
0.510548
0.510548
0.510548
0.510548
0.510548
0.510548
0.510548
0.510548
0.510548
0.510548
0.510548
0.510548
0.510548
0.510548
0.510548
0.510548
0.510548
0.510548
0.510548
0.510548
0.510548
0.510548
0.510548
0.510548
0.510548
0.510548
0.510548
0.510548
0.510548
0.510548
0.510548
0.510548
0.510548
0.510548
0.510548
0.510548
0.510548
0.510548
0.510548
0.510548
0.510548
0.510548
0.510548
0.510548
0.510548
0.510548
0.510548
0.510548
0.510548
0.510548
0.510548
0.510548
0.510548
0.510548
0.510548
0.510548
0.510548
0.510548
0.510548
0.510548
0.510548
0.510548
0.510548
0.510548
0.510548
0.510548
0.510548
0.510548
0.510548
0.510548
0.510548
0.510548
0.510548
0.510548
0.510548
0.510548
0.510548
0.510548
0.510548
0.510548
0.510548
0.510548
0.510548
0.510548
0.510548
0.510548
0.510548
0.510548
0.510548
0.510548
0.510548
0.510548
0.510548
0.510548
0.510548
0.510548
0.510548
0.510548
0.510548
0.510548
0.510548
0.510548
0.510548
0.510548
0.510548
0.510548
0.510548
0.510548
0.510548
0.510548
0.510548
0.510548
0.510548
0.510548
0.510548
0.510548
0.510548
0.510548
0.510548
0.510548
0.510548
0.510548
0.510548
0.510548
0.510548
0.510548
0.510548
0.510548
0.510548
0.510548
0.510548
0.510548
0.510548
0.510548
0.510548
0.510548
0.510548
0.510548
0.510548
0.510548
0.510548
0.510548
0.510548
0.510548
0.510548
0.510548
0.510548
0.510548
0.510548
0.510548
0.510548
0.510548
0.510548
0.510548
0.510548
0.510548
0.510548
0.510548
0.510548
0.510548
0.510548
0.510548
0.510548
0.510548
0.510548
0.510548
0.510548
0.510548
0.510548
0.510548
0.510548
0.510548
0.510548
0.510548
0.510548
0.510548
0.510548
0.510548
0.510548
0.510548
0.510548
0.510548
0.510548
0.510548
0.510548
0.510548
0.510548
0.510548
0.510548
0.510548
0.510548
0.510548
0.510548
0.510548
0.510548
0.510548
0.510548
0.510548
0.510548
0.510548
0.510548
0.510548
0.510548
0.510548
0.510548
0.510548
0.510548
0.510548
0.510548
0.510548
0.510548
0.510548
0.510548
0.510548
0.510548
0.510548
0.510548
0.510548
0.510548
0.510548
0.510548
0.510548
0.510548
0.510548
0.510548
0.510548
0.510548
0.510548
0.510548
0.510548
0.510548
0.510548
0.510548
0.510548
0.510548
0.510548
0.510548
0.510548
0.510548
0.510548
0.510548
0.510548
0.510548
0.510548
0.510548
0.510548
0.510548
0.510548
0.510548
0.510548
0.510548
0.510548
0.510548
0.510548
0.510548
0.510548
0.510548
0.510548
0.510548
0.510548
0.510548
0.510548
0.510548
0.510548
0.510548
0.510548
0.510548
0.510548
0.510548
0.510548
0.510548
0.510548
0.510548
0.510548
0.510548
0.510548
0.510548
0.510548
0.510548
0.510548
0.510548
0.510548
0.510548
0.510548
0.510548
0.510548
0.510548
0.510548
0.510548
0.510548
0.510548
0.510548
0.510548
0.510548
0.510548
0.510548
0.510548
0.510548
0.510548
0.510548
0.510548
0.510548
0.510548
0.510548
0.510548
0.510548
0.510548
0.510548
0.510548
0.510548
0.510548
0.510548
0.510548
0.510548
0.510548
0.510548
0.510548
0.510548
0.510548
0.510548
0.510548
0.510548
0.510548
0.510548
0.510548
0.510548
0.510548
0.510548
0.510548
0.510548
0.510548
0.510548
0.510548
0.510548
0.510548
0.510548
0.510548
0.510548
0.510548
0.510548
0.510548
0.510548
0.510548
0.510548
0.510548
0.510548
0.510548
0.510548
0.510548
0.510548
0.510548
0.510548
0.510548
0.510548
0.510548
0.510548
0.510548
0.510548
0.510548
0.510548
0.510548
0.510548
0.510548
0.510548
0.510548
0.510548
0.510548
0.510548
0.510548
0.510548
0.510548
0.510548
0.510548
0.510548
0.510548
0.510548
0.510548
0.510548
0.510548
0.510548
0.510548
0.510548
0.510548
0.510548
0.510548
0.510548
0.510548
0.510548
0.510548
0.510548
0.510548
0.510548
0.510548
0.510548
0.510548
0.510548
0.510548
0.510548
0.510548
0.510548
0.510548
0.510548
0.510548
0.510548
0.510548
0.510548
0.510548
0.510548
0.510548
0.510548
0.510548
0.510548
0.510548
0.510548
0.510548
0.510548
0.510548
0.510548
0.510548
0.510548
0.510548
0.510548
0.510548
0.510548
0.510548
0.510548
0.510548
0.510548
0.510548
0.510548
0.510548
0.510548
0.510548
0.510548
0.510548
0.510548
0.510548
0.510548
0.510548
0.510548
0.510548
0.510548
0.510548
0.510548
0.510548
0.510548
0.510548
0.510548
0.510548
0.510548
0.510548
0.510548
0.510548
0.510548
0.510548
0.510548
0.510548
0.510548
0.510548
0.510548
0.510548
0.510548
0.510548
0.510548
0.510548
0.510548
0.510548
0.510548
0.510548
0.510548
0.510548
0.510548
0.510548
0.510548
0.510548
0.510548
0.510548
0.510548
0.510548
0.510548
0.510548
0.510548
0.510548
0.510548
0.510548
0.510548
0.510548
0.510548
0.510548
0.510548
0.510548
0.510548
0.510548
0.510548
0.510548
0.510548
0.510548
0.510548
0.510548
0.510548
0.510548
0.510548
0.510548
0.510548
0.510548
0.510548
0.510548
0.510548
0.510548
0.510548
0.510548
0.510548
0.510548
0.510548
0.510548
0.510548
0.510548
0.510548
0.510548
0.510548
0.510548
0.510548
0.510548
0.510548
0.510548
0.510548
0.510548
0.510548
0.510548
0.510548
0.510548
0.510548
0.510548
0.510548
0.510548
0.510548
0.510548
0.510548
0.510548
0.510548
0.510548
0.510548
0.510548
0.510548
0.510548
0.510548
0.510548
0.510548
0.510548
0.510548
0.510548
0.510548
0.510548
0.510548
0.510548
0.510548
0.510548
0.510548
0.510548
0.510548
0.510548
0.510548
0.510548
0.510548
0.510548
0.510548
0.510548
0.510548
0.510548
0.510548
0.510548
0.510548
0.510548
0.510548
0.510548
0.510548
0.510548
0.510548
0.510548
0.510548
0.510548
0.510548
0.510548
0.510548
0.510548
0.510548
0.510548
0.510548
0.510548
0.510548
0.510548
0.510548
0.510548
0.510548
0.510548
0.510548
0.510548
0.510548
0.510548
0.510548
0.510548
0.510548
0.510548
0.510548
0.510548
0.510548
0.510548
0.510548
0.510548
0.510548
0.510548
0.510548
0.510548
0.510548
0.510548
0.510548
0.510548
0.510548
0.510548
0.510548
0.510548
0.510548
0.510548
0.510548
0.510548
0.510548
0.510548
0.510548
0.510548
0.510548
0.510548
0.510548
0.510548
0.510548
0.510548
0.510548
0.510548
0.510548
0.510548
0.510548
0.510548
0.510548
0.510548
0.510548
0.510548
0.510548
0.510548
0.510548
0.510548
0.510548
0.510548
0.510548
0.510548
0.510548
0.510548
0.510548
0.510548
0.510548
0.510548
0.510548
0.510548
0.510548
0.510548
0.510548
0.510548
0.510548
0.510548
0.510548
0.510548
0.510548
0.510548
0.510548
0.510548
0.510548
0.510548
0.510548
0.510548
0.510548
0.510548
0.510548
0.510548
0.510548
0.510548
0.510548
0.510548
0.510548
0.510548
0.510548
0.510548
0.510548
0.510548
0.510548
0.510548
0.510548
0.510548
0.510548
0.510548
0.510548
0.510548
0.510548
0.510548
0.510548
0.510548
0.510548
0.510548
0.510548
0.510548
0.510548
0.510548
0.510548
0.510548
0.510548
0.510548
0.510548
0.510548
0.510548
0.510548
0.510548
0.510548
0.510548
0.510548
0.510548
0.510548
0.510548
0.510548
0.510548
0.510548
0.510548
0.510548
0.510548
0.510548
0.510548
0.510548
0.510548
0.510548
0.510548
0.510548
0.510548
0.510548
0.510548
0.510548
0.510548
0.510548
0.510548
0.510548
0.510548
0.510548
0.510548
0.510548
0.510548
0.510548
0.510548
0.510548
0.510548
0.510548
0.510548
0.510548
0.510548
0.510548
0.510548
0.510548
0.510548
0.510548
0.510548
0.510548
0.510548
0.510548
0.510548
0.510548
0.510548
0.510548
0.510548
0.510548
0.510548
0.510548
0.510548
0.510548
0.510548
0.510548
0.510548
0.510548
0.510548
0.510548
0.510548
0.510548
0.510548
0.510548
0.510548
0.510548
0.510548
0.510548
0.510548
0.510548
0.510548
0.510548
0.510548
0.510548
0.510548
0.510548
0.510548
0.510548
0.510548
0.510548
0.510548
0.510548
0.510548
0.510548
0.510548
0.510548
0.510548
0.510548
0.510548
0.510548
0.510548
0.510548
0.510548
0.510548
0.510548
0.510548
0.510548
0.510548
0.510548
0.510548
0.510548
0.510548
0.510548
0.510548
0.510548
0.510548
0.510548
0.510548
0.510548
0.510548
0.510548
0.510548
0.510548
0.510548
0.510548
0.510548
0.510548
0.510548
0.510548
0.510548
0.510548
0.510548
0.510548
0.510548
0.510548
0.510548
0.510548
0.510548
0.510548
0.510548
0.510548
0.510548
0.510548
0.510548
0.510548
0.510548
0.510548
0.510548
0.510548
0.510548
0.510548
0.510548
0.510548
0.510548
0.510548
0.510548
0.510548
0.510548
0.510548
0.510548
0.510548
0.510548
0.510548
0.510548
0.510548
0.510548
0.510548
0.510548
0.510548
0.510548
0.510548
0.510548
0.510548
0.510548
0.510548
0.510548
0.510548
0.510548
0.510548
0.510548
0.510548
0.510548
0.510548
0.510548
0.510548
0.510548
0.510548
0.510548
0.510548
0.510548
0.510548
0.510548
0.510548
0.510548
0.510548
0.510548
0.510548
0.510548
0.510548
0.510548
0.510548
0.510548
0.510548
0.510548
0.510548
0.510548
0.510548
0.510548
0.510548
0.510548
0.510548
0.510548
