7.0735
6.60831
6.60831
6.23669
5.20693
5.20693
5.20693
4.76888
4.76888
4.76888
4.35627
3.97881
3.97881
3.97881
3.3322
3.3322
3.3322
2.8875
2.8875
2.8875
2.8875
2.48049
2.48049
2.48049
2.4386
2.4386
2.4386
2.4386
2.35152
2.25909
2.25616
2.25616
2.25616
2.24677
2.21758
2.17733
2.10177
1.88194
1.85585
1.60075
1.5153
1.5153
1.5153
1.5153
1.5153
1.5153
1.5153
1.5153
1.5153
1.5153
1.50015
1.50015
1.50015
1.50015
1.20017
1.12566
1.12566
1.12566
1.12566
1.12566
1.12566
1.12566
1.12566
1.12566
1.12566
1.12566
1.12566
1.12566
1.12566
1.12566
1.02504
1.02504
1.01634
1.01634
1.01634
1.01634
1.01634
1.01634
1.01634
1.01634
1.01634
1.01634
1.01634
1.01634
1.01634
1.01634
1.01634
1.01634
1.01634
1.01634
1.01634
1.01634
1.01634
1.01634
1.01634
1.01634
1.01634
1.01634
1.01634
1.01634
1.01634
0.94601
0.899885
0.899885
0.899885
0.899885
0.899885
0.899885
0.899885
0.899885
0.899885
0.899885
0.899885
0.899885
0.899885
0.899885
0.899885
0.899885
0.899885
0.899885
0.899885
0.899885
0.899885
0.899885
0.899885
0.899885
0.899885
0.899885
0.899885
0.899885
0.899885
0.899885
0.899885
0.899885
0.899885
0.899885
0.899885
0.899885
0.899885
0.899885
0.899885
0.899885
0.899885
0.899885
0.899885
0.899885
0.803017
0.803017
0.803017
0.803017
0.803017
0.803017
0.803017
0.803017
0.803017
0.803017
0.803017
0.803017
0.803017
0.803017
0.803017
0.803017
0.803017
0.803017
0.803017
0.803017
0.803017
0.803017
0.803017
0.803017
0.803017
0.803017
0.803017
0.803017
0.803017
0.803017
0.803017
0.803017
0.803017
0.803017
0.803017
0.803017
0.803017
0.803017
0.803017
0.803017
0.799937
0.799937
0.799937
0.799937
0.799937
0.799937
0.799937
0.799937
0.799937
0.799937
0.799937
0.799937
0.799937
0.799937
0.799937
0.799937
0.799937
0.799937
0.799937
0.799937
0.799937
0.799937
0.799937
0.799937
0.799937
0.799937
0.799937
0.799937
0.799937
0.799937
0.799937
0.799937
0.799937
0.799937
0.799937
0.799937
0.799937
0.799937
0.799937
0.799937
0.799937
0.799937
0.799937
0.799937
0.799937
0.799937
0.799937
0.799937
0.799937
0.799937
0.799937
0.799937
0.799937
0.799937
0.799937
0.799937
0.799937
0.799937
0.799937
0.799937
0.799937
0.799937
0.799937
0.799937
0.799937
0.799937
0.799937
0.799937
0.799937
0.799937
0.799937
0.799937
0.799937
0.799937
0.799937
0.799937
0.799937
0.799937
0.799937
0.799937
0.799937
0.799937
0.799937
0.799937
0.799937
0.799937
0.799937
0.799937
0.799937
0.799937
0.799937
0.799937
0.799937
0.799937
0.799937
0.799937
0.713226
0.713226
0.713226
0.713226
0.713226
0.713226
0.713226
0.713226
0.713226
0.713226
0.713226
0.713226
0.713226
0.713226
0.713226
0.713226
0.713226
0.713226
0.713226
0.713226
0.713226
0.713226
0.713226
0.713226
0.713226
0.713226
0.713226
0.712588
0.712588
0.712588
0.712588
0.712588
0.712588
0.712588
0.712588
0.712588
0.712588
0.712588
0.712588
0.712588
0.712588
0.712588
0.712588
0.712588
0.712588
0.712588
0.712588
0.712588
0.712588
0.712588
0.712588
0.712588
0.712588
0.712588
0.712588
0.712588
0.712588
0.712588
0.712588
0.712588
0.712588
0.712588
0.712588
0.712588
0.712588
0.712588
0.663676
0.663676
0.663676
0.663676
0.663676
0.637785
0.637785
0.637785
0.637785
0.637785
0.637785
0.637785
0.637785
0.637785
0.637785
0.637785
0.637785
0.637785
0.637785
0.637785
0.637785
0.637785
0.637785
0.637785
0.637785
0.637785
0.637785
0.637785
0.637785
0.637785
0.637785
0.637785
0.637785
0.637785
0.637785
0.637785
0.637785
0.637785
0.637785
0.637785
0.637785
0.637785
0.637785
0.637785
0.637785
0.637785
0.637785
0.637785
0.637785
0.637785
0.637785
0.637785
0.637785
0.637785
0.637785
0.637785
0.637785
0.637785
0.637785
0.637785
0.637785
0.637785
0.637785
0.637785
0.637785
0.637785
0.637785
0.637785
0.637785
0.637785
0.637785
0.637785
0.637785
0.637785
0.637785
0.637785
0.637785
0.637785
0.637785
0.637785
0.637785
0.637785
0.637785
0.637785
0.637785
0.637785
0.637785
0.637785
0.637785
0.637785
0.637785
0.637785
0.637785
0.637785
0.637785
0.637785
0.637785
0.637785
0.637785
0.637785
0.637785
0.637785
0.637785
0.637785
0.637785
0.637785
0.637785
0.637785
0.637785
0.637785
0.637785
0.637785
0.637785
0.637785
0.637785
0.637785
0.637785
0.637785
0.637785
0.637785
0.637785
0.637785
0.637785
0.637785
0.637785
0.637785
0.637785
0.637785
0.637785
0.637785
0.637785
0.637785
0.637785
0.637785
0.637785
0.637785
0.637785
0.637785
0.637785
0.637785
0.637785
0.637785
0.637785
0.637785
0.637785
0.637785
0.637785
0.637785
0.637785
0.637785
0.637785
0.637785
0.637785
0.637785
0.637785
0.637785
0.637785
0.637785
0.637785
0.637785
0.637785
0.637785
0.637785
0.637785
0.637785
0.637785
0.637785
0.637785
0.637785
0.637785
0.637785
0.637785
0.637785
0.637785
0.637785
0.637785
0.637785
0.637785
0.637785
0.637785
0.637785
0.637785
0.637785
0.637785
0.637785
0.637785
0.637785
0.637785
0.637785
0.637785
0.637785
0.637785
0.637785
0.637785
0.637785
0.637785
0.637785
0.637785
0.637785
0.637785
0.637785
0.637785
0.637785
0.637785
0.637785
0.637785
0.637785
0.637785
0.637785
0.637785
0.637785
0.637785
0.637785
0.637785
0.637785
0.637785
0.637785
0.637785
0.637785
0.637785
0.637785
0.637785
0.637785
0.637785
0.637785
0.637785
0.637785
0.637785
0.637785
0.637785
0.637785
0.637785
0.637785
0.637785
0.637785
0.637785
0.637785
0.637785
0.637785
0.637785
0.637785
0.637785
0.637785
0.637785
0.637785
0.637785
0.637785
0.637785
0.637785
0.637785
0.637785
0.637785
0.637785
0.637785
0.637785
0.637785
0.637785
0.637785
0.637785
0.637785
0.637785
0.637785
0.637785
0.637785
0.637785
0.637785
0.637785
0.637785
0.637785
0.637785
0.637785
0.637785
0.637785
0.637785
0.637785
0.637785
0.637785
0.637785
0.637785
0.637785
0.637785
0.637785
0.637785
0.637785
0.637785
0.637785
0.637785
0.637785
0.637785
0.637785
0.637785
0.637785
0.637785
0.637785
0.637785
0.637785
0.637785
0.637785
0.637785
0.637785
0.637785
0.637785
0.637785
0.637785
0.637785
0.637785
0.637785
0.637785
0.637785
0.637785
0.637785
0.637785
0.637785
0.637785
0.637785
0.637785
0.637785
0.637785
0.637785
0.637785
0.637785
0.637785
0.637785
0.637785
0.637785
0.637785
0.637785
0.637785
0.637785
0.637785
0.637785
0.637785
0.637785
0.637785
0.637785
0.637785
0.637785
0.637785
0.637785
0.637785
0.637785
0.637785
0.637785
0.637785
0.637785
0.637785
0.637785
0.637785
0.637785
0.637785
0.637785
0.637785
0.637785
0.637785
0.637785
0.637785
0.637785
0.637785
0.637785
0.637785
0.637785
0.637785
0.637785
0.637785
0.637785
0.637785
0.637785
0.637785
0.637785
0.637785
0.637785
0.637785
0.637785
0.637785
0.637785
0.637785
0.637785
0.637785
0.637785
0.637785
0.637785
0.637785
0.637785
0.637785
0.637785
0.637785
0.637785
0.637785
0.637785
0.637785
0.637785
0.637785
0.637785
0.637785
0.637785
0.637785
0.637785
0.637785
0.637785
0.637785
0.637785
0.637785
0.637785
0.637785
0.637785
0.637785
0.637785
0.637785
0.637785
0.637785
0.637785
0.637785
0.637785
0.637785
0.637785
0.637785
0.637785
0.637785
0.637785
0.637785
0.637785
0.637785
0.637785
0.637785
0.637785
0.637785
0.637785
0.637785
0.637785
0.637785
0.637785
0.637785
0.637785
0.637785
0.637785
0.637785
0.637785
0.637785
0.637785
0.637785
0.637785
0.637785
0.637785
0.637785
0.637785
0.637785
0.637785
0.637785
0.637785
0.637785
0.637785
0.637785
0.637785
0.637785
0.637785
0.637785
0.637785
0.637785
0.637785
0.637785
0.637785
0.637785
0.637785
0.637785
0.637785
0.637785
0.637785
0.637785
0.637785
0.637785
0.637785
0.610286
0.610286
0.610286
0.610286
0.610286
0.610286
0.610286
0.610286
0.610286
0.610286
0.610286
0.610286
0.610286
0.610286
0.610286
0.610286
0.610286
0.610286
0.610286
0.610286
0.610286
0.610286
0.610286
0.610286
0.610286
0.610286
0.610286
0.610286
0.610286
0.610286
0.610286
0.610286
0.610286
0.610286
0.610286
0.610286
0.610286
0.610286
0.610286
0.610286
0.610286
0.610286
0.610286
0.610286
0.610286
0.610286
0.610286
0.610286
0.610286
0.610286
0.610286
0.610286
0.610286
0.610286
0.610286
0.610286
0.610286
0.610286
0.610286
0.610286
0.610286
0.610286
0.610286
0.610286
0.610286
0.610286
0.610286
0.610286
0.610286
0.610286
0.610286
0.610286
0.610286
0.610286
0.610286
0.610286
0.610286
0.610286
0.610286
0.610286
0.610286
0.610286
0.610286
0.610286
0.610286
0.610286
0.610286
0.610286
0.610286
0.610286
0.610286
0.610286
0.610286
0.610286
0.610286
0.610286
0.610286
0.610286
0.610286
0.610286
0.610286
0.610286
0.610286
0.610286
0.610286
0.610286
0.610286
0.610286
0.610286
0.610286
0.610286
0.610286
0.610286
0.610286
0.610286
0.610286
0.610286
0.610286
0.610286
0.610286
0.602276
0.602276
0.602276
0.602276
0.602276
0.602276
0.602276
0.602276
0.602276
0.602276
0.602276
0.602276
0.602276
0.602276
0.602276
0.602276
0.602276
0.602276
0.602276
0.602276
0.602276
0.602276
0.602276
0.602276
0.602276
0.602276
0.602276
0.602276
0.602276
0.602276
0.602276
0.602276
0.602276
0.602276
0.602276
0.602276
0.602276
0.602276
0.602276
0.602276
0.602276
0.602276
0.602276
0.602276
0.602276
0.602276
0.602276
0.602276
0.602276
0.602276
0.602276
0.602276
0.602276
0.602276
0.602276
0.602276
0.602276
0.602276
0.602276
0.602276
0.602276
0.602276
0.602276
0.602276
0.602276
0.602276
0.602276
0.602276
0.602276
0.602276
0.602276
0.602276
0.602276
0.602276
0.602276
0.602276
0.602276
0.602276
0.602276
0.602276
0.602276
0.602276
0.602276
0.602276
0.602276
0.602276
0.602276
0.602276
0.602276
0.602276
0.602276
0.602276
0.602276
0.602276
0.602276
0.602276
0.602276
0.602276
0.602276
0.602276
0.602276
0.602276
0.602276
0.602276
0.602276
0.602276
0.602276
0.602276
0.602276
0.602276
0.602276
0.602276
0.602276
0.602276
0.602276
0.602276
0.602276
0.602276
0.602276
0.602276
0.602276
0.602276
0.602276
0.602276
0.602276
0.602276
0.602276
0.602276
0.602276
0.602276
0.602276
0.602276
0.602276
0.602276
0.602276
0.602276
0.602276
0.602276
0.602276
0.602276
0.602276
0.602276
0.602276
0.602276
0.602276
0.602276
0.602276
0.602276
0.602276
0.602276
0.602276
0.602276
0.602276
0.602276
0.602276
0.602276
0.602276
0.602276
0.602276
0.602276
0.602276
0.602276
0.602276
0.602276
0.602276
0.602276
0.602276
0.602276
0.602276
0.602276
0.602276
0.602276
0.601424
0.601424
0.601424
0.601424
0.601424
0.601424
0.601424
0.601424
0.601424
0.601424
0.601424
0.601424
0.601424
0.601424
0.601424
0.601424
0.601424
0.601424
0.601424
0.601424
0.601424
0.601424
0.601424
0.601424
0.601424
0.601424
0.601424
0.601424
0.601424
0.601424
0.601424
0.601424
0.601424
0.601424
0.601424
0.601424
0.601424
0.601424
0.601424
0.601424
0.601424
0.601424
0.601424
0.601424
0.601424
0.601424
0.601424
0.601424
0.601424
0.601424
0.601424
0.601424
0.601424
0.601424
0.601424
0.601424
0.601424
0.601424
0.601424
0.601424
0.601424
0.601424
0.601424
0.601424
0.601424
0.601424
0.601424
0.601424
0.601424
0.601424
0.601424
0.601424
0.601424
0.601424
0.601424
0.601424
0.601424
0.601424
0.601424
0.601424
0.601424
0.601424
0.601424
0.601424
0.601424
0.601424
0.601424
0.601424
0.601424
0.601424
0.601424
0.601424
0.601424
0.601424
0.601424
0.601424
0.601424
0.601424
0.601424
0.601424
0.601424
0.601424
0.601424
0.601424
0.601424
0.601424
0.601424
0.601424
0.601424
0.601424
0.601424
0.601424
0.601424
0.601424
0.601424
0.601424
0.601424
0.601424
0.601424
0.601424
0.601424
0.601424
0.601424
0.601424
0.601424
0.601424
0.601424
0.601424
0.601424
0.601424
0.601424
0.601424
0.601424
0.601424
0.601424
0.601424
0.601424
0.601424
0.601424
0.601424
0.601424
0.601424
0.601424
0.601424
0.601424
0.601424
0.601424
0.601424
0.601424
0.601424
0.601424
0.601424
0.601424
0.601424
0.601424
0.601424
0.601424
0.601424
0.601424
0.601424
0.601424
0.601424
0.601424
0.601424
0.601424
0.601424
0.601424
0.601424
0.601424
0.601424
0.601424
0.601424
0.601424
0.601424
0.601424
0.601424
0.601424
0.601424
0.601424
0.601424
0.601424
0.601424
0.601424
0.601424
0.601424
0.601424
0.601424
0.601424
0.601424
0.601424
0.601424
0.601424
0.601424
0.601424
0.601424
0.601424
0.601424
0.601424
0.601424
0.601424
0.601424
0.601424
0.601424
0.601424
0.601424
0.601424
0.601424
0.601424
0.601424
0.601424
0.601424
0.601424
0.601424
0.601424
0.601424
0.601424
0.601424
0.601424
0.601424
0.601424
0.601424
0.601424
0.601424
0.601424
0.601424
0.601424
0.601424
0.601424
0.601424
0.601424
0.601424
0.601424
0.601424
0.601424
0.601424
0.601424
0.601424
0.601424
0.601424
0.601424
0.601424
0.601424
0.601424
0.601424
0.601424
0.601424
0.601424
0.601424
0.601424
0.601424
0.601424
0.601424
0.601424
0.601424
0.601424
0.601424
0.601424
0.601424
0.601424
0.601424
0.601424
0.601424
0.601424
0.601424
0.601424
0.601424
0.601424
0.601424
0.601424
0.601424
0.601424
0.601424
0.601424
0.601424
0.601424
0.601424
0.601424
0.601424
0.601424
0.601424
0.601424
0.601424
0.601424
0.601424
0.601424
0.601424
0.601424
0.601424
0.601424
0.601424
0.601424
0.601424
0.601424
0.601424
0.601424
0.601424
0.601424
0.601424
0.601424
0.601424
0.601424
0.601424
0.601424
0.601424
0.601424
0.601424
0.601424
0.601424
0.601424
0.601424
0.601424
0.601424
0.601424
0.601424
0.601424
0.601424
0.601424
0.601424
0.601424
0.601424
0.601424
0.601424
0.601424
0.601424
0.601424
0.601424
0.601424
0.601424
0.601424
0.601424
0.601424
0.601424
0.601424
0.601424
0.601424
0.601424
0.601424
0.601424
0.601424
0.601424
0.601424
0.601424
0.601424
0.601424
0.601424
0.601424
0.601424
0.601424
0.601424
0.601424
0.601424
0.601424
0.601424
0.601424
0.601424
0.601424
0.601424
0.601424
0.601424
0.601424
0.601424
0.601424
0.601424
0.601424
0.601424
0.601424
0.601424
0.601424
0.601424
0.601424
0.601424
0.601424
0.601424
0.601424
0.601424
0.601424
0.601424
0.601424
0.601424
0.601424
0.601424
0.601424
0.601424
0.601424
0.601424
0.601424
0.601424
0.601424
0.601424
0.601424
0.601424
0.601424
0.601424
0.601424
0.601424
0.601424
0.601424
0.601424
0.601424
0.601424
0.601424
0.601424
0.601424
0.601424
0.601424
0.601424
0.601424
0.601424
0.601424
0.601424
0.601424
0.601424
0.601424
0.601424
0.601424
0.601424
0.601424
0.601424
0.601424
0.601424
0.601424
0.601424
0.601424
0.601424
0.601424
0.601424
0.601424
0.601424
0.601424
0.601424
0.601424
0.601424
0.601424
0.601424
0.601424
0.601424
0.601424
0.601424
0.601424
0.601424
0.601424
0.601424
0.601424
0.601424
0.601424
0.601424
0.601424
0.601424
0.601424
0.601424
0.601424
0.601424
0.601424
0.601424
0.601424
0.601424
0.601424
0.601424
0.601424
0.601424
0.601424
0.601424
0.601424
0.601424
0.601424
0.601424
0.601424
0.601424
0.601424
0.601424
0.601424
0.601424
0.601424
0.601424
0.601424
0.601424
0.601424
0.601424
0.601424
0.601424
0.601424
0.601424
0.601424
0.601424
0.601424
0.601424
0.601424
0.601424
0.601424
0.601424
0.601424
0.601424
0.601424
0.601424
0.601424
0.601424
0.601424
0.601424
0.601424
0.601424
0.601424
0.601424
0.601424
0.601424
0.601424
0.601424
0.601424
0.601424
0.601424
0.601424
0.601424
0.601424
0.601424
0.601424
0.601424
0.601424
0.601424
0.601424
0.601424
0.601424
0.601424
0.601424
0.601424
0.601424
0.601424
0.601424
0.601424
0.601424
0.601424
0.601424
0.601424
0.601424
0.601424
0.601424
0.601424
0.601424
0.601424
0.601424
0.601424
0.601424
0.601424
0.601424
0.601424
0.601424
0.601424
0.601424
0.601424
0.601424
0.601424
0.601424
0.601424
0.601424
0.601424
0.601424
0.601424
