7.88115
7.63318
6.13592
5.9959
5.41998
5.41998
5.41991
4.60283
4.46454
4.15501
4.15501
4.01988
3.90251
3.6214
3.6214
2.90164
2.90164
2.63095
2.63095
2.63095
2.63095
2.63095
2.63095
2.27696
2.27696
2.27696
2.27696
2.27696
2.27696
1.93803
1.93803
1.93803
1.93803
1.93803
1.93803
1.93803
1.93803
1.92575
1.77746
1.50275
1.50275
1.50275
1.50275
1.50275
1.50275
1.50275
1.50046
1.50046
1.50046
1.50046
1.50046
1.40011
1.40011
1.40011
1.40011
1.40011
1.32135
1.32135
1.21154
1.21154
1.21154
1.21154
1.21154
1.09989
1.09989
1.09989
1.09989
1.09989
1.09989
1.09989
1.09989
1.09989
1.09989
1.09989
1.09989
1.09989
1.09989
1.09989
1.09989
1.03319
1.03319
1.03319
1.03319
1.03319
1.03319
1.01697
0.802765
0.802765
0.802765
0.802765
0.802765
0.802765
0.802765
0.802765
0.802765
0.802765
0.802765
0.802765
0.802765
0.802765
0.802765
0.802765
0.802765
0.802765
0.802765
0.802765
0.802765
0.802765
0.802765
0.802765
0.802765
0.802765
0.802765
0.802765
0.802765
0.802765
0.802765
0.802765
0.802765
0.802765
0.802765
0.802765
0.802765
0.802765
0.802765
0.802765
0.802765
0.802765
0.802765
0.802765
0.802765
0.802765
0.802765
0.802765
0.802765
0.802765
0.802765
0.802765
0.802765
0.802765
0.802765
0.802028
0.748424
0.748424
0.748424
0.748424
0.748424
0.748424
0.748424
0.748424
0.748424
0.748424
0.748424
0.748424
0.748424
0.748424
0.748424
0.748424
0.748424
0.748424
0.748424
0.748424
0.748424
0.748424
0.748424
0.748424
0.748424
0.748424
0.748424
0.748424
0.727219
0.727219
0.727219
0.727219
0.727219
0.727219
0.727219
0.727219
0.727219
0.727219
0.727219
0.727219
0.727219
0.727219
0.727219
0.704719
0.700279
0.700279
0.700279
0.700279
0.700279
0.700279
0.700279
0.700279
0.700279
0.700279
0.700279
0.700279
0.700279
0.700279
0.700279
0.700279
0.700279
0.700279
0.700279
0.700279
0.700279
0.700279
0.700279
0.700279
0.700279
0.700279
0.700279
0.700279
0.700279
0.700279
0.700279
0.700279
0.700279
0.700279
0.700279
0.700279
0.700279
0.700279
0.700279
0.700279
0.700279
0.700279
0.700279
0.700279
0.700279
0.700279
0.700279
0.700279
0.700279
0.700279
0.700279
0.700279
0.700279
0.700279
0.700279
0.700279
0.700279
0.700279
0.700279
0.700279
0.700279
0.700279
0.700279
0.700279
0.700279
0.700279
0.700279
0.700279
0.700279
0.700279
0.700279
0.700279
0.700279
0.700279
0.700279
0.700279
0.700279
0.700279
0.700279
0.700279
0.700279
0.700279
0.700279
0.700279
0.700279
0.700279
0.700279
0.700279
0.700279
0.700279
0.700279
0.700279
0.700279
0.700279
0.700279
0.700279
0.700279
0.700279
0.700279
0.700279
0.700279
0.700279
0.700279
0.700279
0.700279
0.700279
0.700279
0.685402
0.685402
0.685402
0.685402
0.685402
0.685402
0.685402
0.685402
0.685402
0.685402
0.685402
0.685402
0.685402
0.685402
0.685402
0.685402
0.685402
0.685402
0.685402
0.685402
0.685402
0.685402
0.685402
0.685402
0.685402
0.685402
0.685402
0.685402
0.685402
0.685402
0.685402
0.685402
0.685402
0.685402
0.685402
0.685402
0.685402
0.685402
0.685402
0.685402
0.685402
0.685402
0.685402
0.685402
0.685402
0.685402
0.685402
0.685402
0.685402
0.685402
0.685402
0.685402
0.685402
0.685402
0.685402
0.685402
0.685402
0.685402
0.685402
0.685402
0.685402
0.685402
0.685402
0.685402
0.685402
0.685402
0.685402
0.685402
0.685402
0.685402
0.685402
0.685402
0.685402
0.685402
0.685402
0.685402
0.685402
0.685402
0.685402
0.685402
0.685402
0.685402
0.685402
0.685402
0.685402
0.685402
0.685402
0.685402
0.685402
0.685402
0.685402
0.685402
0.685402
0.685402
0.685402
0.685402
0.685402
0.685402
0.685402
0.685402
0.685402
0.685402
0.685402
0.685402
0.685402
0.685402
0.685402
0.685402
0.685402
0.685402
0.685402
0.685402
0.685402
0.685402
0.685402
0.685402
0.685402
0.685402
0.685402
0.685402
0.685402
0.685402
0.685402
0.685402
0.685402
0.685402
0.685402
0.685402
0.685402
0.685402
0.685402
0.685402
0.685402
0.685402
0.685402
0.685402
0.685402
0.685402
0.685402
0.668177
0.668177
0.668177
0.668177
0.668177
0.668177
0.668177
0.668177
0.668177
0.668177
0.668177
0.668177
0.668177
0.668177
0.668177
0.668177
0.668177
0.668177
0.668177
0.668177
0.668177
0.668177
0.668177
0.668177
0.668177
0.668177
0.668177
0.668177
0.668177
0.668177
0.668177
0.668177
0.668177
0.668177
0.668177
0.668177
0.668177
0.668177
0.668177
0.668177
0.668177
0.668177
0.668177
0.668177
0.668177
0.668177
0.668177
0.668177
0.668177
0.668177
0.668177
0.668177
0.668177
0.668177
0.668177
0.668177
0.668177
0.668177
0.668177
0.668177
0.668177
0.668177
0.668177
0.668177
0.668177
0.668177
0.668177
0.668177
0.668177
0.668177
0.668177
0.668177
0.668177
0.668177
0.668177
0.668177
0.668177
0.668177
0.668177
0.668177
0.668177
0.668177
0.668177
0.668177
0.668177
0.668177
0.668177
0.668177
0.668177
0.668177
0.668177
0.668177
0.668177
0.668177
0.668177
0.668177
0.668177
0.668177
0.668177
0.668177
0.668177
0.668177
0.668177
0.668177
0.668177
0.668177
0.668177
0.668177
0.668177
0.668177
0.668177
0.668177
0.668177
0.668177
0.668177
0.668177
0.668177
0.668177
0.668177
0.668177
0.668177
0.668177
0.668177
0.668177
0.668177
0.668177
0.668177
0.668177
0.668177
0.668177
0.668177
0.668177
0.668177
0.668177
0.668177
0.668177
0.668177
0.668177
0.668177
0.668177
0.668177
0.668177
0.668177
0.668177
0.668177
0.668177
0.668177
0.668177
0.668177
0.668177
0.668177
0.668177
0.668177
0.668177
0.668177
0.668177
0.668177
0.668177
0.668177
0.668177
0.668177
0.668177
0.668177
0.668177
0.668177
0.668177
0.668177
0.668177
0.668177
0.668177
0.668177
0.668177
0.668177
0.668177
0.668177
0.668177
0.668177
0.668177
0.668177
0.668177
0.668177
0.668177
0.668177
0.668177
0.668177
0.668177
0.668177
0.668177
0.668177
0.668177
0.668177
0.668177
0.668177
0.668177
0.668177
0.668177
0.668177
0.668177
0.668177
0.668177
0.668177
0.668177
0.668177
0.668177
0.668177
0.668177
0.668177
0.668177
0.668177
0.668177
0.668177
0.668177
0.668177
0.668177
0.668177
0.668177
0.668177
0.668177
0.668177
0.668177
0.668177
0.668177
0.668177
0.668177
0.668177
0.668177
0.668177
0.668177
0.668177
0.668177
0.668177
0.668177
0.668177
0.668177
0.668177
0.668177
0.668177
0.668177
0.668177
0.668177
0.668177
0.668177
0.668177
0.668177
0.668177
0.668177
0.668177
0.668177
0.668177
0.668177
0.668177
0.668177
0.668177
0.668177
0.668177
0.668177
0.668177
0.668177
0.668177
0.668177
0.668177
0.668177
0.668177
0.668177
0.668177
0.668177
0.668177
0.668177
0.668177
0.668177
0.668177
0.668177
0.668177
0.668177
0.668177
0.668177
0.668177
0.668177
0.668177
0.668177
0.668177
0.668177
0.668177
0.668177
0.668177
0.668177
0.668177
0.668177
0.668177
0.668177
0.668177
0.668177
0.668177
0.668177
0.668177
0.668177
0.668177
0.668177
0.668177
0.668177
0.668177
0.668177
0.668177
0.668177
0.668177
0.668177
0.668177
0.668177
0.668177
0.668177
0.668177
0.668177
0.668177
0.668177
0.668177
0.668177
0.668177
0.668177
0.668177
0.668177
0.668177
0.668177
0.668177
0.668177
0.668177
0.668177
0.668177
0.668177
0.668177
0.668177
0.668177
0.668177
0.668177
0.668177
0.668177
0.668177
0.668177
0.668177
0.668177
0.668177
0.668177
0.668177
0.668177
0.668177
0.668177
0.668177
0.668177
0.668177
0.668177
0.668177
0.668177
0.668177
0.668177
0.668177
0.668177
0.668177
0.668177
0.668177
0.668177
0.668177
0.668177
0.668177
0.668177
0.668177
0.668177
0.668177
0.668177
0.668177
0.668177
0.668177
0.668177
0.668177
0.668177
0.668177
0.668177
0.668177
0.668177
0.668177
0.668177
0.668177
0.668177
0.668177
0.668177
0.668177
0.668177
0.668177
0.668177
0.668177
0.668177
0.668177
0.668177
0.668177
0.668177
0.668177
0.668177
0.668177
0.668177
0.668177
0.668177
0.668177
0.668177
0.668177
0.668177
0.668177
0.668177
0.668177
0.668177
0.668177
0.668177
0.668177
0.668177
0.668177
0.668177
0.668177
0.668177
0.668177
0.668177
0.668177
0.668177
0.668177
0.668177
0.668177
0.668177
0.668177
0.668177
0.668177
0.668177
0.668177
0.668177
0.668177
0.668177
0.668177
0.668177
0.668177
0.668177
0.668177
0.668177
0.668177
0.668177
0.668177
0.668177
0.668177
0.668177
0.668177
0.668177
0.668177
0.668177
0.668177
0.668177
0.668177
0.668177
0.668177
0.668177
0.668177
0.668177
0.668177
0.668177
0.668177
0.668177
0.668177
0.668177
0.668177
0.668177
0.668177
0.668177
0.668177
0.668177
0.668177
0.668177
0.668177
0.668177
0.668177
0.668177
0.668177
0.668177
0.668177
0.668177
0.668177
0.668177
0.668177
0.668177
0.668177
0.668177
0.668177
0.668177
0.668177
0.668177
0.668177
0.668177
0.668177
0.668177
0.668177
0.668177
0.668177
0.668177
0.668177
0.668177
0.668177
0.668177
0.668177
0.668177
0.668177
0.668177
0.668177
0.668177
0.668177
0.668177
0.668177
0.668177
0.668177
0.668177
0.668177
0.668177
0.668177
0.668177
0.668177
0.668177
0.668177
0.668177
0.668177
0.668177
0.668177
0.668177
0.668177
0.668177
0.668177
0.668177
0.668177
0.668177
0.668177
0.668177
0.668177
0.668177
0.668177
0.668177
0.668177
0.668177
0.668177
0.668177
0.668177
0.668177
0.668177
0.668177
0.668177
0.668177
0.668177
0.668177
0.668177
0.668177
0.668177
0.668177
0.668177
0.668177
0.668177
0.668177
0.668177
0.668177
0.668177
0.668177
0.668177
0.668177
0.668177
0.668177
0.668177
0.668177
0.668177
0.668177
0.668177
0.668177
0.668177
0.668177
0.668177
0.668177
0.668177
0.668177
0.668177
0.668177
0.668177
0.668177
0.668177
0.668177
0.668177
0.668177
0.668177
0.668177
0.668177
0.668177
0.668177
0.668177
0.668177
0.668177
0.668177
0.668177
0.668177
0.668177
0.668177
0.668177
0.668177
0.668177
0.668177
0.668177
0.668177
0.668177
0.668177
0.668177
0.668177
0.668177
0.668177
0.668177
0.668177
0.668177
0.668177
0.668177
0.668177
0.668177
0.668177
0.668177
0.668177
0.668177
0.668177
0.668177
0.668177
0.668177
0.668177
0.668177
0.668177
0.668177
0.668177
0.668177
0.614891
0.614891
0.614891
0.614891
0.614891
0.614891
0.614891
0.614891
0.614891
0.614891
0.614891
0.614891
0.614891
0.614891
0.614891
0.614891
0.614891
0.614891
0.614891
0.614891
0.614891
0.614891
0.614891
0.614891
0.614891
0.614891
0.614891
0.614891
0.614891
0.614891
0.614891
0.614891
0.614891
0.614891
0.614891
0.614891
0.614891
0.614891
0.614891
0.614891
0.614891
0.614891
0.614891
0.614891
0.614891
0.614891
0.614891
0.614891
0.614891
0.614891
0.614891
0.614891
0.614891
0.614891
0.614891
0.614891
0.614891
0.614891
0.614891
0.614891
0.614891
0.614891
0.614891
0.614891
0.614891
0.614891
0.614891
0.614891
0.614891
0.614891
0.614891
0.614891
0.614891
0.614891
0.614891
0.614891
0.614891
0.614891
0.614891
0.614891
0.614891
0.614891
0.614891
0.614891
0.614891
0.614891
0.614891
0.614891
0.614891
0.614891
0.614891
0.614891
0.614891
0.614891
0.614891
0.614891
0.614891
0.614891
0.614891
0.614891
0.614891
0.614891
0.614891
0.614891
0.614891
0.614891
0.614891
0.614891
0.614891
0.614891
0.614891
0.614891
0.614891
0.614891
0.614891
0.614891
0.614891
0.614891
0.614891
0.614891
0.614891
0.614891
0.614891
0.614891
0.614891
0.614891
0.614891
0.614891
0.614891
0.614891
0.614891
0.614891
0.614891
0.614891
0.614891
0.614891
0.614891
0.614891
0.614891
0.614891
0.614891
0.614891
0.614891
0.614891
0.614891
0.614891
0.614891
0.614891
0.614891
0.614891
0.614891
0.614891
0.614891
0.614891
0.614891
0.614891
0.614891
0.614891
0.614891
0.614891
0.614891
0.614891
0.614891
0.614891
0.614891
0.614891
0.614891
0.614891
0.614891
0.614891
0.614891
0.614891
0.614891
0.614891
0.614891
0.614891
0.614891
0.614891
0.614891
0.614891
0.614891
0.614891
0.614891
0.614891
0.614891
0.614891
0.614891
0.614891
0.614891
0.614891
0.614891
0.614891
0.614891
0.614891
0.614891
0.614891
0.614891
0.614891
0.614891
0.614891
0.614891
0.614891
0.614891
0.614891
0.614891
0.614891
0.614891
0.614891
0.614891
0.614891
0.614891
0.614891
0.614891
0.614891
0.614891
0.614891
0.614891
0.614891
0.614891
0.614891
0.614891
0.614891
0.614891
0.614891
0.614891
0.614891
0.614891
0.614891
0.614891
0.614891
0.614891
0.614891
0.614891
0.614891
0.614891
0.614891
0.614891
0.614891
0.614891
0.614891
0.614891
0.614891
0.614891
0.614891
0.614891
0.614891
0.614891
0.614891
0.614891
0.614891
0.614891
0.614891
0.614891
0.614891
0.614891
0.614891
0.614891
0.614891
0.614891
0.614891
0.614891
0.614891
0.614891
0.614891
0.614891
0.614891
0.614891
0.614891
0.614891
0.614891
0.614891
0.614891
0.614891
0.614891
0.614891
0.614891
0.614891
0.614891
0.614891
0.614891
0.614891
0.614891
0.614891
0.614891
0.614891
0.614891
0.614891
0.614891
0.614891
0.614891
0.614891
0.614891
0.614891
0.614891
0.614891
0.614891
0.614891
0.614891
0.614891
0.614891
0.614891
0.614891
0.614891
0.614891
0.614891
0.614891
0.614891
0.614891
0.614891
0.614891
0.614891
0.614891
0.614891
0.614891
0.614891
0.614891
0.614891
0.614891
0.614891
0.614891
0.614891
0.614891
0.614891
0.614891
0.614891
0.614891
0.614891
0.614891
0.614891
0.614891
0.614891
0.614891
0.614891
0.614891
0.614891
0.614891
0.614891
0.614891
0.614891
0.614891
0.614891
0.614891
0.614891
0.614891
0.614891
0.614891
0.614891
0.614891
0.614891
0.614891
0.614891
0.614891
0.614891
0.614891
0.614891
0.614891
0.614891
0.614891
0.614891
0.614891
0.614891
0.614891
0.614891
0.614891
0.614891
0.614891
0.614891
0.614891
0.614891
0.614891
0.614891
0.614891
0.614891
0.614891
0.614891
0.614891
0.614891
0.614891
0.614891
0.614891
0.614891
0.614891
0.614891
0.614891
0.614891
0.614891
0.614891
0.614891
0.614891
0.614891
0.614891
0.614891
0.614891
0.614891
0.614891
0.614891
0.614891
0.614891
0.614891
0.614891
0.614891
0.614891
0.614891
0.614891
0.614891
0.614891
0.614891
0.614891
0.614891
0.614891
0.614891
0.614891
0.614891
0.614891
0.614891
0.614891
0.614891
0.614891
0.614891
0.614891
0.614891
0.614891
0.614891
0.614891
0.614891
0.614891
0.614891
0.614891
0.614891
0.614891
0.614891
0.614891
0.614891
0.614891
0.614891
0.614891
0.614891
0.614891
0.614891
0.614891
0.614891
0.614891
0.614891
0.614891
0.614891
0.614891
0.614891
0.614891
0.614891
0.614891
0.614891
0.614891
0.614891
0.614891
0.614891
0.614891
0.614891
0.614891
0.614891
0.614891
0.614891
0.614891
0.614891
0.614891
0.614891
0.614891
0.614891
0.614891
0.614891
0.614891
0.614891
0.614891
0.614891
0.614891
0.614891
0.614891
0.614891
0.614891
0.614891
0.614891
0.614891
0.614891
0.614891
0.614891
0.614891
0.614891
0.614891
0.614891
0.614891
0.614891
0.614891
0.614891
0.614891
0.614891
0.614891
0.614891
0.614891
0.614891
0.614891
0.614891
0.614891
0.614891
0.614891
0.614891
0.614891
0.614891
0.614891
0.614891
0.614891
0.614891
0.614891
0.614891
0.614891
0.614891
0.614891
0.614891
0.614891
0.614891
0.614891
0.614891
0.614891
0.614891
0.614891
0.614891
0.614891
0.614891
0.614891
0.614891
0.614891
0.614891
0.614891
0.614891
0.614891
0.614891
0.614891
0.614891
0.614891
0.614891
0.614891
0.614891
0.614891
0.614891
0.614891
0.614891
0.614891
0.614891
0.614891
0.614891
0.614891
0.614891
0.614891
0.614891
0.614891
0.614891
0.614891
0.614891
0.614891
0.614891
0.614891
0.614891
0.614891
0.614891
0.614891
0.614891
0.614891
0.614891
0.614891
0.614891
0.614891
0.614891
0.614891
0.614891
0.614891
0.614891
0.614891
0.614891
0.614891
0.614891
0.614891
0.614891
0.614891
0.614891
0.614891
0.614891
0.614891
0.614891
0.614891
0.614891
0.614891
0.614891
0.614891
0.614891
0.614891
0.614891
0.614891
0.614891
0.614891
0.614891
0.614891
0.614891
0.614891
0.614891
0.614891
0.614891
0.614891
