8.45449
7.47687
5.95544
5.95544
5.95544
5.79625
5.78413
5.78413
5.33049
4.83838
4.83838
3.45137
3.45137
3.31501
3.31501
3.31501
3.31501
3.31501
3.09995
2.82895
2.70397
2.70397
2.4031
2.4031
2.4031
2.4031
2.4031
2.17931
1.90731
1.90731
1.9012
1.9012
1.9012
1.89993
1.89993
1.89993
1.89993
1.89993
1.89993
1.89993
1.76892
1.69517
1.69517
1.69517
1.69517
1.69517
1.69517
1.69517
1.69517
1.59993
1.59993
1.59989
1.58274
1.50152
1.50152
1.50152
1.50152
1.50152
1.50152
1.1019
1.1019
1.1019
1.1019
1.1019
1.1019
1.00049
1.00049
1.00049
1.00049
1.00049
1.00049
1.00049
1.00049
1.00049
1.00049
1.00049
1.00049
1.00049
1.00049
1.00049
1.00049
1.00049
1.00049
1.00049
1.00049
1.00049
1.00049
1.00049
1.00049
1.00049
1.00049
1.00049
1.00049
1.00049
1.00011
1.00011
1.00011
1.00011
1.00011
1.00011
1.00011
1.00011
1.00011
1.00011
1.00011
0.999885
0.999885
0.91965
0.91965
0.91965
0.912818
0.903399
0.903399
0.903399
0.903399
0.903399
0.832639
0.832639
0.832639
0.832639
0.832639
0.832639
0.832639
0.832639
0.832639
0.832639
0.832639
0.832639
0.832639
0.801103
0.801103
0.801103
0.801103
0.801103
0.801103
0.801103
0.801103
0.801103
0.801103
0.801103
0.801103
0.801103
0.801103
0.801103
0.801103
0.801103
0.801103
0.801103
0.801103
0.801103
0.801103
0.801103
0.801103
0.801103
0.801103
0.734381
0.734381
0.734381
0.734381
0.734381
0.734381
0.734381
0.734381
0.734381
0.734381
0.734381
0.734381
0.734381
0.734381
0.734381
0.734381
0.734381
0.734381
0.734381
0.734381
0.734381
0.734381
0.734381
0.64751
0.64751
0.64751
0.64751
0.64751
0.64751
0.64751
0.601175
0.601175
0.601175
0.601175
0.601175
0.601175
0.601175
0.601175
0.601175
0.601175
0.601175
0.601175
0.601175
0.601175
0.601175
0.601175
0.601175
0.601175
0.601175
0.601175
0.601175
0.601175
0.601175
0.601175
0.601175
0.601175
0.601175
0.601175
0.601175
0.601175
0.601175
0.601175
0.601175
0.601175
0.601175
0.601175
0.601175
0.601175
0.601175
0.601175
0.601175
0.601175
0.601175
0.601175
0.601175
0.601175
0.601175
0.601175
0.601175
0.601175
0.601175
0.601175
0.601175
0.601175
0.601175
0.601175
0.601175
0.601175
0.601175
0.601175
0.601175
0.601175
0.601175
0.601175
0.601175
0.601175
0.601175
0.601175
0.601175
0.601175
0.601175
0.601175
0.601175
0.601175
0.601175
0.601175
0.601175
0.601175
0.601175
0.601175
0.601175
0.601175
0.601175
0.601175
0.601175
0.601175
0.601175
0.601175
0.601175
0.601175
0.601175
0.601175
0.601175
0.601175
0.601175
0.601175
0.601175
0.601175
0.601175
0.601175
0.601175
0.601175
0.601175
0.601175
0.601175
0.601175
0.601175
0.601175
0.601175
0.601175
0.601175
0.601175
0.601175
0.601175
0.601175
0.601175
0.601175
0.601175
0.601175
0.601175
0.601175
0.601175
0.601175
0.601175
0.601175
0.601175
0.601175
0.601175
0.601175
0.601175
0.601175
0.601175
0.601175
0.601175
0.601175
0.601175
0.601175
0.601175
0.601175
0.601175
0.601175
0.601175
0.601175
0.601175
0.601175
0.601175
0.601175
0.601175
0.601175
0.601175
0.601175
0.601175
0.601175
0.601175
0.601175
0.601175
0.601175
0.601175
0.601175
0.601175
0.601175
0.601175
0.601175
0.601175
0.601175
0.601175
0.601175
0.601175
0.601175
0.601175
0.601175
0.601175
0.601175
0.601175
0.601175
0.601175
0.601175
0.601175
0.601175
0.601175
0.601175
0.601175
0.601175
0.601175
0.601175
0.601175
0.601175
0.601175
0.601175
0.601175
0.601175
0.601175
0.601175
0.601175
0.601175
0.601175
0.601175
0.601175
0.601175
0.601175
0.601175
0.601175
0.601175
0.601175
0.601175
0.601175
0.601175
0.601175
0.601175
0.601175
0.601175
0.601175
0.601175
0.601175
0.601175
0.601175
0.601175
0.601175
0.601175
0.601175
0.601175
0.601175
0.601175
0.601175
0.601175
0.601175
0.601175
0.601175
0.601175
0.601175
0.601175
0.601175
0.601175
0.601175
0.601175
0.601175
0.601175
0.601175
0.601175
0.601175
0.601175
0.601175
0.601175
0.601175
0.601175
0.601175
0.601175
0.601175
0.601175
0.601175
0.601175
0.601175
0.601175
0.601175
0.601175
0.601175
0.601175
0.601175
0.601175
0.601175
0.601175
0.601175
0.601175
0.601175
0.601175
0.601175
0.601175
0.601175
0.601175
0.600584
0.600584
0.600584
0.600584
0.600584
0.600584
0.599993
0.599993
0.599993
0.599993
0.599993
0.599993
0.599993
0.599993
0.599993
0.599993
0.599993
0.599993
0.599993
0.599993
0.599993
0.599993
0.599993
0.599993
0.599993
0.599993
0.599993
0.599993
0.599993
0.599993
0.599993
0.599993
0.599993
0.599993
0.599993
0.599993
0.599993
0.599993
0.599993
0.599993
0.599993
0.599993
0.599993
0.599993
0.599993
0.599993
0.599993
0.599993
0.599993
0.599993
0.599993
0.599993
0.599993
0.599993
0.599993
0.599993
0.599993
0.599993
0.599993
0.599993
0.599993
0.599993
0.599993
0.599993
0.599993
0.599993
0.599993
0.599993
0.599993
0.599993
0.599993
0.599993
0.599993
0.599993
0.599993
0.599993
0.599993
0.599993
0.599993
0.599993
0.599993
0.599993
0.599993
0.599993
0.599993
0.599993
0.599993
0.599993
0.599993
0.599993
0.599993
0.599993
0.599993
0.599993
0.599993
0.599993
0.599993
0.599993
0.599993
0.599993
0.599993
0.599993
0.599993
0.599993
0.599993
0.599993
0.599993
0.599993
0.599993
0.599993
0.599993
0.599993
0.599993
0.599993
0.599993
0.599993
0.599993
0.599993
0.599993
0.599993
0.599993
0.599993
0.599993
0.599993
0.599993
0.599993
0.599993
0.599993
0.599993
0.599993
0.599993
0.599993
0.599993
0.599993
0.599993
0.599993
0.599993
0.599993
0.599993
0.599993
0.599993
0.599993
0.599993
0.599993
0.536793
0.536793
0.536793
0.536793
0.536793
0.536793
0.536793
0.536793
0.536793
0.536793
0.536793
0.536793
0.536793
0.536793
0.536793
0.536793
0.536793
0.536793
0.536793
0.536793
0.536793
0.536793
0.536793
0.536793
0.536793
0.536793
0.536793
0.536793
0.536793
0.536793
0.536793
0.536793
0.536793
0.536793
0.536793
0.536793
0.536793
0.536793
0.536793
0.536793
0.536793
0.536793
0.536793
0.536793
0.536793
0.536793
0.536793
0.536793
0.536793
0.536793
0.536793
0.536793
0.536793
0.536793
0.536793
0.536793
0.536793
0.536793
0.536793
0.536793
0.536793
0.536793
0.536793
0.536793
0.536793
0.536793
0.536793
0.536793
0.536793
0.536793
0.536793
0.536793
0.536793
0.536793
0.536793
0.536793
0.536793
0.536793
0.536793
0.536793
0.536793
0.536793
0.536793
0.536793
0.536793
0.536793
0.536793
0.536793
0.536793
0.536793
0.536793
0.536793
0.536793
0.536793
0.536793
0.536793
0.536793
0.536793
0.536793
0.536793
0.536793
0.536793
0.536793
0.536793
0.536793
0.536793
0.536793
0.536793
0.536793
0.536793
0.536793
0.536793
0.536793
0.536793
0.536793
0.536793
0.536793
0.536793
0.536793
0.536793
0.536793
0.536793
0.536793
0.536793
0.536793
0.536793
0.536793
0.536793
0.536793
0.536793
0.536793
0.536793
0.536793
0.536793
0.536793
0.536793
0.536793
0.536793
0.536793
0.536793
0.536793
0.536793
0.536793
0.536793
0.536793
0.536793
0.536793
0.536793
0.536793
0.536793
0.536793
0.536793
0.536793
0.536793
0.536793
0.536793
0.536793
0.536793
0.536793
0.536793
0.536793
0.536793
0.536793
0.536793
0.536793
0.536793
0.536793
0.536793
0.536793
0.536793
0.536793
0.536793
0.536793
0.536793
0.536793
0.536793
0.536793
0.536793
0.536793
0.536793
0.536793
0.536793
0.536793
0.536793
0.536793
0.536793
0.536793
0.536793
0.536793
0.536793
0.536793
0.536793
0.536793
0.536793
0.536793
0.536793
0.536793
0.536793
0.536793
0.536793
0.536793
0.536793
0.536793
0.536793
0.536793
0.536793
0.536793
0.536793
0.536793
0.536793
0.536793
0.536793
0.536793
0.536793
0.536793
0.536793
0.536793
0.536793
0.536793
0.536793
0.536793
0.536793
0.536793
0.536793
0.536793
0.536793
0.536793
0.536793
0.536793
0.536793
0.536793
0.536793
0.536793
0.536793
0.536793
0.536793
0.536793
0.536793
0.536793
0.536793
0.536793
0.536793
0.536793
0.536793
0.536793
0.536793
0.536793
0.536793
0.536793
0.536793
0.536793
0.536793
0.536793
0.536793
0.536793
0.536793
0.536793
0.536793
0.536793
0.536793
0.536793
0.536793
0.536793
0.536793
0.536793
0.536793
0.536793
0.536793
0.536793
0.536793
0.536793
0.536793
0.536793
0.536793
0.536793
0.536793
0.536793
0.536793
0.536793
0.536793
0.536793
0.536793
0.536793
0.536793
0.536793
0.536793
0.536793
0.536793
0.536793
0.536793
0.536793
0.536793
0.536793
0.536793
0.536793
0.536793
0.536793
0.536793
0.536793
0.536793
0.536793
0.536793
0.536793
0.536793
0.536793
0.536793
0.536793
0.536793
0.536793
0.536793
0.536793
0.536793
0.536793
0.536793
0.536793
0.536793
0.536793
0.536793
0.536793
0.536793
0.536793
0.536793
0.536793
0.536793
0.536793
0.536793
0.536793
0.536793
0.536793
0.536793
0.536793
0.536793
0.536793
0.536793
0.536793
0.536793
0.536793
0.536793
0.536793
0.536793
0.536793
0.536793
0.536793
0.536793
0.536793
0.536793
0.536793
0.536793
0.536793
0.536793
0.536793
0.536793
0.536793
0.536793
0.536793
0.536793
0.536793
0.536793
0.536793
0.536793
0.536793
0.536793
0.536793
0.536793
0.536793
0.536793
0.536793
0.536793
0.536793
0.536793
0.536793
0.536793
0.536793
0.536793
0.536793
0.536793
0.536793
0.536793
0.536793
0.536793
0.536793
0.536793
0.536793
0.536793
0.536793
0.536793
0.536793
0.536793
0.536793
0.536793
0.536793
0.536793
0.536793
0.536793
0.536793
0.536793
0.536793
0.536793
0.536793
0.536793
0.536793
0.536793
0.536793
0.536793
0.536793
0.536793
0.536793
0.536793
0.536793
0.536793
0.536793
0.536793
0.536793
0.536793
0.536793
0.536793
0.536793
0.536793
0.536793
0.536793
0.536793
0.536793
0.536793
0.536793
0.536793
0.536793
0.536793
0.536793
0.536793
0.536793
0.536793
0.536793
0.536793
0.536793
0.536793
0.536793
0.536793
0.536793
0.536793
0.536793
0.536793
0.536793
0.536793
0.536793
0.536793
0.536793
0.536793
0.536793
0.536793
0.536793
0.536793
0.536793
0.536793
0.536793
0.536793
0.536793
0.536793
0.536793
0.536793
0.536793
0.536793
0.536793
0.536793
0.536793
0.536793
0.536793
0.536793
0.536793
0.536793
0.536793
0.536793
0.536793
0.536793
0.536793
0.536793
0.536793
0.536793
0.536793
0.536793
0.536793
0.536793
0.536793
0.536793
0.536793
0.536793
0.536793
0.536793
0.536793
0.536793
0.536793
0.536793
0.536793
0.536793
0.536793
0.536793
0.536793
0.536793
0.536793
0.536793
0.536793
0.536793
0.536793
0.536793
0.536793
0.536793
0.536793
0.536793
0.536793
0.536793
0.536793
0.536793
0.536793
0.536793
0.536793
0.536793
0.536793
0.536793
0.536793
0.536793
0.536793
0.536793
0.536793
0.536793
0.536793
0.536793
0.536793
0.536793
0.536793
0.536793
0.536793
0.536793
0.536793
0.536793
0.536793
0.536793
0.536793
0.536793
0.536793
0.536793
0.536793
0.536793
0.536793
0.536793
0.536793
0.536793
0.536793
0.536793
0.536793
0.536793
0.536793
0.536793
0.536793
0.536793
0.536793
0.536793
0.536793
0.536793
0.536793
0.536793
0.536793
0.536793
0.536793
0.536793
0.536793
0.536793
0.536793
0.536793
0.536793
0.536793
0.536793
0.536793
0.536793
0.536793
0.536793
0.536793
0.536793
0.536793
0.536793
0.536793
0.536793
0.536793
0.536793
0.536793
0.536793
0.536793
0.536793
0.536793
0.536793
0.536793
0.536793
0.536793
0.536793
0.536793
0.536793
0.536793
0.536793
0.536793
0.536793
0.536793
0.536793
0.536793
0.536793
0.536793
0.536793
0.536793
0.536793
0.536793
0.536793
0.536793
0.536793
0.536793
0.536793
0.536793
0.536793
0.536793
0.536793
0.536793
0.536793
0.536793
0.536793
0.536793
0.536793
0.536793
0.536793
0.536793
0.536793
0.536793
0.536793
0.536793
0.536793
0.536793
0.536793
0.536793
0.536793
0.536793
0.536793
0.536793
0.536793
0.536793
0.536793
0.536793
0.536793
0.536793
0.536793
0.536793
0.536793
0.536793
0.536793
0.536793
0.536793
0.536793
0.536793
0.536793
0.536793
0.536793
0.536793
0.536793
0.536793
0.536793
0.536793
0.536793
0.536793
0.536793
0.536793
0.536793
0.536793
0.536793
0.536793
0.536793
0.536793
0.536793
0.536793
0.536793
0.536793
0.536793
0.536793
0.536793
0.536793
0.536793
0.536793
0.536793
0.536793
0.536793
0.536793
0.536793
0.536793
0.536793
0.536793
0.536793
0.536793
0.536793
0.536793
0.536793
0.536793
0.536793
0.536793
0.536793
0.536793
0.536793
0.536793
0.536793
0.536793
0.536793
0.536793
0.536793
0.536793
0.536793
0.536793
0.536793
0.536793
0.536793
0.536793
0.536793
0.536793
0.536793
0.536793
0.536793
0.536793
0.536793
0.536793
0.536793
0.536793
0.536793
0.536793
0.536793
0.536793
0.536793
0.536793
0.536793
0.536793
0.536793
0.536793
0.536793
0.536793
0.536793
0.536793
0.536793
0.536793
0.536793
0.536793
0.536793
0.536793
0.536793
0.536793
0.536793
0.536793
0.536793
0.536793
0.536793
0.536793
0.536793
0.536793
0.536793
0.536793
0.536793
0.536793
0.536793
0.536793
0.536793
0.536793
0.536793
0.536793
0.536793
0.536793
0.536793
0.536793
0.536793
0.536793
0.536793
0.536793
0.536793
0.536793
0.536793
0.536793
0.536793
0.536793
0.536793
0.536793
0.536793
0.536793
0.536793
0.536793
0.536793
0.536793
0.536793
0.536793
0.536793
0.536793
0.536793
0.536793
0.536793
0.536793
0.536793
0.536793
0.536793
0.536793
0.536793
0.536793
0.536793
0.536793
0.536793
0.536793
0.536793
0.536793
0.536793
0.536793
0.536793
0.536793
0.536793
0.536793
0.536793
0.536793
0.536793
0.536793
0.536793
0.536793
0.536793
0.536793
0.536793
0.536793
0.536793
0.536793
0.536793
0.536793
0.536793
0.536793
0.536793
0.536793
0.536793
0.536793
0.536793
0.536793
0.536793
0.536793
0.536793
0.536793
0.536793
0.536793
0.536793
0.536793
0.536793
0.536793
0.536793
0.536793
0.536793
0.536793
0.536793
0.536793
0.536793
0.536793
0.536793
0.536793
0.536793
0.536793
0.536793
0.536793
0.536793
0.536793
0.536793
0.536793
0.536793
0.536793
0.536793
0.536793
0.536793
0.536793
0.536793
0.536793
0.536793
0.536793
0.536793
0.536793
0.536793
0.536793
0.536793
0.536793
0.536793
0.536793
0.536793
0.536793
0.536793
0.536793
0.536793
0.536793
0.536793
0.536793
0.536793
0.536793
0.536793
0.536793
0.536793
0.536793
0.536793
0.536793
0.536793
0.536793
0.536793
0.536793
0.536793
0.536793
0.536793
0.536793
0.536793
0.536793
0.536793
0.536793
0.536793
0.536793
0.536793
0.536793
0.536793
0.536793
0.536793
0.536793
0.536793
0.536793
0.536793
0.536793
0.536793
0.536793
0.536793
0.536793
0.536793
0.536793
0.536793
0.536793
0.536793
0.536793
0.536793
0.536793
0.536793
0.536793
0.536793
0.536793
0.536793
0.536793
0.536793
0.536793
0.536793
0.536793
0.536793
0.536793
0.536793
0.536793
0.536793
0.536793
0.536793
0.536793
0.536793
0.536793
0.536793
0.536793
0.536793
0.536793
0.536793
0.536793
0.536793
0.536793
0.536793
0.536793
0.536793
0.536793
0.536793
0.536793
0.536793
0.536793
0.536793
0.536793
0.536793
0.536793
0.536793
0.536793
0.536793
0.536793
0.536793
0.536793
0.536793
0.536793
0.536793
0.536793
0.536793
0.536793
0.536793
0.536793
0.536793
0.536793
0.536793
0.536793
0.536793
0.536793
0.536793
0.536793
0.536793
0.536793
0.536793
0.536793
0.536793
0.536793
0.536793
0.536793
0.536793
0.536793
0.536793
0.536793
0.536793
0.536793
0.536793
0.536793
0.536793
0.536793
0.536793
0.536793
0.536793
0.536793
0.536793
0.536793
0.536793
0.536793
0.536793
0.536793
0.536793
0.536793
0.536793
0.536793
0.536793
0.536793
0.536793
0.536793
0.536793
0.536793
0.536793
0.536793
0.536793
0.536793
0.536793
0.536793
0.536793
0.536793
0.536793
0.536793
0.536793
0.536793
0.536793
0.536793
0.536793
0.536793
0.536793
0.536793
0.536793
0.536793
0.536793
0.536793
0.536793
0.536793
0.536793
0.536793
0.536793
0.536793
0.536793
0.536793
0.536793
0.536793
0.536793
0.536793
0.536793
0.536793
0.536793
0.536793
