4.1255e+07
1.2951e+07
1.2951e+07
1.24816e+07
1.24816e+07
1.24816e+07
1.24816e+07
1.24816e+07
1.24816e+07
1.24816e+07
1.24816e+07
1.24816e+07
1.24816e+07
1.24816e+07
1.24816e+07
1.24816e+07
1.24816e+07
9.93838e+06
6.68715e+06
4.04128e+06
1.78682e+06
1.78682e+06
1.31841e+06
1.31841e+06
1.13898e+06
1.13898e+06
1.13898e+06
1.13898e+06
1.13898e+06
1.13898e+06
1.13898e+06
1.13898e+06
460100
460100
460100
437429
282940
196201
69980.5
39513.7
39513.7
20886.8
17066.2
15522.8
15522.8
15522.8
7129.79
7129.79
7129.79
7129.79
5937.79
5937.79
5937.79
5937.79
5937.79
5937.79
5937.79
5525.73
3628.48
3628.48
2643.66
1571.91
1445.47
1445.47
1381.14
1332.59
1332.59
1174.49
1174.49
1174.49
1174.49
1129.02
1067.52
935.807
935.807
932.488
932.488
932.488
932.488
932.488
932.488
932.488
932.488
932.488
932.488
932.488
919.175
919.175
919.175
862.852
862.852
862.852
862.852
862.852
862.852
861.109
859.083
816.06
816.06
816.06
816.06
816.06
816.06
816.06
816.06
816.06
816.06
816.06
816.06
816.06
816.06
816.06
816.06
816.06
816.06
816.06
816.06
816.06
816.06
803.203
803.203
803.203
803.203
803.203
803.203
803.203
803.203
803.203
803.203
803.203
803.203
796.686
792.42
792.42
792.42
792.42
792.42
792.42
776.445
776.445
776.445
776.445
776.445
776.445
776.445
776.445
776.445
776.445
776.445
776.445
776.445
776.445
771.87
771.87
771.87
771.87
771.87
771.87
771.87
771.87
771.87
771.87
771.87
771.87
771.87
771.87
771.87
771.87
771.87
771.87
771.87
771.87
771.87
771.87
771.87
771.87
771.87
771.87
771.87
771.87
771.87
771.87
771.87
771.87
771.87
718.506
718.506
718.506
718.506
718.506
718.506
718.506
718.506
718.506
718.506
718.506
718.506
718.506
718.506
718.506
718.506
718.506
718.506
718.506
718.506
718.506
718.506
718.506
718.506
718.506
718.506
718.506
718.506
718.506
718.506
718.506
718.506
718.506
718.506
718.506
718.506
718.506
718.506
718.506
718.506
718.506
718.506
718.506
718.506
718.506
718.506
718.506
718.506
718.506
718.506
718.506
718.506
718.506
718.506
718.506
718.506
718.506
718.506
718.506
718.506
718.506
718.506
718.506
718.506
718.506
718.506
718.506
718.506
718.506
718.506
718.506
718.506
718.506
718.506
718.506
718.506
718.506
718.506
718.506
718.506
718.506
718.506
718.506
718.506
718.506
718.506
718.506
718.506
718.506
718.506
718.506
718.506
718.506
718.506
718.506
718.506
718.506
718.506
718.506
718.506
718.506
718.506
718.506
718.506
718.506
718.506
718.506
718.506
718.506
718.506
718.506
718.506
718.506
718.506
718.506
718.506
718.506
718.506
718.506
718.506
718.506
718.506
718.506
718.506
718.506
718.506
718.506
718.506
718.506
718.506
718.506
718.506
718.506
718.506
718.506
718.506
718.506
718.506
718.506
718.506
718.506
718.506
718.506
718.506
718.506
718.506
718.506
718.506
718.506
718.506
718.506
718.506
718.506
718.506
718.506
718.506
718.506
718.506
718.506
718.506
718.506
718.506
718.506
718.506
718.506
718.506
718.506
718.506
718.506
718.506
718.506
718.506
718.506
718.506
718.506
718.506
718.506
718.506
718.506
718.506
718.506
718.506
718.506
718.506
718.506
718.506
718.506
718.506
718.506
718.506
718.506
718.506
718.506
718.506
718.506
718.506
718.506
718.506
718.506
718.506
718.506
718.506
718.506
718.506
718.506
718.506
718.506
718.506
718.506
718.506
718.506
718.506
718.506
718.506
718.506
718.506
718.506
718.506
718.506
718.506
718.506
718.506
718.506
718.506
718.506
718.506
718.506
718.506
718.506
718.506
718.506
718.506
718.506
718.506
718.506
718.506
718.506
718.506
718.506
718.506
718.506
718.506
718.506
718.506
718.506
718.506
718.506
718.506
718.506
718.506
718.506
718.506
718.506
718.506
718.506
718.506
718.506
718.506
718.506
718.506
718.506
718.506
718.506
718.506
718.506
718.506
718.506
718.506
718.506
718.506
718.506
718.506
718.506
718.506
718.506
718.506
718.506
718.506
718.506
718.506
718.506
718.506
718.506
718.506
718.506
718.506
718.506
718.506
718.506
718.506
718.506
718.506
718.506
718.506
718.506
718.506
718.506
718.506
718.506
718.506
718.506
718.506
718.506
718.506
718.506
718.506
718.506
718.506
718.506
718.506
718.506
718.506
718.506
718.506
718.506
718.506
718.506
718.506
718.506
718.506
718.506
718.506
718.506
718.506
718.506
718.506
718.506
718.506
718.506
718.506
718.506
718.506
718.506
718.506
718.506
718.506
718.506
718.506
718.506
718.506
718.506
718.506
718.506
718.506
718.506
718.506
718.506
718.506
718.506
718.506
718.506
718.506
718.506
718.506
718.506
718.506
718.506
718.506
718.506
718.506
718.506
718.506
718.506
718.506
718.506
718.506
718.506
718.506
718.506
718.506
718.506
718.506
718.506
718.506
718.506
718.506
718.506
718.506
718.506
718.506
718.506
718.506
718.506
718.506
718.506
718.506
718.506
718.506
718.506
718.506
718.506
718.506
718.506
718.506
718.506
718.506
718.506
718.506
718.506
718.506
718.506
718.506
718.506
718.506
718.506
718.506
718.506
718.506
718.506
718.506
718.506
718.506
718.506
718.506
718.506
718.506
718.506
718.506
718.506
718.506
718.506
718.506
718.506
718.506
718.506
718.506
718.506
718.506
718.506
718.506
718.506
718.506
718.506
718.506
718.506
718.506
718.506
718.506
718.506
718.506
718.506
718.506
718.506
718.506
718.506
718.506
718.506
718.506
718.506
718.506
718.506
718.506
718.506
718.506
718.506
718.506
718.506
718.506
718.506
718.506
718.506
718.506
718.506
718.506
718.506
718.506
718.506
718.506
718.506
718.506
718.506
718.506
718.506
718.506
718.506
718.506
718.506
718.506
718.506
718.506
718.506
718.506
718.506
718.506
718.506
718.506
718.506
718.506
718.506
718.506
718.506
718.506
718.506
718.506
718.506
718.506
718.506
718.506
718.506
718.506
718.506
718.506
718.506
718.506
718.506
718.506
718.506
718.506
718.506
718.506
718.506
718.506
718.506
718.506
718.506
718.506
718.506
718.506
718.506
718.506
718.506
718.506
718.506
718.506
718.506
718.506
718.506
718.506
718.506
718.506
718.506
718.506
718.506
718.506
718.506
718.506
718.506
718.506
718.506
718.506
718.506
718.506
718.506
718.506
718.506
718.506
718.506
718.506
718.506
718.506
718.506
718.506
718.506
718.506
718.506
718.506
718.506
718.506
718.506
718.506
718.506
718.506
718.506
718.506
718.506
718.506
718.506
718.506
718.506
718.506
718.506
718.506
718.506
718.506
718.506
718.506
718.506
718.506
718.506
718.506
718.506
718.506
718.506
718.506
718.506
718.506
718.506
718.506
718.506
718.506
718.506
718.506
718.506
718.506
718.506
718.506
718.506
718.506
718.506
718.506
718.506
718.506
718.506
718.506
718.506
718.506
718.506
718.506
718.506
718.506
718.506
718.506
718.506
718.506
718.506
718.506
718.506
718.506
718.506
718.506
718.506
718.506
718.506
718.506
718.506
718.506
718.506
718.506
718.506
718.506
718.506
718.506
718.506
718.506
718.506
718.506
718.506
718.506
718.506
718.506
718.506
718.506
718.506
718.506
718.506
718.506
718.506
718.506
718.506
718.506
718.506
718.506
718.506
718.506
718.506
718.506
718.506
718.506
718.506
718.506
718.506
718.506
718.506
718.506
718.506
718.506
718.506
718.506
718.506
718.506
718.506
718.506
718.506
718.506
718.506
718.506
718.506
718.506
718.506
718.506
718.506
718.506
718.506
718.506
718.506
718.506
718.506
718.506
718.506
718.506
718.506
718.506
718.506
718.506
718.506
718.506
718.506
718.506
718.506
718.506
718.506
718.506
718.506
718.506
718.506
718.506
718.506
718.506
718.506
718.506
718.506
718.506
718.506
718.506
718.506
718.506
718.506
718.506
718.506
718.506
718.506
718.506
718.506
718.506
718.506
718.506
718.506
718.506
718.506
718.506
718.506
718.506
718.506
718.506
718.506
718.506
718.506
718.506
718.506
718.506
718.506
718.506
718.506
718.506
718.506
718.506
718.506
718.506
718.506
718.506
718.506
718.506
718.506
718.506
718.506
718.506
718.506
718.506
718.506
718.506
718.506
718.506
718.506
718.506
718.506
718.506
718.506
718.506
718.506
718.506
718.506
718.506
718.506
718.506
718.506
718.506
718.506
718.506
718.506
718.506
718.506
718.506
718.506
718.506
718.506
718.506
718.506
718.506
718.506
718.506
718.506
718.506
718.506
718.506
718.506
718.506
718.506
718.506
718.506
718.506
718.506
718.506
718.506
718.506
718.506
718.506
718.506
718.506
718.506
718.506
718.506
718.506
718.506
718.506
718.506
718.506
718.506
718.506
718.506
718.506
718.506
718.506
718.506
718.506
718.506
718.506
718.506
718.506
718.506
718.506
718.506
718.506
718.506
718.506
718.506
718.506
718.506
718.506
718.506
718.506
718.506
718.506
718.506
718.506
718.506
718.506
718.506
718.506
718.506
718.506
718.506
718.506
718.506
718.506
718.506
718.506
718.506
718.506
718.506
718.506
718.506
718.506
718.506
718.506
718.506
718.506
718.506
718.506
718.506
718.506
718.506
718.506
718.506
718.506
718.506
718.506
718.506
718.506
718.506
718.506
718.506
718.506
718.506
718.506
718.506
718.506
718.506
718.506
718.506
718.506
718.506
718.506
718.506
718.506
718.506
718.506
718.506
718.506
718.506
718.506
718.506
718.506
718.506
718.506
718.506
718.506
718.506
718.506
718.506
718.506
718.506
718.506
718.506
718.506
718.506
718.506
718.506
718.506
718.506
718.506
718.506
718.506
718.506
718.506
718.506
718.506
718.506
718.506
718.506
718.506
718.506
718.506
718.506
718.506
718.506
718.506
718.506
718.506
718.506
718.506
718.506
718.506
718.506
718.506
718.506
718.506
718.506
718.506
718.506
718.506
718.506
718.506
718.506
718.506
718.506
718.506
718.506
718.506
718.506
718.506
718.506
718.506
718.506
718.506
718.506
718.506
718.506
718.506
718.506
718.506
718.506
718.506
718.506
718.506
718.506
718.506
718.506
718.506
718.506
718.506
718.506
718.506
718.506
718.506
718.506
718.506
718.506
718.506
718.506
718.506
718.506
718.506
718.506
718.506
718.506
718.506
718.506
718.506
718.506
718.506
718.506
718.506
718.506
718.506
718.506
718.506
718.506
718.506
718.506
718.506
718.506
718.506
718.506
718.506
718.506
718.506
718.506
718.506
718.506
718.506
718.506
718.506
718.506
718.506
718.506
718.506
718.506
702.461
702.461
683.821
683.821
683.821
683.821
683.821
683.821
683.821
674.596
642.693
642.693
642.693
614.072
614.072
614.072
576.347
576.347
576.347
576.347
576.347
576.347
576.347
564.072
544.438
541.239
488.859
458.333
458.333
458.333
445.542
445.542
445.542
404.699
364.769
364.769
364.769
315.386
315.386
315.386
279.585
279.585
279.585
255.797
238.444
238.444
238.444
226.23
198.042
173.051
173.051
173.051
173.051
142.085
141.767
130.078
122.32
122.32
103.433
103.433
101.751
97.3954
97.3954
97.3954
97.3954
97.3954
96.8794
96.8794
83.4409
83.4409
78.4802
74.7726
74.7726
74.7726
74.7726
74.7726
74.7726
74.7726
61.5475
61.5475
61.5475
61.5475
61.5475
61.5475
56.1123
56.1123
56.1123
55.9717
54.1035
51.5085
51.1751
49.5168
49.5168
49.5168
49.3491
48.2507
44.6902
44.6902
44.6902
44.6902
44.6902
44.6902
44.6902
44.6902
44.6902
44.6902
44.6902
44.6902
44.6902
44.6902
44.6902
44.6902
44.2319
43.1531
42.2084
42.2084
42.2084
42.2084
41.8473
41.8473
41.8473
41.8473
41.8473
41.8473
41.0198
41.0198
41.0198
40.6926
40.6926
40.3496
40.2874
40.0225
39.9713
39.967
39.967
39.7643
39.7643
39.7643
39.7604
39.7604
39.7604
39.4866
39.4866
39.3917
39.3798
39.3798
39.2799
39.2799
39.0513
38.9886
38.9508
38.8776
38.7758
38.7758
38.7274
38.7274
38.7274
38.7274
38.7274
38.7274
38.7274
38.7274
38.6516
38.6516
38.615
38.5876
38.5876
38.5622
38.5554
38.547
38.5303
38.5303
38.5303
38.5303
38.5303
38.5303
38.5303
38.5303
38.5303
38.5303
38.5252
38.5252
38.5232
38.5135
38.5127
38.5127
38.5071
38.4959
38.4959
38.4959
38.4959
38.4959
38.4959
38.4959
38.4959
38.4959
38.4959
38.4953
38.4865
38.4865
38.482
38.4799
38.4773
38.4716
38.4716
38.4668
38.4668
38.4668
38.4668
38.4668
38.4668
38.4639
38.4639
38.4639
38.4625
38.4625
38.4625
38.4602
38.4602
38.4602
38.4602
38.4602
38.4602
38.4593
38.4593
38.4593
38.4584
38.4584
38.4584
38.4584
38.4584
38.4584
38.4584
38.4584
38.4584
38.4584
38.4584
38.4584
38.4584
38.4584
38.4584
38.4584
38.4584
38.4584
38.4584
38.4584
38.4584
38.4584
38.4584
38.4584
38.4584
38.4584
38.4584
38.4584
38.4584
38.4584
38.4584
38.4584
38.4584
38.4584
38.4584
38.4584
38.4584
38.4584
38.4584
38.4584
38.4584
38.4584
38.4584
38.4584
38.4584
38.4584
38.4584
38.4584
38.4584
38.4584
38.4584
38.4584
38.4584
38.4584
38.4584
38.4584
38.4584
38.4584
38.4584
38.4584
38.4584
38.4584
38.4584
38.4584
38.4584
38.4584
38.4584
38.4584
38.4584
38.4584
38.4584
38.4584
38.4584
38.4584
38.4584
38.4584
38.4584
38.4584
38.4584
38.4584
38.4584
38.4584
38.4584
38.4584
38.4584
38.4584
38.4584
38.4584
38.4584
38.4584
38.4584
38.4584
38.4584
38.4584
38.4584
38.4584
38.4584
38.4584
38.4584
38.4584
38.4584
38.4584
38.4584
38.4584
38.4584
38.4584
38.4584
38.4584
38.4584
38.4584
38.4584
38.4584
38.4584
38.4584
38.4584
38.4584
38.4584
38.4584
38.4584
38.4584
38.4584
38.4584
38.4584
38.4584
38.4584
38.4584
38.4584
38.4584
38.4584
38.4584
38.4584
38.4584
38.4584
38.4584
38.4584
38.4584
38.4584
38.4584
38.4584
38.4584
38.4584
38.4584
38.4584
38.4584
38.4584
38.4584
38.4584
38.4584
38.4584
38.4584
38.4584
38.4584
38.4584
38.4584
38.4584
38.4584
38.4584
38.4584
38.4584
38.4584
38.4584
38.4584
38.4584
38.4584
38.4584
38.4584
38.4584
38.4584
38.4584
38.4584
38.4584
38.4584
38.4584
38.4584
38.4584
38.4584
38.4584
38.4584
38.4584
38.4584
38.4584
38.4584
38.4584
38.4584
38.4584
38.4584
38.4584
38.4584
38.4584
38.4584
38.4584
38.4584
38.4584
38.4584
38.4584
38.4584
38.4584
38.4584
38.4584
38.4584
38.4584
38.4584
38.4584
38.4584
38.4584
38.4584
38.4584
38.4584
38.4584
38.4584
38.4584
38.4584
38.4584
38.4584
38.4584
38.4584
38.4584
38.4584
38.4584
38.4584
38.4584
38.4584
38.4584
38.4584
38.4584
38.4584
38.4584
38.4584
38.4584
38.4584
38.4584
38.4584
38.4584
38.4584
38.4584
38.4584
38.4584
38.4584
38.4584
38.4584
38.4584
38.4584
38.4584
38.4584
38.4584
38.4584
38.4584
38.4584
38.4584
38.4584
38.4584
38.4584
38.4584
38.4584
38.4584
38.4584
38.4584
38.4584
38.4584
38.4584
38.4584
38.4584
38.4584
38.4584
38.4584
38.4584
38.4584
38.4584
38.4584
38.4584
38.4584
38.4584
38.4584
38.4584
38.4584
38.4584
38.4584
38.4584
38.4584
38.4584
38.4584
38.4584
38.4584
38.4584
38.4584
38.4584
38.4584
38.4584
38.4584
38.4584
38.4584
38.4584
38.4584
38.4584
38.4584
38.4584
38.4584
38.4584
38.4584
38.4584
38.4584
38.4584
38.4584
38.4584
38.4584
38.4584
38.4584
38.4584
38.4584
38.4584
38.4584
38.4584
38.4584
38.4584
38.4584
38.4584
38.4584
38.4584
38.4584
38.4584
38.4584
38.4584
38.4584
38.4584
38.4584
38.4584
38.4584
38.4584
38.4584
38.4584
38.4584
38.4584
38.4584
38.4584
38.4584
38.4584
38.4584
38.4584
38.4584
38.4584
38.4584
38.4584
38.4584
38.4584
38.4584
38.4584
38.4584
38.4584
38.4584
38.4584
38.4584
38.4584
38.4584
38.4584
38.4584
38.4584
38.4584
38.4584
38.4584
38.4584
38.4584
38.4584
38.4584
38.4584
38.4584
38.4584
38.4584
38.4584
38.4584
38.4584
38.4584
38.4584
38.4584
38.4584
38.4584
38.4584
38.4584
38.4584
38.4584
38.4584
38.4584
38.4584
38.4584
38.4584
38.4584
38.4584
38.4584
38.4584
38.4584
38.4584
38.4584
38.4584
38.4584
38.4584
38.4584
38.4584
38.4584
38.4584
38.4584
38.4584
38.4584
38.4584
38.4584
38.4584
38.4584
38.4584
38.4584
38.4584
38.4584
38.4584
38.4584
38.4584
38.4584
38.4584
38.4584
38.4584
38.4584
38.4584
38.4584
38.4584
38.4584
38.4584
38.4584
38.4584
38.4584
38.4584
38.4584
38.4584
38.4584
38.4584
38.4584
38.4584
38.4584
38.4584
38.4584
38.4584
38.4584
38.4584
38.4584
38.4584
38.4584
38.4584
38.4584
38.4584
38.4584
38.4584
38.4584
38.4584
38.4584
38.4584
38.4584
38.4584
38.4584
38.4584
38.4584
38.4584
38.4584
38.4584
38.4584
38.4584
38.4584
38.4584
38.4584
38.4584
38.4584
38.4584
38.4584
38.4584
38.4584
38.4584
38.4584
38.4584
38.4584
38.4584
38.4584
38.4584
38.4584
38.4584
38.4584
38.4584
38.4584
38.4584
38.4584
38.4584
38.4584
38.4584
38.4584
38.4584
38.4584
38.4584
38.4584
38.4584
38.4584
38.4584
38.4584
38.4584
38.4584
38.4584
38.4584
38.4584
38.4584
38.4584
38.4584
38.4584
38.4584
38.4584
38.4584
38.4584
38.4584
38.4584
38.4584
38.4584
38.4584
38.4584
38.4584
38.4584
38.4584
38.4584
38.4584
38.4584
38.4584
38.4584
38.4584
38.4584
38.4584
38.4584
38.4584
38.4584
38.4584
38.4584
38.4584
38.4584
38.4584
38.4584
38.4584
38.4584
38.4584
38.4584
38.4584
38.4584
38.4584
38.4584
38.4584
38.4584
38.4584
38.4584
38.4584
38.4584
38.4584
38.4584
38.4584
38.4584
38.4584
38.4584
38.4584
38.4584
38.4584
38.4584
38.4584
38.4584
38.4584
38.4584
38.4584
38.4584
38.4584
38.4584
38.4584
38.4584
38.4584
38.4584
38.4584
38.4584
38.4584
38.4584
38.4584
38.4584
38.4584
38.4584
38.4584
38.4584
38.4584
38.4584
38.4584
38.4584
38.4584
38.4584
38.4584
38.4584
38.4584
38.4584
38.4584
38.4584
38.4584
38.4584
38.4584
38.4584
38.4584
38.4584
38.4584
38.4584
38.4584
38.4584
38.4584
38.4584
38.4584
38.4584
38.4584
38.4584
38.4584
38.4584
38.4584
38.4584
38.4584
38.4584
38.4584
38.4584
38.4584
38.4584
38.4584
38.4584
38.4584
38.4584
38.4584
38.4584
38.4584
38.4584
38.4584
38.4584
38.4584
38.4584
38.4584
38.4584
38.4584
38.4584
38.4584
38.4584
38.4584
38.4584
38.4584
38.4584
38.4584
38.4584
38.4584
38.4584
38.4584
38.4584
38.4584
38.4584
38.4584
38.4584
38.4584
38.4584
38.4584
38.4584
38.4584
38.4584
38.4584
38.4584
38.4584
38.4584
38.4584
38.4584
38.4584
38.4584
38.4584
38.4584
38.4584
38.4584
38.4584
38.4584
38.4584
38.4584
38.4584
38.4584
38.4584
38.4584
38.4584
38.4584
38.4584
38.4584
38.4584
38.4584
38.4584
38.4584
38.4584
38.4584
38.4584
38.4584
38.4584
38.4584
38.4584
38.4584
38.4584
38.4584
38.4584
38.4584
38.4584
38.4584
38.4584
38.4584
38.4584
38.4584
38.4584
38.4584
38.4584
38.4584
38.4584
38.4584
38.4584
38.4584
38.4584
38.4584
38.4584
38.4584
38.4584
38.4584
38.4584
38.4584
38.4584
38.4584
38.4584
38.4584
38.4584
38.4584
38.4584
38.4584
38.4584
38.4584
38.4584
38.4584
38.4584
38.4584
38.4584
38.4584
38.4584
38.4584
38.4584
38.4584
38.4584
38.4584
38.4584
38.4584
38.4584
38.4584
38.4584
38.4584
38.4584
38.4584
38.4584
38.4584
38.4584
38.4584
38.4584
38.4584
38.4584
38.4584
38.4584
38.4584
38.4584
38.4584
38.4584
38.4584
38.4584
38.4584
38.4584
38.4584
38.4584
38.4584
38.4584
38.4584
38.4584
38.4584
38.4584
38.4584
38.4584
38.4584
38.4584
38.4584
38.4584
38.4584
38.4584
38.4584
38.4584
38.4584
38.4584
38.4584
38.4584
38.4584
38.4584
38.4584
38.4584
38.4584
38.4584
38.4584
38.4584
38.4584
38.4584
38.4584
38.4584
38.4584
38.4584
38.4584
38.4584
38.4584
38.4584
38.4584
38.4584
38.4584
38.4584
38.4584
38.4584
38.4584
38.4584
38.4584
38.4584
38.4584
38.4584
38.4584
38.4584
38.4584
38.4584
38.4584
38.4584
38.4584
38.4584
38.4584
38.4584
38.4584
38.4584
38.4584
38.4584
38.4584
38.4584
38.4584
38.4584
38.4584
38.4584
38.4584
38.4584
38.4584
38.4584
38.4584
38.4584
38.4584
38.4584
38.4584
38.4584
38.4584
38.4584
38.4584
38.4584
38.4584
38.4584
38.4584
38.4584
38.4584
38.4584
38.4584
38.4584
38.4584
38.4584
38.4584
38.4584
38.4584
38.4584
38.4584
38.4584
38.4584
38.4584
38.4584
38.4584
38.4584
38.4584
38.4584
38.4584
38.4584
38.4584
38.4584
38.4584
38.4584
38.4584
38.4584
38.4584
38.4584
38.4584
38.4584
38.4584
38.4584
38.4584
38.4584
38.4584
38.4584
38.4584
38.4584
38.4584
38.4584
38.4584
38.4584
38.4584
38.4584
38.4584
38.4584
38.4584
38.4584
38.4584
38.4584
38.4584
38.4584
38.4584
38.4584
38.4584
38.4584
38.4584
38.4584
38.4584
38.4584
38.4584
38.4584
38.4584
38.4584
38.4584
38.4584
38.4584
38.4584
38.4584
38.4584
38.4584
38.4584
38.4584
38.4584
38.4584
38.4584
38.4584
38.4584
38.4584
38.4584
38.4584
38.4584
38.4584
38.4584
38.4584
38.4584
38.4584
38.4584
38.4584
38.4584
38.4584
38.4584
38.4584
38.4584
38.4584
38.4584
38.4584
38.4584
38.4584
38.4584
38.4584
38.4584
38.4584
38.4584
38.4584
38.4584
38.4584
38.4584
38.4584
38.4584
38.4584
38.4584
38.4584
38.4584
38.4584
38.4584
38.4584
38.4584
38.4584
38.4584
38.4584
38.4584
38.4584
38.4584
38.4584
38.4584
38.4584
38.4584
38.4584
38.4584
38.4584
38.4584
38.4584
38.4584
38.4584
38.4584
38.4584
38.4584
38.4584
38.4584
38.4584
38.4584
38.4584
38.4584
38.4584
38.4584
38.4584
38.4584
38.4584
38.4584
38.4584
38.4584
38.4584
38.4584
38.4584
38.4584
38.4584
38.4584
38.4584
38.4584
38.4584
38.4584
38.4584
38.4584
38.4584
38.4584
38.4584
38.4584
38.4584
38.4584
38.4584
38.4584
38.4584
38.4584
38.4584
38.4584
38.4584
38.4584
38.4584
38.4584
38.4584
38.4584
38.4584
38.4584
38.4584
38.4584
38.4584
38.4584
38.4584
38.4584
38.4584
38.4584
38.4584
38.4584
38.4584
38.4584
38.4584
38.4584
38.4584
38.4584
38.4584
38.4584
38.4584
38.4584
38.4584
38.4584
38.4584
38.4584
38.4584
38.4584
38.4584
38.4584
38.4584
38.4584
38.4584
38.4584
38.4584
38.4584
38.4584
38.4584
38.4584
38.4584
38.4584
38.4584
38.4584
38.4584
38.4584
38.4584
38.4584
38.4584
38.4584
38.4584
38.4584
38.4584
38.4584
38.4584
38.4584
38.4584
38.4584
38.4584
38.4584
38.4584
38.4584
38.4584
38.4584
38.4584
38.4584
38.4584
38.4584
38.4584
38.4584
38.4584
38.4584
38.4584
38.4584
38.4584
38.4584
38.4584
38.4584
38.4584
38.4584
38.4584
38.4584
38.4584
38.4584
38.4584
38.4584
38.4584
38.4584
38.4584
38.4584
38.4584
38.4584
38.4584
38.4584
38.4584
38.4584
38.4584
38.4584
38.4584
38.4584
38.4584
38.4584
38.4584
38.4584
38.4584
38.4584
38.4584
38.4584
38.4584
38.4584
38.4584
38.4584
38.4584
38.4584
38.4584
38.4584
38.4584
38.4584
38.4584
38.4584
38.4584
38.4584
38.4584
38.4584
38.4584
38.4584
38.4584
38.4584
38.4584
38.4584
38.4584
38.4584
38.4584
38.4584
38.4584
38.4584
38.4584
38.4584
38.4584
38.4584
38.4584
38.4584
38.4584
38.4584
38.4584
38.4584
38.4584
38.4584
38.4584
38.4584
38.4584
38.4584
38.4584
38.4584
38.4584
38.4584
38.4584
38.4584
38.4584
38.4584
38.4584
38.4584
38.4584
38.4584
38.4584
38.4584
38.4584
38.4584
38.4584
38.4584
38.4584
38.4584
38.4584
38.4584
38.4584
38.4584
38.4584
38.4584
38.4584
38.4584
38.4584
38.4584
38.4584
38.4584
38.4584
38.4584
38.4584
38.4584
38.4584
38.4584
38.4584
38.4584
38.4584
38.4584
38.4584
38.4584
38.4584
38.4584
38.4584
38.4584
38.4584
38.4584
38.4584
38.4584
38.4584
38.4584
38.4584
38.4584
38.4584
38.4584
38.4584
38.4584
38.4584
38.4584
38.4584
38.4584
38.4584
38.4584
38.4584
38.4584
38.4584
38.4584
38.4584
38.4584
38.4584
38.4584
38.4584
38.4584
38.4584
38.4584
38.4584
38.4584
38.4584
38.4584
38.4584
38.4584
38.4584
38.4584
38.4584
38.4584
38.4584
38.4584
38.4584
38.4584
38.4584
38.4584
38.4584
38.4584
38.4584
38.4584
38.4584
38.4584
38.4584
38.4584
38.4584
38.4584
38.4584
38.4584
38.4584
38.4584
38.4584
38.4584
38.4584
38.4584
38.4584
38.4584
38.4584
38.4584
38.4584
38.4584
38.4584
38.4584
38.4584
38.4584
38.4584
38.4584
38.4584
38.4584
38.4584
38.4584
38.4584
38.4584
38.4584
38.4584
38.4584
38.4584
38.4584
38.4584
38.4584
38.4584
38.4584
38.4584
38.4584
38.4584
38.4584
38.4584
38.4584
38.4584
38.4584
38.4584
38.4584
38.4584
38.4584
38.4584
38.4584
38.4584
38.4584
38.4584
38.4584
38.4584
38.4584
38.4584
38.4584
38.4584
38.4584
38.4584
38.4584
38.4584
38.4584
38.4584
38.4584
38.4584
38.4584
38.4584
38.4584
38.4584
38.4584
38.4584
38.4584
38.4584
38.4584
38.4584
38.4584
38.4584
38.4584
38.4584
38.4584
38.4584
38.4584
38.4584
38.4584
38.4584
38.4584
38.4584
38.4584
38.4584
38.4584
38.4584
38.4584
38.4584
38.4584
38.4584
38.4584
38.4584
38.4584
38.4584
38.4584
38.4584
38.4584
38.4584
38.4584
38.4584
38.4584
38.4584
38.4584
38.4584
38.4584
38.4584
38.4584
38.4584
38.4584
38.4584
38.4584
38.4584
38.4584
38.4584
38.4584
38.4584
38.4584
38.4584
38.4584
38.4584
38.4584
38.4584
38.4584
38.4584
38.4584
38.4584
38.4584
38.4584
38.4584
38.4584
38.4584
38.4584
38.4584
38.4584
38.4584
38.4584
38.4584
38.4584
38.4584
38.4584
38.4584
38.4584
38.4584
38.4584
38.4584
38.4584
38.4584
38.4584
38.4584
38.4584
38.4584
38.4584
38.4584
38.4584
38.4584
38.4584
38.4584
38.4584
38.4584
38.4584
38.4584
38.4584
38.4584
38.4584
38.4584
38.4584
38.4584
38.4584
38.4584
38.4584
38.4584
38.4584
38.4584
38.4584
38.4584
38.4584
38.4584
38.4584
38.4584
38.4584
38.4584
38.4584
38.4584
38.4584
38.4584
38.4584
38.4584
38.4584
38.4584
38.4584
38.4584
38.4584
38.4584
38.4584
38.4584
38.4584
38.4584
38.4584
38.4584
38.4584
38.4584
38.4584
38.4584
38.4584
38.4584
38.4584
38.4584
38.4584
38.4584
38.4584
38.4584
38.4584
38.4584
38.4584
38.4584
38.4584
38.4584
38.4584
38.4584
38.4584
38.4584
38.4584
38.4584
38.4584
38.4584
38.4584
38.4584
38.4584
38.4584
38.4584
38.4584
38.4584
38.4584
38.4584
38.4584
38.4584
38.4584
38.4584
38.4584
38.4584
38.4584
38.4584
38.4584
38.4584
38.4584
38.4584
38.4584
38.4584
38.4584
38.4584
38.4584
38.4584
38.4584
38.4584
38.4584
38.4584
38.4584
38.4584
38.4584
38.4584
38.4584
38.4584
38.4584
38.4584
38.4584
38.4584
38.4584
38.4584
38.4584
38.4584
38.4584
38.4584
38.4584
38.4584
38.4584
38.4584
38.4584
38.4584
38.4584
38.4584
38.4584
38.4584
38.4584
38.4584
38.4584
38.4584
38.4584
38.4584
38.4584
38.4584
38.4584
38.4584
38.4584
38.4584
38.4584
38.4584
38.4584
38.4584
38.4584
38.4584
38.4584
38.4584
38.4584
38.4584
38.4584
38.4584
38.4584
38.4584
38.4584
38.4584
38.4584
38.4584
38.4584
38.4584
38.4584
38.4584
38.4584
38.4584
38.4584
38.4584
38.4584
38.4584
38.4584
38.4584
38.4584
38.4584
38.4584
38.4584
38.4584
38.4584
38.4584
38.4584
38.4584
38.4584
38.4584
38.4584
38.4584
38.4584
38.4584
38.4584
38.4584
38.4584
38.4584
38.4584
38.4584
38.4584
38.4584
38.4584
38.4584
38.4584
38.4584
38.4584
38.4584
38.4584
38.4584
38.4584
38.4584
38.4584
38.4584
38.4584
38.4584
38.4584
38.4584
38.4584
38.4584
38.4584
38.4584
38.4584
38.4584
38.4584
38.4584
38.4584
38.4584
38.4584
38.4584
38.4584
38.4584
38.4584
38.4584
38.4584
38.4584
38.4584
38.4584
38.4584
38.4584
38.4584
38.4584
38.4584
38.4584
38.4584
38.4584
38.4584
38.4584
38.4584
38.4584
38.4584
38.4584
38.4584
38.4584
38.4584
38.4584
38.4584
38.4584
38.4584
38.4584
38.4584
38.4584
38.4584
38.4584
38.4584
38.4584
38.4584
38.4584
38.4584
38.4584
38.4584
38.4584
38.4584
38.4584
38.4584
38.4584
38.4584
38.4584
38.4584
38.4584
38.4584
38.4584
38.4584
38.4584
38.4584
38.4584
38.4584
38.4584
38.4584
38.4584
38.4584
38.4584
38.4584
38.4584
38.4584
38.4584
38.4584
38.4584
38.4584
38.4584
38.4584
38.4584
38.4584
38.4584
38.4584
38.4584
38.4584
38.4584
38.4584
38.4584
38.4584
38.4584
38.4584
38.4584
38.4584
38.4584
38.4584
38.4584
38.4584
38.4584
38.4584
38.4584
38.4584
38.4584
38.4584
38.4584
38.4584
38.4584
38.4584
38.4584
38.4584
38.4584
38.4584
38.4584
38.4584
38.4584
38.4584
38.4584
38.4584
38.4584
38.4584
38.4584
38.4584
38.4584
38.4584
38.4584
38.4584
38.4584
38.4584
38.4584
38.4584
38.4584
38.4584
38.4584
38.4584
38.4584
38.4584
38.4584
38.4584
38.4584
38.4584
38.4584
38.4584
38.4584
38.4584
38.4584
38.4584
38.4584
38.4584
38.4584
38.4584
38.4584
38.4584
38.4584
38.4584
38.4584
38.4584
38.4584
38.4584
38.4584
38.4584
38.4584
38.4584
38.4584
38.4584
38.4584
38.4584
38.4584
38.4584
38.4584
38.4584
38.4584
38.4584
38.4584
38.4584
38.4584
38.4584
38.4584
38.4584
38.4584
38.4584
38.4584
38.4584
38.4584
38.4584
38.4584
38.4584
38.4584
38.4584
38.4584
38.4584
38.4584
38.4584
38.4584
38.4584
38.4584
38.4584
38.4584
38.4584
38.4584
38.4584
38.4584
38.4584
38.4584
38.4584
38.4584
38.4584
38.4584
38.4584
38.4584
38.4584
38.4584
38.4584
38.4584
38.4584
38.4584
38.4584
38.4584
38.4584
38.4584
38.4584
38.4584
38.4584
38.4584
38.4584
38.4584
38.4584
38.4584
38.4584
38.4584
38.4584
38.4584
38.4584
38.4584
38.4584
38.4584
38.4584
38.4584
38.4584
38.4584
38.4584
38.4584
38.4584
38.4584
38.4584
38.4584
38.4584
38.4584
38.4584
38.4584
38.4584
38.4584
38.4584
38.4584
38.4584
38.4584
38.4584
38.4584
38.4584
38.4584
38.4584
38.4584
38.4584
38.4584
38.4584
38.4584
38.4584
38.4584
38.4584
38.4584
38.4584
38.4584
38.4584
38.4584
38.4584
38.4584
38.4584
38.4584
38.4584
38.4584
38.4584
38.4584
38.4584
38.4584
38.4584
38.4584
38.4584
38.4584
38.4584
38.4584
38.4584
38.4584
38.4584
38.4584
38.4584
38.4584
38.4584
38.4584
38.4584
38.4584
38.4584
38.4584
38.4584
38.4584
38.4584
38.4584
38.4584
38.4584
38.4584
38.4584
38.4584
38.4584
38.4584
38.4584
38.4584
38.4584
38.4584
38.4584
38.4584
38.4584
38.4584
38.4584
38.4584
38.4584
38.4584
38.4584
38.4584
38.4584
38.4584
38.4584
38.4584
38.4584
38.4584
38.4584
38.4584
38.4584
38.4584
38.4584
38.4584
38.4584
38.4584
38.4584
38.4584
38.4584
38.4584
38.4584
38.4584
38.4584
38.4584
38.4584
38.4584
38.4584
38.4584
38.4584
38.4584
38.4584
38.4584
38.4584
38.4584
38.4584
38.4584
38.4584
38.4584
38.4584
38.4584
38.4584
38.4584
38.4584
38.4584
38.4584
38.4584
38.4584
38.4584
38.4584
38.4584
38.4584
38.4584
38.4584
38.4584
38.4584
38.4584
38.4584
38.4584
38.4584
38.4584
38.4584
38.4584
38.4584
38.4584
38.4584
38.4584
38.4584
38.4584
38.4584
38.4584
38.4584
38.4584
38.4584
38.4584
38.4584
38.4584
38.4584
38.4584
38.4584
38.4584
38.4584
38.4584
38.4584
38.4584
38.4584
38.4584
38.4584
38.4584
38.4584
38.4584
38.4584
38.4584
38.4584
38.4584
38.4584
38.4584
38.4584
38.4584
38.4584
38.4584
38.4584
38.4584
38.4584
38.4584
38.4584
38.4584
38.4584
38.4584
38.4584
38.4584
38.4584
38.4584
38.4584
38.4584
38.4584
38.4584
38.4584
38.4584
38.4584
38.4584
38.4584
38.4584
38.4584
38.4584
38.4584
38.4584
38.4584
38.4584
38.4584
38.4584
38.4584
38.4584
38.4584
38.4584
38.4584
38.4584
38.4584
38.4584
38.4584
38.4584
38.4584
38.4584
38.4584
38.4584
38.4584
38.4584
38.4584
38.4584
38.4584
38.4584
38.4584
38.4584
38.4584
38.4584
38.4584
38.4584
38.4584
38.4584
38.4584
38.4584
38.4584
38.4584
38.4584
38.4584
38.4584
38.4584
38.4584
38.4584
38.4584
38.4584
38.4584
38.4584
38.4584
38.4584
38.4584
38.4584
38.4584
38.4584
38.4584
38.4584
38.4584
38.4584
38.4584
38.4584
38.4584
38.4584
38.4584
38.4584
38.4584
38.4584
38.4584
38.4584
38.4584
38.4584
38.4584
38.4584
38.4584
38.4584
38.4584
38.4584
38.4584
38.4584
38.4584
38.4584
38.4584
38.4584
38.4584
38.4584
38.4584
38.4584
38.4584
38.4584
38.4584
38.4584
38.4584
38.4584
38.4584
38.4584
38.4584
38.4584
38.4584
38.4584
38.4584
38.4584
38.4584
38.4584
38.4584
38.4584
38.4584
38.4584
38.4584
38.4584
38.4584
38.4584
38.4584
38.4584
38.4584
38.4584
38.4584
38.4584
38.4584
38.4584
38.4584
38.4584
38.4584
38.4584
38.4584
38.4584
38.4584
38.4584
38.4584
38.4584
38.4584
38.4584
38.4584
38.4584
38.4584
38.4584
38.4584
38.4584
38.4584
38.4584
38.4584
38.4584
38.4584
38.4584
38.4584
38.4584
38.4584
38.4584
38.4584
38.4584
38.4584
38.4584
38.4584
38.4584
38.4584
38.4584
38.4584
38.4584
38.4584
38.4584
38.4584
38.4584
38.4584
38.4584
38.4584
38.4584
38.4584
38.4584
38.4584
38.4584
38.4584
38.4584
38.4584
38.4584
38.4584
38.4584
38.4584
38.4584
38.4584
38.4584
38.4584
38.4584
38.4584
38.4584
38.4584
38.4584
38.4584
38.4584
38.4584
38.4584
38.4584
38.4584
38.4584
38.4584
38.4584
38.4584
38.4584
38.4584
38.4584
38.4584
38.4584
38.4584
38.4584
38.4584
38.4584
38.4584
38.4584
38.4584
38.4584
38.4584
38.4584
38.4584
38.4584
38.4584
38.4584
38.4584
38.4584
38.4584
38.4584
38.4584
38.4584
38.4584
38.4584
38.4584
38.4584
38.4584
38.4584
38.4584
38.4584
38.4584
38.4584
38.4584
38.4584
38.4584
38.4584
38.4584
38.4584
38.4584
38.4584
38.4584
38.4584
38.4584
38.4584
38.4584
38.4584
38.4584
38.4584
38.4584
38.4584
38.4584
38.4584
38.4584
38.4584
38.4584
38.4584
38.4584
38.4584
38.4584
38.4584
38.4584
38.4584
38.4584
38.4584
38.4584
