1.79797e+07
9.07275e+06
9.07275e+06
8.30765e+06
8.30765e+06
8.30765e+06
8.30765e+06
8.30765e+06
8.30765e+06
8.30765e+06
8.30765e+06
7.15595e+06
4.63602e+06
1.20839e+06
442473
313226
313226
243499
243499
32871.8
32871.8
32871.8
32871.8
32871.8
32871.8
32871.8
23102.2
23102.2
23102.2
23102.2
23102.2
23102.2
14948.1
6462.13
6462.13
6462.13
6462.13
6462.13
6245.9
6245.9
6245.9
5317.37
5317.37
3380.11
2335.43
2335.43
2170.79
1640.62
1640.62
1640.62
1640.62
1640.62
1271.94
1271.94
1271.94
1198.94
1145.61
1066.23
1016.51
938.863
931.058
931.058
931.058
931.058
930.149
930.149
930.149
930.149
921.577
921.577
912.294
912.294
885.246
885.246
875.668
875.668
875.668
875.668
875.668
868.438
867.617
867.617
812.19
812.19
812.19
812.19
812.19
812.19
812.19
812.19
812.19
812.19
812.19
812.19
812.19
812.19
812.19
808.034
808.034
808.034
808.034
808.034
808.034
808.034
808.034
808.034
787.22
787.22
787.22
787.22
787.22
787.22
787.22
787.22
787.22
787.22
787.22
787.22
787.22
787.22
787.22
787.22
787.22
787.22
787.22
787.22
787.22
787.22
787.22
787.22
787.22
787.22
787.22
787.22
787.22
787.22
781.107
781.107
781.107
781.107
781.107
781.107
781.107
781.107
755.993
755.993
755.993
755.993
755.993
755.993
755.993
755.993
755.993
755.993
755.993
755.993
755.993
755.993
755.993
755.993
755.993
755.993
755.993
755.993
755.993
755.993
755.993
755.993
755.993
755.993
755.993
755.993
755.993
755.993
755.993
755.993
755.993
755.993
755.993
755.993
755.993
755.993
755.993
755.993
755.993
755.993
755.993
755.993
755.993
755.993
755.993
755.993
755.993
755.993
755.993
755.993
755.993
755.993
755.993
755.993
755.993
755.993
755.993
755.993
755.993
755.993
755.993
755.993
755.993
755.993
755.993
755.993
755.993
755.993
755.993
755.993
755.993
755.993
755.993
755.993
755.993
755.993
755.993
755.993
755.993
755.993
755.993
755.993
755.993
755.993
755.993
755.993
755.993
755.993
755.993
755.993
755.993
755.993
755.993
755.993
755.993
755.993
755.993
755.993
755.993
755.993
755.993
755.993
755.993
755.993
755.993
755.993
755.993
755.993
755.993
755.993
755.993
755.993
755.993
755.993
755.993
755.993
755.993
755.993
755.993
755.993
755.993
755.993
755.993
755.993
755.993
755.993
755.993
755.993
755.993
755.993
755.993
755.993
755.993
755.993
755.993
755.993
755.993
755.993
755.993
755.993
755.993
755.993
755.993
755.993
755.993
755.993
755.993
755.993
755.993
755.993
755.993
755.993
755.993
755.993
755.993
755.993
755.993
755.993
755.993
755.993
755.993
755.993
755.993
755.993
755.993
755.993
755.993
755.993
755.993
755.993
755.993
755.993
755.993
755.993
755.993
755.993
755.993
755.993
755.993
755.993
755.993
755.993
755.993
755.993
755.993
755.993
755.993
755.993
755.993
755.993
755.993
755.993
755.993
755.993
755.993
755.993
755.993
755.993
755.993
755.993
755.993
755.993
755.993
755.993
755.993
755.993
755.993
755.993
755.993
755.993
755.993
755.993
755.993
755.993
755.993
755.993
755.993
755.993
755.993
755.993
755.993
755.993
755.993
755.993
755.993
755.993
755.993
755.993
755.993
755.993
755.993
755.993
755.993
755.993
755.993
755.993
755.993
755.993
755.993
755.993
755.993
755.993
755.993
755.993
755.993
755.993
755.993
755.993
755.993
755.993
755.993
755.993
755.993
755.993
755.993
755.993
755.993
755.993
755.993
755.993
755.993
755.993
755.993
755.993
755.993
755.993
755.993
755.993
755.993
755.993
755.993
755.993
755.993
755.993
755.993
755.993
755.993
755.993
755.993
755.993
755.993
755.993
755.993
755.993
755.993
755.993
755.993
755.993
755.993
755.993
755.993
755.993
755.993
755.993
755.993
755.993
755.993
755.993
755.993
755.993
755.993
755.993
755.993
755.993
755.993
755.993
755.993
755.993
755.993
755.993
755.993
755.993
755.993
755.993
755.993
755.993
755.993
755.993
755.993
755.993
755.993
755.993
755.993
755.993
755.993
755.993
755.993
755.993
755.993
755.993
755.993
755.993
755.993
755.993
755.993
755.993
755.993
755.993
755.993
755.993
755.993
755.993
755.993
755.993
755.993
755.993
755.993
755.993
755.993
755.993
755.993
755.993
755.993
755.993
755.993
755.993
755.993
755.993
755.993
755.993
755.993
755.993
755.993
755.993
755.993
755.993
755.993
755.993
755.993
755.993
755.993
755.993
755.993
755.993
755.993
755.993
755.993
755.993
755.993
755.993
755.993
755.993
755.993
755.993
755.993
755.993
755.993
755.993
755.993
755.993
755.993
755.993
755.993
755.993
755.993
713.365
713.365
713.365
713.365
713.365
713.365
713.365
713.365
713.365
713.365
713.365
713.365
713.365
713.365
713.365
713.365
713.365
713.365
713.365
713.365
713.365
713.365
713.365
713.365
713.365
713.365
713.365
713.365
713.365
713.365
713.365
713.365
713.365
713.365
713.365
713.365
713.365
713.365
713.365
713.365
713.365
713.365
713.365
713.365
713.365
713.365
713.365
713.365
713.365
713.365
713.365
713.365
713.365
713.365
713.365
713.365
713.365
713.365
713.365
713.365
713.365
713.365
713.365
713.365
713.365
713.365
713.365
713.365
713.365
713.365
713.365
713.365
713.365
713.365
713.365
713.365
713.365
713.365
713.365
713.365
713.365
713.365
713.365
713.365
713.365
713.365
713.365
713.365
713.365
713.365
713.365
713.365
713.365
713.365
713.365
713.365
713.365
713.365
713.365
713.365
713.365
713.365
713.365
713.365
713.365
713.365
713.365
713.365
713.365
713.365
713.365
713.365
713.365
713.365
713.365
713.365
713.365
713.365
713.365
713.365
713.365
713.365
713.365
713.365
713.365
713.365
713.365
713.365
713.365
713.365
713.365
713.365
713.365
713.365
713.365
713.365
713.365
713.365
713.365
713.365
713.365
713.365
713.365
713.365
713.365
713.365
713.365
713.365
713.365
713.365
713.365
713.365
713.365
713.365
713.365
713.365
713.365
713.365
713.365
713.365
713.365
713.365
713.365
713.365
713.365
713.365
713.365
713.365
713.365
713.365
713.365
713.365
713.365
713.365
713.365
713.365
713.365
713.365
713.365
713.365
713.365
713.365
713.365
713.365
713.365
713.365
713.365
713.365
713.365
713.365
713.365
713.365
713.365
713.365
713.365
713.365
713.365
713.365
713.365
713.365
713.365
713.365
713.365
713.365
713.365
713.365
713.365
713.365
713.365
713.365
713.365
713.365
713.365
713.365
713.365
713.365
713.365
713.365
713.365
713.365
713.365
713.365
713.365
713.365
713.365
713.365
713.365
713.365
713.365
713.365
713.365
713.365
713.365
713.365
713.365
713.365
713.365
713.365
713.365
713.365
713.365
713.365
713.365
713.365
713.365
713.365
713.365
713.365
713.365
713.365
713.365
713.365
713.365
713.365
713.365
713.365
713.365
713.365
713.365
713.365
713.365
713.365
713.365
713.365
713.365
713.365
713.365
713.365
713.365
713.365
713.365
713.365
713.365
713.365
713.365
713.365
713.365
713.365
713.365
713.365
713.365
713.365
713.365
713.365
713.365
713.365
713.365
713.365
713.365
713.365
713.365
713.365
713.365
713.365
713.365
713.365
713.365
713.365
713.365
713.365
713.365
713.365
713.365
713.365
713.365
713.365
713.365
713.365
713.365
713.365
713.365
713.365
713.365
713.365
713.365
713.365
713.365
713.365
713.365
713.365
713.365
713.365
713.365
713.365
713.365
713.365
713.365
713.365
713.365
713.365
713.365
713.365
713.365
713.365
713.365
713.365
713.365
713.365
713.365
713.365
713.365
713.365
713.365
713.365
713.365
713.365
713.365
713.365
713.365
713.365
713.365
713.365
713.365
713.365
713.365
713.365
713.365
713.365
713.365
713.365
713.365
713.365
713.365
713.365
713.365
713.365
713.365
713.365
713.365
713.365
713.365
713.365
713.365
713.365
713.365
713.365
713.365
713.365
713.365
713.365
713.365
713.365
713.365
713.365
713.365
713.365
713.365
713.365
713.365
713.365
713.365
713.365
713.365
713.365
713.365
713.365
713.365
713.365
713.365
713.365
713.365
713.365
713.365
713.365
713.365
713.365
713.365
713.365
713.365
713.365
713.365
713.365
713.365
713.365
713.365
713.365
713.365
713.365
713.365
713.365
713.365
713.365
713.365
713.365
713.365
713.365
713.365
713.365
713.365
713.365
713.365
713.365
713.365
713.365
713.365
713.365
713.365
713.365
713.365
713.365
713.365
713.365
713.365
713.365
713.365
713.365
713.365
713.365
713.365
713.365
713.365
713.365
708.263
708.263
708.263
648.138
648.138
648.138
648.138
648.138
648.138
648.138
648.138
648.138
648.138
648.138
648.138
648.138
648.138
648.138
648.138
648.138
648.138
648.138
648.138
648.138
648.138
648.138
648.138
648.138
648.138
648.138
648.138
648.138
648.138
648.138
648.138
648.138
648.138
648.138
648.138
648.138
648.138
648.138
648.138
648.138
648.138
648.138
648.138
648.138
648.138
648.138
648.138
648.138
648.138
648.138
648.138
648.138
648.138
648.138
648.138
648.138
648.138
648.138
648.138
648.138
648.138
648.138
648.138
648.138
648.138
648.138
648.138
648.138
648.138
648.138
648.138
648.138
648.138
648.138
648.138
648.138
648.138
648.138
648.138
648.138
648.138
648.138
648.138
648.138
648.138
648.138
648.138
648.138
648.138
648.138
648.138
648.138
648.138
648.138
648.138
648.138
648.138
648.138
648.138
648.138
648.138
648.138
648.138
648.138
648.138
648.138
648.138
648.138
648.138
648.138
648.138
648.138
648.138
648.138
648.138
648.138
648.138
648.138
648.138
648.138
648.138
648.138
648.138
648.138
648.138
648.138
648.138
648.138
648.138
648.138
648.138
648.138
648.138
648.138
648.138
648.138
648.138
648.138
648.138
648.138
648.138
648.138
648.138
648.138
648.138
648.138
648.138
648.138
648.138
648.138
648.138
648.138
648.138
648.138
648.138
648.138
648.138
648.138
648.138
648.138
648.138
648.138
648.138
648.138
648.138
648.138
648.138
648.138
648.138
648.138
648.138
648.138
648.138
648.138
648.138
648.138
648.138
648.138
648.138
648.138
648.138
648.138
648.138
648.138
648.138
648.138
648.138
648.138
648.138
648.138
648.138
648.138
648.138
648.138
648.138
648.138
648.138
648.138
648.138
648.138
648.138
648.138
648.138
648.138
648.138
648.138
648.138
648.138
648.138
648.138
648.138
648.138
648.138
648.138
648.138
648.138
648.138
648.138
648.138
648.138
648.138
648.138
648.138
648.138
648.138
648.138
648.138
648.138
648.138
648.138
648.138
648.138
648.138
648.138
648.138
648.138
648.138
648.138
648.138
648.138
648.138
648.138
648.138
648.138
648.138
648.138
648.138
648.138
648.138
648.138
648.138
648.138
648.138
648.138
648.138
648.138
648.138
648.138
648.138
648.138
648.138
648.138
648.138
648.138
648.138
648.138
648.138
648.138
648.138
648.138
648.138
648.138
648.138
648.138
648.138
648.138
648.138
648.138
648.138
648.138
648.138
648.138
648.138
648.138
648.138
648.138
648.138
648.138
648.138
648.138
648.138
648.138
648.138
648.138
648.138
648.138
648.138
648.138
648.138
648.138
648.138
648.138
648.138
648.138
648.138
648.138
648.138
648.138
648.138
648.138
648.138
648.138
648.138
648.138
648.138
648.138
648.138
648.138
648.138
648.138
648.138
648.138
648.138
648.138
648.138
648.138
648.138
648.138
648.138
648.138
648.138
648.138
648.138
648.138
648.138
648.138
648.138
648.138
648.138
648.138
648.138
648.138
648.138
648.138
648.138
648.138
648.138
648.138
648.138
648.138
648.138
648.138
648.138
648.138
648.138
648.138
648.138
648.138
648.138
648.138
648.138
648.138
648.138
648.138
648.138
648.138
648.138
648.138
648.138
648.138
648.138
648.138
648.138
648.138
648.138
648.138
648.138
648.138
648.138
648.138
648.138
648.138
648.138
648.138
648.138
648.138
648.138
648.138
648.138
648.138
648.138
648.138
648.138
648.138
648.138
648.138
648.138
648.138
648.138
648.138
648.138
648.138
648.138
648.138
648.138
648.138
648.138
648.138
648.138
648.138
648.138
648.138
648.138
648.138
648.138
648.138
648.138
648.138
648.138
648.138
648.138
648.138
648.138
648.138
648.138
648.138
648.138
648.138
648.138
648.138
648.138
648.138
648.138
648.138
648.138
648.138
648.138
648.138
648.138
648.138
648.138
648.138
648.138
648.138
648.138
648.138
648.138
648.138
648.138
648.138
648.138
648.138
648.138
648.138
648.138
648.138
648.138
648.138
648.138
648.138
648.138
648.138
648.138
648.138
648.138
648.138
648.138
648.138
648.138
648.138
648.138
648.138
648.138
648.138
648.138
648.138
648.138
648.138
648.138
648.138
648.138
648.138
648.138
648.138
648.138
648.138
648.138
648.138
648.138
648.138
648.138
648.138
648.138
648.138
648.138
648.138
648.138
648.138
648.138
648.138
648.138
648.138
648.138
648.138
648.138
648.138
648.138
648.138
648.138
648.138
648.138
648.138
648.138
648.138
648.138
648.138
648.138
648.138
648.138
648.138
648.138
648.138
648.138
648.138
648.138
648.138
648.138
648.138
648.138
648.138
648.138
648.138
648.138
648.138
648.138
648.138
648.138
648.138
648.138
648.138
648.138
648.138
648.138
648.138
648.138
648.138
648.138
648.138
648.138
648.138
648.138
648.138
648.138
648.138
648.138
648.138
648.138
648.138
648.138
648.138
648.138
648.138
648.138
648.138
648.138
648.138
648.138
648.138
648.138
648.138
648.138
648.138
648.138
648.138
648.138
648.138
648.138
648.138
648.138
648.138
648.138
648.138
648.138
648.138
648.138
648.138
648.138
648.138
648.138
648.138
648.138
648.138
648.138
648.138
648.138
648.138
648.138
648.138
648.138
648.138
648.138
648.138
648.138
648.138
648.138
648.138
648.138
648.138
648.138
648.138
648.138
648.138
648.138
648.138
648.138
648.138
648.138
648.138
648.138
648.138
648.138
648.138
648.138
648.138
648.138
648.138
648.138
648.138
648.138
648.138
648.138
648.138
648.138
648.138
648.138
648.138
648.138
648.138
648.138
648.138
648.138
648.138
648.138
648.138
648.138
648.138
648.138
648.138
648.138
648.138
648.138
648.138
648.138
648.138
648.138
648.138
648.138
648.138
648.138
648.138
648.138
648.138
648.138
648.138
648.138
648.138
648.138
648.138
648.138
648.138
648.138
648.138
648.138
648.138
648.138
648.138
648.138
648.138
648.138
648.138
648.138
648.138
648.138
648.138
648.138
648.138
648.138
648.138
648.138
648.138
648.138
648.138
648.138
648.138
648.138
648.138
648.138
648.138
648.138
648.138
648.138
648.138
648.138
648.138
648.138
648.138
648.138
648.138
648.138
648.138
648.138
648.138
648.138
648.138
648.138
648.138
648.138
648.138
648.138
648.138
648.138
648.138
648.138
648.138
648.138
648.138
648.138
648.138
648.138
648.138
648.138
648.138
648.138
648.138
648.138
648.138
648.138
648.138
648.138
648.138
648.138
648.138
648.138
648.138
648.138
648.138
648.138
648.138
648.138
648.138
648.138
648.138
648.138
648.138
648.138
648.138
648.138
648.138
648.138
648.138
648.138
648.138
648.138
648.138
648.138
648.138
648.138
648.138
648.138
648.138
648.138
648.138
648.138
648.138
648.138
648.138
648.138
648.138
648.138
648.138
648.138
648.138
648.138
648.138
648.138
648.138
648.138
648.138
648.138
648.138
648.138
648.138
648.138
648.138
648.138
648.138
648.138
648.138
648.138
648.138
648.138
648.138
648.138
648.138
648.138
648.138
648.138
648.138
648.138
648.138
648.138
648.138
648.138
648.138
648.138
648.138
648.138
648.138
648.138
648.138
648.138
648.138
648.138
648.138
648.138
648.138
648.138
648.138
648.138
648.138
648.138
648.138
648.138
648.138
648.138
648.138
648.138
648.138
648.138
648.138
648.138
648.138
648.138
648.138
648.138
648.138
648.138
648.138
648.138
648.138
648.138
648.138
648.138
648.138
648.138
648.138
648.138
648.138
648.138
648.138
648.138
648.138
648.138
648.138
648.138
648.138
648.138
648.138
648.138
648.138
648.138
648.138
648.138
648.138
648.138
648.138
648.138
648.138
648.138
648.138
648.138
648.138
648.138
648.138
648.138
648.138
648.138
648.138
648.138
648.138
648.138
648.138
648.138
648.138
648.138
648.138
648.138
648.138
648.138
648.138
648.138
648.138
648.138
648.138
648.138
648.138
648.138
648.138
648.138
648.138
648.138
648.138
648.138
648.138
648.138
648.138
648.138
648.138
648.138
648.138
648.138
648.138
648.138
648.138
648.138
648.138
648.138
648.138
648.138
648.138
648.138
648.138
648.138
648.138
648.138
648.138
648.138
648.138
648.138
648.138
648.138
648.138
648.138
648.138
648.138
648.138
648.138
648.138
648.138
648.138
648.138
648.138
648.138
648.138
648.138
648.138
648.138
648.138
648.138
648.138
648.138
648.138
648.138
648.138
648.138
648.138
648.138
648.138
648.138
648.138
648.138
648.138
648.138
648.138
648.138
648.138
648.138
648.138
648.138
648.138
648.138
648.138
648.138
648.138
648.138
648.138
648.138
648.138
648.138
648.138
648.138
648.138
648.138
648.138
648.138
648.138
648.138
648.138
648.138
648.138
648.138
648.138
648.138
648.138
648.138
648.138
648.138
648.138
648.138
648.138
648.138
648.138
648.138
648.138
648.138
648.138
648.138
648.138
648.138
648.138
648.138
648.138
648.138
648.138
648.138
648.138
648.138
648.138
648.138
648.138
648.138
648.138
648.138
648.138
648.138
648.138
648.138
648.138
648.138
648.138
648.138
648.138
648.138
648.138
648.138
648.138
648.138
648.138
648.138
648.138
648.138
648.138
648.138
648.138
648.138
648.138
648.138
648.138
648.138
648.138
648.138
648.138
648.138
648.138
648.138
648.138
648.138
648.138
648.138
648.138
648.138
648.138
648.138
648.138
648.138
648.138
648.138
648.138
648.138
648.138
648.138
648.138
648.138
648.138
648.138
648.138
648.138
648.138
648.138
648.138
648.138
648.138
648.138
648.138
648.138
648.138
648.138
648.138
648.138
648.138
648.138
648.138
648.138
648.138
648.138
648.138
648.138
648.138
648.138
648.138
648.138
648.138
648.138
648.138
648.138
648.138
648.138
648.138
648.138
648.138
648.138
648.138
648.138
648.138
648.138
648.138
648.138
648.138
648.138
648.138
648.138
648.138
648.138
648.138
648.138
648.138
648.138
648.138
648.138
648.138
648.138
648.138
648.138
648.138
648.138
648.138
648.138
648.138
648.138
648.138
648.138
648.138
648.138
648.138
648.138
648.138
648.138
648.138
648.138
648.138
648.138
648.138
648.138
648.138
648.138
648.138
648.138
648.138
648.138
648.138
648.138
648.138
648.138
648.138
648.138
648.138
648.138
648.138
648.138
648.138
648.138
648.138
648.138
648.138
648.138
648.138
648.138
648.138
648.138
648.138
648.138
648.138
648.138
648.138
648.138
648.138
648.138
648.138
648.138
648.138
648.138
648.138
648.138
648.138
648.138
648.138
648.138
648.138
648.138
648.138
648.138
648.138
648.138
648.138
648.138
648.138
648.138
648.138
648.138
648.138
648.138
648.138
648.138
648.138
648.138
648.138
648.138
648.138
648.138
648.138
648.138
648.138
648.138
648.138
648.138
648.138
648.138
648.138
648.138
648.138
648.138
648.138
648.138
648.138
648.138
648.138
648.138
648.138
648.138
648.138
648.138
648.138
648.138
648.138
648.138
648.138
648.138
648.138
648.138
648.138
648.138
648.138
648.138
648.138
648.138
648.138
648.138
648.138
648.138
648.138
648.138
648.138
648.138
648.138
648.138
648.138
648.138
648.138
648.138
648.138
648.138
648.138
648.138
648.138
648.138
648.138
648.138
648.138
648.138
648.138
648.138
648.138
648.138
648.138
648.138
648.138
648.138
648.138
648.138
648.138
648.138
648.138
648.138
648.138
648.138
648.138
648.138
648.138
648.138
648.138
648.138
648.138
648.138
648.138
648.138
648.138
648.138
648.138
648.138
648.138
648.138
648.138
648.138
648.138
648.138
648.138
648.138
648.138
648.138
648.138
648.138
648.138
648.138
648.138
648.138
648.138
648.138
648.138
648.138
648.138
648.138
648.138
648.138
648.138
648.138
648.138
648.138
648.138
648.138
648.138
648.138
648.138
648.138
648.138
648.138
648.138
648.138
648.138
648.138
648.138
648.138
648.138
648.138
648.138
648.138
648.138
648.138
648.138
648.138
648.138
648.138
648.138
648.138
648.138
648.138
648.138
648.138
648.138
648.138
648.138
648.138
648.138
648.138
648.138
648.138
648.138
648.138
648.138
648.138
648.138
648.138
648.138
648.138
648.138
648.138
648.138
648.138
648.138
648.138
648.138
648.138
648.138
648.138
648.138
648.138
648.138
648.138
648.138
648.138
648.138
648.138
648.138
648.138
648.138
648.138
648.138
648.138
648.138
648.138
648.138
648.138
648.138
648.138
648.138
648.138
648.138
648.138
648.138
648.138
648.138
648.138
648.138
648.138
648.138
648.138
648.138
648.138
648.138
648.138
648.138
648.138
648.138
648.138
648.138
648.138
648.138
648.138
648.138
648.138
648.138
648.138
648.138
648.138
648.138
648.138
648.138
648.138
648.138
648.138
648.138
648.138
648.138
648.138
648.138
648.138
648.138
648.138
648.138
648.138
648.138
648.138
648.138
648.138
648.138
648.138
648.138
648.138
648.138
648.138
648.138
648.138
648.138
648.138
648.138
648.138
648.138
648.138
648.138
648.138
648.138
648.138
648.138
648.138
648.138
648.138
648.138
648.138
648.138
648.138
648.138
648.138
648.138
648.138
648.138
648.138
648.138
648.138
648.138
648.138
648.138
648.138
648.138
648.138
648.138
648.138
648.138
648.138
648.138
648.138
648.138
648.138
648.138
648.138
648.138
648.138
648.138
648.138
648.138
648.138
648.138
648.138
648.138
648.138
648.138
648.138
648.138
648.138
648.138
648.138
648.138
648.138
648.138
648.138
648.138
648.138
648.138
648.138
648.138
648.138
648.138
648.138
648.138
648.138
648.138
648.138
648.138
648.138
648.138
648.138
648.138
648.138
648.138
648.138
648.138
648.138
648.138
648.138
648.138
648.138
648.138
648.138
648.138
648.138
648.138
648.138
648.138
648.138
648.138
648.138
648.138
648.138
648.138
648.138
648.138
648.138
648.138
648.138
648.138
648.138
648.138
648.138
648.138
648.138
648.138
648.138
648.138
648.138
648.138
648.138
648.138
648.138
648.138
648.138
648.138
648.138
648.138
648.138
648.138
648.138
648.138
648.138
648.138
648.138
648.138
648.138
648.138
648.138
648.138
648.138
648.138
648.138
648.138
648.138
648.138
648.138
648.138
648.138
648.138
648.138
648.138
648.138
648.138
648.138
648.138
648.138
648.138
648.138
648.138
648.138
648.138
648.138
648.138
648.138
648.138
648.138
648.138
648.138
648.138
648.138
648.138
648.138
648.138
648.138
648.138
648.138
648.138
648.138
648.138
648.138
648.138
648.138
648.138
648.138
648.138
648.138
648.138
648.138
648.138
648.138
648.138
648.138
648.138
648.138
648.138
648.138
648.138
648.138
648.138
648.138
648.138
648.138
648.138
648.138
648.138
648.138
648.138
648.138
648.138
648.138
648.138
648.138
648.138
648.138
648.138
648.138
648.138
648.138
648.138
648.138
648.138
648.138
648.138
648.138
648.138
648.138
648.138
648.138
648.138
648.138
648.138
648.138
648.138
648.138
648.138
648.138
648.138
648.138
648.138
648.138
648.138
648.138
648.138
648.138
648.138
648.138
648.138
648.138
648.138
648.138
648.138
648.138
648.138
648.138
648.138
648.138
648.138
648.138
648.138
648.138
648.138
648.138
648.138
648.138
648.138
648.138
648.138
648.138
648.138
648.138
648.138
648.138
648.138
648.138
648.138
648.138
648.138
648.138
648.138
648.138
648.138
648.138
648.138
648.138
648.138
648.138
648.138
648.138
648.138
648.138
648.138
648.138
648.138
648.138
648.138
648.138
648.138
648.138
648.138
648.138
648.138
648.138
648.138
648.138
648.138
648.138
648.138
648.138
648.138
648.138
648.138
648.138
648.138
648.138
648.138
648.138
648.138
648.138
648.138
648.138
648.138
648.138
648.138
648.138
648.138
648.138
648.138
648.138
648.138
648.138
648.138
648.138
648.138
648.138
648.138
648.138
648.138
648.138
648.138
648.138
648.138
648.138
648.138
648.138
648.138
648.138
648.138
648.138
648.138
648.138
648.138
648.138
648.138
648.138
648.138
648.138
648.138
648.138
648.138
648.138
648.138
648.138
648.138
648.138
648.138
648.138
648.138
648.138
648.138
648.138
648.138
648.138
648.138
648.138
648.138
648.138
648.138
648.138
648.138
648.138
648.138
648.138
648.138
648.138
648.138
648.138
648.138
648.138
648.138
648.138
648.138
648.138
648.138
648.138
648.138
648.138
648.138
648.138
648.138
648.138
648.138
648.138
648.138
648.138
648.138
648.138
648.138
648.138
648.138
648.138
648.138
648.138
648.138
648.138
648.138
648.138
648.138
648.138
648.138
648.138
648.138
648.138
648.138
648.138
648.138
648.138
648.138
648.138
648.138
648.138
648.138
648.138
648.138
648.138
648.138
648.138
648.138
648.138
648.138
648.138
648.138
648.138
648.138
648.138
648.138
648.138
648.138
648.138
648.138
648.138
648.138
648.138
648.138
648.138
648.138
648.138
648.138
648.138
648.138
648.138
648.138
648.138
648.138
648.138
648.138
648.138
648.138
648.138
648.138
648.138
648.138
648.138
648.138
648.138
648.138
648.138
648.138
648.138
648.138
648.138
648.138
648.138
648.138
648.138
648.138
648.138
648.138
648.138
648.138
648.138
648.138
648.138
648.138
648.138
648.138
648.138
648.138
648.138
648.138
648.138
648.138
648.138
648.138
648.138
648.138
648.138
648.138
648.138
648.138
648.138
648.138
648.138
648.138
648.138
648.138
648.138
648.138
648.138
648.138
648.138
648.138
648.138
648.138
648.138
648.138
648.138
648.138
648.138
648.138
648.138
648.138
648.138
648.138
648.138
648.138
648.138
648.138
648.138
648.138
648.138
648.138
648.138
648.138
648.138
648.138
648.138
648.138
648.138
648.138
648.138
648.138
648.138
648.138
648.138
648.138
648.138
648.138
648.138
648.138
648.138
648.138
648.138
648.138
648.138
648.138
648.138
648.138
648.138
648.138
648.138
648.138
648.138
648.138
648.138
648.138
648.138
648.138
648.138
648.138
648.138
648.138
648.138
648.138
648.138
648.138
648.138
648.138
648.138
648.138
648.138
648.138
648.138
648.138
648.138
648.138
648.138
648.138
648.138
648.138
648.138
648.138
648.138
648.138
648.138
648.138
648.138
648.138
648.138
648.138
648.138
648.138
648.138
648.138
648.138
648.138
648.138
648.138
648.138
648.138
648.138
648.138
648.138
648.138
648.138
648.138
648.138
648.138
648.138
648.138
648.138
648.138
648.138
648.138
648.138
648.138
648.138
648.138
648.138
648.138
648.138
648.138
648.138
648.138
648.138
648.138
648.138
648.138
648.138
648.138
648.138
648.138
648.138
648.138
648.138
648.138
648.138
648.138
648.138
648.138
648.138
648.138
648.138
648.138
648.138
648.138
648.138
648.138
648.138
648.138
648.138
648.138
648.138
648.138
648.138
648.138
648.138
648.138
648.138
648.138
648.138
648.138
648.138
648.138
648.138
648.138
648.138
648.138
648.138
648.138
648.138
648.138
648.138
648.138
648.138
648.138
648.138
648.138
648.138
648.138
648.138
648.138
648.138
648.138
648.138
648.138
648.138
648.138
648.138
648.138
648.138
648.138
648.138
648.138
648.138
648.138
648.138
648.138
648.138
648.138
648.138
648.138
648.138
648.138
648.138
648.138
648.138
648.138
648.138
648.138
648.138
648.138
648.138
648.138
648.138
648.138
648.138
648.138
648.138
648.138
648.138
648.138
648.138
648.138
648.138
648.138
648.138
648.138
648.138
648.138
648.138
648.138
648.138
648.138
648.138
648.138
648.138
648.138
648.138
648.138
648.138
648.138
648.138
648.138
648.138
648.138
648.138
648.138
648.138
648.138
648.138
648.138
648.138
648.138
648.138
648.138
648.138
648.138
648.138
648.138
648.138
648.138
648.138
648.138
648.138
648.138
648.138
648.138
648.138
648.138
648.138
648.138
648.138
648.138
648.138
648.138
648.138
648.138
648.138
648.138
648.138
648.138
648.138
648.138
648.138
648.138
648.138
648.138
648.138
648.138
648.138
648.138
648.138
648.138
648.138
648.138
648.138
648.138
648.138
648.138
648.138
648.138
648.138
648.138
648.138
648.138
648.138
648.138
648.138
648.138
648.138
648.138
648.138
648.138
648.138
648.138
648.138
648.138
648.138
648.138
648.138
648.138
648.138
648.138
648.138
648.138
648.138
648.138
648.138
648.138
648.138
648.138
648.138
648.138
648.138
648.138
648.138
648.138
648.138
648.138
648.138
648.138
648.138
648.138
648.138
648.138
648.138
648.138
648.138
648.138
648.138
648.138
648.138
648.138
648.138
648.138
648.138
648.138
648.138
648.138
648.138
648.138
648.138
648.138
648.138
648.138
648.138
648.138
648.138
648.138
648.138
648.138
648.138
648.138
648.138
648.138
648.138
648.138
648.138
648.138
648.138
648.138
648.138
648.138
648.138
648.138
648.138
648.138
648.138
648.138
648.138
648.138
648.138
648.138
648.138
648.138
648.138
648.138
648.138
648.138
648.138
648.138
648.138
648.138
648.138
648.138
648.138
648.138
648.138
648.138
648.138
648.138
648.138
648.138
648.138
648.138
648.138
648.138
648.138
648.138
648.138
648.138
648.138
648.138
648.138
648.138
648.138
648.138
648.138
648.138
648.138
648.138
648.138
648.138
648.138
648.138
648.138
648.138
648.138
648.138
648.138
648.138
648.138
648.138
648.138
648.138
648.138
648.138
648.138
648.138
648.138
648.138
648.138
648.138
648.138
648.138
648.138
648.138
648.138
648.138
648.138
648.138
648.138
648.138
648.138
648.138
648.138
648.138
648.138
648.138
648.138
648.138
648.138
648.138
648.138
648.138
648.138
648.138
648.138
648.138
648.138
648.138
648.138
648.138
648.138
648.138
648.138
648.138
648.138
648.138
648.138
648.138
648.138
648.138
648.138
648.138
648.138
648.138
648.138
648.138
648.138
648.138
648.138
648.138
648.138
648.138
648.138
648.138
648.138
648.138
648.138
648.138
648.138
648.138
648.138
648.138
648.138
648.138
648.138
648.138
648.138
648.138
648.138
648.138
648.138
648.138
648.138
648.138
648.138
648.138
648.138
648.138
648.138
648.138
648.138
648.138
648.138
648.138
648.138
648.138
648.138
648.138
648.138
648.138
648.138
648.138
648.138
648.138
648.138
648.138
648.138
648.138
648.138
648.138
648.138
648.138
648.138
648.138
648.138
648.138
648.138
648.138
648.138
648.138
648.138
648.138
648.138
648.138
648.138
648.138
648.138
648.138
648.138
648.138
648.138
648.138
648.138
648.138
648.138
648.138
648.138
648.138
648.138
648.138
648.138
648.138
648.138
648.138
648.138
648.138
648.138
648.138
648.138
648.138
648.138
648.138
648.138
648.138
648.138
648.138
648.138
648.138
648.138
648.138
648.138
648.138
648.138
648.138
648.138
648.138
648.138
648.138
648.138
648.138
648.138
648.138
648.138
648.138
648.138
648.138
648.138
648.138
648.138
648.138
648.138
648.138
648.138
648.138
648.138
648.138
648.138
648.138
648.138
648.138
648.138
648.138
648.138
648.138
648.138
648.138
648.138
648.138
648.138
648.138
648.138
648.138
648.138
648.138
648.138
648.138
648.138
648.138
648.138
648.138
648.138
648.138
648.138
648.138
648.138
648.138
648.138
648.138
648.138
648.138
648.138
648.138
648.138
648.138
648.138
648.138
648.138
648.138
648.138
648.138
648.138
648.138
648.138
648.138
648.138
648.138
648.138
648.138
648.138
648.138
648.138
648.138
648.138
648.138
648.138
648.138
648.138
648.138
648.138
648.138
648.138
648.138
648.138
648.138
648.138
648.138
648.138
648.138
648.138
648.138
648.138
648.138
648.138
648.138
648.138
648.138
648.138
648.138
648.138
648.138
648.138
648.138
648.138
648.138
648.138
648.138
648.138
648.138
648.138
648.138
648.138
648.138
648.138
648.138
648.138
648.138
648.138
648.138
648.138
648.138
648.138
648.138
648.138
648.138
648.138
648.138
648.138
648.138
648.138
648.138
648.138
648.138
648.138
648.138
648.138
648.138
648.138
648.138
648.138
648.138
648.138
648.138
648.138
648.138
648.138
648.138
648.138
648.138
648.138
648.138
648.138
648.138
648.138
648.138
648.138
648.138
648.138
648.138
648.138
648.138
648.138
648.138
648.138
648.138
648.138
648.138
648.138
648.138
648.138
648.138
648.138
648.138
648.138
648.138
648.138
648.138
648.138
648.138
648.138
648.138
648.138
648.138
648.138
648.138
648.138
648.138
648.138
648.138
648.138
648.138
648.138
648.138
648.138
648.138
648.138
648.138
648.138
648.138
648.138
648.138
648.138
648.138
648.138
648.138
648.138
648.138
648.138
648.138
648.138
648.138
648.138
648.138
648.138
648.138
648.138
648.138
648.138
648.138
648.138
648.138
648.138
648.138
648.138
648.138
648.138
648.138
648.138
648.138
648.138
648.138
648.138
648.138
648.138
648.138
648.138
648.138
648.138
648.138
648.138
648.138
648.138
648.138
648.138
648.138
648.138
648.138
648.138
648.138
648.138
648.138
648.138
648.138
648.138
648.138
648.138
648.138
648.138
648.138
648.138
648.138
648.138
648.138
648.138
648.138
648.138
648.138
648.138
648.138
648.138
648.138
648.138
648.138
648.138
648.138
648.138
648.138
648.138
648.138
648.138
648.138
648.138
648.138
648.138
648.138
648.138
648.138
648.138
648.138
648.138
648.138
648.138
648.138
648.138
648.138
648.138
648.138
648.138
648.138
648.138
648.138
648.138
648.138
648.138
648.138
648.138
648.138
648.138
648.138
648.138
648.138
648.138
648.138
648.138
648.138
648.138
648.138
648.138
648.138
648.138
648.138
648.138
648.138
648.138
648.138
648.138
648.138
648.138
648.138
648.138
648.138
648.138
648.138
648.138
648.138
648.138
648.138
648.138
648.138
648.138
648.138
648.138
648.138
648.138
648.138
648.138
648.138
648.138
648.138
648.138
648.138
648.138
648.138
648.138
648.138
648.138
648.138
648.138
648.138
648.138
648.138
648.138
648.138
648.138
648.138
648.138
648.138
648.138
648.138
648.138
648.138
648.138
648.138
648.138
648.138
648.138
648.138
648.138
648.138
648.138
648.138
648.138
648.138
648.138
648.138
648.138
648.138
648.138
648.138
648.138
648.138
648.138
648.138
648.138
648.138
648.138
648.138
648.138
648.138
648.138
648.138
648.138
648.138
648.138
648.138
648.138
648.138
648.138
648.138
648.138
648.138
648.138
648.138
648.138
648.138
648.138
648.138
648.138
648.138
648.138
648.138
648.138
648.138
648.138
648.138
648.138
648.138
648.138
648.138
648.138
648.138
648.138
648.138
648.138
648.138
648.138
648.138
648.138
648.138
648.138
648.138
648.138
648.138
648.138
648.138
648.138
648.138
648.138
648.138
648.138
648.138
648.138
648.138
648.138
648.138
648.138
648.138
648.138
648.138
648.138
648.138
648.138
648.138
648.138
648.138
648.138
648.138
648.138
648.138
648.138
648.138
648.138
648.138
648.138
648.138
648.138
648.138
648.138
648.138
648.138
648.138
648.138
648.138
648.138
648.138
648.138
648.138
648.138
648.138
648.138
648.138
648.138
648.138
648.138
648.138
648.138
648.138
648.138
648.138
648.138
648.138
648.138
648.138
648.138
648.138
648.138
648.138
648.138
648.138
648.138
648.138
648.138
648.138
648.138
648.138
648.138
648.138
648.138
648.138
648.138
648.138
648.138
648.138
648.138
648.138
648.138
648.138
648.138
648.138
648.138
648.138
648.138
648.138
648.138
648.138
648.138
648.138
648.138
648.138
648.138
648.138
648.138
648.138
648.138
648.138
648.138
648.138
648.138
648.138
648.138
648.138
648.138
648.138
648.138
648.138
648.138
648.138
648.138
648.138
648.138
648.138
648.138
648.138
648.138
648.138
648.138
648.138
648.138
648.138
648.138
648.138
648.138
648.138
648.138
648.138
648.138
648.138
648.138
648.138
648.138
648.138
648.138
648.138
648.138
648.138
648.138
648.138
648.138
648.138
648.138
648.138
648.138
648.138
648.138
648.138
648.138
648.138
648.138
648.138
648.138
648.138
648.138
648.138
648.138
648.138
648.138
648.138
648.138
648.138
648.138
648.138
648.138
648.138
648.138
648.138
648.138
648.138
648.138
648.138
648.138
648.138
648.138
648.138
648.138
648.138
648.138
648.138
648.138
648.138
648.138
648.138
648.138
648.138
648.138
648.138
648.138
648.138
648.138
648.138
648.138
648.138
648.138
648.138
648.138
648.138
648.138
648.138
648.138
648.138
648.138
648.138
648.138
648.138
648.138
648.138
648.138
648.138
648.138
648.138
648.138
648.138
648.138
648.138
648.138
648.138
648.138
648.138
648.138
648.138
648.138
648.138
648.138
648.138
648.138
648.138
648.138
648.138
648.138
648.138
648.138
648.138
648.138
648.138
648.138
648.138
648.138
648.138
648.138
648.138
648.138
648.138
648.138
648.138
648.138
648.138
648.138
648.138
648.138
648.138
648.138
648.138
648.138
648.138
648.138
648.138
648.138
648.138
648.138
648.138
648.138
648.138
648.138
648.138
648.138
648.138
648.138
648.138
648.138
648.138
648.138
648.138
648.138
648.138
648.138
648.138
648.138
648.138
648.138
648.138
648.138
648.138
648.138
648.138
648.138
648.138
648.138
648.138
648.138
648.138
648.138
648.138
648.138
648.138
648.138
648.138
648.138
648.138
648.138
648.138
648.138
648.138
648.138
648.138
648.138
648.138
648.138
648.138
648.138
648.138
648.138
648.138
648.138
648.138
648.138
648.138
648.138
648.138
648.138
648.138
648.138
648.138
648.138
648.138
648.138
648.138
648.138
648.138
648.138
648.138
648.138
648.138
648.138
648.138
648.138
648.138
648.138
648.138
648.138
648.138
648.138
648.138
648.138
648.138
648.138
648.138
648.138
648.138
648.138
648.138
648.138
648.138
648.138
648.138
648.138
648.138
648.138
648.138
648.138
648.138
648.138
648.138
648.138
648.138
648.138
648.138
648.138
648.138
648.138
648.138
648.138
648.138
648.138
648.138
648.138
648.138
648.138
648.138
648.138
648.138
648.138
648.138
648.138
648.138
648.138
648.138
648.138
648.138
648.138
648.138
648.138
648.138
648.138
648.138
648.138
648.138
648.138
648.138
648.138
648.138
648.138
648.138
648.138
648.138
648.138
648.138
648.138
648.138
648.138
648.138
648.138
648.138
648.138
648.138
648.138
648.138
648.138
648.138
648.138
648.138
648.138
648.138
648.138
648.138
648.138
648.138
648.138
648.138
648.138
648.138
648.138
648.138
648.138
648.138
648.138
648.138
648.138
648.138
648.138
648.138
648.138
648.138
648.138
648.138
648.138
648.138
648.138
648.138
648.138
648.138
648.138
648.138
648.138
648.138
648.138
648.138
648.138
648.138
648.138
648.138
648.138
648.138
648.138
648.138
648.138
648.138
648.138
648.138
648.138
648.138
648.138
648.138
648.138
648.138
648.138
648.138
648.138
648.138
648.138
648.138
648.138
648.138
648.138
648.138
648.138
648.138
648.138
648.138
648.138
648.138
648.138
648.138
648.138
648.138
648.138
648.138
648.138
648.138
648.138
648.138
648.138
648.138
648.138
648.138
648.138
648.138
648.138
648.138
648.138
648.138
648.138
648.138
648.138
648.138
648.138
648.138
648.138
648.138
648.138
648.138
648.138
648.138
648.138
648.138
648.138
648.138
648.138
648.138
648.138
648.138
648.138
648.138
648.138
648.138
648.138
648.138
648.138
648.138
648.138
648.138
648.138
648.138
648.138
648.138
648.138
648.138
648.138
648.138
648.138
648.138
648.138
648.138
648.138
648.138
648.138
648.138
648.138
648.138
648.138
648.138
648.138
648.138
648.138
648.138
648.138
648.138
648.138
648.138
648.138
648.138
648.138
648.138
648.138
648.138
648.138
648.138
648.138
648.138
648.138
648.138
648.138
648.138
648.138
648.138
648.138
648.138
648.138
648.138
648.138
648.138
648.138
648.138
648.138
648.138
648.138
648.138
648.138
648.138
648.138
648.138
648.138
648.138
648.138
648.138
648.138
648.138
648.138
648.138
648.138
648.138
648.138
648.138
648.138
648.138
648.138
648.138
648.138
648.138
648.138
648.138
648.138
648.138
648.138
648.138
648.138
648.138
648.138
648.138
648.138
648.138
648.138
648.138
648.138
648.138
648.138
648.138
648.138
648.138
648.138
648.138
648.138
648.138
648.138
648.138
648.138
648.138
648.138
648.138
648.138
648.138
648.138
648.138
648.138
648.138
648.138
648.138
648.138
648.138
648.138
648.138
648.138
648.138
648.138
648.138
648.138
648.138
648.138
648.138
648.138
648.138
648.138
648.138
648.138
648.138
648.138
648.138
648.138
648.138
648.138
648.138
648.138
648.138
648.138
648.138
648.138
648.138
648.138
648.138
648.138
648.138
648.138
648.138
648.138
648.138
648.138
648.138
648.138
648.138
648.138
648.138
648.138
648.138
648.138
648.138
648.138
648.138
648.138
648.138
648.138
648.138
648.138
648.138
648.138
648.138
648.138
648.138
648.138
648.138
648.138
648.138
648.138
648.138
648.138
648.138
648.138
648.138
648.138
648.138
648.138
648.138
648.138
648.138
648.138
648.138
648.138
648.138
648.138
648.138
648.138
648.138
648.138
648.138
648.138
648.138
648.138
648.138
648.138
648.138
648.138
648.138
648.138
648.138
647.28
599.226
599.226
549.766
549.766
549.766
549.766
549.766
549.766
549.766
549.766
452.775
452.775
452.775
452.775
452.775
452.775
452.775
452.775
452.775
452.775
452.775
452.775
452.775
452.775
452.775
452.775
452.248
452.248
452.248
452.248
442.394
442.394
380.682
380.682
380.682
380.682
380.682
376.814
376.814
363.697
363.697
322.003
322.003
318.237
318.237
264.962
264.962
264.962
223.879
177.063
177.063
137.145
103.85
86.721
86.721
86.721
86.721
86.721
86.721
86.721
86.721
86.721
86.721
86.721
58.7003
30.8729
26.1401
19.3861
5.5361
5.5361
5.5361
5.5361
5.5361
5.5361
5.5361
5.5361
5.5361
5.5361
5.49324
3.77
3.77
3.30354
3.30354
2.42226
2.42226
1.22485
1.22485
1.22485
1.22485
1.22485
1.04422
1.04422
0.514204
0.514204
0.514204
0.514204
0.411563
0.411563
0.264734
0.196541
0.14845
0.109151
0.109151
0.109151
0.109151
0.109151
0.109151
0.0922792
0.064564
0.064564
0.0465858
0.0193013
0.0193013
0.0193013
0.0193013
0.0193013
0.017137
0.017137
0.017137
0.017137
0.0143699
0.0143699
0.0143699
0.0143699
0.0119941
0.00853239
0.00399503
0.0037962
0.00317954
0.00164369
0.00164369
0.00102654
0.00102654
0.00102654
0.00102654
0.00102654
0.00102654
0.000917225
0.000917225
0.000766853
0.00049869
0.00049869
0.00049869
0.000436728
0.000415827
0.000277167
0.000161918
0.000161918
0.000161918
9.36112e-05
5.10818e-05
4.51897e-05
4.51897e-05
4.51897e-05
4.51897e-05
4.51897e-05
4.43861e-05
3.84728e-05
3.84728e-05
3.84728e-05
1.88822e-05
1.88822e-05
1.88822e-05
1.88822e-05
1.88822e-05
1.88822e-05
1.5199e-05
1.0878e-05
1.0878e-05
7.35607e-06
4.82981e-06
4.82981e-06
4.82981e-06
4.82981e-06
4.16318e-06
4.16318e-06
4.16318e-06
2.39987e-06
1.39524e-06
1.39524e-06
1.39524e-06
1.39524e-06
1.39524e-06
1.39524e-06
1.32886e-06
1.32886e-06
1.32886e-06
1.32886e-06
1.32886e-06
