4.02065e+10
1.57542e+10
5.9737e+09
1.79979e+09
3.23317e+08
5.82043e+07
2.46695e+07
1.89709e+07
1.70456e+07
7.32168e+06
7.32168e+06
7.32168e+06
7.32168e+06
7.32168e+06
7.32168e+06
7.32168e+06
7.32168e+06
7.32168e+06
7.32168e+06
7.32168e+06
7.32168e+06
7.32168e+06
7.32168e+06
7.32168e+06
3.44587e+06
2.20158e+06
1.05882e+06
1.05882e+06
451265
439820
439820
439820
103448
103448
103448
69215.3
69215.3
69215.3
36777.6
36777.6
36777.6
22597.7
22597.7
22597.7
22597.7
13438.4
12242.6
8877.11
5412.65
5412.65
5236.16
4919.15
2529.52
2529.52
1842.18
1809.29
1515.51
1197.03
1197.03
1197.03
1140.64
1068.75
1068.75
1018.6
976.821
976.821
976.821
976.821
969.763
926.614
918.996
891.225
891.225
845.338
845.338
845.338
834.302
807.983
807.983
807.983
807.983
806.018
803.379
803.379
803.379
803.379
803.379
803.379
803.379
803.379
789.908
789.908
789.908
789.908
789.908
789.908
789.908
773.706
773.706
773.706
773.706
773.706
773.706
773.706
773.706
764.671
764.671
764.671
764.671
764.671
764.671
764.671
764.671
764.671
764.671
764.671
764.671
764.671
764.671
764.671
764.671
764.671
764.671
764.671
764.671
764.671
764.671
764.671
764.671
764.671
764.671
764.671
764.671
764.671
764.671
764.671
764.671
764.671
764.671
764.671
764.671
764.671
764.671
764.671
764.671
764.671
764.671
764.671
764.671
764.671
764.671
764.671
764.671
764.671
764.671
764.671
763.68
763.68
763.68
763.68
763.68
763.68
763.68
763.68
763.68
763.68
763.68
763.68
763.68
763.68
763.68
763.68
763.68
763.68
763.68
763.68
763.68
763.68
763.68
758.678
758.678
753.874
753.874
753.874
753.874
753.874
753.874
753.874
753.874
753.874
753.874
738.802
738.802
738.802
738.802
738.802
738.802
738.802
738.802
738.802
738.802
738.802
738.802
738.802
738.802
738.802
738.802
738.802
738.802
738.802
738.802
738.802
738.802
738.802
738.802
738.802
738.802
738.802
738.802
738.802
738.802
738.802
738.802
738.802
738.802
738.802
738.802
738.802
738.802
738.802
738.802
738.802
738.802
738.802
738.802
738.802
738.802
738.802
738.802
738.802
738.802
738.802
738.802
738.802
738.802
738.802
738.802
738.802
738.802
738.802
738.802
738.802
738.802
720.536
720.536
720.536
720.536
720.536
720.536
720.536
720.536
720.536
720.536
720.536
720.536
720.536
720.536
720.536
720.536
720.536
720.536
720.536
720.536
720.536
720.536
720.536
720.536
720.536
720.536
720.536
720.536
720.536
720.536
720.536
720.536
720.536
720.536
720.536
720.536
720.536
720.536
720.536
720.536
720.536
720.536
720.536
720.536
720.536
720.536
720.536
692.616
692.616
692.616
692.616
692.616
692.616
692.616
692.616
692.616
692.616
692.616
692.616
692.616
692.616
692.616
692.616
692.616
692.616
692.616
692.616
692.616
692.616
692.616
692.616
692.616
692.616
692.616
692.616
692.616
692.616
692.616
692.616
692.616
692.616
692.616
692.616
692.616
692.616
692.616
692.616
692.616
692.616
692.616
692.616
692.616
692.616
692.616
692.616
692.616
692.616
692.616
692.616
692.616
692.616
692.616
692.616
692.616
692.616
692.616
692.616
692.616
692.616
692.616
692.616
692.616
692.616
692.616
692.616
692.616
692.616
692.616
692.616
692.616
692.616
692.616
692.616
692.616
692.616
692.616
692.616
692.616
692.616
692.616
692.616
692.616
692.616
692.616
692.616
692.616
692.616
692.616
692.616
692.616
692.616
692.616
692.616
692.616
692.616
692.616
692.616
692.616
691.658
691.658
691.658
691.658
690.719
690.719
690.719
690.719
690.719
690.719
690.719
690.719
690.719
690.719
690.719
690.719
690.719
690.719
690.719
690.719
690.719
690.719
690.719
690.719
690.719
690.719
690.719
690.719
690.719
690.719
690.719
690.719
690.719
690.719
690.719
690.719
690.719
690.719
690.719
690.719
690.719
690.719
690.719
690.719
690.719
690.719
690.719
690.719
690.719
690.719
690.719
679.656
679.656
679.656
663.508
663.508
663.508
663.508
648.692
648.692
648.692
648.692
648.692
648.692
648.692
648.692
648.692
648.692
648.692
648.692
648.692
648.692
648.692
648.692
648.692
648.692
648.692
648.692
648.692
648.692
648.692
648.692
648.692
648.692
648.692
648.692
648.692
648.692
648.692
648.692
648.692
648.692
648.692
648.692
648.692
648.692
648.692
648.692
648.692
648.692
648.692
648.692
648.692
648.692
648.692
648.692
648.692
648.692
648.692
648.692
648.692
648.692
648.692
648.692
648.692
648.692
648.692
648.692
648.692
648.692
648.692
648.692
648.692
648.692
648.692
648.692
648.692
648.692
648.692
648.692
648.692
648.692
648.692
648.692
648.692
648.692
648.692
648.692
648.692
648.692
648.692
648.692
648.692
648.692
648.692
648.692
648.692
648.692
648.692
648.692
648.692
648.692
648.692
648.692
648.692
648.692
648.692
648.692
648.692
648.692
648.692
648.692
648.692
648.692
648.692
648.692
648.692
648.692
648.692
648.692
648.692
648.692
648.692
648.692
648.692
648.692
648.692
648.692
648.692
648.692
648.692
648.692
648.692
648.692
648.692
648.692
648.692
648.692
648.692
648.692
648.692
648.692
648.692
648.692
648.692
648.692
648.692
648.692
648.692
648.692
648.692
648.692
648.692
648.692
648.692
648.692
648.692
648.692
648.692
648.692
648.692
648.692
648.692
648.692
648.692
648.692
648.692
648.692
648.692
648.692
648.692
648.692
648.692
640.14
640.14
640.14
640.14
640.14
640.14
640.14
640.14
640.14
640.14
640.14
640.14
640.14
640.14
640.14
640.14
640.14
640.14
640.14
640.14
640.14
640.14
640.14
640.14
640.14
640.14
640.14
640.14
640.14
640.14
640.14
640.14
640.14
640.14
640.14
640.14
640.14
640.14
640.14
640.14
640.14
640.14
640.14
640.14
640.14
640.14
640.14
640.14
640.14
640.14
640.14
640.14
640.14
640.14
640.14
640.14
640.14
640.14
640.14
640.14
640.14
640.14
640.14
640.14
640.14
640.14
640.14
640.14
640.14
640.14
640.14
640.14
640.14
640.14
640.14
640.14
640.14
640.14
640.14
640.14
640.14
640.14
640.14
640.14
640.14
640.14
640.14
640.14
640.14
640.14
640.14
640.14
640.14
640.14
640.14
640.14
640.14
640.14
640.14
640.14
640.14
640.14
640.14
640.14
640.14
640.14
640.14
640.14
640.14
640.14
640.14
640.14
640.14
640.14
640.14
640.14
640.14
640.14
640.14
640.14
640.14
640.14
640.14
640.14
640.14
640.14
640.14
640.14
640.14
640.14
640.14
640.14
640.14
640.14
640.14
640.14
640.14
640.14
640.14
640.14
640.14
640.14
640.14
640.14
640.14
640.14
640.14
640.14
640.14
640.14
640.14
640.14
640.14
640.14
640.14
640.14
640.14
640.14
640.14
640.14
640.14
640.14
640.14
640.14
640.14
640.14
640.14
640.14
640.14
640.14
640.14
640.14
640.14
640.14
640.14
640.14
640.14
640.14
640.14
640.14
640.14
640.14
640.14
640.14
640.14
640.14
640.14
640.14
640.14
640.14
640.14
640.14
640.14
640.14
640.14
640.14
640.14
640.14
640.14
640.14
640.14
640.14
640.14
640.14
640.14
640.14
640.14
640.14
640.14
640.14
640.14
640.14
640.14
640.14
640.14
640.14
640.14
640.14
640.14
640.14
640.14
640.14
640.14
640.14
640.14
640.14
640.14
640.14
640.14
640.14
640.14
640.14
640.14
640.14
640.14
640.14
640.14
640.14
640.14
640.14
640.14
640.14
640.14
640.14
640.14
640.14
640.14
640.14
640.14
640.14
640.14
640.14
640.14
640.14
640.14
640.14
640.14
640.14
640.14
640.14
640.14
640.14
640.14
640.14
640.14
640.14
640.14
640.14
640.14
640.14
640.14
640.14
640.14
640.14
640.14
640.14
640.14
640.14
640.14
640.14
640.14
640.14
640.14
640.14
640.14
640.14
640.14
640.14
640.14
640.14
640.14
640.14
640.14
640.14
640.14
640.14
640.14
640.14
640.14
640.14
640.14
640.14
640.14
640.14
640.14
640.14
640.14
640.14
640.14
640.14
640.14
640.14
640.14
640.14
640.14
640.14
640.14
640.14
640.14
640.14
640.14
640.14
640.14
640.14
640.14
640.14
640.14
640.14
640.14
640.14
640.14
640.14
640.14
640.14
640.14
640.14
640.14
640.14
640.14
640.14
640.14
640.14
640.14
640.14
640.14
640.14
640.14
640.14
640.14
640.14
640.14
640.14
640.14
640.14
640.14
640.14
640.14
640.14
640.14
640.14
640.14
640.14
640.14
640.14
640.14
640.14
640.14
640.14
640.14
640.14
640.14
640.14
640.14
640.14
640.14
640.14
640.14
640.14
640.14
618.202
618.202
618.202
618.202
618.202
618.202
618.202
618.202
618.202
564.896
564.896
564.896
564.896
564.896
564.896
564.896
564.896
564.896
564.896
564.896
564.896
564.896
564.896
564.896
564.896
564.896
564.896
564.896
564.896
564.896
564.896
564.896
564.896
564.896
564.896
564.896
564.896
564.896
564.896
564.896
564.896
564.896
564.896
564.896
564.896
564.896
564.896
559.29
559.29
559.29
559.29
559.29
559.29
559.29
559.29
559.29
559.29
559.29
559.29
559.29
559.29
559.29
559.29
559.29
559.29
559.29
559.29
559.29
559.29
559.29
559.29
559.29
559.29
559.29
559.29
559.29
559.29
559.29
559.29
559.29
559.29
559.29
559.29
559.29
559.29
559.29
559.29
559.29
559.29
559.29
559.29
559.29
559.29
559.29
559.29
559.29
559.29
559.29
559.29
559.29
559.29
559.29
559.29
559.29
559.29
559.29
559.29
559.29
559.29
559.29
559.29
559.29
559.29
559.29
559.29
559.29
559.29
559.29
559.29
559.29
559.29
559.29
559.29
559.29
559.29
559.29
559.29
559.29
559.29
559.29
559.29
559.29
559.29
559.29
559.29
559.29
550.597
550.597
550.597
550.597
550.597
550.597
550.597
550.597
550.597
550.597
550.597
550.597
550.597
550.597
550.597
550.597
550.597
550.597
550.597
550.597
550.597
550.597
550.597
550.597
550.597
550.597
550.597
550.597
550.597
550.597
550.597
550.597
550.597
550.597
550.597
550.597
550.597
550.597
550.597
550.597
550.597
550.597
550.597
550.597
550.597
550.597
550.597
550.597
550.597
550.597
550.597
550.597
550.597
550.597
550.597
550.597
550.597
550.597
550.597
550.597
550.597
550.597
550.597
550.597
550.597
550.597
550.597
550.597
550.597
550.597
550.597
550.597
509.849
509.849
509.849
509.849
509.849
509.849
509.849
509.849
509.849
509.849
509.849
509.849
489.572
489.572
489.572
489.572
489.572
489.572
489.572
489.572
489.572
489.572
489.572
489.572
489.572
489.572
489.572
489.572
489.572
489.572
489.572
489.572
489.572
489.572
489.572
489.572
489.572
489.572
474.224
474.224
474.224
474.224
474.224
474.224
474.224
474.224
474.224
474.224
474.224
474.224
474.224
474.224
474.224
474.224
474.224
474.224
474.224
474.224
474.224
474.224
474.224
474.224
474.224
474.224
474.224
474.224
474.224
474.224
414.852
414.852
414.852
414.852
414.852
414.852
414.852
414.852
414.852
414.852
414.852
414.852
414.852
414.852
414.852
414.852
414.852
414.852
414.852
414.852
414.852
414.852
414.852
414.852
414.852
414.852
414.852
414.852
414.852
414.852
414.852
414.852
414.852
414.852
414.852
414.852
414.852
414.852
414.852
414.852
414.852
414.852
408.177
408.177
408.177
408.177
403.482
396.902
394.798
388.743
388.743
386.779
386.779
386.779
382.921
382.199
379.653
379.653
377.188
375.573
375.573
375.573
375.573
375.573
375.24
374.783
374.389
374.389
372.762
372.634
372.27
371.465
370.7
370.632
370.194
369.983
369.942
369.942
369.942
369.942
369.942
369.942
369.913
369.913
369.656
369.53
369.53
369.487
369.425
369.425
369.317
369.215
369.215
369.171
369.099
369.079
368.997
368.997
368.975
368.975
368.975
368.954
368.919
368.908
368.908
368.832
368.832
368.824
368.822
368.78
368.78
368.78
368.77
368.764
368.752
368.752
368.752
368.752
368.746
368.746
368.739
368.729
368.727
368.726
368.722
368.722
368.72
368.718
368.718
368.718
368.718
368.718
368.718
368.718
368.717
368.715
368.714
368.711
368.71
368.71
368.709
368.709
368.709
368.709
368.709
368.708
368.708
368.708
368.708
368.707
368.707
368.707
368.707
368.707
368.707
368.707
368.707
368.707
368.707
368.707
368.707
368.707
368.707
368.707
368.707
368.707
368.707
368.707
368.707
368.707
368.707
368.707
368.707
368.707
368.707
368.707
368.707
368.707
368.707
368.707
368.707
368.707
368.707
368.707
368.707
368.707
368.707
368.707
368.707
368.707
368.707
368.707
368.707
368.707
368.707
368.707
368.707
368.707
368.707
368.707
368.707
368.707
368.707
368.707
368.707
368.707
368.707
368.707
368.707
368.707
368.707
368.707
368.707
368.707
368.707
368.707
368.707
368.707
368.707
368.707
368.707
368.707
368.707
368.707
368.707
368.707
368.707
368.707
368.707
368.707
368.707
368.707
368.707
368.707
368.707
368.707
368.707
368.707
368.707
368.707
368.707
368.707
368.707
368.707
368.707
368.707
368.707
368.707
368.707
368.707
368.707
368.707
368.707
368.707
368.707
368.707
368.707
368.707
368.707
368.707
368.707
368.707
368.707
368.707
368.707
368.707
368.707
368.707
368.707
368.707
368.707
368.707
368.707
368.707
368.707
368.707
368.707
368.707
368.707
368.707
368.707
368.707
368.707
368.707
368.707
368.707
368.707
368.707
368.707
368.707
368.707
368.707
368.707
368.707
368.707
368.707
368.707
368.707
368.707
368.707
368.707
368.707
368.707
368.707
368.707
368.707
368.707
368.707
368.707
368.707
368.707
368.707
368.707
368.707
368.707
368.707
368.707
368.707
368.707
368.707
368.707
368.707
368.707
368.707
368.707
368.707
368.707
368.707
368.707
368.707
368.707
368.707
368.707
368.707
368.707
368.707
368.707
368.707
368.707
368.707
368.707
368.707
368.707
368.707
368.707
368.707
368.707
368.707
368.707
368.707
368.707
368.707
368.707
368.707
368.707
368.707
368.707
368.707
368.707
368.707
368.707
368.707
368.707
368.707
368.707
368.707
368.707
368.707
368.707
368.707
368.707
368.707
368.707
368.707
368.707
368.707
368.707
368.707
368.707
368.707
368.707
368.707
368.707
368.707
368.707
368.707
368.707
368.707
368.707
368.707
368.707
368.707
368.707
368.707
368.707
368.707
368.707
368.707
368.707
368.707
368.707
368.707
368.707
368.707
368.707
368.707
368.707
368.707
368.707
368.707
368.707
368.707
368.707
368.707
368.707
368.707
368.707
368.707
368.707
368.707
368.707
368.707
368.707
368.707
368.707
368.707
368.707
368.707
368.707
368.707
368.707
368.707
368.707
368.707
368.707
368.707
368.707
368.707
368.707
368.707
368.707
368.707
368.707
368.707
368.707
368.707
368.707
368.707
368.707
368.707
368.707
368.707
368.707
368.707
368.707
368.707
368.707
368.707
368.707
368.707
368.707
368.707
368.707
368.707
368.707
368.707
368.707
368.707
368.707
368.707
368.707
368.707
368.707
368.707
368.707
368.707
368.707
368.707
368.707
368.707
368.707
368.707
368.707
368.707
368.707
368.707
368.707
368.707
368.707
368.707
368.707
368.707
368.707
368.707
368.707
368.707
368.707
368.707
368.707
368.707
368.707
368.707
368.707
368.707
368.707
368.707
368.707
368.707
368.707
368.707
368.707
368.707
368.707
368.707
368.707
368.707
368.707
368.707
368.707
368.707
368.707
368.707
368.707
368.707
368.707
368.707
368.707
368.707
368.707
368.707
368.707
368.707
368.707
368.707
368.707
368.707
368.707
368.707
368.707
368.707
368.707
368.707
368.707
368.707
368.707
368.707
368.707
368.707
368.707
368.707
368.707
368.707
368.707
368.707
368.707
368.707
368.707
368.707
368.707
368.707
368.707
368.707
368.707
368.707
368.707
368.707
368.707
368.707
368.707
368.707
368.707
368.707
368.707
368.707
368.707
368.707
368.707
368.707
368.707
368.707
368.707
368.707
368.707
368.707
368.707
368.707
368.707
368.707
368.707
368.707
368.707
368.707
368.707
368.707
368.707
368.707
368.707
368.707
368.707
368.707
368.707
368.707
368.707
368.707
368.707
368.707
368.707
368.707
368.707
368.707
368.707
368.707
368.707
368.707
368.707
368.707
368.707
368.707
368.707
368.707
368.707
368.707
368.707
368.707
368.707
368.707
368.707
368.707
368.707
368.707
368.707
368.707
368.707
368.707
368.707
368.707
368.707
368.707
368.707
368.707
368.707
368.707
368.707
368.707
368.707
368.707
368.707
368.707
368.707
368.707
368.707
368.707
368.707
368.707
368.707
368.707
368.707
368.707
368.707
368.136
368.136
367.728
367.531
366.165
366.165
365.58
365.314
365.083
365.083
365.083
365.083
364.847
364.692
364.692
364.692
364.663
364.632
364.577
364.355
364.215
364.025
364.025
363.957
363.925
363.925
363.925
363.925
363.925
363.925
363.925
363.925
363.925
363.925
363.904
363.859
363.859
363.824
363.824
363.808
363.804
363.802
363.797
363.79
363.79
363.788
363.784
363.782
363.781
363.78
363.78
363.778
363.778
363.778
363.778
363.777
363.775
363.773
363.771
363.77
363.769
363.768
363.768
363.768
363.768
363.768
363.768
363.768
363.768
363.767
363.766
363.766
363.766
363.766
363.766
363.766
363.766
363.766
363.766
363.766
363.766
363.766
363.766
363.766
363.766
363.766
363.766
363.766
363.766
363.766
363.766
363.766
363.766
363.766
363.766
363.766
363.766
363.766
363.766
363.766
363.766
363.766
363.766
363.766
363.766
363.766
363.766
363.766
363.766
363.766
363.766
363.766
363.766
363.766
363.766
363.766
363.766
363.766
363.766
363.766
363.766
363.766
363.766
363.766
363.766
363.766
363.766
363.766
363.766
363.766
363.766
363.766
363.766
363.766
363.766
363.766
363.766
363.766
363.766
363.766
363.766
363.766
363.766
363.766
363.766
363.766
363.766
363.766
363.766
363.766
363.766
363.766
363.766
363.766
363.766
363.766
363.766
363.766
363.766
363.766
363.766
363.766
363.766
363.766
363.766
363.766
363.766
363.766
363.766
363.766
363.766
363.766
363.766
363.766
363.766
363.766
363.766
363.766
363.766
363.766
363.766
363.766
363.766
363.766
363.766
363.766
363.766
363.766
363.766
363.766
363.766
363.766
363.766
363.766
363.766
363.766
363.766
363.766
363.766
363.766
363.766
363.766
363.766
363.766
363.766
363.766
363.766
363.766
363.766
363.766
363.766
363.766
363.766
363.766
363.766
363.766
363.766
363.766
363.766
363.766
363.766
363.766
363.766
363.766
363.766
363.766
363.766
363.766
363.766
363.766
363.766
363.766
363.766
363.766
363.766
363.766
363.766
363.766
363.766
363.766
363.766
363.766
363.766
363.766
363.766
363.766
363.766
363.766
363.766
363.766
363.766
363.766
363.766
363.766
363.766
363.766
363.766
363.766
363.766
363.766
363.766
363.766
363.766
363.766
363.766
363.766
363.766
363.766
363.766
363.766
363.766
363.766
363.766
363.766
363.766
363.766
363.766
363.766
363.766
363.766
363.766
363.766
363.766
363.766
363.766
363.766
363.766
363.766
363.766
363.766
363.766
363.766
363.766
363.766
363.766
363.766
363.766
363.766
363.766
363.766
363.766
363.766
363.766
363.766
363.766
363.766
363.766
363.766
363.766
363.766
363.766
363.766
363.766
363.766
363.766
363.766
363.766
363.766
363.766
363.766
363.766
363.766
363.766
363.766
363.766
363.766
363.766
363.766
363.766
363.766
363.766
363.766
363.766
363.766
363.766
363.766
363.766
363.766
363.766
363.766
363.766
363.766
363.766
363.766
363.766
363.766
363.766
363.766
363.766
363.766
363.766
363.766
363.766
363.766
363.766
363.766
363.766
363.766
363.766
363.766
363.766
363.766
363.766
363.766
363.766
363.766
363.766
363.766
363.766
363.766
363.766
363.766
363.766
363.766
363.766
363.766
363.766
363.766
363.766
363.766
363.766
363.766
363.766
363.766
363.766
363.766
363.766
363.766
363.766
363.766
363.766
363.766
363.766
363.766
363.766
363.766
363.766
363.766
363.766
363.766
363.766
363.766
363.766
363.766
363.766
363.766
363.766
363.766
363.766
363.766
363.766
363.766
363.766
363.766
363.766
363.766
363.766
363.766
363.766
363.766
363.766
363.766
363.766
363.766
363.766
363.766
363.766
363.766
363.766
363.766
363.766
363.766
363.766
363.766
363.766
363.766
363.766
363.766
363.766
363.766
363.766
363.766
363.766
363.766
363.766
363.766
363.766
363.766
363.766
363.766
363.766
363.766
363.766
363.766
363.766
363.766
363.766
363.766
363.766
363.766
363.766
363.766
363.766
363.766
363.766
363.766
363.766
363.766
363.766
363.766
363.766
363.766
363.766
363.766
363.766
363.766
363.766
363.766
363.766
363.766
363.766
363.766
363.766
363.766
363.766
363.766
363.766
363.766
363.766
363.766
363.766
363.766
363.766
363.766
363.766
363.766
363.766
363.766
363.766
363.766
363.766
363.766
363.766
363.766
363.766
363.766
363.766
363.766
363.766
363.766
363.766
363.766
363.766
363.766
363.766
363.766
363.766
363.766
363.766
363.766
363.766
363.766
363.766
363.766
363.766
363.766
363.766
363.766
363.766
363.766
363.766
363.766
363.766
363.766
363.766
