3.5601e+10
2.14578e+10
4.17237e+09
2.20511e+09
3.14489e+08
1.3856e+08
6.98954e+06
6.98954e+06
6.98954e+06
6.98954e+06
6.98954e+06
6.98954e+06
6.98954e+06
6.98954e+06
6.98954e+06
6.98954e+06
6.98954e+06
6.98954e+06
6.98954e+06
6.98954e+06
6.98954e+06
6.98954e+06
6.98954e+06
6.98954e+06
4.61571e+06
4.61571e+06
4.61571e+06
4.07783e+06
3.3907e+06
2.46742e+06
2.46742e+06
2.46742e+06
2.46742e+06
2.46742e+06
1.20077e+06
256510
115182
115182
62351.4
23334.3
23334.3
23334.3
23334.3
23334.3
23334.3
23334.3
23334.3
23334.3
8768.58
8768.58
8768.58
3764.13
3764.13
3085.02
1873.21
1653.23
1400.13
1050.22
1050.22
1050.22
1050.22
1050.22
1050.22
1050.22
875.453
875.453
875.453
875.453
875.453
875.453
875.453
875.453
875.453
857.927
857.927
844.244
844.244
844.244
844.244
844.244
844.244
837.524
837.524
837.524
837.524
837.524
837.524
821.474
780.157
765.942
765.942
765.942
765.942
765.942
765.942
765.942
765.942
765.942
765.942
765.942
765.942
765.942
765.942
765.942
765.942
765.942
765.942
765.942
765.942
765.942
765.942
765.942
765.942
765.942
765.942
765.942
765.942
765.942
765.942
765.942
765.942
765.942
765.942
765.942
765.942
765.942
765.942
765.942
765.942
765.942
765.942
765.942
765.942
765.942
765.942
765.942
765.942
765.942
765.942
765.942
765.942
765.942
765.942
765.942
765.942
765.942
765.942
765.942
765.942
765.942
765.942
765.942
765.942
765.942
765.942
765.942
765.942
765.942
765.942
765.942
765.942
765.942
765.942
763.727
763.727
763.727
763.727
763.727
763.727
763.727
763.727
763.727
763.727
763.727
763.727
763.727
763.727
763.727
763.727
763.727
758.292
758.292
758.292
758.292
758.292
758.292
758.292
758.292
758.292
758.292
758.292
758.292
758.292
754.358
754.358
754.358
754.358
754.358
754.358
754.358
754.358
754.358
754.358
754.358
754.358
754.358
754.358
754.358
750.148
750.148
750.148
750.148
750.148
750.148
750.148
750.148
750.148
750.148
750.148
750.148
750.148
750.148
750.148
750.148
750.148
750.148
750.148
750.148
750.148
750.148
750.148
750.148
750.148
750.148
750.148
745.407
745.407
745.407
745.407
745.407
745.407
745.407
745.407
745.407
745.407
745.407
745.407
745.407
745.407
745.407
745.407
745.407
745.407
745.407
745.407
745.407
745.407
745.407
745.407
745.407
745.407
745.407
745.407
745.407
745.407
745.407
745.407
745.407
745.407
745.407
745.407
745.407
745.407
745.407
745.407
726.661
726.661
726.661
726.661
726.661
726.661
726.661
726.661
726.661
726.661
726.661
726.661
726.661
726.661
726.661
726.661
726.661
726.661
726.661
726.661
726.661
726.661
726.661
726.661
726.661
726.661
726.661
726.661
726.661
726.661
726.661
726.661
726.661
726.661
726.661
726.661
726.661
726.661
726.661
726.661
726.661
726.661
726.661
726.661
726.661
726.661
726.661
726.661
726.661
726.661
726.661
726.661
726.661
726.661
726.661
726.661
726.661
726.661
726.661
726.661
726.661
726.661
726.661
726.661
726.661
726.661
726.661
726.661
726.661
726.661
726.661
726.661
726.661
726.661
718.745
718.745
718.745
718.745
718.745
718.745
718.745
718.745
718.745
718.745
718.745
718.745
718.745
718.745
718.745
718.745
718.745
718.745
718.745
718.745
718.745
718.745
718.745
718.745
718.745
718.745
718.745
718.745
718.745
708.965
708.965
708.965
708.965
708.965
708.965
708.965
708.965
708.965
708.965
708.965
708.965
708.965
708.965
708.965
708.965
708.965
708.965
708.965
708.965
708.965
708.965
708.965
708.965
708.965
708.965
708.965
708.965
708.965
708.965
708.965
708.965
708.965
708.965
708.965
708.965
708.965
708.965
708.965
708.965
708.965
708.965
708.965
708.965
708.965
708.965
708.965
681.585
681.585
681.585
681.585
681.585
681.585
681.585
681.585
681.585
681.585
681.585
681.585
681.585
681.585
681.585
681.585
681.585
681.585
681.585
681.585
681.585
681.585
681.585
681.585
681.585
681.585
681.585
681.585
681.585
681.585
681.585
681.585
681.585
681.585
681.585
681.585
681.585
681.585
681.585
681.585
681.585
681.585
681.585
681.585
681.585
681.585
681.585
681.585
681.585
681.585
681.585
681.585
681.585
681.585
681.585
681.585
681.585
681.585
681.585
681.585
681.585
681.585
681.585
681.585
681.585
681.585
681.585
681.585
681.585
681.585
681.585
681.585
681.585
681.585
681.585
681.585
681.585
681.585
681.585
681.585
681.585
681.585
681.585
681.585
672.715
672.715
672.715
672.715
672.715
672.715
672.715
672.715
672.715
672.715
672.715
672.715
672.715
672.715
672.715
672.715
672.715
672.715
672.715
672.715
672.715
672.715
672.715
665.513
665.513
665.513
665.513
665.513
665.513
665.513
665.513
665.513
665.513
665.513
665.513
665.513
665.513
665.513
665.513
665.513
665.513
665.513
665.513
665.513
665.513
665.513
665.513
665.513
665.513
665.513
665.513
665.513
665.513
665.513
665.513
665.513
665.513
665.513
665.513
665.513
665.513
665.513
665.513
665.513
665.513
665.513
665.513
665.513
665.513
665.513
665.513
665.513
665.513
665.513
665.513
665.513
665.513
665.513
665.513
665.513
665.513
665.513
665.513
665.513
665.513
665.513
665.513
665.513
665.513
665.513
665.513
665.513
665.513
665.513
665.513
665.513
665.513
665.513
665.513
665.513
665.513
665.513
665.513
665.513
665.513
665.513
665.513
665.513
665.513
665.513
665.513
665.513
665.513
665.513
665.513
665.513
665.513
665.513
665.513
665.513
665.513
665.513
665.513
665.513
665.513
665.513
665.513
665.513
665.513
665.513
665.513
665.513
665.513
665.513
665.513
665.513
665.513
665.513
665.513
665.513
665.513
665.513
665.513
665.513
665.513
665.513
665.513
665.513
665.513
665.513
665.513
665.513
665.513
665.513
665.513
665.513
665.513
665.513
665.513
665.513
665.513
665.513
665.513
665.513
665.513
665.513
665.513
665.513
665.513
665.513
665.513
665.513
665.513
665.513
665.513
665.513
665.513
665.513
665.513
665.513
665.513
665.513
665.513
665.513
665.513
665.513
665.513
665.513
665.513
665.513
665.513
665.513
665.513
665.513
665.513
665.513
665.513
665.513
665.513
665.513
665.513
665.513
665.513
665.513
665.513
665.513
665.513
665.513
665.513
665.513
665.513
665.513
665.513
665.513
665.513
665.513
665.513
665.513
665.513
665.513
665.513
665.513
665.513
665.513
665.513
665.513
665.513
665.513
665.513
665.513
665.513
665.513
665.513
665.513
665.513
665.513
665.513
665.513
665.513
665.513
665.513
665.513
665.513
665.513
665.513
665.513
665.513
665.513
665.513
665.513
665.513
665.513
665.513
665.513
665.513
665.513
665.513
665.513
665.513
665.513
665.513
665.513
665.513
665.513
665.513
665.513
665.513
665.513
665.513
665.513
665.513
665.513
665.513
665.513
665.513
665.513
665.513
665.513
665.513
665.513
665.513
665.513
665.513
665.513
665.513
665.513
665.513
665.513
665.513
665.513
665.513
665.513
665.513
665.513
665.513
665.513
665.513
665.513
665.513
665.513
665.513
665.513
665.513
665.513
665.513
665.513
665.513
665.513
665.513
665.513
665.513
665.513
665.513
658.038
658.038
658.038
658.038
658.038
658.038
658.038
658.038
658.038
658.038
658.038
658.038
658.038
658.038
658.038
658.038
658.038
658.038
658.038
658.038
658.038
650.137
650.137
650.137
650.137
650.137
650.137
650.137
650.137
650.137
650.137
650.137
650.137
650.137
644.964
644.964
644.964
644.964
644.964
644.964
629.189
629.189
629.189
629.189
629.189
629.189
629.189
611.243
611.243
611.243
611.243
611.243
566.297
566.297
566.297
566.297
566.297
566.297
566.297
566.297
566.297
566.297
566.297
566.297
566.297
566.297
566.297
566.297
566.297
566.297
566.297
566.297
566.297
566.297
566.297
566.297
566.297
566.297
566.297
566.297
566.297
566.297
566.297
566.297
566.297
566.297
566.297
566.297
566.297
566.297
566.297
566.297
566.297
566.297
566.297
566.297
566.297
566.297
566.297
566.297
566.297
566.297
566.297
566.297
566.297
566.297
566.297
566.297
566.297
566.297
566.297
566.297
566.297
566.297
566.297
566.297
566.297
566.297
566.297
566.297
566.297
566.297
566.297
564.046
564.046
555.22
555.22
555.22
555.22
555.22
555.22
555.22
555.22
555.22
555.22
555.22
555.22
555.22
555.22
555.22
555.22
555.22
555.22
555.22
555.22
555.22
555.22
555.22
555.22
555.22
555.22
555.22
555.22
555.22
555.22
555.22
555.22
555.22
555.22
554.06
554.06
549.257
543.21
520.224
520.224
504.433
504.433
504.433
504.433
504.433
504.433
504.433
504.433
504.433
504.433
504.433
504.433
504.433
504.433
504.433
504.433
504.433
504.433
504.433
504.433
504.433
504.433
504.433
483.274
483.274
483.274
483.274
482.125
482.125
482.125
451.35
451.35
451.35
451.35
451.35
451.35
451.35
451.35
451.35
451.35
451.35
451.35
451.35
451.35
451.35
443.369
443.369
438.624
414.357
414.357
414.357
414.357
414.357
414.357
403.208
403.208
403.208
403.208
403.208
403.208
401.927
401.872
394.163
390.319
390.319
390.319
389.199
389.199
388.708
388.708
387.537
386.067
386.067
386.067
386.067
385.453
385.453
385.453
384.648
383.803
383.803
381.86
381.757
381.191
380.436
379.828
379.381
379.008
378.581
378.581
378.581
378.581
378.581
378.581
378.581
378.581
378.581
378.581
378.564
378.564
378.514
378.357
378.316
378.267
378.223
378.048
377.948
377.9
377.84
377.764
377.643
377.643
377.631
377.582
377.582
377.582
377.582
377.582
377.582
377.582
377.582
377.582
377.559
377.547
377.531
377.519
377.486
377.486
377.486
377.486
377.486
377.486
377.481
377.48
377.479
377.476
377.476
377.474
377.474
377.469
377.468
377.465
377.465
377.465
377.464
377.464
377.464
377.461
377.461
377.461
377.46
377.458
377.458
377.458
377.457
377.457
377.457
377.456
377.455
377.455
377.455
377.455
377.454
377.454
377.454
377.454
377.454
377.454
377.453
377.452
377.452
377.452
377.452
377.452
377.452
377.452
377.452
377.452
377.451
377.451
377.451
377.451
377.451
377.451
377.451
377.451
377.451
377.451
377.451
377.451
377.451
377.451
377.451
377.451
377.451
377.451
377.451
377.451
377.451
377.451
377.451
377.451
377.451
377.451
377.451
377.451
377.451
377.451
377.451
377.451
377.451
377.451
377.451
377.451
377.451
377.451
377.451
377.451
377.451
377.451
377.451
377.451
377.451
377.451
377.451
377.451
377.451
377.451
377.451
377.451
377.451
377.451
377.451
377.451
377.451
377.451
377.451
377.451
377.451
377.451
377.451
377.451
377.451
377.451
377.451
377.451
377.451
377.451
377.451
377.451
377.451
377.451
377.451
377.451
377.451
377.451
377.451
377.451
377.451
377.451
377.451
377.451
377.451
377.451
377.451
377.451
377.451
377.451
377.451
377.451
377.451
377.451
377.451
377.451
377.451
377.451
377.451
377.451
377.451
377.451
377.451
377.451
377.451
377.451
377.451
377.451
377.451
377.451
377.451
377.451
377.451
377.451
377.451
377.451
377.451
377.451
377.451
377.451
377.451
377.451
377.451
377.451
377.451
377.451
377.451
377.451
377.451
377.451
377.451
377.451
377.451
377.451
377.451
377.451
377.451
377.451
377.451
377.451
377.451
377.451
377.451
377.451
377.451
377.451
377.451
377.451
377.451
377.451
377.451
377.451
377.451
377.451
377.451
377.451
377.451
377.451
377.451
377.451
377.451
377.451
377.451
377.451
377.451
377.451
377.451
377.451
377.451
377.451
377.451
377.451
377.451
377.451
377.451
377.451
377.451
377.451
377.451
377.451
377.451
377.451
377.451
377.451
377.451
377.451
377.451
377.451
377.451
377.451
377.451
377.451
377.451
377.451
377.451
377.451
377.451
377.451
377.451
377.451
377.451
377.451
377.451
377.451
377.451
377.451
377.451
377.451
377.451
377.451
377.451
377.451
377.451
377.451
377.451
377.451
377.451
377.451
377.451
377.451
377.451
377.451
377.451
377.451
377.451
377.451
377.451
377.451
377.451
377.451
377.451
377.451
377.451
377.451
377.451
377.451
377.451
377.451
377.451
377.451
377.451
377.451
377.451
377.451
377.451
377.451
377.451
377.451
377.451
377.451
377.451
377.451
377.451
377.451
377.451
377.451
377.451
377.451
377.451
377.451
377.451
377.451
377.451
377.451
377.451
377.451
377.451
377.451
377.451
377.451
377.451
377.451
377.451
377.451
377.451
377.451
377.451
377.451
377.451
377.451
377.451
377.451
377.451
377.451
377.451
377.451
377.451
377.451
377.451
377.451
377.451
377.451
377.451
377.451
377.451
377.451
377.451
377.451
377.451
377.451
377.451
377.451
377.451
377.451
377.451
377.451
377.451
377.451
377.451
377.451
377.451
377.451
377.451
377.451
377.451
377.451
377.451
377.451
377.451
377.451
377.451
377.451
377.451
377.451
377.451
377.451
377.451
377.451
377.451
377.451
377.451
377.451
377.451
377.451
377.451
377.451
377.451
377.451
377.451
377.451
377.451
377.451
377.451
377.451
377.451
377.451
377.451
377.451
377.451
377.451
377.451
377.451
377.451
377.451
377.451
377.451
377.451
377.451
377.451
377.451
377.451
377.451
377.451
377.451
377.451
377.451
377.451
377.451
377.451
377.451
377.451
377.451
377.451
377.451
377.451
377.451
377.451
377.451
377.451
377.451
377.451
377.451
377.451
377.451
377.451
377.451
377.451
377.451
377.451
377.451
377.451
377.451
377.451
377.451
377.451
377.451
377.451
377.451
377.451
377.451
377.451
377.451
377.451
377.451
377.451
377.451
377.451
377.451
377.451
377.451
377.451
377.451
377.451
377.451
377.451
377.451
377.451
377.451
377.451
377.451
377.451
377.451
377.451
377.451
377.451
377.451
377.451
377.451
377.451
377.451
377.451
377.451
377.451
377.451
377.451
377.451
377.451
377.451
377.451
377.451
377.451
377.451
377.451
377.451
377.451
377.451
377.451
377.451
377.451
377.451
377.451
377.451
377.451
377.451
377.451
377.451
377.451
377.451
377.451
377.451
377.451
377.451
377.451
377.451
377.451
377.451
377.451
377.451
377.451
377.451
377.451
377.451
377.451
377.451
377.451
377.451
377.451
377.451
377.451
377.451
377.451
377.451
377.451
377.451
377.451
377.451
377.451
377.451
377.451
377.451
377.451
377.451
377.451
377.451
377.451
377.451
377.451
377.451
377.451
377.451
377.451
377.451
377.451
377.451
377.451
377.451
377.451
377.451
377.451
377.451
377.451
377.451
377.451
377.451
377.451
377.451
377.451
377.451
377.451
377.451
377.451
377.451
377.451
377.451
377.451
377.451
377.451
377.451
377.451
377.451
377.451
377.451
377.451
377.451
377.451
377.451
377.451
377.451
377.451
377.451
377.451
377.451
377.451
377.451
377.451
377.451
377.451
377.451
377.451
377.451
377.451
377.451
377.451
377.451
377.451
377.451
377.451
377.451
377.451
377.451
377.451
377.451
377.451
377.451
377.451
377.451
377.451
377.451
377.451
377.451
377.451
377.451
377.451
377.451
377.451
377.451
377.451
377.451
377.451
377.451
377.451
377.451
377.451
377.451
377.451
377.451
377.451
377.451
377.451
377.451
377.451
377.451
377.451
377.451
377.451
377.451
377.451
377.451
377.451
377.451
377.451
377.451
377.451
377.451
377.451
377.451
377.451
377.451
377.451
377.451
377.451
377.451
377.451
377.451
377.451
377.451
377.451
377.451
377.451
377.451
377.451
377.451
377.451
377.451
377.451
377.451
377.451
377.451
377.451
377.451
377.451
377.451
377.451
377.451
377.451
377.451
377.451
377.451
377.451
377.451
377.451
377.451
377.451
377.451
377.451
377.451
377.451
377.451
377.451
377.451
377.451
377.451
377.451
377.451
377.451
377.451
377.451
377.451
377.451
377.451
377.451
377.451
377.451
377.451
377.451
377.451
377.451
377.451
377.451
377.451
377.451
377.451
377.451
377.451
377.451
377.451
377.451
377.451
377.451
377.451
377.451
377.451
377.451
377.451
377.451
377.451
377.451
377.451
377.451
377.451
377.451
377.451
377.451
377.451
377.451
377.451
377.451
377.451
377.451
377.451
377.451
377.451
377.451
377.451
377.451
377.451
377.451
377.451
377.451
377.451
377.451
377.451
377.451
377.451
377.451
377.451
377.451
377.451
377.451
377.451
377.451
377.451
377.451
377.451
377.451
377.451
377.451
377.451
377.451
377.451
377.451
377.451
377.451
377.451
377.451
377.451
377.451
377.451
377.451
377.451
377.451
377.451
377.451
377.451
377.451
377.451
377.451
377.451
377.451
377.451
377.451
377.451
377.451
377.451
377.451
377.451
377.451
377.451
377.451
377.451
377.451
377.451
377.451
377.451
377.451
377.451
377.451
377.451
377.451
377.451
377.451
377.451
377.451
377.451
377.451
377.451
377.451
377.451
377.451
377.451
377.451
377.451
377.451
377.451
377.451
377.451
377.451
377.451
377.451
377.451
377.451
377.451
377.451
377.451
377.451
377.451
377.451
377.451
377.451
377.451
377.451
377.451
377.451
377.451
377.451
377.451
377.451
377.451
377.451
377.451
377.451
377.451
377.451
377.451
377.451
377.451
377.451
377.451
377.451
377.451
377.451
377.451
377.451
377.451
377.451
377.451
377.451
377.451
377.451
377.451
377.451
377.451
377.451
377.451
377.451
377.451
377.451
377.451
377.451
377.451
377.451
377.451
377.451
377.451
377.451
377.451
377.451
377.451
377.451
377.451
377.451
377.451
377.451
377.451
377.451
377.451
377.451
377.451
377.451
377.451
377.451
377.451
377.451
377.451
377.451
377.451
377.451
377.451
377.451
377.451
377.451
377.451
377.451
377.451
377.451
377.451
377.451
377.451
377.451
377.451
377.451
377.451
377.451
377.451
377.451
377.451
377.451
377.451
377.451
377.451
377.451
377.451
377.451
377.451
377.451
377.451
377.451
377.451
377.451
377.451
377.451
377.451
377.451
377.451
377.451
377.451
377.451
377.451
377.451
377.451
377.451
377.451
377.451
377.451
377.451
377.451
377.451
377.451
377.451
377.451
377.451
377.451
377.451
377.451
377.451
377.451
377.451
377.451
377.451
377.451
377.451
377.451
377.451
377.451
377.451
377.451
377.451
377.451
377.451
377.451
377.451
377.451
377.451
377.451
377.451
377.451
377.451
377.451
377.451
377.451
377.451
377.451
377.451
377.451
377.451
377.451
377.451
377.451
377.451
377.451
377.451
377.451
377.451
377.451
377.451
377.451
377.451
377.451
377.451
377.451
377.451
377.451
377.451
377.451
377.451
377.451
377.451
377.451
377.451
377.451
377.451
377.451
377.451
377.451
377.451
377.451
377.451
377.451
377.451
377.451
377.451
377.451
377.451
377.451
377.451
377.451
377.451
377.451
377.451
377.451
377.451
377.451
377.451
377.451
377.451
377.451
377.451
377.451
377.451
377.451
377.451
377.451
377.451
377.451
377.451
377.451
377.451
377.451
377.451
377.451
377.451
377.451
377.451
377.451
377.451
377.451
377.451
377.451
377.451
377.451
377.451
377.451
377.451
377.451
377.451
377.451
377.451
377.451
377.451
377.451
377.451
377.451
377.451
377.451
377.451
377.451
377.451
377.451
377.451
377.451
377.451
377.451
377.451
377.451
377.451
377.451
377.451
377.451
377.451
377.451
377.451
377.451
377.451
377.451
377.451
377.451
377.451
377.451
377.451
377.451
377.451
377.451
377.451
377.451
377.451
377.451
377.451
377.451
377.451
377.451
377.451
377.451
377.451
377.451
377.451
377.451
377.451
377.451
377.451
377.451
377.451
377.451
377.451
377.451
377.451
377.451
377.451
377.451
377.451
377.451
377.451
377.451
377.451
377.451
377.451
377.451
377.451
377.451
377.451
377.451
377.451
377.451
377.451
377.451
377.451
377.451
377.451
377.451
377.451
377.451
377.451
377.451
377.451
377.451
377.451
377.451
377.451
377.451
377.451
377.451
377.451
377.451
377.451
377.451
377.451
377.451
377.451
377.451
377.451
377.451
377.451
377.451
377.451
377.451
377.451
377.451
377.451
377.451
377.451
377.451
377.451
377.451
377.451
377.451
377.451
377.451
377.451
377.451
377.451
377.451
377.451
377.451
377.451
377.451
377.451
377.451
377.451
377.451
377.451
377.451
377.451
377.451
377.451
377.451
377.451
377.451
377.451
377.451
377.451
377.451
377.451
377.451
377.451
377.451
377.451
377.451
377.451
377.451
377.451
377.451
377.451
377.451
377.451
377.451
377.451
377.451
377.451
377.451
377.451
377.451
377.451
377.451
377.451
377.451
377.451
377.451
377.451
377.451
377.451
377.451
377.451
377.451
377.451
377.451
377.451
377.451
377.451
377.451
377.451
377.451
377.451
377.451
377.451
377.451
377.451
377.451
377.451
377.451
377.451
377.451
377.451
377.451
377.451
377.451
377.451
377.451
377.451
377.451
377.451
377.451
377.451
377.451
377.451
377.451
377.451
377.451
377.451
377.451
377.451
377.451
377.451
377.451
377.451
377.451
377.451
377.451
377.451
377.451
377.451
377.451
377.451
377.451
377.451
377.451
377.451
377.451
377.451
377.451
