4.80539e+10
1.85452e+10
7.02945e+09
9.93275e+08
2.63525e+08
3.73766e+07
4.04434e+06
4.04434e+06
4.04434e+06
4.04434e+06
4.04434e+06
4.04434e+06
4.04434e+06
4.04434e+06
4.04434e+06
4.04434e+06
4.04434e+06
4.04434e+06
4.04434e+06
4.04434e+06
4.04434e+06
4.04434e+06
4.04434e+06
3.0368e+06
996321
996321
923327
168180
168180
168180
168180
168180
168180
59849.1
44243
44243
44243
44243
31628.9
31628.9
21001.9
21001.9
11424.1
8208.68
5818.14
4153.85
4153.85
3366.3
3366.3
3366.3
2799.54
2591.84
2591.84
1873.32
1873.32
1443.73
1077.68
1077.68
1077.68
970.079
970.079
932.426
932.426
932.426
932.426
932.426
884.555
884.555
884.555
884.555
884.555
884.555
871.125
825.52
825.52
825.52
825.52
825.52
825.52
825.52
825.52
825.52
825.52
825.52
825.52
825.52
825.52
825.52
825.52
825.52
825.52
825.52
818.257
818.257
818.257
818.257
818.257
818.257
818.257
818.257
813.266
800.034
800.034
800.034
800.034
761.176
761.176
761.176
761.176
761.176
761.176
761.176
761.176
761.176
761.176
761.176
761.176
761.176
761.176
761.176
761.176
761.176
761.176
761.176
761.176
761.176
761.176
761.176
761.176
761.176
761.176
761.176
761.176
751.625
751.625
751.625
751.625
751.625
751.625
751.625
751.625
751.625
751.625
720.574
720.574
720.574
720.574
720.574
720.574
720.574
720.574
720.574
720.574
720.574
720.574
720.574
720.574
720.574
720.574
720.574
720.574
720.574
720.574
720.574
720.574
720.574
720.574
720.574
720.574
720.574
720.574
720.574
720.574
720.574
720.574
720.574
720.574
720.574
720.574
720.574
720.574
720.574
720.574
720.574
720.574
720.574
720.574
720.574
720.574
720.574
720.574
720.574
720.574
720.574
720.574
720.574
720.574
720.574
720.574
720.574
720.574
720.574
720.574
720.574
720.574
720.574
720.574
720.574
720.574
720.574
720.574
720.574
720.574
720.574
720.574
720.574
720.574
720.574
720.574
720.574
720.574
720.574
720.574
720.574
720.574
720.574
720.574
720.574
720.574
720.574
720.574
720.574
720.574
720.574
720.574
720.574
720.574
720.574
720.574
720.574
720.574
720.574
720.574
720.574
720.574
720.574
720.574
720.574
720.574
720.574
720.574
720.574
720.574
720.574
720.574
720.574
720.574
720.574
720.574
720.574
720.574
720.574
720.574
720.574
720.574
720.574
720.574
720.574
720.574
720.574
720.574
720.574
720.574
720.574
720.574
720.574
720.574
720.574
720.574
720.574
720.574
720.574
720.574
720.574
720.574
720.574
720.574
720.574
720.574
720.574
720.574
720.574
720.574
720.574
720.574
720.574
720.574
720.574
720.574
720.574
720.574
720.574
720.574
720.574
720.574
720.574
720.574
720.574
720.574
720.574
720.574
720.574
720.574
720.574
720.574
720.574
720.574
720.574
720.574
720.574
720.574
720.574
720.574
720.574
720.574
720.574
720.574
720.574
720.574
720.574
720.574
720.574
720.574
720.574
720.574
720.574
720.574
720.574
720.574
720.574
720.574
720.574
720.574
720.574
720.574
720.574
720.574
720.574
720.574
720.574
720.574
720.574
720.574
720.574
720.574
720.574
720.574
720.574
720.574
720.574
720.574
720.574
720.574
720.574
720.574
720.574
720.574
720.574
720.574
720.574
720.574
720.574
720.574
720.574
720.574
720.574
720.574
720.574
720.574
720.574
720.574
720.574
720.574
720.574
720.574
720.574
720.574
720.574
720.574
720.574
720.574
720.574
720.574
720.574
720.574
720.574
720.574
720.574
720.574
720.574
720.574
720.574
720.574
720.574
720.574
720.574
720.574
720.574
720.574
720.574
720.574
720.574
720.574
720.574
720.574
720.574
720.574
720.574
720.574
720.574
720.574
720.574
720.574
720.574
720.574
720.574
720.574
720.574
720.574
720.574
720.574
720.574
720.574
720.574
720.574
720.574
720.574
720.574
720.574
720.574
720.574
720.574
720.574
720.574
720.574
720.574
720.574
720.574
720.574
720.574
720.574
720.574
720.574
720.574
720.574
720.574
720.574
720.574
720.574
720.574
720.574
720.574
720.574
720.574
720.574
720.574
720.574
720.574
720.574
720.574
720.574
720.574
720.574
720.574
720.574
720.574
720.574
720.574
720.574
720.574
720.574
720.574
720.574
720.574
720.574
720.574
720.574
720.574
720.574
720.574
720.574
720.574
720.574
720.574
720.574
720.574
720.574
720.574
720.574
720.574
720.574
720.574
720.574
720.574
720.574
720.574
720.574
720.574
720.574
720.574
720.574
720.574
720.574
720.574
720.574
720.574
720.574
720.574
720.574
720.574
720.574
720.574
714.503
714.503
714.503
714.503
714.503
714.503
714.503
714.503
714.503
714.503
714.503
714.503
714.503
714.503
714.503
714.503
714.503
714.503
714.503
714.503
714.503
714.503
714.503
714.503
714.503
714.503
714.503
714.503
714.503
714.503
714.503
714.503
714.503
714.503
714.503
714.503
714.503
714.503
714.503
714.503
714.503
714.503
714.503
714.503
714.503
714.503
714.503
714.503
714.503
714.503
714.503
714.503
714.503
714.503
714.503
714.503
714.503
714.503
714.503
714.503
714.503
714.503
714.503
714.503
714.503
714.503
714.503
714.503
714.503
714.503
714.503
714.503
714.503
714.503
714.503
714.503
714.503
714.503
714.503
714.503
714.503
714.503
714.503
708.835
708.835
708.835
708.835
708.835
708.835
708.835
708.835
708.835
708.835
708.835
708.835
708.835
708.835
708.835
708.835
708.835
708.835
708.835
708.835
708.835
708.835
708.835
708.835
708.835
708.835
708.835
708.835
708.835
708.835
708.835
708.835
708.835
708.835
708.835
708.835
708.835
708.835
708.835
708.835
708.835
708.835
708.835
708.835
708.835
708.835
708.835
708.835
708.835
708.835
708.835
708.835
708.835
708.835
708.835
708.835
708.835
708.835
708.835
708.835
708.835
708.835
708.835
708.835
708.835
708.835
708.835
708.835
708.835
708.835
708.835
708.835
708.835
708.835
708.835
708.835
708.835
708.835
708.835
708.835
708.835
708.835
708.835
708.835
708.835
708.835
708.835
708.835
708.835
708.835
708.835
708.835
708.835
708.835
708.835
708.835
708.835
708.835
708.835
708.835
708.835
708.835
708.835
708.835
708.835
708.835
708.835
708.835
708.835
708.835
708.835
708.835
708.835
708.835
708.835
708.835
708.835
708.835
708.835
708.835
708.835
708.835
708.835
708.835
708.835
708.835
708.835
708.835
708.835
708.835
708.835
708.835
708.835
708.835
708.835
708.835
708.835
708.835
708.835
708.835
708.835
708.835
708.835
708.835
708.835
696.23
696.23
696.23
696.23
696.23
696.23
696.23
696.23
696.23
696.23
696.23
696.23
696.23
696.23
696.23
696.23
696.23
696.23
696.23
696.23
696.23
696.23
696.23
696.23
696.23
696.23
682.508
682.508
682.508
682.508
681.173
681.173
681.173
681.173
681.173
681.173
681.173
681.173
681.173
681.173
681.173
681.173
681.173
681.173
681.173
681.173
681.173
681.173
681.173
681.173
681.173
681.173
681.173
681.173
681.173
681.173
681.173
681.173
681.173
681.173
681.173
681.173
681.173
681.173
681.173
681.173
681.173
681.173
681.173
681.173
681.173
681.173
681.173
681.173
681.173
681.173
681.173
681.173
681.173
681.173
681.173
681.173
681.173
681.173
681.173
681.173
681.173
681.173
681.173
681.173
681.173
681.173
681.173
681.173
681.173
681.173
681.173
681.173
681.173
681.173
681.173
681.173
681.173
681.173
681.173
681.173
681.173
681.173
681.173
681.173
681.173
681.173
681.173
681.173
681.173
681.173
681.173
681.173
681.173
681.173
681.173
681.173
681.173
681.173
681.173
681.173
681.173
681.173
681.173
681.173
681.173
681.173
681.173
681.173
681.173
681.173
681.173
681.173
681.173
681.173
681.173
681.173
681.173
681.173
681.173
681.173
681.173
681.173
681.173
681.173
681.173
681.173
681.173
681.173
681.173
681.173
681.173
681.173
681.173
681.173
681.173
681.173
681.173
681.173
681.173
681.173
681.173
681.173
681.173
681.173
681.173
681.173
681.173
681.173
681.173
681.173
681.173
681.173
681.173
681.173
681.173
681.173
681.173
681.173
681.173
681.173
681.173
681.173
681.173
681.173
681.173
681.173
681.173
681.173
681.173
681.173
681.173
681.173
681.173
681.173
681.173
681.173
681.173
681.173
681.173
681.173
681.173
681.173
681.173
681.173
681.173
681.173
681.173
681.173
681.173
681.173
681.173
681.173
681.173
681.173
681.173
681.173
681.173
681.173
681.173
681.173
681.173
681.173
681.173
681.173
681.173
681.173
681.173
681.173
681.173
681.173
681.173
681.173
681.173
681.173
681.173
681.173
681.173
681.173
681.173
681.173
681.173
681.173
681.173
681.173
681.173
681.173
681.173
681.173
681.173
681.173
681.173
681.173
681.173
681.173
681.173
681.173
681.173
681.173
681.173
681.173
681.173
681.173
681.173
681.173
681.173
681.173
681.173
681.173
681.173
681.173
681.173
681.173
681.173
681.173
681.173
681.173
681.173
681.173
681.173
681.173
681.173
681.173
681.173
681.173
681.173
681.173
681.173
681.173
681.173
681.173
681.173
681.173
681.173
681.173
681.173
681.173
681.173
681.173
681.173
681.173
681.173
681.173
681.173
681.173
681.173
681.173
681.173
681.173
681.173
681.173
681.173
681.173
681.173
681.173
681.173
681.173
681.173
681.173
681.173
681.173
681.173
681.173
681.173
681.173
681.173
681.173
681.173
681.173
681.173
681.173
681.173
681.173
681.173
681.173
681.173
681.173
681.173
681.173
681.173
681.173
681.173
681.173
681.173
681.173
681.173
681.173
681.173
681.173
681.173
681.173
681.173
681.173
681.173
681.173
681.173
681.173
681.173
681.173
681.173
681.173
681.173
681.173
681.173
681.173
681.173
681.173
681.173
681.173
681.173
681.173
681.173
681.173
681.173
681.173
681.173
681.173
681.173
681.173
681.173
681.173
681.173
681.173
681.173
681.173
681.173
681.173
681.173
681.173
681.173
681.173
681.173
681.173
681.173
681.173
681.173
681.173
681.173
681.173
681.173
681.173
681.173
681.173
681.173
681.173
681.173
681.173
681.173
681.173
681.173
681.173
681.173
681.173
681.173
681.173
681.173
681.173
681.173
681.173
681.173
681.173
681.173
681.173
681.173
681.173
681.173
681.173
681.173
681.173
681.173
681.173
681.173
681.173
681.173
681.173
681.173
681.173
681.173
681.173
681.173
681.173
681.173
681.173
681.173
681.173
681.173
681.173
681.173
681.173
681.173
681.173
681.173
681.173
681.173
681.173
681.173
681.173
681.173
681.173
681.173
681.173
662.286
662.286
662.286
662.286
662.286
662.286
662.286
662.286
662.286
662.286
662.286
662.286
662.286
662.286
662.286
662.286
662.286
662.286
662.286
662.286
662.286
662.286
662.286
662.286
662.286
662.286
662.286
662.286
662.286
662.286
662.286
662.286
662.286
662.286
662.286
662.286
662.286
662.286
662.286
662.286
662.286
662.286
662.286
662.286
662.286
662.286
662.286
662.286
662.286
662.286
662.286
662.286
662.286
662.286
662.286
662.286
662.286
662.286
662.286
662.286
662.286
662.286
662.286
662.286
662.286
662.286
662.286
662.286
662.286
662.286
662.286
662.286
662.286
662.286
662.286
662.286
662.286
662.286
662.286
662.286
662.286
662.286
662.286
662.286
662.286
662.286
662.286
662.286
662.286
662.286
662.286
662.286
662.286
662.286
662.286
662.286
662.286
662.286
662.286
662.286
662.286
662.286
662.286
662.286
662.286
662.286
662.286
662.286
662.286
662.286
662.286
662.286
662.286
662.286
662.286
662.286
662.286
662.286
662.286
662.286
662.286
662.286
662.286
662.286
662.286
662.286
662.286
662.286
662.286
662.286
662.286
662.286
662.286
662.286
662.286
662.286
662.286
662.286
662.286
662.286
662.286
662.286
662.286
662.286
662.286
662.286
662.286
662.286
662.286
662.286
662.286
662.286
662.286
662.286
662.286
662.286
662.286
662.286
662.286
662.286
662.286
662.286
662.286
662.286
662.286
662.286
662.286
662.286
662.286
662.286
662.286
662.286
662.286
662.286
662.286
662.286
662.286
662.286
662.286
662.286
662.286
662.286
662.286
662.286
662.286
662.286
662.286
662.286
662.286
662.286
662.286
662.286
662.286
662.286
662.286
662.286
662.286
662.286
662.286
662.286
662.286
662.286
662.286
662.286
662.286
662.286
662.286
662.286
662.286
662.286
662.286
662.286
662.286
662.286
662.286
662.286
662.286
662.286
662.286
662.286
662.286
662.286
662.286
662.286
662.286
662.286
662.286
662.286
662.286
662.286
662.286
662.286
662.286
662.286
662.286
662.286
662.286
662.286
662.286
662.286
662.286
662.286
662.286
662.286
662.286
662.286
662.286
662.286
662.286
662.286
662.286
662.286
662.286
662.286
662.286
662.286
662.286
662.286
662.286
662.286
662.286
662.286
662.286
662.286
662.286
662.286
662.286
662.286
662.286
662.286
662.286
662.286
662.286
662.286
662.286
662.286
662.286
662.286
662.286
662.286
662.286
661.891
661.891
661.891
661.891
661.891
661.891
661.891
661.891
661.891
661.891
661.891
661.891
641.997
641.997
641.997
641.997
641.997
641.997
641.997
641.997
641.997
641.997
641.997
641.997
641.997
641.997
641.997
641.997
641.997
641.997
641.997
641.997
641.997
641.997
641.997
641.997
641.997
641.997
641.997
641.997
641.997
641.997
641.997
641.997
641.997
641.997
641.997
641.997
641.997
641.997
641.997
641.997
641.997
641.997
641.997
641.997
641.997
641.997
641.997
641.997
641.997
641.997
641.997
641.997
641.997
641.997
641.997
641.997
641.997
641.997
641.997
641.997
641.997
641.997
641.997
641.997
641.997
641.997
641.997
641.997
641.997
641.997
641.997
641.997
641.997
641.997
641.997
641.997
641.997
641.997
641.997
641.997
641.997
641.997
641.997
641.997
641.997
641.997
641.997
641.997
641.997
641.997
641.997
641.997
641.997
641.997
641.997
641.997
641.997
641.997
641.997
641.997
641.997
641.997
641.997
641.997
641.997
641.997
641.997
641.997
641.997
641.997
641.997
641.997
641.997
641.997
641.997
641.997
641.997
641.997
641.997
641.997
641.997
641.997
641.997
641.997
641.997
641.997
641.997
641.997
641.997
641.997
641.997
641.997
641.997
641.997
641.997
641.997
641.997
641.997
641.997
641.997
641.997
641.997
641.997
641.997
641.997
641.997
641.997
641.997
641.997
641.997
641.997
641.997
641.997
641.997
641.997
641.997
641.997
641.997
641.997
641.997
641.997
641.997
641.997
641.997
641.997
641.997
641.997
641.997
641.997
641.997
641.997
641.997
641.997
641.997
641.997
641.997
641.997
641.997
641.997
641.997
641.997
641.997
641.997
641.997
641.997
641.997
641.997
641.997
641.997
641.997
641.997
641.997
641.997
641.997
641.997
641.997
641.997
641.997
641.997
641.997
641.997
641.997
641.997
641.997
641.997
641.997
641.997
641.997
641.997
641.997
641.997
641.997
641.997
641.997
641.997
641.997
641.997
641.997
641.997
641.997
621.869
621.869
621.869
621.869
621.869
621.869
621.869
621.869
621.869
621.869
621.869
621.869
621.869
621.869
621.869
621.869
621.869
621.869
621.869
621.869
621.869
621.869
621.869
621.869
621.869
621.869
621.869
621.869
621.869
621.869
621.869
621.869
621.869
621.869
621.869
621.869
621.869
621.869
621.869
621.869
621.869
621.869
621.869
621.869
621.869
621.869
621.869
621.869
621.869
621.869
621.869
621.869
621.869
621.869
621.869
621.869
621.869
621.869
621.869
621.869
621.869
621.869
621.869
621.869
621.869
621.869
621.869
621.869
621.869
621.869
621.869
621.869
621.869
621.869
621.869
621.869
621.869
621.869
621.869
621.869
598.211
598.211
598.211
598.211
598.211
598.211
598.211
598.211
598.211
598.211
598.211
598.211
598.211
598.211
598.211
598.211
598.211
598.211
598.211
598.211
598.211
598.211
598.211
598.211
598.211
598.211
598.211
598.211
598.211
598.211
598.211
598.211
598.211
598.211
598.211
598.211
598.211
598.211
598.211
598.211
598.211
598.211
598.211
598.211
598.211
598.211
598.211
598.211
598.211
598.211
598.211
598.211
598.211
598.211
598.211
598.211
598.211
598.211
598.211
598.211
598.211
598.211
598.211
598.211
598.211
598.211
598.211
598.211
598.211
598.211
598.211
598.211
598.211
598.211
598.211
598.211
598.211
598.211
598.211
598.211
598.211
598.211
598.211
598.211
598.211
598.211
598.211
598.211
598.211
598.211
598.211
598.211
598.211
598.211
598.211
598.211
598.211
598.211
598.211
598.211
598.211
598.211
598.211
598.211
598.211
598.211
598.211
598.211
598.211
598.211
598.211
598.211
598.211
598.211
598.211
598.211
598.211
598.211
598.211
598.211
598.211
598.211
598.211
598.211
598.211
598.211
598.211
598.211
598.211
598.211
598.211
598.211
598.211
598.211
598.211
598.211
598.211
598.211
598.211
598.211
598.211
598.211
598.211
598.211
598.211
598.211
598.211
598.211
598.211
598.211
598.211
598.211
598.211
598.211
598.211
598.211
598.211
598.211
598.211
598.211
598.211
598.211
598.211
598.211
598.211
598.211
598.211
598.211
598.211
598.211
598.211
598.211
598.211
598.211
598.211
598.211
598.211
598.211
598.211
598.211
598.211
598.211
598.211
598.211
598.211
598.211
598.211
598.211
598.211
598.211
598.211
598.211
598.211
598.211
598.211
598.211
598.211
598.211
598.211
598.211
598.211
598.211
598.211
598.211
598.211
598.211
598.211
598.211
598.211
598.211
598.211
598.211
598.211
598.211
598.211
598.211
598.211
598.211
598.211
598.211
598.211
598.211
598.211
598.211
598.211
598.211
598.211
598.211
598.211
598.211
598.211
598.211
598.211
598.211
598.211
598.211
598.211
598.211
598.211
598.211
598.211
598.211
598.211
598.211
598.211
598.211
598.211
598.211
598.211
598.211
598.211
598.211
598.211
598.211
598.211
598.211
598.211
598.211
598.211
598.211
598.211
598.211
598.211
598.211
598.211
598.211
598.211
598.211
598.211
598.211
598.211
598.211
598.211
598.211
598.211
577.263
577.263
577.263
577.263
577.263
577.263
577.263
577.263
577.263
577.263
577.263
577.263
577.263
550.276
550.276
550.276
550.276
544.086
544.086
544.086
544.086
544.086
544.086
544.086
544.086
544.086
544.086
544.086
544.086
544.086
544.086
544.086
544.086
544.086
544.086
544.086
544.086
544.086
539.161
539.161
539.161
539.161
539.161
539.161
539.161
539.161
539.161
539.161
539.161
539.161
539.161
539.161
539.161
539.161
539.161
539.161
539.161
539.161
539.161
539.161
539.161
539.161
539.161
539.161
539.161
526.897
526.897
526.897
520.247
520.247
520.247
498.976
498.976
498.976
498.976
498.976
498.976
498.976
497.632
497.632
497.632
497.632
497.632
496.483
492.385
492.385
492.385
492.385
489.803
489.803
489.803
489.803
489.803
489.803
489.803
489.803
488.213
488.213
488.213
488.213
488.213
488.213
488.213
486.017
486.017
486.017
478.422
478.422
478.422
465.161
465.161
465.161
465.161
465.161
465.161
465.161
454.088
454.088
454.088
454.088
454.088
454.088
454.088
454.088
454.088
454.088
454.088
454.088
454.088
454.088
454.088
454.088
428.748
428.748
428.748
428.748
428.748
428.748
428.748
428.748
428.748
428.748
428.748
428.748
428.748
428.748
426.867
426.867
425.075
425.075
425.075
421.538
420.261
420.261
419.873
419.873
413.275
413.275
413.275
413.275
413.275
412.551
405.588
402.938
402.938
402.938
401.615
401.267
387.728
387.728
387.728
387.728
387.728
387.728
387.728
387.728
387.728
387.728
387.728
387.728
387.728
387.728
387.728
387.728
387.728
387.728
387.728
387.728
387.011
384.913
384.913
384.439
381.655
380.229
380.229
379.823
378.565
378.565
376.644
375.402
375.402
374.989
373.916
373.916
373.916
373.69
372.853
372.853
371.585
371.232
371.142
370.564
370.41
369.835
369.835
369.835
369.835
369.835
369.835
369.799
369.671
369.671
369.671
369.556
369.515
369.205
369.205
369.115
369.115
369.115
369.099
369.045
368.971
368.971
368.971
368.957
368.917
368.894
368.885
368.827
368.827
368.827
368.821
368.821
368.77
368.77
368.77
368.77
368.77
368.768
368.764
368.753
368.751
368.751
368.74
368.74
368.738
368.738
368.733
368.726
368.726
368.726
368.726
368.72
368.72
368.72
368.72
368.72
368.72
368.72
368.72
368.716
368.716
368.715
368.714
368.712
368.712
368.712
368.711
368.711
368.711
368.711
368.711
368.71
368.709
368.709
368.708
368.708
368.708
368.708
368.708
368.708
368.707
368.707
368.707
368.707
368.707
368.707
368.707
368.707
368.707
368.707
368.707
368.707
368.707
368.707
368.707
368.707
368.707
368.707
368.707
368.707
368.707
368.707
368.707
368.707
368.707
368.707
368.707
368.707
368.707
368.707
368.707
368.707
368.707
368.707
368.707
368.707
368.707
368.707
368.707
368.707
368.707
368.707
368.707
368.707
368.707
368.707
368.707
368.707
368.707
368.707
368.707
368.707
368.707
368.707
368.707
368.707
368.707
368.707
368.707
368.707
368.707
368.707
368.707
368.707
368.707
368.707
368.707
368.707
368.707
368.707
368.707
368.707
368.707
368.707
368.707
368.707
368.707
368.707
368.707
368.707
368.707
368.707
368.707
368.707
368.707
368.707
368.707
368.707
368.707
368.707
368.707
368.707
368.707
368.707
368.707
368.707
368.707
368.707
368.707
368.707
368.707
368.707
368.707
368.707
368.707
368.707
368.707
368.707
368.707
368.707
368.707
368.707
368.707
368.707
368.707
368.707
368.707
368.707
368.707
368.707
368.707
368.707
368.707
368.707
368.707
368.707
368.707
368.707
368.707
368.707
368.707
368.707
368.707
368.707
368.707
368.707
368.707
368.707
368.707
368.707
368.707
368.707
368.707
368.707
368.707
368.707
368.707
368.707
368.707
368.707
368.707
368.707
368.707
368.707
368.707
368.707
368.707
368.707
368.707
368.707
368.707
368.707
368.707
368.707
368.707
368.707
368.707
368.707
368.707
368.707
368.707
368.707
368.707
368.707
368.707
368.707
368.707
368.707
368.707
368.707
368.707
368.707
368.707
368.707
368.707
368.707
368.707
368.707
368.707
368.707
368.707
368.707
368.707
368.707
368.707
368.707
368.707
368.707
368.707
368.707
368.707
368.707
368.707
368.707
368.707
368.707
368.707
368.707
368.707
368.707
368.707
368.707
368.707
368.707
368.707
368.707
368.707
368.707
368.707
368.707
368.707
368.707
368.707
368.707
368.707
368.707
368.707
368.707
368.707
368.707
368.707
368.707
368.707
368.707
368.707
368.707
368.707
368.707
368.707
368.707
368.707
368.707
368.707
368.707
368.707
368.707
368.707
368.707
368.707
368.707
368.707
368.707
368.707
368.707
368.707
368.707
368.707
368.707
368.707
368.707
368.707
368.707
368.707
368.707
368.707
368.707
368.707
368.707
368.707
368.707
368.707
368.707
368.707
368.707
368.707
368.707
368.707
368.707
368.707
368.707
368.707
368.707
368.707
368.707
368.707
368.707
368.707
368.707
368.707
368.707
368.707
368.707
368.707
368.707
368.707
368.707
368.707
368.707
368.707
368.707
368.707
368.707
368.707
368.707
368.707
368.707
368.707
368.707
368.707
368.707
368.707
368.707
368.707
368.707
368.707
368.707
368.707
368.707
368.707
368.707
368.707
368.707
368.707
368.707
368.707
368.707
368.707
368.707
368.707
368.707
368.707
368.707
368.707
368.707
368.707
368.707
368.707
368.707
368.707
368.707
368.707
368.707
368.707
368.707
368.707
368.707
368.707
368.707
368.707
368.707
368.707
368.707
368.707
368.707
368.707
368.707
368.707
368.707
368.707
368.707
368.707
368.707
368.707
368.707
368.707
368.707
368.707
368.707
368.707
368.707
368.707
368.707
368.707
368.707
368.707
368.707
368.707
368.707
368.707
368.707
368.707
368.707
368.707
368.707
368.707
368.707
368.707
368.707
368.707
368.707
368.707
368.707
368.707
368.707
368.707
368.707
368.707
368.707
368.707
368.707
368.707
368.707
368.707
368.707
368.707
368.707
368.707
368.707
368.707
368.707
368.707
368.707
368.707
368.707
368.707
368.707
368.707
368.707
368.707
368.707
368.707
368.707
368.707
368.707
368.707
368.707
368.707
368.707
368.707
368.707
368.707
368.707
368.707
368.707
368.707
368.707
368.707
368.707
368.707
368.707
368.707
368.707
368.707
368.707
368.707
368.707
368.707
368.707
368.707
368.707
368.707
368.707
368.707
368.707
368.707
368.707
368.707
368.707
368.707
368.707
368.707
368.707
368.707
368.707
368.707
368.707
368.707
368.707
368.707
368.707
368.707
368.707
368.707
368.707
368.707
368.707
368.707
368.707
368.707
368.707
368.707
368.707
368.707
368.707
368.707
368.707
368.707
368.707
368.707
368.707
368.707
368.707
368.707
368.707
368.707
368.707
368.707
368.707
368.707
368.707
368.707
368.707
368.707
368.707
368.707
368.707
368.707
368.707
368.707
368.707
368.707
368.707
368.707
368.707
368.707
368.707
368.707
368.707
368.707
368.707
368.707
368.707
368.707
368.707
368.707
368.707
368.707
368.707
368.707
368.707
368.707
368.707
368.707
368.707
368.707
368.707
368.707
368.707
368.707
368.707
368.707
368.707
368.707
368.707
368.707
368.707
368.707
368.707
368.707
368.707
368.707
368.707
368.707
368.707
368.707
368.707
368.707
368.707
368.707
368.707
368.707
368.707
368.707
368.707
368.707
368.707
368.707
368.707
368.707
368.707
368.707
368.707
368.707
368.707
368.707
368.707
368.707
368.707
368.707
368.707
368.707
368.707
368.707
368.707
368.707
368.707
368.707
368.707
368.707
368.707
368.707
368.707
368.707
368.707
368.707
368.707
368.707
368.707
368.707
368.707
368.707
368.707
368.707
368.707
368.707
368.707
368.707
368.707
368.707
368.707
368.707
368.707
368.707
368.707
368.707
368.707
368.707
368.707
368.707
368.707
368.707
368.707
368.707
368.707
368.707
368.707
368.707
368.707
368.707
368.707
368.707
368.707
368.707
368.707
368.707
368.707
368.707
368.707
368.707
