5.60492e+10
1.82768e+10
6.66657e+09
6.28357e+08
2.96786e+08
1.64188e+07
7.75082e+06
7.75082e+06
7.75082e+06
7.75082e+06
7.75082e+06
7.75082e+06
7.75082e+06
7.75082e+06
7.75082e+06
7.75082e+06
7.75082e+06
7.75082e+06
7.75082e+06
7.75082e+06
7.75082e+06
7.75082e+06
7.75082e+06
7.75082e+06
7.75082e+06
7.75082e+06
6.61856e+06
4.3739e+06
3.85052e+06
3.85052e+06
2.11864e+06
702012
702012
554736
357458
357458
357458
181758
181758
181758
141382
141382
141382
141382
141382
80512.3
80512.3
34563
24095.3
24095.3
24095.3
24095.3
6026.93
6026.93
5529.31
4744.87
4744.87
4744.87
3480.95
3480.95
3480.95
1694.34
1694.34
1694.34
1694.34
1694.34
1694.34
1694.34
1269.33
1269.01
1269.01
1269.01
1269.01
1269.01
1269.01
1269.01
1250.65
1079.47
965.637
965.637
965.637
901.796
901.796
901.796
901.796
862.013
862.013
854.504
843.612
843.612
843.612
839.782
829.211
818.345
730.595
730.595
730.595
730.595
730.595
730.595
730.595
730.595
730.595
730.595
730.595
730.595
730.595
730.595
730.595
730.595
730.595
730.595
730.595
730.595
730.595
730.595
730.595
730.595
730.595
730.595
730.595
730.595
730.595
730.595
730.595
730.595
730.595
730.595
730.595
730.595
730.595
730.595
730.595
730.595
730.595
730.595
730.595
730.595
730.595
730.595
730.595
730.595
730.595
730.595
727.622
727.622
727.622
727.622
727.622
727.622
727.622
727.622
727.622
727.622
727.622
727.622
727.622
727.622
727.622
727.622
727.622
727.622
727.622
727.622
727.622
727.622
727.622
727.622
727.622
727.622
727.622
727.622
727.622
727.622
727.622
727.622
727.622
727.622
727.622
727.622
727.622
727.622
727.622
727.622
727.622
727.622
727.622
727.622
727.622
727.622
727.622
727.622
727.622
727.622
727.622
727.622
727.622
727.622
727.622
727.622
727.622
727.622
727.622
727.622
727.622
727.622
727.622
727.622
727.622
727.622
727.622
727.622
727.622
727.622
727.622
727.622
727.622
727.622
727.622
727.622
727.622
727.622
727.622
727.622
727.622
727.622
727.622
727.622
727.622
727.622
727.622
727.622
727.622
727.622
727.622
727.622
727.622
727.622
727.622
727.622
727.622
727.622
727.622
727.622
727.622
727.622
727.622
727.622
727.622
727.622
727.622
727.622
727.622
727.622
727.622
727.622
727.622
727.622
727.622
727.622
727.622
727.622
727.622
727.622
727.622
727.622
727.622
727.622
727.622
727.622
727.622
727.622
727.622
727.622
727.622
727.622
727.622
727.622
727.622
727.622
727.622
727.622
727.622
727.622
727.622
727.622
727.622
727.622
727.622
727.622
727.622
727.622
727.622
727.622
727.622
727.622
727.622
727.622
727.622
727.622
727.622
727.622
727.622
727.622
727.622
727.622
727.622
727.622
727.622
727.622
727.622
727.622
727.622
727.622
727.622
727.622
727.622
727.622
727.622
727.622
727.622
727.622
727.622
727.622
727.622
727.622
727.622
727.622
727.622
727.622
727.622
727.622
727.622
727.622
727.622
727.622
727.622
727.622
727.622
727.622
727.622
727.622
727.622
727.622
727.622
727.622
727.622
727.622
727.622
727.622
727.622
727.622
727.622
727.622
727.622
727.622
727.622
727.622
727.622
727.622
727.622
727.622
727.622
727.622
727.622
727.622
727.622
727.622
727.622
727.622
727.622
727.622
727.622
727.622
727.622
727.622
727.622
727.622
727.622
727.622
727.622
727.622
727.622
727.622
727.622
727.622
727.622
727.622
727.622
727.622
727.622
727.622
727.622
727.622
727.622
727.622
727.622
727.622
727.622
727.622
727.622
727.622
727.622
727.622
727.622
727.622
727.622
727.622
727.622
727.622
727.622
727.622
727.622
727.622
727.622
727.622
727.622
727.622
727.622
727.622
727.622
727.622
727.622
727.622
725.931
725.931
725.931
725.931
725.931
725.931
725.931
725.931
725.931
725.931
725.931
725.931
725.931
725.931
725.931
725.931
725.931
725.931
725.931
725.931
725.931
720.496
720.496
720.496
720.496
720.496
720.496
720.496
720.496
720.496
720.496
720.496
720.496
720.496
720.496
720.496
720.496
720.496
719.686
719.686
706.294
706.294
706.294
706.294
706.294
706.294
706.294
706.294
706.294
706.294
706.294
706.294
706.294
706.294
706.294
706.294
706.294
706.294
706.294
706.294
706.294
706.294
706.294
706.294
706.294
706.294
706.294
706.294
706.294
706.294
706.294
706.294
706.294
706.294
706.294
706.294
706.294
706.294
706.294
706.294
706.294
706.294
706.294
706.294
706.294
706.294
706.294
706.294
706.294
706.294
706.294
706.294
706.294
706.294
706.294
706.294
706.294
706.294
706.294
706.294
706.294
706.294
706.294
706.294
706.294
706.294
706.294
706.294
706.294
706.294
706.294
706.294
706.294
706.294
706.294
706.294
706.294
706.294
706.294
706.294
706.294
706.294
706.294
706.294
706.294
706.294
706.294
706.294
706.294
706.294
706.294
706.294
706.294
706.294
706.294
706.294
706.294
706.294
706.294
706.294
706.294
706.294
706.294
706.294
706.294
706.294
706.294
706.294
706.294
706.294
706.294
706.294
706.294
706.294
706.294
706.294
706.294
706.294
706.294
706.294
706.294
706.294
706.294
706.294
706.294
706.294
706.294
706.294
706.294
706.294
706.294
706.294
706.294
706.294
706.294
706.294
706.294
706.294
706.294
706.294
706.294
706.294
706.294
706.294
706.294
706.294
706.294
706.294
706.294
706.294
706.294
706.294
706.294
706.294
706.294
706.294
706.294
706.294
706.294
706.294
706.294
706.294
706.294
706.294
706.294
706.294
706.294
706.294
706.294
706.294
706.294
706.294
706.294
706.294
706.294
706.294
706.294
706.294
706.294
706.294
706.294
706.294
706.294
706.294
706.294
706.294
706.294
706.294
706.294
706.294
706.294
706.294
706.294
706.294
706.294
706.294
706.294
706.294
706.294
706.294
706.294
706.294
706.294
706.294
706.294
706.294
706.294
706.294
706.294
706.294
706.294
706.294
706.294
706.294
706.294
706.294
706.294
706.294
706.294
706.294
706.294
706.294
706.294
706.294
706.294
706.294
706.294
706.294
706.294
706.294
706.294
706.294
706.294
706.294
706.294
706.294
706.294
706.294
706.294
706.294
706.294
706.294
706.294
706.294
706.294
706.294
706.294
706.294
706.294
706.294
706.294
706.294
706.294
706.294
706.294
706.294
706.294
706.294
706.294
706.294
706.294
706.294
706.294
706.294
706.294
706.294
706.294
706.294
706.294
706.294
706.294
706.294
706.294
706.294
706.294
706.294
706.294
706.294
706.294
706.294
706.294
706.294
706.294
706.294
706.294
706.294
706.294
706.294
706.294
706.294
706.294
706.294
706.294
706.294
706.294
706.294
706.294
706.294
706.294
706.294
706.294
706.294
706.294
706.294
706.294
706.294
706.294
706.294
706.294
706.294
706.294
706.294
706.294
706.294
706.294
706.294
706.294
706.294
706.294
706.294
706.294
706.294
706.294
706.294
706.294
706.294
706.294
706.294
706.294
706.294
706.294
706.294
706.294
706.294
706.294
706.294
706.294
706.294
706.294
706.294
706.294
706.294
706.294
706.294
706.294
706.294
706.294
706.294
706.294
706.294
706.294
706.294
706.294
706.294
706.294
706.294
706.294
706.294
706.294
706.294
706.294
706.294
706.294
706.294
706.294
706.294
706.294
706.294
706.294
706.294
706.294
706.294
706.294
706.294
706.294
706.294
706.294
706.294
706.294
706.294
706.294
706.294
706.294
706.294
706.294
706.294
706.294
706.294
706.294
706.294
706.294
706.294
706.294
706.294
706.294
706.294
706.294
706.294
706.294
706.294
706.294
706.294
706.294
706.294
706.294
706.294
706.294
706.294
706.294
706.294
706.294
706.294
706.294
706.294
706.294
706.294
706.294
706.294
706.294
706.294
706.294
706.294
706.294
706.294
706.294
706.294
706.294
706.294
706.294
706.294
706.294
706.294
706.294
706.294
706.294
706.294
706.294
706.294
706.294
706.294
706.294
706.294
706.294
706.294
706.294
706.294
706.294
706.294
706.294
706.294
706.294
706.294
706.294
706.294
706.294
706.294
706.294
706.294
706.294
706.294
706.294
706.294
706.294
706.294
706.294
706.294
706.294
706.294
706.294
706.294
706.294
706.294
706.294
706.294
706.294
706.294
706.294
706.294
706.294
706.294
706.294
706.294
706.294
706.294
706.294
706.294
706.294
706.294
706.294
706.294
706.294
706.294
706.294
706.294
706.294
706.294
706.294
706.294
706.294
706.294
706.294
706.294
706.294
706.294
706.294
706.294
706.294
706.294
706.294
706.294
706.294
706.294
706.294
706.294
706.294
706.294
706.294
706.294
706.294
706.294
706.294
706.294
706.294
706.294
706.294
706.294
706.294
706.294
706.294
706.294
706.294
706.294
706.294
706.294
706.294
706.294
706.294
706.294
706.294
706.294
706.294
706.294
706.294
706.294
706.294
706.294
706.294
706.294
706.294
706.294
706.294
706.294
706.294
706.294
706.294
706.294
706.294
706.294
706.294
706.294
706.294
706.294
706.294
706.294
706.294
706.294
706.294
706.294
706.294
706.294
706.294
706.294
706.294
706.294
706.294
706.294
706.294
706.294
706.294
706.294
706.294
706.294
706.294
706.294
706.294
706.294
706.294
706.294
706.294
706.294
706.294
706.294
706.294
706.294
706.294
706.294
706.294
706.294
706.294
706.294
706.294
706.294
706.294
706.294
706.294
706.294
706.294
706.294
706.294
706.294
706.294
706.294
706.294
706.294
706.294
706.294
706.294
706.294
706.294
706.294
706.294
706.294
706.294
706.294
706.294
706.294
706.294
706.294
706.294
706.294
706.294
706.294
706.294
706.294
706.294
706.294
706.294
706.294
706.294
706.294
706.294
706.294
706.294
706.294
706.294
706.294
706.294
706.294
706.294
706.294
706.294
706.294
706.294
706.294
706.294
706.294
706.294
706.294
706.294
706.294
706.294
706.294
706.294
706.294
706.294
706.294
706.294
706.294
706.294
706.294
706.294
706.294
706.294
706.294
706.294
706.294
706.294
706.294
706.294
706.294
706.294
706.294
706.294
706.294
706.294
706.294
706.294
706.294
706.294
706.294
706.294
706.294
706.294
706.294
706.294
706.294
706.294
706.294
706.294
706.294
706.294
706.294
706.294
706.294
706.294
678.315
678.315
678.315
678.315
678.315
678.315
678.315
678.315
678.315
678.315
678.315
678.315
678.315
678.315
678.315
678.315
678.315
678.315
678.315
678.315
678.315
678.315
678.315
678.315
678.315
678.315
678.315
678.315
678.315
678.315
678.315
678.315
678.315
678.315
678.315
678.315
678.315
678.315
678.315
678.315
678.315
678.315
678.315
678.315
678.315
678.315
678.315
678.315
678.315
678.315
678.315
678.315
678.315
678.315
678.315
678.315
678.315
678.315
678.315
678.315
678.315
678.315
678.315
678.315
678.315
678.315
678.315
678.315
678.315
678.315
678.315
678.315
678.315
678.315
678.315
678.315
678.315
678.315
678.315
678.315
678.315
678.315
678.315
678.315
678.315
678.315
678.315
678.315
678.315
678.315
678.315
678.315
678.315
678.315
678.315
678.315
678.315
678.315
678.315
678.315
678.315
678.315
678.315
678.315
678.315
678.315
678.315
678.315
678.315
678.315
678.315
678.315
678.315
678.315
678.315
678.315
678.315
678.315
678.315
678.315
678.315
678.315
678.315
678.315
678.315
678.315
678.315
678.315
678.315
678.315
678.315
678.315
678.315
678.315
678.315
678.315
678.315
678.315
678.315
678.315
678.315
678.315
678.315
678.315
678.315
678.315
678.315
678.315
678.315
678.315
678.315
678.315
678.315
678.315
678.315
678.315
678.315
678.315
678.315
678.315
678.315
678.315
678.315
678.315
678.315
678.315
678.315
678.315
678.315
678.315
678.315
678.315
678.315
678.315
678.315
678.315
678.315
678.315
678.315
678.315
678.315
678.315
678.315
678.315
678.315
678.315
678.315
678.315
678.315
678.315
678.315
678.315
678.315
678.315
678.315
678.315
678.315
678.315
678.315
678.315
678.315
678.315
678.315
678.315
678.315
678.315
678.315
678.315
678.315
678.315
678.315
678.315
678.315
678.315
678.315
678.315
678.315
678.315
678.315
678.315
678.315
678.315
678.315
678.315
678.315
678.315
678.315
678.315
678.315
678.315
678.315
678.315
678.315
678.315
678.315
678.315
678.315
678.315
678.315
678.315
678.315
678.315
678.315
678.315
678.315
678.315
678.315
678.315
678.315
678.315
678.315
678.315
678.315
678.315
678.315
678.315
678.315
678.315
678.315
678.315
678.315
678.315
678.315
678.315
678.315
678.315
678.315
678.315
678.315
678.315
678.315
678.315
678.315
678.315
678.315
678.315
678.315
678.315
678.315
678.315
678.315
678.315
678.315
678.315
678.315
678.315
678.315
678.315
678.315
678.315
678.315
678.315
678.315
678.315
678.315
678.315
678.315
678.315
678.315
678.315
678.315
678.315
678.315
678.315
678.315
678.315
678.315
678.315
678.315
678.315
678.315
678.315
678.315
678.315
678.315
678.315
678.315
678.315
678.315
678.315
678.315
678.315
678.315
678.315
678.315
678.315
678.315
678.315
678.315
678.315
678.315
678.315
678.315
678.315
678.315
678.315
678.315
678.315
678.315
678.315
678.315
678.315
678.315
678.315
678.315
678.315
678.315
678.315
678.315
678.315
678.315
678.315
678.315
678.315
678.315
678.315
678.315
678.315
678.315
678.315
678.315
678.315
678.315
678.315
678.315
678.315
678.315
678.315
678.315
678.315
678.315
678.315
678.315
678.315
678.315
678.315
678.315
678.315
678.315
678.315
678.315
678.315
678.315
678.315
678.315
678.315
678.315
678.315
678.315
678.315
678.315
678.315
678.315
678.315
678.315
678.315
678.315
678.315
678.315
678.315
678.315
678.315
678.315
678.315
678.315
678.315
678.315
678.315
678.315
678.315
678.315
678.315
678.315
678.315
678.315
678.315
678.315
678.315
678.315
678.315
678.315
678.315
678.315
678.315
678.315
678.315
678.315
678.315
678.315
678.315
678.315
678.315
678.315
678.315
678.315
678.315
678.315
678.315
678.315
678.315
678.315
678.315
678.315
678.315
678.315
678.315
678.315
678.315
678.315
678.315
678.315
678.315
678.315
678.315
678.315
678.315
678.315
678.315
678.315
678.315
678.315
678.315
678.315
678.315
678.315
678.315
678.315
678.315
678.315
678.315
678.315
678.315
678.315
678.315
678.315
678.315
678.315
678.315
678.315
678.315
678.315
678.315
678.315
678.315
678.315
678.315
678.315
678.315
678.315
678.315
678.315
678.315
678.315
678.315
678.315
678.315
678.315
678.315
678.315
678.315
678.315
678.315
678.315
678.315
678.315
678.315
678.315
678.315
678.315
678.315
678.315
678.315
678.315
678.315
678.315
678.315
678.315
678.315
678.315
678.315
678.315
678.315
678.315
678.315
678.315
678.315
678.315
678.315
678.315
678.315
678.315
678.315
678.315
678.315
678.315
678.315
678.315
678.315
678.315
678.315
678.315
678.315
678.315
678.315
678.315
678.315
678.315
678.315
678.315
678.315
678.315
678.315
678.315
678.315
678.315
678.315
678.315
678.315
678.315
678.315
678.315
678.315
678.315
678.315
678.315
678.315
678.315
678.315
678.315
678.315
678.315
678.315
678.315
678.315
678.315
678.315
678.315
678.315
678.315
678.315
678.315
678.315
678.315
678.315
678.315
678.315
678.315
678.315
678.315
678.315
678.315
678.315
678.315
678.315
678.315
678.315
678.315
678.315
678.315
678.315
678.315
678.315
678.315
678.315
678.315
678.315
678.315
678.315
678.315
678.315
678.315
678.315
678.315
678.315
678.315
678.315
678.315
678.315
678.315
678.315
678.315
678.315
678.315
678.315
678.315
678.315
678.315
678.315
678.315
678.315
678.315
678.315
678.315
678.315
678.315
678.315
678.315
678.315
678.315
678.315
678.315
678.315
678.315
678.315
678.315
678.315
678.315
678.315
678.315
678.315
678.315
678.315
678.315
678.315
678.315
678.315
678.315
678.315
678.315
678.315
678.315
678.315
678.315
678.315
678.315
678.315
678.315
678.315
678.315
678.315
678.315
678.315
678.315
678.315
678.315
678.315
678.315
678.315
678.315
678.315
678.315
678.315
678.315
678.315
678.315
678.315
678.315
678.315
678.315
678.315
678.315
678.315
678.315
678.315
678.315
678.315
678.315
678.315
678.315
678.315
678.315
678.315
678.315
678.315
678.315
678.315
678.315
678.315
678.315
678.315
678.315
678.315
678.315
678.315
678.315
678.315
678.315
678.315
678.315
678.315
678.315
678.315
678.315
678.315
678.315
678.315
678.315
678.315
678.315
678.315
678.315
678.315
678.315
678.315
678.315
678.315
678.315
678.315
678.315
678.315
678.315
678.315
678.315
678.315
678.315
678.315
678.315
678.315
678.315
678.315
678.315
678.315
678.315
678.315
678.315
678.315
678.315
678.315
678.315
678.315
678.315
678.315
678.315
678.315
678.315
678.315
678.315
678.315
678.315
678.315
678.315
678.315
678.315
678.315
678.315
678.315
678.315
678.315
678.315
678.315
678.315
678.315
678.315
678.315
678.315
678.315
678.315
678.315
678.315
678.315
678.315
678.315
678.315
678.315
678.315
678.315
678.315
678.315
678.315
678.315
678.315
678.315
678.315
678.315
678.315
678.315
678.315
678.315
678.315
678.315
678.315
678.315
678.315
678.315
678.315
678.315
678.315
678.315
678.315
678.315
678.315
678.315
678.315
678.315
678.315
678.315
678.315
678.315
678.315
678.315
678.315
678.315
678.315
678.315
678.315
678.315
678.315
678.315
678.315
678.315
678.315
678.315
678.315
678.315
678.315
678.315
678.315
678.315
678.315
678.315
678.315
678.315
678.315
678.315
678.315
678.315
678.315
678.315
678.315
678.315
678.315
678.315
678.315
678.315
678.315
678.315
678.315
678.315
678.315
678.315
678.315
678.315
678.315
678.315
678.315
678.315
678.315
678.315
678.315
678.315
678.315
678.315
678.315
678.315
678.315
678.315
678.315
678.315
678.315
678.315
678.315
678.315
678.315
678.315
678.315
678.315
678.315
678.315
678.315
678.315
678.315
678.315
678.315
678.315
678.315
678.315
678.315
678.315
678.315
678.315
678.315
678.315
678.315
678.315
678.315
678.315
678.315
678.315
678.315
678.315
678.315
678.315
678.315
678.315
678.315
678.315
678.315
678.315
678.315
678.315
678.315
678.315
678.315
678.315
678.315
678.315
678.315
678.315
678.315
678.315
678.315
678.315
678.315
678.315
678.315
678.315
678.315
678.315
678.315
678.315
678.315
678.315
678.315
678.315
678.315
678.315
678.315
678.315
678.315
678.315
678.315
678.315
678.315
678.315
678.315
678.315
678.315
678.315
678.315
678.315
678.315
678.315
678.315
678.315
678.315
678.315
678.315
678.315
678.315
678.315
678.315
678.315
678.315
678.315
678.315
678.315
678.315
678.315
678.315
678.315
678.315
678.315
678.315
678.315
678.315
678.315
678.315
678.315
678.315
678.315
678.315
678.315
678.315
678.315
678.315
678.315
678.315
678.315
678.315
678.315
678.315
678.315
678.315
678.315
678.315
678.315
678.315
678.315
678.315
678.315
678.315
678.315
678.315
678.315
678.315
678.315
678.315
678.315
678.315
678.315
678.315
678.315
678.315
678.315
678.315
678.315
678.315
678.315
672.267
672.267
672.267
672.267
672.267
672.267
672.267
672.267
672.267
672.267
672.267
672.267
672.267
672.267
672.267
672.267
672.267
672.267
672.267
672.267
672.267
672.267
672.267
672.267
672.267
672.267
672.267
672.267
672.267
672.267
672.267
672.267
672.267
672.267
672.267
672.267
672.267
672.267
672.267
672.267
672.267
672.267
672.267
672.267
672.267
672.267
672.267
672.267
672.267
672.267
672.267
672.267
672.267
672.267
672.267
672.267
646.767
646.767
646.767
646.767
646.767
646.767
646.767
646.767
627.961
627.961
627.961
627.961
627.961
627.961
627.961
627.961
627.961
627.961
627.961
627.961
627.961
627.961
627.961
627.961
627.961
627.961
627.961
627.961
627.961
627.961
627.961
627.961
627.961
627.961
627.961
627.961
627.961
627.961
627.961
627.961
627.961
627.961
627.961
627.961
627.961
627.961
627.961
627.961
627.961
627.961
627.961
627.961
627.961
627.961
627.961
627.961
627.961
627.961
627.961
627.961
627.961
627.961
627.961
627.961
627.961
627.961
627.961
627.961
627.961
627.961
627.961
627.961
627.961
627.961
627.961
627.961
627.961
627.961
627.961
627.961
627.961
627.961
627.961
627.961
627.961
627.961
627.961
627.961
627.961
627.961
627.961
627.961
627.961
627.961
627.961
627.961
627.961
627.961
627.961
627.961
627.961
627.961
627.961
627.961
627.961
627.961
627.961
627.961
627.961
627.961
627.961
627.961
627.961
627.961
627.961
627.961
627.961
627.961
627.961
627.961
627.961
627.961
627.961
627.961
627.961
627.961
627.961
627.961
627.961
627.961
627.961
627.961
627.961
627.961
627.961
627.961
627.961
627.961
627.961
627.961
627.961
627.961
627.961
627.961
627.961
627.961
627.961
627.961
627.961
627.961
627.961
627.961
627.961
627.961
627.961
627.961
627.961
627.961
627.961
627.961
627.961
627.961
627.961
627.961
627.961
627.961
627.961
627.961
627.961
627.961
627.961
627.961
627.961
627.961
627.961
627.961
627.961
627.961
627.961
627.961
627.961
627.961
627.961
627.961
627.961
627.961
627.961
627.961
627.961
627.961
627.961
627.961
627.961
627.961
627.961
627.961
627.961
627.961
627.961
627.961
627.961
627.961
627.961
627.961
627.961
627.961
627.961
627.961
627.961
627.961
627.961
627.961
627.961
627.961
627.961
627.961
627.961
627.961
627.961
627.961
627.961
627.961
627.961
627.961
627.961
627.961
627.961
627.961
627.961
627.961
627.961
627.961
627.961
627.961
627.961
627.961
627.961
627.961
627.961
627.961
627.961
627.961
627.961
627.961
627.961
627.961
627.961
627.961
627.961
627.961
627.961
627.961
627.961
627.961
627.961
627.961
627.961
627.961
627.961
627.961
627.961
627.961
627.961
627.961
627.961
627.961
627.961
627.961
627.961
627.961
627.961
627.961
627.961
627.961
627.961
627.961
627.961
627.961
627.961
627.961
627.961
627.961
627.961
627.961
627.961
627.961
627.961
627.961
627.961
627.961
627.961
627.961
627.961
627.961
627.961
627.961
627.961
627.961
627.961
627.961
627.961
627.961
627.961
627.961
627.961
627.961
627.961
627.961
627.961
627.961
627.961
627.961
627.961
627.961
627.961
627.961
627.961
627.961
627.961
627.961
627.961
627.961
627.961
627.961
627.961
627.961
627.961
627.961
627.961
627.961
627.961
627.961
627.961
627.961
627.961
627.961
627.961
627.961
627.961
627.961
627.961
627.961
627.961
627.961
627.961
627.961
627.961
627.961
627.961
627.961
627.961
627.961
627.961
627.961
627.961
627.961
627.961
627.961
627.961
627.961
627.961
627.961
627.961
627.961
627.961
627.961
627.961
627.961
627.961
627.961
623.311
623.311
623.311
623.311
623.311
623.311
623.311
623.311
623.311
623.311
623.311
623.311
623.311
623.311
623.311
623.311
623.311
623.311
623.311
623.311
623.311
623.311
623.311
623.311
623.311
623.311
623.311
623.311
623.311
623.311
623.311
623.311
623.311
623.311
623.311
623.311
623.311
623.311
623.311
623.311
623.311
623.311
623.311
623.311
623.311
623.311
623.311
623.311
623.311
623.311
623.311
623.311
623.311
623.311
623.311
623.311
623.311
587.104
587.104
587.104
582.404
582.404
582.404
582.404
582.404
582.404
582.404
562.274
562.274
562.274
562.274
562.274
562.274
562.274
562.274
562.274
562.274
562.274
562.274
562.274
559.898
554.05
528.927
528.927
528.927
528.927
528.927
528.927
528.927
528.927
528.927
528.927
528.927
528.927
528.927
528.927
528.927
528.927
528.927
528.927
528.927
528.927
528.927
528.927
528.927
528.927
528.927
528.927
528.927
528.927
528.927
528.927
528.927
528.927
507.57
507.57
507.57
507.57
507.57
507.57
507.57
507.57
507.57
507.57
507.57
507.57
493.504
493.504
493.504
493.504
493.504
493.504
493.504
493.504
493.504
493.504
481.393
481.393
481.393
477.508
477.508
473.968
473.968
473.968
473.968
470.09
470.09
449.269
438.661
438.661
433.785
433.785
433.785
433.785
433.785
433.785
433.785
433.785
433.785
433.785
433.785
432.581
421.076
416.769
416.769
416.769
412.062
410.853
406.366
403.975
400.502
400.502
400.502
400.502
399.432
399.432
399.432
392.248
389.321
389.321
389.321
384.98
384.98
384.98
384.98
382.754
379.802
379.802
379.018
377.27
377.27
376.476
374.61
374.61
373.597
373.354
373.354
373.096
371.52
371.52
371.52
370.732
370.732
370.504
370.504
370.085
370.085
369.863
369.822
369.77
369.287
369.287
369.287
369.287
369.287
369.287
369.287
369.287
369.287
369.287
369.287
369.287
369.287
369.173
369.17
369.079
369.069
369.009
368.99
368.925
368.925
368.878
368.868
368.831
368.831
368.825
368.788
368.785
368.777
368.777
368.777
368.777
368.777
368.777
368.773
368.77
368.767
368.757
368.753
368.748
368.74
368.734
368.73
368.727
368.718
368.718
368.715
368.714
368.714
368.712
368.712
368.712
368.712
368.712
368.712
368.712
368.71
368.709
368.708
368.708
368.708
368.707
368.707
368.707
368.707
368.707
368.707
368.707
368.707
368.707
368.707
368.707
368.707
368.706
368.706
368.706
368.706
368.706
368.706
368.706
368.706
368.706
368.706
368.706
368.706
368.706
368.706
368.706
368.706
368.706
368.706
368.706
368.706
368.706
368.706
368.706
368.706
368.706
368.706
368.706
368.706
368.706
368.706
368.706
368.706
368.706
368.706
368.706
368.706
368.706
368.706
368.706
368.706
368.706
368.706
368.706
368.706
368.706
368.706
368.706
368.706
368.706
368.706
368.706
368.706
368.706
368.706
368.706
368.706
368.706
368.706
368.706
368.706
368.706
368.706
368.706
368.706
368.706
368.706
368.706
368.706
368.706
368.706
368.706
368.706
368.706
368.706
368.706
368.706
368.706
368.706
368.706
368.706
368.706
368.706
368.706
368.706
368.706
368.706
368.706
368.706
368.706
368.706
368.706
368.706
368.706
368.706
368.706
368.706
368.706
368.706
368.706
368.706
368.706
368.706
368.706
368.706
368.706
368.706
368.706
368.706
368.706
368.706
368.706
368.706
368.706
368.706
368.706
368.706
368.706
368.706
368.706
368.706
368.706
368.706
368.706
368.706
368.706
368.706
368.706
368.706
368.706
368.706
368.706
368.706
368.706
368.706
368.706
368.706
368.706
368.706
368.706
368.706
368.706
368.706
368.706
368.706
368.706
368.706
368.706
368.706
368.706
368.706
368.706
368.706
368.706
368.706
368.706
368.706
368.706
368.706
368.706
368.706
368.706
368.706
368.706
368.706
368.706
368.706
368.706
368.706
368.706
368.706
368.706
368.706
368.706
368.706
368.706
368.706
368.706
368.706
368.706
368.706
368.706
368.706
368.706
368.706
368.706
368.706
368.706
368.706
368.706
368.706
368.706
368.706
368.706
368.706
368.706
368.706
368.706
368.706
368.706
368.706
368.706
368.706
368.706
368.706
368.706
368.706
368.706
368.706
368.706
368.706
368.706
368.706
368.706
368.706
368.706
368.706
368.706
368.706
368.706
368.706
368.706
368.706
368.706
368.706
368.706
368.706
368.706
368.706
368.706
368.706
368.706
368.706
368.706
368.706
368.706
368.706
368.706
368.706
368.706
368.706
368.706
368.706
368.706
368.706
368.706
368.706
368.706
368.706
368.706
368.706
368.706
368.706
368.706
368.706
368.706
368.706
368.706
368.706
368.706
368.706
368.706
368.706
368.706
368.706
368.706
368.706
368.706
368.706
368.706
368.706
368.706
368.706
368.706
368.706
368.706
368.706
368.706
368.706
368.706
