3.97069e+10
1.74954e+10
5.63634e+09
2.0081e+09
2.46332e+08
3.89459e+07
3.89459e+07
1.62134e+07
1.62134e+07
1.62134e+07
1.62134e+07
1.62134e+07
1.62134e+07
1.62134e+07
1.62134e+07
1.62134e+07
1.62134e+07
1.62134e+07
1.62134e+07
1.62134e+07
1.27598e+07
3.53488e+06
2.0887e+06
1.18583e+06
1.18583e+06
1.18583e+06
1.18583e+06
1.18583e+06
748814
748814
432442
432442
186238
186238
186238
186238
186238
186238
159945
159945
97213.9
72945.3
63795.3
31406.9
27327.3
27327.3
19769.3
19769.3
19769.3
19769.3
17860.3
17860.3
12635.5
5666.8
5115.26
5115.26
4732.12
4732.12
2504.77
2504.77
2504.77
1196.05
1196.05
1196.05
1196.05
1161.55
1161.55
1132.59
1132.59
1132.59
1132.59
1132.59
1124.3
1124.3
1124.3
1124.3
1121.25
1016.45
1016.45
1016.45
958.917
904.916
904.916
904.916
894.597
894.597
894.597
894.597
894.597
894.597
894.597
894.597
874.604
874.604
874.604
861.257
861.257
852.757
852.757
784.465
784.465
784.465
784.465
784.465
784.465
784.465
758.129
758.129
758.129
758.129
758.129
758.129
758.129
758.129
758.129
758.129
758.129
758.129
758.129
758.129
758.129
758.129
758.129
758.129
758.129
758.129
758.129
758.129
758.129
756.168
756.168
756.168
756.168
756.168
740.247
740.247
740.247
740.247
740.247
740.247
740.247
740.247
740.247
740.247
740.247
740.247
740.247
740.247
740.247
740.247
740.247
740.247
740.247
740.247
740.247
740.247
740.247
740.247
740.247
740.247
740.247
740.247
740.247
740.247
740.247
740.247
740.247
740.247
740.247
740.247
740.247
740.247
740.247
740.247
740.247
740.247
740.247
740.247
740.247
740.247
740.247
740.247
740.247
740.247
740.247
740.247
740.247
740.247
740.247
740.247
740.247
740.247
737.125
737.125
737.125
737.125
704.494
704.494
704.494
704.494
704.494
704.494
704.494
704.494
704.494
704.494
704.494
704.494
704.494
704.494
704.494
704.494
704.494
704.494
704.494
704.494
704.494
704.494
704.494
704.494
704.494
704.494
704.494
704.494
704.494
704.494
699.099
699.099
699.099
699.099
699.099
699.099
699.099
699.099
699.099
699.099
699.099
699.099
699.099
699.099
699.099
699.099
699.099
699.099
699.099
699.099
699.099
699.099
699.099
699.099
699.099
699.099
699.099
699.099
699.099
699.099
699.099
699.099
699.099
699.099
699.099
699.099
699.099
699.099
699.099
699.099
699.099
699.099
699.099
699.099
699.099
699.099
699.099
699.099
699.099
699.099
699.099
699.099
699.099
699.099
699.099
670.979
670.979
670.979
670.979
670.979
670.979
670.979
670.979
670.979
670.979
670.979
670.979
670.979
670.979
670.979
670.979
670.979
670.979
670.979
670.979
670.979
670.979
670.979
670.979
670.979
670.979
670.979
670.979
670.979
670.979
670.979
670.979
670.979
670.979
670.979
670.979
670.979
670.979
670.979
670.979
670.979
670.979
670.979
670.979
670.979
670.979
670.979
670.979
670.979
670.979
670.979
670.979
670.979
668.389
668.389
668.389
668.389
668.389
668.389
668.389
668.389
668.389
668.389
668.389
668.389
668.389
668.389
668.389
668.389
668.389
668.389
668.389
668.389
668.389
668.389
668.389
656.983
656.983
656.983
656.983
656.983
656.983
656.983
656.983
656.983
656.983
656.983
656.983
656.983
656.983
656.983
656.983
656.983
656.983
656.983
656.983
656.983
656.983
656.983
656.983
656.983
656.983
656.983
656.983
656.983
656.983
656.983
656.983
656.983
656.983
656.983
656.983
656.983
656.983
656.983
656.983
656.983
656.983
656.983
656.983
656.983
656.983
656.983
656.983
656.983
656.983
656.983
656.983
656.983
656.983
656.983
656.983
656.983
656.983
656.983
656.983
656.983
656.983
656.983
656.983
656.983
656.983
656.983
656.983
656.983
656.983
656.983
656.983
656.983
656.983
656.983
656.983
656.983
656.983
656.983
656.983
656.983
656.983
656.983
656.983
656.983
656.983
656.983
656.983
656.983
656.983
656.983
656.983
656.983
656.983
656.983
656.983
656.983
656.983
656.983
656.983
656.983
656.983
656.983
656.983
656.983
656.983
656.983
656.983
656.983
656.983
656.983
656.983
656.983
656.983
656.983
656.983
656.983
656.983
656.983
656.983
656.983
656.983
656.983
656.983
656.983
656.983
656.983
656.983
656.983
656.983
656.983
656.983
656.983
656.983
656.983
656.983
656.983
656.983
656.983
656.983
656.983
656.983
656.983
656.983
656.983
656.983
656.983
656.983
656.983
656.983
656.983
656.983
656.983
656.983
656.983
656.983
656.983
656.983
656.983
656.983
656.983
656.983
656.983
656.983
656.983
656.983
656.983
656.983
656.983
656.983
656.983
656.983
656.983
656.983
656.983
656.983
656.983
656.983
656.983
656.983
656.983
656.983
656.983
656.983
656.983
656.983
656.983
656.983
656.983
656.983
656.983
656.983
656.983
656.983
656.983
656.983
656.983
656.983
656.983
656.983
656.983
656.983
656.983
656.983
656.983
656.983
656.983
656.983
656.983
656.983
656.983
656.983
656.983
656.983
656.983
656.983
656.983
656.983
656.983
656.983
656.983
656.983
656.983
656.983
656.983
656.983
656.983
656.983
656.983
656.983
656.983
656.983
656.983
656.983
656.983
656.983
656.983
656.983
656.983
656.983
656.983
656.983
656.983
656.983
656.983
656.983
656.983
656.983
656.983
656.983
656.983
656.983
656.983
656.983
656.983
656.983
656.983
656.983
656.983
656.983
656.983
656.983
656.983
656.983
656.983
656.983
656.983
656.983
656.983
656.983
656.983
656.983
656.983
656.983
656.983
656.983
656.983
656.983
656.983
656.983
656.983
656.983
656.983
656.983
656.983
656.983
656.983
656.983
656.983
656.983
656.983
656.983
656.983
656.983
656.983
656.983
656.983
656.983
656.983
656.983
656.983
656.983
656.983
656.983
656.983
656.983
656.983
656.983
656.983
656.983
656.983
656.983
656.983
656.983
656.983
656.983
656.983
656.983
656.983
656.983
656.983
656.983
656.983
656.983
656.983
656.983
656.983
656.983
656.983
656.983
656.983
656.983
656.983
656.983
656.983
656.983
656.983
656.983
656.983
656.983
656.983
656.983
656.983
656.983
656.983
656.983
656.983
656.983
656.983
656.983
656.983
656.983
656.983
656.983
656.983
656.983
656.983
656.983
656.983
656.983
656.983
656.983
656.983
656.983
656.983
656.983
656.983
656.983
656.983
656.983
656.983
656.983
656.983
656.983
656.983
656.983
656.983
656.983
656.983
656.983
656.983
656.983
656.983
656.983
656.983
656.983
656.983
656.983
656.983
656.983
656.983
656.983
656.983
656.983
656.983
656.983
656.983
656.983
656.983
656.983
656.983
656.983
656.983
656.983
656.983
656.983
656.983
656.983
656.983
656.983
656.983
656.983
656.983
656.983
656.983
656.983
656.983
656.983
656.983
656.983
656.983
656.983
656.983
656.983
656.983
656.983
656.983
656.983
656.983
656.983
656.983
656.983
656.983
656.983
656.983
656.983
656.983
656.983
656.983
656.983
656.983
656.983
656.983
656.983
656.983
656.983
656.983
656.983
656.983
656.983
656.983
656.983
656.983
656.983
656.983
656.983
656.983
656.983
656.983
656.983
656.983
656.983
656.983
656.983
656.983
656.983
656.983
656.983
656.983
656.983
656.983
656.983
656.983
656.983
656.983
656.983
656.983
656.983
656.983
656.983
656.983
656.983
656.983
656.983
656.983
656.983
656.983
656.983
656.983
656.983
656.983
656.983
656.983
656.983
656.983
656.983
656.983
656.983
656.983
656.983
656.983
656.983
656.983
656.983
656.983
656.983
656.983
656.983
656.983
656.983
656.983
656.983
656.983
656.983
656.983
656.983
656.983
656.983
656.983
656.983
656.983
656.983
656.983
656.983
656.983
656.983
656.983
656.983
656.983
656.983
656.983
656.983
656.983
656.983
656.983
656.983
656.983
656.983
656.983
656.983
656.983
656.983
656.983
656.983
656.983
656.983
656.983
656.983
656.983
656.983
656.983
656.983
656.983
656.983
656.983
656.983
656.983
656.983
656.983
656.983
656.983
656.983
656.983
656.983
656.983
656.983
656.983
656.983
656.983
656.983
656.983
656.983
656.983
656.983
656.983
656.983
656.983
656.983
656.983
656.983
656.983
656.983
656.983
656.983
656.983
656.983
656.983
656.983
656.983
656.983
656.983
656.983
656.983
656.983
656.983
656.983
656.983
656.983
656.983
656.983
656.983
656.983
656.983
656.983
656.983
656.983
656.983
656.983
656.983
656.983
656.983
656.983
656.983
656.983
656.983
656.983
656.983
656.983
656.983
656.983
656.983
656.983
656.983
656.983
656.983
656.983
656.983
656.983
656.983
656.983
656.983
656.983
656.983
656.983
656.983
656.983
656.983
656.983
656.983
656.983
656.983
656.983
656.983
656.983
656.983
656.983
656.983
656.983
656.983
656.983
656.983
656.983
656.983
656.983
656.983
656.983
656.983
656.983
656.983
656.983
656.983
656.983
656.983
656.983
656.983
656.983
656.983
656.983
656.983
656.983
656.983
656.983
656.983
656.983
656.983
656.983
656.983
656.983
656.983
656.983
656.983
656.983
656.983
656.983
656.983
656.983
656.983
656.983
656.983
656.983
656.983
656.983
656.983
656.983
656.983
656.983
656.983
656.983
656.983
656.983
656.983
656.983
656.983
656.983
656.983
656.983
656.983
656.983
656.983
656.983
656.983
656.983
656.983
656.983
656.983
656.983
656.983
656.983
656.983
656.983
656.983
656.983
656.983
656.983
656.983
656.983
656.983
656.983
656.983
656.983
656.983
656.983
656.983
656.983
656.983
656.983
656.983
656.983
656.983
656.983
656.983
656.983
656.983
656.983
656.983
656.983
656.983
656.983
656.983
656.983
656.983
656.983
656.983
656.983
656.983
656.983
656.983
656.983
656.983
656.983
656.983
656.983
656.983
656.983
656.983
656.983
656.983
656.983
656.983
656.983
656.983
656.983
656.983
656.983
656.983
656.983
656.983
656.983
656.983
656.983
656.983
656.983
656.983
656.983
656.983
656.983
656.983
656.983
656.983
656.983
656.983
656.983
656.983
656.983
656.983
656.983
656.983
656.983
656.983
656.983
656.983
656.983
656.983
656.983
656.983
656.983
656.983
656.983
656.983
656.983
656.983
656.983
656.983
656.983
656.983
656.983
656.983
656.983
656.983
656.983
656.983
656.983
656.983
656.983
656.983
656.983
656.983
656.983
656.983
656.983
656.983
656.983
656.983
656.983
656.983
656.983
656.983
656.983
656.983
656.983
656.983
656.983
656.983
656.983
656.983
656.983
656.983
656.983
656.983
656.983
656.983
656.983
656.983
656.916
656.916
656.916
656.916
656.916
656.916
656.916
656.916
656.916
656.916
656.916
656.916
656.916
656.916
656.916
656.916
656.916
656.916
656.916
656.916
656.916
656.916
656.916
656.916
656.916
656.916
656.916
656.916
656.916
656.916
656.916
656.916
656.916
656.916
656.916
656.916
656.916
656.916
656.916
656.916
656.916
656.916
656.916
656.916
656.916
656.916
656.916
656.916
656.916
656.916
656.916
656.916
656.916
656.916
656.916
656.916
656.916
656.916
656.916
656.916
656.916
656.916
656.916
656.916
656.916
656.916
656.916
656.916
656.916
656.916
656.916
656.916
656.916
656.916
656.916
656.916
656.916
656.916
656.916
656.916
656.916
656.916
656.916
656.916
656.916
656.916
656.916
656.916
656.916
656.916
656.916
656.916
656.916
656.916
656.916
651.381
651.381
651.381
651.381
651.381
651.381
651.381
651.381
651.381
651.381
651.381
651.381
651.381
651.381
651.381
623.864
623.864
623.864
623.864
623.864
623.864
623.864
623.864
623.864
623.864
623.864
623.864
621.634
621.634
621.634
621.634
610.413
610.413
610.413
530.442
530.442
530.442
530.442
530.442
530.442
530.442
530.442
530.442
530.442
530.442
530.442
530.442
530.442
530.442
530.442
530.442
530.442
530.442
530.442
530.442
530.442
530.442
530.442
530.442
530.442
530.442
523.739
506.202
506.202
494.759
494.759
494.759
494.759
489.513
489.513
489.513
489.513
489.513
489.513
489.513
489.513
489.513
479.322
478.152
478.152
478.152
469.976
456.092
456.092
455.961
455.961
455.832
440.478
435.546
435.546
435.546
431.441
431.441
428.454
421.452
421.452
421.452
415.927
407.557
404.21
398.949
395.244
392.286
392.214
390.14
385.676
385.676
385.676
382.746
381.495
381.165
378.907
378.164
376.512
376.255
376.255
376.255
376.255
376.255
376.255
376.255
376.255
376.255
376.086
375.661
375.107
375.107
374.499
374.499
374.499
374.499
374.498
374.069
373.887
373.887
373.887
373.887
373.887
373.852
373.796
373.771
373.77
373.719
373.719
373.719
373.719
373.719
373.688
373.688
373.688
373.681
373.667
373.623
373.616
373.581
373.55
373.55
373.55
373.55
373.547
373.54
373.539
373.526
373.526
373.526
373.526
373.511
373.511
373.51
373.505
373.505
373.505
373.504
373.502
373.497
373.497
373.497
373.496
373.494
373.491
373.489
373.489
373.487
373.487
373.487
373.484
373.484
373.484
373.483
373.482
373.481
373.481
373.481
373.481
373.48
373.479
373.479
373.479
373.479
373.479
373.479
373.478
373.478
373.478
373.478
373.478
373.478
373.478
373.478
373.478
373.478
373.478
373.478
373.478
373.478
373.478
373.478
373.478
373.478
373.478
373.478
373.478
373.478
373.478
373.478
373.478
373.478
373.478
373.478
373.478
373.478
373.478
373.478
373.478
373.478
373.478
373.478
373.478
373.478
373.478
373.478
373.478
373.478
373.478
373.478
373.478
373.478
373.478
373.478
373.478
373.478
373.478
373.478
373.478
373.478
373.478
373.478
373.478
373.478
373.478
373.478
373.478
373.478
373.478
373.478
373.478
373.478
373.478
373.478
373.478
373.478
373.478
373.478
373.478
373.478
373.478
373.478
373.478
373.478
373.478
373.478
373.478
373.478
373.478
373.478
373.478
373.478
373.478
373.478
373.478
373.478
373.478
373.478
373.478
373.478
373.478
373.478
373.478
373.478
373.478
373.478
373.478
373.478
373.478
373.478
373.478
373.478
373.478
373.478
373.478
373.478
373.478
373.478
373.478
373.478
373.478
373.478
373.478
373.478
373.478
373.478
373.478
373.478
373.478
373.478
373.478
373.478
373.478
373.478
373.478
373.478
373.478
373.478
373.478
373.478
373.478
373.478
373.478
373.478
373.478
373.478
373.478
373.478
373.478
373.478
373.478
373.478
373.478
373.478
373.478
373.478
373.478
373.478
373.478
373.478
373.478
373.478
373.478
373.478
373.478
373.478
373.478
373.478
373.478
373.478
373.478
373.478
373.478
373.478
373.478
373.478
373.478
373.478
373.478
373.478
373.478
373.478
373.478
373.478
373.478
373.478
373.478
373.478
373.478
373.478
373.478
373.478
373.478
373.478
373.478
373.478
373.478
373.478
373.478
373.478
373.478
373.478
373.478
373.478
373.478
373.478
373.478
373.478
373.478
373.478
373.478
373.478
373.478
373.478
373.478
373.478
373.478
373.478
373.478
373.478
373.478
373.478
373.478
373.478
373.478
373.478
373.478
373.478
373.478
373.478
373.478
373.478
373.478
373.478
373.478
373.478
373.478
373.478
373.478
373.478
373.478
373.478
373.478
373.478
373.478
373.478
373.478
373.478
373.478
373.478
373.478
373.478
373.478
373.478
373.478
373.478
373.478
373.478
373.478
373.478
373.478
373.478
373.478
373.478
373.478
373.478
373.478
373.478
373.478
373.478
373.478
373.478
373.478
373.478
373.478
373.478
373.478
373.478
373.478
373.478
373.478
373.478
373.478
373.478
373.478
373.478
373.478
373.478
373.478
373.478
373.478
373.478
373.478
373.478
373.478
373.478
373.478
373.478
373.478
373.478
373.478
373.478
373.478
373.478
373.478
373.478
373.478
373.478
373.478
373.478
373.478
373.478
373.478
373.478
373.478
373.478
373.478
373.478
373.478
373.478
373.478
373.478
373.478
373.478
373.478
373.478
373.478
373.478
373.478
373.478
373.478
373.478
373.478
373.478
373.478
373.478
373.478
373.478
373.478
373.478
373.478
373.478
373.478
373.478
373.478
373.478
373.478
373.478
373.478
373.478
373.478
373.478
373.478
373.478
373.478
373.478
373.478
373.478
373.478
373.478
373.478
373.478
373.478
373.478
373.478
373.478
373.478
373.478
373.478
373.478
373.478
373.478
373.478
373.478
373.478
373.478
373.478
373.478
373.478
373.478
373.478
373.478
373.478
373.478
373.478
373.478
373.478
373.478
373.478
373.478
373.478
373.478
373.478
373.478
373.478
373.478
373.478
373.478
373.478
373.478
373.478
373.478
373.478
373.478
373.478
373.478
373.478
373.478
373.478
373.478
373.478
373.478
373.478
373.478
373.478
373.478
373.478
373.478
373.478
373.478
373.478
373.478
373.478
373.478
373.478
373.478
373.478
373.478
373.478
373.478
373.478
373.478
373.478
373.478
373.478
373.478
373.478
373.478
373.478
373.478
373.478
373.478
373.478
373.478
373.478
373.478
373.478
373.478
373.478
373.478
373.478
373.478
373.478
373.478
373.478
373.478
373.478
373.478
373.478
373.478
373.478
373.478
373.478
373.478
373.478
373.478
373.478
373.478
373.478
373.478
373.478
373.478
373.478
373.478
373.478
373.478
373.478
373.478
373.478
373.478
373.478
373.478
373.478
373.478
373.478
373.478
373.478
373.478
373.478
373.478
373.478
373.478
373.478
373.478
373.478
373.478
373.478
373.478
373.478
373.478
373.478
373.478
373.478
373.478
373.478
373.478
373.478
373.478
373.478
373.478
373.478
373.478
373.478
373.478
373.478
373.478
373.478
373.478
373.478
373.478
373.478
373.478
373.478
373.478
373.478
373.478
373.478
373.478
373.478
373.478
373.478
373.478
373.478
373.478
373.478
373.478
373.478
373.478
373.478
373.478
373.478
373.478
373.478
373.478
373.478
373.478
373.478
373.478
373.478
373.478
373.478
373.478
373.478
373.478
373.478
373.478
373.478
373.478
373.478
373.478
373.478
373.478
373.478
373.478
373.478
373.478
373.478
373.478
373.478
373.478
373.478
373.478
373.478
373.478
373.478
373.478
373.478
373.478
373.478
373.478
373.478
373.478
373.478
373.478
373.478
373.478
373.478
373.478
373.478
373.478
373.478
373.478
373.478
373.478
373.478
373.478
373.478
373.478
373.478
373.478
373.478
373.478
373.478
373.478
373.478
373.478
373.478
373.478
373.478
373.478
373.478
373.478
373.478
373.478
373.478
373.478
373.478
373.478
373.478
373.478
373.478
373.478
373.478
373.478
373.478
373.478
373.478
373.478
373.478
373.478
373.478
373.478
373.478
373.478
373.478
373.478
373.478
373.478
373.478
373.478
373.478
373.478
373.478
373.478
373.478
373.478
373.478
373.478
373.478
373.478
373.478
373.478
373.478
373.478
373.478
373.478
373.478
373.478
373.478
373.478
373.478
373.478
373.478
373.478
373.478
373.478
373.478
373.478
373.478
373.478
373.478
373.478
373.478
373.478
373.478
373.478
373.478
373.478
373.478
373.478
373.478
373.478
373.478
373.478
373.478
373.478
373.478
373.478
373.478
373.478
373.478
373.478
373.478
373.478
373.478
373.478
373.478
373.478
373.478
373.478
373.478
373.478
373.478
373.478
373.478
373.478
373.478
373.478
373.478
373.478
373.478
373.478
373.478
373.478
373.478
373.478
373.478
373.478
373.478
373.478
373.478
373.478
373.478
373.478
373.478
373.478
373.478
373.478
373.478
373.478
373.478
373.478
373.478
373.478
373.478
373.478
373.478
373.478
373.478
373.478
373.478
373.478
373.478
373.478
373.478
373.478
373.478
373.478
373.478
373.478
373.478
373.478
373.478
373.478
373.478
373.478
373.478
373.478
373.478
373.478
373.478
373.478
373.478
373.478
373.478
373.478
373.478
373.478
373.478
373.478
373.478
373.478
373.478
373.478
373.478
373.478
373.478
373.478
373.478
373.478
373.478
373.478
373.478
373.478
373.478
373.478
373.478
373.478
373.478
373.478
373.478
373.478
373.478
373.478
373.478
373.478
373.478
373.478
373.478
373.478
373.478
373.478
373.478
373.478
373.478
373.478
373.478
373.478
373.478
373.478
373.478
373.478
373.478
373.478
373.478
373.478
373.478
373.478
373.478
373.478
373.478
373.478
373.478
373.478
373.478
373.478
373.478
373.478
373.478
373.478
373.478
373.478
373.478
373.478
373.478
373.478
373.478
373.478
373.478
373.478
373.478
373.478
373.478
373.478
373.478
373.478
373.478
373.478
373.478
373.478
373.478
373.478
373.478
373.478
373.478
373.478
373.478
373.478
373.478
373.478
373.478
373.478
373.478
373.478
373.478
373.478
373.478
373.478
373.478
373.478
373.478
373.478
373.478
373.478
373.478
373.478
373.478
373.478
373.478
373.478
373.478
373.478
373.478
373.478
373.478
373.478
373.478
373.478
373.478
373.478
373.478
373.478
373.478
373.478
373.478
373.478
373.478
373.478
373.478
373.478
373.478
373.478
373.478
373.478
373.478
373.478
373.478
373.478
373.478
373.478
373.478
373.478
373.478
373.478
373.478
373.478
373.478
373.478
373.478
373.478
373.478
373.478
373.478
373.478
373.478
373.478
373.478
373.478
373.478
373.478
373.478
373.478
373.478
373.478
373.478
373.478
373.478
373.478
373.478
373.478
373.478
373.478
373.478
373.478
373.478
373.478
373.478
373.478
373.478
373.478
373.478
373.478
373.478
373.478
373.478
373.478
373.478
373.478
373.478
373.478
373.478
373.478
373.478
373.478
373.478
373.478
373.478
373.478
373.478
373.478
373.478
373.478
373.478
373.478
373.478
373.478
373.478
373.478
373.478
373.478
373.478
373.478
373.478
373.478
373.478
373.478
373.478
373.478
373.478
373.478
373.478
373.478
373.478
373.478
