2.23235e+10
1.51108e+10
4.59766e+09
2.37674e+09
6.17681e+08
2.73984e+08
5.49436e+07
1.98439e+07
1.98439e+07
1.98439e+07
1.98439e+07
1.98439e+07
1.98439e+07
1.98439e+07
1.98439e+07
1.98439e+07
1.98439e+07
1.98439e+07
1.98439e+07
1.98439e+07
1.86175e+07
1.18797e+07
7.40615e+06
7.40615e+06
3.65855e+06
1.90159e+06
1.13439e+06
513044
227464
227464
211352
193950
60844.4
32954.6
32954.6
16267
16267
16267
13842
13842
13631.9
5451.69
4307.53
4142.51
4142.51
3204.6
3204.6
3204.6
3204.6
3204.6
3204.6
3204.6
3204.6
3204.6
3204.6
2069.27
1487.54
1265.83
1265.83
1186.42
1111.84
1000.91
1000.91
985.918
985.918
985.918
942.639
920.604
912.913
912.913
912.913
912.913
912.913
912.913
912.913
912.913
873.016
873.016
849.803
849.803
849.803
849.803
843.368
843.368
843.368
843.368
828.213
828.213
822.195
804.476
804.476
804.476
799.606
799.606
796.526
783.777
783.777
783.777
783.777
783.777
783.777
783.777
783.777
783.777
783.777
783.777
783.777
783.777
783.777
783.777
783.777
783.777
783.777
783.777
783.777
783.777
783.777
783.777
783.777
783.777
773.168
773.168
771.353
771.353
771.353
771.353
768.008
768.008
768.008
768.008
768.008
768.008
757.76
757.76
757.76
757.76
757.76
757.76
757.76
757.76
757.76
757.76
757.76
757.76
757.76
757.76
757.76
757.76
757.76
757.76
757.76
757.76
757.76
757.76
757.76
757.76
757.76
757.76
757.76
757.76
757.76
757.76
757.76
757.76
757.76
757.76
757.76
757.76
757.76
757.76
757.76
757.76
757.76
757.76
757.76
757.76
757.76
757.76
757.76
757.76
757.76
757.76
757.76
757.76
757.76
757.76
757.76
751.725
751.725
751.725
751.725
751.725
751.725
751.725
751.725
751.725
751.725
751.725
751.725
751.725
751.725
751.725
751.725
751.725
751.725
751.725
751.725
751.725
751.725
751.725
751.725
751.725
751.725
751.725
751.725
744.825
744.825
744.825
744.825
744.825
744.825
744.825
744.825
744.825
744.825
744.825
744.825
744.825
744.825
744.825
744.825
744.825
744.825
744.825
744.825
744.825
744.825
744.825
744.825
744.825
744.825
744.825
744.825
744.825
744.825
744.825
744.825
744.825
744.825
744.825
744.825
744.825
744.825
744.825
744.825
744.825
744.825
744.825
744.825
744.825
744.825
744.825
744.825
744.825
744.825
744.825
744.825
727.31
727.31
727.31
727.31
727.31
727.31
727.31
727.31
727.31
727.31
727.31
727.31
727.31
727.31
727.31
727.31
727.31
727.31
727.31
727.31
727.31
727.31
721.766
721.766
721.766
721.766
721.766
707.731
707.731
707.731
707.731
707.731
707.731
707.731
707.731
707.731
707.731
707.731
707.731
707.731
707.731
707.731
707.731
707.731
707.731
707.731
707.731
707.731
707.731
707.731
707.731
707.731
707.731
707.731
707.731
707.731
707.731
707.731
707.731
707.731
707.731
707.731
707.731
707.731
707.731
707.731
707.731
707.731
707.731
707.731
707.731
707.731
707.731
707.731
707.731
707.731
707.731
707.731
707.731
707.731
707.731
707.731
707.731
707.731
707.731
707.731
707.731
707.731
707.731
707.731
707.731
707.731
707.731
707.731
707.731
707.731
707.731
707.731
707.731
707.731
707.731
707.731
707.731
707.731
707.731
707.731
707.731
707.731
707.731
707.731
707.731
707.731
707.731
707.731
707.731
707.731
707.731
707.731
707.731
707.731
707.731
707.731
707.731
707.731
707.731
707.731
707.731
707.731
707.731
707.731
707.731
707.731
707.731
707.731
707.731
707.731
707.731
707.731
707.731
707.731
707.731
707.731
707.731
707.731
707.731
707.731
707.731
707.731
707.731
707.731
707.731
707.731
707.731
707.731
707.731
707.731
707.731
707.731
707.731
707.731
707.731
707.731
707.731
707.731
707.616
707.616
707.616
707.616
707.616
688.069
688.069
688.069
688.069
688.069
688.069
688.069
688.069
688.069
688.069
688.069
688.069
688.069
688.069
688.069
688.069
688.069
688.069
688.069
688.069
688.069
688.069
688.069
688.069
688.069
688.069
688.069
688.069
688.069
688.069
688.069
688.069
688.069
688.069
688.069
688.069
688.069
688.069
688.069
688.069
688.069
669.859
669.859
669.859
669.859
669.859
669.859
658.881
658.881
658.881
658.881
658.881
658.881
658.881
658.881
658.881
658.881
658.881
658.881
658.881
658.881
658.881
658.881
658.881
658.881
658.881
658.881
658.881
658.881
658.881
658.881
658.881
658.881
658.881
658.881
658.881
658.881
658.881
658.881
658.881
658.881
658.881
658.881
658.881
658.881
658.881
658.881
658.881
658.881
658.881
658.881
658.881
658.881
658.881
658.881
658.881
658.881
658.881
658.881
658.881
658.881
658.881
658.881
658.881
658.881
658.881
658.881
658.881
658.881
658.881
658.881
658.881
658.881
658.881
658.881
658.881
658.881
658.881
658.881
658.881
658.881
658.881
658.881
658.881
658.881
658.881
658.881
658.881
658.881
658.881
658.881
658.881
658.881
658.881
658.881
658.881
658.881
658.881
658.881
658.881
658.881
658.881
658.881
658.881
658.881
658.881
658.881
658.881
658.881
658.881
658.881
658.881
658.881
658.881
658.881
658.881
658.881
658.881
658.881
658.881
658.881
658.881
658.881
658.881
658.881
658.881
658.881
658.881
658.881
658.881
658.881
658.881
658.881
658.881
658.881
658.881
658.881
658.881
658.881
658.881
658.881
658.881
658.881
658.881
658.881
658.881
658.881
658.881
658.881
658.881
658.881
658.881
658.881
658.881
658.881
658.881
658.881
658.881
658.881
658.881
658.881
658.881
658.881
658.881
658.881
658.881
658.881
658.881
658.881
658.881
658.881
658.881
658.881
658.881
658.881
658.881
658.881
658.881
658.881
658.881
658.881
658.881
658.881
658.881
658.881
658.881
658.881
658.881
658.881
658.881
658.881
658.881
658.881
658.881
658.881
658.881
658.881
658.881
658.881
658.881
658.881
658.881
658.881
658.881
658.881
658.881
658.881
658.881
658.881
658.881
658.881
658.881
658.881
658.881
658.881
658.881
658.881
658.881
658.881
658.881
658.881
658.881
658.881
658.881
658.881
658.881
658.881
658.881
658.881
658.881
658.881
658.881
658.881
658.881
658.881
658.881
658.881
658.881
658.881
658.881
658.881
658.881
658.881
658.881
658.881
658.881
658.881
658.881
658.881
658.881
658.881
658.881
658.881
658.881
658.881
658.881
658.881
658.881
658.881
658.881
658.881
658.881
658.881
658.881
658.881
658.881
658.881
658.881
658.881
658.881
658.881
658.881
658.881
658.881
658.881
658.881
658.881
658.881
658.881
658.881
658.881
658.881
658.881
658.881
658.881
658.881
658.881
658.881
658.881
658.881
658.881
658.881
658.881
658.881
658.881
658.881
658.881
658.881
658.881
658.881
658.881
658.881
658.881
658.881
658.881
658.881
658.881
658.881
658.881
658.881
658.881
658.881
658.881
658.881
658.881
658.881
658.881
658.881
658.881
658.881
658.881
658.881
658.881
658.881
658.881
658.881
658.881
658.881
658.881
658.881
658.881
658.881
658.881
658.881
658.881
658.881
658.881
658.881
658.881
658.881
658.881
658.881
658.881
658.881
658.881
658.881
658.881
658.881
658.881
658.881
658.881
658.881
658.881
658.881
658.881
658.881
658.881
658.881
658.881
658.881
658.881
658.881
658.881
658.881
658.881
658.881
658.881
658.881
658.881
658.881
658.881
658.881
658.881
658.881
658.881
658.881
658.881
658.881
658.881
658.881
658.881
658.881
658.881
658.881
658.881
658.881
658.881
658.881
658.881
658.881
658.881
658.881
658.881
658.881
658.881
658.881
658.881
658.881
658.881
658.881
658.881
658.881
658.881
658.881
658.881
658.881
658.881
658.881
658.881
658.881
658.881
658.881
658.881
658.881
658.881
658.881
658.881
658.881
658.881
658.881
658.881
658.881
658.881
658.881
658.881
658.881
658.881
658.881
658.881
658.881
658.881
658.881
658.881
658.881
658.881
658.881
658.881
658.881
658.881
658.881
658.881
658.881
658.881
658.881
658.881
658.881
658.881
658.881
658.881
658.881
658.881
658.881
658.881
658.881
658.881
658.881
658.881
658.881
658.881
658.881
658.881
658.881
658.881
658.881
658.881
658.881
658.881
658.881
658.881
658.881
658.881
658.881
658.881
658.881
658.881
658.881
658.881
658.881
658.881
658.881
658.881
658.881
658.881
658.881
658.881
658.881
658.881
658.881
658.881
658.881
658.881
658.881
658.881
658.881
658.881
658.881
658.881
658.881
658.881
658.881
658.881
658.881
658.881
658.881
658.881
658.881
658.881
658.881
658.881
658.881
658.881
658.881
658.881
658.881
658.881
658.881
658.881
658.881
658.881
658.881
658.881
658.881
658.881
658.881
658.881
658.881
658.881
658.881
658.881
658.881
658.881
658.881
658.881
658.881
658.881
658.881
658.881
658.881
658.881
658.881
658.881
658.881
658.881
658.881
658.881
658.881
658.881
658.881
658.881
658.881
658.881
658.881
658.881
658.881
658.881
658.881
658.881
658.881
658.881
658.881
658.881
658.881
658.881
658.881
658.881
658.881
658.881
658.881
658.881
658.881
658.881
658.881
658.881
658.881
658.881
658.881
658.881
658.881
658.881
658.881
658.881
658.881
658.881
658.881
658.881
658.881
658.881
658.881
658.881
658.881
658.881
658.881
658.881
658.881
658.881
658.881
658.881
658.881
658.881
658.881
658.881
658.881
658.881
658.881
658.881
658.881
658.881
658.881
658.881
658.881
658.881
658.881
658.881
658.881
658.881
658.881
658.881
658.881
658.881
658.881
658.881
658.881
658.881
658.881
658.881
658.881
658.881
658.881
658.881
658.881
658.881
658.881
658.881
658.881
658.881
658.881
658.881
658.881
658.881
658.881
658.881
658.881
658.881
658.881
658.881
658.881
658.881
658.881
658.881
658.881
658.881
658.881
658.881
658.881
658.881
658.881
658.881
658.881
658.881
658.881
658.881
658.881
658.881
658.881
658.881
658.881
658.881
658.881
658.881
658.881
658.881
658.881
658.881
658.881
658.881
658.881
658.881
658.881
658.881
658.881
658.881
658.881
658.881
658.881
658.881
658.881
658.881
658.881
658.881
658.881
658.881
658.881
658.881
658.881
658.881
658.881
658.881
658.881
658.881
658.881
658.881
658.881
658.881
658.881
658.881
658.881
658.881
658.881
658.881
658.881
658.881
658.881
658.881
658.881
658.881
658.881
658.881
658.881
658.881
658.881
658.881
658.881
658.881
658.881
658.881
658.881
658.881
658.881
658.881
658.881
658.881
658.881
658.881
658.881
658.881
658.881
658.881
658.881
658.881
658.881
658.881
658.881
658.881
658.881
658.881
658.881
658.881
658.881
658.881
658.881
658.881
658.881
658.881
658.881
658.881
658.881
658.881
658.881
658.881
658.881
658.881
658.881
658.881
658.881
658.881
658.881
658.881
658.881
658.881
658.881
658.881
658.881
658.881
658.881
658.881
658.881
658.881
658.881
658.881
658.881
658.881
658.881
658.881
658.881
658.881
658.881
658.881
658.881
658.881
658.881
658.881
658.881
658.881
658.881
658.881
658.881
658.881
658.881
658.881
658.881
658.881
658.881
658.881
658.881
658.881
658.881
658.881
658.881
658.881
658.881
658.881
658.881
658.881
658.881
658.881
658.881
658.881
658.881
658.881
658.881
658.881
658.881
658.881
658.881
658.881
658.881
658.881
658.881
658.881
658.881
658.881
658.881
658.881
658.881
658.881
658.881
658.881
658.881
658.881
658.881
658.881
658.881
658.881
658.881
658.881
658.881
658.881
658.881
658.881
658.881
658.881
658.881
658.881
658.881
658.881
658.881
658.881
658.881
658.881
658.881
658.881
658.881
658.881
658.881
658.881
658.881
658.881
658.881
658.881
658.881
658.881
658.881
658.881
658.881
658.881
658.881
658.881
658.881
658.881
658.881
658.881
658.881
658.881
658.881
658.881
658.881
658.881
658.881
658.881
658.881
658.881
658.881
658.881
658.881
658.881
658.881
658.881
658.881
658.881
658.881
658.881
658.881
658.881
658.881
658.881
658.881
658.881
658.881
658.881
658.881
658.881
658.881
658.881
658.881
658.881
658.881
658.881
658.881
658.881
658.881
658.881
658.881
658.881
658.881
658.881
658.881
658.881
658.881
658.881
658.881
658.881
658.881
658.881
658.881
658.881
658.881
658.881
658.881
658.881
658.881
658.881
658.881
658.881
658.881
658.881
658.881
658.881
658.881
658.881
658.881
658.881
658.881
658.881
658.881
658.881
658.881
658.881
658.881
658.881
658.881
658.881
658.881
658.881
658.881
658.881
658.881
658.881
658.881
658.881
658.881
658.881
658.881
658.881
658.881
658.881
658.881
658.881
658.881
658.881
658.881
658.881
658.881
658.881
658.881
658.881
658.881
658.881
658.881
658.881
658.881
658.881
658.881
658.881
658.881
658.881
658.881
658.881
658.881
658.881
658.881
658.881
658.881
658.881
658.881
658.881
658.881
658.881
658.881
658.881
658.881
658.881
658.881
658.881
658.881
658.881
658.881
658.881
658.881
658.881
658.881
658.881
658.881
658.881
658.881
658.881
658.881
658.881
658.881
658.881
658.881
658.881
658.881
658.881
658.881
658.881
658.881
658.881
658.881
658.881
658.881
658.881
658.881
658.881
658.881
658.881
658.881
658.881
658.881
658.881
658.881
658.881
658.881
658.881
658.881
658.881
658.881
658.881
658.881
658.881
658.881
658.881
658.881
658.881
658.881
658.881
658.881
658.881
658.881
658.881
658.881
658.881
658.881
658.881
658.881
658.881
658.881
658.881
658.881
658.881
658.881
658.881
658.881
658.881
658.881
658.881
658.881
658.881
658.881
658.881
658.881
658.881
658.881
658.881
658.881
658.881
658.881
658.881
658.881
658.881
658.881
658.881
658.881
658.881
658.881
658.881
658.881
658.881
658.881
658.881
658.881
658.881
658.881
658.881
658.881
658.881
658.881
658.881
658.881
658.881
658.881
658.881
658.881
658.881
658.881
658.881
658.881
658.881
658.881
658.881
658.881
658.881
658.881
658.881
658.881
658.881
658.881
658.881
658.881
658.881
658.881
658.881
658.881
658.881
658.881
658.881
658.881
658.881
658.881
658.881
658.881
658.881
658.881
658.881
658.881
658.881
658.881
658.881
658.881
658.881
658.881
658.881
658.881
658.881
658.881
658.881
658.881
658.881
658.881
658.881
658.881
658.881
658.881
658.881
658.881
658.881
658.881
658.881
658.881
658.881
658.881
658.881
658.881
658.881
658.881
658.881
658.881
658.881
658.881
658.881
658.881
658.881
658.881
658.881
658.881
658.881
658.881
658.881
658.881
658.881
658.881
658.881
658.881
658.881
658.881
658.881
658.881
658.881
658.881
658.881
658.881
658.881
658.881
658.881
658.881
658.881
658.881
658.881
658.881
658.881
658.881
658.881
658.881
658.881
658.881
658.881
658.881
658.881
658.881
658.881
658.881
658.881
658.881
658.881
658.881
658.881
658.881
658.881
658.881
658.881
658.881
658.881
658.881
658.881
658.881
658.881
658.881
658.881
658.881
658.881
658.881
658.881
658.881
658.881
658.881
658.881
658.881
658.881
658.881
658.881
658.881
658.881
658.881
658.881
658.881
658.881
658.881
658.881
658.881
658.881
658.881
658.881
658.881
658.881
658.881
658.881
658.881
658.881
658.881
658.881
658.881
658.881
658.881
658.881
658.881
658.881
658.881
658.881
658.881
658.881
658.881
658.881
658.881
658.881
658.881
658.881
658.881
658.881
658.881
658.881
658.881
658.881
658.881
658.881
658.881
658.881
658.881
658.881
658.881
658.881
658.881
658.881
658.881
648.455
648.455
648.455
648.455
648.455
648.455
648.455
648.455
648.455
648.455
648.455
648.455
648.455
648.455
648.455
648.455
648.455
648.455
648.455
648.455
648.455
648.455
648.455
648.455
648.455
648.455
648.455
648.455
648.455
648.455
648.455
648.455
648.455
648.455
648.455
648.455
648.455
648.455
648.455
648.455
648.455
648.455
648.455
648.455
648.455
648.455
648.455
648.455
648.455
648.455
648.455
648.455
648.455
648.455
648.455
648.455
648.455
648.455
648.455
648.455
648.455
648.455
648.455
648.455
648.455
648.455
648.455
648.455
648.455
648.455
648.455
648.455
648.455
648.455
648.455
648.455
648.455
648.455
648.455
648.455
648.455
648.455
648.455
648.455
648.455
648.455
648.455
648.455
648.455
648.455
648.455
648.455
648.455
648.455
648.455
648.455
648.455
648.455
648.455
648.455
648.455
648.455
648.455
648.455
648.455
648.455
648.455
648.455
648.455
648.455
648.455
648.455
648.455
648.455
648.455
648.455
648.455
648.455
648.455
648.455
648.455
648.455
648.455
648.455
648.455
648.455
648.455
648.455
648.455
648.455
648.455
648.455
648.455
648.455
648.455
648.455
648.455
648.455
648.455
648.455
648.455
648.455
648.455
648.455
648.455
648.455
648.455
648.455
648.455
648.455
648.455
648.455
648.455
648.455
648.455
648.455
648.455
648.455
648.455
648.455
648.455
648.455
648.455
648.455
648.455
648.455
648.455
648.455
648.455
648.455
648.455
648.455
648.455
648.455
648.455
648.455
648.455
648.455
648.455
648.455
648.455
648.455
648.455
648.455
648.455
648.455
648.455
648.455
648.455
648.455
648.455
648.455
648.455
648.455
648.455
648.455
648.455
648.455
648.455
648.455
648.455
648.455
648.455
648.455
648.455
648.455
648.455
648.455
648.455
648.455
648.455
648.455
648.455
648.455
648.455
648.455
648.455
648.455
648.455
648.455
648.455
648.455
648.455
648.455
648.455
648.455
648.455
648.455
648.455
648.455
648.455
648.455
648.455
648.455
648.455
648.455
648.455
648.455
648.455
648.455
648.455
648.455
648.455
648.455
648.455
648.455
648.455
648.455
648.455
648.455
648.455
648.455
648.455
648.455
648.455
648.455
648.455
648.455
648.455
648.455
648.455
648.455
648.455
648.455
648.455
648.455
648.455
648.455
648.455
648.455
648.455
648.455
648.455
648.455
648.455
648.455
648.455
648.455
648.455
648.455
648.455
648.455
648.455
648.455
648.455
648.455
648.455
648.455
648.455
648.455
648.455
648.455
648.455
648.455
648.455
648.455
648.455
648.455
648.455
648.455
648.455
648.455
648.455
648.455
648.455
648.455
626.06
626.06
626.06
626.06
626.06
626.06
626.06
626.06
626.06
626.06
626.06
626.06
626.06
626.06
626.06
626.06
626.06
626.06
626.06
626.06
626.06
626.06
626.06
626.06
626.06
626.06
626.06
626.06
626.06
626.06
626.06
626.06
626.06
626.06
626.06
626.06
626.06
626.06
626.06
626.06
626.06
626.06
626.06
626.06
626.06
626.06
626.06
626.06
626.06
626.06
626.06
626.06
626.06
626.06
626.06
626.06
626.06
626.06
626.06
626.06
626.06
626.06
626.06
626.06
626.06
626.06
626.06
626.06
626.06
626.06
626.06
626.06
626.06
626.06
626.06
626.06
626.06
626.06
626.06
626.06
626.06
626.06
626.06
626.06
626.06
626.06
626.06
626.06
626.06
626.06
626.06
626.06
626.06
626.06
626.06
626.06
626.06
626.06
626.06
626.06
626.06
626.06
626.06
626.06
626.06
626.06
626.06
626.06
626.06
626.06
626.06
626.06
626.06
626.06
626.06
626.06
626.06
626.06
626.06
626.06
626.06
626.06
626.06
626.06
626.06
626.06
626.06
626.06
626.06
626.06
626.06
626.06
626.06
626.06
626.06
626.06
626.06
626.06
626.06
626.06
626.06
626.06
626.06
626.06
626.06
626.06
626.06
626.06
626.06
626.06
626.06
626.06
626.06
626.06
626.06
626.06
626.06
626.06
626.06
626.06
626.06
626.06
626.06
626.06
626.06
626.06
626.06
626.06
626.06
626.06
626.06
626.06
626.06
626.06
626.06
626.06
626.06
626.06
626.06
626.06
626.06
626.06
626.06
626.06
626.06
626.06
626.06
626.06
626.06
626.06
626.06
626.06
626.06
626.06
626.06
626.06
626.06
626.06
626.06
626.06
626.06
626.06
626.06
626.06
626.06
626.06
626.06
626.06
626.06
626.06
626.06
626.06
626.06
626.06
626.06
626.06
626.06
626.06
626.06
626.06
626.06
626.06
626.06
626.06
626.06
626.06
626.06
626.06
626.06
626.06
626.06
626.06
626.06
626.06
626.06
626.06
626.06
626.06
626.06
626.06
626.06
626.06
626.06
626.06
626.06
626.06
626.06
626.06
626.06
626.06
626.06
626.06
626.06
626.06
626.06
626.06
626.06
626.06
626.06
626.06
626.06
626.06
626.06
626.06
626.06
626.06
626.06
626.06
626.06
626.06
626.06
626.06
626.06
602.933
602.933
602.933
602.933
602.933
602.933
602.933
602.933
602.933
602.933
602.933
602.933
602.933
602.933
602.933
602.933
602.933
602.933
602.933
602.933
602.933
602.933
602.933
602.933
602.933
602.933
602.933
602.933
602.933
602.933
602.933
602.933
602.933
602.933
602.933
602.933
602.933
602.933
602.933
602.933
602.933
602.933
602.933
602.933
602.933
602.933
602.933
602.933
602.933
602.933
602.933
602.933
602.933
602.933
602.933
602.933
602.933
602.933
602.933
602.933
602.933
602.933
602.933
602.933
602.933
602.933
602.933
602.933
602.933
602.933
602.933
602.933
602.933
602.933
602.933
602.933
602.933
602.933
602.933
602.933
602.933
602.933
602.933
602.933
602.933
602.933
602.933
602.933
602.933
602.933
602.933
602.933
602.933
602.933
602.933
602.933
602.933
602.933
602.933
602.933
602.933
602.933
602.933
602.933
602.933
602.933
602.933
602.933
602.933
602.933
602.933
602.933
602.933
602.933
602.933
602.933
602.933
602.933
602.933
602.933
602.933
602.933
602.933
602.933
602.933
602.933
602.933
602.933
602.933
602.933
602.933
602.933
602.933
602.933
602.933
602.933
602.933
602.933
602.933
602.933
602.933
602.933
602.933
602.933
602.933
602.933
602.933
602.933
602.933
602.933
602.933
602.933
602.933
602.933
602.933
602.933
602.933
602.933
602.933
602.933
602.933
602.933
602.933
602.933
597.805
593.501
593.501
593.501
593.501
593.501
593.501
593.501
593.501
593.501
593.501
593.501
593.501
591.481
591.481
591.481
591.481
591.481
591.481
591.481
591.481
591.481
591.481
591.481
591.481
585.061
585.061
585.061
585.061
585.061
585.061
585.061
585.061
585.061
585.061
585.061
585.061
585.061
585.061
585.061
585.061
585.061
585.061
585.061
585.061
585.061
585.061
585.061
585.061
585.061
585.061
585.061
585.061
585.061
585.061
585.061
585.061
585.061
585.061
585.061
585.061
585.061
585.061
585.061
536.566
536.566
536.566
536.566
536.566
536.566
536.566
536.566
536.566
536.566
536.566
536.566
536.566
536.566
536.566
536.566
536.566
536.566
536.566
520.031
520.031
520.031
520.031
520.031
520.031
520.031
520.031
520.031
520.031
520.031
520.031
520.031
505.073
505.073
505.073
505.073
505.073
505.073
505.073
505.073
505.073
505.073
505.073
505.073
505.073
505.073
505.073
505.073
505.073
505.073
505.073
505.073
505.073
505.073
505.073
505.073
505.073
505.073
505.073
505.073
505.073
505.073
505.073
505.073
505.073
505.073
505.073
480.7
480.7
480.7
480.7
472.598
472.598
472.598
472.598
472.598
472.598
472.598
472.598
472.598
472.598
472.598
472.598
472.598
472.598
472.598
472.598
472.598
472.598
472.598
443.061
443.061
443.061
443.061
443.061
443.061
443.061
432.121
432.121
432.121
432.121
432.121
429.68
429.312
429.312
429.008
429.008
429.008
429.008
429.008
428.947
428.947
428.947
428.947
428.947
428.947
428.88
420.329
420.329
420.329
418.894
418.894
418.894
417.136
409.436
409.436
409.125
402.441
402.441
402.441
402.441
400.96
396.941
396.941
396.941
396.941
395.912
392.888
392.888
392.888
391.582
391.582
389.379
389.379
389.379
389.379
388.961
388.961
387.639
387.283
386.544
385.424
385.053
384.477
383.916
383.498
382.9
382.737
381.344
380.752
380.752
380.283
379.924
379.799
378.906
378.906
378.854
378.317
378.116
377.939
377.497
377.483
377.21
377.082
376.965
376.965
376.901
376.834
376.813
376.813
376.733
376.705
376.705
376.705
376.705
376.705
376.705
376.705
376.705
376.705
376.705
376.693
376.693
376.664
376.637
376.637
376.605
376.548
376.491
376.453
376.422
376.384
376.361
376.347
376.341
376.341
376.341
376.341
376.341
376.341
376.341
376.341
376.341
376.341
376.341
376.341
376.341
376.341
376.339
376.333
376.326
376.317
376.313
376.309
376.309
376.309
376.309
376.309
376.309
376.309
376.309
376.309
376.309
376.309
376.307
376.307
376.306
376.305
376.305
376.305
376.305
376.305
376.305
376.305
376.305
376.305
376.304
376.304
376.304
376.304
376.304
376.304
376.303
376.303
376.303
376.303
376.303
376.303
376.303
376.303
376.303
376.303
376.303
376.303
376.303
376.303
376.303
376.303
376.303
376.303
376.303
376.303
376.303
376.303
376.303
376.303
376.303
376.303
376.303
376.303
376.303
376.303
376.303
376.303
376.303
376.303
376.303
376.303
376.303
376.303
376.303
376.303
376.303
376.303
376.303
376.303
376.303
376.303
376.303
376.303
376.303
376.303
376.303
376.303
376.303
376.303
376.303
376.303
376.303
376.303
376.303
376.303
376.303
376.303
376.303
376.303
376.303
376.303
376.303
376.303
376.303
376.303
376.303
376.303
376.303
376.303
376.303
376.303
376.303
376.303
376.303
376.303
376.303
376.303
376.303
376.303
376.303
376.303
376.303
376.303
376.303
376.303
376.303
376.303
376.303
376.303
376.303
376.303
376.303
376.303
376.303
376.303
376.303
376.303
376.303
376.303
376.303
376.303
376.303
376.303
376.303
376.303
376.303
376.303
376.303
376.303
376.303
376.303
376.303
376.303
376.303
376.303
376.303
376.303
376.303
376.303
376.303
376.303
376.303
376.303
376.303
376.303
376.303
376.303
376.303
376.303
376.303
376.303
376.303
376.303
376.303
376.303
376.303
376.303
376.303
376.303
376.303
376.303
376.303
376.303
376.303
376.303
376.303
376.303
376.303
376.303
376.303
376.303
376.303
376.303
376.303
376.303
376.303
376.303
376.303
376.303
376.303
376.303
376.303
376.303
376.303
376.303
376.303
376.303
376.303
376.303
376.303
376.303
376.303
376.303
376.303
376.303
376.303
376.303
376.303
376.303
376.303
376.303
376.303
376.303
376.303
376.303
376.303
376.303
376.303
376.303
376.303
376.303
376.303
376.303
376.303
376.303
376.303
376.303
376.303
376.303
376.303
376.303
376.303
376.303
376.303
376.303
376.303
376.303
376.303
376.303
376.303
376.303
376.303
376.303
376.303
376.303
376.303
376.303
376.303
376.303
376.303
376.303
376.303
376.303
376.303
376.303
376.303
376.303
376.303
376.303
376.303
376.303
376.303
376.303
376.303
376.303
376.303
376.303
376.303
376.303
376.303
376.303
376.303
376.303
376.303
376.303
376.303
376.303
376.303
376.303
376.303
376.303
376.303
376.303
376.303
376.303
376.303
376.303
376.303
376.303
376.303
376.303
376.303
376.303
376.303
376.303
376.303
376.303
376.303
376.303
376.303
376.303
376.303
376.303
376.303
376.303
376.303
376.303
376.303
376.303
376.303
376.303
376.303
376.303
376.303
376.303
376.303
376.303
376.303
376.303
376.303
376.303
376.303
376.303
376.303
376.303
376.303
376.303
376.303
376.303
376.303
376.303
376.303
376.303
376.303
376.303
376.303
376.303
376.303
376.303
376.303
376.303
376.303
376.303
376.303
376.303
376.303
376.303
376.303
