4.05677e+08
1.84731e+08
6.5045e+07
3.21104e+07
3.21104e+07
3.21104e+07
3.21104e+07
3.21104e+07
3.21104e+07
3.21104e+07
2.44733e+07
2.44733e+07
1.80596e+07
9.1195e+06
4.51251e+06
4.51251e+06
4.51251e+06
2.59083e+06
2.59083e+06
2.59083e+06
2.28964e+06
2.28964e+06
2.28964e+06
1.50936e+06
1.50936e+06
1.04904e+06
967748
312698
312698
312698
312698
312698
300996
300996
264537
159299
159299
130879
122128
117247
117247
114192
44975.2
39007.9
39007.9
39007.9
39007.9
39007.9
35543
31119.9
27207.1
27207.1
17439.3
13034.4
7730.75
7730.75
7730.75
6556.1
5330.47
4642.44
4642.44
4103.41
4103.41
3513.42
3422.78
3061
2475.82
1107.77
1107.77
1107.77
1107.77
927.242
927.242
927.242
927.242
927.242
927.242
652.33
652.33
586.67
586.67
560.227
462.182
292.784
283.733
283.733
283.733
276.152
243.048
218.222
172.502
105.968
105.968
105.968
104.425
102.507
102.507
102.507
102.507
102.507
102.507
102.073
69.5807
64.0284
60.9084
60.9084
56.3764
56.3764
48.3016
48.3016
48.3016
48.3016
44.5552
41.3096
40.0134
37.2783
34.925
34.9161
31.4942
31.4942
31.4942
31.4942
30.8666
30.8666
30.8666
29.5149
29.5149
29.5149
29.5149
29.5149
29.3589
29.3589
29.028
29.028
28.9864
28.6494
28.6436
28.148
28.1299
28.1299
28.1299
27.9191
27.7976
27.7735
27.7302
27.6725
27.4806
27.4806
27.4806
27.4806
27.4806
27.4781
27.4781
27.3916
27.3616
27.3616
27.2684
27.2684
27.2404
27.2186
27.1615
27.1512
27.0965
27.0687
27.0162
27.0162
26.9778
26.9449
26.9044
26.8767
26.8404
26.8151
26.782
26.7401
26.713
26.6917
26.655
26.6102
26.5755
26.5383
26.5069
26.4671
26.4318
26.4043
26.3686
26.3374
26.298
26.2624
26.2262
26.1892
26.1542
26.1155
26.0801
26.0441
26.0076
25.9681
25.9284
25.8859
25.8495
25.8068
25.7739
25.7298
25.6902
25.6536
25.6047
25.5659
25.5202
25.4684
25.4254
25.3775
25.3259
25.2692
25.2228
25.1692
25.1171
25.0702
25.0155
24.9721
24.9121
24.8672
24.8171
24.772
24.7278
24.6785
24.6295
24.5801
24.534
24.4861
24.4358
24.3886
24.3375
24.2933
24.239
24.1915
24.1387
24.0993
24.0532
24.0051
23.9579
23.912
23.8639
23.8189
23.7639
23.7065
23.6698
23.6148
23.5697
23.5183
23.4748
23.4286
23.3674
23.3351
23.285
23.2347
23.1933
23.1479
23.1068
23.059
23.0139
22.9672
22.9309
22.8834
22.8499
22.8
22.7554
22.7118
22.67
22.6247
22.5789
22.536
22.4974
22.4508
22.4142
22.3655
22.3283
22.2839
22.2404
22.1952
22.1484
22.1118
22.0688
22.0277
21.9868
21.9424
21.8975
21.8598
21.8193
21.7757
21.7403
21.7014
21.6617
21.6236
21.5872
21.5501
21.5138
21.4645
21.4398
21.4036
21.3678
21.33
21.2876
21.2491
21.2099
21.1739
21.1311
21.0935
21.0562
21.0161
20.9747
20.9387
20.8957
20.862
20.8245
20.7877
20.7484
20.7145
20.6782
20.6439
20.6103
20.5741
20.5382
20.5019
20.4622
20.4247
20.3827
20.3494
20.3078
20.2729
20.2293
20.1914
20.1505
20.1153
20.0717
20.0295
19.9884
19.9494
19.9088
19.8659
19.8261
19.7818
19.7374
19.6936
19.6576
19.6152
19.5736
19.5314
19.4909
19.4529
19.4124
19.3702
19.3227
19.2884
19.2499
19.2067
19.1653
19.1252
19.0854
19.0425
19.001
18.9552
18.9166
18.872
18.8285
18.7876
18.7432
18.6948
18.6507
18.6015
18.5573
18.5058
18.4614
18.4177
18.3754
18.3247
18.2733
18.2296
18.1799
18.1285
18.0807
18.0299
17.9858
17.935
17.8932
17.8435
17.7939
17.7487
17.7009
17.6595
17.6119
17.5584
17.5138
17.4725
17.4188
17.3783
17.3242
17.2789
17.2281
17.1843
17.1354
17.0917
17.0461
17.0007
16.9563
16.9154
16.8736
16.8303
16.7903
16.7463
16.7048
16.6688
16.626
16.5875
16.5527
16.5148
16.4776
16.4417
16.407
16.3701
16.3347
16.2995
16.2645
16.2288
16.195
16.1618
16.1251
16.0953
16.0614
16.0291
15.9934
15.9622
15.9235
15.8963
15.8591
15.8224
15.791
15.7567
15.7176
15.6853
15.649
15.6057
15.5674
15.5312
15.4922
15.4565
15.4175
15.3783
15.3349
15.3008
15.2617
15.2191
15.1791
15.1378
15.1028
15.0607
15.0247
14.9832
14.9422
14.9051
14.8648
14.8231
14.7862
14.7459
14.7067
14.668
14.6324
14.5866
14.548
14.5058
14.4611
14.4207
14.3751
14.3352
14.2817
14.2428
14.1962
14.1563
14.114
14.0707
14.0248
13.9855
13.9404
13.8975
13.859
13.8174
13.7794
13.7412
13.7068
13.6695
13.6362
13.5983
13.5643
13.5332
13.4978
13.4656
13.433
13.4009
13.3669
13.3337
13.3014
13.2704
13.2387
13.2085
13.176
13.1467
13.1158
13.08
13.0469
13.0163
12.9828
12.948
12.9152
12.8858
12.8476
12.8124
12.7764
12.7451
12.7105
12.6757
12.6401
12.6072
12.5697
12.5387
12.5036
12.4687
12.4354
12.4025
12.3659
12.3281
12.2896
12.256
12.2158
12.1723
12.1308
12.0853
12.0419
11.9959
11.9506
11.8981
11.8493
11.804
11.7545
11.7003
11.6491
11.5987
11.5429
11.4932
11.4405
11.3816
11.329
11.2757
11.2233
11.1727
11.1133
11.0635
11.0119
10.9542
10.9044
10.8405
10.7932
10.7412
10.6854
10.6383
10.5814
10.5318
10.4803
10.4328
10.3819
10.3291
10.2788
10.2309
10.1764
10.135
10.0855
10.0399
9.99865
9.9507
9.90215
9.85185
9.79966
9.74931
9.69726
9.64864
9.60032
9.55265
9.50106
9.46043
9.41155
9.36398
9.3201
9.2783
9.23078
9.18745
9.14525
9.09549
9.05841
9.0125
8.97808
8.93462
8.88878
8.85011
8.8067
8.76139
8.72466
8.68144
8.64309
8.60338
8.55717
8.51981
8.47866
8.4369
8.39713
8.35797
8.31974
8.28325
8.24436
8.20761
8.17359
8.14002
8.10833
8.07785
8.04855
8.01842
7.98985
7.96256
7.93588
7.9084
7.88224
7.8498
7.82463
7.79854
7.77155
7.74518
7.71583
7.6908
7.66348
7.63938
7.61335
7.58662
7.55763
7.52907
7.5058
7.47457
7.44499
7.41702
7.39036
7.35673
7.33021
7.30186
7.27351
7.24691
7.21737
7.18847
7.15603
7.12818
7.09774
7.06631
7.0336
7.00165
6.96559
6.93571
6.9001
6.86925
6.83234
6.79724
6.754
6.72265
6.68295
6.64772
6.60947
6.57648
6.53955
6.49981
6.46658
6.43099
6.3936
6.35665
6.3227
6.28808
6.25309
6.21277
6.17838
6.14305
6.10175
6.06889
6.02979
5.99323
5.95432
5.91815
5.87734
5.84281
5.8086
5.77209
5.73603
5.68991
5.65481
5.61868
5.57429
5.53765
5.49854
5.45369
5.41777
5.37525
5.32981
5.2919
5.24629
5.20338
5.15963
5.11327
5.06302
5.01672
4.97482
4.92918
4.88852
4.84358
4.79921
4.7476
4.70786
4.66253
4.6115
4.56125
4.50435
4.4618
4.4075
4.35399
4.31151
4.25927
4.19447
4.15065
4.10573
4.05398
4.00921
3.95311
3.91421
3.86212
3.81398
3.76942
3.7233
3.67927
3.63125
3.59152
3.54189
3.50413
3.46009
3.41732
3.36422
3.32583
3.28842
3.24292
3.19502
3.15777
3.10336
3.06045
3.01171
2.97089
2.92664
2.87734
2.83338
2.78838
2.74305
2.69171
2.64512
2.59326
2.54502
2.50209
2.45692
2.40647
2.35258
2.30823
2.25798
2.20721
2.15407
2.10372
2.05123
1.99726
1.94563
1.89042
1.83463
1.78203
1.72309
1.68044
1.62825
1.58071
1.5227
1.46367
1.42771
1.37683
1.32807
1.28278
1.24197
1.19397
1.1611
1.11852
1.08195
1.04314
1.0111
0.973911
0.942339
0.906471
0.876207
0.842555
0.81222
0.769861
0.752219
0.72457
0.69888
0.672539
0.649142
0.62509
0.604366
0.584918
0.562563
0.546361
0.528655
0.508161
0.492862
0.478151
0.462126
0.446831
0.435476
0.421119
0.408362
0.397182
0.386698
0.377464
0.366589
0.356571
0.345908
0.336687
0.328252
0.3203
0.311475
0.303131
0.295703
0.289467
0.282542
0.27565
0.268867
0.263556
0.25752
0.252103
0.24722
0.241661
0.235604
0.231295
0.226896
0.22172
0.21784
0.213456
0.20898
0.205126
0.201001
0.197486
0.193202
0.189895
0.186467
0.183017
0.179479
0.176299
0.172888
0.169748
0.166617
0.16348
0.160667
0.157754
0.15499
0.152027
0.149646
0.146915
0.144433
0.142178
0.139943
0.137697
0.135359
0.133117
0.131224
0.129052
0.127279
0.125249
0.123217
0.121533
0.119721
0.117799
0.116032
0.114212
0.112367
0.110801
0.109083
0.107426
0.105888
0.104266
0.102827
0.101174
0.0999555
0.0985098
0.0972069
0.0959356
0.0945793
0.0933744
0.0920933
0.0909558
0.0899047
0.0887369
0.0876585
0.0866031
0.085527
0.0845805
0.0835806
0.0825826
0.0817255
0.0807977
0.0798503
0.0789951
0.0781737
0.0772357
0.0764143
0.0755823
0.0747328
0.073895
0.0731835
0.072368
0.0714876
0.0707063
0.069954
0.0691772
0.0684283
0.0675724
0.0668611
0.0661386
0.0653994
0.0646654
0.0639336
0.0632484
0.0625539
0.0618751
0.0610449
0.060423
0.0597806
0.059023
0.0582592
0.0574841
0.0567797
0.0560476
0.0553398
0.0546229
0.0539553
0.0532648
0.052575
0.0518189
0.0511528
0.0504304
0.0498362
0.0491742
0.0485228
0.0485228
0.0485228
0.0485228
0.0485228
0.0485228
0.0485228
0.0485228
0.0485228
0.0485228
0.0485228
0.0485228
0.0485228
0.0485228
0.0485228
0.0485228
0.0485228
0.0485228
0.0485228
0.0485228
0.0485228
0.0485228
0.0485228
0.0485228
0.0485228
0.0485228
0.0485228
0.0485228
0.0485228
0.0485228
0.0485228
0.0485228
0.0485228
0.0485228
0.0485228
0.0485228
0.0485228
0.0485228
0.0485228
0.0485228
0.0485228
0.0485228
0.0485228
0.0485228
0.0485228
0.0485228
0.0485228
0.0485228
0.0485228
0.0485228
0.0485228
0.0485228
0.0485228
0.0485228
0.0485228
0.0485228
0.0485228
0.0485228
0.0485228
0.0485228
0.0485228
0.0485228
0.0485228
0.0485228
0.0485228
0.0485228
0.0485228
0.0485228
0.0485228
0.0485228
0.0485228
0.0485228
0.0485228
0.0485228
0.0485228
0.0485228
0.0485228
0.0485228
0.0485228
0.0485228
0.0485228
0.0485228
0.0485228
0.0485228
0.0485228
0.0485228
0.0485228
0.0485228
0.0485228
0.0485228
0.0485228
0.0485228
0.0485228
0.0485228
0.0485228
0.0485228
0.0485228
0.0485228
0.0485228
0.0485228
0.0485228
0.0485228
0.0485228
0.0485228
0.0485228
0.0485228
0.0485228
0.0485228
0.0485228
0.0485228
0.0485228
0.0485228
0.0485228
0.0485228
0.0485228
0.0485228
0.0485228
0.0485228
0.0485228
0.0485228
0.0485228
0.0485228
0.0485228
0.0485228
0.0485228
0.0485228
0.0485228
0.0485228
0.0485228
0.0485228
0.0485228
0.0485228
0.0485228
0.0485228
0.0485228
0.0485228
0.0485228
0.0485228
0.0485228
0.0485228
0.0485228
0.0485228
0.0485228
0.0485228
0.0485228
0.0485228
0.0485228
0.0485228
0.0485228
0.0485228
0.0485228
0.0485228
0.0485228
0.0485228
0.0485228
0.0485228
0.0485228
0.0485228
0.0485228
0.0485228
0.0485228
0.0485228
0.0485228
0.0485228
0.0485228
0.0485228
0.0485228
0.0485228
0.0485228
0.0485228
0.0485228
0.0485228
0.0485228
0.0485228
0.0485228
0.0485228
0.0485228
0.0485228
0.0485228
0.0485228
0.0485228
0.0485228
0.0485228
0.0485228
0.0485228
0.0485228
0.0485228
0.0485228
0.0485228
0.0485228
0.0485228
0.0485228
0.0485228
0.0485228
0.0485228
0.0485228
0.0485228
0.0485228
0.0485228
0.0485228
0.0485228
0.0485228
0.0485228
0.0485228
0.0485228
0.0485228
0.0485228
0.0485228
0.0485228
0.0485228
0.0485228
0.0485228
0.0485228
0.0485228
0.0485228
0.0485228
0.0485228
0.0485228
0.0485228
0.0485228
0.0485228
0.0485228
0.0485228
0.0485228
0.0485228
0.0485228
0.0485228
0.0485228
0.0485228
0.0485228
0.0485228
0.0485228
0.0485228
0.0485228
0.0485228
0.0485228
0.0485228
0.0485228
0.0485228
0.0485228
0.0485228
0.0485228
0.0485228
0.0485228
0.0485228
0.0485228
0.0485228
0.0485228
0.0485228
0.0485228
0.0485228
0.0485228
0.0485228
0.0485228
0.0485228
0.0485228
0.0485228
0.0485228
0.0485228
0.0485228
0.0485228
0.0485228
0.0485228
0.0485228
0.0485228
0.0485228
0.0485228
0.0485228
0.0485228
0.0485228
0.0485228
0.0485228
0.0485228
0.0485228
0.0485228
0.0485228
0.0485228
0.0485228
0.0485228
0.0485228
0.0485228
0.0485228
0.0485228
0.0485228
0.0485228
0.0485228
0.0485228
0.0485228
0.0485228
0.0485228
0.0485228
0.0485228
0.0485228
0.0485228
0.0485228
0.0485228
0.0485228
0.0485228
0.0485228
0.0485228
0.0485228
0.0485228
0.0485228
0.0485228
0.0485228
0.0485228
0.0485228
0.0485228
0.0485228
0.0485228
0.0485228
0.0485228
0.0485228
0.0485228
0.0485228
0.0485228
0.0485228
0.0485228
0.0485228
0.0485228
0.0485228
0.0485228
0.0485228
0.0485228
0.0485228
0.0485228
0.0485228
0.0485228
0.0485228
0.0485228
0.0485228
0.0485228
0.0485228
0.0485228
0.0485228
0.0485228
0.0485228
0.0485228
0.0485228
0.0485228
0.0485228
0.0485228
0.0485228
0.0485228
0.0485228
0.0485228
0.0485228
0.0485228
0.0485228
0.0485228
0.0485228
0.0485228
0.0485228
0.0485228
0.0485228
0.0485228
0.0485228
0.0485228
0.0485228
0.0485228
0.0485228
0.0485228
0.0485228
0.0485228
0.0485228
0.0485228
0.0485228
0.0485228
0.0485228
0.0485228
0.0485228
0.0485228
0.0485228
0.0485228
0.0485228
0.0485228
0.0485228
0.0485228
0.0485228
0.0485228
0.0485228
0.0485228
0.0485228
0.0485228
0.0485228
0.0485228
0.0485228
0.0485228
0.0485228
0.0485228
0.0485228
0.0485228
0.0485228
0.0485228
0.0485228
0.0485228
0.0485228
0.0485228
0.0485228
0.0485228
0.0485228
0.0485228
0.0485228
0.0485228
0.0485228
0.0485228
0.0485228
0.0485228
0.0485228
0.0485228
0.0485228
0.0485228
0.0485228
0.0485228
0.0485228
0.0485228
0.0485228
0.0485228
0.0485228
0.0485228
0.0485228
0.0485228
0.0485228
0.0485228
0.0485228
0.0485228
0.0485228
0.0485228
0.0485228
0.0485228
0.0485228
0.0485228
0.0485228
0.0485228
0.0485228
0.0485228
0.0485228
0.0485228
0.0485228
0.0485228
0.0485228
0.0485228
0.0485228
0.0485228
0.0485228
0.0485228
0.0485228
0.0485228
0.0485228
0.0485228
0.0485228
0.0485228
0.0485228
0.0485228
0.0485228
0.0485228
0.0485228
0.0485228
0.0485228
0.0485228
0.0485228
0.0485228
0.0485228
0.0485228
0.0485228
0.0485228
0.0485228
0.0485228
0.0485228
0.0485228
0.0485228
0.0485228
0.0485228
0.0485228
0.0485228
0.0485228
0.0485228
0.0485228
0.0485228
0.0485228
0.0485228
0.0485228
0.0485228
0.0485228
0.0485228
0.0485228
0.0485228
0.0485228
0.0485228
0.0485228
0.0485228
0.0485228
0.0485228
0.0485228
0.0485228
0.0485228
0.0485228
0.0485228
0.0485228
0.0485228
0.0485228
0.0485228
0.0485228
0.0485228
0.0485228
0.0485228
0.0485228
0.0485228
0.0485228
0.0485228
0.0485228
0.0485228
0.0485228
0.0485228
0.0485228
0.0485228
0.0485228
0.0485228
0.0485228
0.0485228
0.0485228
0.0485228
0.0485228
0.0485228
0.0485228
0.0485228
0.0485228
0.0485228
0.0485228
0.0485228
0.0485228
0.0485228
0.0485228
0.0485228
0.0485228
0.0485228
0.0485228
0.0485228
0.0485228
0.0485228
0.0485228
0.0485228
0.0485228
0.0485228
0.0485228
0.0485228
0.0485228
0.0485228
0.0485228
0.0485228
0.0485228
0.0485228
0.0485228
0.0485228
0.0485228
0.0485228
0.0485228
0.0485228
0.0485228
0.0485228
0.0485228
0.0485228
0.0485228
0.0485228
0.0485228
0.0485228
0.0485228
0.0485228
0.0485228
0.0485228
0.0485228
0.0485228
0.0485228
0.0485228
0.0485228
0.0485228
0.0485228
0.0485228
0.0485228
0.0485228
0.0485228
0.0485228
0.0485228
0.0485228
0.0485228
0.0485228
0.0485228
0.0485228
0.0485228
0.0485228
0.0485228
0.0485228
0.0485228
0.0485228
0.0485228
0.0485228
0.0485228
0.0485228
0.0485228
0.0485228
0.0485228
0.0485228
0.0485228
0.0485228
0.0485228
0.0485228
0.0485228
0.0485228
0.0485228
0.0485228
0.0485228
0.0485228
0.0485228
0.0485228
0.0485228
0.0485228
0.0485228
0.0485228
0.0485228
0.0485228
0.0485228
0.0485228
0.0485228
0.0485228
0.0485228
0.0485228
0.0485228
0.0485228
0.0485228
0.0485228
0.0485228
0.0485228
0.0485228
0.0485228
0.0485228
0.0485228
0.0485228
0.0485228
0.0485228
0.0485228
0.0485228
0.0485228
0.0485228
0.0485228
0.0485228
0.0485228
0.0485228
0.0485228
0.0485228
0.0485228
0.0485228
0.0485228
0.0485228
0.0485228
0.0485228
0.0485228
0.0485228
0.0485228
0.0485228
0.0485228
0.0485228
0.0485228
0.0485228
0.0485228
0.0485228
0.0485228
0.0485228
0.0485228
0.0485228
0.0485228
0.0485228
0.0485228
0.0485228
0.0485228
0.0485228
0.0485228
0.0485228
0.0485228
0.0485228
0.0485228
0.0485228
0.0485228
0.0485228
0.0485228
0.0485228
0.0485228
0.0485228
0.0485228
0.0485228
0.0485228
0.0485228
0.0485228
0.0485228
0.0485228
0.0485228
0.0485228
0.0485228
0.0485228
0.0485228
0.0485228
0.0485228
0.0485228
0.0485228
0.0485228
0.0485228
0.0485228
0.0485228
0.0485228
0.0485228
0.0485228
0.0485228
0.0485228
0.0485228
0.0485228
0.0485228
0.0485228
0.0485228
0.0485228
0.0485228
0.0485228
0.0485228
0.0485228
0.0485228
0.0485228
0.0485228
0.0485228
0.0485228
0.0485228
0.0485228
0.0485228
0.0485228
0.0485228
0.0485228
0.0485228
0.0485228
0.0485228
0.0485228
0.0485228
0.0485228
0.0485228
0.0485228
0.0485228
0.0485228
0.0485228
0.0485228
0.0485228
0.0485228
0.0485228
0.0485228
0.0485228
0.0485228
0.0485228
0.0485228
0.0485228
0.0485228
0.0485228
0.0485228
0.0485228
0.0485228
0.0485228
0.0485228
0.0485228
0.0485228
0.0485228
0.0485228
0.0485228
0.0485228
0.0485228
0.0485228
0.0485228
0.0485228
0.0485228
0.0485228
0.0485228
0.0485228
0.0485228
0.0485228
0.0485228
0.0485228
0.0485228
0.0485228
0.0485228
0.0485228
0.0485228
0.0485228
0.0485228
0.0485228
0.0485228
0.0485228
0.0485228
0.0485228
0.0485228
0.0485228
0.0485228
0.0485228
0.0485228
0.0485228
0.0485228
0.0485228
0.0485228
0.0485228
0.0485228
0.0485228
0.0485228
0.0485228
0.0485228
0.0485228
0.0485228
0.0485228
0.0485228
0.0485228
0.0485228
0.0485228
0.0485228
0.0485228
0.0485228
0.0485228
0.0485228
0.0485228
0.0485228
0.0485228
0.0485228
0.0485228
0.0485228
0.0485228
0.0485228
0.0485228
0.0485228
0.0485228
0.0485228
0.0485228
0.0485228
0.0485228
0.0485228
0.0485228
0.0485228
0.0485228
0.0485228
0.0485228
0.0485228
0.0485228
0.0485228
0.0485228
0.0485228
0.0485228
0.0485228
0.0485228
0.0485228
0.0485228
0.0485228
0.0485228
0.0485228
0.0485228
0.0485228
0.0485228
0.0485228
0.0485228
0.0485228
0.0485228
0.0485228
0.0485228
0.0485228
0.0485228
0.0485228
0.0485228
0.0485228
0.0482061
0.0474145
0.0467005
0.0459609
0.045134
0.045134
0.045134
0.045134
0.045134
0.045134
0.045134
0.045134
0.045134
0.045134
0.045134
0.045134
0.045134
0.045134
0.045134
0.045134
0.045134
0.045134
0.045134
0.045134
0.045134
0.045134
0.045134
0.045134
0.045134
0.045134
0.045134
0.045134
0.045134
0.045134
0.045134
0.045134
0.045134
0.045134
0.045134
0.045134
0.045134
0.045134
0.045134
0.045134
0.045134
0.045134
0.045134
0.045134
0.045134
0.045134
0.045134
0.045134
0.045134
0.045134
0.045134
0.045134
0.045134
0.045134
0.045134
0.045134
0.045134
0.045134
0.045134
0.045134
0.045134
0.045134
0.045134
0.045134
0.045134
0.045134
0.045134
0.045134
0.045134
0.045134
0.045134
0.045134
0.045134
0.045134
0.045134
0.045134
0.045134
0.045134
0.045134
0.045134
0.045134
0.045134
0.045134
0.045134
0.045134
0.045134
0.045134
0.045134
0.045134
0.045134
0.045134
0.045134
0.045134
0.045134
0.045134
0.045134
0.045134
0.045134
0.045134
0.045134
0.045134
0.045134
0.045134
0.045134
0.045134
0.045134
0.045134
