4.97589e+08
2.70619e+08
8.01541e+07
1.8396e+07
1.39256e+07
1.39256e+07
1.39256e+07
1.39256e+07
1.39256e+07
1.39256e+07
3.91699e+06
3.91699e+06
3.91699e+06
2.24939e+06
2.24939e+06
2.24939e+06
1.47814e+06
1.47814e+06
1.47814e+06
1.47814e+06
1.47814e+06
1.47814e+06
1.47814e+06
886862
688366
519817
519817
519817
349294
272964
183308
183308
183308
152925
146352
114341
95214.7
95214.7
79952.8
53504.5
50074.1
28653.8
25250.1
20335.9
18447.7
18447.7
18447.7
12644.1
12644.1
9878.11
8796.95
8066.38
6114.36
6114.36
6114.36
6114.36
4197.97
2936.87
2758.68
2758.68
2758.68
1992.07
1680.49
1680.49
1680.49
1361.51
1237.93
814.638
707.688
707.688
566.892
423.518
291.013
291.013
291.013
291.013
291.013
291.013
291.013
291.013
257.798
257.798
228.893
153.776
135.836
135.836
134.455
107.252
104.42
104.42
104.42
93.2868
73.8744
73.8744
72.1298
72.1298
69.5466
56.5723
56.5723
50.1633
49.0487
49.0487
46.8278
40.487
37.825
37.825
37.825
37.825
35.4332
35.4332
35.4332
35.4332
35.4332
35.4332
35.1635
34.4789
33.2868
31.3873
31.3873
31.3873
31.2015
30.6243
30.0873
30.0873
29.7276
29.7276
29.6269
29.5083
29.2936
28.9621
28.6354
28.452
28.4375
28.2036
28.0155
27.8982
27.8953
27.8262
27.6677
27.3191
27.3191
27.3191
27.2271
27.0266
26.9563
26.8308
26.7684
26.6768
26.6356
26.5618
26.5323
26.4787
26.4031
26.3393
26.2671
26.2044
26.1666
26.105
26.0478
26.0282
25.9614
25.9066
25.8712
25.831
25.7313
25.7199
25.6755
25.621
25.5688
25.5301
25.4922
25.4536
25.3924
25.3661
25.3345
25.2948
25.2569
25.2232
25.1875
25.1579
25.1282
25.0923
25.0627
25.0348
25.002
24.9719
24.9406
24.9098
24.8754
24.8472
24.8074
24.7781
24.7421
24.7104
24.6752
24.6475
24.6142
24.5838
24.5476
24.5167
24.4854
24.4531
24.4221
24.3872
24.3581
24.3226
24.2937
24.2634
24.2279
24.1941
24.1645
24.1261
24.0979
24.0604
24.0302
23.9944
23.9602
23.926
23.8896
23.851
23.8114
23.7801
23.7424
23.7054
23.669
23.6283
23.5889
23.5546
23.5158
23.4748
23.4358
23.3956
23.3542
23.3105
23.2692
23.2267
23.1864
23.1398
23.0975
23.0525
23.0115
22.963
22.9171
22.8797
22.8409
22.7967
22.7542
22.7139
22.6716
22.6245
22.5829
22.5384
22.4937
22.4433
22.3998
22.3526
22.3004
22.2532
22.1998
22.1403
22.0985
22.0497
21.9936
21.9396
21.8878
21.8382
21.782
21.7329
21.6772
21.6299
21.5752
21.5286
21.4768
21.4177
21.3699
21.3164
21.2621
21.2073
21.1526
21.1021
21.0574
21.0068
20.9575
20.9008
20.8524
20.8008
20.7499
20.6959
20.6381
20.5895
20.5374
20.4818
20.4274
20.3744
20.3156
20.2611
20.2023
20.1349
20.0786
20.0193
19.9587
19.8903
19.8436
19.7785
19.7224
19.6592
19.6028
19.5476
19.4906
19.4366
19.3759
19.3276
19.2734
19.2241
19.1633
19.1102
19.0537
19.0144
18.9618
18.9114
18.8567
18.8108
18.7564
18.7034
18.6508
18.6018
18.5549
18.5116
18.4631
18.4149
18.3647
18.3185
18.271
18.2231
18.1734
18.1253
18.0861
18.03
17.9852
17.9346
17.888
17.8342
17.7881
17.7293
17.6855
17.639
17.5855
17.5333
17.4845
17.4317
17.3782
17.3272
17.2713
17.2215
17.1687
17.1191
17.0695
17.0228
16.9726
16.9254
16.8755
16.8153
16.7695
16.7207
16.6767
16.6288
16.5812
16.536
16.4978
16.4567
16.4136
16.3748
16.3359
16.29
16.255
16.213
16.1715
16.1355
16.0956
16.0641
16.026
15.9935
15.9613
15.9289
15.8967
15.8643
15.8266
15.8046
15.7711
15.7387
15.7058
15.6711
15.6348
15.5998
15.5657
15.5271
15.486
15.4588
15.4215
15.3803
15.3438
15.3092
15.2771
15.239
15.2054
15.1702
15.1358
15.0996
15.0646
15.0286
14.9932
14.9592
14.9207
14.8887
14.8532
14.8127
14.7785
14.7381
14.7045
14.6666
14.6294
14.5902
14.5566
14.5207
14.484
14.4436
14.4055
14.3708
14.3314
14.2895
14.2514
14.2053
14.1748
14.1345
14.0932
14.0529
14.0101
13.9731
13.9295
13.8886
13.8482
13.8088
13.7697
13.7331
13.6927
13.6556
13.614
13.5738
13.5344
13.4964
13.4583
13.4177
13.3761
13.3393
13.3028
13.2614
13.223
13.1862
13.151
13.1099
13.0758
13.0374
13.0013
12.9598
12.9263
12.8932
12.8493
12.8221
12.7826
12.743
12.705
12.6722
12.6342
12.5961
12.5618
12.525
12.4879
12.4522
12.41
12.3733
12.3307
12.2911
12.2408
12.201
12.1552
12.1144
12.0672
12.0226
11.9764
11.9322
11.886
11.8389
11.7943
11.7412
11.6886
11.6439
11.591
11.5429
11.4958
11.4451
11.4002
11.3503
11.2969
11.2523
11.2029
11.1574
11.114
11.0698
11.0266
10.9804
10.9407
10.9006
10.845
10.8106
10.7695
10.7197
10.6795
10.6276
10.5813
10.5363
10.4912
10.4467
10.4038
10.3616
10.3188
10.278
10.2341
10.1897
10.1447
10.1037
10.0618
10.013
9.97639
9.93906
9.894
9.84932
9.80853
9.76767
9.72848
9.68105
9.6409
9.59579
9.55201
9.50964
9.45776
9.41623
9.36687
9.3254
9.27459
9.22807
9.18553
9.13371
9.09179
9.04587
8.99832
8.95285
8.91102
8.86141
8.81843
8.76386
8.71382
8.6698
8.62075
8.56791
8.52409
8.47577
8.43138
8.37827
8.32617
8.27867
8.23237
8.17942
8.12771
8.07622
8.02733
7.9727
7.92475
7.87736
7.82654
7.77281
7.73062
7.67759
7.62337
7.57528
7.52557
7.46003
7.42141
7.36656
7.30533
7.25514
7.19455
7.13724
7.07993
7.01788
6.97139
6.91359
6.85608
6.79026
6.74294
6.68407
6.61447
6.56715
6.51822
6.4652
6.40303
6.36011
6.30708
6.25795
6.20431
6.15682
6.10198
6.05339
6.00741
5.95432
5.90484
5.85846
5.80236
5.75298
5.70522
5.65913
5.6154
5.57093
5.52489
5.47218
5.4404
5.3959
5.35035
5.3108
5.26757
5.22457
5.18575
5.14077
5.09776
5.05874
5.01176
4.96635
4.92672
4.88025
4.83422
4.78588
4.74901
4.7027
4.66503
4.6197
4.58657
4.54262
4.5022
4.4657
4.42313
4.38718
4.34789
4.30932
4.26619
4.23181
4.19019
4.15037
4.11151
4.06627
4.0294
3.98864
3.94104
3.90253
3.85595
3.81275
3.77088
3.72462
3.68086
3.63557
3.58415
3.54026
3.49957
3.45119
3.40389
3.36181
3.31503
3.27114
3.22231
3.18101
3.13421
3.09178
3.05035
3.01087
2.96884
2.93202
2.89083
2.84919
2.81467
2.77717
2.73588
2.69604
2.65855
2.61998
2.57966
2.53096
2.49143
2.45281
2.40964
2.36705
2.33313
2.2923
2.24909
2.21197
2.1709
2.13043
2.09059
2.05457
2.01413
1.97893
1.9399
1.89934
1.85934
1.82064
1.78048
1.73984
1.69703
1.66363
1.62385
1.58316
1.55014
1.50977
1.47705
1.44092
1.4057
1.37277
1.34193
1.30523
1.27411
1.24532
1.21624
1.19246
1.1661
1.13778
1.10864
1.08454
1.05982
1.03236
1.01142
0.989767
0.967717
0.949135
0.929241
0.909142
0.889077
0.869602
0.852102
0.832747
0.816056
0.799454
0.784084
0.765315
0.750073
0.731634
0.716021
0.702034
0.686942
0.671995
0.65893
0.643258
0.631538
0.617717
0.60372
0.591145
0.579158
0.564676
0.553536
0.543183
0.530776
0.521627
0.510344
0.501364
0.492131
0.48422
0.474898
0.465716
0.458669
0.450877
0.442845
0.435361
0.428961
0.421709
0.415342
0.408467
0.402621
0.396773
0.391181
0.384176
0.37937
0.373622
0.368532
0.363275
0.358702
0.353261
0.348167
0.342397
0.33725
0.332534
0.326589
0.322226
0.317477
0.312737
0.307512
0.303245
0.297926
0.293109
0.287543
0.283463
0.278669
0.273831
0.26959
0.264572
0.2602
0.256239
0.25184
0.248128
0.244298
0.240283
0.236471
0.232703
0.229254
0.225743
0.222205
0.218804
0.215455
0.21206
0.208481
0.205139
0.201345
0.198106
0.194252
0.19147
0.187984
0.184784
0.18173
0.178532
0.175534
0.172773
0.169881
0.167001
0.164111
0.161436
0.158635
0.155901
0.153069
0.150579
0.148181
0.14544
0.14288
0.140539
0.138027
0.135808
0.133197
0.131269
0.128996
0.126899
0.12465
0.122463
0.120521
0.118559
0.116724
0.114786
0.112814
0.111239
0.10944
0.107832
0.106145
0.104616
0.103088
0.101564
0.100198
0.0988918
0.0974533
0.096125
0.0949338
0.0936148
0.0923342
0.0911157
0.089916
0.0886548
0.0874872
0.0861675
0.0849712
0.0840177
0.0829102
0.0817233
0.0807954
0.0797168
0.0787754
0.077792
0.0767088
0.075804
0.0749323
0.0739686
0.0730516
0.0720826
0.0712111
0.0703611
0.0695075
0.0686684
0.067875
0.0670493
0.066301
0.0654002
0.0646499
0.0638553
0.063069
0.0623496
0.0615681
0.0607955
0.0600607
0.059348
0.0585957
0.05786
0.0570888
0.0563709
0.0556379
0.0548854
0.0541327
0.0534765
0.0527525
0.0520544
0.0513882
0.0507017
0.0499438
0.0494066
0.0487626
0.0480937
0.0474446
0.0468079
0.0461314
0.0455184
0.0448279
0.0441826
0.0435729
0.0428933
0.0422909
0.041703
0.0411184
0.040492
0.0399505
0.0393829
0.03882
0.03882
0.03882
0.03882
0.03882
0.03882
0.03882
0.03882
0.03882
0.03882
0.03882
0.03882
0.03882
0.03882
0.03882
0.03882
0.03882
0.03882
0.03882
0.03882
0.03882
0.03882
0.03882
0.03882
0.03882
0.03882
0.03882
0.03882
0.03882
0.03882
0.03882
0.03882
0.03882
0.03882
0.03882
0.03882
0.03882
0.03882
0.03882
0.03882
0.03882
0.03882
0.03882
0.03882
0.03882
0.03882
0.03882
0.03882
0.03882
0.03882
0.03882
0.03882
0.03882
0.03882
0.03882
0.03882
0.03882
0.03882
0.03882
0.03882
0.03882
0.03882
0.03882
0.03882
0.03882
0.03882
0.03882
0.03882
0.03882
0.03882
0.03882
0.03882
0.03882
0.03882
0.03882
0.03882
0.03882
0.03882
0.03882
0.03882
0.03882
0.03882
0.03882
0.03882
0.03882
0.03882
0.03882
0.03882
0.03882
0.03882
0.03882
0.03882
0.03882
0.03882
0.03882
0.03882
0.03882
0.03882
0.03882
0.03882
0.03882
0.03882
0.03882
0.03882
0.03882
0.03882
0.03882
0.03882
0.03882
0.03882
0.03882
0.03882
0.03882
0.03882
0.03882
0.03882
0.03882
0.03882
0.03882
0.03882
0.03882
0.03882
0.03882
0.03882
0.03882
0.03882
0.03882
0.03882
0.03882
0.03882
0.03882
0.03882
0.03882
0.03882
0.03882
0.03882
0.03882
0.03882
0.03882
0.03882
0.03882
0.03882
0.03882
0.03882
0.03882
0.03882
0.03882
0.03882
0.03882
0.03882
0.03882
0.03882
0.03882
0.03882
0.03882
0.03882
0.03882
0.03882
0.03882
0.03882
0.03882
0.03882
0.03882
0.03882
0.03882
0.03882
0.03882
0.03882
0.03882
0.03882
0.03882
0.03882
0.03882
0.03882
0.03882
0.03882
0.03882
0.03882
0.03882
0.03882
0.03882
0.03882
0.03882
0.03882
0.03882
0.03882
0.03882
0.03882
0.03882
0.03882
0.03882
0.03882
0.03882
0.03882
0.03882
0.03882
0.03882
0.03882
0.03882
0.03882
0.03882
0.03882
0.03882
0.03882
0.03882
0.03882
0.03882
0.03882
0.03882
0.03882
0.03882
0.03882
0.03882
0.03882
0.03882
0.03882
0.03882
0.03882
0.03882
0.03882
0.03882
0.03882
0.03882
0.03882
0.03882
0.03882
0.03882
0.03882
0.03882
0.03882
0.03882
0.03882
0.03882
0.03882
0.03882
0.03882
0.03882
0.03882
0.03882
0.03882
0.03882
0.03882
0.03882
0.03882
0.03882
0.03882
0.03882
0.03882
0.03882
0.03882
0.03882
0.03882
0.03882
0.03882
0.03882
0.03882
0.03882
0.03882
0.03882
0.03882
0.03882
0.03882
0.03882
0.03882
0.03882
0.03882
0.03882
0.03882
0.03882
0.03882
0.03882
0.03882
0.03882
0.03882
0.03882
0.03882
0.03882
0.03882
0.03882
0.03882
0.03882
0.03882
0.03882
0.03882
0.03882
0.03882
0.03882
0.03882
0.03882
0.03882
0.03882
0.03882
0.03882
0.03882
0.03882
0.03882
0.03882
0.03882
0.03882
0.03882
0.03882
0.03882
0.03882
0.03882
0.03882
0.03882
0.03882
0.03882
0.03882
0.03882
0.03882
0.03882
0.03882
0.03882
0.03882
0.03882
0.03882
0.03882
0.03882
0.03882
0.03882
0.03882
0.03882
0.03882
0.03882
0.03882
0.03882
0.03882
0.03882
0.03882
0.03882
0.03882
0.03882
0.03882
0.03882
0.03882
0.03882
0.03882
0.03882
0.03882
0.03882
0.03882
0.03882
0.03882
0.03882
0.03882
0.03882
0.03882
0.03882
0.03882
0.03882
0.03882
0.03882
0.03882
0.03882
0.03882
0.03882
0.03882
0.03882
0.03882
0.03882
0.03882
0.03882
0.03882
0.03882
0.03882
0.03882
0.03882
0.03882
0.03882
0.03882
0.03882
0.03882
0.03882
0.03882
0.03882
0.03882
0.03882
0.03882
0.03882
0.03882
0.03882
0.03882
0.03882
0.03882
0.03882
0.03882
0.03882
0.03882
0.03882
0.03882
0.03882
0.03882
0.03882
0.03882
0.03882
0.03882
0.03882
0.03882
0.03882
0.03882
0.03882
0.03882
0.03882
0.03882
0.03882
0.03882
0.03882
0.03882
0.03882
0.03882
0.03882
0.03882
0.03882
0.03882
0.03882
0.03882
0.03882
0.03882
0.03882
0.03882
0.03882
0.03882
0.03882
0.03882
0.03882
0.03882
0.03882
0.03882
0.03882
0.03882
0.03882
0.03882
0.03882
0.03882
0.03882
0.03882
0.03882
0.03882
0.03882
0.03882
0.03882
0.03882
0.03882
0.03882
0.03882
0.03882
0.03882
0.03882
0.03882
0.03882
0.03882
0.03882
0.03882
0.03882
0.03882
0.03882
0.03882
0.03882
0.03882
0.03882
0.03882
0.03882
0.03882
0.03882
0.03882
0.03882
0.03882
0.03882
0.03882
0.03882
0.03882
0.03882
0.03882
0.03882
0.03882
0.03882
0.03882
0.03882
0.03882
0.03882
0.03882
0.03882
0.03882
0.03882
0.03882
0.03882
0.03882
0.03882
0.03882
0.03882
0.03882
0.03882
0.03882
0.03882
0.03882
0.03882
0.03882
0.03882
0.03882
0.03882
0.03882
0.03882
0.03882
0.03882
0.03882
0.03882
0.03882
0.03882
0.03882
0.03882
0.03882
0.03882
0.03882
0.03882
0.03882
0.03882
0.03882
0.03882
0.03882
0.03882
0.03882
0.03882
0.03882
0.03882
0.03882
0.03882
0.03882
0.03882
0.03882
0.03882
0.03882
0.03882
0.03882
0.03882
0.03882
0.03882
0.03882
0.03882
0.03882
0.03882
0.03882
0.03882
0.03882
0.03882
0.03882
0.03882
0.03882
0.03882
0.03882
0.03882
0.03882
0.03882
0.03882
0.03882
0.03882
0.03882
0.03882
0.03882
0.03882
0.03882
0.03882
0.03882
0.03882
0.03882
0.03882
0.03882
0.03882
0.03882
0.03882
0.03882
0.03882
0.03882
0.03882
0.03882
0.03882
0.03882
0.03882
0.03882
0.03882
0.03882
0.03882
0.03882
0.03882
0.03882
0.03882
0.03882
0.03882
0.03882
0.03882
0.03882
0.03882
0.03882
0.03882
0.03882
0.03882
0.03882
0.03882
0.03882
0.03882
0.03882
0.03882
0.03882
0.03882
0.03882
0.03882
0.03882
0.03882
0.03882
0.03882
0.03882
0.03882
0.03882
0.03882
0.03882
0.03882
0.03882
0.03882
0.03882
0.03882
0.03882
0.03882
0.03882
0.03882
0.03882
0.03882
0.03882
0.03882
0.03882
0.03882
0.03882
0.03882
0.03882
0.03882
0.03882
0.03882
0.03882
0.03882
0.03882
0.03882
0.03882
0.03882
0.03882
0.03882
0.03882
0.03882
0.03882
0.03882
0.03882
0.03882
0.03882
0.03882
0.03882
0.03882
0.03882
0.03882
0.03882
0.03882
0.03882
0.03882
0.03882
0.03882
0.03882
0.03882
0.03882
0.03882
0.03882
0.03882
0.03882
0.03882
0.03882
0.03882
0.03882
0.03882
0.03882
0.03882
0.03882
0.03882
0.03882
0.03882
0.03882
0.03882
0.03882
0.03882
0.03882
0.03882
0.03882
0.03882
0.03882
0.03882
0.03882
0.03882
0.03882
0.03882
0.03882
0.03882
0.03882
0.03882
0.03882
0.03882
0.03882
0.03882
0.03882
0.03882
0.03882
0.03882
0.03882
0.03882
0.03882
0.03882
0.03882
0.03882
0.03882
0.03882
0.03882
0.03882
0.03882
0.03882
0.03882
0.03882
0.03882
0.03882
0.03882
0.03882
0.03882
0.03882
0.03882
0.03882
0.03882
0.03882
0.03882
0.03882
0.03882
0.03882
0.03882
0.03882
0.03882
0.03882
0.03882
0.03882
0.03882
0.03882
0.03882
0.03882
0.03882
0.03882
0.03882
0.03882
0.03882
0.03882
0.03882
0.03882
0.03882
0.03882
0.03882
0.03882
0.03882
0.03882
0.03882
0.03882
0.03882
0.03882
0.03882
0.03882
0.03882
0.03882
0.03882
0.03882
0.03882
0.03882
0.03882
0.03882
0.03882
0.03882
0.03882
0.03882
0.03882
0.03882
0.03882
0.03882
0.03882
0.03882
0.03882
0.03882
0.03882
0.03882
0.03882
0.03882
0.03882
0.03882
0.03882
0.03882
0.03882
0.03882
0.03882
0.03882
0.03882
0.03882
0.03882
0.03882
0.03882
0.03882
0.03882
0.03882
0.03882
0.03882
0.03882
0.03882
0.03882
0.03882
0.03882
0.03882
0.03882
0.03882
0.03882
0.03882
0.03882
0.03882
0.03882
0.03882
0.03882
0.03882
0.03882
0.03882
0.03882
0.03882
0.03882
0.03882
0.03882
0.03882
0.03882
0.03882
0.03882
0.03882
0.03882
0.03882
0.03882
0.03882
0.03882
0.03882
0.03882
0.03882
0.03882
0.03882
0.03882
0.03882
0.03882
0.03882
0.03882
0.03882
0.03882
0.03882
0.03882
0.03882
0.03882
0.03882
0.03882
0.03882
0.03882
0.03882
0.03882
0.03882
0.03882
0.03882
0.03882
0.03882
0.03882
0.03882
0.03882
0.03882
0.03882
0.03882
0.03882
0.03882
0.03882
0.03882
0.03882
0.03882
0.03882
0.03882
0.03882
0.03882
0.03882
0.03882
0.03882
0.03882
0.03882
0.03882
0.03882
0.03882
0.03882
0.03882
0.03882
0.03882
0.03882
0.03882
0.03882
0.03882
0.03882
0.03882
0.03882
0.03882
0.03882
0.03882
0.03882
0.03882
0.03882
0.03882
0.03882
0.03882
0.03882
0.03882
0.03882
0.03882
0.03882
0.03882
0.03882
0.03882
0.03882
0.03882
0.03882
0.03882
0.03882
0.03882
0.03882
0.03882
0.03882
0.03882
0.03882
0.03882
0.03882
0.03882
0.03882
0.03882
0.03882
0.03882
0.03882
0.03882
0.03882
0.03882
0.03882
0.03882
0.03882
0.03882
0.03882
0.03882
0.03882
0.03882
0.03882
0.03882
0.03882
0.03882
0.03882
0.03882
0.03882
0.03882
0.03882
0.03882
0.03882
0.03882
0.03882
0.03882
0.03882
0.03882
0.03882
0.03882
0.03882
0.03882
0.03882
0.03882
0.03882
0.03882
0.03882
0.03882
