4.2814e+08
1.95872e+08
4.92454e+07
1.83132e+07
6.13157e+06
6.13157e+06
6.13157e+06
6.13157e+06
6.13157e+06
6.13157e+06
6.13157e+06
6.13157e+06
6.13157e+06
6.13157e+06
6.13157e+06
5.90022e+06
4.85812e+06
2.3426e+06
2.3426e+06
2.3426e+06
2.3426e+06
2.3426e+06
1.53936e+06
1.53936e+06
1.53936e+06
1.31413e+06
529869
529869
529869
529869
529869
482484
345028
298580
176524
176524
171737
61970.3
61970.3
61970.3
52473.9
52473.9
52473.9
36625.9
36625.9
36625.9
24514.7
24514.7
17343.7
13213.9
13213.9
13213.9
10834
10834
10834
8138.79
8138.79
8138.79
7308.89
5334.84
4113.72
3536.7
1992.16
1992.16
1954.52
1484.19
1484.19
1261.48
1261.48
1261.48
1261.48
1261.48
1261.48
986.708
739.587
446.38
446.38
446.38
419.646
419.646
419.646
419.646
336.598
336.598
336.598
336.598
258.072
240.478
227.339
227.339
200.424
200.424
176.196
172.631
172.631
172.631
172.631
172.631
172.631
172.631
125.966
125.686
114.746
104.21
71.1596
64.0763
58.138
47.4125
47.4125
47.4125
47.4125
47.4125
47.4125
47.4125
45.2197
42.7133
40.7169
40.7169
37.9656
37.9656
37.9656
37.9656
37.7066
37.7066
34.2026
33.6541
30.7381
29.3366
29.3366
29.3366
29.3366
29.3366
29.1008
29.1008
28.7607
28.7607
28.7607
28.4998
28.4453
28.3567
28.3567
28.3567
28.2858
28.2069
27.7907
27.6909
27.6108
27.0191
27.0191
27.0191
27.0191
26.9507
26.9278
26.8002
26.6933
26.5525
26.2816
26.2397
26.1916
26.1062
26.0706
26.0372
25.9793
25.8659
25.7515
25.7004
25.6429
25.5204
25.421
25.3766
25.2778
25.1635
25.1269
25.0709
25.0022
24.9793
24.9444
24.9113
24.8509
24.7959
24.7428
24.6934
24.6235
24.5477
24.4832
24.3969
24.3458
24.2899
24.2161
24.1359
24.0838
24.0198
23.9629
23.9057
23.8533
23.7989
23.7473
23.6968
23.6345
23.5955
23.543
23.4965
23.4475
23.4028
23.3572
23.3082
23.2582
23.2182
23.1691
23.1172
23.0724
23.0255
22.9684
22.9351
22.8874
22.8337
22.7934
22.748
22.6985
22.6541
22.6022
22.5496
22.5109
22.465
22.4178
22.3745
22.3282
22.288
22.2389
22.1932
22.1519
22.1099
22.0635
22.0208
21.9792
21.9321
21.8854
21.8428
21.8003
21.7507
21.7094
21.6686
21.6284
21.5868
21.5477
21.5046
21.4674
21.4231
21.3815
21.3395
21.2984
21.2543
21.2134
21.1715
21.1275
21.083
21.0456
21.0061
20.9658
20.911
20.8845
20.8398
20.8009
20.7624
20.7151
20.6752
20.6353
20.5935
20.5527
20.5111
20.4676
20.4262
20.3871
20.3493
20.312
20.2721
20.2314
20.1928
20.1518
20.1124
20.0692
20.0324
19.9896
19.9481
19.9093
19.8685
19.8292
19.7886
19.7468
19.7036
19.667
19.63
19.588
19.5493
19.5106
19.4754
19.4389
19.398
19.3605
19.3234
19.2863
19.2457
19.2086
19.1721
19.1342
19.0933
19.057
19.0168
18.9779
18.939
18.9007
18.8595
18.8214
18.7831
18.7451
18.706
18.6639
18.6277
18.5883
18.5539
18.5166
18.4811
18.4411
18.4074
18.3657
18.3311
18.2988
18.2625
18.2271
18.1918
18.155
18.1209
18.0836
18.052
18.0174
17.9864
17.9567
17.9212
17.8931
17.8632
17.8282
17.796
17.7671
17.7399
17.706
17.6803
17.65
17.6198
17.5908
17.561
17.5275
17.4896
17.4641
17.4299
17.4017
17.3633
17.3325
17.2991
17.2664
17.228
17.1956
17.1592
17.1204
17.088
17.0443
17.0096
16.9737
16.9346
16.8964
16.8527
16.8194
16.7788
16.7383
16.699
16.6602
16.6229
16.5816
16.5404
16.5051
16.4642
16.4255
16.3874
16.3478
16.3037
16.2695
16.224
16.1885
16.1492
16.1088
16.0694
16.0327
15.9889
15.9514
15.9122
15.8734
15.8338
15.7967
15.7574
15.7174
15.6819
15.6439
15.6063
15.5689
15.5307
15.488
15.4567
15.4221
15.3861
15.3528
15.3182
15.2839
15.2521
15.2127
15.1795
15.1447
15.1104
15.0726
15.0399
15.0018
14.9691
14.9317
14.8975
14.8604
14.8205
14.7867
14.7498
14.7134
14.6792
14.6418
14.6041
14.5666
14.5268
14.4952
14.4606
14.4238
14.3934
14.3592
14.324
14.2913
14.2565
14.2172
14.1815
14.1437
14.1109
14.0649
14.0324
13.9945
13.949
13.9113
13.8658
13.8306
13.79
13.7471
13.7103
13.6708
13.6249
13.5912
13.5499
13.506
13.4732
13.4342
13.392
13.3552
13.3157
13.277
13.237
13.1942
13.1571
13.1182
13.0783
13.0382
12.9979
12.9609
12.9206
12.8803
12.8391
12.8054
12.762
12.7248
12.6818
12.6411
12.6015
12.556
12.5135
12.4756
12.4307
12.3878
12.3476
12.3051
12.2647
12.2216
12.1811
12.1426
12.0942
12.0546
12.0128
11.9751
11.9311
11.8913
11.8454
11.807
11.7668
11.7204
11.679
11.6409
11.5954
11.555
11.515
11.4659
11.4241
11.378
11.3337
11.2854
11.2376
11.1866
11.1486
11.1012
11.0573
11.0076
10.957
10.9083
10.8609
10.8124
10.7602
10.6998
10.6582
10.6096
10.5498
10.5074
10.4568
10.4104
10.3546
10.3089
10.2629
10.2168
10.1622
10.1153
10.0612
10.0123
9.95804
9.90974
9.85312
9.81082
9.76463
9.70952
9.66721
9.62017
9.56582
9.51947
9.46841
9.42027
9.37459
9.32811
9.28179
9.23505
9.18365
9.1279
9.08543
9.04144
8.99469
8.9503
8.89821
8.86141
8.81164
8.76169
8.71175
8.67564
8.62409
8.57741
8.5306
8.48169
8.439
8.39513
8.34552
8.30531
8.26637
8.21598
8.18156
8.13815
8.09989
8.06442
8.02076
7.98563
7.94206
7.90174
7.86314
7.81661
7.78222
7.74057
7.6975
7.65668
7.60836
7.56976
7.52523
7.48108
7.43731
7.39474
7.35009
7.30922
7.26565
7.22159
7.17656
7.13594
7.0928
7.04703
7.00616
6.97311
6.93374
6.89124
6.85487
6.82347
6.78593
6.74893
6.70699
6.66013
6.6057
6.57098
6.51716
6.4754
6.43021
6.38404
6.34275
6.30611
6.26733
6.22328
6.18487
6.14352
6.09924
6.06024
6.0155
5.97133
5.92627
5.87787
5.83269
5.78961
5.74215
5.69691
5.64861
5.59119
5.55401
5.50432
5.45257
5.4051
5.3683
5.32346
5.27374
5.23244
5.18683
5.14273
5.10426
5.06104
5.01772
4.97815
4.93044
4.89121
4.84563
4.80419
4.76084
4.71764
4.6754
4.62444
4.5808
4.54215
4.50289
4.45938
4.41528
4.37287
4.33241
4.28836
4.24854
4.20561
4.16175
4.12141
4.07907
4.03718
3.99853
3.95958
3.91672
3.87898
3.83653
3.79456
3.75122
3.70408
3.6614
3.61769
3.57356
3.53163
3.48813
3.44795
3.40326
3.35499
3.30859
3.26548
3.22229
3.16992
3.12337
3.07775
3.02714
2.98177
2.93308
2.88789
2.84009
2.78926
2.74882
2.69399
2.65198
2.60632
2.56453
2.50873
2.47898
2.43609
2.39239
2.35597
2.31661
2.28017
2.24791
2.20947
2.18154
2.1513
2.11949
2.09338
2.06979
2.04268
2.02375
2.00355
1.98272
1.96187
1.93957
1.92068
1.89727
1.87769
1.85605
1.83582
1.81121
1.79038
1.76814
1.74394
1.7236
1.70167
1.68085
1.65959
1.64012
1.62093
1.60122
1.58238
1.56428
1.54529
1.5251
1.50307
1.48226
1.46055
1.43917
1.41634
1.39654
1.37636
1.35607
1.33756
1.31914
1.29936
1.27907
1.25907
1.23773
1.21781
1.19682
1.17576
1.15561
1.13429
1.11195
1.09349
1.07104
1.05311
1.03097
1.00953
0.988135
0.966728
0.946916
0.92245
0.904133
0.883554
0.862269
0.84404
0.820158
0.804982
0.785508
0.765642
0.748628
0.73173
0.710916
0.695869
0.680282
0.663999
0.648588
0.633331
0.617957
0.604457
0.588909
0.576594
0.562707
0.55136
0.539134
0.524655
0.512757
0.500284
0.48895
0.476377
0.464142
0.453679
0.442433
0.431857
0.421437
0.410152
0.399818
0.390485
0.380013
0.369643
0.360704
0.349969
0.341692
0.332495
0.323921
0.3148
0.30775
0.299867
0.292721
0.284649
0.277379
0.27152
0.264781
0.258116
0.252168
0.24564
0.239559
0.233633
0.227482
0.221198
0.216412
0.209775
0.205155
0.199515
0.194851
0.19031
0.185604
0.180898
0.176075
0.17232
0.168443
0.163739
0.160816
0.157312
0.15399
0.150465
0.147475
0.144022
0.141329
0.138114
0.135236
0.132733
0.129709
0.126713
0.123631
0.121116
0.118264
0.115835
0.113425
0.110579
0.108107
0.105789
0.103485
0.101423
0.099618
0.0973284
0.0954442
0.0935511
0.0918247
0.0900563
0.0883137
0.0865271
0.0849947
0.083181
0.0815628
0.0799128
0.0782751
0.0768782
0.0753928
0.0740166
0.0724763
0.0712235
0.0697999
0.0686764
0.0674788
0.0662982
0.0651877
0.0640757
0.0630095
0.0620133
0.0610031
0.0601287
0.0592059
0.0583622
0.0573771
0.0565928
0.0556948
0.0549643
0.0541701
0.053472
0.0526823
0.0519237
0.0512833
0.0506158
0.0500045
0.0493903
0.0488374
0.0482669
0.0476707
0.0471905
0.0466743
0.0466743
0.0466743
0.0466743
0.0466743
0.0466743
0.0466743
0.0466743
0.0466743
0.0466743
0.0466743
0.0466743
0.0466743
0.0466743
0.0466743
0.0466743
0.0466743
0.0466743
0.0466743
0.0466743
0.0466743
0.0466743
0.0466743
0.0466743
0.0466743
0.0466743
0.0466743
0.0466743
0.0466743
0.0466743
0.0466743
0.0466743
0.0466743
0.0466743
0.0466743
0.0466743
0.0466743
0.0466743
0.0466743
0.0466743
0.0466743
0.0466743
0.0466743
0.0466743
0.0466743
0.0466743
0.0466743
0.0466743
0.0466743
0.0466743
0.0466743
0.0466743
0.0466743
0.0466743
0.0466743
0.0466743
0.0466743
0.0466743
0.0466743
0.0466743
0.0466743
0.0466743
0.0466743
0.0466743
0.0466743
0.0466743
0.0466743
0.0466743
0.0466743
0.0466743
0.0466743
0.0466743
0.0466743
0.0466743
0.0466743
0.0466743
0.0466743
0.0466743
0.0466743
0.0466743
0.0466743
0.0466743
0.0466743
0.0466743
0.0466743
0.0466743
0.0466743
0.0466743
0.0466743
0.0466743
0.0466743
0.0466743
0.0466743
0.0466743
0.0466743
0.0466743
0.0466743
0.0466743
0.0466743
0.0466743
0.0466743
0.0466743
0.0466743
0.0466743
0.0466743
0.0466743
0.0466743
0.0466743
0.0466743
0.0466743
0.0466743
0.0466743
0.0466743
0.0466743
0.0466743
0.0466743
0.0466743
0.0466743
0.0466743
0.0466743
0.0466743
0.0466743
0.0466743
0.0466743
0.0466743
0.0466743
0.0466743
0.0466743
0.0466743
0.0466743
0.0466743
0.0466743
0.0466743
0.0466743
0.0466743
0.0466743
0.0466743
0.0466743
0.0466743
0.0466743
0.0466743
0.0466743
0.0466743
0.0466743
0.0466743
0.0466743
0.0466743
0.0466743
0.0466743
0.0466743
0.0466743
0.0466743
0.0466743
0.0466743
0.0466743
0.0466743
0.0466743
0.0466743
0.0466743
0.0466743
0.0466743
0.0466743
0.0466743
0.0466743
0.0466743
0.0466743
0.0466743
0.0466743
0.0466743
0.0466743
0.0466743
0.0466743
0.0466743
0.0466743
0.0466743
0.0466743
0.0466743
0.0466743
0.0466743
0.0466743
0.0466743
0.0466743
0.0466743
0.0466743
0.0466743
0.0466743
0.0466743
0.0466743
0.0466743
0.0466743
0.0466743
0.0466743
0.0466743
0.0466743
0.0466743
0.0466743
0.0466743
0.0466743
0.0466743
0.0466743
0.0466743
0.0466743
0.0466743
0.0466743
0.0466743
0.0466743
0.0466743
0.0466743
0.0466743
0.0466743
0.0466743
0.0466743
0.0466743
0.0466743
0.0466743
0.0466743
0.0466743
0.0466743
0.0466743
0.0466743
0.0466743
0.0466743
0.0466743
0.0466743
0.0466743
0.0466743
0.0466743
0.0466743
0.0466743
0.0466743
0.0466743
0.0466743
0.0466743
0.0466743
0.0466743
0.0466743
0.0466743
0.0466743
0.0466743
0.0466743
0.0466743
0.0466743
0.0466743
0.0466743
0.0466743
0.0466743
0.0466743
0.0466743
0.0466743
0.0466743
0.0466743
0.0466743
0.0466743
0.0466743
0.0466743
0.0466743
0.0466743
0.0466743
0.0466743
0.0466743
0.0466743
0.0466743
0.0466743
0.0466743
0.0466743
0.0466743
0.0466743
0.0466743
0.0466743
0.0466743
0.0466743
0.0466743
0.0466743
0.0466743
0.0466743
0.0466743
0.0466743
0.0466743
0.0466743
0.0466743
0.0466743
0.0466743
0.0466743
0.0466743
0.0466743
0.0466743
0.0466743
0.0466743
0.0466743
0.0466743
0.0466743
0.0466743
0.0466743
0.0466743
0.0466743
0.0466743
0.0466743
0.0466743
0.0466743
0.0466743
0.0466743
0.0466743
0.0466743
0.0466743
0.0466743
0.0466743
0.0466743
0.0466743
0.0466743
0.0466743
0.0466743
0.0466743
0.0466743
0.0466743
0.0466743
0.0466743
0.0466743
0.0466743
0.0466743
0.0466743
0.0466743
0.0466743
0.0466743
0.0466743
0.0466743
0.0466743
0.0466743
0.0466743
0.0466743
0.0466743
0.0466743
0.0466743
0.0466743
0.0466743
0.0466743
0.0466743
0.0466743
0.0466743
0.0466743
0.0466743
0.0466743
0.0466743
0.0466743
0.0466743
0.0466743
0.0466743
0.0466743
0.0466743
0.0466743
0.0466743
0.0466743
0.0466743
0.0466743
0.0466743
0.0466743
0.0466743
0.0466743
0.0466743
0.0466743
0.0466743
0.0466743
0.0466743
0.0466743
0.0466743
0.0466743
0.0466743
0.0466743
0.0466743
0.0466743
0.0466743
0.0466743
0.0466743
0.0466743
0.0466743
0.0466743
0.0466743
0.0466743
0.0466743
0.0466743
0.0466743
0.0466743
0.0466743
0.0466743
0.0466743
0.0466743
0.0466743
0.0466743
0.0466743
0.0466743
0.0466743
0.0466743
0.0466743
0.0466743
0.0466743
0.0466743
0.0466743
0.0466743
0.0466743
0.0466743
0.0466743
0.0466743
0.0466743
0.0466743
0.0466743
0.0466743
0.0466743
0.0466743
0.0466743
0.0466743
0.0466743
0.0466743
0.0466743
0.0466743
0.0466743
0.0466743
0.0466743
0.0466743
0.0466743
0.0466743
0.0466743
0.0466743
0.0466743
0.0466743
0.0466743
0.0466743
0.0466743
0.0466743
0.0466743
0.0466743
0.0466743
0.0466743
0.0466743
0.0466743
0.0466743
0.0466743
0.0466743
0.0466743
0.0466743
0.0466743
0.0466743
0.0466743
0.0466743
0.0466743
0.0466743
0.0466743
0.0466743
0.0466743
0.0466743
0.0466743
0.0466743
0.0466743
0.0466743
0.0466743
0.0466743
0.0466743
0.0466743
0.0466743
0.0466743
0.0466743
0.0466743
0.0466743
0.0466743
0.0466743
0.0466743
0.0466743
0.0466743
0.0466743
0.0466743
0.0466743
0.0466743
0.0466743
0.0466743
0.0466743
0.0466743
0.0466743
0.0466743
0.0466743
0.0466743
0.0466743
0.0466743
0.0466743
0.0466743
0.0466743
0.0466743
0.0466743
0.0466743
0.0466743
0.0466743
0.0466743
0.0466743
0.0466743
0.0466743
0.0466743
0.0466743
0.0466743
0.0466743
0.0466743
0.0466743
0.0466743
0.0466743
0.0466743
0.0466743
0.0466743
0.0466743
0.0466743
0.0466743
0.0466743
0.0466743
0.0466743
0.0466743
0.0466743
0.0466743
0.0466743
0.0466743
0.0466743
0.0466743
0.0466743
0.0466743
0.0466743
0.0466743
0.0466743
0.0466743
0.0466743
0.0466743
0.0466743
0.0466743
0.0466743
0.0466743
0.0466743
0.0466743
0.0466743
0.0466743
0.0466743
0.0466743
0.0466743
0.0466743
0.0466743
0.0466743
0.0466743
0.0466743
0.0466743
0.0466743
0.0466743
0.0466743
0.0466743
0.0466743
0.0466743
0.0466743
0.0466743
0.0466743
0.0466743
0.0466743
0.0466743
0.0466743
0.0466743
0.0466743
0.0466743
0.0466743
0.0466743
0.0466743
0.0466743
0.0466743
0.0466743
0.0466743
0.0466743
0.0466743
0.0466743
0.0466743
0.0466743
0.0466743
0.0466743
0.0466743
0.0466743
0.0466743
0.0466743
0.0466743
0.0466743
0.0466743
0.0466743
0.0466743
0.0466743
0.0466743
0.0466743
0.0466743
0.0466743
0.0466743
0.0466743
0.0466743
0.0466743
0.0466743
0.0466743
0.0466743
0.0466743
0.0466743
0.0466743
0.0466743
0.0466743
0.0466743
0.0466743
0.0466743
0.0466743
0.0466743
0.0466743
0.0466743
0.0466743
0.0466743
0.0466743
0.0466743
0.0466743
0.0466743
0.0466743
0.0466743
0.0466743
0.0466743
0.0466743
0.0466743
0.0466743
0.0466743
0.0466743
0.0466743
0.0466743
0.0466743
0.0466743
0.0466743
0.0466743
0.0466743
0.0466743
0.0466743
0.0466743
0.0466743
0.0466743
0.0466743
0.0466743
0.0466743
0.0466743
0.0466743
0.0466743
0.0466743
0.0466743
0.0466743
0.0466743
0.0466743
0.0466743
0.0466743
0.0466743
0.0466743
0.0466743
0.0466743
0.0466743
0.0466743
0.0466743
0.0466743
0.0466743
0.0466743
0.0466743
0.0466743
0.0466743
0.0466743
0.0466743
0.0466743
0.0466743
0.0466743
0.0466743
0.0466743
0.0466743
0.0466743
0.0466743
0.0466743
0.0466743
0.0466743
0.0466743
0.0466743
0.0466743
0.0466743
0.0466743
0.0466743
0.0466743
0.0466743
0.0466743
0.0466743
0.0466743
0.0466743
0.0466743
0.0466743
0.0466743
0.0466743
0.0466743
0.0466743
0.0466743
0.0466743
0.0466743
0.0466743
0.0466743
0.0466743
0.0466743
0.0466743
0.0466743
0.0466743
0.0466743
0.0466743
0.0466743
0.0466743
0.0466743
0.0466743
0.0466743
0.0466743
0.0466743
0.0466743
0.0466743
0.0466743
0.0466743
0.0466743
0.0466743
0.0466743
0.0466743
0.0466743
0.0466743
0.0466743
0.0466743
0.0466743
0.0466743
0.0466743
0.0466743
0.0466743
0.0466743
0.0466743
0.0466743
0.0466743
0.0466743
0.0466743
0.0466743
0.0466743
0.0466743
0.0466743
0.0466743
0.0466743
0.0466743
0.0466743
0.0466743
0.0466743
0.0466743
0.0466743
0.0466743
0.0466743
0.0466743
0.0466743
0.0466743
0.0466743
0.0466743
0.0466743
0.0466743
0.0466743
0.0466743
0.0466743
0.0466743
0.0466743
0.0466743
0.0466743
0.0466743
0.0466743
0.0466743
0.0466743
0.0466743
0.0466743
0.0466743
0.0466743
0.0466743
0.0466743
0.0466743
0.0466743
0.0466743
0.0466743
0.0466743
0.0466743
0.0466743
0.0466743
0.0466743
0.0466743
0.0466743
0.0466743
0.0466743
0.0466743
0.0466743
0.0466743
0.0466743
0.0466743
0.0466743
0.0466743
0.0466743
0.0466743
0.0466743
0.0466743
0.0466743
0.0466743
0.0466743
0.0466743
0.0466743
0.0466743
0.0466743
0.0466743
0.0466743
0.0466743
0.0466743
0.0466743
0.0466743
0.0466743
0.0466743
0.0466743
0.0466743
0.0466743
0.0466743
0.0466743
0.0466743
0.0466743
0.0466743
0.0466743
0.0466743
0.0466743
0.0466743
0.0466743
0.0466743
0.0466743
0.0466743
0.0466743
0.0466743
0.0466743
0.0466743
0.0466743
0.0466743
0.0466743
0.0466743
0.0466743
0.0466743
0.0466743
0.0466743
0.0466743
0.0466743
0.0466743
0.0466743
0.0466743
0.0466743
0.0466743
0.0466743
0.0466743
0.0466743
0.0466743
0.0466743
0.0466743
0.0466743
0.0466743
0.0466743
0.0466743
0.0466743
0.0466743
0.0466743
0.0466743
0.0466743
0.0466743
0.0466743
0.0466743
0.0466743
0.0466743
0.0466743
0.0466743
0.0466743
0.0466743
0.0466743
0.0466743
0.0466743
0.0466743
0.0466743
0.0466743
0.0466743
0.0464778
0.0454525
0.0446208
0.0437024
0.042726
0.0420241
0.0411068
0.040346
0.0395484
0.0387481
0.0379856
0.0371658
0.0364767
0.0357689
0.0350221
0.0343536
0.0336083
0.0329218
0.0322363
0.0316125
0.0308819
0.0303411
0.0296237
0.0291067
0.0284836
0.027904
0.0273628
0.0267498
0.0262903
0.0257248
0.0252372
0.0247388
0.0247388
0.0247388
0.0247388
0.0247388
0.0247388
0.0247388
0.0247388
0.0247388
0.0247388
0.0247388
0.0247388
0.0247388
0.0247388
0.0247388
0.0247388
0.0247388
0.0247388
0.0247388
0.0247388
0.0247388
0.0247388
0.0247388
0.0247388
0.0247388
0.0247388
0.0247388
0.0247388
0.0247388
0.0247388
0.0247388
0.0247388
0.0247388
0.0247388
0.0247388
0.0247388
0.0247388
0.0247388
0.0247388
0.0247388
0.0247388
0.0247388
0.0247388
0.0247388
0.0247388
0.0247388
0.0247388
0.0247388
0.0247388
0.0247388
0.0247388
0.0247388
0.0247388
0.0247388
0.0247388
0.0247388
0.0247388
0.0247388
0.0247388
0.0247388
0.0247388
0.0247388
0.0247388
0.0247388
0.0247388
0.0247388
0.0247388
0.0247388
0.0247388
0.0247388
0.0247388
0.0247388
0.0247388
0.0247388
0.0247388
0.0247388
0.0247388
0.0247388
0.0247388
0.0247388
0.0247388
0.0247388
0.0247388
0.0247388
0.0247388
0.0247388
0.0247388
0.0247388
0.0247388
0.0247388
0.0247388
0.0247388
0.0247388
0.0247388
0.0247388
0.0247388
0.0247388
0.0247388
0.0247388
0.0247388
0.0247388
