5.97131e+08
2.83054e+08
7.30052e+07
1.38847e+07
1.38847e+07
1.38847e+07
1.38847e+07
1.38847e+07
1.38847e+07
1.38847e+07
1.23146e+07
8.20322e+06
5.70095e+06
3.06265e+06
3.06265e+06
3.06265e+06
3.06265e+06
2.49276e+06
2.19832e+06
878329
878329
605801
605801
447268
447268
349194
349194
349194
311318
247171
218012
86222
86222
51962.9
51962.9
44965.6
44965.6
44965.6
44965.6
44965.6
35176.8
35176.8
35176.8
15172.3
14339.6
14339.6
14339.6
12747.7
12747.7
12747.7
9630.73
9630.73
9630.73
5677.8
5677.8
5677.8
4596.77
4016.16
4016.16
1830.4
1830.4
1830.4
1568.69
1568.69
1568.69
1568.69
1568.69
1181.33
1091.83
1058.12
928.351
721.891
676.451
609.918
609.918
551.469
481.417
481.417
450.511
397.553
352.018
299.104
299.104
299.104
299.104
299.104
299.104
299.104
279.262
214.519
214.519
205.89
189.299
157.528
112.046
75.8832
75.8832
75.8832
75.8832
75.8832
75.8832
75.8832
75.8832
69.5726
61.3956
61.3956
56.2786
53.0084
52.8131
46.0091
45.7233
45.7233
45.7233
44.6215
42.5049
39.8915
38.8212
34.824
34.824
34.824
34.004
34.004
34.004
32.9666
32.9666
32.9666
32.9488
32.5246
31.3627
31.3627
31.0315
31.0315
31.0315
30.7886
30.6506
30.6506
29.5509
29.4895
29.4702
29.2359
29.0264
28.7651
28.7651
28.7651
28.7651
28.5714
28.1811
27.9179
27.9114
27.5794
27.5794
27.4892
27.4086
27.2497
27.1692
27.0322
26.7802
26.7025
26.5685
26.4679
26.3287
26.2565
26.1257
26.0459
25.9441
25.8496
25.7794
25.7035
25.5892
25.5106
25.4422
25.3958
25.2931
25.2059
25.1258
25.0411
24.9974
24.9242
24.8752
24.7854
24.7325
24.6608
24.5959
24.5324
24.4718
24.4016
24.3565
24.3114
24.238
24.1914
24.1435
24.0895
24.0198
23.9685
23.9117
23.8513
23.7917
23.7388
23.6806
23.617
23.5713
23.5136
23.4598
23.4082
23.3601
23.3076
23.2566
23.2069
23.1591
23.1076
23.0566
23.0074
22.9582
22.9181
22.8723
22.8238
22.7783
22.7331
22.6819
22.637
22.5927
22.5453
22.5031
22.4602
22.4174
22.3733
22.3341
22.2943
22.249
22.2129
22.1735
22.1364
22.094
22.0545
22.0121
21.9777
21.9386
21.9008
21.8652
21.8296
21.7908
21.757
21.7269
21.692
21.6571
21.6268
21.5943
21.5628
21.5307
21.4962
21.4652
21.4309
21.4008
21.3686
21.3379
21.304
21.2749
21.2421
21.2145
21.1851
21.1566
21.1293
21.0987
21.0693
21.0403
21.0126
20.9859
20.9583
20.929
20.9008
20.8693
20.8422
20.8131
20.7814
20.7566
20.7287
20.7014
20.6749
20.6462
20.6216
20.5934
20.5659
20.5383
20.5114
20.4827
20.4549
20.4282
20.402
20.3715
20.342
20.314
20.2846
20.2523
20.2214
20.193
20.1593
20.1269
20.0948
20.0619
20.0309
19.9969
19.9621
19.9256
19.8922
19.8487
19.8155
19.7792
19.7408
19.7017
19.6645
19.6249
19.5871
19.5427
19.5056
19.4642
19.4197
19.3765
19.3341
19.297
19.2526
19.2134
19.1685
19.1232
19.087
19.0422
18.9994
18.9572
18.9151
18.8735
18.8287
18.7825
18.7367
18.6927
18.6446
18.5967
18.5525
18.5021
18.4553
18.4082
18.3604
18.3026
18.2585
18.2147
18.1634
18.1177
18.0638
18.0189
17.9701
17.9271
17.8774
17.8266
17.7752
17.7318
17.6807
17.6309
17.5796
17.5276
17.4879
17.4333
17.3812
17.3339
17.2822
17.2262
17.1826
17.1399
17.0913
17.0402
16.9997
16.9445
16.9087
16.8619
16.824
16.7777
16.7364
16.6969
16.6574
16.6016
16.5655
16.5237
16.4812
16.4398
16.395
16.354
16.3169
16.2789
16.2315
16.1922
16.1467
16.1054
16.0619
16.0194
15.9719
15.9318
15.8835
15.839
15.792
15.7402
15.7017
15.6514
15.6035
15.557
15.5113
15.4617
15.4171
15.3706
15.3188
15.2764
15.229
15.1819
15.1346
15.0813
15.0328
14.9858
14.9309
14.8822
14.8305
14.7773
14.7243
14.6729
14.6171
14.5695
14.5149
14.4611
14.4059
14.3514
14.2981
14.242
14.1877
14.1324
14.0718
14.0195
13.9562
13.9038
13.8483
13.7872
13.7321
13.6734
13.6134
13.5602
13.5016
13.4386
13.3808
13.3267
13.2733
13.2134
13.1648
13.1113
13.0608
13.0129
12.9647
12.9244
12.8798
12.8372
12.7905
12.7447
12.7133
12.6596
12.6161
12.5757
12.5269
12.4757
12.4299
12.3819
12.3355
12.2928
12.245
12.1951
12.1426
12.1022
12.0494
12.0033
11.9543
11.9074
11.8567
11.8062
11.7545
11.708
11.6609
11.6152
11.5658
11.5161
11.47
11.4302
11.3832
11.3435
11.2996
11.2574
11.2108
11.1664
11.1239
11.0774
11.029
10.9887
10.9406
10.901
10.8519
10.8142
10.7742
10.7296
10.688
10.6464
10.5989
10.5629
10.5213
10.4768
10.4318
10.3855
10.3464
10.3097
10.2647
10.2219
10.1838
10.1444
10.1022
10.0655
10.0243
9.985
9.94898
9.90417
9.87124
9.8334
9.79444
9.76135
9.72037
9.68206
9.64916
9.60846
9.56929
9.53118
9.49126
9.45127
9.41133
9.37977
9.33897
9.30063
9.26265
9.22416
9.18711
9.14022
9.10324
9.06614
9.02436
8.98424
8.94413
8.90187
8.85681
8.81574
8.77608
8.73047
8.68526
8.64092
8.59806
8.55272
8.5046
8.45902
8.41122
8.36498
8.31801
8.27357
8.22952
8.18501
8.14144
8.09932
8.05356
8.00956
7.96508
7.92395
7.88283
7.83597
7.79873
7.75561
7.71432
7.67364
7.63355
7.58895
7.5498
7.51253
7.47026
7.43295
7.3937
7.35506
7.3157
7.27721
7.23642
7.19993
7.15879
7.12917
7.09127
7.05056
7.02234
6.98548
6.94866
6.91165
6.87245
6.83204
6.79734
6.75525
6.71657
6.68316
6.63751
6.60423
6.56095
6.51731
6.47996
6.44053
6.39441
6.35479
6.3073
6.26528
6.22933
6.18679
6.14343
6.09773
6.06176
6.02057
5.97091
5.93553
5.89847
5.85923
5.80998
5.77722
5.73775
5.69623
5.65367
5.60896
5.56687
5.52876
5.4834
5.45178
5.41018
5.36896
5.33174
5.29344
5.25097
5.21175
5.17288
5.12587
5.0882
5.04405
5.00204
4.96275
4.91554
4.87223
4.82577
4.78044
4.73541
4.68515
4.64263
4.59086
4.55143
4.50576
4.45669
4.40839
4.34357
4.3105
4.25543
4.20653
4.14968
4.09547
4.04043
3.98982
3.93458
3.87444
3.82369
3.76784
3.7121
3.66826
3.61082
3.56216
3.51299
3.46126
3.41946
3.36748
3.3259
3.28824
3.24731
3.2128
3.17975
3.15355
3.12847
3.10787
3.09031
3.06948
3.04572
3.02921
3.01455
2.99163
2.97448
2.9399
2.91726
2.88601
2.85597
2.81412
2.75573
2.72041
2.67869
2.64454
2.60667
2.57269
2.54308
2.51469
2.48409
2.46538
2.43534
2.41422
2.38642
2.35549
2.33061
2.30114
2.27149
2.22955
2.20823
2.17215
2.13954
2.1126
2.08368
2.05642
2.02512
1.99663
1.96539
1.93546
1.90994
1.88548
1.85642
1.8288
1.80244
1.77447
1.74841
1.72032
1.69357
1.66466
1.6343
1.60537
1.58053
1.55346
1.52513
1.49654
1.47385
1.44942
1.42196
1.39323
1.36674
1.33807
1.31278
1.28596
1.26024
1.23545
1.20814
1.18479
1.15721
1.13636
1.10917
1.09034
1.06432
1.04482
1.02213
1.00135
0.981349
0.961757
0.94093
0.920209
0.900817
0.883447
0.865316
0.847434
0.83057
0.813395
0.796912
0.781537
0.765303
0.75019
0.73433
0.720874
0.707274
0.69059
0.677096
0.663599
0.648724
0.634073
0.618418
0.604868
0.592563
0.577263
0.563733
0.548902
0.537645
0.525271
0.511262
0.49972
0.488763
0.476574
0.464877
0.452864
0.442804
0.432826
0.421826
0.411256
0.401794
0.391946
0.382551
0.373469
0.363724
0.353337
0.345331
0.33674
0.328431
0.319698
0.312616
0.304442
0.297688
0.290044
0.283788
0.277097
0.270425
0.26411
0.258561
0.252193
0.247621
0.242383
0.237854
0.232453
0.227954
0.22355
0.2189
0.2145
0.210098
0.205162
0.200928
0.196185
0.192678
0.188217
0.184911
0.181449
0.177587
0.174731
0.171302
0.168125
0.165237
0.16211
0.159049
0.155759
0.152886
0.1501
0.147028
0.144363
0.141655
0.139426
0.136878
0.134335
0.131944
0.129804
0.127444
0.125075
0.123245
0.120992
0.11915
0.117293
0.115308
0.113577
0.111419
0.109876
0.10802
0.106402
0.104783
0.102899
0.101634
0.0997099
0.0980356
0.0966138
0.0949169
0.0934653
0.0917583
0.0897704
0.088767
0.087102
0.0856577
0.0839782
0.0826554
0.0811228
0.0796635
0.0782792
0.0769362
0.0753636
0.074179
0.0729061
0.0712601
0.0700608
0.0689769
0.0675543
0.0664179
0.0651402
0.0640204
0.0627418
0.0617382
0.0606786
0.059507
0.0586762
0.0574767
0.0566256
0.0555783
0.0546978
0.0538302
0.0530293
0.0521539
0.0513794
0.0505421
0.0497987
0.0489812
0.0481795
0.0474619
0.0467013
0.0458301
0.0450822
0.0443436
0.0434868
0.0428438
0.0421286
0.0413509
0.0405927
0.0398717
0.0391583
0.0384498
0.0376957
0.0370337
0.0364052
0.0357231
0.0350937
0.0344967
0.0338553
0.0333968
0.0327311
0.0322793
0.0316543
0.0311155
0.0305528
0.0299976
0.0294396
0.0289523
0.0283956
0.0283956
0.0283956
0.0283956
0.0283956
0.0283956
0.0283956
0.0283956
0.0283956
0.0283956
0.0283956
0.0283956
0.0283956
0.0283956
0.0283956
0.0283956
0.0283956
0.0283956
0.0283956
0.0283956
0.0283956
0.0283956
0.0283956
0.0283956
0.0283956
0.0283956
0.0283956
0.0283956
0.0283956
0.0283956
0.0283956
0.0283956
0.0283956
0.0283956
0.0283956
0.0283956
0.0283956
0.0283956
0.0283956
0.0283956
0.0283956
0.0283956
0.0283956
0.0283956
0.0283956
0.0283956
0.0283956
0.0283956
0.0283956
0.0283956
0.0283956
0.0283956
0.0283956
0.0283956
0.0283956
0.0283956
0.0283956
0.0283956
0.0283956
0.0283956
0.0283956
0.0283956
0.0283956
0.0283956
0.0283956
0.0283956
0.0283956
0.0283956
0.0283956
0.0283956
0.0283956
0.0283956
0.0283956
0.0283956
0.0283956
0.0283956
0.0283956
0.0283956
0.0283956
0.0283956
0.0283956
0.0283956
0.0283956
0.0283956
0.0283956
0.0283956
0.0283956
0.0283956
0.0283956
0.0283956
0.0283956
0.0283956
0.0283956
0.0283956
0.0283956
0.0283956
0.0283956
0.0283956
0.0283956
0.0283956
0.0283956
0.0283956
0.0283956
0.0283956
0.0283956
0.0283956
0.0283956
0.0283956
0.0283956
0.0283956
0.0283956
0.0283956
0.0283956
0.0283956
0.0283956
0.0283956
0.0283956
0.0283956
0.0283956
0.0283956
0.0283956
0.0283956
0.0283956
0.0283956
0.0283956
0.0283956
0.0283956
0.0283956
0.0283956
0.0283956
0.0283956
0.0283956
0.0283956
0.0283956
0.0283956
0.0283956
0.0283956
0.0283956
0.0283956
0.0283956
0.0283956
0.0283956
0.0283956
0.0283956
0.0283956
0.0283956
0.0283956
0.0283956
0.0283956
0.0283956
0.0283956
0.0283956
0.0283956
0.0283956
0.0283956
0.0283956
0.0283956
0.0283956
0.0283956
0.0283956
0.0283956
0.0283956
0.0283956
0.0283956
0.0283956
0.0283956
0.0283956
0.0283956
0.0283956
0.0283956
0.0283956
0.0283956
0.0283956
0.0283956
0.0283956
0.0283956
0.0283956
0.0283956
0.0283956
0.0283956
0.0283956
0.0283956
0.0283956
0.0283956
0.0283956
0.0283956
0.0283956
0.0283956
0.0283956
0.0283956
0.0283956
0.0283956
0.0283956
0.0283956
0.0283956
0.0283956
0.0283956
0.0283956
0.0283956
0.0283956
0.0283956
0.0283956
0.0283956
0.0283956
0.0283956
0.0283956
0.0283956
0.0283956
0.0283956
0.0283956
0.0283956
0.0283956
0.0283956
0.0283956
0.0283956
0.0283956
0.0283956
0.0283956
0.0283956
0.0283956
0.0283956
0.0283956
0.0283956
0.0283956
0.0283956
0.0283956
0.0283956
0.0283956
0.0283956
0.0283956
0.0283956
0.0283956
0.0283956
0.0283956
0.0283956
0.0283956
0.0283956
0.0283956
0.0283956
0.0283956
0.0283956
0.0283956
0.0283956
0.0283956
0.0283956
0.0283956
0.0283956
0.0283956
0.0283956
0.0283956
0.0283956
0.0283956
0.0283956
0.0283956
0.0283956
0.0283956
0.0283956
0.0283956
0.0283956
0.0283956
0.0283956
0.0283956
0.0283956
0.0283956
0.0283956
0.0283956
0.0283956
0.0283956
0.0283956
0.0283956
0.0283956
0.0283956
0.0283956
0.0283956
0.0283956
0.0283956
0.0283956
0.0283956
0.0283956
0.0283956
0.0283956
0.0283956
0.0283956
0.0283956
0.0283956
0.0283956
0.0283956
0.0283956
0.0283956
0.0283956
0.0283956
0.0283956
0.0283956
0.0283956
0.0283956
0.0283956
0.0283956
0.0283956
0.0283956
0.0283956
0.0283956
0.0283956
0.0283956
0.0283956
0.0283956
0.0283956
0.0283956
0.0283956
0.0283956
0.0283956
0.0283956
0.0283956
0.0283956
0.0283956
0.0283956
0.0283956
0.0283956
0.0283956
0.0283956
0.0283956
0.0283956
0.0283956
0.0283956
0.0283956
0.0283956
0.0283956
0.0283956
0.0283956
0.0283956
0.0283956
0.0283956
0.0283956
0.0283956
0.0283956
0.0283956
0.0283956
0.0283956
0.0283956
0.0283956
0.0283956
0.0283956
0.0283956
0.0283956
0.0283956
0.0283956
0.0283956
0.0283956
0.0283956
0.0283956
0.0283956
0.0283956
0.0283956
0.0283956
0.0283956
0.0283956
0.0283956
0.0283956
0.0283956
0.0283956
0.0283956
0.0283956
0.0283956
0.0283956
0.0283956
0.0283956
0.0283956
0.0283956
0.0283956
0.0283956
0.0283956
0.0283956
0.0283956
0.0283956
0.0283956
0.0283956
0.0283956
0.0283956
0.0283956
0.0283956
0.0283956
0.0283956
0.0283956
0.0283956
0.0283956
0.0283956
0.0283956
0.0283956
0.0283956
0.0283956
0.0283956
0.0283956
0.0283956
0.0283956
0.0283956
0.0283956
0.0283956
0.0283956
0.0283956
0.0283956
0.0283956
0.0283956
0.0283956
0.0283956
0.0283956
0.0283956
0.0283956
0.0283956
0.0283956
0.0283956
0.0283956
0.0283956
0.0283956
0.0283956
0.0283956
0.0283956
0.0283956
0.0283956
0.0283956
0.0283956
0.0283956
0.0283956
0.0283956
0.0283956
0.0283956
0.0283956
0.0283956
0.0283956
0.0283956
0.0283956
0.0283956
0.0283956
0.0283956
0.0283956
0.0283956
0.0283956
0.0283956
0.0283956
0.0283956
0.0283956
0.0283956
0.0283956
0.0283956
0.0283956
0.0283956
0.0283956
0.0283956
0.0283956
0.0283956
0.0283956
0.0283956
0.0283956
0.0283956
0.0283956
0.0283956
0.0283956
0.0283956
0.0283956
0.0283956
0.0283956
0.0283956
0.0283956
0.0283956
0.0283956
0.0283956
0.0283956
0.0283956
0.0283956
0.0283956
0.0283956
0.0283956
0.0283956
0.0283956
0.0283956
0.0283956
0.0283956
0.0283956
0.0283956
0.0283956
0.0283956
0.0283956
0.0283956
0.0283956
0.0283956
0.0283956
0.0283956
0.0283956
0.0283956
0.0283956
0.0283956
0.0283956
0.0283956
0.0283956
0.0283956
0.0283956
0.0283956
0.0283956
0.0283956
0.0283956
0.0283956
0.0283956
0.0283956
0.0283956
0.0283956
0.0283956
0.0283956
0.0283956
0.0283956
0.0283956
0.0283956
0.0283956
0.0283956
0.0283956
0.0283956
0.0283956
0.0283956
0.0283956
0.0283956
0.0283956
0.0283956
0.0283956
0.0283956
0.0283956
0.0283956
0.0283956
0.0283956
0.0283956
0.0283956
0.0283956
0.0283956
0.0283956
0.0283956
0.0283956
0.0283956
0.0283956
0.0283956
0.0283956
0.0283956
0.0283956
0.0283956
0.0283956
0.0283956
0.0283956
0.0283956
0.0283956
0.0283956
0.0283956
0.0283956
0.0283956
0.0283956
0.0283956
0.0283956
0.0283956
0.0283956
0.0283956
0.0283956
0.0283956
0.0283956
0.0283956
0.0283956
0.0283956
0.0283956
0.0283956
0.0283956
0.0283956
0.0283956
0.0283956
0.0283956
0.0283956
0.0283956
0.0283956
0.0283956
0.0283956
0.0283956
0.0283956
0.0283956
0.0283956
0.0283956
0.0283956
0.0283956
0.0283956
0.0283956
0.0283956
0.0283956
0.0283956
0.0283956
0.0283956
0.0283956
0.0283956
0.0283956
0.0283956
0.0283956
0.0283956
0.0283956
0.0283956
0.0283956
0.0283956
0.0283956
0.0283956
0.0283956
0.0283956
0.0283956
0.0283956
0.0283956
0.0283956
0.0283956
0.0283956
0.0283956
0.0283956
0.0283956
0.0283956
0.0283956
0.0283956
0.0283956
0.0283956
0.0283956
0.0283956
0.0283956
0.0283956
0.0283956
0.0283956
0.0283956
0.0283956
0.0283956
0.0283956
0.0283956
0.0283956
0.0283956
0.0283956
0.0283956
0.0283956
0.0283956
0.0283956
0.0283956
0.0283956
0.0283956
0.0283956
0.0283956
0.0283956
0.0283956
0.0283956
0.0283956
0.0283956
0.0283956
0.0283956
0.0283956
0.0283956
0.0283956
0.0283956
0.0283956
0.0283956
0.0283956
0.0283956
0.0283956
0.0283956
0.0283956
0.0283956
0.0283956
0.0283956
0.0283956
0.0283956
0.0283956
0.0283956
0.0283956
0.0283956
0.0283956
0.0283956
0.0283956
0.0283956
0.0283956
0.0283956
0.0283956
0.0283956
0.0283956
0.0283956
0.0283956
0.0283956
0.0283956
0.0283956
0.0283956
0.0283956
0.0283956
0.0283956
0.0283956
0.0283956
0.0283956
0.0283956
0.0283956
0.0283956
0.0283956
0.0283956
0.0283956
0.0283956
0.0283956
0.0283956
0.0283956
0.0283956
0.0283956
0.0283956
0.0283956
0.0283956
0.0283956
0.0283956
0.0283956
0.0283956
0.0283956
0.0283956
0.0283956
0.0283956
0.0283956
0.0283956
0.0283956
0.0283956
0.0283956
0.0283956
0.0283956
0.0283956
0.0283956
0.0283956
0.0283956
0.0283956
0.0283956
0.0283956
0.0283956
0.0283956
0.0283956
0.0283956
0.0283956
0.0283956
0.0283956
0.0283956
0.0283956
0.0283956
0.0283956
0.0283956
0.0283956
0.0283956
0.0283956
0.0283956
0.0283956
0.0283956
0.0283956
0.0283956
0.0283956
0.0283956
0.0283956
0.0283956
0.0283956
0.0283956
0.0283956
0.0283956
0.0283956
0.0283956
0.0283956
0.0283956
0.0283956
0.0283956
0.0283956
0.0283956
0.0283956
0.0283956
0.0283956
0.0283956
0.0283956
0.0283956
0.0283956
0.0283956
0.0283956
0.0283956
0.0283956
0.0283956
0.0283956
0.0283956
0.0283956
0.0283956
0.0283956
0.0283956
0.0283956
0.0283956
0.0283956
0.0283956
0.0283956
0.0283956
0.0283956
0.0283956
0.0283956
0.0283956
0.0283956
0.0283956
0.0283956
0.0283956
0.0283956
0.0283956
0.0283956
0.0283956
0.0283956
0.0283956
0.0283956
0.0283956
0.0283956
0.0283956
0.0283956
0.0283956
0.0283956
0.0283956
0.0283956
0.0283956
0.0283956
0.0283956
0.0283956
0.0283956
0.0283956
0.0283956
0.0283956
0.0283956
0.0283956
0.0283956
0.0283956
0.0283956
0.0283956
0.0283956
0.0283956
0.0283956
0.0283956
0.0283956
0.0283956
0.0283956
0.0283956
0.0283956
0.0283956
0.0283956
0.0283956
0.0283956
0.0283956
0.0283956
0.0283956
0.0283956
0.0283956
0.0283956
0.0283956
0.0283956
0.0283956
0.0283956
0.0283956
0.0283956
0.0283956
0.0283956
0.0283956
0.0283956
0.0283956
0.0283956
0.0283956
0.0283956
0.0283956
0.0283956
0.0283956
0.0283956
0.0283956
0.0283956
0.0283956
0.0283956
0.0283956
0.0283956
0.0283956
0.0283956
0.0283956
0.0283956
0.0283956
0.0283956
0.0283956
0.0283956
0.0283956
0.0283956
0.0283956
0.0283956
0.0283956
0.0283956
0.0283956
0.0283956
0.0283956
0.0283956
0.0283956
0.0283956
0.0283956
0.0283956
0.0283956
0.0283956
0.0283956
0.0283956
0.0283956
0.0283956
0.0283956
0.0283956
0.0283956
0.0283956
0.0283956
0.0283956
0.0283956
0.0283956
0.0283956
0.0283956
0.0283956
0.0283956
0.0283956
0.0283956
0.0283956
0.0283956
0.0283956
0.0283956
0.0283956
0.0283956
0.0283956
0.0283956
0.0283956
0.0283956
0.0283956
0.0283956
0.0283956
0.0283956
0.0283956
0.0283956
0.0283956
0.0283956
0.0283956
0.0283956
0.0283956
0.0283956
0.0283956
0.0283956
0.0283956
0.0283956
0.0283956
0.0283956
0.0283956
0.0283956
0.0283956
0.0283956
0.0283956
0.0283956
0.0283956
0.0283956
0.0283956
0.0283956
0.0283956
0.0283956
0.0283956
0.0283956
0.0283956
0.0283956
0.0283956
0.0283956
0.0283956
0.0283956
0.0283956
0.0283956
0.0283956
0.0283956
0.0283956
0.0283956
0.0283956
0.0283956
0.0283956
0.0283956
0.0283956
0.0283956
0.0283956
0.0283956
0.0283956
0.0283956
0.0283956
0.0283956
0.0283956
0.0283956
0.0283956
