6.13253e+08
2.05815e+08
5.06363e+07
1.97968e+07
1.97968e+07
1.97968e+07
1.97968e+07
1.97968e+07
1.97968e+07
1.97968e+07
1.93603e+07
1.93603e+07
9.5827e+06
8.22497e+06
7.11238e+06
5.63505e+06
2.84031e+06
2.84031e+06
2.84031e+06
2.84031e+06
2.84031e+06
1.81566e+06
1.81566e+06
1.81566e+06
955060
493547
372321
372321
273706
273706
273706
273706
273706
266998
222550
198186
188118
130079
91162
79853.4
71982.4
60231.8
24675.2
24675.2
24675.2
24675.2
24675.2
24675.2
24675.2
20049.6
15830.2
11385.3
11385.3
11385.3
11385.3
11385.3
11385.3
11385.3
11385.3
8535.2
8535.2
5190.68
2870.53
2870.53
2870.53
2870.53
2870.53
2870.53
2870.53
2870.53
2870.53
2870.53
2022.8
2022.8
1646.77
1549.71
1549.71
927.727
927.727
720.569
412.454
412.454
412.454
412.454
412.454
412.454
412.454
412.454
412.454
365.078
365.078
360.815
353.522
344.523
343.217
292.403
277.905
274.794
218.843
206.511
183.187
177.708
167.021
167.021
159.225
136.067
134.613
118.703
92.8093
92.8093
63.0486
49.9862
47.9034
47.9034
47.9034
47.9034
47.9034
47.9034
47.9034
47.9034
43.9515
43.9515
43.5235
38.4723
38.4723
38.4723
38.3801
38.3801
38.3801
38.3801
36.1886
34.1297
32.9309
32.0495
31.1926
31.0862
31.0062
31.0062
31.0062
30.9122
29.915
29.915
28.4644
28.4644
28.4644
28.4644
28.4644
28.2191
27.9575
27.842
27.842
27.842
27.6628
27.4266
27.2452
27.2452
27.2309
27.0507
26.7674
26.7674
26.7674
26.6361
26.4869
26.3743
26.2479
26.1627
26.0426
26.0426
26.0426
26.0426
25.997
25.9701
25.8616
25.8576
25.8242
25.7794
25.7345
25.7105
25.649
25.6452
25.6109
25.5641
25.5223
25.5141
25.461
25.4404
25.403
25.3674
25.3587
25.3157
25.3028
25.2798
25.2407
25.214
25.1762
25.1449
25.1194
25.091
25.0617
25.0355
25.0075
24.975
24.9467
24.9187
24.8928
24.8646
24.8303
24.7981
24.7702
24.7353
24.7045
24.6753
24.6406
24.6034
24.5698
24.5316
24.4899
24.4488
24.4061
24.3705
24.3275
24.2897
24.2437
24.1989
24.1578
24.1156
24.0716
24.026
23.9845
23.9418
23.8973
23.8532
23.8117
23.7697
23.7263
23.6819
23.6452
23.5977
23.5529
23.5158
23.4691
23.4295
23.3875
23.3391
23.2938
23.2442
23.1992
23.1522
23.1071
23.0599
23.0123
22.9705
22.9221
22.8731
22.8278
22.7774
22.7333
22.6845
22.6423
22.5936
22.5478
22.5037
22.4481
22.4071
22.3574
22.2986
22.2564
22.2105
22.165
22.1051
22.0607
22.0151
21.968
21.9138
21.8675
21.8179
21.7684
21.7272
21.6769
21.6331
21.5882
21.5414
21.4945
21.4508
21.4096
21.3654
21.3237
21.27
21.2307
21.1897
21.1347
21.0916
21.0482
21.0016
20.9594
20.9149
20.8691
20.8216
20.7827
20.7355
20.6979
20.6524
20.6072
20.5655
20.5263
20.4836
20.4417
20.4041
20.3607
20.3193
20.2771
20.2403
20.1981
20.1547
20.1138
20.0766
20.0355
19.9984
19.9587
19.9181
19.8804
19.8403
19.7984
19.7562
19.7184
19.6743
19.6363
19.5977
19.5603
19.5238
19.4917
19.4589
19.4254
19.3942
19.3542
19.3269
19.2926
19.2578
19.2227
19.1853
19.1539
19.1167
19.0813
19.0443
19.0069
18.9717
18.9327
18.8982
18.8574
18.8262
18.7862
18.7497
18.7158
18.6704
18.6336
18.6002
18.5558
18.5208
18.4785
18.4425
18.4049
18.3624
18.3229
18.2773
18.2395
18.1977
18.1585
18.1147
18.0761
18.0356
17.9953
17.9503
17.9046
17.8632
17.8261
17.7855
17.7476
17.7066
17.6684
17.6273
17.5878
17.5547
17.5065
17.472
17.4263
17.3901
17.3498
17.3065
17.2676
17.2291
17.1922
17.1477
17.1016
17.0634
17.0198
16.9811
16.9355
16.8952
16.849
16.7966
16.7556
16.7075
16.6627
16.6114
16.5646
16.5177
16.4669
16.4153
16.3717
16.3233
16.2704
16.2255
16.1755
16.1286
16.0813
16.0373
15.9856
15.9389
15.8969
15.8479
15.8016
15.7511
15.7111
15.6612
15.6129
15.5581
15.5141
15.4617
15.4173
15.3679
15.3186
15.2693
15.2217
15.177
15.122
15.0769
15.019
14.9836
14.9358
14.8876
14.8396
14.7973
14.7578
14.7171
14.6717
14.6282
14.5877
14.5464
14.5028
14.4622
14.4211
14.382
14.3354
14.3
14.2555
14.2179
14.1803
14.1408
14.1034
14.0611
14.0269
13.9926
13.9538
13.9195
13.8838
13.8507
13.8159
13.7785
13.7446
13.7089
13.6686
13.6314
13.5989
13.5627
13.5314
13.498
13.4565
13.4314
13.3917
13.3579
13.3245
13.2892
13.2507
13.2186
13.1838
13.1477
13.1147
13.0786
13.0427
13.0072
12.9734
12.94
12.9044
12.8639
12.8258
12.7911
12.749
12.7094
12.6694
12.6295
12.5869
12.5499
12.5156
12.4758
12.4373
12.3949
12.3621
12.3228
12.2827
12.2468
12.2123
12.1738
12.1419
12.1032
12.0718
12.032
11.9972
11.9607
11.927
11.8902
11.8577
11.8135
11.7807
11.7356
11.6975
11.6614
11.6211
11.5785
11.5315
11.4933
11.4488
11.407
11.3614
11.3157
11.2729
11.2286
11.1901
11.1488
11.1065
11.0639
11.0221
10.9777
10.9362
10.8915
10.8494
10.8071
10.7673
10.7212
10.6796
10.6308
10.5856
10.5423
10.5002
10.453
10.4148
10.3698
10.3302
10.2858
10.2465
10.2037
10.1652
10.1256
10.084
10.0466
10.0075
9.96693
9.92058
9.88029
9.84459
9.79895
9.75655
9.70591
9.65916
9.61657
9.57286
9.52515
9.47839
9.43775
9.39347
9.34827
9.29534
9.25367
9.21256
9.17053
9.12835
9.07339
9.03118
8.98733
8.93856
8.89477
8.84578
8.79734
8.75397
8.70787
8.65196
8.60866
8.56742
8.52281
8.4851
8.43974
8.40379
8.36315
8.32289
8.28647
8.24788
8.20849
8.17468
8.13579
8.10152
8.064
8.03079
7.99569
7.95809
7.92155
7.88379
7.8478
7.81371
7.77547
7.73553
7.6924
7.66581
7.62963
7.59384
7.55801
7.52406
7.48501
7.4445
7.41004
7.37114
7.33687
7.30043
7.26576
7.21948
7.18788
7.15031
7.10561
7.075
7.04172
7.01101
6.97879
6.94453
6.91501
6.88527
6.8573
6.82542
6.78617
6.76216
6.72817
6.68632
6.6525
6.60744
6.56849
6.53341
6.49605
6.45718
6.41979
6.39043
6.3535
6.31586
6.28003
6.24223
6.20131
6.16352
6.11748
6.08059
6.04625
6.00735
5.96874
5.93106
5.89197
5.85637
5.81501
5.77839
5.73905
5.69524
5.65186
5.61282
5.57222
5.53224
5.49125
5.45021
5.40753
5.36102
5.32017
5.28297
5.24328
5.20927
5.16883
5.12775
5.08897
5.04686
5.00156
4.95955
4.90865
4.87133
4.82942
4.78145
4.73264
4.68452
4.63661
4.59465
4.54515
4.50408
4.45206
4.40681
4.361
4.31031
4.2646
4.21173
4.17177
4.12495
4.08133
4.02906
3.98005
3.93315
3.88515
3.83781
3.78788
3.73044
3.68392
3.62683
3.57899
3.52303
3.47375
3.42328
3.36771
3.3165
3.26281
3.20217
3.14736
3.09876
3.04145
2.99165
2.93957
2.88632
2.83767
2.78994
2.73897
2.6991
2.65015
2.59914
2.56727
2.52007
2.47637
2.43723
2.38828
2.349
2.306
2.26759
2.23522
2.19597
2.15923
2.12294
2.08232
2.04693
2.01267
1.97844
1.94386
1.9102
1.87616
1.84649
1.81855
1.7875
1.75715
1.72912
1.70168
1.67128
1.6489
1.62455
1.5983
1.57069
1.54742
1.51802
1.49292
1.4671
1.43982
1.40969
1.38264
1.35348
1.32944
1.30243
1.27359
1.24749
1.21966
1.19609
1.16853
1.13968
1.11445
1.08752
1.05897
1.03589
1.01006
0.98675
0.960956
0.940637
0.916145
0.893804
0.869988
0.849085
0.828242
0.803808
0.782553
0.760458
0.742205
0.724299
0.705701
0.68737
0.670589
0.652854
0.632541
0.619794
0.602772
0.58607
0.57234
0.557402
0.542992
0.528501
0.516093
0.503515
0.492128
0.477418
0.465314
0.453074
0.44272
0.432149
0.419711
0.409311
0.398967
0.388786
0.378268
0.368502
0.358416
0.348529
0.340518
0.331468
0.323329
0.314845
0.306805
0.299315
0.292414
0.285508
0.278839
0.272001
0.266055
0.26001
0.254466
0.249348
0.243766
0.239043
0.234483
0.229522
0.224846
0.220077
0.215867
0.211752
0.207707
0.203597
0.199654
0.196083
0.192486
0.188838
0.185637
0.181965
0.17873
0.175907
0.172861
0.169707
0.166865
0.164226
0.161196
0.15833
0.155665
0.152638
0.150289
0.147514
0.145268
0.142267
0.140085
0.137683
0.135335
0.133033
0.130701
0.12861
0.12644
0.124338
0.122245
0.120405
0.118387
0.116583
0.114727
0.112942
0.111133
0.109491
0.107654
0.106013
0.104258
0.102492
0.100977
0.0994768
0.0979203
0.0963194
0.0947437
0.0931401
0.0916255
0.0901743
0.0887094
0.0873027
0.0858551
0.0844839
0.0829383
0.0816316
0.080136
0.0787998
0.0774704
0.0763254
0.0749103
0.0737803
0.0725939
0.0713108
0.070269
0.0691287
0.0681047
0.0670305
0.0658342
0.0649625
0.0638978
0.062929
0.0619757
0.0608817
0.0599542
0.059036
0.058039
0.0571412
0.0562983
0.0553589
0.0544591
0.0536576
0.0527263
0.052
0.0511724
0.0504577
0.0496565
0.049016
0.0481693
0.0475993
0.0469133
0.0462162
0.0455336
0.0448877
0.0441994
0.0436361
0.0429811
0.0423326
0.0417816
0.0411237
0.0405708
0.0399997
0.0393707
0.0387684
0.0381638
0.0376046
0.0371253
0.0365537
0.036039
0.035483
0.0350134
0.0345114
0.0340022
0.0334841
0.0329651
0.0325141
0.0319904
0.0319904
0.0319904
0.0319904
0.0319904
0.0319904
0.0319904
0.0319904
0.0319904
0.0319904
0.0319904
0.0319904
0.0319904
0.0319904
0.0319904
0.0319904
0.0319904
0.0319904
0.0319904
0.0319904
0.0319904
0.0319904
0.0319904
0.0319904
0.0319904
0.0319904
0.0319904
0.0319904
0.0319904
0.0319904
0.0319904
0.0319904
0.0319904
0.0319904
0.0319904
0.0319904
0.0319904
0.0319904
0.0319904
0.0319904
0.0319904
0.0319904
0.0319904
0.0319904
0.0319904
0.0319904
0.0319904
0.0319904
0.0319904
0.0319904
0.0319904
0.0319904
0.0319904
0.0319904
0.0319904
0.0319904
0.0319904
0.0319904
0.0319904
0.0319904
0.0319904
0.0319904
0.0319904
0.0319904
0.0319904
0.0319904
0.0319904
0.0319904
0.0319904
0.0319904
0.0319904
0.0319904
0.0319904
0.0319904
0.0319904
0.0319904
0.0319904
0.0319904
0.0319904
0.0319904
0.0319904
0.0319904
0.0319904
0.0319904
0.0319904
0.0319904
0.0319904
0.0319904
0.0319904
0.0319904
0.0319904
0.0319904
0.0319904
0.0319904
0.0319904
0.0319904
0.0319904
0.0319904
0.0319904
0.0319904
0.0319904
0.0319904
0.0319904
0.0319904
0.0319904
0.0319904
0.0319904
0.0319904
0.0319904
0.0319904
0.0319904
0.0319904
0.0319904
0.0319904
0.0319904
0.0319904
0.0319904
0.0319904
0.0319904
0.0319904
0.0319904
0.0319904
0.0319904
0.0319904
0.0319904
0.0319904
0.0319904
0.0319904
0.0319904
0.0319904
0.0319904
0.0319904
0.0319904
0.0319904
0.0319904
0.0319904
0.0319904
0.0319904
0.0319904
0.0319904
0.0319904
0.0319904
0.0319904
0.0319904
0.0319904
0.0319904
0.0319904
0.0319904
0.0319904
0.0319904
0.0319904
0.0319904
0.0319904
0.0319904
0.0319904
0.0319904
0.0319904
0.0319904
0.0319904
0.0319904
0.0319904
0.0319904
0.0319904
0.0319904
0.0319904
0.0319904
0.0319904
0.0319904
0.0319904
0.0319904
0.0319904
0.0319904
0.0319904
0.0319904
0.0319904
0.0319904
0.0319904
0.0319904
0.0319904
0.0319904
0.0319904
0.0319904
0.0319904
0.0319904
0.0319904
0.0319904
0.0319904
0.0319904
0.0319904
0.0319904
0.0319904
0.0319904
0.0319904
0.0319904
0.0319904
0.0319904
0.0319904
0.0319904
0.0319904
0.0319904
0.0319904
0.0319904
0.0319904
0.0319904
0.0319904
0.0319904
0.0319904
0.0319904
0.0319904
0.0319904
0.0319904
0.0319904
0.0319904
0.0319904
0.0319904
0.0319904
0.0319904
0.0319904
0.0319904
0.0319904
0.0319904
0.0319904
0.0319904
0.0319904
0.0319904
0.0319904
0.0319904
0.0319904
0.0319904
0.0319904
0.0319904
0.0319904
0.0319904
0.0319904
0.0319904
0.0319904
0.0319904
0.0319904
0.0319904
0.0319904
0.0319904
0.0319904
0.0319904
0.0319904
0.0319904
0.0319904
0.0319904
0.0319904
0.0319904
0.0319904
0.0319904
0.0319904
0.0319904
0.0319904
0.0319904
0.0319904
0.0319904
0.0319904
0.0319904
0.0319904
0.0319904
0.0319904
0.0319904
0.0319904
0.0319904
0.0319904
0.0319904
0.0319904
0.0319904
0.0319904
0.0319904
0.0319904
0.0319904
0.0319904
0.0319904
0.0319904
0.0319904
0.0319904
0.0319904
0.0319904
0.0319904
0.0319904
0.0319904
0.0319904
0.0319904
0.0319904
0.0319904
0.0319904
0.0319904
0.0319904
0.0319904
0.0319904
0.0319904
0.0319904
0.0319904
0.0319904
0.0319904
0.0319904
0.0319904
0.0319904
0.0319904
0.0319904
0.0319904
0.0319904
0.0319904
0.0319904
0.0319904
0.0319904
0.0319904
0.0319904
0.0319904
0.0319904
0.0319904
0.0319904
0.0319904
0.0319904
0.0319904
0.0319904
0.0319904
0.0319904
0.0319904
0.0319904
0.0319904
0.0319904
0.0319904
0.0319904
0.0319904
0.0319904
0.0319904
0.0319904
0.0319904
0.0319904
0.0319904
0.0319904
0.0319904
0.0319904
0.0319904
0.0319904
0.0319904
0.0319904
0.0319904
0.0319904
0.0319904
0.0319904
0.0319904
0.0319904
0.0319904
0.0319904
0.0319904
0.0319904
0.0319904
0.0319904
0.0319904
0.0319904
0.0319904
0.0319904
0.0319904
0.0319904
0.0319904
0.0319904
0.0319904
0.0319904
0.0319904
0.0319904
0.0319904
0.0319904
0.0319904
0.0319904
0.0319904
0.0319904
0.0319904
0.0319904
0.0319904
0.0319904
0.0319904
0.0319904
0.0319904
0.0319904
0.0319904
0.0319904
0.0319904
0.0319904
0.0319904
0.0319904
0.0319904
0.0319904
0.0319904
0.0319904
0.0319904
0.0319904
0.0319904
0.0319904
0.0319904
0.0319904
0.0319904
0.0319904
0.0319904
0.0319904
0.0319904
0.0319904
0.0319904
0.0319904
0.0319904
0.0319904
0.0319904
0.0319904
0.0319904
0.0319904
0.0319904
0.0319904
0.0319904
0.0319904
0.0319904
0.0319904
0.0319904
0.0319904
0.0319904
0.0319904
0.0319904
0.0319904
0.0319904
0.0319904
0.0319904
0.0319904
0.0319904
0.0319904
0.0319904
0.0319904
0.0319904
0.0319904
0.0319904
0.0319904
0.0319904
0.0319904
0.0319904
0.0319904
0.0319904
0.0319904
0.0319904
0.0319904
0.0319904
0.0319904
0.0319904
0.0319904
0.0319904
0.0319904
0.0319904
0.0319904
0.0319904
0.0319904
0.0319904
0.0319904
0.0319904
0.0319904
0.0319904
0.0319904
0.0319904
0.0319904
0.0319904
0.0319904
0.0319904
0.0319904
0.0319904
0.0319904
0.0319904
0.0319904
0.0319904
0.0319904
0.0319904
0.0319904
0.0319904
0.0319904
0.0319904
0.0319904
0.0319904
0.0319904
0.0319904
0.0319904
0.0319904
0.0319904
0.0319904
0.0319904
0.0319904
0.0319904
0.0319904
0.0319904
0.0319904
0.0319904
0.0319904
0.0319904
0.0319904
0.0319904
0.0319904
0.0319904
0.0319904
0.0319904
0.0319904
0.0319904
0.0319904
0.0319904
0.0319904
0.0319904
0.0319904
0.0319904
0.0319904
0.0319904
0.0319904
0.0319904
0.0319904
0.0319904
0.0319904
0.0319904
0.0319904
0.0319904
0.0319904
0.0319904
0.0319904
0.0319904
0.0319904
0.0319904
0.0319904
0.0319904
0.0319904
0.0319904
0.0319904
0.0319904
0.0319904
0.0319904
0.0319904
0.0319904
0.0319904
0.0319904
0.0319904
0.0319904
0.0319904
0.0319904
0.0319904
0.0319904
0.0319904
0.0319904
0.0319904
0.0319904
0.0319904
0.0319904
0.0319904
0.0319904
0.0319904
0.0319904
0.0319904
0.0319904
0.0319904
0.0319904
0.0319904
0.0319904
0.0319904
0.0319904
0.0319904
0.0319904
0.0319904
0.0319904
0.0319904
0.0319904
0.0319904
0.0319904
0.0319904
0.0319904
0.0319904
0.0319904
0.0319904
0.0319904
0.0319904
0.0319904
0.0319904
0.0319904
0.0319904
0.0319904
0.0319904
0.0319904
0.0319904
0.0319904
0.0319904
0.0319904
0.0319904
0.0319904
0.0319904
0.0319904
0.0319904
0.0319904
0.0319904
0.0319904
0.0319904
0.0319904
0.0319904
0.0319904
0.0319904
0.0319904
0.0319904
0.0319904
0.0319904
0.0319904
0.0319904
0.0319904
0.0319904
0.0319904
0.0319904
0.0319904
0.0319904
0.0319904
0.0319904
0.0319904
0.0319904
0.0319904
0.0319904
0.0319904
0.0319904
0.0319904
0.0319904
0.0319904
0.0319904
0.0319904
0.0319904
0.0319904
0.0319904
0.0319904
0.0319904
0.0319904
0.0319904
0.0319904
0.0319904
0.0319904
0.0319904
0.0319904
0.0319904
0.0319904
0.0319904
0.0319904
0.0319904
0.0319904
0.0319904
0.0319904
0.0319904
0.0319904
0.0319904
0.0319904
0.0319904
0.0319904
0.0319904
0.0319904
0.0319904
0.0319904
0.0319904
0.0319904
0.0319904
0.0319904
0.0319904
0.0319904
0.0319904
0.0319904
0.0319904
0.0319904
0.0319904
0.0319904
0.0319904
0.0319904
0.0319904
0.0319904
0.0319904
0.0319904
0.0319904
0.0319904
0.0319904
0.0319904
0.0319904
0.0319904
0.0319904
0.0319904
0.0319904
0.0319904
0.0319904
0.0319904
0.0319904
0.0319904
0.0319904
0.0319904
0.0319904
0.0319904
0.0319904
0.0319904
0.0319904
0.0319904
0.0319904
0.0319904
0.0319904
0.0319904
0.0319904
0.0319904
0.0319904
0.0319904
0.0319904
0.0319904
0.0319904
0.0319904
0.0319904
0.0319904
0.0319904
0.0319904
0.0319904
0.0319904
0.0319904
0.0319904
0.0319904
0.0319904
0.0319904
0.0319904
0.0319904
0.0319904
0.0319904
0.0319904
0.0319904
0.0319904
0.0319904
0.0319904
0.0319904
0.0319904
0.0319904
0.0319904
0.0319904
0.0319904
0.0319904
0.0319904
0.0319904
0.0319904
0.0319904
0.0319904
0.0319904
0.0319904
0.0319904
0.0319904
0.0319904
0.0319904
0.0319904
0.0319904
0.0319904
0.0319904
0.0319904
0.0319904
0.0319904
0.0319904
0.0319904
0.0319904
0.0319904
0.0319904
0.0319904
0.0319904
0.0319904
0.0319904
0.0319904
0.0319904
0.0319904
0.0319904
0.0319904
0.0319904
0.0319904
0.0319904
0.0319904
0.0319904
0.0319904
0.0319904
0.0319904
0.0319904
0.0319904
0.0319904
0.0319904
0.0319904
0.0319904
0.0319904
0.0319904
0.0319904
0.0319904
0.0319904
0.0319904
0.0319904
0.0319904
0.0319904
0.0319904
0.0319904
0.0319904
0.0319904
0.0319904
0.0319904
0.0319904
0.0319904
0.0319904
0.0319904
0.0319904
0.0319904
0.0319904
0.0319904
0.0319904
0.0319904
0.0319904
0.0319904
0.0319904
0.0319904
0.0319904
0.0319904
0.0319904
0.0319904
0.0319904
0.0319904
0.0319904
0.0319904
0.0319904
0.0319904
0.0319904
0.0319904
0.0319904
0.0319904
0.0319904
0.0319904
0.0319904
0.0319904
0.0319904
0.0319904
0.0319904
0.0319904
0.0319904
0.0319904
0.0319904
0.0319904
0.0319904
0.0319904
0.0319904
0.0319904
0.0319904
0.0319904
0.0319904
0.0319904
0.0319904
0.0319904
0.0319904
0.0319904
0.0319904
0.0319904
0.0319904
0.0319904
0.0319904
0.0319904
0.0319904
0.0319904
0.0319904
0.0319904
0.0319904
0.0319904
0.0319904
0.0319904
0.0319904
0.0319904
0.0319904
0.0319904
0.0319904
0.0319904
0.0319904
0.0319904
0.0319904
0.0319904
0.0319904
0.0319904
0.0319904
0.0319904
0.0319904
0.0319904
0.0319904
0.0319904
0.0319904
0.0319904
0.0319904
0.0319904
0.0319904
0.0319904
0.0319904
0.0319904
0.0319904
0.0319904
0.0319904
0.0319904
0.0319904
0.0319904
0.0319904
0.0319904
0.0319904
0.0319904
0.0319904
0.0319904
0.0319904
0.0319904
0.0319904
0.0319904
0.0319904
0.0319904
0.0319904
0.0319904
0.0319904
0.0319904
0.0319904
0.0319904
0.0319904
0.0319904
0.0319904
0.0319904
0.0319904
0.0319904
0.0319904
0.0319904
0.0319904
0.0319904
0.0319904
0.0319904
0.0319904
0.0319904
0.0319904
0.0319904
0.0319904
0.0319904
0.0319904
0.0319904
0.0319904
0.0319904
0.0319904
0.0319904
0.0319904
0.0319904
0.0319904
0.0319904
0.0319904
0.0319904
0.0319904
0.0319904
0.0319904
0.0319904
0.0319904
0.0319904
0.0319904
0.0319904
0.0319904
0.0319904
0.0319904
0.0319904
0.0319904
0.0319904
0.0319904
0.0319904
0.0319904
0.0319904
0.0319904
0.0319904
0.0319904
0.0319904
0.0319904
0.0319904
0.0319904
0.0319904
0.0319904
0.0319904
0.0319904
0.0319904
0.0319904
0.0319904
0.0319904
0.0319904
0.0319904
0.0319904
0.0319904
0.0319904
0.0319904
