3.52552e+08
1.67258e+08
4.68967e+07
3.85816e+07
2.16538e+07
1.70132e+07
1.13459e+07
1.13459e+07
1.13459e+07
1.12096e+07
8.53807e+06
4.53204e+06
4.52708e+06
1.55858e+06
1.55858e+06
1.42845e+06
1.42845e+06
1.42845e+06
1.42845e+06
821765
821765
524477
450179
437949
170912
170912
129220
129220
129220
129220
129220
129220
116308
95040.7
81849.3
81849.3
57384.7
57384.7
57384.7
41780
31936.1
24227.5
17430.8
17430.8
13934.9
5645.46
5645.46
5645.46
5645.46
3887.82
3417.92
3417.92
1949.57
1949.57
1574.44
1249.83
1249.83
883.409
883.409
883.409
883.409
778.599
723.229
715.293
647.369
554.105
370.634
370.634
370.634
298.749
298.749
294.419
233.391
233.391
190.047
190.047
149.631
149.631
141.602
141.602
127.637
120.545
120.545
99.2654
85.08
71.8268
71.8268
65.5067
65.5067
65.5067
57.4466
57.4466
57.4466
55.5642
46.7705
46.7705
41.8969
41.8969
36.7149
35.2265
35.2265
35.2265
35.2265
35.2265
35.2265
35.2265
35.1785
33.5362
32.1481
31.6138
31.6138
31.2197
30.4662
30.0285
30.0251
29.5526
29.5526
29.1755
29.0998
29.0961
28.3402
28.1894
28.1894
28.1894
28.1894
28.1894
27.9062
27.9062
27.9062
27.8077
27.8077
27.6426
27.6426
27.516
27.4962
27.3698
27.3
27.2466
27.1636
27.0832
27.064
27.0139
26.9412
26.9313
26.8762
26.819
26.7411
26.7175
26.6469
26.6207
26.5926
26.5575
26.5166
26.4896
26.4673
26.4257
26.3939
26.3726
26.3401
26.3235
26.3005
26.2627
26.252
26.2246
26.1936
26.1749
26.1495
26.1131
26.0901
26.0584
26.035
26.0165
25.9984
25.9757
25.9463
25.9264
25.9083
25.8851
25.8565
25.8325
25.8103
25.7922
25.7675
25.7492
25.7322
25.7068
25.6875
25.6732
25.6515
25.6314
25.614
25.5964
25.5734
25.5548
25.533
25.5143
25.4945
25.4749
25.4512
25.4374
25.4177
25.3979
25.3774
25.3636
25.3459
25.3233
25.3055
25.2892
25.2701
25.2498
25.231
25.2124
25.1922
25.168
25.1438
25.1277
25.1087
25.0874
25.0573
25.0386
25.0174
24.9918
24.9674
24.9486
24.9224
24.9015
24.8789
24.8542
24.8319
24.8077
24.7834
24.7637
24.742
24.7113
24.6955
24.6709
24.6503
24.6311
24.6075
24.5838
24.5606
24.5406
24.517
24.4936
24.4721
24.4499
24.4251
24.4037
24.3807
24.3575
24.331
24.3121
24.2883
24.2644
24.2419
24.2137
24.1892
24.1661
24.1393
24.118
24.0931
24.0658
24.0405
24.0142
23.9925
23.9618
23.9361
23.9086
23.8785
23.8464
23.8218
23.7963
23.765
23.7323
23.7136
23.683
23.6608
23.6332
23.6058
23.5809
23.5596
23.5309
23.5091
23.4794
23.4553
23.4269
23.4117
23.3883
23.3618
23.3378
23.3179
23.2945
23.2727
23.254
23.2338
23.2105
23.1909
23.1684
23.1497
23.1296
23.1122
23.0953
23.0749
23.0617
23.043
23.0249
23.0122
22.9939
22.9771
22.9613
22.9456
22.925
22.9126
22.8961
22.8802
22.8632
22.8483
22.829
22.8127
22.7917
22.7728
22.755
22.736
22.7168
22.6989
22.6769
22.6602
22.641
22.6199
22.5993
22.5798
22.555
22.5379
22.5187
22.4976
22.4827
22.4631
22.4445
22.4208
22.4059
22.3899
22.3685
22.3474
22.3248
22.3044
22.2882
22.2692
22.2517
22.2287
22.2115
22.192
22.1741
22.1537
22.1378
22.1189
22.0987
22.0797
22.0608
22.0442
22.0244
22.0044
21.9839
21.9645
21.9437
21.9215
21.9037
21.8844
21.8651
21.8428
21.8222
21.8015
21.777
21.7634
21.7465
21.7213
21.703
21.6864
21.6671
21.6505
21.6319
21.6153
21.5954
21.5786
21.5601
21.5396
21.524
21.5072
21.4889
21.4748
21.4586
21.4409
21.4253
21.4081
21.3888
21.3716
21.3592
21.3444
21.3281
21.3147
21.2969
21.2817
21.2662
21.2519
21.2315
21.2205
21.2061
21.19
21.1773
21.1616
21.1468
21.1304
21.1167
21.101
21.0855
21.0651
21.0528
21.0357
21.0143
21.002
20.9819
20.9622
20.9473
20.9312
20.9133
20.8942
20.8769
20.8603
20.837
20.8198
20.7986
20.7802
20.7598
20.7392
20.7187
20.6954
20.6695
20.6521
20.6313
20.6138
20.5935
20.5718
20.5541
20.5292
20.5138
20.4908
20.4723
20.4528
20.4281
20.4148
20.3946
20.3794
20.3606
20.3416
20.3219
20.3034
20.2772
20.2624
20.2409
20.2164
20.1998
20.1715
20.1492
20.1298
20.1066
20.0826
20.0591
20.037
20.0038
19.9853
19.9653
19.9426
19.9198
19.8955
19.872
19.8477
19.829
19.8043
19.7858
19.7643
19.743
19.7229
19.6907
19.6758
19.6492
19.6294
19.6058
19.5816
19.5613
19.5387
19.5151
19.4894
19.4686
19.443
19.4193
19.391
19.3631
19.3411
19.3185
19.2908
19.2727
19.2464
19.2194
19.2004
19.1788
19.1519
19.1269
19.1058
19.0859
19.0589
19.0333
19.0104
18.9851
18.9633
18.9377
18.9146
18.8924
18.8644
18.8439
18.8143
18.7966
18.7701
18.7476
18.7245
18.6999
18.678
18.6576
18.6307
18.611
18.5816
18.5652
18.5417
18.5152
18.5001
18.4729
18.4554
18.4322
18.4104
18.3896
18.3726
18.3493
18.3296
18.3106
18.2908
18.2732
18.2578
18.2387
18.2242
18.2096
18.1964
18.1795
18.1613
18.1483
18.1338
18.1167
18.1029
18.086
18.0733
18.0599
18.0438
18.0324
18.0176
18.0004
17.9862
17.9696
17.9561
17.9438
17.9281
17.9098
17.8975
17.8794
17.8662
17.85
17.8341
17.8229
17.8075
17.7944
17.7794
17.7676
17.7538
17.737
17.7245
17.7093
17.6947
17.6771
17.6624
17.6449
17.6323
17.6122
17.5975
17.5828
17.5697
17.5552
17.5394
17.5266
17.5108
17.4965
17.4822
17.4662
17.4493
17.4316
17.4204
17.4043
17.3887
17.3743
17.3588
17.3411
17.3262
17.3105
17.292
17.2748
17.2568
17.2353
17.217
17.2023
17.1805
17.1628
17.1494
17.1308
17.1154
17.0978
17.0797
17.0599
17.0421
17.0229
17.004
16.9864
16.9669
16.9487
16.9307
16.9105
16.8931
16.873
16.8501
16.832
16.8129
16.7956
16.775
16.7566
16.7374
16.718
16.6995
16.6776
16.6609
16.6416
16.6228
16.6036
16.5811
16.57
16.5489
16.5339
16.5113
16.4986
16.4824
16.4604
16.4433
16.4282
16.4115
16.3966
16.3802
16.3563
16.3468
16.3294
16.3117
16.2954
16.2776
16.2586
16.2398
16.2241
16.2065
16.1828
16.1708
16.1504
16.137
16.1168
16.1005
16.0845
16.0685
16.0497
16.0325
16.016
15.9997
15.9819
15.9641
15.9472
15.931
15.9071
15.8929
15.8728
15.8584
15.8401
15.8219
15.8032
15.7865
15.7706
15.7522
15.7344
15.7177
15.7013
15.6823
15.665
15.6497
15.6322
15.614
15.5985
15.5812
15.5648
15.5505
15.5338
15.518
15.5046
15.4905
15.4729
15.4582
15.4457
15.4291
15.4158
15.4019
15.383
15.3705
15.3539
15.3364
15.3217
15.3065
15.2914
15.2753
15.26
15.2437
15.2271
15.2137
15.1979
15.1838
15.1691
15.1538
15.137
15.1219
15.1067
15.0881
15.074
15.0595
15.0433
15.0287
15.0124
14.9982
14.9876
14.9727
14.959
14.9466
14.9306
14.9199
14.9058
14.8932
14.8789
14.8645
14.8434
14.8329
14.8177
14.7985
14.7794
14.7663
14.7492
14.7332
14.7165
14.7
14.6829
14.6685
14.6492
14.6318
14.6139
14.5943
14.5763
14.5607
14.5417
14.5187
14.4999
14.4776
14.4591
14.4414
14.4224
14.4028
14.3811
14.3635
14.3422
14.3195
14.2979
14.2821
14.2602
14.2396
14.2164
14.1987
14.173
14.1518
14.1325
14.1114
14.0916
14.0716
14.0503
14.0281
14.0041
13.9834
13.9623
13.9397
13.9204
13.8953
13.8727
13.8455
13.8268
13.8007
13.7759
13.755
13.7296
13.7076
13.683
13.6596
13.6362
13.607
13.583
13.5579
13.5346
13.5094
13.4899
13.4642
13.4367
13.4111
13.3909
13.3614
13.3385
13.3167
13.2838
13.2588
13.2318
13.209
13.1823
13.1527
13.1313
13.1011
13.0717
13.0468
13.0229
12.9969
12.9741
12.947
12.9242
12.8964
12.8761
12.8534
12.82
12.8029
12.7774
12.7578
12.7323
12.7156
12.6924
12.67
12.6499
12.6291
12.6082
12.5884
12.5681
12.5486
12.5323
12.5137
12.4934
12.4741
12.4561
12.4353
12.417
12.4009
12.3781
12.3573
12.3355
12.3159
12.2939
12.2739
12.2506
12.2245
12.2054
12.1852
12.1636
12.1467
12.125
12.1051
12.0826
12.0622
12.0421
12.0211
12.002
11.9798
11.9586
11.9332
11.9128
11.8935
11.8742
11.8464
11.83
11.8121
11.7918
11.7716
11.7519
11.7325
11.7091
11.6913
11.6715
11.6522
11.6312
11.6167
11.597
11.5751
11.5611
11.5441
11.5238
11.508
11.4884
11.4702
11.4519
11.4297
11.4091
11.3893
11.3679
11.3502
11.3288
11.3055
11.2827
11.265
11.2457
11.2245
11.2013
11.1847
11.1626
11.1447
11.123
11.1064
11.0883
11.0667
11.0507
11.0323
11.0143
10.9952
10.9781
10.9617
10.9402
10.9285
10.9071
10.8961
10.8778
10.857
10.8388
10.816
10.8064
10.786
10.7693
10.7455
10.7319
10.7154
10.6986
10.6825
10.665
10.6441
10.6226
10.6076
10.5873
10.5717
10.5526
10.5373
10.5213
10.5022
10.4824
10.4663
10.4484
10.4265
10.4104
10.3917
10.3703
10.3514
10.3323
10.3129
10.289
10.2716
10.25
10.226
10.2097
10.1885
10.1711
10.1498
10.1287
10.1073
10.0869
10.0679
10.0467
10.0267
10.007
9.98865
9.96422
9.94862
9.92987
9.90814
9.88902
9.86854
9.84354
9.82441
9.80238
9.77916
9.7583
9.73432
9.7105
9.68381
9.66328
9.63749
9.61548
9.59015
9.57205
9.54508
9.52296
9.50351
9.47778
9.45612
9.43008
9.40617
9.38175
9.35351
9.33946
9.31673
9.29432
9.26554
9.24497
9.21875
9.19517
9.16649
9.14708
9.13049
9.10463
9.08369
9.05688
9.03221
9.01686
8.98489
8.97001
8.94692
8.92113
8.90093
8.87786
8.859
8.83636
8.81195
8.79363
8.77114
8.74829
8.72323
8.70899
8.68214
8.66017
8.64058
8.6182
8.59545
8.57556
8.55432
8.53328
8.51006
8.4866
8.46695
8.44531
8.42416
8.40313
8.38053
8.35873
8.33762
8.31523
8.29315
8.27316
8.25143
8.23033
8.20503
8.18407
8.16161
8.13793
8.1148
8.09278
8.06897
8.0394
8.01723
7.99435
7.97252
7.94854
7.92365
7.89941
7.87472
7.84993
7.82963
7.80712
7.78447
7.75724
7.73998
7.71195
7.69433
7.66914
7.64649
7.62207
7.60056
7.57286
7.55407
7.53424
7.50901
7.48845
7.46164
7.44369
7.41726
7.39847
7.37431
7.35072
7.32746
7.30651
7.28168
7.26178
7.23996
7.21087
7.19401
7.16864
7.14118
7.1171
7.09616
7.08051
7.055
7.03604
7.01084
6.989
6.96486
6.94284
6.92433
6.89832
6.87373
6.85362
6.83042
6.81072
6.78644
6.76056
6.74189
6.72008
6.69522
6.67284
6.6527
6.63515
6.61505
6.59507
6.57461
6.55096
6.54232
6.52713
6.50974
6.49326
6.47897
6.46176
6.44864
6.43174
6.41788
6.40082
6.3869
6.37012
6.35363
6.33997
6.32897
6.31011
6.29953
6.28444
6.26881
6.259
6.24501
6.23031
6.21695
6.19771
6.18838
6.17671
6.1626
6.14376
6.13568
6.12107
6.10603
6.09081
6.07645
6.06253
6.05173
6.03576
6.02323
6.00338
5.99536
5.97801
5.96386
5.94501
5.92699
5.91295
5.89621
5.87987
5.86021
5.84525
5.83155
5.80859
5.79109
5.7751
5.75274
5.73422
5.71809
5.69816
5.67657
5.65713
5.64237
5.62203
5.60186
5.58181
5.56114
5.54353
5.52538
5.50632
5.48605
5.46624
5.44426
5.42747
5.41163
5.39024
5.37493
5.3547
5.33633
5.31374
5.29691
5.27955
5.26008
5.24343
5.21977
5.2053
5.18775
5.16825
5.15503
5.13663
5.11671
5.10221
5.08174
5.06901
5.05392
5.03857
5.02139
5.00609
4.99279
4.97299
4.95621
4.94356
4.92375
4.90709
4.89481
4.87692
4.86002
4.84037
4.8216
4.80395
4.78191
4.76823
4.74987
4.73034
4.71256
4.69546
4.67522
4.65564
4.63596
4.61225
4.59458
4.57606
4.55491
4.53134
4.50874
4.4877
4.4619
4.43991
4.41794
4.39856
4.37576
4.3547
4.33408
4.31508
4.29102
4.27286
4.25024
4.2279
4.20264
4.18134
4.15814
4.13249
4.11188
4.08621
4.06491
4.04154
4.01856
3.99011
3.96972
3.94939
3.92524
3.90107
3.87891
3.85726
3.83618
3.81357
3.79265
3.77131
3.74937
3.72978
3.70666
3.688
3.66542
3.64862
3.62802
3.60794
3.59026
3.57457
3.55754
3.53418
3.51908
3.49535
3.47972
3.46145
3.44191
3.42272
3.40382
3.38213
3.36233
3.3433
3.32102
3.30146
3.28021
3.2584
3.23829
3.21922
3.20423
3.18122
3.1628
3.14553
3.12683
3.10204
3.08579
3.05961
3.04371
3.02284
3.00469
2.98342
2.96111
2.94609
2.91921
2.89948
2.88506
2.85486
2.84481
2.82192
2.80666
2.78163
2.76359
2.74429
2.72094
2.70377
2.68201
2.66289
2.64701
2.62637
2.60358
2.57902
2.56705
2.54937
2.52816
2.51125
2.49684
2.47838
2.45799
2.44053
2.42061
2.40324
2.37661
2.36371
2.34691
2.32813
2.30692
2.29215
2.27221
2.25288
2.23722
2.21999
2.20301
2.18728
2.16913
2.15165
2.13851
2.12336
2.10799
2.0927
2.07701
2.06049
2.04607
2.02789
2.01064
1.99454
1.9793
1.9648
1.94699
1.93222
1.91676
1.90164
1.887
1.87073
1.8535
1.84183
1.82385
1.80559
1.79189
1.77617
1.75802
1.74538
1.72843
1.71747
1.70432
1.69109
1.67624
1.6618
1.64613
1.63262
1.61914
1.60358
1.58967
1.57363
1.55881
1.54299
1.52955
1.5154
1.50061
1.48513
1.46896
1.45275
1.43579
1.42177
1.402
1.3866
1.37181
1.35515
1.33959
1.32476
1.3044
1.29172
1.27426
1.26144
1.24429
1.22908
1.21344
1.19447
1.17952
1.16581
1.15188
1.13546
1.11971
1.10598
1.0909
1.07714
1.06128
1.04741
1.03558
1.02143
1.00287
0.990556
0.979777
0.966728
0.949474
0.93493
0.921515
0.908489
0.891518
0.880871
0.866216
0.855078
0.840863
0.82612
0.81674
0.805609
0.791839
0.780047
0.767942
0.754965
0.744718
0.732729
0.721608
0.711805
0.700358
0.690325
0.682692
0.673113
0.661899
0.653149
0.643566
0.635191
0.628982
0.620629
0.613289
0.60467
0.596511
0.588469
0.582784
0.574758
0.567398
0.559425
0.554431
0.547416
0.541563
0.534706
0.528299
0.523636
0.518239
0.512439
0.507062
0.501261
0.496363
0.490828
0.485806
0.480243
0.473961
0.468962
0.464751
0.459666
0.454071
0.448816
0.444292
0.439626
0.435791
0.43175
0.426841
0.422601
0.417711
0.414024
0.408832
0.403814
0.399802
0.394064
0.38979
0.386304
0.38256
0.378232
0.37428
0.370167
0.367006
0.362936
0.358915
0.355101
0.351318
0.347542
0.343723
0.338973
0.335272
0.331365
0.328238
0.324159
0.320396
0.317339
0.313364
0.309592
0.306753
0.302471
0.300177
0.297019
0.294203
0.290257
0.287505
0.283583
0.28176
0.278394
0.275831
0.272957
0.270116
0.266927
0.264187
0.261067
0.257731
0.255772
0.252345
0.250036
0.247598
0.244487
0.242636
0.240272
0.237881
0.235383
0.233312
0.231301
0.229064
0.227174
0.224967
0.222671
0.220812
0.21879
0.216796
0.214671
0.21288
0.210583
0.208831
0.20669
0.204737
0.20274
0.200943
0.199377
0.197643
0.195977
0.194364
0.192766
0.191399
0.189785
0.188248
0.186881
0.185477
0.18397
0.182463
0.181248
0.179469
0.1782
0.176848
0.175544
0.174098
0.172905
0.171579
0.169959
0.168326
0.166962
0.165699
0.164192
0.162952
0.161531
0.160394
0.158623
0.157779
0.156364
0.154995
0.153668
0.152146
0.15112
0.14993
0.148164
0.147313
0.145708
0.14417
0.142837
0.141686
0.139899
0.138693
0.13767
0.136395
0.135407
0.134066
0.132798
0.131308
0.130045
0.1287
0.127306
0.126293
0.124875
0.123172
0.121926
0.120683
0.119239
0.118275
0.116866
0.115914
0.114819
0.113313
0.112708
0.111571
0.110578
0.109432
0.108434
0.107245
0.106439
0.10549
0.104586
0.1036
0.102849
0.101915
0.101122
0.10013
0.0994804
0.0987174
0.0979161
0.0973628
0.0966046
0.0959211
0.0953258
0.0946731
0.0940174
0.0934364
0.092824
0.0920554
0.0915013
0.090584
0.0901772
0.0896574
0.0890298
0.0884104
0.0877895
0.0872412
0.0866532
0.0860757
0.0855454
0.0849657
0.0843346
0.0838924
0.0833558
0.0827992
0.0823368
0.0816696
0.0812016
0.0806624
0.0802581
0.079584
0.0790649
0.078523
0.0779746
0.0775067
0.0770606
0.0765328
0.0759717
0.0755625
0.0750864
0.0746711
0.0741808
0.0737346
0.0732186
0.0727042
0.0723058
0.0718086
0.0714048
0.0709358
0.0704954
0.0700616
0.0695625
0.0691999
0.0687453
0.0682045
0.0678021
0.0673419
0.0668484
0.0664309
0.0660335
0.0655684
0.0651072
0.0646368
0.0641655
0.0636767
0.0632948
0.0627753
0.0623705
0.0618393
0.0613241
0.0609613
0.060467
0.0599584
0.0595398
0.0590546
0.0586099
0.0580988
0.0577589
0.0572646
0.0569034
0.056486
0.0560174
0.0557043
0.0552712
0.0548584
0.0544404
0.0540824
0.0537418
0.0533359
0.0529197
0.0525763
0.0521697
0.0517787
0.0514011
0.051046
0.0507011
0.0503105
0.0499438
0.0495569
0.0491453
0.0488383
0.0484452
0.048032
0.047699
0.047306
0.0469146
0.0465151
0.0462114
0.0458617
0.0454927
0.0452222
0.0448721
0.0445174
0.0441994
0.043868
0.043868
0.043868
0.043868
0.043868
0.043868
0.043868
0.043868
0.043868
0.043868
0.043868
0.043868
0.043868
0.043868
0.043868
0.043868
0.043868
0.043868
0.043868
0.043868
0.043868
0.043868
0.043868
0.043868
0.043868
0.043868
0.043868
0.043868
0.043868
0.043868
0.043868
0.043868
0.043868
0.043868
0.043868
0.043868
0.043868
0.043868
0.043868
0.043868
0.043868
0.043868
0.043868
0.043868
0.043868
0.043868
0.043868
0.043868
0.043868
0.043868
0.043868
0.043868
0.043868
0.043868
0.043868
0.043868
0.043868
0.043868
0.043868
0.043868
0.043868
0.043868
0.043868
0.043868
0.043868
0.043868
0.043868
0.043868
0.043868
0.043868
0.043868
0.043868
0.043868
0.043868
0.043868
0.043868
0.043868
0.043868
0.043868
0.043868
0.043868
0.043868
0.043868
0.043868
0.043868
0.043868
0.043868
0.043868
0.043868
0.043868
0.043868
0.043868
0.043868
0.043868
0.043868
0.043868
0.043868
0.043868
0.043868
0.043868
0.043868
0.043868
0.043868
0.043868
0.043868
0.043868
0.043868
0.043868
0.043868
0.043868
0.043868
0.043868
0.043868
0.043868
0.043868
0.043868
0.043868
0.043868
0.043868
0.043868
0.043868
0.043868
0.043868
0.043868
0.043868
0.043868
0.043868
0.043868
0.043868
0.043868
0.043868
0.043868
0.043868
0.043868
0.043868
0.043868
0.043868
0.043868
0.043868
0.043868
0.043868
0.043868
0.043868
0.043868
0.043868
0.043868
0.043868
0.043868
0.043868
0.043868
0.043868
0.043868
0.043868
0.043868
0.043868
0.043868
0.043868
0.043868
0.043868
0.043868
0.043868
0.043868
0.043868
0.043868
0.043868
0.043868
0.043868
0.043868
0.043868
0.043868
0.043868
0.043868
0.043868
0.043868
0.043868
0.043868
0.043868
0.043868
0.043868
0.043868
0.043868
0.043868
0.043868
0.043868
0.043868
0.043868
0.043868
0.043868
0.043868
0.043868
0.043868
0.043868
0.043868
0.043868
0.043868
0.043868
0.043868
0.043868
0.043868
0.043868
0.043868
0.043868
0.043868
0.043868
0.043868
0.043868
0.043868
0.043868
0.043868
0.043868
0.043868
0.043868
0.043868
0.043868
0.043868
0.043868
0.043868
0.043868
0.043868
0.043868
0.043868
0.043868
0.043868
0.043868
0.043868
0.043868
0.043868
0.043868
0.043868
0.043868
0.043868
0.043868
0.043868
0.043868
0.043868
0.043868
0.043868
0.043868
0.043868
0.043868
0.043868
0.043868
0.043868
0.043868
0.043868
0.043868
0.043868
0.043868
0.043868
0.043868
0.043868
0.043868
0.043868
0.043868
0.043868
0.043868
0.043868
0.043868
0.043868
0.043868
0.043868
0.043868
0.043868
0.043868
0.043868
0.043868
0.043868
0.043868
0.043868
0.043868
0.043868
0.043868
0.043868
0.043868
0.043868
0.043868
0.043868
0.043868
0.043868
0.043868
0.043868
0.043868
0.043868
0.043868
0.043868
0.043868
0.043868
0.043868
0.043868
0.043868
0.043868
0.043868
0.043868
0.043868
0.043868
0.043868
0.043868
0.043868
0.043868
0.043868
0.043868
0.043868
0.043868
0.043868
0.043868
0.043868
0.043868
0.043868
0.043868
0.043868
0.043868
0.043868
0.043868
0.043868
0.043868
0.043868
0.043868
0.043868
0.043868
0.043868
0.043868
0.043868
0.043868
0.043868
0.043868
0.043868
0.043868
0.043868
0.043868
0.043868
0.043868
0.043868
0.043868
0.043868
0.043868
0.043868
0.043868
0.043868
0.043868
0.043868
0.043868
0.043868
0.043868
0.043868
0.043868
0.043868
0.043868
0.043868
0.043868
0.043868
0.043868
0.043868
0.043868
0.043868
0.043868
0.043868
0.043868
0.043868
0.043868
0.043868
0.043868
0.043868
0.043868
0.043868
0.043868
0.043868
0.043868
0.043868
0.043868
0.043868
0.043868
0.043868
0.043868
0.043868
0.043868
0.043868
0.043868
0.043868
0.043868
0.043868
0.043868
0.043868
0.043868
0.043868
0.043868
0.043868
0.043868
0.043868
0.043868
0.043868
0.043868
0.043868
0.043868
0.043868
0.043868
0.043868
0.043868
0.043868
0.043868
0.043868
0.043868
0.043868
0.043868
0.043868
0.043868
0.043868
0.043868
0.043868
0.043868
0.043868
0.043868
0.043868
0.043868
0.043868
0.043868
0.043868
0.043868
0.043868
0.043868
0.043868
0.043868
0.043868
0.043868
0.043868
0.043868
0.043868
0.043868
0.043868
0.043868
0.043868
0.043868
0.043868
0.043868
0.043868
0.043868
0.043868
0.043868
0.043868
0.043868
0.043868
0.043868
0.043868
0.043868
0.043868
0.043868
0.043868
0.043868
0.043868
0.043868
0.043868
0.043868
0.043868
0.043868
0.043868
0.043868
0.043868
0.043868
0.043868
0.043868
0.043868
0.043868
0.043868
0.043868
0.043868
0.043868
0.043868
0.043868
0.043868
0.043868
0.043868
0.043868
0.043868
