5.96168e+08
3.17165e+08
1.14867e+08
1.3689e+07
9.27984e+06
9.27984e+06
9.27984e+06
9.27984e+06
9.27984e+06
9.27984e+06
9.27984e+06
5.11805e+06
5.11805e+06
5.04047e+06
3.52288e+06
1.63117e+06
1.63117e+06
1.63117e+06
1.63117e+06
1.4689e+06
866445
681682
396201
396201
396201
196898
196898
196898
196898
196898
196898
191954
155244
54005.2
54005.2
43000.8
43000.8
43000.8
43000.8
43000.8
43000.8
43000.8
39791.5
29442.3
26192
26192
26192
26192
19372.7
11811.6
11749.2
11749.2
11749.2
11491.4
6686.57
5137.49
2964.95
2964.95
2964.95
2964.95
2964.95
2964.95
2340.44
2340.44
1284.75
1284.75
1197.57
1157.16
1096.81
751.466
751.466
464.711
464.711
464.711
464.711
464.711
464.711
366.078
337.399
337.399
265.04
265.04
265.04
244.611
225.154
160.206
160.206
157.927
157.927
157.927
157.927
115.189
115.189
112.875
87.8923
87.8923
87.8923
79.916
79.916
78.7248
75.7209
70.427
68.7176
67.1072
66.5126
51.5402
47.2315
46.1783
40.9604
40.3945
39.8485
34.6985
34.6985
34.6985
34.6985
33.9929
33.9929
32.4056
31.3733
31.3689
30.4479
29.7859
29.7859
29.5502
29.4856
29.4856
29.4856
29.4247
28.781
28.4553
28.0995
27.9264
27.6704
27.6704
27.6078
27.6078
27.4147
27.3201
27.2848
27.0746
26.9846
26.8641
26.8531
26.7741
26.7545
26.669
26.5506
26.5116
26.4921
26.4295
26.4101
26.3641
26.332
26.3051
26.2349
26.1897
26.1682
26.1525
26.119
26.0753
26.0507
26.0191
25.9798
25.9559
25.9179
25.9027
25.8766
25.8457
25.8172
25.7922
25.7586
25.7397
25.7167
25.6974
25.674
25.6483
25.6209
25.5969
25.5686
25.5483
25.5193
25.4974
25.4706
25.4469
25.4213
25.3999
25.3698
25.3518
25.3197
25.3003
25.2733
25.2513
25.2293
25.2103
25.1868
25.1619
25.1459
25.1155
25.0989
25.0725
25.0464
25.0274
25.0045
24.9717
24.9574
24.9362
24.9159
24.8917
24.871
24.8471
24.8254
24.8002
24.7808
24.7602
24.7412
24.7158
24.696
24.6721
24.6503
24.6313
24.6086
24.59
24.5629
24.54
24.5128
24.4942
24.4718
24.4438
24.4205
24.393
24.371
24.3349
24.3153
24.2891
24.262
24.2386
24.2028
24.1818
24.1553
24.1255
24.0994
24.0803
24.0489
24.0316
23.9973
23.9774
23.9513
23.9211
23.8994
23.866
23.8429
23.8124
23.7879
23.7581
23.7318
23.7062
23.6756
23.649
23.6214
23.5893
23.5684
23.5397
23.5105
23.4871
23.4624
23.4374
23.41
23.3816
23.3554
23.3244
23.2812
23.2664
23.2347
23.2114
23.1803
23.1553
23.1206
23.0987
23.0698
23.0429
23.0138
22.9842
22.9588
22.9318
22.9045
22.8826
22.8487
22.8296
22.806
22.7808
22.7575
22.7328
22.7065
22.6872
22.6605
22.6348
22.6118
22.591
22.5666
22.5437
22.5184
22.4948
22.468
22.4487
22.4241
22.4037
22.3808
22.3624
22.3407
22.3206
22.2972
22.2763
22.2606
22.2349
22.2176
22.1955
22.1773
22.1544
22.1362
22.1175
22.0946
22.0756
22.053
22.0341
22.016
21.9915
21.9726
21.9511
21.9286
21.9117
21.8899
21.8685
21.8485
21.8243
21.8042
21.7829
21.7631
21.745
21.7278
21.7078
21.6864
21.6711
21.6512
21.6336
21.6147
21.5988
21.5783
21.5572
21.5398
21.5233
21.5053
21.4879
21.4673
21.4477
21.4293
21.4122
21.3901
21.3676
21.3515
21.3294
21.3129
21.2876
21.2745
21.2551
21.2333
21.2066
21.1929
21.1721
21.1509
21.1312
21.1117
21.0932
21.0716
21.0496
21.0295
21.0112
20.9868
20.97
20.951
20.9288
20.9109
20.8882
20.8672
20.8453
20.8226
20.797
20.7726
20.7547
20.7334
20.7094
20.689
20.6653
20.6437
20.6191
20.5952
20.5718
20.5463
20.5247
20.4994
20.4722
20.4451
20.4265
20.4013
20.3807
20.3594
20.3373
20.3125
20.2907
20.2655
20.248
20.2271
20.2038
20.1766
20.1566
20.1368
20.1139
20.0942
20.0713
20.0518
20.0287
20.0067
19.9849
19.9631
19.9413
19.9204
19.901
19.8765
19.8558
19.8316
19.8141
19.7949
19.7745
19.7559
19.7332
19.7192
19.6991
19.6783
19.6581
19.6399
19.6185
19.5986
19.5767
19.5591
19.5397
19.519
19.4918
19.4752
19.4557
19.4383
19.4151
19.3917
19.3729
19.3521
19.3348
19.3153
19.2964
19.2759
19.2579
19.2321
19.2169
19.1966
19.1771
19.1571
19.1383
19.1166
19.0989
19.0794
19.0626
19.043
19.0298
19.0092
18.9928
18.9773
18.9583
18.9432
18.9263
18.9104
18.8941
18.8787
18.8601
18.8431
18.8286
18.8117
18.793
18.7777
18.7594
18.7438
18.7288
18.7099
18.696
18.6798
18.6631
18.6459
18.6339
18.6174
18.6009
18.5888
18.5748
18.5585
18.5461
18.534
18.5194
18.5077
18.4943
18.4794
18.4647
18.452
18.44
18.4276
18.4103
18.4015
18.3818
18.3704
18.3528
18.3377
18.3194
18.3016
18.286
18.2685
18.253
18.2369
18.2219
18.2064
18.1897
18.1759
18.159
18.1435
18.1236
18.1083
18.0887
18.0762
18.0538
18.0407
18.0225
18.0027
17.9878
17.9692
17.9516
17.9354
17.9174
17.9007
17.8858
17.8663
17.8511
17.8334
17.8179
17.7959
17.7786
17.7619
17.7373
17.7227
17.6973
17.6832
17.6596
17.6434
17.6202
17.6039
17.5824
17.5595
17.5379
17.5153
17.4974
17.4772
17.4534
17.4354
17.4068
17.3861
17.3639
17.3421
17.3175
17.2928
17.2707
17.2492
17.2275
17.2009
17.1786
17.1546
17.1342
17.1132
17.087
17.066
17.0407
17.0181
16.9945
16.9753
16.9545
16.9323
16.899
16.8865
16.8627
16.8346
16.8176
16.7907
16.7687
16.743
16.7183
16.6942
16.6689
16.6459
16.6209
16.6013
16.5774
16.5525
16.5319
16.5065
16.4818
16.4565
16.4303
16.4073
16.3753
16.3551
16.33
16.3061
16.2801
16.2544
16.2342
16.2127
16.189
16.1697
16.1506
16.1292
16.1017
16.084
16.061
16.0399
16.0187
15.9974
15.978
15.9582
15.9377
15.9158
15.8973
15.8793
15.8527
15.8357
15.8114
15.794
15.7705
15.7497
15.7322
15.7045
15.6862
15.6692
15.6475
15.6269
15.607
15.5849
15.5623
15.5454
15.5204
15.5001
15.4782
15.4551
15.4296
15.412
15.388
15.3666
15.3433
15.3184
15.2905
15.2691
15.2349
15.2126
15.1899
15.1666
15.143
15.1171
15.0946
15.0716
15.0507
15.0253
15.0071
14.9847
14.9643
14.9435
14.9247
14.9003
14.8848
14.8655
14.8473
14.8311
14.8071
14.7941
14.7812
14.7596
14.7474
14.7278
14.7102
14.6924
14.6786
14.6611
14.6333
14.6202
14.6019
14.5834
14.5629
14.5478
14.5302
14.5148
14.4938
14.4737
14.456
14.4339
14.4176
14.3969
14.3794
14.3628
14.3415
14.3197
14.3032
14.282
14.264
14.2445
14.2232
14.1991
14.1821
14.1584
14.1353
14.111
14.0849
14.064
14.0459
14.0226
14.0056
13.9819
13.9629
13.9432
13.923
13.9018
13.8812
13.862
13.845
13.8254
13.8042
13.7835
13.7637
13.7424
13.7219
13.7008
13.6796
13.6565
13.6297
13.6061
13.5867
13.5637
13.5409
13.5182
13.4929
13.4684
13.4451
13.4268
13.4008
13.3786
13.3556
13.3329
13.3157
13.2941
13.2757
13.2552
13.2355
13.2165
13.1957
13.1759
13.1491
13.1352
13.1133
13.0926
13.0762
13.054
13.0351
13.0163
12.9997
12.9832
12.9658
12.9477
12.9323
12.9141
12.8991
12.884
12.8676
12.8491
12.8318
12.8159
12.7963
12.7746
12.7523
12.7381
12.7174
12.6983
12.678
12.6598
12.6395
12.6246
12.6064
12.5895
12.5703
12.5538
12.5359
12.5197
12.5028
12.4875
12.4717
12.4551
12.4389
12.426
12.4105
12.395
12.3789
12.3628
12.3467
12.3339
12.3179
12.3002
12.2839
12.2683
12.2491
12.2358
12.2215
12.2051
12.1843
12.1699
12.1551
12.1373
12.1211
12.1049
12.0893
12.0718
12.0556
12.0378
12.0231
12.0073
11.9916
11.9754
11.9596
11.9446
11.9304
11.9109
11.8945
11.8763
11.8596
11.8395
11.819
11.8
11.7837
11.7652
11.7466
11.7281
11.7072
11.6862
11.6652
11.645
11.6223
11.5979
11.5753
11.5534
11.5307
11.5069
11.4806
11.4546
11.437
11.4102
11.3849
11.3563
11.3348
11.3006
11.2873
11.2643
11.2431
11.2126
11.1936
11.1671
11.146
11.1172
11.0932
11.0711
11.0485
11.0248
11.0017
10.9836
10.9624
10.9395
10.9145
10.8885
10.8589
10.8382
10.8172
10.7952
10.7746
10.7557
10.7339
10.7139
10.6963
10.6727
10.6548
10.6326
10.6128
10.5899
10.5734
10.5539
10.5349
10.5154
10.4955
10.479
10.4599
10.4428
10.4224
10.4033
10.3848
10.3647
10.3472
10.3252
10.3074
10.2799
10.2658
10.2445
10.2185
10.2034
10.1821
10.1605
10.1402
10.12
10.0983
10.0813
10.0577
10.0438
10.0228
10.003
9.9828
9.96571
9.94716
9.92411
9.90645
9.88878
9.86876
9.84853
9.82927
9.81205
9.7902
9.77128
9.75158
9.73117
9.70821
9.68696
9.66723
9.6488
9.62824
9.60199
9.58126
9.55484
9.53525
9.50694
9.48149
9.45798
9.42909
9.40499
9.37971
9.35696
9.32857
9.30654
9.28595
9.26021
9.23569
9.2006
9.18797
9.1599
9.13988
9.11595
9.09303
9.06732
9.04118
9.02221
8.98783
8.97373
8.94872
8.92274
8.90043
8.87315
8.84082
8.82217
8.79453
8.76668
8.74363
8.70899
8.683
8.65971
8.63345
8.6044
8.58296
8.56237
8.53897
8.51535
8.49777
8.47455
8.45025
8.43007
8.41045
8.38755
8.36572
8.34866
8.3273
8.30575
8.28614
8.26126
8.23763
8.2207
8.19698
8.17744
8.15567
8.13652
8.11673
8.09471
8.07557
8.05336
8.04076
8.01929
7.99854
7.98217
7.96111
7.94411
7.92358
7.90348
7.88515
7.86623
7.84522
7.82426
7.79994
7.78091
7.7606
7.74206
7.72126
7.70046
7.68
7.65612
7.63776
7.6189
7.59323
7.57381
7.55105
7.5308
7.50537
7.48613
7.46447
7.44633
7.41688
7.39669
7.37751
7.35583
7.33504
7.31491
7.2934
7.27182
7.24759
7.23548
7.216
7.19459
7.1761
7.15617
7.13698
7.1151
7.09723
7.07548
7.05687
7.03477
7.01414
6.99217
6.96883
6.95006
6.92794
6.90507
6.88287
6.86405
6.83843
6.81807
6.78994
6.76764
6.74202
6.72227
6.69825
6.66958
6.64681
6.62167
6.60057
6.5766
6.54973
6.5253
6.49778
6.46786
6.44745
6.41746
6.39494
6.36244
6.3391
6.31427
6.28525
6.25449
6.22988
6.20531
6.17974
6.15661
6.12646
6.10603
6.08073
6.05693
6.0331
6.005
5.98283
5.95434
5.9283
5.90612
5.8779
5.85377
5.82808
5.80459
5.77503
5.75243
5.72982
5.70285
5.67237
5.65527
5.63273
5.60671
5.58005
5.55533
5.53745
5.51622
5.48974
5.46454
5.43598
5.4127
5.38907
5.36497
5.34309
5.31448
5.28677
5.26941
5.24234
5.22234
5.19951
5.1791
5.15649
5.13504
5.11281
5.09044
5.06771
5.04221
5.01971
4.99258
4.97233
4.94362
4.91797
4.89
4.86472
4.83902
4.81577
4.79001
4.76081
4.73294
4.70568
4.68372
4.64981
4.62322
4.59971
4.57137
4.54513
4.52625
4.49495
4.46836
4.44704
4.41947
4.39883
4.37315
4.34473
4.32517
4.29569
4.27689
4.25319
4.23547
4.20679
4.18496
4.16078
4.13778
4.11591
4.08826
4.07019
4.04009
4.02127
3.99978
3.97692
3.9559
3.93454
3.91584
3.89158
3.87327
3.85272
3.82548
3.8112
3.78951
3.76841
3.74605
3.72916
3.70931
3.6874
3.66997
3.64945
3.62659
3.60528
3.58623
3.55931
3.54037
3.51904
3.49115
3.46771
3.44052
3.41495
3.39224
3.37264
3.34237
3.31819
3.28893
3.26639
3.2374
3.21665
3.18733
3.16306
3.13948
3.1139
3.09196
3.06724
3.044
3.02586
2.99961
2.98104
2.95837
2.93653
2.91234
2.89104
2.87157
2.85143
2.82503
2.80591
2.78269
2.75904
2.73444
2.71664
2.69485
2.67285
2.65117
2.63165
2.60661
2.59365
2.57214
2.54787
2.52704
2.50714
2.48415
2.46574
2.44552
2.42688
2.40478
2.38067
2.36006
2.33787
2.31493
2.28861
2.26481
2.24439
2.218
2.19951
2.17554
2.15183
2.12869
2.1082
2.08269
2.06373
2.04008
2.01936
1.997
1.97724
1.95626
1.93596
1.91506
1.89604
1.88037
1.86255
1.84592
1.82718
1.81126
1.79619
1.7764
1.75886
1.73837
1.72201
1.70652
1.68795
1.66966
1.65066
1.63484
1.61624
1.5989
1.58085
1.56364
1.54719
1.52727
1.51396
1.49791
1.47991
1.46173
1.44845
1.43043
1.41491
1.40053
1.38079
1.36525
1.35212
1.33499
1.31864
1.30118
1.28312
1.26768
1.25364
1.23604
1.22021
1.20043
1.18555
1.16948
1.15789
1.1423
1.12811
1.11428
1.09445
1.08653
1.06809
1.05719
1.04387
1.03186
1.0171
1.0059
0.994159
0.981187
0.969681
0.958479
0.944999
0.933152
0.923641
0.913085
0.899577
0.890696
0.88333
0.872736
0.862029
0.852538
0.842501
0.834994
0.823979
0.8139
0.805356
0.796347
0.789085
0.780749
0.772566
0.76384
0.754974
0.747319
0.740423
0.731999
0.725674
0.718828
0.711253
0.702925
0.695768
0.689614
0.682925
0.674885
0.66954
0.66282
0.654337
0.64789
0.641603
0.63539
0.628157
0.622291
0.614824
0.60963
0.602112
0.596787
0.590578
0.584643
0.577199
0.571682
0.564481
0.559302
0.553021
0.545689
0.539405
0.53415
0.527239
0.521973
0.515733
0.509872
0.504404
0.497913
0.493245
0.488364
0.481637
0.477463
0.473177
0.466803
0.46308
0.457879
0.453799
0.448743
0.445231
0.441212
0.43739
0.433277
0.430001
0.425755
0.422851
0.418674
0.41419
0.41097
0.407102
0.403253
0.399077
0.395295
0.391627
0.388588
0.38569
0.381989
0.378714
0.375028
0.3712
0.367353
0.363939
0.361085
0.357688
0.353966
0.350957
0.348121
0.344528
0.341659
0.338682
0.335128
0.33243
0.329302
0.325191
0.322719
0.318937
0.31608
0.312341
0.308952
0.30581
0.302046
0.298707
0.295418
0.292501
0.289322
0.286077
0.282835
0.279914
0.276312
0.274068
0.270939
0.268273
0.265479
0.262661
0.259751
0.25651
0.254041
0.251364
0.24869
0.245945
0.243711
0.240454
0.238667
0.235465
0.233845
0.231457
0.229056
0.226843
0.22452
0.222629
0.220217
0.218212
0.215872
0.213664
0.21109
0.209288
0.206518
0.205283
0.20284
0.20135
0.19922
0.197152
0.19565
0.193838
0.191914
0.19062
0.188825
0.187224
0.186027
0.184087
0.182614
0.180765
0.179194
0.177647
0.176099
0.174634
0.173243
0.171503
0.17022
0.168886
0.167324
0.165859
0.164343
0.163042
0.161682
0.160623
0.159312
0.157968
0.156891
0.155502
0.154489
0.153186
0.152332
0.151302
0.15003
0.148964
0.14821
0.147131
0.146145
0.145211
0.144419
0.143406
0.142507
0.141592
0.140653
0.139985
0.139093
0.138141
0.137223
0.136154
0.135374
0.13447
0.133712
0.132854
0.131819
0.130933
0.130265
0.129224
0.128488
0.127236
0.126583
0.125651
0.124803
0.123905
0.12289
0.122109
0.121244
0.120444
0.119513
0.118879
0.118016
0.117226
0.116423
0.115603
0.114718
0.113881
0.113035
0.112084
0.111441
0.110656
0.109957
0.109123
0.108304
0.10762
0.106724
0.106018
0.105412
0.104626
0.103916
0.103101
0.102516
0.101683
0.101017
0.100258
0.0996507
0.098837
0.0982209
0.0975366
0.0968718
0.0961423
0.0952395
0.094745
0.0941749
0.0933873
0.0928101
0.0921848
0.0916168
0.0908759
0.0901519
0.089714
0.0891116
0.0884549
0.0878938
0.0872644
0.0866372
0.0861732
0.0856438
0.0852476
0.0847737
0.0842283
0.0838747
0.0833759
0.0828716
0.0825052
0.0821185
0.0815739
0.0812069
0.0806901
0.0802006
0.079757
0.079222
0.0788465
0.0784977
0.0780878
0.077619
0.0772502
0.0768849
0.0765537
0.0760958
0.075831
0.0754157
0.0751125
0.0747438
0.0744463
0.0740242
0.0737777
0.0734927
0.0731494
0.0731494
0.0731494
0.0731494
0.0731494
0.0731494
0.0731494
0.0731494
0.0731494
0.0731494
0.0731494
0.0731494
0.0731494
0.0731494
0.0731494
0.0731494
0.0731494
0.0731494
0.0731494
0.0731494
0.0731494
0.0731494
0.0731494
0.0731494
0.0731494
0.0731494
0.0731494
0.0731494
0.0731494
0.0731494
0.0731494
0.0731494
0.0731494
0.0731494
0.0731494
0.0731494
0.0731494
0.0731494
0.0731494
0.0731494
0.0731494
0.0731494
0.0731494
0.0731494
0.0731494
0.0731494
0.0731494
0.0731494
0.0731494
0.0731494
0.0731494
0.0731494
0.0731494
0.0731494
0.0731494
0.0731494
0.0731494
0.0731494
0.0731494
0.0731494
0.0731494
0.0731494
0.0731494
0.0731494
0.0731494
0.0731494
0.0731494
0.0731494
0.0731494
0.0731494
0.0731494
0.0731494
0.0731494
0.0731494
0.0731494
0.0731494
0.0731494
0.0731494
0.0731494
0.0731494
0.0731494
0.0731494
0.0731494
0.0731494
0.0731494
0.0731494
0.0731494
0.0731494
0.0731494
0.0731494
0.0731494
0.0731494
0.0731494
0.0731494
0.0731494
0.0731494
0.0731494
0.0731494
0.0731494
0.0731494
0.0731494
0.0731494
0.0731494
0.0731494
0.0731494
0.0731494
0.0731494
0.0731494
0.0731494
0.0731494
0.0731494
0.0731494
0.0731494
0.0731494
0.0731494
0.0731494
0.0731494
0.0731494
0.0731494
0.0731494
0.0731494
0.0731494
0.0731494
0.0731494
0.0731494
0.0731494
0.0731494
0.0731494
0.0731494
0.0731494
0.0731494
0.0731494
0.0731494
0.0731494
0.0731494
0.0731494
0.0731494
0.0731494
0.0731494
0.0731494
0.0731494
0.0731494
0.0731494
0.0731494
0.0731494
0.0731494
0.0731494
0.0731494
0.0731494
0.0731494
0.0731494
0.0731494
0.0731494
0.0731494
0.0731494
0.0731494
0.0731494
0.0731494
0.0731494
0.0731494
0.0731494
0.0731494
0.0731494
0.0731494
0.0731494
0.0731494
0.0731494
0.0731494
0.0731494
0.0731494
0.0731494
0.0731494
0.0731494
0.0731494
0.0731494
0.0731494
0.0731494
0.0731494
0.0731494
0.0731494
0.0731494
0.0731494
0.0731494
0.0731494
0.0731494
0.0731494
0.0731494
0.0731494
0.0731494
0.0731494
0.0731494
0.0731494
0.0731494
0.0731494
0.0731494
0.0731494
0.0731494
0.0731494
0.0731494
0.0731494
0.0731494
0.0731494
0.0731494
0.0731494
0.0731494
0.0731494
0.0731494
0.0731494
0.0731494
0.0731494
0.0731494
0.0731494
0.0731494
0.0731494
0.0731494
0.0731494
0.0731494
0.0731494
0.0731494
0.0731494
0.0731494
0.0731494
0.0731494
0.0731494
0.0731494
0.0731494
0.0731494
0.0731494
0.0731494
0.0731494
0.0731494
0.0731494
0.0731494
0.0731494
0.0731494
0.0731494
0.0731494
0.0731494
0.0731494
0.0731494
0.0731494
0.0731494
0.0731494
0.0731494
0.0731494
0.0731494
0.0731494
0.0731494
0.0731494
0.0731494
0.0731494
0.0731494
0.0731494
0.0731494
0.0731494
0.0731494
0.0731494
0.0731494
0.0731494
0.0731494
0.0731494
0.0731494
0.0731494
0.0731494
0.0731494
0.0731494
0.0731494
0.0731494
0.0731494
0.0731494
0.0731494
0.0731494
0.0731494
0.0731494
0.0731494
0.0731494
0.0731494
0.0731494
0.0731494
0.0731494
0.0731494
0.0731494
0.0731494
0.0731494
0.0731494
0.0731494
0.0731494
0.0731494
0.0731494
0.0731494
0.0731494
0.0731494
0.0731494
0.0731494
0.0731494
0.0731494
0.0731494
0.0731494
0.0731494
0.0731494
0.0731494
0.0731494
0.0731494
0.0731494
0.0731494
0.0731494
0.0731494
0.0731494
0.0731494
0.0731494
0.0731494
0.0731494
0.0731494
0.0731494
0.0731494
0.0731494
0.0731494
0.0731494
0.0731494
0.0731494
0.0731494
0.0731494
0.0731494
0.0731494
0.0731494
0.0731494
0.0731494
0.0731494
0.0731494
0.0731494
0.0731494
0.0731494
0.0731494
0.0731494
0.0731494
0.0731494
0.0731494
0.0731494
0.0731494
0.0731494
0.0731494
0.0731494
0.0731494
0.0731494
0.0731494
0.0731494
0.0731494
0.0731494
0.0731494
0.0731494
0.0731494
0.0731494
0.0731494
0.0731494
0.0731494
0.0731494
0.0731494
0.0731494
0.0731494
0.0731494
0.0731494
0.0731494
0.0731494
0.0731494
0.0731494
0.0731494
0.0731494
0.0731494
0.0731494
0.0731494
0.0731494
0.0731494
0.0731494
0.0731494
0.0731494
0.0731494
0.0731494
0.0731494
0.0731494
0.0731494
0.0731494
0.0731494
0.0731494
0.0731494
0.0731494
0.0731494
0.0731494
0.0731494
0.0731494
0.0731494
0.0731494
0.0731494
0.0731494
0.0731494
0.0731494
0.0731494
0.0731494
0.0731494
0.0731494
0.0731494
0.0731494
0.0731494
0.0731494
0.0731494
0.0731494
0.0731494
0.0731494
0.0731494
0.0731494
0.0731494
0.0731494
0.0731494
0.0731494
0.0731494
0.0731494
0.0731494
0.0731494
0.0731494
0.0731494
0.0731494
0.0731494
0.0731494
0.0731494
0.0731494
0.0731494
0.0731494
0.0731494
0.0731494
0.0731494
0.0731494
0.0731494
0.0731494
0.0731494
0.0731494
0.0731494
0.0731494
0.0731494
0.0731494
0.0731494
0.0731494
0.0731494
0.0731494
0.0731494
0.0731494
0.0731494
0.0731494
0.0731494
0.0731494
0.0731494
0.0731494
0.0731494
0.0731494
0.0731494
0.0731494
0.0731494
0.0731494
0.0731494
0.0731494
0.0731494
0.0731494
0.0731494
0.0731494
0.0731494
0.0731494
0.0731494
0.0731494
0.0731494
0.0731494
0.0731494
0.0731494
0.0731494
0.0731494
0.0731494
0.0731494
0.0731494
0.0731494
0.0731494
0.0731494
0.0731494
0.0731494
0.0731494
0.0731494
0.0731494
0.0731494
0.0731494
0.0731494
0.0731494
0.0731494
0.0731494
0.0731494
0.0731494
0.0731494
0.0731494
0.0731494
0.0731494
0.0731494
0.0731494
0.0731494
0.0731494
0.0731494
0.0731494
0.0731494
0.0731494
0.0731494
0.0731494
0.0731494
0.0731494
0.0731494
0.0731494
0.0731494
0.0731494
0.0731494
0.0731494
0.0731494
0.0731494
0.0731494
0.0731494
0.0731494
0.0731494
0.0731494
0.0731494
0.0731494
0.0731494
0.0731494
0.0731494
0.0731494
0.0731494
0.0731494
0.0731494
0.0731494
0.0731494
0.0731494
0.0731494
0.0731494
0.0731494
0.0731494
0.0731494
0.0731494
0.0731494
0.0731494
0.0731494
0.0731494
0.0731494
0.0731494
0.0731494
0.0731494
0.0731494
0.0731494
0.0731494
0.0731494
0.0731494
0.0731494
0.0731494
0.0731494
0.0731494
0.0731494
0.0731494
0.0731494
0.0731494
0.0731494
0.0731494
0.0731494
0.0731494
0.0731494
0.0731494
0.0731494
0.0731494
0.0731494
0.0731494
0.0731494
0.0731494
0.0731494
0.0731494
