1.32238e+09
3.37733e+07
4.14916e+06
1.46951e+06
221968
19497.5
14099.5
2725.47
1628.37
280.274
280.274
280.274
155.339
155.339
141.267
49.9431
49.9431
37.885
37.885
37.885
20.049
20.049
20.049
20.049
20.049
20.049
20.049
18.6858
18.6858
18.6858
18.6858
17.7294
16.1617
16.1617
11.2141
11.2141
11.2141
11.2141
11.2141
11.2141
11.2141
11.2141
11.2141
11.2141
11.2141
11.2141
11.2141
11.2141
11.2141
11.2141
11.2141
11.2141
11.2141
11.2141
11.2141
11.2141
11.2141
11.2141
11.2141
11.2141
11.2141
11.2141
11.2141
11.2141
11.2141
11.2141
11.2141
11.2141
11.2141
11.2141
11.2141
11.2141
11.2141
11.2141
11.2141
11.2141
11.2141
11.2141
11.2141
11.2141
11.2141
11.2141
11.2141
11.2141
11.2141
11.2141
11.2141
11.2141
11.2141
11.2141
11.2141
11.2141
10.7208
10.7208
10.7208
10.7208
10.7208
10.7208
10.7208
10.7208
10.7208
10.7208
10.7208
10.7208
10.7208
10.7208
10.7208
10.7208
10.7208
10.7208
10.7208
10.7208
10.7208
10.7208
10.7208
10.7208
10.7208
10.7208
10.7208
10.7208
10.7208
10.7208
10.7208
10.7208
10.7208
10.7208
10.7208
10.7208
10.7208
10.7208
10.7208
10.7208
10.7208
10.7208
10.7208
10.7208
10.7208
10.7208
10.7208
10.7208
10.7208
10.7208
10.7208
10.7208
10.7208
10.7208
10.7208
10.7208
10.7208
10.7208
10.7208
10.7208
10.7208
10.7208
10.7208
10.7208
10.7208
10.7208
10.7208
10.7208
10.7208
10.7208
10.7208
10.7208
10.7208
10.7208
10.7208
10.7208
10.7208
10.7208
10.7208
10.7208
10.7208
10.7208
10.7208
10.7208
8.45331
8.45331
8.45331
8.45331
8.45331
8.45331
8.45331
8.45331
8.45331
8.45331
8.45331
8.45331
8.45331
8.45331
8.45331
8.45331
8.45331
8.45331
8.45331
8.45331
8.45331
8.45331
8.45331
8.45331
8.45331
8.45331
8.45331
8.45331
8.45331
8.45331
8.45331
8.45331
8.45331
8.45331
8.45331
8.45331
8.45331
8.45331
8.45331
8.45331
8.45331
8.45331
8.45331
8.45331
8.45331
8.45331
8.45331
8.45331
8.45331
8.45331
8.45331
8.45331
8.45331
8.45331
8.45331
8.45331
8.45331
8.45331
8.45331
8.45331
8.45331
8.45331
8.45331
8.45331
8.45331
8.45331
8.45331
8.45331
8.45331
8.45331
8.45331
8.45331
8.45331
8.45331
8.45331
8.45331
8.45331
8.45331
8.45331
8.45331
8.45331
8.45331
8.45331
8.45331
8.45331
8.45331
8.45331
8.45331
8.45331
8.45331
8.45331
8.45331
8.45331
8.45331
8.45331
8.45331
8.45331
8.45331
8.45331
8.45331
8.45331
8.45331
8.45331
8.45331
8.45331
8.45331
8.45331
8.45331
8.45331
8.45331
8.45331
8.45331
8.45331
8.45331
8.45331
8.45331
8.45331
8.45331
8.45331
8.45331
8.45331
8.45331
8.45331
8.45331
8.45331
8.45331
8.45331
8.45331
8.45331
8.45331
8.45331
8.45331
8.45331
8.45331
8.45331
8.45331
8.45331
8.45331
8.45331
8.45331
8.45331
8.45331
8.45331
8.45331
8.45331
8.45331
8.45331
8.45331
8.45331
8.45331
8.45331
8.45331
8.45331
8.45331
8.45331
8.45331
8.45331
8.45331
8.45331
8.45331
8.45331
8.45331
8.45331
8.45331
8.45331
8.45331
8.45331
8.45331
8.45331
8.45331
8.45331
8.45331
8.45331
8.45331
8.45331
8.45331
8.45331
8.45331
8.45331
8.45331
8.45331
8.45331
8.45331
8.45331
8.45331
8.26292
8.20025
8.17752
8.17513
8.12945
8.10153
8.07819
8.05519
8.02066
8.02021
8.02021
8.02021
8.01785
8.00766
8.00766
8.00766
8.00618
8.00618
8.00462
8.00462
8.00434
8.00434
8.00434
8.00434
8.00434
8.00392
8.00266
8.00266
8.00266
8.00257
8.00256
8.00251
8.00251
8.00251
8.00251
8.00249
8.00249
8.00248
8.00248
8.00247
8.00247
8.00247
8.00247
8.00247
8.00247
8.00247
8.00247
8.00247
8.00247
8.00247
8.00247
8.00247
8.00247
8.00247
8.00247
8.00247
8.00247
8.00247
8.00247
8.00247
8.00247
8.00247
8.00247
8.00247
8.00247
8.00247
8.00247
8.00247
8.00247
8.00247
8.00247
8.00247
8.00247
8.00247
8.00247
8.00247
8.00247
8.00247
8.00247
8.00247
8.00247
8.00247
8.00247
8.00247
8.00247
8.00247
8.00247
8.00247
8.00247
8.00247
8.00247
8.00247
8.00247
8.00247
8.00247
8.00247
8.00247
8.00247
8.00247
8.00247
8.00247
8.00247
8.00247
8.00247
8.00247
8.00247
8.00247
8.00247
8.00247
8.00247
8.00247
8.00247
8.00247
8.00247
8.00247
8.00247
8.00247
8.00247
8.00247
8.00247
8.00247
8.00247
8.00247
8.00247
8.00247
8.00247
8.00247
8.00247
8.00247
8.00247
8.00247
8.00247
8.00247
8.00247
8.00247
8.00247
8.00247
8.00247
8.00247
8.00247
8.00247
8.00247
8.00247
8.00247
8.00247
8.00247
8.00247
8.00247
8.00247
8.00247
8.00247
8.00247
8.00247
8.00247
8.00247
8.00247
8.00247
8.00247
8.00247
8.00247
8.00247
8.00247
8.00247
8.00247
8.00247
8.00247
8.00247
8.00247
8.00247
8.00247
8.00247
8.00247
8.00247
8.00247
8.00247
8.00247
8.00247
8.00247
8.00247
8.00247
8.00247
8.00247
8.00247
8.00247
8.00247
8.00247
8.00247
8.00247
8.00247
8.00247
8.00247
8.00247
8.00247
8.00247
8.00247
8.00247
8.00247
8.00247
8.00247
8.00247
8.00247
8.00247
8.00247
8.00247
8.00247
8.00247
8.00247
8.00247
8.00247
8.00247
8.00247
8.00247
8.00247
8.00247
8.00247
8.00247
8.00247
8.00247
8.00247
8.00247
8.00247
8.00247
8.00247
8.00247
8.00247
8.00247
8.00247
8.00247
8.00247
8.00247
8.00247
8.00247
8.00247
8.00247
8.00247
8.00247
8.00247
8.00247
8.00247
8.00247
8.00247
8.00247
8.00247
8.00247
8.00247
8.00247
8.00247
8.00247
8.00247
8.00247
8.00247
8.00247
8.00247
8.00247
8.00247
8.00247
8.00247
8.00247
8.00247
8.00247
8.00247
8.00247
8.00247
8.00247
8.00247
8.00247
8.00247
8.00247
8.00247
8.00247
8.00247
8.00247
8.00247
8.00247
8.00247
8.00247
8.00247
8.00247
8.00247
8.00247
8.00247
8.00247
8.00247
8.00247
8.00247
8.00247
8.00247
8.00247
8.00247
8.00247
8.00247
8.00247
8.00247
8.00247
8.00247
8.00247
8.00247
8.00247
8.00247
8.00247
8.00247
8.00247
8.00247
8.00247
8.00247
8.00247
8.00247
8.00247
8.00247
8.00247
8.00247
8.00247
8.00247
8.00247
8.00247
8.00247
8.00247
8.00247
8.00247
8.00247
8.00247
8.00247
8.00247
8.00247
8.00247
8.00247
8.00247
8.00247
8.00247
8.00247
8.00247
8.00247
8.00247
8.00247
8.00247
8.00247
8.00247
8.00247
8.00247
8.00247
8.00247
8.00247
8.00247
8.00247
8.00247
8.00247
8.00247
8.00247
8.00247
8.00247
8.00247
8.00247
8.00247
8.00247
8.00247
8.00247
8.00247
8.00247
8.00247
8.00247
8.00247
8.00247
8.00247
8.00247
8.00247
8.00247
8.00247
8.00247
8.00247
8.00247
8.00247
8.00247
8.00247
8.00247
8.00247
8.00247
8.00247
8.00247
8.00247
8.00247
8.00247
8.00247
8.00247
8.00247
8.00247
8.00247
8.00247
8.00247
8.00247
8.00247
8.00247
8.00247
8.00247
8.00247
8.00247
8.00247
8.00247
8.00247
8.00247
8.00247
8.00247
8.00247
8.00247
8.00247
8.00247
8.00247
8.00247
8.00247
8.00247
8.00247
8.00247
8.00247
8.00247
8.00247
8.00247
8.00247
8.00247
8.00247
8.00247
8.00247
8.00247
8.00247
8.00247
8.00247
8.00247
8.00247
8.00247
8.00247
8.00247
8.00247
8.00247
8.00247
8.00247
8.00247
8.00247
8.00247
8.00247
8.00247
8.00247
8.00247
8.00247
8.00247
8.00247
8.00247
8.00247
8.00247
8.00247
8.00247
8.00247
8.00247
8.00247
8.00247
8.00247
8.00247
8.00247
8.00247
8.00247
8.00247
8.00247
8.00247
8.00247
8.00247
8.00247
8.00247
8.00247
8.00247
8.00247
8.00247
8.00247
8.00247
8.00247
8.00247
8.00247
8.00247
8.00247
8.00247
8.00247
8.00247
8.00247
8.00247
8.00247
8.00247
8.00247
8.00247
8.00247
8.00247
8.00247
8.00247
8.00247
8.00247
8.00247
8.00247
8.00247
8.00247
8.00247
8.00247
8.00247
8.00247
8.00247
8.00247
8.00247
8.00247
8.00247
8.00247
8.00247
8.00247
8.00247
8.00247
8.00247
8.00247
8.00247
8.00247
8.00247
8.00247
8.00247
8.00247
8.00247
8.00247
8.00247
8.00247
8.00247
8.00247
8.00247
8.00247
8.00247
8.00247
8.00247
8.00247
8.00247
8.00247
8.00247
8.00247
8.00247
8.00247
8.00247
8.00247
8.00247
8.00247
8.00247
8.00247
8.00247
8.00247
8.00247
8.00247
8.00247
8.00247
8.00247
8.00247
8.00247
8.00247
8.00247
8.00247
8.00247
8.00247
8.00247
8.00247
8.00247
8.00247
8.00247
8.00247
8.00247
8.00247
8.00247
8.00247
8.00247
8.00247
8.00247
8.00247
8.00247
8.00247
8.00247
8.00247
8.00247
8.00247
8.00247
8.00247
8.00247
8.00247
8.00247
8.00247
8.00247
8.00247
8.00247
8.00247
8.00247
8.00247
8.00247
8.00247
8.00247
8.00247
8.00247
8.00247
8.00247
8.00247
8.00247
8.00247
8.00247
8.00247
8.00247
8.00247
8.00247
8.00247
8.00247
8.00247
8.00247
8.00247
8.00247
8.00247
8.00247
8.00247
8.00247
8.00247
8.00247
8.00247
8.00247
8.00247
8.00247
8.00247
8.00247
8.00247
8.00247
8.00247
8.00247
8.00247
8.00247
8.00247
8.00247
8.00247
8.00247
8.00247
8.00247
8.00247
8.00247
8.00247
8.00247
8.00247
8.00247
8.00247
8.00247
8.00247
8.00247
8.00247
8.00247
8.00247
8.00247
8.00247
8.00247
8.00247
8.00247
8.00247
8.00247
8.00247
8.00247
8.00247
8.00247
8.00247
8.00247
8.00247
8.00247
8.00247
8.00247
8.00247
8.00247
8.00247
8.00247
8.00247
8.00247
8.00247
8.00247
8.00247
8.00247
8.00247
8.00247
8.00247
8.00247
8.00247
8.00247
8.00247
8.00247
8.00247
8.00247
8.00247
8.00247
8.00247
8.00247
8.00247
8.00247
8.00247
8.00247
8.00247
8.00247
8.00247
8.00247
8.00247
8.00247
8.00247
8.00247
8.00247
8.00247
8.00247
8.00247
8.00247
8.00247
8.00247
8.00247
8.00247
8.00247
8.00247
8.00247
8.00247
8.00247
8.00247
8.00247
8.00247
8.00247
8.00247
8.00247
8.00247
8.00247
8.00247
8.00247
8.00247
8.00247
8.00247
8.00247
8.00247
8.00247
8.00247
8.00247
8.00247
8.00247
8.00247
8.00247
8.00247
8.00247
8.00247
8.00247
8.00247
8.00247
8.00247
8.00247
8.00247
8.00247
8.00247
8.00247
8.00247
8.00247
8.00247
8.00247
8.00247
8.00247
8.00247
8.00247
8.00247
8.00247
8.00247
8.00247
8.00247
8.00247
8.00247
8.00247
8.00247
8.00247
7.48373
7.48373
7.48373
7.48373
7.48373
7.48373
7.48373
7.48373
7.48373
7.48373
7.48373
7.48373
7.48373
7.48373
7.48373
7.48373
7.48373
7.48373
7.48373
7.48373
7.48373
7.48373
7.48373
7.48373
7.48373
7.48373
7.48373
7.48373
7.48373
7.48373
7.48373
7.48373
7.48373
7.48373
7.48373
7.48373
7.48373
7.48373
7.48373
7.48373
7.48373
7.48373
7.48373
7.48373
7.48373
7.48373
7.48373
7.48373
7.48373
7.48373
7.48373
7.48373
7.48373
7.48373
7.48373
7.48373
7.48373
7.48373
7.48373
7.48373
7.48373
7.48373
7.48373
7.48373
7.48373
7.48373
7.48373
7.48373
7.48373
7.48373
7.48373
7.48373
7.48373
7.48373
7.48373
7.48373
7.48373
7.48373
7.48373
7.48373
7.48373
7.48373
7.48373
7.48373
7.48373
7.48373
7.48373
7.48373
7.48373
7.48373
7.48373
7.48373
7.48373
7.48373
7.48373
7.48373
7.48373
7.48373
7.48373
7.48373
7.48373
7.48373
7.48373
7.48373
7.48373
7.48373
7.48373
7.48373
7.28806
7.28806
7.28806
7.28806
7.28806
6.79757
6.79757
6.52914
6.52914
6.52914
5.42167
5.26468
4.75733
4.54099
4.18992
4.07911
3.70553
3.42976
3.26561
3.212
3.16244
3.09392
3.07798
3.07096
3.02471
3.00189
2.98813
2.97887
2.97059
2.96061
2.95526
2.95013
2.95013
2.94378
2.94098
2.93912
2.93773
2.93596
2.93412
2.93412
2.93412
2.93412
2.93412
2.93412
2.93412
2.93412
2.93412
2.93412
2.93412
2.93412
2.93412
2.93412
2.93412
2.93412
2.93412
2.93412
2.93412
2.93412
2.93412
2.93412
2.93412
2.93412
2.93412
2.93412
2.93412
2.93412
2.93412
2.93412
2.93412
2.93412
2.93412
2.93412
2.93412
2.93412
2.93412
2.93412
2.93412
2.93412
2.93412
2.93412
2.93412
2.93412
2.93412
2.93412
2.93412
2.93412
2.93412
2.93412
2.93412
2.93412
2.93412
2.93412
2.93412
2.93412
2.93412
2.93412
2.93412
2.93412
2.93412
2.93412
2.93412
2.93412
2.93412
2.93412
2.93412
2.93412
2.93412
2.93412
2.93412
2.93412
2.93412
2.93412
2.93412
2.93412
2.93412
2.93412
2.93412
2.93412
2.93412
2.93412
2.93412
2.93412
2.93412
2.93412
2.93412
2.93412
2.93412
2.93412
2.93412
2.93412
2.93412
2.93412
2.93412
2.93412
2.93412
2.93412
2.93412
2.93412
2.93412
2.93412
2.93412
2.93412
2.93412
2.93412
2.93412
2.93412
2.93412
2.93412
2.93412
2.93412
2.93412
2.93412
2.93412
2.93412
2.93412
2.93412
2.93412
2.93412
2.93412
2.93412
2.93412
2.93412
2.93412
2.93412
2.93412
2.93412
2.93412
2.93412
2.93412
2.93412
2.93412
2.93412
2.93412
2.93412
2.93412
2.93412
2.93412
2.93412
2.93412
2.93412
2.93412
2.93412
2.93412
2.93412
2.93412
2.93412
2.93412
2.93412
2.93412
2.93412
2.93412
2.93412
2.93412
2.93412
2.93412
2.93412
2.93412
2.93412
2.93412
2.93412
2.93412
2.93412
2.93412
2.93412
2.93412
2.93412
2.93412
2.93412
2.93412
2.93412
2.93412
2.93412
2.93412
2.93412
2.93412
2.93412
2.93412
2.93412
2.93412
2.93412
2.93412
2.93412
2.93412
2.93412
2.31626
2.31626
2.31626
2.31626
2.31626
2.18462
2.18462
2.18462
2.16247
1.78371
1.78371
1.59107
1.59107
1.59107
1.59107
1.59107
1.59107
1.56161
1.56161
1.55179
1.54269
1.54201
1.52439
1.52439
1.52112
1.51803
1.51803
1.51623
1.51059
1.51045
1.50911
1.50675
1.50506
1.5045
1.50295
1.50092
1.50086
1.49917
1.49741
1.49663
1.49548
1.49374
1.49361
1.49248
1.49194
1.49029
1.49028
1.48966
1.48966
1.48966
1.48966
1.48966
1.48966
1.48966
1.48966
1.48966
1.48966
1.48966
1.48966
1.48966
1.48966
1.48966
1.48966
1.48966
1.48966
1.48966
1.48966
1.48966
1.48966
1.48966
1.48966
1.48966
1.48966
1.48966
1.48966
1.48966
1.48966
1.48966
1.48966
1.48966
1.48966
1.48966
1.48966
1.48966
1.48966
1.48966
1.48966
1.48966
1.48966
1.48966
1.48966
1.48966
1.48966
1.48966
1.48966
1.48966
1.48966
1.48966
1.48966
1.48966
1.48966
1.48966
1.48966
1.48966
1.48966
1.48966
1.48966
1.48966
1.48966
1.48966
1.48966
1.48966
1.48966
1.48966
1.48966
1.48966
1.48966
1.48966
1.48966
1.48966
1.48966
1.48966
1.48966
1.48966
1.48966
1.48966
1.48966
1.48966
1.48966
1.48966
1.48966
1.48966
1.48966
1.48966
1.48966
1.48966
1.48966
1.48966
1.48966
1.48966
1.48966
1.48966
1.48966
1.48966
1.48966
1.48966
1.48966
1.48966
1.48966
1.48966
1.48966
1.48966
1.48966
1.48966
1.48966
1.48966
1.48966
1.48966
1.48966
1.48966
1.48966
1.48966
1.48966
1.48966
1.48966
1.48966
1.48966
1.48966
1.48966
1.48966
1.48966
1.48966
1.48966
1.48966
1.48966
1.48966
1.48966
1.48966
1.48966
1.48966
1.48966
1.48966
1.48966
1.48966
1.48966
1.48966
1.48966
1.48966
1.48966
1.48966
1.48966
1.48966
1.48966
1.48966
1.48966
1.48966
1.48966
1.48966
1.48966
1.48966
1.48966
1.48966
1.48966
1.48966
1.48966
1.48966
1.48966
1.48966
1.48966
1.48966
1.48966
1.48966
1.48966
1.48966
1.48966
1.48966
1.48966
1.48966
1.48966
1.48966
1.48966
1.48966
1.48966
1.48966
1.48966
1.48966
1.48966
1.48966
1.48966
1.48966
1.48966
1.48966
1.48966
1.48966
1.48966
1.48966
1.48966
1.48966
1.48966
1.48966
1.48966
1.48966
1.48966
1.48966
1.48966
1.48966
1.48966
1.48966
1.48966
1.48966
1.48966
1.48966
1.48966
1.48966
1.48966
1.48966
1.48966
1.48966
1.48966
1.48966
1.48966
1.48966
1.48966
1.48966
1.48966
1.48966
1.48966
1.48966
1.48966
1.48966
1.48966
1.48966
1.48966
1.48966
1.48966
1.48966
1.48966
1.48966
1.48966
1.48966
1.48966
1.48966
1.48966
1.48966
1.48966
1.48966
1.48966
1.48966
1.48966
1.48966
1.48966
1.48966
1.48966
1.48966
1.48966
1.48966
1.48966
1.48966
1.48966
1.48966
1.48966
1.48966
1.48966
1.48966
1.48966
1.48966
1.48966
1.48966
1.48966
1.48966
1.48966
1.48966
1.48966
1.48966
1.48966
1.48966
1.48966
1.48966
1.48966
1.48966
1.48966
1.48966
1.48966
1.48966
1.48966
1.48966
1.48966
1.48966
1.48966
1.48966
1.48966
1.48966
1.48966
1.48966
1.48966
1.48966
1.48966
1.48966
1.48966
1.48966
1.48966
1.48966
1.48966
1.48966
1.48966
1.48966
1.48966
1.48966
1.48966
1.48966
1.48966
1.48966
1.48966
1.48966
1.48966
1.48966
1.48966
1.48966
1.48966
1.48966
1.48966
1.48966
1.48966
1.48966
1.48966
1.48966
1.48966
1.48966
1.48966
1.48966
1.48966
1.48966
1.48966
1.48966
1.48966
1.48966
1.48966
1.48966
1.48966
1.48966
1.48966
1.48966
1.48966
1.48966
1.48966
1.48966
1.48966
1.48966
1.48966
1.48966
1.48966
1.48966
1.48966
1.48966
1.48966
1.48966
1.48966
1.48966
1.48966
1.48966
1.48966
1.48966
1.48966
1.48966
1.48966
1.48966
1.48966
1.48966
1.48966
1.48966
1.48966
1.48966
1.48966
1.48966
1.48966
1.48966
1.48966
1.48966
1.48966
1.48966
1.48966
1.48966
1.48966
1.48966
1.48966
1.48966
1.48966
1.48966
1.48966
1.48966
1.48966
1.48966
1.48966
1.48966
1.48966
1.48966
1.48966
1.48966
1.48966
1.48966
1.48966
1.48966
1.48966
1.48966
1.48966
1.48966
1.48966
1.48966
1.48966
1.48966
1.48966
1.48966
1.48966
1.48966
1.48966
1.48966
1.48966
1.48966
1.48966
1.48966
1.48966
1.48966
1.48966
1.48966
1.48966
1.48966
1.48966
1.48966
1.48966
1.48966
1.48966
1.48966
1.48966
1.48966
1.48966
1.48966
1.48966
1.48966
1.48966
1.48966
1.48966
1.48966
1.48966
1.48966
1.48966
1.48966
1.48966
1.48966
1.48966
1.48966
1.48966
1.48966
1.48966
1.48966
1.48966
1.48966
1.48966
1.48966
1.48966
1.48966
1.48966
1.48966
1.48966
1.48966
1.48966
1.48966
1.48966
1.48966
1.48966
1.48966
1.48966
1.48966
1.48966
1.48966
1.48966
1.48966
1.48966
1.48966
1.48966
1.48966
1.48966
1.48966
1.48966
1.48966
1.48966
1.48966
1.48966
1.48966
1.48966
1.48966
1.48966
1.48966
1.48966
1.48966
1.48966
1.48966
1.48966
1.48966
1.48966
1.48966
1.48966
1.48966
1.48966
1.48966
1.48966
1.48966
1.48966
1.48966
1.48966
1.48966
1.48966
1.48966
1.48966
1.48966
1.48966
1.48966
1.48966
1.48966
1.48966
1.48966
1.48966
1.48966
1.48966
1.48966
1.48966
1.48966
1.48966
1.48966
1.48966
1.48966
1.48966
1.48966
1.48966
1.48966
1.48966
1.48966
1.48966
1.48966
1.48966
1.48966
1.48966
1.48966
1.48966
1.48966
1.48966
1.48966
1.48966
1.48966
1.48966
1.48966
1.48966
1.48966
1.48966
1.48966
1.48966
1.48966
1.48966
1.48966
1.48966
1.48966
1.48966
1.48966
1.48966
1.48966
1.48966
1.48966
1.48966
1.48966
1.48966
1.48966
1.48966
1.48966
1.48966
1.48966
1.48966
1.48966
1.48966
1.48966
1.48966
1.48966
1.48966
1.48966
1.48966
1.48966
1.48966
1.48966
1.48966
