2.09195e+08
2.09195e+08
2.09195e+08
2.73865e+07
2.0557e+07
461593
411175
411175
200059
200059
66709.3
12634
12634
12634
12634
12634
1195.97
640.575
640.575
640.575
640.575
640.575
51.0375
51.0375
51.0375
51.0375
51.0375
51.0375
36.0975
36.0975
36.0975
36.0975
27.9473
20.6695
20.6695
20.6695
20.6695
20.6168
20.6168
20.6168
18.8931
18.8931
18.8931
18.8931
17.5622
17.5622
17.5622
17.5622
17.5622
17.5622
17.5622
17.5622
17.5622
17.5622
17.5622
17.5622
17.5622
17.5622
17.5622
17.5622
17.5622
17.5622
17.5622
17.5622
17.5622
17.5622
17.5622
17.5622
17.5622
17.5622
17.5622
16.3208
16.3208
16.3208
16.3208
16.0669
16.0669
16.0669
16.0669
16.0669
16.0669
16.0669
16.0669
16.0669
16.0669
16.0669
16.0669
16.0669
16.0669
16.0669
15.9474
15.8921
15.8921
15.8921
15.8921
15.8921
15.8921
15.8921
15.8921
15.8921
15.8921
15.8921
15.8921
15.8921
15.8921
15.8921
15.8921
15.8921
15.8921
15.8921
15.8921
15.8921
15.8921
15.8921
15.8921
15.8921
15.8921
15.0955
15.0955
15.0955
15.0955
15.0955
15.0955
15.0955
12.9422
12.9422
12.9422
12.9422
12.9422
6.94144
6.94144
6.94144
6.94144
6.94144
6.94144
6.94144
6.94144
6.94144
6.94144
6.94144
6.94144
6.94144
6.94144
6.94144
6.94144
6.94144
6.94144
6.94144
6.02532
3.29489
3.29489
3.29489
3.29489
3.29489
3.11899
3.11899
2.97315
2.14458
2.14458
2.14458
2.14458
2.14458
2.14458
2.14458
2.14458
2.14458
2.14458
2.14458
2.14458
2.14458
2.14458
2.14458
2.14458
2.14458
2.14458
2.14458
2.14458
2.14458
2.14458
2.14458
2.14458
2.14458
2.14458
2.14458
2.14458
2.14458
2.14458
2.14458
2.14458
2.14458
2.14458
2.14458
2.14458
2.14458
2.14458
2.14217
2.13793
2.13793
2.13793
2.12271
2.12219
2.12219
2.1182
2.11674
2.10003
2.10003
2.09974
2.09813
2.09813
2.0948
2.09204
2.08665
2.0845
2.07856
2.07824
2.07622
2.07536
2.07536
2.07536
2.0752
2.0752
2.0752
2.07285
2.07158
2.06954
2.06485
2.06315
2.06315
2.0593
2.05709
2.05564
2.05357
2.05035
2.04578
2.04046
2.03763
2.03497
2.02718
2.02582
2.02346
2.02078
2.0203
2.0171
2.01701
2.01601
2.01439
2.01412
2.01412
2.01412
2.01412
2.01412
2.01412
2.01412
2.01412
2.01412
2.01412
2.01412
2.01412
2.01412
2.01412
2.01412
2.01412
2.01412
2.01412
2.01412
2.01412
2.01412
2.01412
2.01412
2.01412
2.01412
2.01412
2.01412
2.01412
2.01412
2.01412
2.01412
2.01412
2.01412
2.01412
2.01412
2.01412
2.01412
2.01412
2.01412
2.01412
2.01412
2.01412
2.01412
2.01412
2.01412
2.01412
2.01412
2.01412
2.01412
2.01412
2.01412
2.01412
2.01412
2.01412
2.01412
2.01412
2.01412
2.01412
2.01412
2.01412
2.01412
2.01412
2.01412
2.01412
2.01412
2.01412
2.01412
2.01412
2.01412
2.01412
2.01412
2.01412
2.01412
2.01412
2.01412
2.01412
2.01412
2.01412
2.01412
2.01412
2.01412
2.01412
2.01412
2.01412
2.01412
2.01412
2.01412
2.01412
2.01412
2.01412
2.01412
2.01412
2.01412
2.01412
2.01412
2.01412
2.01412
2.01412
2.01412
2.01412
2.01412
2.01412
2.01412
2.01412
2.01412
2.01412
2.01412
2.01412
2.01412
2.01412
2.01412
2.01412
2.01412
2.01412
2.01412
2.01412
2.01412
2.01412
2.01412
2.01412
2.01412
2.01412
2.01412
2.01412
2.01412
2.01412
2.01412
2.01412
2.01412
2.01412
2.01412
2.01412
2.01412
2.01412
2.01412
2.01412
2.01412
2.01412
2.01412
2.01412
2.01412
2.01412
2.01412
2.01412
2.01412
2.01412
2.01412
2.01412
2.01412
2.01412
2.01412
2.01412
2.01412
2.01412
2.01412
2.01412
2.01412
2.01412
2.01412
2.01412
2.01412
2.01412
2.01412
2.01412
2.01412
2.01412
2.01412
2.01412
2.01412
2.01412
2.01412
2.01412
2.01412
2.01412
2.01412
2.01412
2.01412
2.01412
2.01412
2.01412
2.01412
2.01412
2.01412
2.01412
2.01412
2.01412
2.01412
2.01412
2.01412
2.01412
2.01412
2.01412
2.01412
2.01412
2.01412
2.01412
2.01412
2.01412
2.01412
2.01412
2.01412
2.01412
2.01412
2.01412
2.01412
2.01412
2.01412
2.01412
2.01412
2.01412
2.01412
2.01412
2.01412
2.01412
2.01412
2.01412
2.01412
2.01412
2.01412
2.01412
2.01412
2.01412
2.01412
2.01412
2.01412
2.01412
2.01412
2.01412
2.01412
2.01412
2.01412
2.01412
2.01412
2.01412
2.01412
2.01412
2.01412
2.01412
2.01412
2.01412
2.01412
2.01412
2.01412
2.01412
2.01412
2.01412
2.01412
2.01412
2.01412
2.01412
2.01412
2.01412
2.01412
2.01412
2.01412
2.01412
2.01412
2.01412
2.01412
2.01412
2.01412
2.01412
2.01412
2.01412
2.01412
2.01412
2.01412
2.01412
2.01412
2.01412
2.01412
2.01412
2.01412
2.01412
2.01412
2.01412
2.01412
2.01412
2.01412
2.01412
2.01412
2.01412
2.01412
2.01412
2.01412
2.01412
2.01412
2.01412
2.01412
2.01412
2.01412
2.01412
2.01412
2.01412
2.01412
2.01412
2.01412
2.01412
2.01412
2.01412
2.01412
2.01412
2.01412
2.01412
2.01412
2.01412
2.01412
2.01412
2.01412
2.01412
2.01412
2.01412
2.01412
2.01412
2.01412
2.01412
2.01412
2.01412
2.01412
2.01412
2.01412
2.01412
2.01412
2.01412
2.01412
2.01412
2.01412
2.01412
2.01412
2.01412
2.01412
2.01412
2.01412
2.01412
2.01412
2.01412
2.01412
2.01412
2.01412
2.01412
2.01412
2.01412
2.01412
2.01412
2.01412
2.01412
2.01412
2.01412
2.01412
2.01412
2.01412
2.01412
2.01412
2.01412
2.01412
2.01412
2.01412
2.01412
2.01412
2.01412
2.01412
2.01412
2.01412
2.01412
2.01412
2.01412
2.01412
2.01412
2.01412
2.01412
2.01412
2.01412
2.01412
2.01412
2.01412
2.01412
2.01412
2.01412
2.01412
2.01412
2.01412
2.01412
2.01412
2.01412
2.01412
2.01412
2.01412
2.01412
2.01412
2.01412
2.01412
2.01412
2.01412
2.01412
2.01412
2.01412
2.01412
2.01412
2.01412
2.01412
2.01412
2.01412
2.01412
2.01412
2.01412
2.01412
2.01412
2.01412
2.01412
2.01412
2.01412
2.01412
2.01412
2.01412
2.01412
2.01412
2.01412
2.01412
2.01412
2.01412
2.01412
2.01412
2.01412
2.01412
2.01412
2.01412
2.01412
2.01412
2.01412
2.01412
2.01412
2.01412
2.01412
2.01412
2.01412
2.01412
2.01412
2.01412
2.01412
2.01412
2.01412
2.01412
2.01412
2.01412
2.01412
2.01412
2.01412
2.01412
2.01412
2.01412
2.01412
2.01412
2.01412
2.01412
2.01412
2.01412
2.01412
2.01412
2.01412
2.01412
2.01412
2.01412
2.01412
2.01412
2.01412
2.01412
2.01412
2.01412
2.01412
2.01412
2.01412
2.01412
2.01412
2.01412
2.01412
2.01412
2.01412
2.01412
2.01412
2.01412
2.01412
2.01412
2.01412
2.01412
2.01412
2.01412
2.01412
2.01412
2.01412
2.01412
2.01412
2.01412
2.01412
2.01412
2.01412
2.01412
2.01412
2.01412
2.01412
2.01412
2.01412
2.01412
2.01412
2.01412
2.01412
2.01412
2.01412
2.01412
2.01412
2.01412
2.01412
2.01412
2.01412
2.01412
2.01412
2.01412
2.01412
2.01412
2.01412
2.01412
2.01412
2.01412
2.01412
2.01412
2.01412
2.01412
2.01412
2.01412
2.01412
2.01412
2.01412
2.01412
2.01412
2.01412
2.01412
2.01412
2.01412
2.01412
2.01412
2.01412
2.01412
2.01412
2.01412
2.01412
2.01412
2.01412
2.01412
2.01412
2.01412
2.01412
2.01412
2.01412
2.01412
2.01412
2.01412
2.01412
2.01412
2.01412
2.01412
2.01412
2.01412
2.01412
2.01412
2.01412
2.01412
2.01412
2.01412
2.01412
2.01412
2.01412
2.01412
2.01412
2.01412
2.01412
2.01412
2.01412
2.01412
2.01412
2.01412
2.01412
2.01412
2.01412
2.01412
2.01412
2.01412
2.01412
2.01412
2.01412
2.01412
2.01412
2.01412
2.01412
2.01412
2.01412
2.01412
2.01412
2.01412
2.01412
2.01412
2.01412
2.01412
2.01412
2.01412
2.01412
2.01412
2.01412
2.01412
2.01412
2.01412
2.01412
2.01412
2.01412
2.01412
2.01412
2.01412
2.01412
2.01412
2.01412
2.01412
2.01412
2.01412
2.01412
2.01412
2.01412
2.01412
2.01412
2.01412
2.01412
2.01412
2.01412
2.01412
2.01412
2.01412
2.01412
2.01412
2.01412
2.01412
2.01412
2.01412
2.01412
2.01412
2.01412
2.01412
2.01412
2.01412
2.01412
2.01412
2.01412
2.01412
2.01412
2.01412
2.01412
2.01412
2.01412
2.01412
2.01412
2.01412
2.01412
2.01412
2.01412
2.01412
2.01412
2.01412
2.01412
2.01412
2.01412
2.01412
2.01412
2.01412
2.01412
2.01412
2.01412
2.01412
2.01412
2.01412
2.01412
2.01412
2.01412
2.01412
2.01412
2.01412
2.01412
2.01412
2.01412
2.01412
2.01412
2.01412
2.01412
2.01412
2.01412
2.01412
2.01412
2.01412
2.01412
2.01412
2.01412
2.01412
2.01412
2.01412
2.01412
2.01412
2.01412
2.01412
2.01412
2.01412
2.01412
2.01412
2.01412
2.01412
2.01412
2.01412
2.01412
2.01412
2.01412
2.01412
2.01412
2.01412
2.01412
2.01412
2.01412
2.01412
2.01412
2.01412
2.01412
2.01412
2.01412
2.01412
2.01412
2.01412
2.01412
2.01412
2.01412
2.01412
2.01412
2.01412
2.01412
2.01412
2.01412
2.01412
2.01412
2.01412
2.01412
2.01412
2.01412
2.01412
2.01412
2.01412
2.01412
2.01412
2.01412
2.01412
2.01412
2.01412
2.01412
2.01412
2.01412
2.01412
2.01412
2.01412
2.01412
2.01412
2.01412
2.01412
2.01412
2.01412
2.01412
2.01412
2.01412
2.01412
2.01412
2.01412
2.01412
2.01412
2.01412
2.01412
2.01412
2.01412
2.01412
2.01412
2.01412
2.01412
2.01412
2.01412
2.01412
2.01412
2.01412
2.01412
2.01412
2.01412
2.01412
2.01412
2.01412
2.01412
2.01412
2.01412
2.01412
2.01412
2.01412
2.01412
2.01412
2.01412
2.01412
2.01412
2.01412
2.01412
2.01412
2.01412
2.01412
2.01412
2.01412
2.01412
2.01412
2.01412
2.01412
2.01412
2.01412
2.01412
2.01412
2.01412
2.01412
2.01412
2.01412
2.01412
2.01412
2.01412
2.01412
2.01412
2.01412
2.01412
2.01412
2.01412
2.01412
2.01412
2.01412
2.01412
2.01412
2.01412
2.01412
2.01412
2.01412
2.01412
2.01412
2.01412
2.01412
2.01412
2.01412
2.01412
2.01412
2.01412
2.01412
2.01412
2.01412
2.01412
2.01412
2.01412
2.01412
2.01412
2.01412
2.01412
2.01412
2.01412
2.01412
2.01412
2.01412
2.01412
2.01412
2.01412
2.01412
2.01412
2.01412
2.01412
2.01412
2.01412
2.01412
2.01412
2.01412
2.01412
2.01412
2.01412
2.01412
2.01412
2.01412
2.01412
2.01412
2.01412
2.01412
2.01412
2.01412
2.01412
2.01412
2.01412
2.01412
2.01412
2.01412
2.01412
2.01412
2.01412
2.01412
2.01412
2.01412
2.01412
2.01412
2.01412
2.01412
2.01412
2.01412
2.01412
2.01412
2.01412
2.01412
2.01412
2.01412
2.01412
2.01412
2.01412
2.01412
2.01412
2.01412
2.01412
2.01412
2.01412
2.01412
2.01412
2.01412
2.01412
2.01412
2.01412
2.01412
2.01412
2.01412
2.01412
2.01412
2.01412
2.01412
2.01412
2.01412
2.01412
2.01412
2.01412
2.01412
2.01412
2.01412
2.01412
2.01412
2.01412
2.01412
2.01412
2.01412
2.01412
2.01412
2.01412
2.01412
2.01412
2.01412
2.01412
2.01412
2.01412
2.01412
2.01412
2.01412
2.01412
2.01412
2.01412
2.01412
2.01412
2.01412
2.01412
2.01412
2.01412
2.01412
2.01412
2.01412
2.01412
2.01412
2.01412
2.01412
2.01412
2.01412
2.01412
2.01412
2.01412
2.01412
2.01412
2.01412
2.01412
2.01412
2.01412
2.01412
2.01412
2.01412
2.01412
2.01412
2.01412
2.01412
2.01412
2.01412
2.01412
2.01412
2.01412
2.01412
2.01412
2.01412
2.01412
2.01412
2.01412
2.01412
2.01412
2.01412
2.01412
2.01412
2.01412
2.01412
2.01412
2.01412
2.01412
2.01412
2.01412
2.01412
2.01412
2.01412
2.01412
2.01412
2.01412
2.01412
2.01412
2.01412
2.01412
2.01412
2.01412
2.01412
2.01412
2.01412
2.01412
2.01412
2.01412
2.01412
2.01412
2.01412
2.01412
2.01412
2.01412
2.01412
2.01412
2.01412
2.01412
2.01412
2.01412
2.01412
2.01412
2.01412
2.01412
2.01412
2.01412
2.01412
2.01412
2.01412
2.01412
2.01412
2.01412
2.01412
2.01412
2.01412
2.01412
2.01412
2.01412
2.01412
2.01412
2.01412
2.01412
2.01412
2.01412
2.01412
2.01412
2.01412
2.01412
2.01412
2.01412
2.01412
2.01412
2.01412
2.01412
2.01412
2.01412
2.01412
2.01412
2.01412
2.01412
2.01412
2.01412
2.01412
2.01412
2.01412
2.01412
2.01412
2.01412
2.01412
2.01412
2.01412
2.01412
2.01412
2.01412
2.01412
2.01412
2.01412
2.01412
2.01412
2.01412
2.01412
2.01412
2.01412
2.01412
2.01412
2.01412
2.01412
2.01412
2.01412
2.01412
2.01412
2.01412
2.01412
2.01412
2.01412
2.01412
2.01412
2.01412
2.01412
2.01412
2.01412
2.01412
2.01412
2.01412
2.01412
2.01412
2.01412
2.01412
2.01412
2.01412
2.01412
2.01412
2.01412
2.01412
2.01412
2.01412
2.01412
2.01412
2.01412
2.01412
2.01412
2.01412
2.01412
2.01412
2.01412
2.01412
2.01412
2.01412
2.01412
2.01412
2.01412
2.01412
2.01412
2.01412
2.01412
2.01412
2.01412
2.01412
2.01412
2.01412
2.01412
2.01412
2.01412
2.01412
2.01412
2.01412
2.01412
2.01412
2.01412
2.01412
2.01412
2.01412
2.01412
2.01412
2.01412
2.01412
2.01412
2.01412
2.01412
2.01412
2.01412
2.01412
2.01412
2.01412
2.01412
2.01412
2.01412
2.01412
2.01412
2.01412
2.01412
2.01412
2.01412
2.01412
2.01412
2.01412
2.01412
2.01412
2.01412
2.01412
2.01412
2.01412
2.01412
2.01412
2.01412
2.01412
2.01412
2.01412
2.01412
2.01412
2.01412
2.01412
2.01412
2.01412
2.01412
2.01412
2.01412
2.01412
2.01412
2.01412
2.01412
2.01412
2.01412
2.01412
2.01412
2.01412
2.01412
2.01412
2.01412
2.01412
2.01412
2.01412
2.01412
2.01412
2.01412
2.01412
2.01412
2.01412
2.01412
2.01412
2.01412
2.01412
2.01412
2.01412
2.01412
2.01412
2.01412
2.01412
2.01412
2.01412
2.01412
2.01412
2.01412
2.01412
2.01412
2.01412
2.01412
2.01412
2.01412
2.01412
2.01412
2.01412
2.01412
2.01412
2.01412
2.01412
2.01412
2.01412
2.01412
2.01412
2.01412
2.01412
2.01412
2.01412
2.01412
2.01412
2.01412
2.01412
2.01412
2.01412
2.01412
2.01412
2.01412
2.01412
2.01412
2.01412
2.01412
2.01412
2.01412
2.01412
2.01412
2.01412
2.01412
2.01412
2.01412
2.01412
2.01412
2.01412
2.01412
2.01412
2.01412
2.01412
2.01412
2.01412
2.01412
2.01412
2.01412
2.01412
2.01412
2.01412
2.01412
2.01412
2.01412
2.01412
2.01412
2.01412
2.01412
2.01412
2.01412
2.01412
2.01412
2.01412
2.01412
2.01412
2.01412
2.01412
2.01412
2.01412
2.01412
2.01412
2.01412
2.01412
2.01412
2.01412
2.01412
2.01412
2.01412
2.01412
2.01412
2.01412
2.01412
2.01412
2.01412
2.01412
2.01412
2.01412
2.01412
2.01412
2.01412
2.01412
2.01412
2.01412
2.01412
2.01412
2.01412
2.01412
2.01412
2.01412
2.01412
2.01412
2.01412
2.01412
2.01412
2.01412
2.01412
2.01412
2.01412
2.01412
2.01412
2.01412
2.01412
2.01412
2.01412
2.01412
2.01412
2.01412
2.01412
2.01412
2.01412
2.01412
2.01412
2.01412
2.01412
2.01412
2.01412
2.01412
2.01412
2.01412
2.01412
2.01412
2.01412
2.01412
2.01412
2.01412
2.01412
2.01412
2.01412
2.01412
2.01412
2.01412
2.01412
2.01412
2.01412
2.01412
2.01412
2.01412
2.01412
2.01412
2.01412
2.01412
2.01412
2.01412
2.01412
2.01412
2.01412
2.01412
2.01412
2.01412
2.01412
2.01412
2.01412
2.01412
2.01412
2.01412
2.01412
2.01412
2.01412
2.01412
2.01412
2.01412
2.01412
2.01412
2.01412
2.01412
2.01412
2.01412
2.01412
2.01412
2.01412
2.01412
2.01412
2.01412
2.01412
2.01412
2.01412
2.01412
2.01412
2.01412
2.01412
2.01412
2.01412
2.01412
2.01412
2.01412
2.01412
2.01412
2.01412
2.01412
2.01412
2.01412
2.01412
2.01412
2.01412
2.01412
2.01412
2.01412
2.01412
2.01412
2.01412
2.01412
2.01412
2.01412
2.01412
2.01412
2.01412
2.01412
2.01412
2.01412
2.01412
2.01412
2.01412
2.01412
2.01412
2.01412
2.01412
2.01412
2.01412
2.01412
2.01412
2.01412
2.01412
2.01412
2.01412
2.01412
2.01412
2.01412
2.01412
2.01412
2.01412
2.01412
2.01412
2.01412
2.01412
2.01412
2.01412
2.01412
2.01412
2.01412
2.01412
2.01412
2.01412
2.01412
2.01412
2.01412
2.01412
2.01412
2.01412
2.01412
2.01412
2.01412
2.01412
2.01412
2.01412
2.01412
2.01412
2.01412
2.01412
2.01412
2.01412
2.01412
2.01412
2.01412
2.01412
2.01412
2.01412
2.01412
2.01412
2.01412
2.01412
2.01412
2.01412
2.01412
2.01412
2.01412
2.01412
2.01412
2.01412
2.01412
2.01412
2.01412
2.01412
2.01412
2.01412
2.01412
2.01412
2.01412
2.01412
2.01412
2.01412
2.01412
2.01412
2.01412
2.01412
2.01412
2.01412
2.01412
2.01412
2.01412
2.01412
2.01412
2.01412
2.01412
2.01412
2.01412
2.01412
2.01412
2.01412
2.01412
2.01412
2.01412
2.01412
2.01412
2.01412
2.01412
2.01412
2.01412
2.01412
2.01412
2.01412
2.01412
2.01412
2.01412
2.01412
2.01412
2.01412
2.01412
2.01412
2.01412
2.01412
2.01412
2.01412
2.01412
2.01412
2.01412
2.01412
2.01412
2.01412
2.01412
2.01412
2.01412
2.01412
2.01412
2.01412
2.01412
2.01412
2.01412
2.01412
2.01412
2.01412
2.01412
2.01412
2.01412
2.01412
2.01412
2.01412
2.01412
2.01412
2.01412
2.01412
2.01412
2.01412
2.01412
2.01412
2.01412
2.01412
2.01412
2.01412
2.01412
2.01412
2.01412
2.01412
2.01412
2.01412
2.01412
2.01412
2.01412
2.01412
2.01412
2.01412
2.01412
2.01412
2.01412
2.01412
2.01412
2.01412
2.01412
2.01412
2.01412
2.01412
2.01412
2.01412
2.01412
2.01412
2.01412
2.01412
2.01412
2.01412
2.01412
2.01412
2.01412
2.01412
2.01412
2.01412
2.01412
2.01412
2.01412
2.01412
2.01412
2.01412
2.01412
2.01412
2.01412
2.01412
2.01412
2.01412
2.01412
2.01412
2.01412
2.01412
2.01412
2.01412
2.01412
2.01412
2.01412
2.01412
2.01412
2.01412
2.01412
2.01412
2.01412
2.01412
2.01412
2.01412
2.01412
2.01412
2.01412
2.01412
2.01412
2.01412
2.01412
2.01412
2.01412
2.01412
2.01412
2.01412
2.01412
2.01412
2.01412
2.01412
2.01412
2.01412
2.01412
2.01412
2.01412
2.01412
2.01412
2.01412
2.01412
2.01412
2.01412
2.01412
2.01412
2.01412
2.01412
2.01412
2.01412
2.01412
2.01412
2.01412
2.01412
2.01412
2.01412
2.01412
2.01412
2.01412
2.01412
2.01412
2.01412
2.01412
2.01412
2.01412
2.01412
2.01412
2.01412
2.01412
2.01412
2.01412
2.01412
2.01412
2.01412
2.01412
2.01412
2.01412
2.01412
2.01412
2.01412
2.01412
2.01412
2.01412
2.01412
2.01412
2.01412
2.01412
2.01412
2.01412
2.01412
2.01412
2.01412
2.01412
2.01412
2.01412
2.01412
2.01412
2.01412
2.01412
2.01412
2.01412
2.01412
2.01412
2.01412
2.01412
2.01412
2.01412
2.01412
2.01412
2.01412
2.01412
2.01412
2.01412
2.01412
2.01412
2.01412
2.01412
2.01412
2.01412
2.01412
2.01412
2.01412
2.01412
2.01412
2.01412
2.01412
2.01412
2.01412
2.01412
2.01412
2.01412
2.01412
2.01412
2.01412
2.01412
2.01412
2.01412
2.01412
2.01412
2.01412
2.01412
2.01412
2.01412
2.01412
2.01412
2.01412
2.01412
2.01412
2.01412
2.01412
2.01412
2.01412
2.01412
2.01412
2.01412
2.01412
2.01412
2.01412
2.01412
2.01412
2.01412
2.01412
2.01412
2.01412
2.01412
2.01412
2.01412
2.01412
2.01412
2.01412
2.01412
2.01412
2.01412
2.01412
2.01412
2.01412
2.01412
2.01412
2.01412
2.01412
2.01412
2.01412
2.01412
2.01412
2.01412
2.01412
2.01412
2.01412
2.01412
2.01412
2.01412
2.01412
