2.3787e+08
4.10045e+07
141187
130123
53691.7
12614.8
2910.77
2910.77
2910.77
2910.77
2910.77
1048.14
1048.14
370.479
224.639
37.4088
31.3064
31.3064
31.3064
31.3064
31.3064
31.3064
31.3064
31.3064
31.3064
26.9126
26.9126
26.3489
26.3489
23.8924
21.4908
21.4908
21.4908
21.4908
21.4908
21.4908
21.4908
21.1456
21.1456
18.0328
18.0328
18.0328
18.0328
18.0328
18.0328
18.0328
18.0328
18.0328
18.0328
18.0328
18.0328
18.0328
16.5105
15.3306
15.3306
15.3306
15.3306
15.3306
15.3098
15.3098
11.1089
11.1089
11.1089
11.1089
11.1089
11.1089
11.1089
11.1089
11.1089
11.1089
11.1089
11.1089
11.1089
11.1089
11.1089
11.1089
11.1089
11.1089
11.1089
11.1089
11.1089
11.1089
11.1089
11.1089
11.1089
11.1089
11.1089
11.1089
11.1089
11.1089
11.1089
11.1089
11.1089
11.1089
11.1089
11.1089
11.1089
11.1089
11.1089
11.1089
11.1089
11.1089
11.1089
11.1089
11.1089
11.1089
7.88333
7.88333
7.88333
7.88333
7.88333
7.88333
7.88333
7.88333
7.88333
7.88333
7.88333
7.88333
7.88333
7.88333
7.88333
7.88333
7.88333
7.88333
7.88333
7.88333
7.88333
7.88333
7.88333
7.88333
7.88333
7.88333
7.88333
7.88333
7.88333
7.88333
7.88333
7.88333
7.88333
7.88333
7.88333
7.88333
7.88333
7.88333
7.88333
7.88333
7.88333
7.88333
7.88333
7.88333
7.88333
7.88333
7.88333
7.88333
7.88333
7.88333
7.88333
7.88333
7.88333
7.88333
7.88333
7.88333
7.88333
7.88333
7.88333
7.88333
7.88333
7.88333
7.88333
7.88333
7.88333
7.88333
7.88333
7.88333
7.88333
7.88333
7.88333
7.88333
7.88333
7.88333
7.88333
7.88333
7.88333
7.88333
7.88333
7.88333
7.88333
7.88333
7.88333
7.88333
7.88333
7.88333
7.88333
7.88333
7.88333
7.88333
7.88333
7.88333
7.88333
7.88333
7.88333
7.88333
7.88333
7.88333
7.88333
7.88333
7.88333
7.88333
7.88333
7.88333
7.88333
7.88333
7.88333
7.88333
7.88333
7.88333
7.64522
7.64522
7.64522
7.64522
7.64522
7.64522
7.64522
7.64522
7.64522
7.64522
7.64522
7.64522
7.64522
7.64522
7.64522
7.64522
7.64522
7.64522
7.64522
7.64522
7.64522
7.64522
7.64522
7.64522
7.64522
7.64522
7.64522
7.64522
7.64522
7.64522
7.64522
7.64522
7.64522
7.64522
7.64522
7.64522
7.64522
7.64522
7.64522
7.64522
7.64522
7.64522
7.64522
7.64522
7.64522
7.64522
7.64522
7.64522
7.64522
7.64522
7.64522
7.64522
7.64522
7.64522
7.64522
7.64522
7.64522
7.64522
7.64522
7.64522
7.64522
7.64522
7.64522
7.64522
7.64522
7.64522
7.64522
7.64522
7.64522
7.64522
7.64522
7.64522
7.64522
7.64522
7.64522
7.64522
7.64522
7.64522
7.64522
7.64522
7.64522
7.64522
7.64522
7.64522
7.64522
7.64522
7.64522
7.64522
7.64522
7.64522
7.64522
7.64522
7.64522
7.64522
7.64522
7.64522
7.64522
7.64522
7.64522
7.64522
7.64522
7.64522
6.16051
6.16051
6.16051
6.16051
6.16051
6.16051
6.16051
6.16051
6.16051
6.16051
6.16051
6.16051
6.16051
6.16051
6.16051
6.16051
6.16051
6.16051
6.16051
6.16051
6.16051
6.16051
6.16051
6.16051
6.16051
6.16051
6.16051
6.16051
6.16051
6.16051
6.16051
6.16051
6.16051
6.16051
6.16051
6.16051
6.16051
6.16051
6.16051
6.16051
6.16051
6.16051
6.16051
6.16051
6.16051
6.16051
6.16051
6.16051
6.16051
6.16051
6.16051
6.16051
6.16051
6.16051
6.16051
6.16051
6.16051
6.16051
6.16051
6.16051
6.16051
6.16051
6.16051
6.16051
6.16051
6.16051
6.16051
6.16051
6.16051
6.16051
6.16051
6.16051
6.16051
6.16051
6.16051
6.16051
6.16051
6.16051
6.16051
6.16051
6.16051
6.16051
6.16051
6.16051
6.16051
6.16051
6.16051
6.16051
6.16051
6.16051
6.16051
6.16051
6.16051
6.16051
6.16051
6.16051
6.16051
6.16051
6.16051
6.16051
6.16051
6.16051
6.16051
6.16051
6.16051
6.16051
6.16051
6.16051
6.16051
6.16051
6.16051
6.16051
6.16051
6.16051
6.16051
6.16051
6.16051
6.16051
6.16051
6.16051
6.16051
6.16051
6.16051
6.16051
6.16051
6.16051
6.16051
6.16051
6.16051
6.16051
6.16051
6.16051
6.16051
6.16051
6.16051
6.16051
6.16051
6.16051
6.16051
6.16051
6.16051
6.16051
6.16051
6.16051
6.16051
6.16051
6.16051
6.16051
6.16051
6.16051
6.16051
6.16051
6.16051
4.2524
4.2524
4.2524
4.2524
4.2524
4.2524
4.2524
4.2524
4.2524
4.2524
4.2524
4.2524
4.2524
4.2524
4.2524
4.2524
4.2524
4.2524
4.2524
4.2524
4.2524
3.92342
3.92342
3.92342
3.92342
3.92342
3.92342
3.92342
3.92342
3.92342
3.92342
3.92342
3.92342
3.92342
3.92342
3.92342
3.92342
3.92342
1.77971
1.77971
1.77971
1.77971
1.76451
1.65503
0.834021
0.834021
0.654653
0.654653
0.508702
0.508702
0.508702
0.508702
0.508702
0.508702
0.508702
0.508702
0.508702
0.508702
0.508702
0.508702
0.505135
0.452771
0.444357
0.388618
0.344633
0.260483
0.260483
0.246596
0.179019
0.176412
0.15713
0.142152
0.0963758
0.0936235
0.073667
0.0560493
0.0376735
0.0240521
0.0219946
0.0219946
0.0133376
0.00600507
0.00600507
0.00600507
0.00600507
0.00600507
0.00426267
0.00380114
0.00380114
0.00238578
0.00107193
0.00107193
0.00107193
0.000654476
0.000654476
0.000654476
0.000537643
0.000402677
0.000264276
0.000148559
0.000148559
0.000148559
0.000124635
0.000108957
3.24259e-05
3.24259e-05
1.20065e-05
6.0857e-06
3.82557e-06
3.49052e-06
2.6716e-06
1.87661e-06
1.31124e-06
4.86832e-07
1.51469e-07
7.20507e-08
7.20507e-08
4.10705e-08
3.26344e-08
1.18536e-08
1.12856e-08
4.04892e-09
4.70026e-10
4.70026e-10
2.43849e-10
3.32409e-11
8.99503e-12
8.99503e-12
8.99503e-12
8.99503e-12
8.99503e-12
8.99503e-12
8.99503e-12
8.99503e-12
8.99503e-12
8.99503e-12
8.99503e-12
8.99503e-12
8.99503e-12
8.99503e-12
8.99503e-12
8.99503e-12
8.99503e-12
8.99503e-12
8.99503e-12
8.99503e-12
8.99503e-12
8.99503e-12
8.99503e-12
8.99503e-12
8.99503e-12
8.99503e-12
8.99503e-12
8.99503e-12
8.99503e-12
8.99503e-12
8.99503e-12
8.99503e-12
8.99503e-12
8.99503e-12
8.99503e-12
8.99503e-12
8.99503e-12
8.99503e-12
8.99503e-12
8.99503e-12
8.99503e-12
8.99503e-12
8.99503e-12
8.99503e-12
8.99503e-12
8.99503e-12
8.99503e-12
8.99503e-12
8.99503e-12
8.99503e-12
8.99503e-12
8.99503e-12
8.99503e-12
8.99503e-12
8.99503e-12
8.99503e-12
8.99503e-12
8.99503e-12
8.99503e-12
8.99503e-12
8.99503e-12
8.99503e-12
8.99503e-12
8.99503e-12
8.99503e-12
8.99503e-12
8.99503e-12
8.99503e-12
8.99503e-12
8.99503e-12
8.99503e-12
8.99503e-12
8.99503e-12
8.99503e-12
8.99503e-12
8.99503e-12
8.99503e-12
8.99503e-12
8.99503e-12
8.99503e-12
8.99503e-12
8.99503e-12
8.99503e-12
8.99503e-12
8.99503e-12
8.99503e-12
8.99503e-12
8.99503e-12
8.99503e-12
8.99503e-12
8.99503e-12
8.99503e-12
8.99503e-12
8.99503e-12
8.99503e-12
8.99503e-12
8.99503e-12
8.99503e-12
8.99503e-12
8.99503e-12
8.99503e-12
8.99503e-12
8.99503e-12
8.99503e-12
8.99503e-12
8.99503e-12
8.99503e-12
8.99503e-12
8.99503e-12
8.99503e-12
8.99503e-12
8.99503e-12
8.99503e-12
8.99503e-12
8.99503e-12
8.99503e-12
8.99503e-12
8.99503e-12
8.99503e-12
8.99503e-12
8.99503e-12
8.99503e-12
8.99503e-12
8.99503e-12
8.99503e-12
8.99503e-12
8.99503e-12
8.99503e-12
8.99503e-12
8.99503e-12
8.99503e-12
8.99503e-12
8.99503e-12
8.99503e-12
8.99503e-12
8.99503e-12
8.99503e-12
8.99503e-12
8.99503e-12
8.99503e-12
8.99503e-12
8.99503e-12
8.99503e-12
8.99503e-12
8.99503e-12
8.99503e-12
8.99503e-12
8.99503e-12
8.99503e-12
8.99503e-12
8.99503e-12
8.99503e-12
8.99503e-12
8.99503e-12
8.99503e-12
8.99503e-12
8.99503e-12
8.99503e-12
8.99503e-12
8.99503e-12
8.99503e-12
8.99503e-12
8.99503e-12
8.99503e-12
8.99503e-12
8.99503e-12
8.99503e-12
8.99503e-12
8.99503e-12
8.99503e-12
8.99503e-12
8.99503e-12
8.99503e-12
8.99503e-12
8.99503e-12
8.99503e-12
8.99503e-12
8.99503e-12
8.99503e-12
8.99503e-12
8.99503e-12
8.99503e-12
8.99503e-12
8.99503e-12
8.99503e-12
8.99503e-12
8.99503e-12
8.99503e-12
8.99503e-12
8.99503e-12
8.99503e-12
8.99503e-12
8.99503e-12
8.99503e-12
8.99503e-12
8.99503e-12
8.99503e-12
8.99503e-12
8.99503e-12
8.99503e-12
8.99503e-12
8.99503e-12
8.99503e-12
8.99503e-12
8.99503e-12
8.99503e-12
8.99503e-12
8.99503e-12
8.99503e-12
8.99503e-12
8.99503e-12
8.99503e-12
8.99503e-12
8.99503e-12
8.99503e-12
8.99503e-12
8.99503e-12
8.99503e-12
8.99503e-12
8.99503e-12
8.99503e-12
8.99503e-12
8.99503e-12
8.99503e-12
8.99503e-12
8.99503e-12
8.99503e-12
8.99503e-12
8.99503e-12
8.99503e-12
8.99503e-12
8.99503e-12
8.99503e-12
8.99503e-12
8.99503e-12
8.99503e-12
8.99503e-12
8.99503e-12
8.99503e-12
8.99503e-12
8.99503e-12
8.99503e-12
8.99503e-12
8.99503e-12
8.99503e-12
8.99503e-12
8.99503e-12
8.99503e-12
8.99503e-12
8.99503e-12
8.99503e-12
8.99503e-12
8.99503e-12
8.99503e-12
8.99503e-12
8.99503e-12
8.99503e-12
8.99503e-12
8.99503e-12
8.99503e-12
8.99503e-12
8.99503e-12
8.99503e-12
8.99503e-12
8.99503e-12
8.99503e-12
8.99503e-12
8.99503e-12
8.99503e-12
8.99503e-12
8.99503e-12
8.99503e-12
8.99503e-12
8.99503e-12
8.99503e-12
8.99503e-12
8.99503e-12
8.99503e-12
8.99503e-12
8.99503e-12
8.99503e-12
8.99503e-12
8.99503e-12
8.99503e-12
8.99503e-12
8.99503e-12
8.99503e-12
8.99503e-12
8.99503e-12
8.99503e-12
8.99503e-12
8.99503e-12
8.99503e-12
8.99503e-12
8.99503e-12
8.99503e-12
8.99503e-12
8.99503e-12
8.99503e-12
8.99503e-12
8.99503e-12
8.99503e-12
8.99503e-12
8.99503e-12
8.99503e-12
8.99503e-12
8.99503e-12
8.99503e-12
8.99503e-12
8.99503e-12
8.99503e-12
8.99503e-12
8.99503e-12
8.99503e-12
8.99503e-12
8.99503e-12
8.99503e-12
8.99503e-12
8.99503e-12
8.99503e-12
8.99503e-12
8.99503e-12
8.99503e-12
8.99503e-12
8.99503e-12
8.99503e-12
8.99503e-12
8.99503e-12
8.99503e-12
8.99503e-12
8.99503e-12
8.99503e-12
8.99503e-12
8.99503e-12
8.99503e-12
8.99503e-12
8.99503e-12
8.99503e-12
8.99503e-12
8.99503e-12
8.99503e-12
8.99503e-12
8.99503e-12
8.99503e-12
8.99503e-12
8.99503e-12
8.99503e-12
8.99503e-12
8.99503e-12
8.99503e-12
8.99503e-12
8.99503e-12
8.99503e-12
8.99503e-12
8.99503e-12
8.99503e-12
8.99503e-12
8.99503e-12
8.99503e-12
8.99503e-12
8.99503e-12
8.99503e-12
8.99503e-12
8.99503e-12
8.99503e-12
8.99503e-12
8.99503e-12
8.99503e-12
8.99503e-12
8.99503e-12
8.99503e-12
8.99503e-12
8.99503e-12
8.99503e-12
8.99503e-12
8.99503e-12
8.99503e-12
8.99503e-12
8.99503e-12
8.99503e-12
8.99503e-12
8.99503e-12
8.99503e-12
8.99503e-12
8.99503e-12
8.99503e-12
8.99503e-12
8.99503e-12
8.99503e-12
8.99503e-12
8.99503e-12
8.99503e-12
8.99503e-12
8.99503e-12
8.99503e-12
8.99503e-12
8.99503e-12
8.99503e-12
8.99503e-12
8.99503e-12
8.99503e-12
8.99503e-12
8.99503e-12
8.99503e-12
8.99503e-12
8.99503e-12
8.99503e-12
8.99503e-12
8.99503e-12
8.99503e-12
8.99503e-12
8.99503e-12
8.99503e-12
8.99503e-12
8.99503e-12
8.99503e-12
8.99503e-12
8.99503e-12
8.99503e-12
8.99503e-12
8.99503e-12
8.99503e-12
8.99503e-12
8.99503e-12
8.99503e-12
8.99503e-12
8.99503e-12
8.99503e-12
8.99503e-12
8.99503e-12
8.99503e-12
8.99503e-12
8.99503e-12
8.99503e-12
8.99503e-12
8.99503e-12
8.99503e-12
8.99503e-12
8.99503e-12
8.99503e-12
8.99503e-12
8.99503e-12
8.99503e-12
8.99503e-12
8.99503e-12
8.99503e-12
8.99503e-12
8.99503e-12
8.99503e-12
8.99503e-12
8.99503e-12
8.99503e-12
8.99503e-12
8.99503e-12
8.99503e-12
8.99503e-12
8.99503e-12
8.99503e-12
8.99503e-12
8.99503e-12
8.99503e-12
8.99503e-12
8.99503e-12
8.99503e-12
8.99503e-12
8.99503e-12
8.99503e-12
8.99503e-12
8.99503e-12
8.99503e-12
8.99503e-12
8.99503e-12
8.99503e-12
8.99503e-12
8.99503e-12
8.99503e-12
8.99503e-12
8.99503e-12
8.99503e-12
8.99503e-12
8.99503e-12
8.99503e-12
8.99503e-12
8.99503e-12
8.99503e-12
8.99503e-12
8.99503e-12
8.99503e-12
8.99503e-12
8.99503e-12
8.99503e-12
8.99503e-12
8.99503e-12
8.99503e-12
8.99503e-12
8.99503e-12
8.99503e-12
8.99503e-12
8.99503e-12
8.99503e-12
8.99503e-12
8.99503e-12
8.99503e-12
8.99503e-12
8.99503e-12
8.99503e-12
8.99503e-12
8.99503e-12
8.99503e-12
8.99503e-12
8.99503e-12
8.99503e-12
8.99503e-12
8.99503e-12
8.99503e-12
8.99503e-12
8.99503e-12
8.99503e-12
8.99503e-12
8.99503e-12
8.99503e-12
8.99503e-12
8.99503e-12
8.99503e-12
8.99503e-12
8.99503e-12
8.99503e-12
8.99503e-12
8.99503e-12
8.99503e-12
8.99503e-12
8.99503e-12
8.99503e-12
8.99503e-12
8.99503e-12
8.99503e-12
8.99503e-12
8.99503e-12
8.99503e-12
8.99503e-12
8.99503e-12
8.99503e-12
8.99503e-12
8.99503e-12
8.99503e-12
8.99503e-12
8.99503e-12
8.99503e-12
8.99503e-12
8.99503e-12
8.99503e-12
8.99503e-12
8.99503e-12
8.99503e-12
8.99503e-12
8.99503e-12
8.99503e-12
8.99503e-12
8.99503e-12
8.99503e-12
8.99503e-12
8.99503e-12
8.99503e-12
8.99503e-12
8.99503e-12
8.99503e-12
8.99503e-12
8.99503e-12
8.99503e-12
8.99503e-12
8.99503e-12
8.99503e-12
8.99503e-12
8.99503e-12
8.99503e-12
8.99503e-12
8.99503e-12
8.99503e-12
8.99503e-12
8.99503e-12
8.99503e-12
8.99503e-12
8.99503e-12
8.99503e-12
8.99503e-12
8.99503e-12
8.99503e-12
8.99503e-12
8.99503e-12
8.99503e-12
8.99503e-12
8.99503e-12
8.99503e-12
8.99503e-12
8.99503e-12
8.99503e-12
8.99503e-12
8.99503e-12
8.99503e-12
8.99503e-12
8.99503e-12
8.99503e-12
8.99503e-12
8.99503e-12
8.99503e-12
8.99503e-12
8.99503e-12
8.99503e-12
8.99503e-12
8.99503e-12
8.99503e-12
8.99503e-12
8.99503e-12
8.99503e-12
8.99503e-12
8.99503e-12
8.99503e-12
8.99503e-12
8.99503e-12
8.99503e-12
8.99503e-12
8.99503e-12
8.99503e-12
8.99503e-12
8.99503e-12
8.99503e-12
8.99503e-12
8.99503e-12
8.99503e-12
8.99503e-12
8.99503e-12
8.99503e-12
8.99503e-12
8.99503e-12
8.99503e-12
8.99503e-12
8.99503e-12
8.99503e-12
8.99503e-12
8.99503e-12
8.99503e-12
8.99503e-12
8.99503e-12
8.99503e-12
8.99503e-12
8.99503e-12
8.99503e-12
8.99503e-12
8.99503e-12
8.99503e-12
8.99503e-12
8.99503e-12
8.99503e-12
8.99503e-12
8.99503e-12
8.99503e-12
8.99503e-12
8.99503e-12
8.99503e-12
8.99503e-12
8.99503e-12
8.99503e-12
8.99503e-12
8.99503e-12
8.99503e-12
8.99503e-12
8.99503e-12
8.99503e-12
8.99503e-12
8.99503e-12
8.99503e-12
8.99503e-12
8.99503e-12
8.99503e-12
8.99503e-12
8.99503e-12
8.99503e-12
8.99503e-12
8.99503e-12
8.99503e-12
8.99503e-12
8.99503e-12
8.99503e-12
8.99503e-12
8.99503e-12
8.99503e-12
8.99503e-12
8.99503e-12
8.99503e-12
8.99503e-12
8.99503e-12
8.99503e-12
8.99503e-12
8.99503e-12
8.99503e-12
8.99503e-12
8.99503e-12
8.99503e-12
8.99503e-12
8.99503e-12
8.99503e-12
8.99503e-12
8.99503e-12
8.99503e-12
8.99503e-12
8.99503e-12
8.99503e-12
8.99503e-12
8.99503e-12
8.99503e-12
8.99503e-12
8.99503e-12
8.99503e-12
8.99503e-12
8.99503e-12
8.99503e-12
8.99503e-12
8.99503e-12
8.99503e-12
8.99503e-12
8.99503e-12
8.99503e-12
8.99503e-12
8.99503e-12
8.99503e-12
8.99503e-12
8.99503e-12
8.99503e-12
8.99503e-12
8.99503e-12
8.99503e-12
8.99503e-12
8.99503e-12
8.99503e-12
8.99503e-12
8.99503e-12
8.99503e-12
8.99503e-12
8.99503e-12
8.99503e-12
8.99503e-12
8.99503e-12
8.99503e-12
8.99503e-12
8.99503e-12
8.99503e-12
8.99503e-12
8.99503e-12
8.99503e-12
8.99503e-12
8.99503e-12
8.99503e-12
8.99503e-12
8.99503e-12
8.99503e-12
8.99503e-12
8.99503e-12
8.99503e-12
8.99503e-12
8.99503e-12
8.99503e-12
8.99503e-12
8.99503e-12
8.99503e-12
8.99503e-12
8.99503e-12
8.99503e-12
8.99503e-12
8.99503e-12
8.99503e-12
8.99503e-12
8.99503e-12
8.99503e-12
8.99503e-12
8.99503e-12
8.99503e-12
8.99503e-12
8.99503e-12
8.99503e-12
8.99503e-12
8.99503e-12
8.99503e-12
8.99503e-12
8.99503e-12
8.99503e-12
8.99503e-12
8.99503e-12
8.99503e-12
8.99503e-12
8.99503e-12
8.99503e-12
8.99503e-12
8.99503e-12
8.99503e-12
8.99503e-12
8.99503e-12
8.99503e-12
8.99503e-12
8.99503e-12
8.99503e-12
8.99503e-12
8.99503e-12
8.99503e-12
8.99503e-12
8.99503e-12
8.99503e-12
8.99503e-12
8.99503e-12
8.99503e-12
8.99503e-12
8.99503e-12
8.99503e-12
8.99503e-12
8.99503e-12
8.99503e-12
8.99503e-12
8.99503e-12
8.99503e-12
8.99503e-12
8.99503e-12
8.99503e-12
8.99503e-12
8.99503e-12
8.99503e-12
8.99503e-12
8.99503e-12
8.99503e-12
8.99503e-12
8.99503e-12
8.99503e-12
8.99503e-12
8.99503e-12
8.99503e-12
8.99503e-12
8.99503e-12
8.99503e-12
8.99503e-12
8.99503e-12
8.99503e-12
8.99503e-12
8.99503e-12
8.99503e-12
8.99503e-12
8.99503e-12
8.99503e-12
8.99503e-12
8.99503e-12
8.99503e-12
8.99503e-12
8.99503e-12
8.99503e-12
8.99503e-12
8.99503e-12
8.99503e-12
8.99503e-12
8.99503e-12
8.99503e-12
8.99503e-12
8.99503e-12
8.99503e-12
8.99503e-12
8.99503e-12
8.99503e-12
8.99503e-12
8.99503e-12
8.99503e-12
8.99503e-12
8.99503e-12
8.99503e-12
8.99503e-12
8.99503e-12
8.99503e-12
8.99503e-12
8.99503e-12
8.99503e-12
8.99503e-12
8.99503e-12
8.99503e-12
8.99503e-12
8.99503e-12
8.99503e-12
8.99503e-12
8.99503e-12
8.99503e-12
8.99503e-12
8.99503e-12
8.99503e-12
8.99503e-12
8.99503e-12
8.99503e-12
8.99503e-12
8.99503e-12
8.99503e-12
8.99503e-12
8.99503e-12
8.99503e-12
8.99503e-12
8.99503e-12
8.99503e-12
8.99503e-12
8.99503e-12
8.99503e-12
8.99503e-12
8.99503e-12
8.99503e-12
8.99503e-12
8.99503e-12
8.99503e-12
8.99503e-12
8.99503e-12
8.99503e-12
8.99503e-12
8.99503e-12
8.99503e-12
8.99503e-12
8.99503e-12
8.99503e-12
8.99503e-12
8.99503e-12
8.99503e-12
8.99503e-12
8.99503e-12
8.99503e-12
8.99503e-12
8.99503e-12
8.99503e-12
8.99503e-12
8.99503e-12
8.99503e-12
8.99503e-12
8.99503e-12
8.99503e-12
8.99503e-12
8.99503e-12
8.99503e-12
8.99503e-12
8.99503e-12
8.99503e-12
8.99503e-12
8.99503e-12
8.99503e-12
8.99503e-12
8.99503e-12
8.99503e-12
8.99503e-12
8.99503e-12
8.99503e-12
8.99503e-12
8.99503e-12
8.99503e-12
8.99503e-12
8.99503e-12
8.99503e-12
8.99503e-12
8.99503e-12
8.99503e-12
8.99503e-12
8.99503e-12
8.99503e-12
8.99503e-12
8.99503e-12
8.99503e-12
8.99503e-12
8.99503e-12
8.99503e-12
8.99503e-12
8.99503e-12
8.99503e-12
8.99503e-12
8.99503e-12
8.99503e-12
8.99503e-12
8.99503e-12
8.99503e-12
8.99503e-12
8.99503e-12
8.99503e-12
8.99503e-12
8.99503e-12
8.99503e-12
8.99503e-12
8.99503e-12
8.99503e-12
8.99503e-12
8.99503e-12
8.99503e-12
8.99503e-12
8.99503e-12
8.99503e-12
8.99503e-12
8.99503e-12
8.99503e-12
8.99503e-12
8.99503e-12
8.99503e-12
8.99503e-12
8.99503e-12
8.99503e-12
8.99503e-12
8.99503e-12
8.99503e-12
8.99503e-12
8.99503e-12
8.99503e-12
8.99503e-12
8.99503e-12
8.99503e-12
8.99503e-12
8.99503e-12
8.99503e-12
8.99503e-12
8.99503e-12
8.99503e-12
8.99503e-12
8.99503e-12
8.99503e-12
8.99503e-12
8.99503e-12
8.99503e-12
8.99503e-12
8.99503e-12
8.99503e-12
8.99503e-12
8.99503e-12
8.99503e-12
8.99503e-12
8.99503e-12
8.99503e-12
8.99503e-12
8.99503e-12
8.99503e-12
8.99503e-12
8.99503e-12
8.99503e-12
8.99503e-12
8.99503e-12
8.99503e-12
8.99503e-12
8.99503e-12
8.99503e-12
8.99503e-12
8.99503e-12
8.99503e-12
8.99503e-12
8.99503e-12
8.99503e-12
8.99503e-12
8.99503e-12
8.99503e-12
8.99503e-12
8.99503e-12
8.99503e-12
8.99503e-12
8.99503e-12
8.99503e-12
8.99503e-12
8.99503e-12
8.99503e-12
8.99503e-12
8.99503e-12
8.99503e-12
8.99503e-12
8.99503e-12
8.99503e-12
8.99503e-12
8.99503e-12
8.99503e-12
8.99503e-12
8.99503e-12
8.99503e-12
8.99503e-12
8.99503e-12
8.99503e-12
8.99503e-12
8.99503e-12
8.99503e-12
8.99503e-12
8.99503e-12
8.99503e-12
8.99503e-12
8.99503e-12
8.99503e-12
8.99503e-12
8.99503e-12
8.99503e-12
8.99503e-12
8.99503e-12
8.99503e-12
8.99503e-12
8.99503e-12
8.99503e-12
8.99503e-12
8.99503e-12
8.99503e-12
8.99503e-12
8.99503e-12
8.99503e-12
8.99503e-12
8.99503e-12
8.99503e-12
8.99503e-12
8.99503e-12
8.99503e-12
8.99503e-12
8.99503e-12
8.99503e-12
8.99503e-12
8.99503e-12
8.99503e-12
8.99503e-12
8.99503e-12
8.99503e-12
8.99503e-12
8.99503e-12
8.99503e-12
8.99503e-12
8.99503e-12
8.99503e-12
8.99503e-12
8.99503e-12
8.99503e-12
8.99503e-12
8.99503e-12
8.99503e-12
8.99503e-12
8.99503e-12
8.99503e-12
8.99503e-12
8.99503e-12
8.99503e-12
8.99503e-12
8.99503e-12
8.99503e-12
8.99503e-12
8.99503e-12
8.99503e-12
8.99503e-12
8.99503e-12
8.99503e-12
8.99503e-12
8.99503e-12
8.99503e-12
8.99503e-12
8.99503e-12
8.99503e-12
8.99503e-12
8.99503e-12
8.99503e-12
8.99503e-12
8.99503e-12
8.99503e-12
8.99503e-12
8.99503e-12
8.99503e-12
8.99503e-12
8.99503e-12
8.99503e-12
8.99503e-12
8.99503e-12
8.99503e-12
8.99503e-12
8.99503e-12
8.99503e-12
8.99503e-12
8.99503e-12
8.99503e-12
8.99503e-12
8.99503e-12
8.99503e-12
8.99503e-12
8.99503e-12
8.99503e-12
8.99503e-12
8.99503e-12
8.99503e-12
8.99503e-12
8.99503e-12
8.99503e-12
8.99503e-12
8.99503e-12
8.99503e-12
8.99503e-12
8.99503e-12
8.99503e-12
8.99503e-12
8.99503e-12
8.99503e-12
8.99503e-12
8.99503e-12
8.99503e-12
8.99503e-12
8.99503e-12
8.99503e-12
8.99503e-12
8.99503e-12
8.99503e-12
8.99503e-12
8.99503e-12
8.99503e-12
8.99503e-12
8.99503e-12
8.99503e-12
8.99503e-12
8.99503e-12
8.99503e-12
8.99503e-12
8.99503e-12
8.99503e-12
8.99503e-12
8.99503e-12
8.99503e-12
8.99503e-12
8.99503e-12
8.99503e-12
8.99503e-12
8.99503e-12
8.99503e-12
8.99503e-12
8.99503e-12
8.99503e-12
8.99503e-12
8.99503e-12
8.99503e-12
8.99503e-12
8.99503e-12
8.99503e-12
8.99503e-12
8.99503e-12
8.99503e-12
8.99503e-12
8.99503e-12
8.99503e-12
8.99503e-12
8.99503e-12
8.99503e-12
8.99503e-12
8.99503e-12
8.99503e-12
8.99503e-12
8.99503e-12
8.99503e-12
8.99503e-12
8.99503e-12
8.99503e-12
8.99503e-12
8.99503e-12
8.99503e-12
8.99503e-12
8.99503e-12
8.99503e-12
8.99503e-12
8.99503e-12
8.99503e-12
8.99503e-12
8.99503e-12
8.99503e-12
8.99503e-12
8.99503e-12
8.99503e-12
8.99503e-12
8.99503e-12
8.99503e-12
8.99503e-12
8.99503e-12
8.99503e-12
8.99503e-12
8.99503e-12
8.99503e-12
8.99503e-12
8.99503e-12
8.99503e-12
8.99503e-12
8.99503e-12
8.99503e-12
8.99503e-12
8.99503e-12
8.99503e-12
8.99503e-12
8.99503e-12
8.99503e-12
8.99503e-12
8.99503e-12
8.99503e-12
8.99503e-12
8.99503e-12
8.99503e-12
8.99503e-12
8.99503e-12
8.99503e-12
8.99503e-12
8.99503e-12
8.99503e-12
8.99503e-12
8.99503e-12
8.99503e-12
8.99503e-12
8.99503e-12
8.99503e-12
8.99503e-12
8.99503e-12
8.99503e-12
8.99503e-12
8.99503e-12
8.99503e-12
8.99503e-12
8.99503e-12
8.99503e-12
8.99503e-12
8.99503e-12
8.99503e-12
8.99503e-12
8.99503e-12
8.99503e-12
8.99503e-12
8.99503e-12
8.99503e-12
8.99503e-12
8.99503e-12
8.99503e-12
8.99503e-12
8.99503e-12
8.99503e-12
8.99503e-12
8.99503e-12
8.99503e-12
8.99503e-12
8.99503e-12
8.99503e-12
8.99503e-12
8.99503e-12
8.99503e-12
8.99503e-12
8.99503e-12
8.99503e-12
8.99503e-12
8.99503e-12
8.99503e-12
8.99503e-12
8.99503e-12
8.99503e-12
8.99503e-12
8.99503e-12
8.99503e-12
8.99503e-12
8.99503e-12
8.99503e-12
8.99503e-12
8.99503e-12
8.99503e-12
8.99503e-12
8.99503e-12
8.99503e-12
8.99503e-12
8.99503e-12
8.99503e-12
8.99503e-12
8.99503e-12
8.99503e-12
8.99503e-12
8.99503e-12
8.99503e-12
8.99503e-12
8.99503e-12
8.99503e-12
8.99503e-12
8.99503e-12
8.99503e-12
8.99503e-12
8.99503e-12
8.99503e-12
8.99503e-12
8.99503e-12
8.99503e-12
8.99503e-12
8.99503e-12
8.99503e-12
8.99503e-12
8.99503e-12
8.99503e-12
8.99503e-12
8.99503e-12
8.99503e-12
8.99503e-12
8.99503e-12
8.99503e-12
8.99503e-12
8.99503e-12
8.99503e-12
8.99503e-12
8.99503e-12
8.99503e-12
8.99503e-12
8.99503e-12
8.99503e-12
8.99503e-12
8.99503e-12
8.99503e-12
8.99503e-12
8.99503e-12
8.99503e-12
8.99503e-12
8.99503e-12
8.99503e-12
8.99503e-12
8.99503e-12
8.99503e-12
8.99503e-12
8.99503e-12
8.99503e-12
8.99503e-12
8.99503e-12
8.99503e-12
8.99503e-12
8.99503e-12
8.99503e-12
8.99503e-12
8.99503e-12
8.99503e-12
8.99503e-12
8.99503e-12
8.99503e-12
8.99503e-12
8.99503e-12
8.99503e-12
8.99503e-12
8.99503e-12
8.99503e-12
8.99503e-12
8.99503e-12
8.99503e-12
8.99503e-12
8.99503e-12
8.99503e-12
8.99503e-12
8.99503e-12
8.99503e-12
8.99503e-12
8.99503e-12
8.99503e-12
8.99503e-12
8.99503e-12
8.99503e-12
8.99503e-12
8.99503e-12
8.99503e-12
8.99503e-12
8.99503e-12
8.99503e-12
8.99503e-12
8.99503e-12
8.99503e-12
8.99503e-12
8.99503e-12
8.99503e-12
8.99503e-12
8.99503e-12
8.99503e-12
8.99503e-12
8.99503e-12
8.99503e-12
8.99503e-12
8.99503e-12
8.99503e-12
8.99503e-12
8.99503e-12
8.99503e-12
8.99503e-12
8.99503e-12
8.99503e-12
8.99503e-12
8.99503e-12
8.99503e-12
8.99503e-12
8.99503e-12
8.99503e-12
8.99503e-12
8.99503e-12
8.99503e-12
8.99503e-12
8.99503e-12
8.99503e-12
8.99503e-12
8.99503e-12
8.99503e-12
8.99503e-12
8.99503e-12
8.99503e-12
8.99503e-12
8.99503e-12
8.99503e-12
8.99503e-12
8.99503e-12
8.99503e-12
8.99503e-12
8.99503e-12
8.99503e-12
8.99503e-12
8.99503e-12
8.99503e-12
8.99503e-12
8.99503e-12
8.99503e-12
8.99503e-12
8.99503e-12
8.99503e-12
8.99503e-12
8.99503e-12
8.99503e-12
8.99503e-12
8.99503e-12
8.99503e-12
8.99503e-12
8.99503e-12
8.99503e-12
8.99503e-12
8.99503e-12
8.99503e-12
8.99503e-12
8.99503e-12
8.99503e-12
8.99503e-12
8.99503e-12
8.99503e-12
8.99503e-12
8.99503e-12
8.99503e-12
8.99503e-12
8.99503e-12
8.99503e-12
8.99503e-12
8.99503e-12
8.99503e-12
8.99503e-12
8.99503e-12
8.99503e-12
8.99503e-12
8.99503e-12
8.99503e-12
8.99503e-12
8.99503e-12
8.99503e-12
8.99503e-12
8.99503e-12
8.99503e-12
8.99503e-12
8.99503e-12
8.99503e-12
8.99503e-12
8.99503e-12
8.99503e-12
8.99503e-12
8.99503e-12
8.99503e-12
8.99503e-12
8.99503e-12
8.99503e-12
8.99503e-12
8.99503e-12
8.99503e-12
8.99503e-12
8.99503e-12
8.99503e-12
8.99503e-12
8.99503e-12
8.99503e-12
8.99503e-12
8.99503e-12
8.99503e-12
8.99503e-12
8.99503e-12
8.99503e-12
8.99503e-12
8.99503e-12
8.99503e-12
8.99503e-12
8.99503e-12
8.99503e-12
8.99503e-12
8.99503e-12
8.99503e-12
8.99503e-12
8.99503e-12
8.99503e-12
8.99503e-12
8.99503e-12
8.99503e-12
8.99503e-12
8.99503e-12
8.99503e-12
8.99503e-12
8.99503e-12
8.99503e-12
8.99503e-12
8.99503e-12
8.99503e-12
8.99503e-12
8.99503e-12
8.99503e-12
8.99503e-12
8.99503e-12
8.99503e-12
8.99503e-12
8.99503e-12
8.99503e-12
8.99503e-12
8.99503e-12
8.99503e-12
8.99503e-12
8.99503e-12
8.99503e-12
8.99503e-12
8.99503e-12
8.99503e-12
8.99503e-12
8.99503e-12
8.99503e-12
8.99503e-12
8.99503e-12
8.99503e-12
8.99503e-12
8.99503e-12
8.99503e-12
8.99503e-12
8.99503e-12
8.99503e-12
8.99503e-12
8.99503e-12
8.99503e-12
8.99503e-12
8.99503e-12
8.99503e-12
8.99503e-12
8.99503e-12
8.99503e-12
8.99503e-12
8.99503e-12
8.99503e-12
8.99503e-12
8.99503e-12
8.99503e-12
8.99503e-12
8.99503e-12
8.99503e-12
8.99503e-12
8.99503e-12
8.99503e-12
8.99503e-12
8.99503e-12
8.99503e-12
8.99503e-12
8.99503e-12
8.99503e-12
8.99503e-12
8.99503e-12
8.99503e-12
8.99503e-12
8.99503e-12
8.99503e-12
8.99503e-12
8.99503e-12
8.99503e-12
8.99503e-12
8.99503e-12
8.99503e-12
8.99503e-12
8.99503e-12
8.99503e-12
8.99503e-12
8.99503e-12
8.99503e-12
8.99503e-12
8.99503e-12
8.99503e-12
8.99503e-12
8.99503e-12
8.99503e-12
8.99503e-12
8.99503e-12
8.99503e-12
8.99503e-12
8.99503e-12
8.99503e-12
8.99503e-12
8.99503e-12
8.99503e-12
8.99503e-12
8.99503e-12
8.99503e-12
8.99503e-12
8.99503e-12
8.99503e-12
8.99503e-12
8.99503e-12
8.99503e-12
8.99503e-12
8.99503e-12
8.99503e-12
8.99503e-12
8.99503e-12
8.99503e-12
8.99503e-12
8.99503e-12
8.99503e-12
8.99503e-12
8.99503e-12
8.99503e-12
8.99503e-12
8.99503e-12
8.99503e-12
8.99503e-12
8.99503e-12
8.99503e-12
8.99503e-12
8.99503e-12
8.99503e-12
8.99503e-12
8.99503e-12
8.99503e-12
8.99503e-12
8.99503e-12
8.99503e-12
8.99503e-12
8.99503e-12
8.99503e-12
8.99503e-12
8.99503e-12
8.99503e-12
8.99503e-12
8.99503e-12
8.99503e-12
8.99503e-12
8.99503e-12
8.99503e-12
8.99503e-12
8.99503e-12
8.99503e-12
8.99503e-12
8.99503e-12
8.99503e-12
8.99503e-12
8.99503e-12
8.99503e-12
8.99503e-12
8.99503e-12
8.99503e-12
8.99503e-12
8.99503e-12
8.99503e-12
8.99503e-12
8.99503e-12
8.99503e-12
8.99503e-12
8.99503e-12
8.99503e-12
8.99503e-12
8.99503e-12
8.99503e-12
8.99503e-12
8.99503e-12
8.99503e-12
8.99503e-12
8.99503e-12
8.99503e-12
8.99503e-12
8.99503e-12
8.99503e-12
8.99503e-12
8.99503e-12
8.99503e-12
8.99503e-12
8.99503e-12
8.99503e-12
8.99503e-12
8.99503e-12
8.99503e-12
8.99503e-12
8.99503e-12
8.99503e-12
8.99503e-12
8.99503e-12
8.99503e-12
8.99503e-12
8.99503e-12
8.99503e-12
8.99503e-12
8.99503e-12
8.99503e-12
8.99503e-12
8.99503e-12
8.99503e-12
8.99503e-12
8.99503e-12
8.99503e-12
8.99503e-12
8.99503e-12
8.99503e-12
8.99503e-12
8.99503e-12
8.99503e-12
8.99503e-12
8.99503e-12
8.99503e-12
8.99503e-12
8.99503e-12
8.99503e-12
8.99503e-12
8.99503e-12
8.99503e-12
8.99503e-12
8.99503e-12
8.99503e-12
8.99503e-12
8.99503e-12
8.99503e-12
8.99503e-12
8.99503e-12
8.99503e-12
8.99503e-12
8.99503e-12
8.99503e-12
8.99503e-12
8.99503e-12
8.99503e-12
8.99503e-12
8.99503e-12
8.99503e-12
8.99503e-12
8.99503e-12
8.99503e-12
8.99503e-12
8.99503e-12
8.99503e-12
8.99503e-12
8.99503e-12
8.99503e-12
8.99503e-12
8.99503e-12
8.99503e-12
8.99503e-12
8.99503e-12
8.99503e-12
8.99503e-12
8.99503e-12
8.99503e-12
8.99503e-12
8.99503e-12
8.99503e-12
8.99503e-12
8.99503e-12
8.99503e-12
8.99503e-12
8.99503e-12
8.99503e-12
8.99503e-12
8.99503e-12
8.99503e-12
8.99503e-12
8.99503e-12
8.99503e-12
8.99503e-12
8.99503e-12
8.99503e-12
8.99503e-12
8.99503e-12
8.99503e-12
8.99503e-12
8.99503e-12
8.99503e-12
8.99503e-12
8.99503e-12
8.99503e-12
8.99503e-12
8.99503e-12
8.99503e-12
8.99503e-12
8.99503e-12
8.99503e-12
8.99503e-12
8.99503e-12
8.99503e-12
8.99503e-12
8.99503e-12
8.99503e-12
8.99503e-12
8.99503e-12
8.99503e-12
8.99503e-12
8.99503e-12
8.99503e-12
8.99503e-12
8.99503e-12
8.99503e-12
8.99503e-12
8.99503e-12
8.99503e-12
8.99503e-12
8.99503e-12
8.99503e-12
8.99503e-12
8.99503e-12
8.99503e-12
8.99503e-12
8.99503e-12
8.99503e-12
8.99503e-12
8.99503e-12
8.99503e-12
8.99503e-12
8.99503e-12
8.99503e-12
8.99503e-12
8.99503e-12
8.99503e-12
8.99503e-12
8.99503e-12
8.99503e-12
8.99503e-12
8.99503e-12
8.99503e-12
