3.0871e+08
5.47251e+07
1.35575e+07
1.06154e+06
92048.7
1152.31
1152.31
1152.31
1152.31
1152.31
284.94
148.366
148.366
101.224
21.6838
21.6838
21.6838
21.6838
21.6838
21.6838
21.1138
13.1427
13.1427
13.1427
13.1427
13.1427
13.1427
13.1427
13.1427
13.1427
13.1427
13.1427
13.1427
13.1427
13.1427
13.1427
13.1427
13.1427
13.1427
13.1427
13.1427
13.1427
13.1427
11.7977
9.37592
9.37592
9.37592
9.37592
9.37592
9.37592
9.37592
9.37592
9.37592
9.37592
9.37592
9.37592
9.37592
9.37592
9.37592
9.37592
9.37592
9.37592
9.37592
9.37592
9.37592
9.37592
9.37592
9.37592
9.37592
9.37592
9.37592
9.37592
9.37592
9.37592
9.37592
9.37592
9.37592
9.37592
9.37592
9.37592
9.37592
9.37592
9.37592
9.37592
9.37592
9.37592
9.37592
9.37592
9.37592
9.37592
9.37592
9.37592
9.37592
7.29244
7.29244
7.29244
7.29244
7.29244
7.29244
7.29244
7.29244
6.45962
6.45962
6.45962
5.06006
4.14173
4.14173
4.14173
3.90459
3.90459
3.82849
3.82849
3.82849
3.82849
3.82849
3.82849
3.72221
3.5308
2.89505
2.44008
2.44008
2.44008
2.44008
2.04233
2.04233
2.04233
2.04233
2.04233
2.03699
1.93289
1.93289
1.93289
1.93289
1.93289
1.93289
1.93289
1.93289
1.93289
1.93289
1.93289
1.93289
1.93289
1.93289
1.93289
1.93289
1.93289
1.93289
1.93289
1.93289
1.93289
1.93289
1.93289
1.93289
1.93289
1.93289
1.93289
1.93289
1.93289
1.93289
1.93289
1.93289
1.93289
1.93289
1.93289
1.93289
1.93289
1.93289
1.93289
1.93289
1.93289
1.93289
1.93289
1.93289
1.93289
1.93289
1.93289
1.93289
1.93289
1.93289
1.93289
1.93289
1.93289
1.93289
1.93289
1.93289
1.93289
1.93289
1.93289
1.93289
1.93289
1.93289
1.93289
1.93289
1.93289
1.93289
1.93289
1.93289
1.93289
1.93289
1.93289
1.93289
1.93289
1.93289
1.93289
1.93289
1.93289
1.8874
1.86608
1.81147
1.79724
1.78491
1.7817
1.7817
1.75619
1.75619
1.75389
1.73277
1.7175
1.71032
1.70045
1.69862
1.69674
1.69355
1.69355
1.69063
1.69063
1.69063
1.69063
1.69048
1.69039
1.68973
1.68973
1.68973
1.68973
1.68973
1.68973
1.68973
1.68973
1.68973
1.68973
1.68973
1.68973
1.68973
1.68973
1.68973
1.68973
1.68973
1.68973
1.68973
1.68973
1.68973
1.68973
1.68973
1.68973
1.68973
1.68973
1.68973
1.68973
1.68973
1.68973
1.68973
1.68973
1.68973
1.68973
1.68973
1.68973
1.68973
1.68973
1.68973
1.68973
1.68973
1.68973
1.68973
1.68973
1.68973
1.68973
1.68973
1.68973
1.68973
1.68973
1.68973
1.68973
1.68973
1.68973
1.68973
1.68973
1.68973
1.68973
1.68973
1.68973
1.68973
1.68973
1.68973
1.68973
1.68973
1.68973
1.68973
1.68973
1.68973
1.68973
1.68973
1.68973
1.68973
1.68973
1.68973
1.68973
1.68973
1.68973
1.68973
1.68973
1.68973
1.68973
1.68973
1.68973
1.68973
1.68973
1.68973
1.68973
1.68973
1.68973
1.68973
1.68973
1.68973
1.68973
1.68973
1.68973
1.68973
1.68973
1.68973
1.68973
1.68973
1.68973
1.68973
1.68973
1.68973
1.68973
1.68973
1.68973
1.68973
1.68973
1.68973
1.68973
1.68973
1.68973
1.68973
1.68973
1.68973
1.68973
1.68973
1.68973
1.68973
1.68973
1.68973
1.68973
1.68973
1.68973
1.68973
1.68973
1.68973
1.68973
1.68973
1.68973
1.68973
1.68973
1.68973
1.68973
1.68973
1.68973
1.68973
1.68973
1.68973
1.68973
1.68973
1.68973
1.68973
1.68973
1.68973
1.68973
1.68973
1.68973
1.68973
1.68973
1.68973
1.68973
1.68973
1.68973
1.68973
1.68973
1.68973
1.68973
1.68973
1.68973
1.68973
1.68973
1.68973
1.68973
1.68973
1.68973
1.68973
1.68973
1.68973
1.68973
1.68973
1.68973
1.68973
1.68973
1.68973
1.68973
1.68973
1.68973
1.68973
1.68973
1.68973
1.68973
1.68973
1.68973
1.68973
1.68973
1.68973
1.68973
1.68973
1.68973
1.68973
1.68973
1.68973
1.68973
1.68973
1.68973
1.68973
1.68973
1.68973
1.68973
1.68973
1.68973
1.68973
1.68973
1.68973
1.68973
1.68973
1.68973
1.68973
1.68973
1.68973
1.68973
1.68973
1.68973
1.68973
1.68973
1.68973
1.68973
1.68973
1.68973
1.68973
1.68973
1.68973
1.68973
1.68973
1.68973
1.68973
1.68973
1.68973
1.68973
1.68973
1.68973
1.68973
1.68973
1.68973
1.68973
1.68973
1.68973
1.68973
1.68973
1.68973
1.68973
1.68973
1.68973
1.68973
1.68973
1.68973
1.68973
1.68973
1.68973
1.68973
1.68973
1.68973
1.68973
1.68973
1.68973
1.68973
1.68973
1.68973
1.68973
1.68973
1.68973
1.68973
1.68973
1.68973
1.68973
1.68973
1.68973
1.68973
1.68973
1.68973
1.68973
1.68973
1.68973
1.68973
1.68973
1.68973
1.68973
1.68973
1.68973
1.68973
1.68973
1.68973
1.68973
1.68973
1.68973
1.68973
1.68973
1.68973
1.68973
1.68973
1.68973
1.68973
1.68973
1.68973
1.68973
1.68973
1.68973
1.68973
1.68973
1.68973
1.68973
1.68973
1.68973
1.68973
1.68973
1.68973
1.68973
1.68973
1.68973
1.68973
1.68973
1.68973
1.68973
1.68973
1.68973
1.68973
1.68973
1.68973
1.68973
1.68973
1.68973
1.68973
1.68973
1.68973
1.68973
1.68973
1.68973
1.68973
1.68973
1.68973
1.68973
1.68973
1.68973
1.68973
1.68973
1.68973
1.68973
1.68973
1.68973
1.68973
1.68973
1.68973
1.68973
1.68973
1.68973
1.68973
1.68973
1.68973
1.68973
1.68973
1.68973
1.68973
1.68973
1.68973
1.68973
1.68973
1.68973
1.68973
1.68973
1.68973
1.68973
1.68973
1.68973
1.68973
1.68973
1.68973
1.68973
1.68973
1.68973
1.68973
1.68973
1.68973
1.68973
1.68973
1.68973
1.68973
1.68973
1.68973
1.68973
1.68973
1.68973
1.68973
1.68973
1.68973
1.68973
1.68973
1.68973
1.68973
1.68973
1.68973
1.68973
1.68973
1.68973
1.68973
1.68973
1.68973
1.68973
1.68973
1.68973
1.68973
1.68973
1.68973
1.68973
1.68973
1.68973
1.68973
1.68973
1.68973
1.68973
1.68973
1.68973
1.68973
1.68973
1.68973
1.68973
1.68973
1.68973
1.68973
1.68973
1.68973
1.68973
1.68973
1.68973
1.68973
1.68973
1.68973
1.68973
1.68973
1.68973
1.68973
1.68973
1.68973
1.68973
1.68973
1.68973
1.68973
1.68973
1.68973
1.68973
1.68973
1.68973
1.68973
1.68973
1.68973
1.68973
1.68973
1.68973
1.68973
1.68973
1.68973
1.68973
1.68973
1.68973
1.68973
1.68973
1.68973
1.68973
1.68973
1.68973
1.68973
1.68973
1.68973
1.68973
1.68973
1.68973
1.68973
1.68973
1.68973
1.68973
1.68973
1.68973
1.68973
1.68973
1.68973
1.68973
1.68973
1.68973
1.68973
1.68973
1.68973
1.68973
1.68973
1.68973
1.68973
1.68973
1.68973
1.68973
1.68973
1.68973
1.68973
1.68973
1.68973
1.68973
1.68973
1.68973
1.68973
1.68973
1.68973
1.68973
1.68973
1.68973
1.68973
1.68973
1.68973
1.68973
1.68973
1.68973
1.68973
1.68973
1.68973
1.68973
1.68973
1.68973
1.68973
1.68973
1.68973
1.68973
1.68973
1.68973
1.68973
1.68973
1.68973
1.68973
1.68973
1.68973
1.68973
1.68973
1.68973
1.68973
1.68973
1.68973
1.68973
1.68973
1.68973
1.68973
1.68973
1.68973
1.68973
1.68973
1.68973
1.68973
1.68973
1.68973
1.68973
1.68973
1.68973
1.68973
1.68973
1.68973
1.68973
1.68973
1.68973
1.68973
1.68973
1.68973
1.68973
1.68973
1.68973
1.68973
1.68973
1.68973
1.68973
1.68973
1.68973
1.68973
1.68973
1.68973
1.68973
1.68973
1.68973
1.68973
1.68973
1.68973
1.68973
1.68973
1.68973
1.68973
1.68973
1.68973
1.68973
1.68973
1.68973
1.68973
1.68973
1.68973
1.68973
1.68973
1.68973
1.68973
1.68973
1.68973
1.68973
1.68973
1.68973
1.68973
1.68973
1.68973
1.68973
1.68973
1.68973
1.68973
1.68973
1.68973
1.68973
1.68973
1.68973
1.68973
1.68973
1.68973
1.68973
1.68973
1.68973
1.68973
1.68973
1.68973
1.68973
1.68973
1.68973
1.68973
1.68973
1.68973
1.68973
1.68973
1.68973
1.68973
1.68973
1.68973
1.68973
1.68973
1.68973
1.68973
1.68973
1.68973
1.68973
1.68973
1.68973
1.68973
1.68973
1.68973
1.68973
1.68973
1.68973
1.68973
1.68973
1.68973
1.68973
1.68973
1.68973
1.68973
1.68973
1.68973
1.68973
1.68973
1.68973
1.68973
1.68973
1.68973
1.68973
1.68973
1.68973
1.68973
1.68973
1.68973
1.68973
1.68973
1.68973
1.68973
1.68973
1.68973
1.68973
1.68973
1.68973
1.68973
1.68973
1.68973
1.68973
1.68973
1.68973
1.68973
1.68973
1.68973
1.68973
1.68973
1.68973
1.68973
1.68973
1.68973
1.68973
1.68973
1.68973
1.68973
1.68973
1.68973
1.68973
1.68973
1.68973
1.68973
1.68973
1.68973
1.68973
1.68973
1.68973
1.68973
1.68973
1.68973
1.68973
1.68973
1.68973
1.68973
1.68973
1.68973
1.68973
1.68973
1.68973
1.68973
1.68973
1.68973
1.68973
1.68973
1.68973
1.68973
1.68973
1.68973
1.68973
1.68973
1.68973
1.68973
1.68973
1.68973
1.68973
1.68973
1.68973
1.68973
1.68973
1.68973
1.68973
1.68973
1.68973
1.68973
1.68973
1.68973
1.68973
1.68973
1.68973
1.68973
1.68973
1.68973
1.68973
1.68973
1.68973
1.68973
1.68973
1.68973
1.68973
1.68973
1.68973
1.68973
1.68973
1.68973
1.68973
1.68973
1.68973
1.68973
1.68973
1.68973
1.68973
1.68973
1.68973
1.68973
1.68973
1.68973
1.68973
1.68973
1.68973
1.68973
1.68973
1.68973
1.68973
1.68973
1.68973
1.68973
1.68973
1.68973
1.68973
1.68973
1.68973
1.68973
1.68973
1.68973
1.68973
1.68973
1.68973
1.68973
1.68973
1.68973
1.68973
1.68973
1.68973
1.68973
1.68973
1.68973
1.68973
1.68973
1.68973
1.68973
1.68973
1.68973
1.68973
1.68973
1.68973
1.68973
1.68973
1.68973
1.68973
1.68973
1.68973
1.68973
1.68973
1.68973
1.68973
1.68973
1.68973
1.68973
1.68973
1.68973
1.68973
1.68973
1.68973
1.68973
1.68973
1.68973
1.68973
1.68973
1.68973
1.68973
1.68973
1.68973
1.68973
1.68973
1.68973
1.68973
1.68973
1.68973
1.68973
1.68973
1.68973
1.68973
1.68973
1.68973
1.68973
1.68973
1.68973
1.68973
1.68973
1.68973
1.68973
1.68973
1.68973
1.68973
1.68973
1.68973
1.68973
1.68973
1.68973
1.68973
1.68973
1.68973
1.68973
1.68973
1.68973
1.68973
1.68973
1.68973
1.68973
1.68973
1.68973
1.68973
1.68973
1.68973
1.68973
1.68973
1.68973
1.68973
1.68973
1.68973
1.68973
1.68973
1.68973
1.68973
1.68973
1.68973
1.68973
1.68973
1.68973
1.68973
1.68973
1.68973
1.68973
1.68973
1.68973
1.68973
1.68973
1.68973
1.68973
1.68973
1.68973
1.68973
1.68973
1.68973
1.68973
1.68973
1.68973
1.68973
1.68973
1.68973
1.68973
1.68973
1.68973
1.68973
1.68973
1.68973
1.68973
1.68973
1.68973
1.68973
1.68973
1.68973
1.68973
1.68973
1.68973
1.68973
1.68973
1.68973
1.68973
1.68973
1.68973
1.68973
1.68973
1.68973
1.68973
1.68973
1.68973
1.68973
1.68973
1.68973
1.68973
1.68973
1.68973
1.68973
1.68973
1.68973
1.68973
1.68973
1.68973
1.68973
1.68973
1.68973
1.68973
1.68973
1.68973
1.68973
1.68973
1.68973
1.68973
1.68973
1.68973
1.68973
1.68973
1.68973
1.68973
1.68973
1.68973
1.68973
1.68973
1.68973
1.68973
1.68973
1.68973
1.68973
1.68973
1.68973
1.68973
1.68973
1.68973
1.68973
1.68973
1.68973
1.68973
1.68973
1.68973
1.68973
1.68973
1.68973
1.68973
1.68973
1.68973
1.68973
1.68973
1.68973
1.68973
1.68973
1.68973
1.68973
1.68973
1.68973
1.68973
1.68973
1.68973
1.68973
1.68973
1.68973
1.68973
1.68973
1.68973
1.68973
1.68973
1.68973
1.68973
1.68973
1.68973
1.68973
1.68973
1.68973
1.68973
1.68973
1.68973
1.68973
1.68973
1.68973
1.68973
1.68973
1.68973
1.68973
1.68973
1.68973
1.68973
1.68973
1.68973
1.68973
1.55912
1.25269
0.689278
0.49091
0.234459
0.147878
0.11834
0.0653404
0.013134
0.00533665
0.00533665
0.00533665
0.00137114
0.00137114
0.00137114
0.00106388
0.00030756
0.00030756
0.000237327
6.79735e-05
6.79735e-05
2.72776e-05
2.72776e-05
2.01171e-05
1.30266e-05
1.30266e-05
1.30266e-05
8.54804e-06
8.54804e-06
5.92974e-06
2.71254e-06
1.18998e-06
1.18998e-06
7.43775e-07
2.59634e-07
4.6186e-08
1.8146e-08
1.8146e-08
7.77894e-09
4.60123e-09
4.81612e-10
4.81612e-10
4.81612e-10
3.2956e-10
3.2956e-10
3.2956e-10
3.2956e-10
3.2956e-10
7.23532e-11
7.23532e-11
7.23532e-11
7.23532e-11
3.69424e-11
3.69424e-11
2.74135e-11
2.74135e-11
2.74135e-11
2.74135e-11
2.74135e-11
2.74135e-11
2.74135e-11
2.74135e-11
2.74135e-11
2.74135e-11
2.74135e-11
2.74135e-11
2.74135e-11
2.74135e-11
2.74135e-11
2.74135e-11
2.74135e-11
2.74135e-11
2.74135e-11
2.74135e-11
2.74135e-11
2.74135e-11
2.74135e-11
2.74135e-11
2.74135e-11
2.74135e-11
2.74135e-11
2.74135e-11
2.74135e-11
2.74135e-11
2.74135e-11
2.74135e-11
2.74135e-11
2.74135e-11
2.74135e-11
2.74135e-11
2.74135e-11
2.74135e-11
2.74135e-11
2.74135e-11
2.74135e-11
2.74135e-11
2.74135e-11
2.74135e-11
2.74135e-11
2.74135e-11
2.74135e-11
2.74135e-11
2.74135e-11
2.74135e-11
2.74135e-11
2.74135e-11
2.74135e-11
2.74135e-11
2.74135e-11
2.74135e-11
2.74135e-11
2.74135e-11
2.74135e-11
2.74135e-11
2.74135e-11
2.74135e-11
2.74135e-11
2.74135e-11
2.74135e-11
2.74135e-11
2.74135e-11
2.74135e-11
2.74135e-11
2.74135e-11
2.74135e-11
2.74135e-11
2.74135e-11
2.74135e-11
2.74135e-11
2.74135e-11
2.74135e-11
2.74135e-11
2.74135e-11
2.74135e-11
2.74135e-11
2.74135e-11
2.74135e-11
2.74135e-11
2.74135e-11
2.74135e-11
2.74135e-11
2.74135e-11
2.74135e-11
2.74135e-11
2.74135e-11
2.74135e-11
2.74135e-11
2.74135e-11
2.74135e-11
2.74135e-11
2.74135e-11
2.74135e-11
2.74135e-11
2.74135e-11
2.74135e-11
2.74135e-11
2.74135e-11
2.74135e-11
2.74135e-11
2.74135e-11
2.74135e-11
2.74135e-11
2.74135e-11
2.74135e-11
2.74135e-11
2.74135e-11
2.74135e-11
2.74135e-11
2.74135e-11
2.74135e-11
2.74135e-11
2.74135e-11
2.74135e-11
2.74135e-11
2.74135e-11
2.74135e-11
2.74135e-11
2.74135e-11
2.74135e-11
2.74135e-11
2.74135e-11
2.74135e-11
2.74135e-11
2.74135e-11
2.74135e-11
2.74135e-11
2.74135e-11
2.74135e-11
2.74135e-11
2.74135e-11
2.74135e-11
2.74135e-11
2.74135e-11
2.74135e-11
2.74135e-11
2.74135e-11
2.74135e-11
2.74135e-11
2.74135e-11
2.74135e-11
2.74135e-11
2.74135e-11
2.74135e-11
2.74135e-11
2.74135e-11
2.74135e-11
2.74135e-11
2.74135e-11
2.74135e-11
2.74135e-11
2.74135e-11
2.74135e-11
2.74135e-11
2.74135e-11
2.74135e-11
2.74135e-11
2.74135e-11
2.74135e-11
2.74135e-11
2.74135e-11
2.74135e-11
2.74135e-11
2.74135e-11
2.74135e-11
2.74135e-11
2.74135e-11
2.74135e-11
2.74135e-11
2.74135e-11
2.74135e-11
2.74135e-11
2.74135e-11
2.74135e-11
2.74135e-11
2.74135e-11
2.74135e-11
2.74135e-11
2.74135e-11
2.74135e-11
2.74135e-11
2.74135e-11
2.74135e-11
2.74135e-11
2.74135e-11
2.74135e-11
2.74135e-11
2.74135e-11
2.74135e-11
2.74135e-11
2.74135e-11
2.74135e-11
2.74135e-11
2.74135e-11
2.74135e-11
2.74135e-11
2.74135e-11
2.74135e-11
2.74135e-11
2.74135e-11
2.74135e-11
2.74135e-11
2.74135e-11
2.74135e-11
2.74135e-11
2.74135e-11
2.74135e-11
2.74135e-11
2.74135e-11
2.74135e-11
2.74135e-11
2.74135e-11
2.74135e-11
2.74135e-11
2.74135e-11
2.74135e-11
2.74135e-11
2.74135e-11
2.74135e-11
2.74135e-11
2.74135e-11
2.74135e-11
2.74135e-11
2.74135e-11
2.74135e-11
2.74135e-11
2.74135e-11
2.74135e-11
2.74135e-11
2.74135e-11
2.74135e-11
2.74135e-11
2.74135e-11
2.74135e-11
2.74135e-11
2.74135e-11
2.74135e-11
2.74135e-11
2.74135e-11
2.74135e-11
2.74135e-11
2.74135e-11
2.74135e-11
2.74135e-11
2.74135e-11
2.74135e-11
2.74135e-11
2.74135e-11
2.74135e-11
2.74135e-11
2.74135e-11
2.74135e-11
2.74135e-11
2.74135e-11
2.74135e-11
2.74135e-11
2.74135e-11
2.74135e-11
2.74135e-11
2.74135e-11
2.74135e-11
2.74135e-11
2.74135e-11
2.74135e-11
2.74135e-11
2.74135e-11
2.74135e-11
2.74135e-11
2.74135e-11
2.74135e-11
2.74135e-11
2.74135e-11
2.74135e-11
2.74135e-11
2.74135e-11
2.74135e-11
2.74135e-11
2.74135e-11
2.74135e-11
2.74135e-11
2.74135e-11
2.74135e-11
2.74135e-11
2.74135e-11
2.74135e-11
2.74135e-11
2.74135e-11
2.74135e-11
2.74135e-11
2.74135e-11
2.74135e-11
2.74135e-11
2.74135e-11
2.74135e-11
2.74135e-11
2.74135e-11
2.74135e-11
2.74135e-11
2.74135e-11
2.74135e-11
2.74135e-11
2.74135e-11
2.74135e-11
2.74135e-11
2.74135e-11
2.74135e-11
2.74135e-11
2.74135e-11
2.74135e-11
2.74135e-11
2.74135e-11
2.74135e-11
2.74135e-11
2.74135e-11
2.74135e-11
2.74135e-11
2.74135e-11
2.74135e-11
2.74135e-11
2.74135e-11
2.74135e-11
2.74135e-11
2.74135e-11
2.74135e-11
2.74135e-11
2.74135e-11
2.74135e-11
2.74135e-11
2.74135e-11
2.74135e-11
2.74135e-11
2.74135e-11
2.74135e-11
2.74135e-11
2.74135e-11
2.74135e-11
2.74135e-11
2.74135e-11
2.74135e-11
2.74135e-11
2.74135e-11
2.74135e-11
2.74135e-11
2.74135e-11
2.74135e-11
2.74135e-11
2.74135e-11
2.74135e-11
2.74135e-11
2.74135e-11
2.74135e-11
2.74135e-11
2.74135e-11
2.74135e-11
2.74135e-11
2.74135e-11
2.74135e-11
2.74135e-11
2.74135e-11
2.74135e-11
2.74135e-11
2.74135e-11
2.74135e-11
2.74135e-11
2.74135e-11
2.74135e-11
2.74135e-11
2.74135e-11
2.74135e-11
2.74135e-11
2.74135e-11
2.74135e-11
2.74135e-11
2.74135e-11
2.74135e-11
2.74135e-11
2.74135e-11
2.74135e-11
2.74135e-11
2.74135e-11
2.74135e-11
2.74135e-11
2.74135e-11
2.74135e-11
2.74135e-11
2.74135e-11
2.74135e-11
2.74135e-11
2.74135e-11
2.74135e-11
2.74135e-11
2.74135e-11
2.74135e-11
2.74135e-11
2.74135e-11
2.74135e-11
2.74135e-11
2.74135e-11
2.74135e-11
2.74135e-11
2.74135e-11
2.74135e-11
2.74135e-11
2.74135e-11
2.74135e-11
2.74135e-11
2.74135e-11
2.74135e-11
2.74135e-11
2.74135e-11
2.74135e-11
2.74135e-11
2.74135e-11
2.74135e-11
2.74135e-11
2.74135e-11
2.74135e-11
2.74135e-11
2.74135e-11
2.74135e-11
2.74135e-11
2.74135e-11
2.74135e-11
2.74135e-11
2.74135e-11
2.74135e-11
2.74135e-11
2.74135e-11
2.74135e-11
2.74135e-11
2.74135e-11
2.74135e-11
2.74135e-11
2.74135e-11
2.74135e-11
2.74135e-11
2.74135e-11
2.74135e-11
2.74135e-11
2.74135e-11
2.74135e-11
2.74135e-11
2.74135e-11
2.74135e-11
2.74135e-11
2.74135e-11
2.74135e-11
2.74135e-11
2.74135e-11
2.74135e-11
2.74135e-11
2.74135e-11
2.74135e-11
2.74135e-11
2.74135e-11
2.74135e-11
2.74135e-11
2.74135e-11
2.74135e-11
2.74135e-11
2.74135e-11
2.74135e-11
2.74135e-11
2.74135e-11
2.74135e-11
2.74135e-11
2.74135e-11
2.74135e-11
2.74135e-11
2.74135e-11
2.74135e-11
2.74135e-11
2.74135e-11
2.74135e-11
2.74135e-11
2.74135e-11
2.74135e-11
2.74135e-11
2.74135e-11
2.74135e-11
2.74135e-11
2.74135e-11
2.74135e-11
2.74135e-11
2.74135e-11
2.74135e-11
2.74135e-11
2.74135e-11
2.74135e-11
2.74135e-11
2.74135e-11
2.74135e-11
2.74135e-11
2.74135e-11
2.74135e-11
2.74135e-11
2.74135e-11
2.74135e-11
2.74135e-11
2.74135e-11
2.74135e-11
2.74135e-11
2.74135e-11
2.74135e-11
2.74135e-11
2.74135e-11
2.74135e-11
2.74135e-11
2.74135e-11
2.74135e-11
2.74135e-11
2.74135e-11
2.74135e-11
2.74135e-11
2.74135e-11
2.74135e-11
2.74135e-11
2.74135e-11
2.74135e-11
2.74135e-11
2.74135e-11
2.74135e-11
2.74135e-11
2.74135e-11
2.74135e-11
2.74135e-11
2.74135e-11
2.74135e-11
2.74135e-11
2.74135e-11
2.74135e-11
2.74135e-11
2.74135e-11
2.74135e-11
2.74135e-11
2.74135e-11
2.74135e-11
2.74135e-11
2.74135e-11
2.74135e-11
2.74135e-11
2.74135e-11
2.74135e-11
2.74135e-11
2.74135e-11
2.74135e-11
2.74135e-11
2.74135e-11
2.74135e-11
2.74135e-11
2.74135e-11
2.74135e-11
2.74135e-11
2.74135e-11
2.74135e-11
2.74135e-11
2.74135e-11
2.74135e-11
2.74135e-11
2.74135e-11
2.74135e-11
2.74135e-11
2.74135e-11
2.74135e-11
2.74135e-11
2.74135e-11
2.74135e-11
2.74135e-11
2.74135e-11
2.74135e-11
2.74135e-11
2.74135e-11
2.74135e-11
2.74135e-11
2.74135e-11
2.74135e-11
2.74135e-11
2.74135e-11
2.74135e-11
2.74135e-11
2.74135e-11
2.74135e-11
2.74135e-11
2.74135e-11
2.74135e-11
2.74135e-11
2.74135e-11
2.74135e-11
2.74135e-11
2.74135e-11
2.74135e-11
2.74135e-11
2.74135e-11
2.74135e-11
2.74135e-11
2.74135e-11
2.74135e-11
2.74135e-11
2.74135e-11
2.74135e-11
2.74135e-11
2.74135e-11
2.74135e-11
2.74135e-11
2.74135e-11
2.74135e-11
2.74135e-11
2.74135e-11
2.74135e-11
2.74135e-11
2.74135e-11
2.74135e-11
2.74135e-11
2.74135e-11
2.74135e-11
2.74135e-11
2.74135e-11
2.74135e-11
2.74135e-11
2.74135e-11
2.74135e-11
2.74135e-11
2.74135e-11
2.74135e-11
2.74135e-11
2.74135e-11
2.74135e-11
2.74135e-11
2.74135e-11
2.74135e-11
2.74135e-11
2.74135e-11
2.74135e-11
2.74135e-11
2.74135e-11
2.74135e-11
2.74135e-11
2.74135e-11
2.74135e-11
2.74135e-11
2.74135e-11
2.74135e-11
2.74135e-11
2.74135e-11
2.74135e-11
2.74135e-11
2.74135e-11
2.74135e-11
2.74135e-11
2.74135e-11
2.74135e-11
2.74135e-11
2.74135e-11
2.74135e-11
2.74135e-11
2.74135e-11
2.74135e-11
2.74135e-11
2.74135e-11
2.74135e-11
2.74135e-11
2.74135e-11
2.74135e-11
2.74135e-11
2.74135e-11
2.74135e-11
2.74135e-11
2.74135e-11
2.74135e-11
2.74135e-11
2.74135e-11
2.74135e-11
2.74135e-11
2.74135e-11
2.74135e-11
2.74135e-11
2.74135e-11
2.74135e-11
2.74135e-11
2.74135e-11
2.74135e-11
2.74135e-11
2.74135e-11
2.74135e-11
2.74135e-11
2.74135e-11
2.74135e-11
2.74135e-11
2.74135e-11
2.74135e-11
2.74135e-11
2.74135e-11
2.74135e-11
2.74135e-11
2.74135e-11
2.74135e-11
2.74135e-11
2.74135e-11
2.74135e-11
2.74135e-11
2.74135e-11
2.74135e-11
2.74135e-11
2.74135e-11
2.74135e-11
2.74135e-11
2.74135e-11
2.74135e-11
2.74135e-11
2.74135e-11
2.74135e-11
2.74135e-11
2.74135e-11
2.74135e-11
2.74135e-11
2.74135e-11
2.74135e-11
2.74135e-11
2.74135e-11
2.74135e-11
2.74135e-11
2.74135e-11
2.74135e-11
2.74135e-11
2.74135e-11
2.74135e-11
2.74135e-11
2.74135e-11
2.74135e-11
2.74135e-11
2.74135e-11
2.74135e-11
2.74135e-11
2.74135e-11
2.74135e-11
2.74135e-11
2.74135e-11
2.74135e-11
2.74135e-11
2.74135e-11
2.74135e-11
2.74135e-11
2.74135e-11
2.74135e-11
2.74135e-11
2.74135e-11
2.74135e-11
2.74135e-11
2.74135e-11
2.74135e-11
2.74135e-11
2.74135e-11
2.74135e-11
2.74135e-11
2.74135e-11
2.74135e-11
2.74135e-11
2.74135e-11
2.74135e-11
2.74135e-11
2.74135e-11
2.74135e-11
2.74135e-11
2.74135e-11
2.74135e-11
2.74135e-11
2.74135e-11
2.74135e-11
2.74135e-11
2.74135e-11
2.74135e-11
2.74135e-11
2.74135e-11
2.74135e-11
2.74135e-11
2.74135e-11
2.74135e-11
2.74135e-11
2.74135e-11
2.74135e-11
2.74135e-11
2.74135e-11
2.74135e-11
2.74135e-11
2.74135e-11
2.74135e-11
2.74135e-11
2.74135e-11
2.74135e-11
2.74135e-11
2.74135e-11
2.74135e-11
2.74135e-11
2.74135e-11
2.74135e-11
2.74135e-11
2.74135e-11
2.74135e-11
2.74135e-11
2.74135e-11
2.74135e-11
2.74135e-11
2.74135e-11
2.74135e-11
2.74135e-11
2.74135e-11
2.74135e-11
2.74135e-11
2.74135e-11
2.74135e-11
2.74135e-11
2.74135e-11
2.74135e-11
2.74135e-11
2.74135e-11
2.74135e-11
2.74135e-11
2.74135e-11
2.74135e-11
2.74135e-11
2.74135e-11
2.74135e-11
2.74135e-11
2.74135e-11
2.74135e-11
2.74135e-11
2.74135e-11
2.74135e-11
2.74135e-11
2.74135e-11
2.74135e-11
2.74135e-11
2.74135e-11
2.74135e-11
2.74135e-11
2.74135e-11
2.74135e-11
2.74135e-11
2.74135e-11
2.74135e-11
2.74135e-11
2.74135e-11
2.74135e-11
2.74135e-11
2.74135e-11
2.74135e-11
2.74135e-11
2.74135e-11
2.74135e-11
2.74135e-11
2.74135e-11
2.74135e-11
2.74135e-11
2.74135e-11
2.74135e-11
2.74135e-11
2.74135e-11
2.74135e-11
2.74135e-11
2.74135e-11
2.74135e-11
2.74135e-11
2.74135e-11
2.74135e-11
2.74135e-11
2.74135e-11
2.74135e-11
2.74135e-11
2.74135e-11
2.74135e-11
2.74135e-11
2.74135e-11
2.74135e-11
2.74135e-11
2.74135e-11
2.74135e-11
2.74135e-11
2.74135e-11
2.74135e-11
2.74135e-11
2.74135e-11
2.74135e-11
2.74135e-11
2.74135e-11
2.74135e-11
2.74135e-11
2.74135e-11
2.74135e-11
2.74135e-11
2.74135e-11
2.74135e-11
2.74135e-11
2.74135e-11
2.74135e-11
2.74135e-11
2.74135e-11
2.74135e-11
2.74135e-11
2.74135e-11
2.74135e-11
2.74135e-11
2.74135e-11
2.74135e-11
2.74135e-11
2.74135e-11
2.74135e-11
2.74135e-11
2.74135e-11
2.74135e-11
2.74135e-11
2.74135e-11
2.74135e-11
2.74135e-11
2.74135e-11
2.74135e-11
2.74135e-11
2.74135e-11
2.74135e-11
2.74135e-11
2.74135e-11
2.74135e-11
2.74135e-11
2.74135e-11
2.74135e-11
2.74135e-11
2.74135e-11
2.74135e-11
2.74135e-11
2.74135e-11
2.74135e-11
2.74135e-11
2.74135e-11
2.74135e-11
2.74135e-11
2.74135e-11
2.74135e-11
2.74135e-11
2.74135e-11
2.74135e-11
2.74135e-11
2.74135e-11
2.74135e-11
2.74135e-11
2.74135e-11
2.74135e-11
2.74135e-11
2.74135e-11
2.74135e-11
2.74135e-11
2.74135e-11
2.74135e-11
2.74135e-11
2.74135e-11
2.74135e-11
2.74135e-11
2.74135e-11
2.74135e-11
2.74135e-11
2.74135e-11
2.74135e-11
2.74135e-11
2.74135e-11
2.74135e-11
2.74135e-11
2.74135e-11
2.74135e-11
2.74135e-11
2.74135e-11
2.74135e-11
2.74135e-11
2.74135e-11
2.74135e-11
2.74135e-11
2.74135e-11
2.74135e-11
2.74135e-11
2.74135e-11
2.74135e-11
2.74135e-11
2.74135e-11
2.74135e-11
2.74135e-11
2.74135e-11
2.74135e-11
2.74135e-11
2.74135e-11
2.74135e-11
2.74135e-11
2.74135e-11
2.74135e-11
2.74135e-11
2.74135e-11
2.74135e-11
2.74135e-11
2.74135e-11
2.74135e-11
2.74135e-11
2.74135e-11
2.74135e-11
2.74135e-11
2.74135e-11
2.74135e-11
2.74135e-11
2.74135e-11
2.74135e-11
2.74135e-11
2.74135e-11
2.74135e-11
2.74135e-11
2.74135e-11
2.74135e-11
2.74135e-11
2.74135e-11
2.74135e-11
