2.1252e+08
9.80859e+06
190674
190674
190674
5183.57
5183.57
5183.57
5183.57
5183.57
5183.57
5183.57
5183.57
5183.57
5183.57
5183.57
5183.57
5183.57
5183.57
5183.57
5183.57
5183.57
769.139
769.139
769.139
769.139
769.139
643.51
643.51
430.297
125.822
36.6472
22.6575
20.6481
20.6481
20.6481
20.6481
18.4497
18.4497
18.4497
18.4497
18.4497
18.4497
14.5859
13.232
13.232
13.232
13.232
13.232
13.232
13.232
8.84672
8.84672
8.84672
8.84672
8.84672
8.84672
8.84672
8.84672
8.84672
8.84672
8.84672
8.84672
8.84672
8.84672
8.84672
8.84672
8.84672
8.84672
8.84672
8.84672
8.84672
8.84672
8.84672
8.84672
8.84672
8.84672
8.84672
8.84672
8.84672
8.84672
8.84672
8.84672
8.84672
8.84672
8.84672
8.84672
8.84672
8.84672
8.84672
8.84672
8.84672
8.84672
8.84672
8.84672
8.84672
8.84672
8.84672
8.84672
8.84672
8.84672
8.84672
8.84672
8.84672
8.84672
8.84672
7.54583
7.54583
7.54583
7.54583
7.54583
7.54583
7.54583
7.54583
7.54583
7.54583
7.54583
7.54583
7.54583
7.54583
7.54583
7.54583
7.54583
7.54583
7.54583
7.54583
7.54583
7.54583
7.54583
7.54583
7.54583
7.54583
7.54583
7.54583
7.54583
7.54583
7.54583
7.54583
7.54583
7.54583
7.54583
7.54583
7.54583
7.54583
7.54583
7.54583
7.54583
7.54583
7.54583
7.54583
7.54583
7.54583
7.54583
7.54583
7.54583
7.54583
7.54583
7.54583
7.54583
7.54583
7.54583
7.54583
7.54583
7.54583
7.54583
7.54583
7.54583
7.54583
7.54583
7.54583
7.54583
7.54583
7.54583
7.54583
7.54583
7.54583
7.51976
7.51976
7.51976
7.51976
7.51976
7.51976
7.51976
7.51976
7.51976
7.51976
7.51976
7.51976
7.51976
7.51976
7.51976
7.51976
7.51976
7.51976
7.51976
7.51976
7.51976
7.51976
7.51976
7.51976
7.51976
7.51976
7.51976
7.51976
7.51976
7.51976
7.51976
7.51976
7.51976
7.51976
7.51976
7.51976
7.51976
7.51976
7.51976
7.51976
7.51976
7.51976
7.51976
7.51976
7.51976
7.51976
7.51976
7.51976
7.51976
7.51976
7.51976
7.51976
7.51976
7.51976
7.51976
7.51976
7.51976
7.51976
7.51976
7.51976
7.51976
7.51976
7.51976
7.51976
7.51976
7.51976
7.51976
7.51976
7.51976
7.51976
7.51976
7.51976
7.51976
7.51976
7.51976
7.51976
7.51976
7.51976
7.51976
7.51976
7.51976
7.51976
7.51976
7.51976
7.51976
7.51976
7.51976
7.51976
7.51976
7.51976
7.51976
7.51976
7.51976
7.51976
7.51976
7.51976
7.51976
7.51976
7.51976
7.51976
7.51976
7.51976
7.51976
7.51976
7.51976
7.51976
7.51976
7.51976
7.51976
7.51976
7.51976
7.51976
7.51976
7.51976
7.51976
7.51976
7.51976
7.51976
7.51976
7.51976
7.51976
7.51976
7.51976
7.51976
7.51976
7.51976
7.51976
7.51976
7.51976
7.51976
7.51976
7.51976
7.51976
7.51976
7.51976
7.51976
7.51976
7.51976
7.51976
7.51976
7.51976
7.51976
7.51976
7.51976
7.51976
7.51976
7.51976
7.51976
7.51976
7.51976
7.51976
7.51976
7.51976
7.51976
7.51976
7.51976
7.51976
7.51976
7.51976
7.51976
7.51976
7.51976
7.51976
7.51976
7.51976
7.51976
7.51976
7.51976
7.51976
7.51976
7.51976
7.51976
7.51976
7.51976
7.51976
7.51976
7.51976
7.51976
7.51976
7.51976
7.51976
7.51976
7.51976
7.51976
7.51976
7.51976
7.51976
7.51976
7.51976
7.51976
7.51976
7.51976
7.51976
7.51976
7.51976
7.51976
7.51976
7.51976
7.51976
7.51976
7.51976
7.51976
7.51976
7.51976
7.51976
7.51976
7.51976
7.51976
7.51976
7.51976
7.51976
7.51976
7.51976
7.51976
7.51976
7.51976
7.51976
7.51976
7.51976
7.51976
7.51976
7.51976
7.51976
7.51976
7.51976
7.51976
7.51976
7.51976
7.51976
7.51976
7.51976
7.51976
7.51976
7.51976
7.51976
7.51976
7.51976
7.51976
7.51976
7.51976
7.51976
7.51976
7.51976
7.51976
7.51976
7.51976
7.51976
7.51976
7.51976
7.51976
7.51976
7.51976
7.51976
7.51976
7.51976
7.51976
7.51976
7.51976
7.51976
7.51976
7.51976
7.51976
7.51976
7.51976
7.51976
7.51976
7.51976
7.51976
7.51976
7.51976
7.51976
7.51976
7.51976
7.51976
7.51976
7.51976
7.51976
7.51976
7.51976
7.51976
7.51976
7.51976
7.51976
7.51976
7.51976
7.51976
7.51976
7.51976
7.51976
7.51976
7.51976
7.51976
7.51976
7.51976
7.51976
7.51976
7.51976
7.51976
7.51976
7.51976
7.51976
7.51976
7.51976
7.51976
7.51976
7.51976
7.51976
7.51976
7.51976
7.51976
7.51976
7.51976
7.51976
7.51976
7.51976
7.51976
7.51976
7.51976
7.51976
7.51976
7.51976
7.51976
7.51976
7.51976
7.51976
7.51976
7.51976
7.51976
7.51976
7.51976
7.51976
7.51976
7.51976
7.51976
7.51976
7.51976
7.51976
7.51976
7.51976
7.51976
7.51976
7.51976
7.51976
7.51976
7.51976
7.51976
7.51976
7.51976
7.51976
7.51976
7.51976
7.51976
7.51976
7.51976
7.51976
7.51976
7.51976
7.51976
7.51976
7.51976
7.51976
7.51976
7.51976
7.51976
7.51976
7.51976
7.51976
7.51976
7.51976
7.51976
7.51976
7.51976
7.51976
7.51976
7.51976
7.51976
7.51976
7.51976
7.51976
7.51976
7.51976
7.51976
7.51976
5.21693
5.21693
5.21693
5.21693
5.21693
5.21693
5.21693
0.51375
0.51375
0.51375
0.51375
0.51375
0.51375
0.51375
0.51375
0.51375
0.51375
0.51375
0.51375
0.51375
0.51375
0.51375
0.51375
0.51375
0.51375
0.51375
0.51375
0.51375
0.51375
0.51375
0.166753
0.166753
0.0198213
0.0136032
0.0136032
0.0136032
0.0136032
0.00822068
0.00822068
0.00822068
0.00822068
0.00201835
0.00168253
0.000762102
0.000762102
0.000714034
0.000714034
0.000656258
0.000640392
0.000419709
0.000369152
0.000291974
0.000291974
0.000291974
0.000291974
0.000291974
0.000253474
0.000210787
0.00020971
0.00020971
0.00020971
0.00020971
0.00020971
0.00020971
0.00020971
0.000208955
0.000184005
0.000184005
0.000178423
0.000178423
0.000174283
0.00017413
0.00017168
0.000170354
0.000169314
0.000168254
0.000167334
0.00016561
0.00016561
0.00016561
0.00016561
0.00016561
0.00016561
0.00016561
0.00016561
0.00016561
0.00016561
0.00016561
0.00016561
0.00016561
0.00016561
0.00016561
0.00016561
0.00016561
0.00016561
0.00016561
0.00016561
0.00016561
0.00016561
0.00016561
0.00016561
0.00016561
0.00016561
0.00016561
0.00016561
0.00016561
0.00016561
0.00016561
0.00016561
0.00016561
0.00016561
0.00016561
0.00016561
0.00016561
0.00016561
0.00016561
0.00016561
0.00016561
0.00016561
0.00016561
0.00016561
0.00016561
0.00016561
0.00016561
0.00016561
0.00016561
0.00016561
0.00016561
0.00016561
0.00016561
0.00016561
0.00016561
0.00016561
0.00016561
0.00016561
0.00016561
0.00016561
0.00016561
0.00016561
0.00016561
0.00016561
0.00016561
0.00016561
0.00016561
0.00016561
0.00016561
0.00016561
0.00016561
0.00016561
0.00016561
0.00016561
0.00016561
0.00016561
0.00016561
0.00016561
0.00016561
0.00016561
0.00016561
0.00016561
0.00016561
0.00016561
0.00016561
0.00016561
0.00016561
0.00016561
0.00016561
0.00016561
0.00016561
0.00016561
0.00016561
0.00016561
0.00016561
0.00016561
0.00016561
0.00016561
0.00016561
0.00016561
0.00016561
0.00016561
0.00016561
0.00016561
0.00016561
0.00016561
0.00016561
0.00016561
0.00016561
0.00016561
0.00016561
0.00016561
0.00016561
0.00016561
0.00016561
0.00016561
0.00016561
0.00016561
0.00016561
0.00016561
0.00016561
0.00016561
0.00016561
0.00016561
0.00016561
0.00016561
0.00016561
0.00016561
0.00016561
0.00016561
0.00016561
0.00016561
0.00016561
0.00016561
0.00016561
0.00016561
0.00016561
0.00016561
0.00016561
0.00016561
0.00016561
0.00016561
0.00016561
0.00016561
0.00016561
0.00016561
0.00016561
0.00016561
0.00016561
0.00016561
0.00016561
0.00016561
0.00016561
0.00016561
0.00016561
0.00016561
0.00016561
0.00016561
0.00016561
0.00016561
0.00016561
0.00016561
0.00016561
0.00016561
0.00016561
0.00016561
0.00016561
0.00016561
0.00016561
0.00016561
0.00016561
0.00016561
0.00016561
0.00016561
0.00016561
0.00016561
0.00016561
0.00016561
0.00016561
0.00016561
0.00016561
0.00016561
0.00016561
0.00016561
0.00016561
0.00016561
0.00016561
0.00016561
0.00016561
0.00016561
0.00016561
0.00016561
0.00016561
0.00016561
0.00016561
0.00016561
0.00016561
0.00016561
0.00016561
0.00016561
0.00016561
0.00016561
0.00016561
0.00016561
0.00016561
0.00016561
0.00016561
0.00016561
0.00016561
0.00016561
0.00016561
0.00016561
0.00016561
0.00016561
0.00016561
0.00016561
0.00016561
0.00016561
0.00016561
0.00016561
0.00016561
0.00016561
0.00016561
0.00016561
0.00016561
0.00016561
0.00016561
0.00016561
0.00016561
0.00016561
0.00016561
0.00016561
0.00016561
0.00016561
0.00016561
0.00016561
0.00016561
0.00016561
0.00016561
0.00016561
0.00016561
0.00016561
0.00016561
0.00016561
0.00016561
0.00016561
0.00016561
0.00016561
0.00016561
0.00016561
0.00016561
0.00016561
0.00016561
0.00016561
0.00016561
0.00016561
0.00016561
0.00016561
0.00016561
0.00016561
0.00016561
0.00016561
0.00016561
0.00016561
0.00016561
0.00016561
0.00016561
0.00016561
0.00016561
0.00016561
0.00016561
0.00016561
0.00016561
0.00016561
0.00016561
0.00016561
0.00016561
0.00016561
0.00016561
0.00016561
0.00016561
0.00016561
0.00016561
0.00016561
0.00016561
0.00016561
0.00016561
0.00016561
0.00016561
0.00016561
0.00016561
0.00016561
0.00016561
0.00016561
0.00016561
0.00016561
0.00016561
0.00016561
0.00016561
0.00016561
0.00016561
0.00016561
0.00016561
0.00016561
0.00016561
0.00016561
0.00016561
0.00016561
0.00016561
0.00016561
0.00016561
0.00016561
0.00016561
0.00016561
0.00016561
0.00016561
0.00016561
0.00016561
0.00016561
0.00016561
0.00016561
0.00016561
0.00016561
0.00016561
0.00016561
0.00016561
0.00016561
0.00016561
0.00016561
0.00016561
0.00016561
0.00016561
0.00016561
0.00016561
0.00016561
0.00016561
0.00016561
0.00016561
0.00016561
0.00016561
0.00016561
0.00016561
0.00016561
0.00016561
0.00016561
0.00016561
0.00016561
0.00016561
0.00016561
0.00016561
0.00016561
0.00016561
0.00016561
0.00016561
0.00016561
0.00016561
0.00016561
0.00016561
0.00016561
0.00016561
0.00016561
0.00016561
0.00016561
0.00016561
0.00016561
0.00016561
0.00016561
0.00016561
0.00016561
0.00016561
0.00016561
0.00016561
0.00016561
0.00016561
0.00016561
0.00016561
0.00016561
0.00016561
0.00016561
0.00016561
0.00016561
0.00016561
0.00016561
0.00016561
0.00016561
0.00016561
0.00016561
0.00016561
0.00016561
0.00016561
0.00016561
0.00016561
0.00016561
0.00016561
0.00016561
0.00016561
0.00016561
0.00016561
0.00016561
0.00016561
0.00016561
0.00016561
0.00016561
0.00016561
0.00016561
0.00016561
0.00016561
0.00016561
0.00016561
0.00016561
0.00016561
0.00016561
0.00016561
0.00016561
0.00016561
0.00016561
0.00016561
0.00016561
0.00016561
0.00016561
0.00016561
0.00016561
0.00016561
0.00016561
0.00016561
0.00016561
0.00016561
0.00016561
0.00016561
0.00016561
0.00016561
0.00016561
0.00016561
0.00016561
0.00016561
0.00016561
0.00016561
0.00016561
0.00016561
0.00016561
0.00016561
0.00016561
0.00016561
0.00016561
0.00016561
0.00016561
0.00016561
0.00016561
0.00016561
0.00016561
0.00016561
0.00016561
0.00016561
0.00016561
0.00016561
0.00016561
0.00016561
0.00016561
0.00016561
0.00016561
0.00016561
0.00016561
0.00016561
0.00016561
0.00016561
0.00016561
0.00016561
0.00016561
0.00016561
0.00016561
0.00016561
0.00016561
0.00016561
0.00016561
0.00016561
0.00016561
0.00016561
0.00016561
0.00016561
0.00016561
0.00016561
0.00016561
0.00016561
0.00016561
0.00016561
0.00016561
0.00016561
0.00016561
0.00016561
0.00016561
0.00016561
0.00016561
0.00016561
0.00016561
0.00016561
0.00016561
0.00016561
0.00016561
0.00016561
0.00016561
0.00016561
0.00016561
0.00016561
0.00016561
0.00016561
0.00016561
0.00016561
0.00016561
0.00016561
0.00016561
0.00016561
0.00016561
0.00016561
0.00016561
0.00016561
0.00016561
0.00016561
0.00016561
0.00016561
0.00016561
0.00016561
0.00016561
0.00016561
0.00016561
0.00016561
0.00016561
0.00016561
0.00016561
0.00016561
0.00016561
0.00016561
0.00016561
0.00016561
0.00016561
0.00016561
0.00016561
0.00016561
0.00016561
0.00016561
0.00016561
0.00016561
0.00016561
0.00016561
0.00016561
0.00016561
0.00016561
0.00016561
0.00016561
0.00016561
0.00016561
0.00016561
0.00016561
0.00016561
0.00016561
0.00016561
0.00016561
0.00016561
0.00016561
0.00016561
0.00016561
0.00016561
0.00016561
0.00016561
0.00016561
0.00016561
0.00016561
0.00016561
0.00016561
0.00016561
0.00016561
0.00016561
0.00016561
0.00016561
0.00016561
0.00016561
0.00016561
0.00016561
0.00016561
0.00016561
0.00016561
0.00016561
0.00016561
0.00016561
0.00016561
0.00016561
0.00016561
0.00016561
0.00016561
0.00016561
0.00016561
0.00016561
0.00016561
0.00016561
0.00016561
0.00016561
0.00016561
0.00016561
0.00016561
0.00016561
0.00016561
0.00016561
0.00016561
0.00016561
0.00016561
0.00016561
0.00016561
0.00016561
0.00016561
0.00016561
0.00016561
0.00016561
0.00016561
0.00016561
0.00016561
0.00016561
0.00016561
0.00016561
0.00016561
0.00016561
0.00016561
0.00016561
0.00016561
0.00016561
0.00016561
0.00016561
0.00016561
0.00016561
0.00016561
0.00016561
0.00016561
0.00016561
0.00016561
0.00016561
0.00016561
0.00016561
0.00016561
0.00016561
0.00016561
0.00016561
0.00016561
0.00016561
0.00016561
0.00016561
0.00016561
0.00016561
0.00016561
0.00016561
0.00016561
0.00016561
0.00016561
0.00016561
0.00016561
0.00016561
0.00016561
0.00016561
0.00016561
0.00016561
0.00016561
0.00016561
0.00016561
0.00016561
0.00016561
0.00016561
0.00016561
0.00016561
0.00016561
0.00016561
0.00016561
0.00016561
0.00016561
0.00016561
0.00016561
0.00016561
0.00016561
0.00016561
0.00016561
0.00016561
0.00016561
0.00016561
0.00016561
0.00016561
0.00016561
0.00016561
0.00016561
0.00016561
0.00016561
0.00016561
0.00016561
0.00016561
0.00016561
0.00016561
0.00016561
0.00016561
0.00016561
0.00016561
0.00016561
0.00016561
0.00016561
0.00016561
0.00016561
0.00016561
0.00016561
0.00016561
0.00016561
0.00016561
0.00016561
0.00016561
0.00016561
0.00016561
0.00016561
0.00016561
0.00016561
0.00016561
0.00016561
0.00016561
0.00016561
0.00016561
0.00016561
0.00016561
0.00016561
0.00016561
0.00016561
0.00016561
0.00016561
0.00016561
0.00016561
0.00016561
0.00016561
0.00016561
0.00016561
0.00016561
0.00016561
0.00016561
0.00016561
0.00016561
0.00016561
0.00016561
0.00016561
0.00016561
0.00016561
0.00016561
0.00016561
0.00016561
0.00016561
0.00016561
0.00016561
0.00016561
0.00016561
0.00016561
3.19017e-05
3.19017e-05
1.83585e-05
5.10066e-06
2.03681e-06
3.85964e-07
3.85964e-07
3.85964e-07
1.72687e-07
1.31814e-07
1.31814e-07
2.35011e-08
2.35011e-08
2.35011e-08
2.35011e-08
2.35011e-08
1.51057e-08
1.51057e-08
6.19365e-09
6.19365e-09
6.19365e-09
3.49516e-09
1.90847e-09
1.09965e-09
1.09965e-09
7.48617e-11
2.76509e-11
2.76509e-11
2.76509e-11
2.76509e-11
2.76509e-11
2.76509e-11
2.76509e-11
2.76509e-11
2.76509e-11
2.76509e-11
2.76509e-11
2.76509e-11
2.76509e-11
2.76509e-11
2.76509e-11
2.76509e-11
2.76509e-11
2.76509e-11
2.76509e-11
2.76509e-11
2.76509e-11
2.76509e-11
2.76509e-11
2.76509e-11
2.76509e-11
2.76509e-11
2.76509e-11
2.76509e-11
2.76509e-11
2.76509e-11
2.76509e-11
2.76509e-11
2.76509e-11
2.76509e-11
2.76509e-11
2.76509e-11
2.76509e-11
2.76509e-11
2.76509e-11
2.76509e-11
2.76509e-11
2.76509e-11
2.76509e-11
2.76509e-11
2.76509e-11
2.76509e-11
2.76509e-11
2.76509e-11
2.76509e-11
2.76509e-11
2.76509e-11
2.76509e-11
2.76509e-11
2.76509e-11
2.76509e-11
2.76509e-11
2.76509e-11
2.76509e-11
2.76509e-11
2.76509e-11
2.76509e-11
2.76509e-11
2.76509e-11
2.76509e-11
2.76509e-11
2.76509e-11
2.76509e-11
2.76509e-11
2.76509e-11
2.76509e-11
2.76509e-11
2.76509e-11
2.76509e-11
2.76509e-11
2.76509e-11
2.76509e-11
2.76509e-11
2.76509e-11
2.76509e-11
2.76509e-11
2.76509e-11
2.76509e-11
2.76509e-11
2.76509e-11
2.76509e-11
2.76509e-11
2.76509e-11
2.76509e-11
2.76509e-11
2.76509e-11
2.76509e-11
2.76509e-11
2.76509e-11
2.76509e-11
2.76509e-11
2.76509e-11
2.76509e-11
2.76509e-11
2.76509e-11
2.76509e-11
2.76509e-11
2.76509e-11
2.76509e-11
2.76509e-11
2.76509e-11
2.76509e-11
2.76509e-11
2.76509e-11
2.76509e-11
2.76509e-11
2.76509e-11
2.76509e-11
2.76509e-11
2.76509e-11
2.76509e-11
2.76509e-11
2.76509e-11
2.76509e-11
2.76509e-11
2.76509e-11
2.76509e-11
2.76509e-11
2.76509e-11
2.76509e-11
2.76509e-11
2.76509e-11
2.76509e-11
2.76509e-11
2.76509e-11
2.76509e-11
2.76509e-11
2.76509e-11
2.76509e-11
2.76509e-11
2.76509e-11
2.76509e-11
2.76509e-11
2.76509e-11
2.76509e-11
2.76509e-11
2.76509e-11
2.76509e-11
2.76509e-11
2.76509e-11
2.76509e-11
2.76509e-11
2.76509e-11
2.76509e-11
2.76509e-11
2.76509e-11
2.76509e-11
2.76509e-11
2.76509e-11
2.76509e-11
2.76509e-11
2.76509e-11
2.76509e-11
2.76509e-11
2.76509e-11
2.76509e-11
2.76509e-11
2.76509e-11
2.76509e-11
2.76509e-11
2.76509e-11
2.76509e-11
2.76509e-11
2.76509e-11
2.76509e-11
2.76509e-11
2.76509e-11
2.76509e-11
2.76509e-11
2.76509e-11
2.76509e-11
2.76509e-11
2.76509e-11
2.76509e-11
2.76509e-11
2.76509e-11
2.76509e-11
2.76509e-11
2.76509e-11
2.76509e-11
2.76509e-11
2.76509e-11
2.76509e-11
2.76509e-11
2.76509e-11
2.76509e-11
2.76509e-11
2.76509e-11
2.76509e-11
2.76509e-11
2.76509e-11
2.76509e-11
2.76509e-11
2.76509e-11
2.76509e-11
2.76509e-11
2.76509e-11
2.76509e-11
2.76509e-11
2.76509e-11
2.76509e-11
2.76509e-11
2.76509e-11
2.76509e-11
2.76509e-11
2.76509e-11
2.76509e-11
2.76509e-11
2.76509e-11
2.76509e-11
2.76509e-11
2.76509e-11
2.76509e-11
2.76509e-11
2.76509e-11
2.76509e-11
2.76509e-11
2.76509e-11
2.76509e-11
2.76509e-11
2.76509e-11
2.76509e-11
2.76509e-11
2.76509e-11
2.76509e-11
2.76509e-11
2.76509e-11
2.76509e-11
2.76509e-11
2.76509e-11
2.76509e-11
2.76509e-11
2.76509e-11
2.76509e-11
2.76509e-11
2.76509e-11
2.76509e-11
2.76509e-11
2.76509e-11
2.76509e-11
2.76509e-11
2.76509e-11
2.76509e-11
2.76509e-11
2.76509e-11
2.76509e-11
2.76509e-11
2.76509e-11
2.76509e-11
2.76509e-11
2.76509e-11
2.76509e-11
2.76509e-11
2.76509e-11
2.76509e-11
2.76509e-11
2.76509e-11
2.76509e-11
2.76509e-11
2.76509e-11
2.76509e-11
2.76509e-11
2.76509e-11
2.76509e-11
2.76509e-11
2.76509e-11
2.76509e-11
2.76509e-11
2.76509e-11
2.76509e-11
2.76509e-11
2.76509e-11
2.76509e-11
2.76509e-11
2.76509e-11
2.76509e-11
2.76509e-11
2.76509e-11
2.76509e-11
2.76509e-11
2.76509e-11
2.76509e-11
2.76509e-11
2.76509e-11
2.76509e-11
2.76509e-11
2.76509e-11
2.76509e-11
2.76509e-11
2.76509e-11
2.76509e-11
2.76509e-11
2.76509e-11
2.76509e-11
2.76509e-11
2.76509e-11
2.76509e-11
2.76509e-11
2.76509e-11
2.76509e-11
2.76509e-11
2.76509e-11
2.76509e-11
2.76509e-11
2.76509e-11
2.76509e-11
2.76509e-11
2.76509e-11
2.76509e-11
2.76509e-11
2.76509e-11
2.76509e-11
2.76509e-11
2.76509e-11
2.76509e-11
2.76509e-11
2.76509e-11
2.76509e-11
2.76509e-11
2.76509e-11
2.76509e-11
2.76509e-11
2.76509e-11
2.76509e-11
2.76509e-11
2.76509e-11
2.76509e-11
2.76509e-11
2.76509e-11
2.76509e-11
2.76509e-11
2.76509e-11
2.76509e-11
2.76509e-11
2.76509e-11
2.76509e-11
2.76509e-11
2.76509e-11
2.76509e-11
2.76509e-11
2.76509e-11
2.76509e-11
2.76509e-11
2.76509e-11
2.76509e-11
2.76509e-11
2.76509e-11
2.76509e-11
2.76509e-11
2.76509e-11
2.76509e-11
2.76509e-11
2.76509e-11
2.76509e-11
2.76509e-11
2.76509e-11
2.76509e-11
2.76509e-11
2.76509e-11
2.76509e-11
2.76509e-11
2.76509e-11
2.76509e-11
2.76509e-11
2.76509e-11
2.76509e-11
2.76509e-11
2.76509e-11
2.76509e-11
2.76509e-11
2.76509e-11
2.76509e-11
2.76509e-11
2.76509e-11
2.76509e-11
2.76509e-11
2.76509e-11
2.76509e-11
2.76509e-11
2.76509e-11
2.76509e-11
2.76509e-11
2.76509e-11
2.76509e-11
2.76509e-11
2.76509e-11
2.76509e-11
2.76509e-11
2.76509e-11
2.76509e-11
2.76509e-11
2.76509e-11
2.76509e-11
2.76509e-11
2.76509e-11
2.76509e-11
2.76509e-11
2.76509e-11
2.76509e-11
2.76509e-11
2.76509e-11
2.76509e-11
2.76509e-11
2.76509e-11
2.76509e-11
2.76509e-11
2.76509e-11
2.76509e-11
2.76509e-11
2.76509e-11
2.76509e-11
2.76509e-11
2.76509e-11
2.76509e-11
2.76509e-11
2.76509e-11
2.76509e-11
2.76509e-11
2.76509e-11
2.76509e-11
2.76509e-11
2.76509e-11
2.76509e-11
2.76509e-11
2.76509e-11
2.76509e-11
2.76509e-11
2.76509e-11
2.76509e-11
2.76509e-11
2.76509e-11
2.76509e-11
2.76509e-11
2.76509e-11
2.76509e-11
2.76509e-11
2.76509e-11
2.76509e-11
2.76509e-11
2.76509e-11
2.76509e-11
2.76509e-11
2.76509e-11
2.76509e-11
2.76509e-11
2.76509e-11
2.76509e-11
2.76509e-11
2.76509e-11
2.76509e-11
2.76509e-11
2.76509e-11
2.76509e-11
2.76509e-11
2.76509e-11
2.76509e-11
2.76509e-11
2.76509e-11
2.76509e-11
2.76509e-11
2.76509e-11
2.76509e-11
2.76509e-11
2.76509e-11
2.76509e-11
2.76509e-11
2.76509e-11
2.76509e-11
2.76509e-11
2.76509e-11
2.76509e-11
2.76509e-11
2.76509e-11
2.76509e-11
2.76509e-11
2.76509e-11
2.76509e-11
2.76509e-11
2.76509e-11
2.76509e-11
2.76509e-11
2.76509e-11
2.76509e-11
2.76509e-11
2.76509e-11
2.76509e-11
2.76509e-11
2.76509e-11
2.76509e-11
2.76509e-11
2.76509e-11
2.76509e-11
2.76509e-11
2.76509e-11
2.76509e-11
2.76509e-11
2.76509e-11
2.76509e-11
2.76509e-11
2.76509e-11
2.76509e-11
2.76509e-11
2.76509e-11
2.76509e-11
2.76509e-11
2.76509e-11
2.76509e-11
2.76509e-11
2.76509e-11
2.76509e-11
2.76509e-11
2.76509e-11
2.76509e-11
2.76509e-11
2.76509e-11
2.76509e-11
2.76509e-11
2.76509e-11
2.76509e-11
2.76509e-11
2.76509e-11
2.76509e-11
2.76509e-11
2.76509e-11
2.76509e-11
2.76509e-11
2.76509e-11
2.76509e-11
2.76509e-11
2.76509e-11
2.76509e-11
2.76509e-11
2.76509e-11
2.76509e-11
2.76509e-11
2.76509e-11
2.76509e-11
2.76509e-11
2.76509e-11
2.76509e-11
2.76509e-11
2.76509e-11
2.76509e-11
2.76509e-11
2.76509e-11
2.76509e-11
2.76509e-11
2.76509e-11
2.76509e-11
2.76509e-11
2.76509e-11
2.76509e-11
2.76509e-11
2.76509e-11
2.76509e-11
2.76509e-11
2.76509e-11
2.76509e-11
2.76509e-11
2.76509e-11
2.76509e-11
2.76509e-11
2.76509e-11
2.76509e-11
2.76509e-11
2.76509e-11
2.76509e-11
2.76509e-11
2.76509e-11
2.76509e-11
2.76509e-11
2.76509e-11
2.76509e-11
2.76509e-11
2.76509e-11
2.76509e-11
2.76509e-11
2.76509e-11
2.76509e-11
2.76509e-11
2.76509e-11
2.76509e-11
2.76509e-11
2.76509e-11
2.76509e-11
2.76509e-11
2.76509e-11
2.76509e-11
2.76509e-11
2.76509e-11
2.76509e-11
2.76509e-11
2.76509e-11
2.76509e-11
2.76509e-11
2.76509e-11
2.76509e-11
2.76509e-11
2.76509e-11
2.76509e-11
2.76509e-11
2.76509e-11
2.76509e-11
2.76509e-11
2.76509e-11
2.76509e-11
2.76509e-11
2.76509e-11
2.76509e-11
2.76509e-11
2.76509e-11
2.76509e-11
2.76509e-11
2.76509e-11
2.76509e-11
2.76509e-11
2.76509e-11
2.76509e-11
2.76509e-11
2.76509e-11
2.76509e-11
2.76509e-11
2.76509e-11
2.76509e-11
2.76509e-11
2.76509e-11
2.76509e-11
2.76509e-11
2.76509e-11
2.76509e-11
2.76509e-11
2.76509e-11
2.76509e-11
2.76509e-11
2.76509e-11
2.76509e-11
2.76509e-11
2.76509e-11
2.76509e-11
2.76509e-11
2.76509e-11
2.76509e-11
2.76509e-11
2.76509e-11
2.76509e-11
2.76509e-11
2.76509e-11
2.76509e-11
2.76509e-11
2.76509e-11
2.76509e-11
2.76509e-11
2.76509e-11
2.76509e-11
2.76509e-11
2.76509e-11
2.76509e-11
2.76509e-11
2.76509e-11
2.76509e-11
2.76509e-11
2.76509e-11
2.76509e-11
2.76509e-11
2.76509e-11
2.76509e-11
2.76509e-11
2.76509e-11
2.76509e-11
2.76509e-11
2.76509e-11
2.76509e-11
2.76509e-11
2.76509e-11
2.76509e-11
2.76509e-11
2.76509e-11
2.76509e-11
2.76509e-11
2.76509e-11
2.76509e-11
2.76509e-11
2.76509e-11
2.76509e-11
2.76509e-11
2.76509e-11
2.76509e-11
2.76509e-11
2.76509e-11
2.76509e-11
2.76509e-11
2.76509e-11
2.76509e-11
2.76509e-11
2.76509e-11
2.76509e-11
2.76509e-11
2.76509e-11
2.76509e-11
2.76509e-11
2.76509e-11
2.76509e-11
2.76509e-11
2.76509e-11
2.76509e-11
2.76509e-11
2.76509e-11
2.76509e-11
2.76509e-11
2.76509e-11
2.76509e-11
2.76509e-11
2.76509e-11
2.76509e-11
2.76509e-11
2.76509e-11
2.76509e-11
2.76509e-11
2.76509e-11
2.76509e-11
2.76509e-11
2.76509e-11
2.76509e-11
2.76509e-11
2.76509e-11
2.76509e-11
2.76509e-11
2.76509e-11
2.76509e-11
2.76509e-11
2.76509e-11
2.76509e-11
2.76509e-11
2.76509e-11
2.76509e-11
2.76509e-11
2.76509e-11
2.76509e-11
2.76509e-11
2.76509e-11
2.76509e-11
2.76509e-11
2.76509e-11
2.76509e-11
2.76509e-11
2.76509e-11
2.76509e-11
2.76509e-11
2.76509e-11
2.76509e-11
2.76509e-11
2.76509e-11
2.76509e-11
2.76509e-11
2.76509e-11
2.76509e-11
2.76509e-11
2.76509e-11
2.76509e-11
2.76509e-11
2.76509e-11
2.76509e-11
2.76509e-11
2.76509e-11
2.76509e-11
2.76509e-11
2.76509e-11
2.76509e-11
2.76509e-11
2.76509e-11
2.76509e-11
2.76509e-11
2.76509e-11
2.76509e-11
2.76509e-11
2.76509e-11
2.76509e-11
2.76509e-11
2.76509e-11
2.76509e-11
2.76509e-11
2.76509e-11
2.76509e-11
2.76509e-11
2.76509e-11
2.76509e-11
2.76509e-11
2.76509e-11
2.76509e-11
2.76509e-11
2.76509e-11
2.76509e-11
2.76509e-11
2.76509e-11
2.76509e-11
2.76509e-11
2.76509e-11
2.76509e-11
2.76509e-11
2.76509e-11
2.76509e-11
2.76509e-11
2.76509e-11
2.76509e-11
2.76509e-11
2.76509e-11
2.76509e-11
2.76509e-11
2.76509e-11
2.76509e-11
2.76509e-11
2.76509e-11
2.76509e-11
2.76509e-11
2.76509e-11
2.76509e-11
2.76509e-11
2.76509e-11
2.76509e-11
2.76509e-11
2.76509e-11
2.76509e-11
2.76509e-11
2.76509e-11
2.76509e-11
2.76509e-11
2.76509e-11
2.76509e-11
2.76509e-11
2.76509e-11
2.76509e-11
2.76509e-11
2.76509e-11
2.76509e-11
2.76509e-11
2.76509e-11
2.76509e-11
2.76509e-11
2.76509e-11
2.76509e-11
2.76509e-11
2.76509e-11
2.76509e-11
2.76509e-11
2.76509e-11
2.76509e-11
2.76509e-11
2.76509e-11
2.76509e-11
2.76509e-11
2.76509e-11
2.76509e-11
2.76509e-11
2.76509e-11
2.76509e-11
2.76509e-11
2.76509e-11
2.76509e-11
2.76509e-11
2.76509e-11
2.76509e-11
2.76509e-11
2.76509e-11
2.76509e-11
2.76509e-11
2.76509e-11
2.76509e-11
2.76509e-11
2.76509e-11
2.76509e-11
2.76509e-11
2.76509e-11
2.76509e-11
2.76509e-11
2.76509e-11
2.76509e-11
2.76509e-11
2.76509e-11
2.76509e-11
2.76509e-11
2.76509e-11
2.76509e-11
2.76509e-11
2.76509e-11
2.76509e-11
2.76509e-11
2.76509e-11
2.76509e-11
2.76509e-11
2.76509e-11
2.76509e-11
2.76509e-11
2.76509e-11
2.76509e-11
2.76509e-11
2.76509e-11
2.76509e-11
2.76509e-11
2.76509e-11
2.76509e-11
2.76509e-11
2.76509e-11
2.76509e-11
2.76509e-11
2.76509e-11
2.76509e-11
2.76509e-11
2.76509e-11
2.76509e-11
2.76509e-11
2.76509e-11
2.76509e-11
2.76509e-11
2.76509e-11
2.76509e-11
2.76509e-11
2.76509e-11
2.76509e-11
2.76509e-11
2.76509e-11
2.76509e-11
2.76509e-11
2.76509e-11
2.76509e-11
2.76509e-11
2.76509e-11
2.76509e-11
2.76509e-11
2.76509e-11
2.76509e-11
2.76509e-11
2.76509e-11
2.76509e-11
2.76509e-11
2.76509e-11
2.76509e-11
2.76509e-11
2.76509e-11
2.76509e-11
2.76509e-11
2.76509e-11
2.76509e-11
2.76509e-11
2.76509e-11
2.76509e-11
2.76509e-11
2.76509e-11
2.76509e-11
2.76509e-11
2.76509e-11
2.76509e-11
2.76509e-11
2.76509e-11
2.76509e-11
2.76509e-11
2.76509e-11
2.76509e-11
2.76509e-11
2.76509e-11
2.76509e-11
2.76509e-11
2.76509e-11
2.76509e-11
