1.81967e+07
1.81967e+07
1.81967e+07
1.81967e+07
4.90868e+06
4.90868e+06
4.90868e+06
4.90868e+06
4.90868e+06
2.45586e+06
2.45586e+06
2.45586e+06
2.45586e+06
2.45586e+06
2.45586e+06
2.45586e+06
2.45586e+06
2.45586e+06
2.45586e+06
2.45586e+06
2.45586e+06
2.45586e+06
2.45586e+06
2.45586e+06
2.45586e+06
2.45586e+06
2.45586e+06
2.45586e+06
228343
228343
228343
228343
228343
228343
228343
228343
228343
228343
228343
228343
228343
228343
228343
228343
191641
191641
191641
191641
191641
191641
191641
191641
191641
174141
84175.6
29929.9
11569.2
11569.2
11569.2
2580.08
1859.53
1038.36
1038.36
1038.36
1038.36
1038.36
1038.36
1038.36
1038.36
1038.36
1038.36
1038.36
1038.36
1038.36
1038.36
1038.36
1038.36
1038.36
1038.36
979.533
979.533
800.079
421.928
421.928
408.986
408.986
408.986
408.986
408.986
405.425
338.638
324.077
287.824
259.717
237.283
237.283
237.283
237.283
237.283
217.114
217.114
217.114
217.114
217.114
217.114
209.138
209.138
207.646
207.646
207.646
207.646
207.646
207.646
204.905
204.905
198.059
198.059
198.059
198.059
198.059
198.059
184.961
180.362
180.362
180.362
174.25
174.25
174.25
174.25
174.25
174.25
174.25
174.25
174.25
174.25
174.25
174.25
174.25
174.25
174.25
174.25
174.25
174.25
174.25
174.25
174.25
174.25
174.25
165.172
165.172
165.172
165.172
165.172
165.172
165.172
165.172
165.172
165.172
165.172
165.172
148.6
148.6
148.6
148.6
148.6
148.6
148.6
148.6
148.6
148.6
148.6
148.6
148.6
148.6
148.6
148.6
148.6
148.6
148.6
148.6
148.6
148.6
148.6
148.6
148.6
148.6
148.6
148.6
148.6
148.6
148.6
148.6
148.6
148.6
148.6
148.6
148.6
148.6
148.6
148.6
148.6
148.6
148.6
148.6
148.6
148.6
148.6
148.6
148.6
148.6
148.6
148.6
148.6
148.6
148.6
148.6
148.6
148.6
148.6
148.6
148.6
148.6
148.6
148.6
148.6
148.6
148.6
148.6
148.6
148.6
148.6
148.6
148.6
148.6
148.6
148.6
148.6
148.6
148.6
148.6
148.6
148.6
148.6
148.6
148.6
148.6
148.6
148.6
148.6
148.6
148.6
148.6
148.6
148.6
148.6
148.6
148.6
148.6
148.6
148.6
148.6
148.6
148.6
148.6
148.6
148.6
148.6
148.6
148.6
148.6
148.6
148.6
148.6
148.6
148.6
148.6
148.6
148.6
148.6
148.6
148.6
148.6
148.6
148.6
148.6
148.6
148.6
148.6
148.6
148.6
148.6
148.6
148.6
148.6
148.6
148.6
148.6
148.6
148.6
148.6
148.6
148.6
148.6
148.6
148.6
148.6
148.6
148.6
148.6
148.6
148.6
148.6
148.6
148.6
148.6
148.6
148.6
148.6
148.6
148.6
148.6
148.6
148.6
148.6
148.6
148.6
148.6
148.6
148.6
148.6
148.6
148.6
148.6
148.6
148.6
148.6
148.6
148.6
148.6
148.6
148.6
148.6
148.6
148.6
148.6
148.6
148.6
148.6
148.6
148.6
148.6
148.6
148.6
148.6
148.6
148.6
148.6
148.6
148.6
148.6
148.6
148.6
148.6
148.6
148.6
148.6
148.6
148.6
148.6
148.6
148.6
148.6
148.6
148.6
148.6
148.6
148.6
148.6
148.6
148.6
148.6
148.6
148.6
148.6
148.6
148.6
148.6
148.6
148.6
148.6
148.6
148.6
148.6
148.6
148.6
148.6
148.6
148.6
148.6
148.6
148.6
148.6
148.6
148.6
148.6
148.6
148.6
148.6
148.6
148.6
148.6
148.6
148.6
148.6
148.6
148.6
148.6
148.6
148.6
148.6
148.6
148.6
148.6
148.6
148.6
148.6
148.6
148.6
148.6
148.6
148.6
148.6
148.6
148.6
148.6
148.6
148.6
148.6
148.6
148.6
148.6
148.6
148.6
148.6
148.6
148.6
148.6
148.6
148.6
148.6
148.6
148.6
148.6
148.6
148.6
148.6
148.6
148.6
148.6
148.6
148.6
148.6
148.6
148.6
148.6
148.6
148.6
148.6
148.6
148.6
148.6
148.6
148.6
148.6
148.6
148.6
148.6
148.6
148.6
148.6
148.6
148.6
148.6
148.6
148.6
148.6
148.6
148.6
148.6
148.6
148.6
148.6
148.6
148.6
148.6
148.6
148.6
148.6
148.6
148.6
148.6
148.6
148.6
148.6
148.6
148.6
148.6
148.6
148.6
148.6
148.6
148.6
148.6
148.6
148.6
148.6
148.6
148.6
148.6
148.6
148.6
148.6
148.6
148.6
148.6
148.6
148.6
148.6
148.6
148.6
148.6
148.6
148.6
148.6
148.6
148.6
148.6
148.6
148.6
148.6
148.6
148.6
148.6
148.6
148.6
148.6
148.6
148.6
148.6
148.6
148.6
148.6
148.6
148.6
148.6
148.6
148.6
148.6
148.6
148.6
148.6
148.6
148.6
148.6
148.6
148.6
148.6
148.6
148.6
148.6
148.6
148.6
148.6
148.6
148.6
148.6
148.6
148.6
148.6
148.6
148.6
148.6
148.6
148.6
148.6
148.6
148.6
148.6
148.6
148.6
148.6
148.6
148.6
148.6
148.6
148.6
148.6
148.6
148.6
148.6
148.6
148.6
148.6
148.6
148.6
148.6
148.6
148.6
148.6
148.6
148.6
148.6
148.6
148.6
148.6
148.6
148.6
148.6
148.6
148.6
148.6
148.6
148.6
148.6
148.6
148.6
148.6
148.6
148.6
148.6
148.6
148.6
148.6
148.6
148.6
148.6
148.6
148.6
148.6
148.6
148.6
148.6
148.6
148.6
148.6
148.6
148.6
148.6
148.6
148.6
148.6
148.6
148.6
148.6
148.6
148.6
148.6
148.6
148.6
148.6
148.6
145.013
145.013
145.013
145.013
145.013
145.013
145.013
145.013
145.013
140.326
140.326
132.047
124.054
104.683
104.683
99.5062
91.634
87.308
87.308
74.8979
74.8979
74.8979
74.8979
74.8979
74.8979
74.8979
74.8979
74.8979
74.8979
74.8979
74.8979
74.8979
74.8979
74.8979
74.8979
74.8979
74.8979
69.4769
69.4769
69.4769
69.4769
69.4769
69.4769
69.4769
69.4769
69.4769
69.4769
69.4769
69.4769
69.4769
63.5322
63.5322
63.5322
49.4197
42.3588
42.3588
42.3588
42.3588
42.3588
42.3588
42.3588
42.3588
42.3588
42.3588
42.3588
42.3588
42.3588
42.3588
42.3588
42.3588
42.3588
42.3588
42.3588
42.3588
42.3588
42.3588
42.3588
41.9225
26.9141
23.8815
23.8815
20.8422
10.7877
7.77548
7.77548
7.77548
6.07023
5.01473
3.86095
3.28946
1.6859
1.3536
0.980869
0.626143
0.626143
0.626143
0.626143
0.626143
0.626143
0.626143
0.626143
0.626143
0.626143
0.626143
0.626143
0.626143
0.626143
0.425785
0.411897
0.198637
0.198637
0.10464
0.0688391
0.0688391
0.0688391
0.0688391
0.0688391
0.0538873
0.0331737
0.0266451
0.017649
0.00573767
0.00454721
0.00290858
0.0025778
0.00255218
0.00255218
0.00255218
0.00255218
0.00255218
0.00255218
0.00138341
0.000900629
0.000357012
0.000357012
0.000357012
0.000357012
0.000357012
0.000357012
0.000357012
0.000357012
0.000357012
0.000357012
0.000357012
0.000258095
0.000202377
0.000179854
0.000179854
0.000119647
0.000100311
0.000100311
0.000100311
9.98835e-05
5.7049e-05
4.25064e-05
3.09837e-05
2.4793e-05
2.29651e-05
2.26477e-05
7.84097e-06
7.84097e-06
7.84097e-06
6.85384e-06
3.46788e-06
1.23949e-06
1.23949e-06
1.23949e-06
1.23949e-06
1.23949e-06
1.23949e-06
1.23949e-06
1.23949e-06
1.23949e-06
1.23949e-06
1.23949e-06
1.23949e-06
1.23949e-06
1.23949e-06
1.23949e-06
1.23949e-06
1.23949e-06
1.23949e-06
8.00821e-07
5.40033e-07
4.1169e-07
8.91749e-08
8.91749e-08
7.99159e-08
3.72506e-08
3.72506e-08
3.72506e-08
3.72506e-08
3.72506e-08
3.72506e-08
3.72506e-08
3.72506e-08
3.72506e-08
3.72506e-08
3.72506e-08
3.72506e-08
3.72506e-08
3.72506e-08
3.72506e-08
3.72506e-08
3.72506e-08
3.72506e-08
3.72506e-08
3.72506e-08
3.72506e-08
3.72506e-08
1.19099e-08
1.19099e-08
1.19099e-08
5.73502e-09
5.73502e-09
5.73502e-09
5.73502e-09
5.73502e-09
5.73502e-09
5.73502e-09
5.73502e-09
5.73502e-09
5.73502e-09
5.73502e-09
5.73502e-09
5.73502e-09
5.73502e-09
5.73502e-09
5.73502e-09
5.73502e-09
5.73502e-09
5.73502e-09
5.73502e-09
5.73502e-09
5.73502e-09
5.73502e-09
5.73502e-09
5.73502e-09
5.73502e-09
5.73502e-09
5.73502e-09
5.73502e-09
5.73502e-09
5.73502e-09
5.73502e-09
5.73502e-09
5.73502e-09
5.73502e-09
5.73502e-09
5.73502e-09
5.73502e-09
5.73502e-09
5.73502e-09
5.73502e-09
5.73502e-09
5.73502e-09
5.73502e-09
5.73502e-09
5.73502e-09
5.73502e-09
5.73502e-09
5.73502e-09
5.73502e-09
5.73502e-09
5.73502e-09
5.73502e-09
5.73502e-09
5.73502e-09
5.73502e-09
5.73502e-09
5.73502e-09
5.73502e-09
5.73502e-09
5.73502e-09
5.73502e-09
5.73502e-09
5.73502e-09
5.73502e-09
5.73502e-09
5.73502e-09
5.73502e-09
5.73502e-09
5.73502e-09
5.73502e-09
5.73502e-09
5.73502e-09
5.73502e-09
5.73502e-09
5.73502e-09
5.73502e-09
5.73502e-09
5.73502e-09
5.73502e-09
5.73502e-09
5.73502e-09
5.73502e-09
5.73502e-09
5.73502e-09
5.73502e-09
5.73502e-09
5.73502e-09
5.73502e-09
5.73502e-09
5.73502e-09
5.73502e-09
5.73502e-09
5.73502e-09
5.73502e-09
5.73502e-09
5.73502e-09
5.73502e-09
5.73502e-09
5.73502e-09
5.73502e-09
5.73502e-09
5.73502e-09
5.73502e-09
5.73502e-09
5.73502e-09
5.73502e-09
5.73502e-09
5.73502e-09
5.73502e-09
5.73502e-09
5.73502e-09
5.73502e-09
5.73502e-09
5.73502e-09
5.73502e-09
5.73502e-09
5.73502e-09
5.73502e-09
5.73502e-09
5.73502e-09
5.73502e-09
5.73502e-09
5.73502e-09
5.73502e-09
5.73502e-09
5.73502e-09
5.73502e-09
5.73502e-09
5.73502e-09
5.73502e-09
5.73502e-09
5.73502e-09
5.73502e-09
5.73502e-09
5.73502e-09
5.73502e-09
5.73502e-09
5.73502e-09
5.73502e-09
5.73502e-09
5.73502e-09
5.73502e-09
5.73502e-09
5.73502e-09
5.73502e-09
5.73502e-09
5.73502e-09
5.73502e-09
5.73502e-09
5.73502e-09
5.73502e-09
5.73502e-09
5.73502e-09
5.73502e-09
5.73502e-09
5.73502e-09
5.73502e-09
5.73502e-09
5.73502e-09
5.73502e-09
5.73502e-09
5.73502e-09
5.73502e-09
5.73502e-09
5.73502e-09
5.73502e-09
5.73502e-09
5.73502e-09
5.73502e-09
5.73502e-09
5.73502e-09
5.73502e-09
5.73502e-09
5.73502e-09
5.73502e-09
5.73502e-09
5.73502e-09
5.73502e-09
5.73502e-09
5.73502e-09
5.73502e-09
5.73502e-09
5.73502e-09
5.73502e-09
5.73502e-09
5.73502e-09
5.73502e-09
5.73502e-09
5.73502e-09
5.73502e-09
5.73502e-09
5.73502e-09
5.73502e-09
5.73502e-09
5.73502e-09
5.73502e-09
5.73502e-09
5.73502e-09
5.73502e-09
5.73502e-09
5.73502e-09
5.73502e-09
5.73502e-09
5.73502e-09
5.73502e-09
5.73502e-09
5.73502e-09
5.73502e-09
5.73502e-09
5.73502e-09
5.73502e-09
5.73502e-09
5.73502e-09
5.73502e-09
5.73502e-09
5.73502e-09
5.73502e-09
5.73502e-09
5.73502e-09
5.73502e-09
5.73502e-09
5.73502e-09
5.73502e-09
5.73502e-09
5.73502e-09
5.73502e-09
5.73502e-09
5.73502e-09
5.73502e-09
5.73502e-09
5.73502e-09
5.73502e-09
5.73502e-09
5.73502e-09
5.73502e-09
5.73502e-09
5.73502e-09
5.73502e-09
5.73502e-09
5.73502e-09
5.73502e-09
5.73502e-09
5.73502e-09
5.73502e-09
5.73502e-09
5.73502e-09
5.73502e-09
5.73502e-09
5.73502e-09
5.73502e-09
5.73502e-09
5.73502e-09
5.73502e-09
5.73502e-09
5.73502e-09
5.73502e-09
5.73502e-09
5.73502e-09
5.73502e-09
5.73502e-09
5.73502e-09
5.73502e-09
5.73502e-09
5.73502e-09
5.73502e-09
5.73502e-09
5.73502e-09
5.73502e-09
5.73502e-09
5.73502e-09
5.73502e-09
5.73502e-09
5.73502e-09
5.73502e-09
5.73502e-09
5.73502e-09
5.73502e-09
5.73502e-09
5.73502e-09
5.73502e-09
5.73502e-09
5.73502e-09
5.73502e-09
5.73502e-09
5.73502e-09
5.73502e-09
5.73502e-09
5.73502e-09
5.73502e-09
5.73502e-09
5.73502e-09
5.73502e-09
5.73502e-09
5.73502e-09
5.73502e-09
5.73502e-09
5.73502e-09
5.73502e-09
5.73502e-09
5.73502e-09
5.73502e-09
5.73502e-09
5.73502e-09
5.73502e-09
5.73502e-09
5.73502e-09
5.73502e-09
5.73502e-09
5.73502e-09
5.73502e-09
5.73502e-09
5.73502e-09
5.73502e-09
5.73502e-09
5.73502e-09
5.73502e-09
5.73502e-09
5.73502e-09
5.73502e-09
5.73502e-09
5.73502e-09
5.73502e-09
5.73502e-09
5.73502e-09
5.73502e-09
5.73502e-09
5.73502e-09
5.73502e-09
5.73502e-09
5.73502e-09
5.73502e-09
5.73502e-09
5.73502e-09
5.73502e-09
5.73502e-09
5.73502e-09
5.73502e-09
5.73502e-09
5.73502e-09
5.73502e-09
5.73502e-09
5.73502e-09
5.73502e-09
5.73502e-09
5.73502e-09
5.73502e-09
5.73502e-09
5.73502e-09
5.73502e-09
5.73502e-09
5.73502e-09
5.73502e-09
5.73502e-09
5.73502e-09
5.73502e-09
5.73502e-09
5.73502e-09
5.73502e-09
5.73502e-09
5.73502e-09
5.73502e-09
5.73502e-09
5.73502e-09
5.73502e-09
5.73502e-09
5.73502e-09
5.73502e-09
5.73502e-09
5.73502e-09
5.73502e-09
5.73502e-09
5.73502e-09
5.73502e-09
5.73502e-09
5.73502e-09
5.73502e-09
5.73502e-09
5.73502e-09
5.73502e-09
5.73502e-09
5.73502e-09
5.73502e-09
5.73502e-09
5.73502e-09
5.73502e-09
5.73502e-09
5.73502e-09
5.73502e-09
5.73502e-09
5.73502e-09
5.73502e-09
5.73502e-09
5.73502e-09
5.73502e-09
5.73502e-09
5.73502e-09
5.73502e-09
5.73502e-09
5.73502e-09
5.73502e-09
5.73502e-09
5.73502e-09
5.73502e-09
5.73502e-09
5.73502e-09
5.73502e-09
5.73502e-09
5.73502e-09
5.73502e-09
5.73502e-09
5.73502e-09
5.73502e-09
5.73502e-09
5.73502e-09
5.73502e-09
5.73502e-09
5.73502e-09
5.73502e-09
5.73502e-09
5.73502e-09
5.73502e-09
5.73502e-09
5.73502e-09
5.73502e-09
5.73502e-09
5.73502e-09
5.73502e-09
5.73502e-09
5.73502e-09
5.73502e-09
5.73502e-09
5.73502e-09
5.73502e-09
5.73502e-09
5.73502e-09
5.73502e-09
5.73502e-09
5.73502e-09
5.73502e-09
5.73502e-09
5.73502e-09
5.73502e-09
5.73502e-09
5.73502e-09
5.73502e-09
5.73502e-09
5.73502e-09
5.73502e-09
5.73502e-09
5.73502e-09
5.73502e-09
5.73502e-09
5.73502e-09
5.73502e-09
5.73502e-09
5.73502e-09
5.73502e-09
5.73502e-09
5.73502e-09
5.73502e-09
5.73502e-09
5.73502e-09
5.73502e-09
5.73502e-09
5.73502e-09
5.73502e-09
5.73502e-09
5.73502e-09
5.73502e-09
5.73502e-09
5.73502e-09
5.73502e-09
5.73502e-09
5.73502e-09
5.73502e-09
5.73502e-09
5.73502e-09
5.73502e-09
5.73502e-09
5.73502e-09
5.73502e-09
5.73502e-09
5.73502e-09
5.73502e-09
5.73502e-09
5.73502e-09
5.73502e-09
5.73502e-09
5.73502e-09
5.73502e-09
5.73502e-09
5.73502e-09
5.73502e-09
5.73502e-09
5.73502e-09
5.73502e-09
5.73502e-09
5.73502e-09
5.73502e-09
5.73502e-09
5.73502e-09
5.73502e-09
5.73502e-09
5.73502e-09
5.73502e-09
5.73502e-09
5.73502e-09
5.73502e-09
5.73502e-09
5.73502e-09
5.73502e-09
5.73502e-09
5.73502e-09
5.73502e-09
5.73502e-09
5.73502e-09
5.73502e-09
5.73502e-09
5.73502e-09
5.73502e-09
5.73502e-09
5.73502e-09
5.73502e-09
5.73502e-09
5.73502e-09
5.73502e-09
5.73502e-09
5.73502e-09
5.73502e-09
5.73502e-09
5.73502e-09
5.73502e-09
5.73502e-09
5.73502e-09
5.73502e-09
5.73502e-09
5.73502e-09
5.73502e-09
5.73502e-09
5.73502e-09
5.73502e-09
5.73502e-09
5.73502e-09
5.73502e-09
5.73502e-09
5.73502e-09
5.73502e-09
5.73502e-09
5.73502e-09
5.73502e-09
5.73502e-09
5.73502e-09
5.73502e-09
5.73502e-09
5.73502e-09
5.73502e-09
5.73502e-09
5.73502e-09
5.73502e-09
5.73502e-09
5.73502e-09
5.73502e-09
5.73502e-09
5.73502e-09
5.73502e-09
5.73502e-09
5.73502e-09
5.73502e-09
5.73502e-09
5.73502e-09
5.73502e-09
5.73502e-09
5.73502e-09
5.73502e-09
5.73502e-09
5.73502e-09
5.73502e-09
5.73502e-09
5.73502e-09
5.73502e-09
5.73502e-09
5.73502e-09
5.73502e-09
5.73502e-09
5.73502e-09
5.73502e-09
5.73502e-09
5.73502e-09
5.73502e-09
5.73502e-09
5.73502e-09
5.73502e-09
5.73502e-09
5.73502e-09
5.73502e-09
5.73502e-09
5.73502e-09
5.73502e-09
5.73502e-09
5.73502e-09
5.73502e-09
5.73502e-09
5.73502e-09
5.73502e-09
5.73502e-09
5.73502e-09
5.73502e-09
5.73502e-09
5.73502e-09
5.73502e-09
5.73502e-09
5.73502e-09
5.73502e-09
5.73502e-09
5.73502e-09
5.73502e-09
5.73502e-09
5.73502e-09
5.73502e-09
5.73502e-09
5.73502e-09
5.73502e-09
5.73502e-09
5.73502e-09
5.73502e-09
5.73502e-09
5.73502e-09
5.73502e-09
5.73502e-09
5.73502e-09
5.73502e-09
5.73502e-09
5.73502e-09
5.73502e-09
5.73502e-09
5.73502e-09
5.73502e-09
5.73502e-09
5.73502e-09
5.73502e-09
5.73502e-09
5.73502e-09
5.73502e-09
5.73502e-09
5.73502e-09
5.73502e-09
5.73502e-09
5.73502e-09
5.73502e-09
5.73502e-09
5.73502e-09
5.73502e-09
5.73502e-09
5.73502e-09
5.73502e-09
5.73502e-09
5.73502e-09
5.73502e-09
5.73502e-09
5.73502e-09
5.73502e-09
5.73502e-09
5.73502e-09
5.73502e-09
5.73502e-09
5.73502e-09
5.73502e-09
5.73502e-09
5.73502e-09
5.73502e-09
5.73502e-09
5.73502e-09
5.73502e-09
5.73502e-09
5.73502e-09
5.73502e-09
5.73502e-09
5.73502e-09
5.73502e-09
5.73502e-09
5.73502e-09
5.73502e-09
5.73502e-09
5.73502e-09
5.73502e-09
5.73502e-09
5.73502e-09
5.73502e-09
5.73502e-09
5.73502e-09
5.73502e-09
5.73502e-09
5.73502e-09
5.73502e-09
5.73502e-09
5.73502e-09
5.73502e-09
5.73502e-09
5.73502e-09
5.73502e-09
5.73502e-09
5.73502e-09
5.73502e-09
5.73502e-09
5.73502e-09
5.73502e-09
5.73502e-09
5.73502e-09
5.73502e-09
5.73502e-09
5.73502e-09
5.73502e-09
5.73502e-09
5.73502e-09
5.73502e-09
5.73502e-09
5.73502e-09
5.73502e-09
5.73502e-09
5.73502e-09
5.73502e-09
5.73502e-09
5.73502e-09
5.73502e-09
5.73502e-09
5.73502e-09
5.73502e-09
5.73502e-09
5.73502e-09
5.73502e-09
5.73502e-09
5.73502e-09
5.73502e-09
5.73502e-09
5.73502e-09
5.73502e-09
5.73502e-09
5.73502e-09
5.73502e-09
5.73502e-09
5.73502e-09
5.73502e-09
5.73502e-09
5.73502e-09
5.73502e-09
5.73502e-09
5.73502e-09
5.73502e-09
5.73502e-09
5.73502e-09
5.73502e-09
5.73502e-09
5.73502e-09
5.73502e-09
5.73502e-09
5.73502e-09
5.73502e-09
5.73502e-09
5.73502e-09
5.73502e-09
5.73502e-09
5.73502e-09
5.73502e-09
5.73502e-09
5.73502e-09
5.73502e-09
5.73502e-09
5.73502e-09
5.73502e-09
5.73502e-09
5.73502e-09
5.73502e-09
5.73502e-09
5.73502e-09
5.73502e-09
5.73502e-09
5.73502e-09
5.73502e-09
5.73502e-09
5.73502e-09
5.73502e-09
5.73502e-09
5.73502e-09
5.73502e-09
5.73502e-09
5.73502e-09
5.73502e-09
5.73502e-09
5.73502e-09
5.73502e-09
5.73502e-09
5.73502e-09
5.73502e-09
5.73502e-09
5.73502e-09
5.73502e-09
5.73502e-09
5.73502e-09
5.73502e-09
5.73502e-09
5.73502e-09
5.73502e-09
5.73502e-09
5.73502e-09
5.73502e-09
5.73502e-09
5.73502e-09
5.73502e-09
5.73502e-09
5.73502e-09
5.73502e-09
5.73502e-09
5.73502e-09
5.73502e-09
5.73502e-09
5.73502e-09
5.73502e-09
5.73502e-09
5.73502e-09
5.73502e-09
5.73502e-09
5.73502e-09
5.73502e-09
5.73502e-09
5.73502e-09
5.73502e-09
5.73502e-09
5.73502e-09
5.73502e-09
5.73502e-09
5.73502e-09
5.73502e-09
5.73502e-09
5.73502e-09
5.73502e-09
5.73502e-09
5.73502e-09
5.73502e-09
5.73502e-09
5.73502e-09
5.73502e-09
5.73502e-09
5.73502e-09
5.73502e-09
5.73502e-09
5.73502e-09
5.73502e-09
5.73502e-09
5.73502e-09
5.73502e-09
5.73502e-09
5.73502e-09
5.73502e-09
5.73502e-09
5.73502e-09
5.73502e-09
5.73502e-09
5.73502e-09
5.73502e-09
5.73502e-09
5.73502e-09
5.73502e-09
5.73502e-09
5.73502e-09
5.73502e-09
5.73502e-09
5.73502e-09
5.73502e-09
5.73502e-09
5.73502e-09
5.73502e-09
5.73502e-09
5.73502e-09
5.73502e-09
5.73502e-09
5.73502e-09
5.73502e-09
5.73502e-09
5.73502e-09
5.73502e-09
5.73502e-09
5.73502e-09
5.73502e-09
5.73502e-09
5.73502e-09
5.73502e-09
5.73502e-09
5.73502e-09
5.73502e-09
5.73502e-09
5.73502e-09
5.73502e-09
5.73502e-09
5.73502e-09
5.73502e-09
5.73502e-09
5.73502e-09
5.73502e-09
5.73502e-09
5.73502e-09
5.73502e-09
5.73502e-09
5.73502e-09
5.73502e-09
5.73502e-09
5.73502e-09
5.73502e-09
5.73502e-09
5.73502e-09
5.73502e-09
5.73502e-09
5.73502e-09
5.73502e-09
5.73502e-09
5.73502e-09
5.73502e-09
5.73502e-09
5.73502e-09
5.73502e-09
5.73502e-09
5.73502e-09
5.73502e-09
5.73502e-09
5.73502e-09
5.73502e-09
5.73502e-09
5.73502e-09
5.73502e-09
5.73502e-09
5.73502e-09
5.73502e-09
5.73502e-09
5.73502e-09
5.73502e-09
5.73502e-09
5.73502e-09
5.73502e-09
5.73502e-09
5.73502e-09
5.73502e-09
5.73502e-09
5.73502e-09
5.73502e-09
5.73502e-09
5.73502e-09
5.73502e-09
5.73502e-09
5.73502e-09
5.73502e-09
5.73502e-09
5.73502e-09
5.73502e-09
5.73502e-09
5.73502e-09
5.73502e-09
5.73502e-09
5.73502e-09
5.73502e-09
5.73502e-09
5.73502e-09
5.73502e-09
5.73502e-09
5.73502e-09
5.73502e-09
5.73502e-09
5.73502e-09
5.73502e-09
5.73502e-09
5.73502e-09
5.73502e-09
5.73502e-09
5.73502e-09
5.73502e-09
5.73502e-09
5.73502e-09
5.73502e-09
5.73502e-09
5.73502e-09
5.73502e-09
5.73502e-09
5.73502e-09
5.73502e-09
5.73502e-09
5.73502e-09
5.73502e-09
5.73502e-09
5.73502e-09
5.73502e-09
5.73502e-09
5.73502e-09
5.73502e-09
5.73502e-09
5.73502e-09
5.73502e-09
5.73502e-09
5.73502e-09
5.73502e-09
5.73502e-09
5.73502e-09
5.73502e-09
5.73502e-09
5.73502e-09
5.73502e-09
5.73502e-09
5.73502e-09
5.73502e-09
5.73502e-09
5.73502e-09
5.73502e-09
5.73502e-09
5.73502e-09
5.73502e-09
5.73502e-09
5.73502e-09
5.73502e-09
5.73502e-09
5.73502e-09
5.73502e-09
5.73502e-09
5.73502e-09
5.73502e-09
5.73502e-09
5.73502e-09
5.73502e-09
5.73502e-09
5.73502e-09
5.73502e-09
5.73502e-09
5.73502e-09
5.73502e-09
5.73502e-09
5.73502e-09
5.73502e-09
5.73502e-09
5.73502e-09
5.73502e-09
5.73502e-09
5.73502e-09
5.73502e-09
5.73502e-09
5.73502e-09
5.73502e-09
5.73502e-09
5.73502e-09
5.73502e-09
5.73502e-09
5.73502e-09
5.73502e-09
5.73502e-09
5.73502e-09
5.73502e-09
5.73502e-09
5.73502e-09
5.73502e-09
5.73502e-09
5.73502e-09
5.73502e-09
5.73502e-09
5.73502e-09
5.73502e-09
5.73502e-09
5.73502e-09
5.73502e-09
5.73502e-09
5.73502e-09
5.73502e-09
5.73502e-09
5.73502e-09
5.73502e-09
5.73502e-09
5.73502e-09
5.73502e-09
5.73502e-09
5.73502e-09
5.73502e-09
5.73502e-09
5.73502e-09
5.73502e-09
5.73502e-09
5.73502e-09
5.73502e-09
5.73502e-09
5.73502e-09
5.73502e-09
5.73502e-09
5.73502e-09
5.73502e-09
5.73502e-09
5.73502e-09
5.73502e-09
5.73502e-09
5.73502e-09
5.73502e-09
5.73502e-09
5.73502e-09
5.73502e-09
5.73502e-09
5.73502e-09
5.73502e-09
5.73502e-09
5.73502e-09
5.73502e-09
5.73502e-09
5.73502e-09
5.73502e-09
5.73502e-09
5.73502e-09
5.73502e-09
5.73502e-09
5.73502e-09
5.73502e-09
5.73502e-09
5.73502e-09
5.73502e-09
5.73502e-09
5.73502e-09
5.73502e-09
5.73502e-09
5.73502e-09
5.73502e-09
5.73502e-09
5.73502e-09
5.73502e-09
5.73502e-09
5.73502e-09
5.73502e-09
5.73502e-09
5.73502e-09
5.73502e-09
5.73502e-09
5.73502e-09
5.73502e-09
5.73502e-09
5.73502e-09
5.73502e-09
5.73502e-09
5.73502e-09
5.73502e-09
5.73502e-09
5.73502e-09
5.73502e-09
5.73502e-09
5.73502e-09
5.73502e-09
5.73502e-09
5.73502e-09
5.73502e-09
5.73502e-09
5.73502e-09
5.73502e-09
5.73502e-09
5.73502e-09
5.73502e-09
5.73502e-09
5.73502e-09
5.73502e-09
5.73502e-09
5.73502e-09
5.73502e-09
5.73502e-09
5.73502e-09
5.73502e-09
5.73502e-09
5.73502e-09
5.73502e-09
5.73502e-09
5.73502e-09
5.73502e-09
5.73502e-09
5.73502e-09
5.73502e-09
5.73502e-09
5.73502e-09
5.73502e-09
5.73502e-09
5.73502e-09
5.73502e-09
5.73502e-09
5.73502e-09
5.73502e-09
5.73502e-09
5.73502e-09
5.73502e-09
5.73502e-09
5.73502e-09
5.73502e-09
5.73502e-09
5.73502e-09
5.73502e-09
5.73502e-09
5.73502e-09
5.73502e-09
5.73502e-09
5.73502e-09
5.73502e-09
5.73502e-09
5.73502e-09
5.73502e-09
5.73502e-09
5.73502e-09
5.73502e-09
5.73502e-09
5.73502e-09
5.73502e-09
5.73502e-09
5.73502e-09
5.73502e-09
5.73502e-09
5.73502e-09
5.73502e-09
5.73502e-09
5.73502e-09
5.73502e-09
5.73502e-09
5.73502e-09
5.73502e-09
5.73502e-09
5.73502e-09
5.73502e-09
5.73502e-09
5.73502e-09
5.73502e-09
5.73502e-09
5.73502e-09
5.73502e-09
5.73502e-09
5.73502e-09
5.73502e-09
5.73502e-09
5.73502e-09
5.73502e-09
5.73502e-09
5.73502e-09
5.73502e-09
5.73502e-09
5.73502e-09
5.73502e-09
5.73502e-09
5.73502e-09
5.73502e-09
5.73502e-09
5.73502e-09
5.73502e-09
5.73502e-09
5.73502e-09
5.73502e-09
5.73502e-09
5.73502e-09
5.73502e-09
5.73502e-09
5.73502e-09
5.73502e-09
5.73502e-09
5.73502e-09
5.73502e-09
5.73502e-09
5.73502e-09
5.73502e-09
5.73502e-09
5.73502e-09
5.73502e-09
5.73502e-09
5.73502e-09
5.73502e-09
5.73502e-09
5.73502e-09
5.73502e-09
5.73502e-09
5.73502e-09
5.73502e-09
5.73502e-09
5.73502e-09
5.73502e-09
5.73502e-09
5.73502e-09
5.73502e-09
5.73502e-09
5.73502e-09
5.73502e-09
5.73502e-09
5.73502e-09
5.73502e-09
5.73502e-09
5.73502e-09
5.73502e-09
5.73502e-09
5.73502e-09
5.73502e-09
5.73502e-09
5.73502e-09
5.73502e-09
5.73502e-09
5.73502e-09
5.73502e-09
5.73502e-09
5.73502e-09
5.73502e-09
5.73502e-09
5.73502e-09
5.73502e-09
5.73502e-09
5.73502e-09
5.73502e-09
5.73502e-09
5.73502e-09
5.73502e-09
5.73502e-09
5.73502e-09
5.73502e-09
5.73502e-09
5.73502e-09
5.73502e-09
5.73502e-09
5.73502e-09
5.73502e-09
5.73502e-09
5.73502e-09
5.73502e-09
5.73502e-09
5.73502e-09
5.73502e-09
5.73502e-09
5.73502e-09
5.73502e-09
5.73502e-09
5.73502e-09
5.73502e-09
5.73502e-09
5.73502e-09
5.73502e-09
5.73502e-09
5.73502e-09
5.73502e-09
5.73502e-09
5.73502e-09
5.73502e-09
5.73502e-09
5.73502e-09
5.73502e-09
5.73502e-09
5.73502e-09
5.73502e-09
5.73502e-09
5.73502e-09
5.73502e-09
5.73502e-09
5.73502e-09
5.73502e-09
5.73502e-09
5.73502e-09
5.73502e-09
5.73502e-09
5.73502e-09
5.73502e-09
5.73502e-09
5.73502e-09
5.73502e-09
5.73502e-09
5.73502e-09
5.73502e-09
5.73502e-09
5.73502e-09
5.73502e-09
5.73502e-09
5.73502e-09
5.73502e-09
5.73502e-09
5.73502e-09
5.73502e-09
5.73502e-09
5.73502e-09
5.73502e-09
5.73502e-09
5.73502e-09
5.73502e-09
5.73502e-09
5.73502e-09
5.73502e-09
5.73502e-09
5.73502e-09
5.73502e-09
5.73502e-09
5.73502e-09
5.73502e-09
5.73502e-09
5.73502e-09
5.73502e-09
5.73502e-09
5.73502e-09
5.73502e-09
5.73502e-09
5.73502e-09
5.73502e-09
5.73502e-09
5.73502e-09
5.73502e-09
5.73502e-09
5.73502e-09
5.73502e-09
5.73502e-09
5.73502e-09
5.73502e-09
5.73502e-09
5.73502e-09
5.73502e-09
5.73502e-09
5.73502e-09
5.73502e-09
5.73502e-09
5.73502e-09
5.73502e-09
5.73502e-09
5.73502e-09
5.73502e-09
5.73502e-09
5.73502e-09
5.73502e-09
5.73502e-09
5.73502e-09
5.73502e-09
5.73502e-09
5.73502e-09
5.73502e-09
5.73502e-09
5.73502e-09
5.73502e-09
5.73502e-09
5.73502e-09
5.73502e-09
5.73502e-09
5.73502e-09
5.73502e-09
5.73502e-09
5.73502e-09
5.73502e-09
5.73502e-09
5.73502e-09
5.73502e-09
5.73502e-09
5.73502e-09
5.73502e-09
5.73502e-09
5.73502e-09
5.73502e-09
5.73502e-09
5.73502e-09
5.73502e-09
5.73502e-09
5.73502e-09
5.73502e-09
5.73502e-09
5.73502e-09
5.73502e-09
5.73502e-09
5.73502e-09
5.73502e-09
5.73502e-09
5.73502e-09
5.73502e-09
5.73502e-09
5.73502e-09
5.73502e-09
5.73502e-09
5.73502e-09
5.73502e-09
5.73502e-09
5.73502e-09
5.73502e-09
5.73502e-09
5.73502e-09
5.73502e-09
5.73502e-09
5.73502e-09
5.73502e-09
5.73502e-09
5.73502e-09
5.73502e-09
5.73502e-09
5.73502e-09
5.73502e-09
5.73502e-09
5.73502e-09
5.73502e-09
5.73502e-09
5.73502e-09
5.73502e-09
5.73502e-09
5.73502e-09
5.73502e-09
5.73502e-09
5.73502e-09
5.73502e-09
5.73502e-09
5.73502e-09
5.73502e-09
5.73502e-09
5.73502e-09
5.73502e-09
5.73502e-09
5.73502e-09
5.73502e-09
5.73502e-09
5.73502e-09
5.73502e-09
5.73502e-09
5.73502e-09
5.73502e-09
5.73502e-09
5.73502e-09
5.73502e-09
5.73502e-09
5.73502e-09
5.73502e-09
5.73502e-09
5.73502e-09
5.73502e-09
5.73502e-09
5.73502e-09
5.73502e-09
5.73502e-09
5.73502e-09
5.73502e-09
5.73502e-09
5.73502e-09
5.73502e-09
5.73502e-09
5.73502e-09
5.73502e-09
5.73502e-09
5.73502e-09
5.73502e-09
5.73502e-09
5.73502e-09
5.73502e-09
5.73502e-09
5.73502e-09
5.73502e-09
5.73502e-09
5.73502e-09
5.73502e-09
5.73502e-09
5.73502e-09
5.73502e-09
5.73502e-09
5.73502e-09
5.73502e-09
5.73502e-09
4.09136e-09
2.95622e-09
2.78746e-09
2.78746e-09
2.78746e-09
1.9936e-09
1.9936e-09
1.9936e-09
1.9936e-09
1.9936e-09
1.9936e-09
1.9936e-09
1.9936e-09
1.9936e-09
1.9936e-09
1.9936e-09
1.9936e-09
1.9936e-09
1.9936e-09
1.9936e-09
1.9936e-09
1.9936e-09
1.9936e-09
1.9936e-09
1.9936e-09
1.9936e-09
1.9936e-09
1.9936e-09
1.9936e-09
1.9936e-09
1.9936e-09
1.9936e-09
1.9936e-09
1.9936e-09
1.9936e-09
1.9936e-09
1.9936e-09
1.9936e-09
1.9936e-09
1.9936e-09
1.9936e-09
1.9936e-09
1.9936e-09
1.9936e-09
1.9936e-09
1.9936e-09
1.9936e-09
1.9936e-09
1.9936e-09
1.9936e-09
1.9936e-09
1.9936e-09
1.9936e-09
1.9936e-09
1.9936e-09
1.9936e-09
1.9936e-09
1.9936e-09
1.9936e-09
1.9936e-09
1.9936e-09
1.9936e-09
1.9936e-09
1.9936e-09
1.9936e-09
1.9936e-09
1.9936e-09
1.9936e-09
1.9936e-09
1.9936e-09
1.9936e-09
1.9936e-09
1.9936e-09
1.9936e-09
1.9936e-09
1.9936e-09
1.9936e-09
1.9936e-09
1.9936e-09
1.9936e-09
1.9936e-09
1.9936e-09
1.9936e-09
1.9936e-09
1.9936e-09
1.9936e-09
1.9936e-09
1.9936e-09
1.9936e-09
1.9936e-09
1.9936e-09
1.9936e-09
1.9936e-09
1.9936e-09
1.9936e-09
1.9936e-09
1.9936e-09
1.9936e-09
1.9936e-09
1.9936e-09
1.9936e-09
1.9936e-09
1.9936e-09
1.9936e-09
1.9936e-09
1.9936e-09
1.9936e-09
1.9936e-09
1.9936e-09
1.9936e-09
1.9936e-09
1.9936e-09
1.9936e-09
1.9936e-09
1.9936e-09
1.9936e-09
1.9936e-09
1.9936e-09
1.9936e-09
1.9936e-09
1.9936e-09
1.9936e-09
1.9936e-09
1.9936e-09
1.9936e-09
1.9936e-09
1.9936e-09
1.9936e-09
1.9936e-09
1.9936e-09
1.9936e-09
1.9936e-09
1.9936e-09
1.9936e-09
1.9936e-09
1.9936e-09
1.9936e-09
1.9936e-09
1.9936e-09
1.9936e-09
1.9936e-09
1.9936e-09
1.9936e-09
1.9936e-09
1.9936e-09
1.9936e-09
1.9936e-09
1.9936e-09
1.9936e-09
1.9936e-09
1.9936e-09
1.9936e-09
1.9936e-09
1.9936e-09
1.9936e-09
1.9936e-09
1.9936e-09
1.9936e-09
1.9936e-09
1.9936e-09
1.9936e-09
1.9936e-09
1.9936e-09
1.9936e-09
1.9936e-09
1.9936e-09
1.9936e-09
1.9936e-09
1.9936e-09
1.9936e-09
1.9936e-09
1.9936e-09
1.9936e-09
1.9936e-09
1.9936e-09
1.9936e-09
1.9936e-09
1.9936e-09
1.9936e-09
1.9936e-09
1.9936e-09
1.9936e-09
1.9936e-09
1.9936e-09
1.9936e-09
1.9936e-09
1.9936e-09
1.9936e-09
1.9936e-09
1.9936e-09
1.9936e-09
1.9936e-09
1.9936e-09
1.9936e-09
1.9936e-09
1.9936e-09
1.9936e-09
1.9936e-09
1.9936e-09
1.9936e-09
1.9936e-09
1.9936e-09
1.9936e-09
1.9936e-09
1.9936e-09
1.9936e-09
1.9936e-09
1.9936e-09
1.9936e-09
1.9936e-09
1.9936e-09
1.9936e-09
1.9936e-09
1.9936e-09
1.9936e-09
1.9936e-09
1.9936e-09
1.9936e-09
1.9936e-09
1.9936e-09
1.9936e-09
1.9936e-09
1.9936e-09
1.9936e-09
1.9936e-09
1.9936e-09
1.9936e-09
1.9936e-09
1.9936e-09
1.9936e-09
1.9936e-09
1.9936e-09
1.9936e-09
1.9936e-09
1.9936e-09
1.9936e-09
1.9936e-09
1.9936e-09
1.9936e-09
1.9936e-09
1.9936e-09
1.9936e-09
1.9936e-09
1.9936e-09
1.9936e-09
1.9936e-09
1.9936e-09
1.9936e-09
1.9936e-09
1.9936e-09
1.9936e-09
1.9936e-09
1.9936e-09
1.9936e-09
1.9936e-09
1.9936e-09
1.9936e-09
1.9936e-09
1.9936e-09
1.9936e-09
1.9936e-09
1.9936e-09
1.9936e-09
1.9936e-09
1.9936e-09
1.9936e-09
1.9936e-09
1.9936e-09
1.9936e-09
1.9936e-09
1.9936e-09
1.9936e-09
1.9936e-09
1.9936e-09
1.9936e-09
1.9936e-09
1.9936e-09
1.9936e-09
1.9936e-09
1.9936e-09
1.9936e-09
1.9936e-09
1.9936e-09
1.9936e-09
1.9936e-09
1.9936e-09
1.9936e-09
1.9936e-09
1.9936e-09
1.9936e-09
1.9936e-09
1.9936e-09
1.9936e-09
1.9936e-09
1.9936e-09
1.9936e-09
1.9936e-09
1.9936e-09
1.9936e-09
1.9936e-09
1.9936e-09
1.9936e-09
1.9936e-09
1.9936e-09
1.9936e-09
1.9936e-09
1.9936e-09
1.9936e-09
1.9936e-09
1.9936e-09
1.9936e-09
1.9936e-09
1.9936e-09
1.9936e-09
1.9936e-09
1.9936e-09
1.9936e-09
1.9936e-09
1.9936e-09
1.9936e-09
1.9936e-09
1.9936e-09
1.9936e-09
1.9936e-09
1.9936e-09
1.9936e-09
1.9936e-09
1.9936e-09
1.9936e-09
1.9936e-09
1.9936e-09
1.9936e-09
1.9936e-09
1.9936e-09
1.9936e-09
1.9936e-09
1.9936e-09
1.9936e-09
1.9936e-09
1.9936e-09
1.9936e-09
1.9936e-09
1.9936e-09
1.9936e-09
1.9936e-09
1.9936e-09
1.9936e-09
1.9936e-09
1.9936e-09
1.9936e-09
1.9936e-09
1.9936e-09
1.9936e-09
1.9936e-09
1.9936e-09
1.9936e-09
1.9936e-09
1.9936e-09
1.9936e-09
1.9936e-09
1.9936e-09
1.9936e-09
1.9936e-09
1.9936e-09
1.9936e-09
1.9936e-09
1.9936e-09
1.9936e-09
1.9936e-09
1.9936e-09
1.9936e-09
1.9936e-09
1.9936e-09
1.9936e-09
1.9936e-09
1.9936e-09
1.9936e-09
1.9936e-09
1.9936e-09
1.9936e-09
1.9936e-09
1.9936e-09
1.9936e-09
1.9936e-09
1.9936e-09
1.9936e-09
1.9936e-09
1.9936e-09
1.9936e-09
1.9936e-09
1.9936e-09
1.9936e-09
1.9936e-09
1.9936e-09
1.9936e-09
1.9936e-09
1.9936e-09
1.9936e-09
