3.40393e+07
2.07042e+07
2.07042e+07
2.07042e+07
2.07042e+07
2.07042e+07
1.45641e+07
1.45641e+07
5.5237e+06
4.87015e+06
4.87015e+06
4.87015e+06
4.87015e+06
4.87015e+06
1.75625e+06
571170
571170
571170
571170
571170
292790
292790
292790
43775.7
21363.7
21363.7
16456.7
16456.7
16456.7
16456.7
16456.7
16456.7
5793.96
3243.06
2035.75
2035.75
2035.75
2035.75
2035.75
1408.48
704.449
704.449
554.792
554.792
482.704
482.704
482.704
370.482
370.482
370.482
370.482
370.482
370.482
251.782
242.472
233.018
214.522
214.522
214.522
214.522
214.522
214.522
214.522
214.522
214.522
214.522
214.522
214.522
214.522
214.522
214.522
214.522
214.522
214.522
214.522
214.522
214.522
206.772
206.772
206.772
206.772
199.761
199.761
199.761
199.761
193.534
193.534
193.534
183.313
183.313
183.313
183.313
183.313
183.313
183.313
183.313
183.313
183.313
183.313
183.313
183.313
183.313
183.313
183.313
183.313
183.313
183.313
183.313
183.313
183.313
183.313
183.313
183.313
183.313
183.313
183.313
183.313
183.313
183.313
183.313
183.313
183.313
183.313
183.313
183.313
183.313
183.313
183.313
183.313
183.313
183.313
183.313
183.313
183.313
183.313
169.806
169.806
169.806
169.806
169.806
169.806
169.806
169.806
169.806
169.806
169.806
169.806
169.806
169.806
169.806
169.806
169.806
169.806
169.806
169.806
169.806
169.806
169.806
169.806
169.806
164.332
164.332
164.332
164.332
164.332
164.332
164.332
164.332
164.332
164.332
164.332
164.332
164.332
164.332
164.332
164.332
164.332
164.332
164.332
164.332
164.332
164.332
164.332
164.332
164.332
164.332
164.332
164.332
164.332
164.332
164.332
164.332
164.332
164.332
164.332
164.332
164.332
164.332
164.332
164.332
164.332
164.332
164.332
164.332
164.332
164.332
164.332
164.332
164.332
164.332
164.332
164.332
164.332
164.332
164.332
164.332
164.332
164.332
164.332
164.332
164.332
164.332
164.332
164.332
164.332
164.332
164.332
164.332
164.332
164.332
164.332
164.332
164.332
164.332
164.332
164.332
164.332
164.332
164.332
164.332
164.332
164.332
164.332
164.332
164.332
164.332
164.332
164.332
164.332
164.332
164.332
164.332
164.332
164.332
164.332
139.347
139.347
139.347
139.347
139.347
139.347
139.347
139.347
139.347
139.347
139.347
139.347
139.347
139.347
139.347
139.347
139.347
139.347
139.347
139.347
139.347
139.347
139.347
139.347
139.347
139.347
139.347
139.347
139.347
139.347
139.347
139.347
139.347
139.347
139.347
139.347
139.347
139.347
139.347
139.347
139.347
139.347
139.347
139.347
139.347
139.347
139.347
139.347
139.347
139.347
139.347
139.347
139.347
139.347
122.516
122.516
122.516
122.516
122.516
122.516
122.516
122.516
122.516
122.516
109.281
98.9309
98.9309
96.5184
96.5184
96.5184
96.5184
96.5184
96.5184
96.5184
96.5184
96.5184
96.5184
96.5184
87.4453
87.4453
87.4453
85.0469
85.0469
85.0469
69.4216
68.5191
52.1261
49.3352
44.5345
31.0662
30.4704
30.4704
30.4704
30.4704
30.4704
24.5566
13.5315
5.88406
4.72229
1.37655
1.37655
1.37655
1.37655
1.37655
1.37655
1.00684
1.00684
0.861377
0.525121
0.525121
0.525121
0.525121
0.525121
0.525121
0.525121
0.525121
0.525121
0.525121
0.525121
0.525121
0.525121
0.525121
0.525121
0.525121
0.525121
0.525121
0.268006
0.268006
0.197435
0.197435
0.116156
0.0359061
0.0295217
0.0295217
0.0189949
0.0189949
0.0185146
0.00923663
0.00462792
0.00408124
0.00219339
0.00219339
0.00219339
0.00219339
0.00219339
0.00219339
0.00219339
0.00128438
0.000404304
0.000369231
0.000369231
0.000369231
0.000369231
0.000369231
0.000369231
0.000356454
0.00024869
0.000142979
7.54693e-05
7.54693e-05
7.54693e-05
7.54693e-05
7.54693e-05
7.54693e-05
7.54693e-05
7.54693e-05
4.60655e-05
3.44658e-05
2.96016e-05
2.96016e-05
2.8019e-05
2.8019e-05
2.8019e-05
2.05334e-05
2.04948e-05
2.04948e-05
1.96218e-05
1.70477e-05
1.70126e-05
1.70126e-05
1.70126e-05
1.51132e-05
1.14306e-05
5.15e-06
1.82933e-06
1.82933e-06
1.82933e-06
1.82933e-06
1.82933e-06
1.82933e-06
1.82933e-06
1.82933e-06
1.82933e-06
1.82933e-06
1.82933e-06
1.82933e-06
1.82933e-06
1.11785e-06
9.31082e-07
5.62282e-07
5.62282e-07
4.34165e-07
3.59935e-07
2.0914e-07
2.0914e-07
1.75723e-07
1.46967e-07
1.46967e-07
1.46967e-07
1.23192e-07
9.90273e-08
8.85143e-08
6.33125e-08
6.33125e-08
6.09503e-08
6.09503e-08
6.09503e-08
3.79251e-08
3.01336e-08
1.29546e-08
9.93615e-09
6.87001e-09
6.87001e-09
6.87001e-09
6.87001e-09
6.87001e-09
6.87001e-09
6.87001e-09
6.87001e-09
6.87001e-09
6.87001e-09
6.87001e-09
6.87001e-09
6.87001e-09
6.87001e-09
6.87001e-09
6.87001e-09
6.87001e-09
6.87001e-09
6.87001e-09
6.87001e-09
6.87001e-09
6.87001e-09
6.87001e-09
6.87001e-09
6.87001e-09
6.87001e-09
6.87001e-09
6.87001e-09
6.87001e-09
6.87001e-09
6.87001e-09
6.87001e-09
6.87001e-09
6.87001e-09
6.87001e-09
6.87001e-09
6.87001e-09
6.87001e-09
6.87001e-09
6.87001e-09
6.87001e-09
6.87001e-09
6.87001e-09
6.87001e-09
6.87001e-09
6.87001e-09
6.87001e-09
6.87001e-09
6.87001e-09
6.87001e-09
6.87001e-09
6.87001e-09
6.87001e-09
6.87001e-09
6.87001e-09
6.87001e-09
6.87001e-09
6.87001e-09
6.87001e-09
6.87001e-09
6.87001e-09
6.87001e-09
6.87001e-09
6.87001e-09
6.87001e-09
6.87001e-09
6.87001e-09
6.87001e-09
6.87001e-09
6.87001e-09
6.87001e-09
6.87001e-09
6.87001e-09
6.87001e-09
6.87001e-09
6.87001e-09
6.87001e-09
6.87001e-09
6.87001e-09
6.87001e-09
6.87001e-09
6.87001e-09
6.87001e-09
6.87001e-09
6.87001e-09
6.87001e-09
6.87001e-09
6.87001e-09
6.87001e-09
6.87001e-09
6.87001e-09
6.87001e-09
6.87001e-09
6.87001e-09
6.87001e-09
6.87001e-09
6.87001e-09
6.87001e-09
6.87001e-09
6.87001e-09
6.87001e-09
6.87001e-09
6.87001e-09
6.87001e-09
6.87001e-09
6.87001e-09
6.87001e-09
6.87001e-09
6.87001e-09
6.87001e-09
6.87001e-09
6.87001e-09
6.87001e-09
6.87001e-09
6.87001e-09
6.87001e-09
6.87001e-09
6.87001e-09
6.87001e-09
6.87001e-09
6.87001e-09
6.87001e-09
6.87001e-09
6.87001e-09
6.87001e-09
6.87001e-09
6.87001e-09
6.87001e-09
6.87001e-09
6.87001e-09
6.87001e-09
6.87001e-09
6.87001e-09
6.87001e-09
6.87001e-09
6.87001e-09
6.87001e-09
6.87001e-09
6.87001e-09
6.87001e-09
6.87001e-09
6.87001e-09
6.87001e-09
6.87001e-09
6.87001e-09
6.87001e-09
6.87001e-09
6.87001e-09
6.87001e-09
6.87001e-09
6.87001e-09
6.87001e-09
6.87001e-09
6.87001e-09
6.87001e-09
6.87001e-09
6.87001e-09
6.87001e-09
6.87001e-09
6.87001e-09
6.87001e-09
6.87001e-09
6.87001e-09
6.87001e-09
6.87001e-09
6.87001e-09
6.87001e-09
6.87001e-09
6.87001e-09
6.87001e-09
6.87001e-09
6.87001e-09
6.87001e-09
6.87001e-09
6.87001e-09
6.87001e-09
6.87001e-09
6.87001e-09
6.87001e-09
6.87001e-09
6.87001e-09
6.87001e-09
6.87001e-09
6.87001e-09
6.87001e-09
6.87001e-09
6.87001e-09
6.87001e-09
6.87001e-09
6.87001e-09
6.87001e-09
6.87001e-09
6.87001e-09
6.87001e-09
6.87001e-09
6.87001e-09
6.87001e-09
6.87001e-09
6.87001e-09
6.87001e-09
6.87001e-09
6.87001e-09
6.87001e-09
6.87001e-09
6.87001e-09
6.87001e-09
6.87001e-09
6.87001e-09
6.87001e-09
6.87001e-09
6.87001e-09
6.87001e-09
6.87001e-09
6.87001e-09
6.87001e-09
6.87001e-09
6.87001e-09
6.87001e-09
6.87001e-09
6.87001e-09
6.87001e-09
6.87001e-09
6.87001e-09
6.87001e-09
6.87001e-09
6.87001e-09
6.87001e-09
6.87001e-09
6.87001e-09
6.87001e-09
6.87001e-09
6.87001e-09
6.87001e-09
6.87001e-09
6.87001e-09
6.87001e-09
6.87001e-09
6.87001e-09
6.87001e-09
6.87001e-09
6.87001e-09
6.87001e-09
6.87001e-09
6.87001e-09
6.87001e-09
6.87001e-09
6.87001e-09
6.87001e-09
6.87001e-09
6.87001e-09
6.87001e-09
6.87001e-09
6.87001e-09
6.87001e-09
6.87001e-09
6.87001e-09
6.87001e-09
6.87001e-09
6.87001e-09
6.87001e-09
6.87001e-09
6.87001e-09
6.87001e-09
6.87001e-09
6.87001e-09
6.87001e-09
6.87001e-09
6.87001e-09
6.87001e-09
6.87001e-09
6.87001e-09
6.87001e-09
6.87001e-09
6.87001e-09
6.87001e-09
6.87001e-09
6.87001e-09
6.87001e-09
6.87001e-09
6.87001e-09
6.87001e-09
6.87001e-09
6.87001e-09
6.87001e-09
6.87001e-09
6.87001e-09
6.87001e-09
6.87001e-09
6.87001e-09
6.87001e-09
6.87001e-09
6.87001e-09
6.87001e-09
6.87001e-09
6.87001e-09
6.87001e-09
6.87001e-09
6.87001e-09
6.87001e-09
6.87001e-09
6.87001e-09
6.87001e-09
6.87001e-09
6.87001e-09
6.87001e-09
6.87001e-09
6.87001e-09
6.87001e-09
6.87001e-09
6.87001e-09
6.87001e-09
6.87001e-09
6.87001e-09
6.87001e-09
6.87001e-09
6.87001e-09
6.87001e-09
6.87001e-09
6.87001e-09
6.87001e-09
6.87001e-09
6.87001e-09
6.87001e-09
6.87001e-09
6.87001e-09
6.87001e-09
6.87001e-09
6.87001e-09
6.87001e-09
6.87001e-09
6.87001e-09
6.87001e-09
6.87001e-09
6.87001e-09
6.87001e-09
6.87001e-09
6.87001e-09
6.87001e-09
6.87001e-09
6.87001e-09
6.87001e-09
6.87001e-09
6.87001e-09
6.87001e-09
6.87001e-09
6.87001e-09
6.87001e-09
6.87001e-09
6.87001e-09
6.87001e-09
6.87001e-09
6.87001e-09
6.87001e-09
6.87001e-09
6.87001e-09
6.87001e-09
6.87001e-09
6.87001e-09
6.87001e-09
6.87001e-09
6.87001e-09
6.87001e-09
6.87001e-09
6.87001e-09
6.87001e-09
6.87001e-09
6.87001e-09
6.87001e-09
6.87001e-09
6.87001e-09
6.87001e-09
6.87001e-09
6.87001e-09
6.87001e-09
6.87001e-09
6.87001e-09
6.87001e-09
6.87001e-09
6.87001e-09
6.87001e-09
6.87001e-09
6.87001e-09
6.87001e-09
6.87001e-09
6.87001e-09
6.87001e-09
6.87001e-09
6.87001e-09
6.87001e-09
6.87001e-09
6.87001e-09
6.87001e-09
6.87001e-09
6.87001e-09
6.87001e-09
6.87001e-09
6.87001e-09
6.87001e-09
6.87001e-09
6.87001e-09
6.87001e-09
6.87001e-09
6.87001e-09
6.87001e-09
6.87001e-09
6.87001e-09
6.87001e-09
6.87001e-09
6.87001e-09
6.87001e-09
6.87001e-09
6.87001e-09
6.87001e-09
6.87001e-09
6.87001e-09
6.87001e-09
6.87001e-09
6.87001e-09
6.87001e-09
6.87001e-09
6.87001e-09
6.87001e-09
6.87001e-09
6.87001e-09
6.87001e-09
6.87001e-09
6.87001e-09
6.87001e-09
6.87001e-09
6.87001e-09
6.87001e-09
6.87001e-09
6.87001e-09
6.87001e-09
6.87001e-09
6.87001e-09
6.87001e-09
6.87001e-09
6.87001e-09
6.87001e-09
6.87001e-09
6.87001e-09
6.87001e-09
6.87001e-09
6.87001e-09
6.87001e-09
6.87001e-09
6.87001e-09
6.87001e-09
6.87001e-09
6.87001e-09
6.87001e-09
6.87001e-09
6.87001e-09
6.87001e-09
6.87001e-09
6.87001e-09
6.87001e-09
6.87001e-09
6.87001e-09
6.87001e-09
6.87001e-09
6.87001e-09
6.87001e-09
6.87001e-09
6.87001e-09
6.87001e-09
6.87001e-09
6.87001e-09
6.87001e-09
6.87001e-09
6.87001e-09
6.87001e-09
6.87001e-09
6.87001e-09
6.87001e-09
6.87001e-09
6.87001e-09
6.87001e-09
6.87001e-09
6.87001e-09
6.87001e-09
6.87001e-09
6.87001e-09
6.87001e-09
6.87001e-09
6.87001e-09
6.87001e-09
6.87001e-09
6.87001e-09
6.87001e-09
6.87001e-09
6.87001e-09
6.87001e-09
6.87001e-09
6.87001e-09
6.87001e-09
6.87001e-09
6.87001e-09
6.87001e-09
6.87001e-09
6.87001e-09
6.87001e-09
6.87001e-09
6.87001e-09
6.87001e-09
6.87001e-09
6.87001e-09
6.87001e-09
6.87001e-09
6.87001e-09
6.87001e-09
6.87001e-09
6.87001e-09
6.87001e-09
6.87001e-09
6.87001e-09
6.87001e-09
6.87001e-09
6.87001e-09
6.87001e-09
6.87001e-09
6.87001e-09
6.87001e-09
6.87001e-09
6.87001e-09
6.87001e-09
6.87001e-09
6.87001e-09
6.87001e-09
6.87001e-09
6.87001e-09
6.87001e-09
6.87001e-09
6.87001e-09
6.87001e-09
6.87001e-09
6.87001e-09
6.87001e-09
6.87001e-09
6.87001e-09
6.87001e-09
6.87001e-09
6.87001e-09
6.87001e-09
6.87001e-09
6.87001e-09
6.87001e-09
6.87001e-09
6.87001e-09
6.87001e-09
6.87001e-09
6.87001e-09
6.87001e-09
6.87001e-09
6.87001e-09
6.87001e-09
6.87001e-09
6.87001e-09
6.87001e-09
6.87001e-09
6.87001e-09
6.87001e-09
6.87001e-09
6.87001e-09
6.87001e-09
6.87001e-09
6.87001e-09
6.87001e-09
6.87001e-09
6.87001e-09
6.87001e-09
6.87001e-09
6.87001e-09
6.87001e-09
6.87001e-09
6.87001e-09
6.87001e-09
6.87001e-09
6.87001e-09
6.87001e-09
6.87001e-09
6.87001e-09
6.87001e-09
6.87001e-09
6.87001e-09
6.87001e-09
6.87001e-09
6.87001e-09
6.87001e-09
6.87001e-09
6.87001e-09
6.87001e-09
6.87001e-09
6.87001e-09
6.87001e-09
6.87001e-09
6.87001e-09
6.87001e-09
6.87001e-09
6.87001e-09
6.87001e-09
6.87001e-09
6.87001e-09
6.87001e-09
6.87001e-09
6.87001e-09
6.87001e-09
6.87001e-09
6.87001e-09
6.87001e-09
6.87001e-09
6.87001e-09
6.87001e-09
6.87001e-09
6.87001e-09
6.87001e-09
6.87001e-09
6.87001e-09
6.87001e-09
6.87001e-09
6.87001e-09
6.87001e-09
6.87001e-09
6.87001e-09
6.87001e-09
6.87001e-09
6.87001e-09
6.87001e-09
6.87001e-09
6.87001e-09
6.87001e-09
6.87001e-09
6.87001e-09
6.87001e-09
6.87001e-09
6.87001e-09
6.87001e-09
6.87001e-09
6.87001e-09
6.87001e-09
6.87001e-09
6.87001e-09
6.87001e-09
6.87001e-09
6.87001e-09
6.87001e-09
6.87001e-09
6.87001e-09
6.87001e-09
6.87001e-09
6.87001e-09
6.87001e-09
6.87001e-09
6.87001e-09
6.87001e-09
6.87001e-09
6.87001e-09
6.87001e-09
6.87001e-09
6.87001e-09
6.87001e-09
6.87001e-09
6.87001e-09
6.87001e-09
6.87001e-09
6.87001e-09
6.87001e-09
6.87001e-09
6.87001e-09
6.87001e-09
6.87001e-09
6.87001e-09
6.87001e-09
6.87001e-09
6.87001e-09
6.87001e-09
6.87001e-09
6.87001e-09
6.87001e-09
6.87001e-09
6.87001e-09
6.87001e-09
6.87001e-09
6.87001e-09
6.87001e-09
6.87001e-09
6.87001e-09
6.87001e-09
6.87001e-09
6.87001e-09
6.87001e-09
6.87001e-09
6.87001e-09
6.87001e-09
6.87001e-09
6.87001e-09
6.87001e-09
6.87001e-09
6.87001e-09
6.87001e-09
6.87001e-09
6.87001e-09
6.87001e-09
6.87001e-09
6.87001e-09
6.87001e-09
6.87001e-09
6.87001e-09
6.87001e-09
6.87001e-09
6.87001e-09
6.87001e-09
6.87001e-09
6.87001e-09
6.87001e-09
6.87001e-09
6.87001e-09
6.87001e-09
6.87001e-09
6.87001e-09
6.87001e-09
6.87001e-09
6.87001e-09
6.87001e-09
6.87001e-09
6.87001e-09
6.87001e-09
6.87001e-09
6.87001e-09
6.87001e-09
6.87001e-09
6.87001e-09
6.87001e-09
6.87001e-09
6.87001e-09
6.87001e-09
6.87001e-09
6.87001e-09
6.87001e-09
6.87001e-09
6.87001e-09
6.87001e-09
6.87001e-09
6.87001e-09
6.87001e-09
6.87001e-09
6.87001e-09
6.87001e-09
6.87001e-09
6.87001e-09
6.87001e-09
6.87001e-09
6.87001e-09
6.87001e-09
6.87001e-09
6.87001e-09
6.87001e-09
6.87001e-09
6.87001e-09
6.87001e-09
6.87001e-09
6.87001e-09
6.87001e-09
6.87001e-09
6.87001e-09
6.87001e-09
6.87001e-09
6.87001e-09
6.87001e-09
6.87001e-09
6.87001e-09
6.87001e-09
6.87001e-09
6.87001e-09
6.87001e-09
6.87001e-09
6.87001e-09
6.87001e-09
6.87001e-09
6.87001e-09
6.87001e-09
6.87001e-09
6.87001e-09
6.87001e-09
6.87001e-09
6.87001e-09
6.87001e-09
6.87001e-09
6.87001e-09
6.87001e-09
6.87001e-09
6.87001e-09
6.87001e-09
6.87001e-09
6.87001e-09
6.87001e-09
6.87001e-09
6.87001e-09
6.87001e-09
6.87001e-09
6.87001e-09
6.87001e-09
6.87001e-09
6.87001e-09
6.87001e-09
6.87001e-09
6.87001e-09
6.87001e-09
6.87001e-09
6.87001e-09
6.87001e-09
6.87001e-09
6.87001e-09
6.87001e-09
6.87001e-09
6.87001e-09
6.87001e-09
6.87001e-09
6.87001e-09
6.87001e-09
6.87001e-09
6.87001e-09
6.87001e-09
6.87001e-09
6.87001e-09
6.87001e-09
6.87001e-09
6.87001e-09
6.87001e-09
6.87001e-09
6.87001e-09
6.87001e-09
6.87001e-09
6.87001e-09
6.87001e-09
6.87001e-09
6.87001e-09
6.87001e-09
6.87001e-09
6.87001e-09
6.87001e-09
6.87001e-09
6.87001e-09
6.87001e-09
6.87001e-09
6.87001e-09
6.87001e-09
6.87001e-09
6.87001e-09
6.87001e-09
6.87001e-09
6.87001e-09
6.87001e-09
6.87001e-09
6.87001e-09
6.87001e-09
6.87001e-09
6.87001e-09
6.87001e-09
6.87001e-09
6.87001e-09
6.87001e-09
6.87001e-09
6.87001e-09
6.87001e-09
6.87001e-09
6.87001e-09
6.87001e-09
6.87001e-09
6.87001e-09
6.87001e-09
6.87001e-09
6.87001e-09
6.87001e-09
6.87001e-09
6.87001e-09
6.87001e-09
6.87001e-09
6.87001e-09
6.87001e-09
6.87001e-09
6.87001e-09
6.87001e-09
6.87001e-09
6.87001e-09
6.87001e-09
6.87001e-09
6.87001e-09
6.87001e-09
6.87001e-09
6.87001e-09
6.87001e-09
6.87001e-09
6.87001e-09
6.87001e-09
6.87001e-09
6.87001e-09
6.87001e-09
6.87001e-09
6.87001e-09
6.87001e-09
6.87001e-09
6.87001e-09
6.87001e-09
6.87001e-09
6.87001e-09
6.87001e-09
6.87001e-09
6.87001e-09
6.87001e-09
6.87001e-09
6.87001e-09
6.87001e-09
6.87001e-09
6.87001e-09
6.87001e-09
6.87001e-09
6.87001e-09
6.87001e-09
6.87001e-09
6.87001e-09
6.87001e-09
6.87001e-09
6.87001e-09
6.87001e-09
6.87001e-09
6.87001e-09
6.87001e-09
6.87001e-09
6.87001e-09
6.87001e-09
6.87001e-09
6.87001e-09
6.87001e-09
6.87001e-09
6.87001e-09
6.87001e-09
6.87001e-09
6.87001e-09
6.87001e-09
6.87001e-09
6.87001e-09
6.87001e-09
6.87001e-09
6.87001e-09
6.87001e-09
6.87001e-09
6.87001e-09
6.87001e-09
6.87001e-09
6.87001e-09
6.87001e-09
6.87001e-09
6.87001e-09
6.87001e-09
6.87001e-09
6.87001e-09
6.87001e-09
6.87001e-09
6.87001e-09
6.87001e-09
6.87001e-09
6.87001e-09
6.87001e-09
6.87001e-09
6.87001e-09
6.87001e-09
6.87001e-09
6.87001e-09
6.87001e-09
6.87001e-09
6.87001e-09
6.87001e-09
6.87001e-09
6.87001e-09
6.87001e-09
6.87001e-09
6.87001e-09
6.87001e-09
6.87001e-09
6.87001e-09
6.87001e-09
6.87001e-09
6.87001e-09
6.87001e-09
6.87001e-09
6.87001e-09
6.87001e-09
6.87001e-09
6.87001e-09
6.87001e-09
6.87001e-09
6.87001e-09
6.87001e-09
6.87001e-09
6.87001e-09
6.87001e-09
6.87001e-09
6.87001e-09
6.87001e-09
6.87001e-09
6.87001e-09
6.87001e-09
6.87001e-09
6.87001e-09
6.87001e-09
6.87001e-09
6.87001e-09
6.87001e-09
6.87001e-09
6.87001e-09
6.87001e-09
6.87001e-09
6.87001e-09
6.87001e-09
6.87001e-09
6.87001e-09
6.87001e-09
6.87001e-09
6.87001e-09
6.87001e-09
6.87001e-09
6.87001e-09
6.87001e-09
6.87001e-09
6.87001e-09
6.87001e-09
6.87001e-09
6.87001e-09
6.87001e-09
6.87001e-09
6.87001e-09
6.87001e-09
6.87001e-09
6.87001e-09
6.87001e-09
6.87001e-09
6.87001e-09
6.87001e-09
6.87001e-09
6.87001e-09
6.87001e-09
6.87001e-09
6.87001e-09
6.87001e-09
6.87001e-09
6.87001e-09
6.87001e-09
6.87001e-09
6.87001e-09
6.87001e-09
6.87001e-09
6.87001e-09
6.87001e-09
6.87001e-09
6.87001e-09
6.87001e-09
6.87001e-09
6.87001e-09
6.87001e-09
6.87001e-09
6.87001e-09
6.87001e-09
6.87001e-09
6.87001e-09
6.87001e-09
6.87001e-09
6.87001e-09
6.87001e-09
6.87001e-09
6.87001e-09
6.87001e-09
6.87001e-09
6.87001e-09
6.87001e-09
6.87001e-09
6.87001e-09
6.87001e-09
6.87001e-09
6.87001e-09
6.87001e-09
6.87001e-09
6.87001e-09
6.87001e-09
6.87001e-09
6.87001e-09
6.87001e-09
6.87001e-09
6.87001e-09
6.87001e-09
6.87001e-09
6.87001e-09
6.87001e-09
6.87001e-09
6.87001e-09
6.87001e-09
6.87001e-09
6.87001e-09
6.87001e-09
6.87001e-09
6.87001e-09
6.87001e-09
6.87001e-09
6.87001e-09
6.87001e-09
6.87001e-09
6.87001e-09
6.87001e-09
6.87001e-09
6.87001e-09
6.87001e-09
6.87001e-09
6.87001e-09
6.87001e-09
6.87001e-09
6.87001e-09
6.87001e-09
6.87001e-09
6.87001e-09
6.87001e-09
6.87001e-09
6.87001e-09
6.87001e-09
6.87001e-09
6.87001e-09
6.87001e-09
6.87001e-09
6.87001e-09
6.87001e-09
6.87001e-09
6.87001e-09
6.87001e-09
6.87001e-09
6.87001e-09
6.87001e-09
6.87001e-09
6.87001e-09
6.87001e-09
6.87001e-09
6.87001e-09
6.87001e-09
6.87001e-09
6.87001e-09
6.87001e-09
6.87001e-09
6.87001e-09
6.87001e-09
6.87001e-09
6.87001e-09
6.87001e-09
6.87001e-09
6.87001e-09
6.87001e-09
6.87001e-09
6.87001e-09
6.87001e-09
6.87001e-09
6.87001e-09
6.87001e-09
6.87001e-09
6.87001e-09
6.87001e-09
6.87001e-09
6.87001e-09
6.87001e-09
6.87001e-09
6.87001e-09
6.87001e-09
6.87001e-09
6.87001e-09
6.87001e-09
6.87001e-09
6.87001e-09
6.87001e-09
6.87001e-09
6.87001e-09
6.87001e-09
6.87001e-09
6.87001e-09
6.87001e-09
6.87001e-09
6.87001e-09
6.87001e-09
6.87001e-09
6.87001e-09
6.87001e-09
6.87001e-09
6.87001e-09
6.87001e-09
6.87001e-09
6.87001e-09
6.87001e-09
6.87001e-09
6.87001e-09
6.87001e-09
6.87001e-09
6.87001e-09
6.87001e-09
6.87001e-09
6.87001e-09
6.87001e-09
6.87001e-09
6.87001e-09
6.87001e-09
6.87001e-09
6.87001e-09
6.87001e-09
6.87001e-09
6.87001e-09
6.87001e-09
6.87001e-09
6.87001e-09
6.87001e-09
6.87001e-09
6.87001e-09
6.87001e-09
6.87001e-09
6.87001e-09
6.87001e-09
6.87001e-09
6.87001e-09
6.87001e-09
6.87001e-09
6.87001e-09
6.87001e-09
6.87001e-09
6.87001e-09
6.87001e-09
6.87001e-09
6.87001e-09
6.87001e-09
6.87001e-09
6.87001e-09
6.87001e-09
6.87001e-09
6.87001e-09
6.87001e-09
6.87001e-09
6.87001e-09
6.87001e-09
6.87001e-09
6.87001e-09
6.87001e-09
6.87001e-09
6.87001e-09
6.87001e-09
6.87001e-09
6.87001e-09
6.87001e-09
6.87001e-09
6.87001e-09
6.87001e-09
6.87001e-09
6.87001e-09
6.87001e-09
6.87001e-09
6.87001e-09
6.87001e-09
6.87001e-09
6.87001e-09
6.87001e-09
6.87001e-09
6.87001e-09
6.87001e-09
6.87001e-09
6.87001e-09
6.87001e-09
6.87001e-09
6.87001e-09
6.87001e-09
6.87001e-09
6.87001e-09
6.87001e-09
6.87001e-09
6.87001e-09
6.87001e-09
6.87001e-09
6.87001e-09
6.87001e-09
6.87001e-09
6.87001e-09
6.87001e-09
6.87001e-09
6.87001e-09
6.87001e-09
6.87001e-09
6.87001e-09
6.87001e-09
6.87001e-09
6.87001e-09
6.87001e-09
6.87001e-09
6.87001e-09
6.87001e-09
6.87001e-09
6.87001e-09
6.87001e-09
6.87001e-09
6.87001e-09
6.87001e-09
6.87001e-09
6.87001e-09
6.87001e-09
6.87001e-09
6.87001e-09
6.87001e-09
6.87001e-09
6.87001e-09
6.87001e-09
6.87001e-09
6.87001e-09
6.87001e-09
6.87001e-09
6.87001e-09
6.87001e-09
6.87001e-09
6.87001e-09
6.87001e-09
6.87001e-09
6.87001e-09
6.87001e-09
6.87001e-09
6.87001e-09
6.87001e-09
6.87001e-09
6.87001e-09
6.87001e-09
6.87001e-09
6.87001e-09
6.87001e-09
6.87001e-09
6.87001e-09
6.87001e-09
6.87001e-09
6.87001e-09
6.87001e-09
6.87001e-09
6.87001e-09
6.87001e-09
6.87001e-09
6.87001e-09
6.87001e-09
6.87001e-09
6.87001e-09
6.87001e-09
6.87001e-09
6.87001e-09
6.87001e-09
6.87001e-09
6.87001e-09
6.87001e-09
6.87001e-09
6.87001e-09
6.87001e-09
6.87001e-09
6.87001e-09
6.87001e-09
6.87001e-09
6.87001e-09
6.87001e-09
6.87001e-09
6.87001e-09
6.87001e-09
6.87001e-09
6.87001e-09
6.87001e-09
6.87001e-09
6.87001e-09
6.87001e-09
6.87001e-09
6.87001e-09
6.87001e-09
6.87001e-09
6.87001e-09
6.87001e-09
6.87001e-09
6.87001e-09
6.87001e-09
6.87001e-09
6.87001e-09
6.87001e-09
6.87001e-09
6.87001e-09
6.87001e-09
6.87001e-09
6.87001e-09
6.87001e-09
6.87001e-09
6.87001e-09
6.87001e-09
6.87001e-09
6.87001e-09
6.87001e-09
6.87001e-09
6.87001e-09
6.87001e-09
6.87001e-09
6.87001e-09
6.87001e-09
6.87001e-09
6.87001e-09
6.87001e-09
6.87001e-09
6.87001e-09
6.87001e-09
6.87001e-09
6.87001e-09
6.87001e-09
6.87001e-09
6.87001e-09
6.87001e-09
6.87001e-09
6.87001e-09
6.87001e-09
6.87001e-09
6.87001e-09
6.87001e-09
6.87001e-09
6.87001e-09
6.87001e-09
6.87001e-09
6.87001e-09
6.87001e-09
6.87001e-09
6.87001e-09
6.87001e-09
6.87001e-09
6.87001e-09
6.87001e-09
6.87001e-09
6.87001e-09
6.87001e-09
6.87001e-09
6.87001e-09
6.87001e-09
6.87001e-09
6.87001e-09
6.87001e-09
6.87001e-09
6.87001e-09
6.87001e-09
6.87001e-09
6.87001e-09
6.87001e-09
6.87001e-09
6.87001e-09
6.87001e-09
6.87001e-09
6.87001e-09
6.87001e-09
6.87001e-09
6.87001e-09
6.87001e-09
6.87001e-09
6.87001e-09
6.87001e-09
6.87001e-09
6.87001e-09
6.87001e-09
6.87001e-09
6.87001e-09
6.87001e-09
6.87001e-09
6.87001e-09
6.87001e-09
6.87001e-09
6.87001e-09
6.87001e-09
6.87001e-09
6.87001e-09
6.87001e-09
6.87001e-09
6.87001e-09
6.87001e-09
6.87001e-09
6.87001e-09
6.87001e-09
6.87001e-09
6.87001e-09
6.87001e-09
6.87001e-09
6.87001e-09
6.87001e-09
6.87001e-09
6.87001e-09
6.87001e-09
6.87001e-09
6.87001e-09
6.87001e-09
6.87001e-09
6.87001e-09
6.87001e-09
6.87001e-09
6.87001e-09
6.87001e-09
6.87001e-09
6.87001e-09
6.87001e-09
6.87001e-09
6.87001e-09
6.87001e-09
6.87001e-09
6.87001e-09
6.87001e-09
6.87001e-09
6.87001e-09
6.87001e-09
6.87001e-09
6.87001e-09
6.87001e-09
6.87001e-09
6.87001e-09
6.87001e-09
6.87001e-09
6.87001e-09
6.87001e-09
6.87001e-09
6.87001e-09
6.87001e-09
6.87001e-09
6.87001e-09
6.87001e-09
6.87001e-09
6.87001e-09
6.87001e-09
6.87001e-09
6.87001e-09
6.87001e-09
6.87001e-09
6.87001e-09
6.87001e-09
6.87001e-09
6.87001e-09
6.87001e-09
6.87001e-09
6.87001e-09
6.87001e-09
6.87001e-09
6.87001e-09
6.87001e-09
6.87001e-09
6.87001e-09
6.87001e-09
6.87001e-09
6.87001e-09
6.87001e-09
6.87001e-09
6.87001e-09
6.87001e-09
6.87001e-09
6.87001e-09
6.87001e-09
6.87001e-09
6.87001e-09
6.87001e-09
6.87001e-09
6.87001e-09
6.87001e-09
6.87001e-09
6.87001e-09
6.87001e-09
6.87001e-09
6.87001e-09
6.87001e-09
6.87001e-09
6.87001e-09
6.87001e-09
6.87001e-09
6.87001e-09
6.87001e-09
6.87001e-09
6.87001e-09
6.87001e-09
6.87001e-09
6.87001e-09
6.87001e-09
6.87001e-09
6.87001e-09
6.87001e-09
6.87001e-09
6.87001e-09
6.87001e-09
6.87001e-09
6.87001e-09
6.87001e-09
6.87001e-09
6.87001e-09
6.87001e-09
6.87001e-09
6.87001e-09
6.87001e-09
6.87001e-09
6.87001e-09
6.87001e-09
6.87001e-09
6.87001e-09
6.87001e-09
6.87001e-09
6.87001e-09
6.87001e-09
6.87001e-09
6.87001e-09
6.87001e-09
6.87001e-09
6.87001e-09
6.87001e-09
6.87001e-09
6.87001e-09
6.87001e-09
6.87001e-09
6.87001e-09
6.87001e-09
6.87001e-09
6.87001e-09
6.87001e-09
6.87001e-09
6.87001e-09
6.87001e-09
6.87001e-09
6.87001e-09
6.87001e-09
6.87001e-09
6.87001e-09
6.87001e-09
6.87001e-09
6.87001e-09
6.87001e-09
6.87001e-09
6.87001e-09
6.87001e-09
6.87001e-09
6.87001e-09
6.87001e-09
6.87001e-09
6.87001e-09
6.87001e-09
6.87001e-09
6.87001e-09
6.87001e-09
6.87001e-09
6.87001e-09
6.87001e-09
6.87001e-09
6.87001e-09
6.87001e-09
6.87001e-09
6.87001e-09
6.87001e-09
6.87001e-09
6.87001e-09
6.87001e-09
6.87001e-09
6.87001e-09
6.87001e-09
6.87001e-09
6.87001e-09
6.87001e-09
6.87001e-09
6.87001e-09
6.87001e-09
6.87001e-09
6.87001e-09
6.87001e-09
6.87001e-09
6.87001e-09
6.87001e-09
6.87001e-09
6.87001e-09
6.87001e-09
6.87001e-09
6.87001e-09
6.87001e-09
6.87001e-09
6.87001e-09
6.87001e-09
6.87001e-09
6.87001e-09
6.87001e-09
6.87001e-09
6.87001e-09
6.87001e-09
6.87001e-09
6.87001e-09
6.87001e-09
6.87001e-09
6.87001e-09
6.87001e-09
6.87001e-09
6.87001e-09
6.87001e-09
6.87001e-09
6.87001e-09
6.87001e-09
6.87001e-09
6.87001e-09
6.87001e-09
6.87001e-09
6.87001e-09
6.87001e-09
6.87001e-09
6.87001e-09
6.87001e-09
6.87001e-09
6.87001e-09
6.87001e-09
6.87001e-09
6.87001e-09
6.87001e-09
6.87001e-09
6.87001e-09
6.87001e-09
6.87001e-09
6.87001e-09
6.87001e-09
6.87001e-09
6.87001e-09
6.87001e-09
6.87001e-09
6.87001e-09
6.87001e-09
6.87001e-09
6.87001e-09
6.87001e-09
6.87001e-09
6.87001e-09
6.87001e-09
6.87001e-09
6.87001e-09
6.87001e-09
6.87001e-09
6.87001e-09
6.87001e-09
6.87001e-09
6.87001e-09
6.87001e-09
6.87001e-09
6.87001e-09
6.87001e-09
6.87001e-09
6.87001e-09
6.87001e-09
6.87001e-09
6.87001e-09
6.87001e-09
6.87001e-09
6.87001e-09
6.87001e-09
6.87001e-09
6.87001e-09
6.87001e-09
6.87001e-09
6.87001e-09
6.87001e-09
6.87001e-09
6.87001e-09
6.87001e-09
6.87001e-09
6.87001e-09
6.87001e-09
6.87001e-09
6.87001e-09
6.87001e-09
6.87001e-09
6.87001e-09
6.87001e-09
6.87001e-09
6.87001e-09
6.87001e-09
6.87001e-09
6.87001e-09
6.87001e-09
6.87001e-09
6.87001e-09
6.87001e-09
6.87001e-09
6.87001e-09
6.87001e-09
6.87001e-09
6.87001e-09
6.87001e-09
6.87001e-09
6.87001e-09
6.87001e-09
6.87001e-09
6.87001e-09
6.87001e-09
6.87001e-09
6.87001e-09
6.87001e-09
6.87001e-09
6.87001e-09
6.87001e-09
6.87001e-09
6.87001e-09
6.87001e-09
6.87001e-09
6.87001e-09
6.87001e-09
6.87001e-09
6.87001e-09
6.87001e-09
6.87001e-09
6.87001e-09
6.87001e-09
6.87001e-09
6.87001e-09
6.87001e-09
6.87001e-09
6.87001e-09
6.87001e-09
6.87001e-09
6.87001e-09
6.87001e-09
6.87001e-09
6.87001e-09
6.87001e-09
6.87001e-09
6.87001e-09
6.87001e-09
6.87001e-09
6.87001e-09
6.87001e-09
6.87001e-09
6.87001e-09
6.87001e-09
6.87001e-09
6.87001e-09
6.87001e-09
6.87001e-09
6.87001e-09
6.87001e-09
6.87001e-09
6.87001e-09
6.87001e-09
6.87001e-09
6.87001e-09
6.87001e-09
6.87001e-09
6.87001e-09
6.87001e-09
6.87001e-09
6.87001e-09
6.87001e-09
6.87001e-09
6.87001e-09
6.87001e-09
6.87001e-09
6.87001e-09
6.87001e-09
6.87001e-09
6.87001e-09
6.87001e-09
6.87001e-09
6.87001e-09
6.87001e-09
6.87001e-09
6.87001e-09
6.87001e-09
6.87001e-09
6.87001e-09
6.87001e-09
6.87001e-09
6.87001e-09
6.87001e-09
6.87001e-09
6.87001e-09
6.87001e-09
6.87001e-09
6.87001e-09
6.87001e-09
6.87001e-09
6.87001e-09
6.87001e-09
6.87001e-09
6.87001e-09
6.87001e-09
6.87001e-09
6.87001e-09
6.87001e-09
6.87001e-09
6.87001e-09
6.87001e-09
6.87001e-09
6.87001e-09
6.87001e-09
6.87001e-09
6.87001e-09
6.87001e-09
6.87001e-09
6.87001e-09
6.87001e-09
6.87001e-09
6.87001e-09
6.87001e-09
6.87001e-09
6.87001e-09
6.87001e-09
6.87001e-09
6.87001e-09
6.87001e-09
6.87001e-09
6.87001e-09
6.87001e-09
6.87001e-09
6.87001e-09
6.87001e-09
6.87001e-09
6.87001e-09
6.87001e-09
6.87001e-09
6.87001e-09
6.87001e-09
6.87001e-09
6.87001e-09
6.87001e-09
6.87001e-09
6.87001e-09
6.87001e-09
6.87001e-09
6.87001e-09
6.87001e-09
6.87001e-09
6.87001e-09
6.87001e-09
6.87001e-09
6.87001e-09
6.87001e-09
6.87001e-09
6.87001e-09
6.87001e-09
6.87001e-09
6.87001e-09
6.87001e-09
6.87001e-09
6.87001e-09
6.87001e-09
6.87001e-09
6.87001e-09
6.87001e-09
6.87001e-09
6.87001e-09
6.87001e-09
6.87001e-09
6.87001e-09
6.87001e-09
6.87001e-09
6.87001e-09
6.87001e-09
6.87001e-09
6.87001e-09
6.87001e-09
6.87001e-09
6.87001e-09
6.87001e-09
6.87001e-09
6.87001e-09
6.87001e-09
6.87001e-09
6.87001e-09
6.87001e-09
6.87001e-09
6.87001e-09
6.87001e-09
6.87001e-09
6.87001e-09
6.87001e-09
6.87001e-09
6.87001e-09
6.87001e-09
6.87001e-09
6.87001e-09
6.87001e-09
6.87001e-09
6.87001e-09
6.87001e-09
6.87001e-09
6.87001e-09
6.87001e-09
6.87001e-09
6.87001e-09
6.87001e-09
6.87001e-09
6.87001e-09
6.87001e-09
6.87001e-09
6.87001e-09
6.87001e-09
6.87001e-09
6.87001e-09
6.87001e-09
6.87001e-09
6.87001e-09
6.87001e-09
6.87001e-09
6.87001e-09
6.87001e-09
6.87001e-09
6.87001e-09
6.87001e-09
6.87001e-09
6.87001e-09
6.87001e-09
6.87001e-09
6.87001e-09
6.87001e-09
6.87001e-09
6.87001e-09
6.87001e-09
6.87001e-09
6.87001e-09
6.87001e-09
6.87001e-09
6.87001e-09
6.87001e-09
6.87001e-09
6.87001e-09
6.87001e-09
6.87001e-09
6.87001e-09
6.87001e-09
6.87001e-09
6.87001e-09
6.87001e-09
6.87001e-09
6.87001e-09
6.87001e-09
6.87001e-09
6.87001e-09
6.87001e-09
6.87001e-09
6.87001e-09
6.87001e-09
6.87001e-09
6.87001e-09
6.87001e-09
6.87001e-09
6.87001e-09
6.87001e-09
6.87001e-09
6.87001e-09
6.87001e-09
6.87001e-09
6.87001e-09
6.87001e-09
6.87001e-09
6.87001e-09
6.87001e-09
6.87001e-09
6.87001e-09
6.87001e-09
6.87001e-09
6.87001e-09
6.87001e-09
6.87001e-09
6.87001e-09
6.87001e-09
6.87001e-09
6.87001e-09
6.87001e-09
6.87001e-09
6.87001e-09
6.87001e-09
6.87001e-09
6.87001e-09
6.87001e-09
6.87001e-09
6.87001e-09
6.87001e-09
6.87001e-09
6.87001e-09
6.87001e-09
6.87001e-09
6.87001e-09
6.87001e-09
6.87001e-09
6.87001e-09
6.87001e-09
6.87001e-09
6.87001e-09
6.87001e-09
6.87001e-09
6.87001e-09
6.87001e-09
6.87001e-09
6.87001e-09
6.87001e-09
6.87001e-09
6.87001e-09
6.87001e-09
6.87001e-09
6.87001e-09
6.87001e-09
6.87001e-09
6.87001e-09
6.87001e-09
6.87001e-09
6.87001e-09
6.87001e-09
6.87001e-09
6.87001e-09
6.87001e-09
6.87001e-09
6.87001e-09
6.87001e-09
6.87001e-09
6.87001e-09
6.87001e-09
6.87001e-09
6.87001e-09
6.87001e-09
6.87001e-09
6.87001e-09
6.87001e-09
6.87001e-09
6.87001e-09
6.87001e-09
6.87001e-09
6.87001e-09
6.87001e-09
6.87001e-09
6.87001e-09
6.87001e-09
6.87001e-09
6.87001e-09
6.87001e-09
6.87001e-09
6.87001e-09
6.87001e-09
6.87001e-09
6.87001e-09
6.87001e-09
6.87001e-09
6.87001e-09
6.87001e-09
6.87001e-09
6.87001e-09
6.87001e-09
6.87001e-09
6.87001e-09
6.87001e-09
6.87001e-09
6.87001e-09
6.87001e-09
6.87001e-09
6.87001e-09
6.87001e-09
6.87001e-09
6.87001e-09
6.87001e-09
6.87001e-09
6.87001e-09
6.87001e-09
6.87001e-09
6.87001e-09
6.87001e-09
6.87001e-09
6.87001e-09
6.87001e-09
6.87001e-09
6.87001e-09
6.87001e-09
6.87001e-09
6.87001e-09
6.87001e-09
6.87001e-09
6.87001e-09
6.87001e-09
6.87001e-09
6.87001e-09
6.87001e-09
6.87001e-09
6.87001e-09
6.87001e-09
6.87001e-09
6.87001e-09
6.87001e-09
6.87001e-09
6.87001e-09
6.87001e-09
6.87001e-09
6.87001e-09
6.87001e-09
6.87001e-09
6.87001e-09
6.87001e-09
6.87001e-09
6.87001e-09
6.87001e-09
6.87001e-09
6.87001e-09
6.87001e-09
6.87001e-09
6.87001e-09
6.87001e-09
6.87001e-09
6.87001e-09
6.87001e-09
6.87001e-09
6.87001e-09
6.87001e-09
6.87001e-09
6.87001e-09
6.87001e-09
6.87001e-09
6.87001e-09
6.87001e-09
6.87001e-09
6.87001e-09
6.87001e-09
6.87001e-09
6.87001e-09
6.87001e-09
6.87001e-09
6.87001e-09
6.87001e-09
6.87001e-09
6.87001e-09
6.87001e-09
6.87001e-09
6.87001e-09
6.87001e-09
6.87001e-09
6.87001e-09
6.87001e-09
6.87001e-09
6.87001e-09
6.87001e-09
6.87001e-09
6.87001e-09
6.87001e-09
6.87001e-09
6.87001e-09
6.87001e-09
6.87001e-09
6.87001e-09
6.87001e-09
6.87001e-09
6.87001e-09
6.87001e-09
6.87001e-09
6.87001e-09
6.87001e-09
6.87001e-09
6.87001e-09
6.87001e-09
6.87001e-09
6.87001e-09
6.87001e-09
6.87001e-09
6.87001e-09
6.87001e-09
6.87001e-09
6.87001e-09
6.87001e-09
6.87001e-09
6.87001e-09
6.87001e-09
6.87001e-09
6.87001e-09
6.87001e-09
6.87001e-09
6.87001e-09
6.87001e-09
6.87001e-09
6.87001e-09
6.87001e-09
6.87001e-09
6.87001e-09
6.87001e-09
6.87001e-09
6.87001e-09
6.87001e-09
6.87001e-09
6.87001e-09
6.87001e-09
6.87001e-09
6.87001e-09
6.87001e-09
6.87001e-09
6.87001e-09
6.87001e-09
6.87001e-09
6.87001e-09
6.87001e-09
6.87001e-09
6.87001e-09
6.87001e-09
6.87001e-09
6.87001e-09
6.87001e-09
6.87001e-09
6.87001e-09
6.87001e-09
6.87001e-09
6.87001e-09
6.87001e-09
6.87001e-09
6.87001e-09
6.87001e-09
6.87001e-09
6.87001e-09
6.87001e-09
6.87001e-09
6.87001e-09
6.87001e-09
6.87001e-09
6.87001e-09
6.87001e-09
6.87001e-09
6.87001e-09
6.87001e-09
6.87001e-09
6.87001e-09
6.87001e-09
6.87001e-09
6.87001e-09
6.87001e-09
6.87001e-09
6.87001e-09
6.87001e-09
6.87001e-09
6.87001e-09
6.87001e-09
6.87001e-09
6.87001e-09
6.87001e-09
6.87001e-09
6.87001e-09
6.87001e-09
6.87001e-09
6.87001e-09
6.87001e-09
6.87001e-09
6.87001e-09
6.87001e-09
6.87001e-09
6.87001e-09
6.87001e-09
6.87001e-09
6.87001e-09
6.87001e-09
6.87001e-09
6.87001e-09
6.87001e-09
6.87001e-09
6.87001e-09
6.87001e-09
6.87001e-09
6.87001e-09
6.87001e-09
6.87001e-09
6.87001e-09
6.87001e-09
6.87001e-09
6.87001e-09
6.87001e-09
6.87001e-09
6.87001e-09
6.87001e-09
6.87001e-09
6.87001e-09
6.87001e-09
6.87001e-09
6.87001e-09
6.87001e-09
6.87001e-09
6.87001e-09
6.87001e-09
6.87001e-09
6.87001e-09
6.87001e-09
6.87001e-09
6.87001e-09
6.87001e-09
6.87001e-09
6.87001e-09
6.87001e-09
6.87001e-09
6.87001e-09
6.87001e-09
6.87001e-09
6.87001e-09
6.87001e-09
6.87001e-09
6.87001e-09
6.87001e-09
6.87001e-09
6.87001e-09
6.87001e-09
6.87001e-09
6.87001e-09
6.87001e-09
6.87001e-09
6.87001e-09
6.87001e-09
6.87001e-09
6.87001e-09
6.87001e-09
6.87001e-09
6.87001e-09
6.87001e-09
6.87001e-09
6.87001e-09
6.87001e-09
6.87001e-09
