1.06316e+08
3.92625e+07
1.75966e+07
1.04208e+07
3.48717e+06
3.48717e+06
3.48717e+06
3.48717e+06
1.97219e+06
245178
245178
245178
245178
245178
245178
245178
245178
245178
245178
245178
112209
109166
63732.3
21072.5
21072.5
21072.5
21072.5
21072.5
21072.5
21072.5
21072.5
21072.5
21072.5
21072.5
21072.5
21072.5
21072.5
21072.5
21072.5
21072.5
21072.5
21072.5
21072.5
21072.5
21072.5
21072.5
13994
3954.41
3954.41
3954.41
3954.41
959.921
959.921
959.921
903.279
645.622
645.622
619.359
297.443
297.443
297.443
297.443
223.717
223.717
223.717
214.568
214.568
210.411
210.411
210.411
210.411
210.411
210.411
210.411
210.411
210.411
210.411
210.411
203.358
203.358
203.358
200.414
200.414
200.414
195.01
195.01
195.01
195.01
189.832
182.047
182.047
182.047
182.047
182.047
182.047
182.047
182.047
182.047
182.047
182.047
182.047
182.047
182.047
182.047
182.047
182.047
182.047
182.047
182.047
182.047
182.047
182.047
182.047
182.047
182.047
182.047
182.047
182.047
182.047
182.047
182.047
182.047
182.047
182.047
182.047
182.047
182.047
182.047
182.047
182.047
182.047
182.047
182.047
182.047
182.047
182.047
182.047
182.047
182.047
182.047
182.047
182.047
182.047
182.047
182.047
182.047
182.047
182.047
182.047
182.047
182.047
182.047
182.047
182.047
182.047
182.047
182.047
182.047
182.047
182.047
182.047
182.047
182.047
182.047
182.047
182.047
182.047
182.047
182.047
182.047
182.047
182.047
182.047
182.047
182.047
182.047
182.047
182.047
182.047
182.047
182.047
182.047
182.047
182.047
182.047
182.047
182.047
182.047
182.047
182.047
182.047
182.047
182.047
182.047
182.047
182.047
182.047
182.047
182.047
182.047
182.047
182.047
182.047
182.047
182.047
182.047
182.047
182.047
182.047
182.047
182.047
182.047
182.047
182.047
182.047
182.047
182.047
182.047
182.047
182.047
182.047
182.047
182.047
182.047
182.047
182.047
182.047
182.047
182.047
182.047
182.047
182.047
182.047
182.047
182.047
182.047
182.047
182.047
182.047
182.047
182.047
182.047
182.047
182.047
182.047
182.047
182.047
182.047
182.047
182.047
182.047
182.047
182.047
182.047
182.047
182.047
182.047
182.047
182.047
182.047
182.047
182.047
182.047
182.047
182.047
182.047
182.047
182.047
182.047
182.047
182.047
182.047
182.047
182.047
182.047
182.047
182.047
182.047
182.047
182.047
182.047
182.047
179.377
179.377
179.377
179.377
179.377
179.377
179.377
179.377
179.377
179.377
179.377
179.377
179.377
179.377
178.72
178.72
178.72
178.72
178.72
178.72
178.72
178.72
178.72
178.72
178.72
178.72
178.72
178.72
178.72
178.72
178.72
178.72
178.72
178.72
178.72
178.72
178.72
178.72
178.72
178.72
178.72
178.72
178.72
178.72
178.72
167.011
167.011
167.011
167.011
167.011
167.011
167.011
167.011
167.011
167.011
167.011
167.011
167.011
167.011
167.011
167.011
167.011
167.011
167.011
167.011
167.011
167.011
167.011
167.011
167.011
167.011
167.011
167.011
167.011
167.011
167.011
167.011
167.011
167.011
167.011
167.011
167.011
167.011
167.011
167.011
167.011
167.011
167.011
167.011
167.011
167.011
167.011
167.011
167.011
167.011
167.011
167.011
167.011
167.011
167.011
167.011
167.011
167.011
167.011
167.011
167.011
167.011
167.011
167.011
167.011
167.011
167.011
167.011
167.011
167.011
167.011
167.011
167.011
167.011
167.011
167.011
167.011
167.011
167.011
167.011
167.011
167.011
167.011
167.011
167.011
167.011
167.011
167.011
167.011
167.011
167.011
167.011
167.011
167.011
167.011
167.011
167.011
167.011
167.011
167.011
167.011
167.011
167.011
167.011
167.011
167.011
167.011
167.011
167.011
167.011
167.011
167.011
167.011
167.011
167.011
167.011
167.011
167.011
167.011
167.011
167.011
167.011
167.011
167.011
167.011
167.011
167.011
167.011
167.011
167.011
167.011
167.011
167.011
167.011
167.011
167.011
167.011
167.011
167.011
167.011
167.011
167.011
167.011
167.011
167.011
167.011
167.011
167.011
167.011
167.011
167.011
167.011
167.011
167.011
167.011
167.011
167.011
167.011
167.011
167.011
167.011
167.011
167.011
167.011
167.011
167.011
167.011
167.011
167.011
167.011
167.011
167.011
167.011
167.011
167.011
167.011
167.011
167.011
167.011
167.011
167.011
167.011
167.011
167.011
167.011
167.011
167.011
167.011
167.011
167.011
167.011
167.011
167.011
167.011
167.011
167.011
167.011
167.011
167.011
167.011
167.011
167.011
167.011
167.011
167.011
167.011
167.011
167.011
167.011
167.011
167.011
167.011
167.011
167.011
167.011
167.011
167.011
167.011
167.011
167.011
167.011
167.011
167.011
167.011
167.011
167.011
167.011
167.011
167.011
167.011
167.011
167.011
167.011
167.011
167.011
167.011
167.011
167.011
167.011
167.011
167.011
167.011
167.011
167.011
167.011
167.011
167.011
167.011
167.011
167.011
167.011
167.011
167.011
167.011
167.011
167.011
167.011
167.011
167.011
167.011
167.011
167.011
167.011
167.011
167.011
167.011
167.011
167.011
167.011
167.011
167.011
167.011
167.011
167.011
167.011
167.011
167.011
167.011
167.011
167.011
167.011
167.011
167.011
167.011
167.011
167.011
167.011
167.011
167.011
167.011
167.011
167.011
167.011
167.011
167.011
167.011
167.011
167.011
167.011
167.011
167.011
167.011
167.011
167.011
167.011
167.011
167.011
167.011
167.011
167.011
167.011
167.011
167.011
167.011
167.011
167.011
167.011
167.011
167.011
167.011
167.011
167.011
167.011
167.011
167.011
167.011
167.011
167.011
167.011
167.011
167.011
167.011
167.011
167.011
167.011
167.011
167.011
167.011
167.011
167.011
167.011
167.011
167.011
167.011
167.011
167.011
167.011
167.011
167.011
167.011
167.011
167.011
167.011
167.011
167.011
167.011
167.011
167.011
167.011
167.011
167.011
167.011
167.011
167.011
167.011
167.011
167.011
167.011
167.011
167.011
167.011
167.011
167.011
167.011
167.011
167.011
167.011
167.011
167.011
167.011
167.011
167.011
167.011
167.011
167.011
167.011
167.011
167.011
167.011
167.011
167.011
167.011
167.011
167.011
167.011
167.011
167.011
167.011
167.011
167.011
167.011
167.011
167.011
167.011
167.011
167.011
167.011
167.011
167.011
167.011
167.011
167.011
167.011
167.011
167.011
167.011
167.011
167.011
167.011
167.011
167.011
167.011
167.011
167.011
167.011
167.011
167.011
167.011
167.011
167.011
167.011
167.011
167.011
167.011
167.011
167.011
167.011
167.011
167.011
167.011
167.011
167.011
167.011
167.011
167.011
167.011
167.011
167.011
167.011
167.011
167.011
167.011
167.011
167.011
167.011
167.011
167.011
167.011
167.011
167.011
167.011
167.011
167.011
167.011
167.011
167.011
167.011
167.011
167.011
167.011
167.011
167.011
167.011
167.011
167.011
167.011
167.011
167.011
167.011
167.011
167.011
167.011
167.011
167.011
167.011
167.011
167.011
167.011
167.011
167.011
167.011
156.659
152.574
152.574
145.527
145.527
145.527
145.527
145.527
145.527
145.527
144.029
133.421
133.421
133.421
133.421
133.421
133.421
133.421
133.421
133.421
133.421
133.421
133.421
132.179
132.179
132.179
132.179
132.179
132.179
132.179
132.179
132.179
132.179
132.179
132.179
132.179
132.179
132.179
132.179
132.179
132.179
132.179
132.179
132.179
132.179
132.179
132.179
132.179
132.179
132.179
131.956
130.781
130.781
130.781
130.781
127.548
125.758
125.758
125.758
125.758
110.261
110.261
107.637
93.0577
93.0577
92.5596
92.5596
92.5596
77.426
77.426
77.426
77.426
77.426
77.426
77.426
77.426
77.426
77.1308
69.5229
63.1962
58.2857
47.7788
24.2292
11.7593
11.7593
11.7593
11.7593
11.7593
11.7593
11.7593
11.7593
11.7593
11.7593
11.7593
10.0193
9.11291
6.80631
4.40208
3.44078
3.18211
1.99196
1.99196
1.51411
1.24789
1.16278
0.87992
0.87992
0.87992
0.87992
0.87992
0.87992
0.87992
0.87992
0.87992
0.721231
0.304508
0.293481
0.225877
0.203212
0.188282
0.136124
0.0563616
0.0208215
0.0171606
0.00855498
0.00855498
0.00855498
0.00855498
0.00855498
0.00855498
0.00855498
0.00734544
0.00734544
0.00436053
0.0042949
0.00172413
0.00172413
0.00172413
0.00172413
0.00172413
0.00172413
0.00172413
0.00172413
0.00172413
0.00172413
0.00172413
0.000616917
0.000447752
0.000191094
0.000136689
0.000136689
0.000136689
0.000136689
0.000136689
0.000136689
0.000136689
0.000136689
0.000133295
6.06488e-05
6.06488e-05
4.83885e-05
2.26882e-05
2.26882e-05
1.2482e-05
1.2482e-05
5.39046e-06
5.02721e-06
5.02721e-06
5.02721e-06
5.02721e-06
5.02721e-06
5.02721e-06
5.02721e-06
5.02721e-06
5.02721e-06
5.02721e-06
4.89014e-06
2.88083e-06
1.91256e-06
1.91256e-06
1.91256e-06
1.91256e-06
1.91256e-06
1.91256e-06
1.91256e-06
1.91256e-06
1.14882e-06
5.14204e-07
3.46399e-07
3.46399e-07
3.46399e-07
3.46399e-07
3.26399e-07
1.61433e-07
1.3345e-07
1.3345e-07
1.3345e-07
1.3345e-07
1.3345e-07
1.3345e-07
1.3345e-07
1.3345e-07
1.3345e-07
1.3345e-07
1.3345e-07
1.3345e-07
1.3345e-07
1.3345e-07
1.3345e-07
1.3345e-07
1.3345e-07
1.13147e-07
5.37758e-08
1.99562e-08
1.99562e-08
1.99562e-08
1.99562e-08
1.99562e-08
1.99562e-08
1.99562e-08
1.99562e-08
1.7208e-08
1.05091e-08
7.95298e-09
7.95298e-09
7.95298e-09
7.95298e-09
7.95298e-09
7.95298e-09
7.95298e-09
7.95298e-09
7.95298e-09
7.95298e-09
7.95298e-09
7.95298e-09
7.95298e-09
7.95298e-09
7.95298e-09
7.95298e-09
7.95298e-09
7.95298e-09
7.95298e-09
7.95298e-09
7.95298e-09
7.95298e-09
7.95298e-09
7.95298e-09
7.95298e-09
7.95298e-09
7.95298e-09
7.95298e-09
7.95298e-09
7.95298e-09
7.95298e-09
7.95298e-09
7.95298e-09
7.95298e-09
7.95298e-09
7.95298e-09
7.95298e-09
7.95298e-09
7.95298e-09
7.95298e-09
7.95298e-09
7.95298e-09
7.95298e-09
7.95298e-09
7.95298e-09
7.95298e-09
7.95298e-09
7.95298e-09
7.95298e-09
7.95298e-09
7.95298e-09
7.95298e-09
7.95298e-09
7.95298e-09
7.95298e-09
7.95298e-09
7.95298e-09
7.95298e-09
7.95298e-09
7.95298e-09
7.95298e-09
7.95298e-09
7.95298e-09
7.95298e-09
7.95298e-09
7.95298e-09
7.95298e-09
7.95298e-09
7.95298e-09
7.95298e-09
7.95298e-09
7.95298e-09
7.95298e-09
7.95298e-09
7.95298e-09
7.95298e-09
7.95298e-09
7.95298e-09
7.95298e-09
7.95298e-09
7.95298e-09
7.95298e-09
7.95298e-09
7.95298e-09
7.95298e-09
7.95298e-09
7.95298e-09
7.95298e-09
7.95298e-09
7.95298e-09
7.95298e-09
7.95298e-09
7.95298e-09
7.95298e-09
7.95298e-09
7.95298e-09
7.95298e-09
7.95298e-09
7.95298e-09
7.95298e-09
7.95298e-09
7.95298e-09
7.95298e-09
7.95298e-09
7.95298e-09
7.95298e-09
7.95298e-09
7.95298e-09
7.95298e-09
7.95298e-09
7.95298e-09
7.95298e-09
7.95298e-09
7.95298e-09
7.95298e-09
7.95298e-09
7.95298e-09
7.95298e-09
7.95298e-09
7.95298e-09
7.95298e-09
7.95298e-09
7.95298e-09
7.95298e-09
7.95298e-09
7.95298e-09
7.95298e-09
7.95298e-09
7.95298e-09
7.95298e-09
7.95298e-09
7.95298e-09
7.95298e-09
7.95298e-09
7.95298e-09
7.95298e-09
7.95298e-09
7.95298e-09
7.95298e-09
7.95298e-09
7.95298e-09
7.95298e-09
7.95298e-09
7.95298e-09
7.95298e-09
7.95298e-09
7.95298e-09
7.95298e-09
7.95298e-09
7.95298e-09
7.95298e-09
7.95298e-09
7.95298e-09
7.95298e-09
7.95298e-09
7.95298e-09
7.95298e-09
7.95298e-09
7.95298e-09
7.95298e-09
7.95298e-09
7.95298e-09
7.95298e-09
7.95298e-09
7.95298e-09
7.95298e-09
7.95298e-09
7.95298e-09
7.95298e-09
7.95298e-09
7.95298e-09
7.95298e-09
7.95298e-09
7.95298e-09
7.95298e-09
7.95298e-09
7.95298e-09
7.95298e-09
7.95298e-09
7.95298e-09
7.95298e-09
7.95298e-09
7.95298e-09
7.95298e-09
7.95298e-09
7.95298e-09
7.95298e-09
7.95298e-09
7.95298e-09
7.95298e-09
7.95298e-09
7.95298e-09
7.95298e-09
7.95298e-09
7.95298e-09
7.95298e-09
7.95298e-09
7.95298e-09
7.95298e-09
7.95298e-09
7.95298e-09
7.95298e-09
7.95298e-09
7.95298e-09
7.95298e-09
7.95298e-09
7.95298e-09
7.95298e-09
7.95298e-09
7.95298e-09
7.95298e-09
7.95298e-09
7.95298e-09
7.95298e-09
7.95298e-09
7.95298e-09
7.95298e-09
7.95298e-09
7.95298e-09
7.95298e-09
7.95298e-09
7.95298e-09
7.95298e-09
7.95298e-09
7.95298e-09
7.95298e-09
7.95298e-09
7.95298e-09
7.95298e-09
7.95298e-09
7.95298e-09
7.95298e-09
7.95298e-09
7.95298e-09
7.95298e-09
7.95298e-09
7.95298e-09
7.95298e-09
7.95298e-09
7.95298e-09
7.95298e-09
7.95298e-09
7.95298e-09
7.95298e-09
7.95298e-09
7.95298e-09
7.95298e-09
7.95298e-09
7.95298e-09
7.95298e-09
7.95298e-09
7.95298e-09
7.95298e-09
7.95298e-09
7.95298e-09
7.95298e-09
7.95298e-09
7.95298e-09
7.95298e-09
7.95298e-09
7.95298e-09
7.95298e-09
7.95298e-09
7.95298e-09
7.95298e-09
7.95298e-09
7.95298e-09
7.95298e-09
7.95298e-09
7.95298e-09
7.95298e-09
7.95298e-09
7.95298e-09
7.95298e-09
7.95298e-09
7.95298e-09
7.95298e-09
7.95298e-09
7.95298e-09
7.95298e-09
7.95298e-09
7.95298e-09
7.95298e-09
7.95298e-09
7.95298e-09
7.95298e-09
7.95298e-09
7.95298e-09
7.95298e-09
7.95298e-09
7.95298e-09
7.95298e-09
7.95298e-09
7.95298e-09
7.95298e-09
7.95298e-09
7.95298e-09
7.95298e-09
7.95298e-09
7.95298e-09
7.95298e-09
7.95298e-09
7.95298e-09
7.95298e-09
7.95298e-09
7.95298e-09
7.95298e-09
7.95298e-09
7.95298e-09
7.95298e-09
7.95298e-09
7.95298e-09
7.95298e-09
7.95298e-09
7.95298e-09
7.95298e-09
7.95298e-09
7.95298e-09
7.95298e-09
7.95298e-09
7.95298e-09
7.95298e-09
7.95298e-09
7.95298e-09
7.95298e-09
7.95298e-09
7.95298e-09
7.95298e-09
7.95298e-09
7.95298e-09
7.95298e-09
7.95298e-09
7.95298e-09
7.95298e-09
7.95298e-09
7.95298e-09
7.95298e-09
7.95298e-09
7.95298e-09
7.95298e-09
7.95298e-09
7.95298e-09
7.95298e-09
7.95298e-09
7.95298e-09
7.95298e-09
7.95298e-09
7.95298e-09
7.95298e-09
7.95298e-09
7.95298e-09
7.95298e-09
7.95298e-09
7.95298e-09
7.95298e-09
7.95298e-09
7.95298e-09
7.95298e-09
7.95298e-09
7.95298e-09
7.95298e-09
7.95298e-09
7.95298e-09
7.95298e-09
7.95298e-09
7.95298e-09
7.95298e-09
7.95298e-09
7.95298e-09
7.95298e-09
7.95298e-09
7.95298e-09
7.95298e-09
7.95298e-09
7.95298e-09
7.95298e-09
7.95298e-09
7.95298e-09
7.95298e-09
7.95298e-09
7.95298e-09
7.95298e-09
7.95298e-09
7.95298e-09
7.95298e-09
7.95298e-09
7.95298e-09
7.95298e-09
7.95298e-09
7.95298e-09
7.95298e-09
7.95298e-09
7.95298e-09
7.95298e-09
7.95298e-09
7.95298e-09
7.95298e-09
7.95298e-09
7.95298e-09
7.95298e-09
7.95298e-09
7.95298e-09
7.95298e-09
7.95298e-09
7.95298e-09
7.95298e-09
7.95298e-09
7.95298e-09
7.95298e-09
7.95298e-09
7.95298e-09
7.95298e-09
7.95298e-09
7.95298e-09
7.95298e-09
7.95298e-09
7.95298e-09
7.95298e-09
7.95298e-09
7.95298e-09
7.95298e-09
7.95298e-09
7.95298e-09
7.95298e-09
7.95298e-09
7.95298e-09
7.95298e-09
7.95298e-09
7.95298e-09
7.95298e-09
7.95298e-09
7.95298e-09
7.95298e-09
7.95298e-09
7.95298e-09
7.95298e-09
7.95298e-09
7.95298e-09
7.95298e-09
7.95298e-09
7.95298e-09
7.95298e-09
7.95298e-09
7.95298e-09
7.95298e-09
7.95298e-09
7.95298e-09
7.95298e-09
7.95298e-09
7.95298e-09
7.95298e-09
7.95298e-09
7.95298e-09
7.95298e-09
7.95298e-09
7.95298e-09
7.95298e-09
7.95298e-09
7.95298e-09
7.95298e-09
7.95298e-09
7.95298e-09
7.95298e-09
7.95298e-09
7.95298e-09
7.95298e-09
7.95298e-09
7.95298e-09
7.95298e-09
7.95298e-09
7.95298e-09
7.95298e-09
7.95298e-09
7.95298e-09
7.95298e-09
7.95298e-09
7.95298e-09
7.95298e-09
7.95298e-09
7.95298e-09
7.95298e-09
7.95298e-09
7.95298e-09
7.95298e-09
7.95298e-09
7.95298e-09
7.95298e-09
7.95298e-09
7.95298e-09
7.95298e-09
7.95298e-09
7.95298e-09
7.95298e-09
7.95298e-09
7.95298e-09
7.95298e-09
7.95298e-09
7.95298e-09
7.95298e-09
7.95298e-09
7.95298e-09
7.95298e-09
7.95298e-09
7.95298e-09
7.95298e-09
7.95298e-09
7.95298e-09
7.95298e-09
7.95298e-09
7.95298e-09
7.95298e-09
7.95298e-09
7.95298e-09
7.95298e-09
7.95298e-09
7.95298e-09
7.95298e-09
7.95298e-09
7.95298e-09
7.95298e-09
7.95298e-09
7.95298e-09
7.95298e-09
7.95298e-09
7.95298e-09
7.95298e-09
7.95298e-09
7.95298e-09
7.95298e-09
7.95298e-09
7.95298e-09
7.95298e-09
7.95298e-09
7.95298e-09
7.95298e-09
7.95298e-09
7.95298e-09
7.95298e-09
7.95298e-09
7.95298e-09
7.95298e-09
7.95298e-09
7.95298e-09
7.95298e-09
7.95298e-09
7.95298e-09
7.95298e-09
7.95298e-09
7.95298e-09
7.95298e-09
7.95298e-09
7.95298e-09
7.95298e-09
7.95298e-09
7.95298e-09
7.95298e-09
7.95298e-09
7.95298e-09
7.95298e-09
7.95298e-09
7.95298e-09
7.95298e-09
7.95298e-09
7.95298e-09
7.95298e-09
7.95298e-09
7.95298e-09
7.95298e-09
7.95298e-09
7.95298e-09
7.95298e-09
7.95298e-09
7.95298e-09
7.95298e-09
7.95298e-09
7.95298e-09
7.95298e-09
7.95298e-09
7.95298e-09
7.95298e-09
7.95298e-09
7.95298e-09
7.95298e-09
7.95298e-09
7.95298e-09
7.95298e-09
7.95298e-09
7.95298e-09
7.95298e-09
7.95298e-09
7.95298e-09
7.95298e-09
7.95298e-09
7.95298e-09
7.95298e-09
7.95298e-09
7.95298e-09
7.95298e-09
7.95298e-09
7.95298e-09
7.95298e-09
7.95298e-09
7.95298e-09
7.95298e-09
7.95298e-09
7.95298e-09
7.95298e-09
7.95298e-09
7.95298e-09
7.95298e-09
7.95298e-09
7.95298e-09
7.95298e-09
7.95298e-09
7.95298e-09
7.95298e-09
7.95298e-09
7.95298e-09
7.95298e-09
7.95298e-09
7.95298e-09
7.95298e-09
7.95298e-09
7.95298e-09
7.95298e-09
7.95298e-09
7.95298e-09
7.95298e-09
7.95298e-09
7.95298e-09
7.95298e-09
7.95298e-09
7.95298e-09
7.95298e-09
7.95298e-09
7.95298e-09
7.95298e-09
7.95298e-09
7.95298e-09
7.95298e-09
7.95298e-09
7.95298e-09
7.95298e-09
7.95298e-09
7.95298e-09
7.95298e-09
7.95298e-09
7.95298e-09
7.95298e-09
7.95298e-09
7.95298e-09
7.95298e-09
7.95298e-09
7.95298e-09
7.95298e-09
7.95298e-09
7.95298e-09
7.95298e-09
7.95298e-09
7.95298e-09
7.95298e-09
7.95298e-09
7.95298e-09
7.95298e-09
7.95298e-09
7.95298e-09
7.95298e-09
7.95298e-09
7.95298e-09
7.95298e-09
7.95298e-09
7.95298e-09
7.95298e-09
7.95298e-09
7.95298e-09
7.95298e-09
7.95298e-09
7.95298e-09
7.95298e-09
7.95298e-09
7.95298e-09
7.95298e-09
7.95298e-09
7.95298e-09
7.95298e-09
7.95298e-09
7.95298e-09
7.95298e-09
7.95298e-09
7.95298e-09
7.95298e-09
7.95298e-09
7.95298e-09
7.95298e-09
7.95298e-09
7.95298e-09
7.95298e-09
7.95298e-09
7.95298e-09
7.95298e-09
7.95298e-09
7.95298e-09
7.95298e-09
7.95298e-09
7.95298e-09
7.95298e-09
7.95298e-09
7.95298e-09
7.95298e-09
7.95298e-09
7.95298e-09
7.95298e-09
7.95298e-09
7.95298e-09
7.95298e-09
7.95298e-09
7.95298e-09
7.95298e-09
7.95298e-09
7.95298e-09
7.95298e-09
7.95298e-09
7.95298e-09
7.95298e-09
7.95298e-09
7.95298e-09
7.95298e-09
7.95298e-09
7.95298e-09
7.95298e-09
7.95298e-09
7.95298e-09
7.95298e-09
7.95298e-09
7.95298e-09
7.95298e-09
7.95298e-09
7.95298e-09
7.95298e-09
7.95298e-09
7.95298e-09
7.95298e-09
7.95298e-09
7.95298e-09
7.95298e-09
7.95298e-09
7.95298e-09
7.95298e-09
7.95298e-09
7.95298e-09
7.95298e-09
7.95298e-09
7.95298e-09
7.95298e-09
7.95298e-09
7.95298e-09
7.95298e-09
7.95298e-09
7.95298e-09
7.95298e-09
7.95298e-09
7.95298e-09
7.95298e-09
7.95298e-09
7.95298e-09
7.95298e-09
7.95298e-09
7.95298e-09
7.95298e-09
7.95298e-09
7.95298e-09
7.95298e-09
7.95298e-09
7.95298e-09
7.95298e-09
7.95298e-09
7.95298e-09
7.95298e-09
7.95298e-09
7.95298e-09
7.95298e-09
7.95298e-09
7.95298e-09
7.95298e-09
7.95298e-09
7.95298e-09
7.95298e-09
7.95298e-09
7.95298e-09
7.95298e-09
7.95298e-09
7.95298e-09
7.95298e-09
7.95298e-09
7.95298e-09
7.95298e-09
7.95298e-09
7.95298e-09
7.95298e-09
7.95298e-09
7.95298e-09
7.95298e-09
7.95298e-09
7.95298e-09
7.95298e-09
7.95298e-09
7.95298e-09
7.95298e-09
7.95298e-09
7.95298e-09
7.95298e-09
7.95298e-09
7.95298e-09
7.95298e-09
7.95298e-09
7.95298e-09
7.95298e-09
7.95298e-09
7.95298e-09
7.95298e-09
7.95298e-09
7.95298e-09
7.95298e-09
7.95298e-09
7.95298e-09
7.95298e-09
7.95298e-09
7.95298e-09
7.95298e-09
7.95298e-09
7.95298e-09
7.95298e-09
7.95298e-09
7.95298e-09
7.95298e-09
7.95298e-09
7.95298e-09
7.95298e-09
7.95298e-09
7.95298e-09
7.95298e-09
7.95298e-09
7.95298e-09
7.95298e-09
7.95298e-09
7.95298e-09
7.95298e-09
7.95298e-09
7.95298e-09
7.95298e-09
7.95298e-09
7.95298e-09
7.95298e-09
7.95298e-09
7.95298e-09
7.95298e-09
7.95298e-09
7.95298e-09
7.95298e-09
7.95298e-09
7.95298e-09
7.95298e-09
7.95298e-09
7.95298e-09
7.95298e-09
7.95298e-09
7.95298e-09
7.95298e-09
7.95298e-09
7.95298e-09
7.95298e-09
7.95298e-09
7.95298e-09
7.95298e-09
7.95298e-09
7.95298e-09
7.95298e-09
7.95298e-09
7.95298e-09
7.95298e-09
7.95298e-09
7.95298e-09
7.95298e-09
7.95298e-09
7.95298e-09
7.95298e-09
7.95298e-09
7.95298e-09
7.95298e-09
7.95298e-09
7.95298e-09
7.95298e-09
7.95298e-09
7.95298e-09
7.95298e-09
7.95298e-09
7.95298e-09
7.95298e-09
7.95298e-09
7.95298e-09
7.95298e-09
7.95298e-09
7.95298e-09
7.95298e-09
7.95298e-09
7.95298e-09
7.95298e-09
7.95298e-09
7.95298e-09
7.95298e-09
7.95298e-09
7.95298e-09
7.95298e-09
7.95298e-09
7.95298e-09
7.95298e-09
7.95298e-09
7.95298e-09
7.95298e-09
7.95298e-09
7.95298e-09
7.95298e-09
7.95298e-09
7.95298e-09
7.95298e-09
7.95298e-09
7.95298e-09
7.95298e-09
7.95298e-09
7.95298e-09
7.95298e-09
7.95298e-09
7.95298e-09
7.95298e-09
7.95298e-09
7.95298e-09
7.95298e-09
7.95298e-09
7.95298e-09
7.95298e-09
7.95298e-09
7.95298e-09
7.95298e-09
7.95298e-09
7.95298e-09
7.95298e-09
7.95298e-09
7.95298e-09
7.95298e-09
7.95298e-09
7.95298e-09
7.95298e-09
7.95298e-09
7.95298e-09
7.95298e-09
7.95298e-09
7.95298e-09
7.95298e-09
7.95298e-09
7.95298e-09
7.95298e-09
7.95298e-09
7.95298e-09
7.95298e-09
7.95298e-09
7.95298e-09
7.95298e-09
7.95298e-09
7.95298e-09
7.95298e-09
7.95298e-09
7.95298e-09
7.95298e-09
7.95298e-09
7.95298e-09
7.95298e-09
7.95298e-09
7.95298e-09
7.95298e-09
7.95298e-09
7.95298e-09
7.95298e-09
7.95298e-09
7.95298e-09
7.95298e-09
7.95298e-09
7.95298e-09
7.95298e-09
7.95298e-09
7.95298e-09
7.95298e-09
7.95298e-09
7.95298e-09
7.95298e-09
7.95298e-09
7.95298e-09
7.95298e-09
7.95298e-09
7.95298e-09
7.95298e-09
7.95298e-09
7.95298e-09
7.95298e-09
7.95298e-09
7.95298e-09
7.95298e-09
7.95298e-09
7.95298e-09
7.95298e-09
7.95298e-09
7.95298e-09
7.95298e-09
7.95298e-09
7.95298e-09
7.95298e-09
7.95298e-09
7.95298e-09
7.95298e-09
7.95298e-09
7.95298e-09
7.95298e-09
7.95298e-09
7.95298e-09
7.95298e-09
7.95298e-09
7.95298e-09
7.95298e-09
7.95298e-09
7.95298e-09
7.95298e-09
7.95298e-09
7.95298e-09
7.95298e-09
7.95298e-09
7.95298e-09
7.95298e-09
7.95298e-09
7.95298e-09
7.95298e-09
7.95298e-09
7.95298e-09
7.95298e-09
7.95298e-09
7.95298e-09
7.95298e-09
7.95298e-09
7.95298e-09
7.95298e-09
7.95298e-09
7.95298e-09
7.95298e-09
7.95298e-09
7.95298e-09
7.95298e-09
7.95298e-09
7.95298e-09
7.95298e-09
7.95298e-09
7.95298e-09
7.95298e-09
7.95298e-09
7.95298e-09
7.95298e-09
7.95298e-09
7.95298e-09
7.95298e-09
7.95298e-09
7.95298e-09
7.95298e-09
7.95298e-09
7.95298e-09
7.95298e-09
7.95298e-09
7.95298e-09
7.95298e-09
7.95298e-09
7.95298e-09
7.95298e-09
7.95298e-09
7.95298e-09
7.95298e-09
7.95298e-09
7.95298e-09
7.95298e-09
7.95298e-09
7.95298e-09
7.95298e-09
7.95298e-09
7.95298e-09
7.95298e-09
7.95298e-09
7.95298e-09
7.95298e-09
7.95298e-09
7.95298e-09
7.95298e-09
7.95298e-09
7.95298e-09
7.95298e-09
7.95298e-09
7.95298e-09
7.95298e-09
7.95298e-09
7.95298e-09
7.95298e-09
7.95298e-09
7.95298e-09
7.95298e-09
7.95298e-09
7.95298e-09
7.95298e-09
7.95298e-09
7.95298e-09
7.95298e-09
7.95298e-09
7.95298e-09
7.95298e-09
7.95298e-09
7.95298e-09
7.95298e-09
7.95298e-09
7.95298e-09
7.95298e-09
7.95298e-09
7.95298e-09
7.95298e-09
7.95298e-09
7.95298e-09
7.95298e-09
7.95298e-09
7.95298e-09
7.95298e-09
7.95298e-09
7.95298e-09
7.95298e-09
7.95298e-09
7.95298e-09
7.95298e-09
7.95298e-09
7.95298e-09
7.95298e-09
7.95298e-09
7.95298e-09
7.95298e-09
7.95298e-09
7.95298e-09
7.95298e-09
7.95298e-09
7.95298e-09
7.95298e-09
7.95298e-09
7.95298e-09
7.95298e-09
7.95298e-09
7.95298e-09
7.95298e-09
7.95298e-09
7.95298e-09
7.95298e-09
7.95298e-09
7.95298e-09
7.95298e-09
7.95298e-09
7.95298e-09
7.95298e-09
7.95298e-09
7.95298e-09
7.95298e-09
7.95298e-09
7.95298e-09
7.95298e-09
7.95298e-09
7.95298e-09
7.95298e-09
7.95298e-09
7.95298e-09
7.95298e-09
7.95298e-09
7.95298e-09
7.95298e-09
7.95298e-09
7.95298e-09
7.95298e-09
7.95298e-09
7.95298e-09
7.95298e-09
7.95298e-09
7.95298e-09
7.95298e-09
7.95298e-09
7.95298e-09
7.95298e-09
7.95298e-09
7.95298e-09
7.95298e-09
7.95298e-09
7.95298e-09
7.95298e-09
7.95298e-09
7.95298e-09
7.95298e-09
7.95298e-09
7.95298e-09
7.95298e-09
7.95298e-09
7.95298e-09
7.95298e-09
7.95298e-09
7.95298e-09
7.95298e-09
7.95298e-09
7.95298e-09
7.95298e-09
7.95298e-09
7.95298e-09
7.95298e-09
7.95298e-09
7.95298e-09
7.95298e-09
7.95298e-09
7.95298e-09
7.95298e-09
7.95298e-09
7.95298e-09
7.95298e-09
7.95298e-09
7.95298e-09
7.95298e-09
7.95298e-09
7.95298e-09
7.95298e-09
7.95298e-09
7.95298e-09
7.95298e-09
7.95298e-09
7.95298e-09
7.95298e-09
7.95298e-09
7.95298e-09
7.95298e-09
7.95298e-09
7.95298e-09
7.95298e-09
7.95298e-09
7.95298e-09
7.95298e-09
7.95298e-09
7.95298e-09
7.95298e-09
7.95298e-09
7.95298e-09
7.95298e-09
7.95298e-09
7.95298e-09
7.95298e-09
7.95298e-09
7.95298e-09
7.95298e-09
7.95298e-09
7.95298e-09
7.95298e-09
7.95298e-09
7.95298e-09
7.95298e-09
7.95298e-09
7.95298e-09
7.95298e-09
7.95298e-09
7.95298e-09
7.95298e-09
7.95298e-09
7.95298e-09
7.95298e-09
7.95298e-09
7.95298e-09
7.95298e-09
7.95298e-09
7.95298e-09
7.95298e-09
7.95298e-09
7.95298e-09
7.95298e-09
7.95298e-09
7.95298e-09
7.95298e-09
7.95298e-09
7.95298e-09
7.95298e-09
7.95298e-09
7.95298e-09
7.95298e-09
7.95298e-09
7.95298e-09
7.95298e-09
7.95298e-09
7.95298e-09
7.95298e-09
7.95298e-09
7.95298e-09
7.95298e-09
7.95298e-09
7.95298e-09
7.95298e-09
7.95298e-09
7.95298e-09
7.95298e-09
7.95298e-09
7.95298e-09
7.95298e-09
7.95298e-09
7.95298e-09
7.95298e-09
7.95298e-09
7.95298e-09
7.95298e-09
7.95298e-09
7.95298e-09
7.95298e-09
7.95298e-09
7.95298e-09
7.95298e-09
7.95298e-09
7.95298e-09
7.95298e-09
7.95298e-09
7.95298e-09
7.95298e-09
7.95298e-09
7.95298e-09
7.95298e-09
7.95298e-09
7.95298e-09
7.95298e-09
7.95298e-09
7.95298e-09
7.95298e-09
7.95298e-09
7.95298e-09
7.95298e-09
7.95298e-09
7.95298e-09
7.95298e-09
7.95298e-09
7.95298e-09
7.95298e-09
7.95298e-09
7.95298e-09
7.95298e-09
7.95298e-09
7.95298e-09
7.95298e-09
7.95298e-09
7.95298e-09
7.95298e-09
7.95298e-09
7.95298e-09
7.95298e-09
7.95298e-09
7.95298e-09
7.95298e-09
7.95298e-09
7.95298e-09
7.95298e-09
7.95298e-09
7.95298e-09
7.95298e-09
7.95298e-09
7.95298e-09
7.95298e-09
7.95298e-09
7.95298e-09
7.95298e-09
7.95298e-09
7.95298e-09
7.95298e-09
7.95298e-09
7.95298e-09
7.95298e-09
7.95298e-09
7.95298e-09
7.95298e-09
7.95298e-09
7.95298e-09
7.95298e-09
7.95298e-09
7.95298e-09
7.95298e-09
7.95298e-09
7.95298e-09
7.95298e-09
7.95298e-09
7.95298e-09
7.95298e-09
7.95298e-09
7.95298e-09
7.95298e-09
7.95298e-09
7.95298e-09
7.95298e-09
7.95298e-09
7.95298e-09
7.95298e-09
7.95298e-09
7.95298e-09
7.95298e-09
7.95298e-09
7.95298e-09
7.95298e-09
7.95298e-09
7.95298e-09
7.95298e-09
7.95298e-09
7.95298e-09
7.95298e-09
7.95298e-09
7.95298e-09
7.95298e-09
7.95298e-09
7.95298e-09
7.95298e-09
7.95298e-09
7.95298e-09
7.95298e-09
7.95298e-09
7.95298e-09
7.95298e-09
7.95298e-09
7.95298e-09
7.95298e-09
7.95298e-09
7.95298e-09
7.95298e-09
7.95298e-09
7.95298e-09
7.95298e-09
7.95298e-09
7.95298e-09
7.95298e-09
7.95298e-09
7.95298e-09
7.95298e-09
7.95298e-09
7.95298e-09
7.95298e-09
7.95298e-09
7.95298e-09
7.95298e-09
7.95298e-09
7.95298e-09
7.95298e-09
7.95298e-09
7.95298e-09
7.95298e-09
7.95298e-09
7.95298e-09
7.95298e-09
7.95298e-09
7.95298e-09
7.95298e-09
7.95298e-09
7.95298e-09
7.95298e-09
7.95298e-09
7.95298e-09
7.95298e-09
7.95298e-09
7.95298e-09
7.95298e-09
7.95298e-09
7.95298e-09
7.95298e-09
7.95298e-09
7.95298e-09
7.95298e-09
7.95298e-09
7.95298e-09
7.95298e-09
7.95298e-09
7.95298e-09
7.95298e-09
7.95298e-09
7.95298e-09
7.95298e-09
7.95298e-09
7.95298e-09
7.95298e-09
7.95298e-09
7.95298e-09
7.95298e-09
7.95298e-09
7.95298e-09
7.95298e-09
7.95298e-09
7.95298e-09
7.95298e-09
7.95298e-09
7.95298e-09
7.95298e-09
7.95298e-09
7.95298e-09
7.95298e-09
7.95298e-09
7.95298e-09
7.95298e-09
7.95298e-09
7.95298e-09
7.95298e-09
7.95298e-09
7.95298e-09
7.95298e-09
7.95298e-09
7.95298e-09
7.95298e-09
7.95298e-09
7.95298e-09
7.95298e-09
7.95298e-09
7.95298e-09
7.95298e-09
7.95298e-09
7.95298e-09
7.95298e-09
7.95298e-09
7.95298e-09
7.95298e-09
7.95298e-09
7.95298e-09
7.95298e-09
7.95298e-09
7.95298e-09
7.95298e-09
7.95298e-09
7.95298e-09
7.95298e-09
7.95298e-09
7.95298e-09
7.95298e-09
7.95298e-09
7.95298e-09
7.95298e-09
7.95298e-09
7.95298e-09
7.95298e-09
7.95298e-09
7.95298e-09
7.95298e-09
7.95298e-09
7.95298e-09
7.95298e-09
7.95298e-09
7.95298e-09
7.95298e-09
7.95298e-09
7.95298e-09
7.95298e-09
7.95298e-09
7.95298e-09
7.95298e-09
7.95298e-09
7.95298e-09
7.95298e-09
7.95298e-09
7.95298e-09
7.95298e-09
7.95298e-09
7.95298e-09
7.95298e-09
7.95298e-09
7.95298e-09
7.95298e-09
7.95298e-09
7.95298e-09
7.95298e-09
7.95298e-09
7.95298e-09
7.95298e-09
7.95298e-09
7.95298e-09
7.95298e-09
7.95298e-09
7.95298e-09
7.95298e-09
7.95298e-09
7.95298e-09
7.95298e-09
7.95298e-09
7.95298e-09
7.95298e-09
7.95298e-09
7.95298e-09
7.95298e-09
7.95298e-09
7.95298e-09
7.95298e-09
7.95298e-09
7.95298e-09
7.95298e-09
7.95298e-09
7.95298e-09
7.95298e-09
7.95298e-09
7.95298e-09
7.95298e-09
7.95298e-09
7.95298e-09
7.95298e-09
7.95298e-09
7.95298e-09
7.95298e-09
7.95298e-09
7.95298e-09
7.95298e-09
7.95298e-09
7.95298e-09
7.95298e-09
7.95298e-09
7.95298e-09
7.95298e-09
7.95298e-09
7.95298e-09
7.95298e-09
7.95298e-09
7.95298e-09
7.95298e-09
7.95298e-09
7.95298e-09
7.95298e-09
7.95298e-09
7.95298e-09
7.95298e-09
7.95298e-09
7.95298e-09
7.95298e-09
7.95298e-09
7.95298e-09
7.95298e-09
7.95298e-09
7.95298e-09
7.95298e-09
7.95298e-09
7.95298e-09
7.95298e-09
7.95298e-09
7.95298e-09
7.95298e-09
7.95298e-09
7.95298e-09
7.95298e-09
7.95298e-09
7.95298e-09
7.95298e-09
7.95298e-09
7.95298e-09
7.95298e-09
7.95298e-09
7.95298e-09
7.95298e-09
7.95298e-09
7.95298e-09
7.95298e-09
7.95298e-09
7.95298e-09
7.95298e-09
7.95298e-09
7.95298e-09
7.95298e-09
7.95298e-09
7.95298e-09
7.95298e-09
7.95298e-09
7.95298e-09
7.95298e-09
7.95298e-09
7.95298e-09
7.95298e-09
7.95298e-09
7.95298e-09
7.95298e-09
7.95298e-09
7.95298e-09
7.95298e-09
7.95298e-09
7.95298e-09
7.95298e-09
7.95298e-09
7.95298e-09
7.95298e-09
7.95298e-09
7.95298e-09
7.95298e-09
7.95298e-09
7.95298e-09
7.95298e-09
7.95298e-09
7.95298e-09
7.95298e-09
7.95298e-09
7.95298e-09
7.95298e-09
7.95298e-09
7.95298e-09
7.95298e-09
7.95298e-09
7.95298e-09
7.95298e-09
7.95298e-09
7.95298e-09
7.95298e-09
7.95298e-09
7.95298e-09
7.95298e-09
7.95298e-09
7.95298e-09
7.95298e-09
7.95298e-09
7.95298e-09
7.95298e-09
7.95298e-09
7.95298e-09
7.95298e-09
7.95298e-09
7.95298e-09
7.95298e-09
7.95298e-09
7.95298e-09
7.95298e-09
7.95298e-09
7.95298e-09
7.95298e-09
7.95298e-09
7.95298e-09
7.95298e-09
7.95298e-09
7.95298e-09
7.95298e-09
7.95298e-09
7.95298e-09
7.95298e-09
7.95298e-09
7.95298e-09
7.95298e-09
7.95298e-09
7.95298e-09
7.95298e-09
7.95298e-09
7.95298e-09
7.95298e-09
7.95298e-09
7.95298e-09
7.95298e-09
7.95298e-09
7.95298e-09
7.95298e-09
7.95298e-09
7.95298e-09
7.95298e-09
7.95298e-09
7.95298e-09
7.95298e-09
7.95298e-09
7.95298e-09
7.95298e-09
7.95298e-09
7.95298e-09
7.95298e-09
7.95298e-09
7.95298e-09
7.95298e-09
7.95298e-09
7.95298e-09
7.95298e-09
7.95298e-09
7.95298e-09
7.95298e-09
7.95298e-09
7.95298e-09
7.95298e-09
7.95298e-09
7.95298e-09
7.95298e-09
7.95298e-09
7.95298e-09
7.95298e-09
7.95298e-09
7.95298e-09
7.95298e-09
7.95298e-09
7.95298e-09
7.95298e-09
7.95298e-09
7.95298e-09
7.95298e-09
7.95298e-09
7.95298e-09
7.95298e-09
7.95298e-09
7.95298e-09
7.95298e-09
7.95298e-09
7.95298e-09
7.95298e-09
7.95298e-09
7.95298e-09
7.95298e-09
7.95298e-09
7.95298e-09
7.95298e-09
7.95298e-09
7.95298e-09
7.95298e-09
7.95298e-09
7.95298e-09
7.95298e-09
7.95298e-09
7.95298e-09
7.95298e-09
7.95298e-09
7.95298e-09
7.95298e-09
7.95298e-09
7.95298e-09
7.95298e-09
7.95298e-09
7.95298e-09
7.95298e-09
7.95298e-09
7.95298e-09
7.95298e-09
7.95298e-09
7.95298e-09
7.95298e-09
7.95298e-09
7.95298e-09
7.95298e-09
7.95298e-09
7.95298e-09
7.95298e-09
7.95298e-09
7.95298e-09
7.95298e-09
7.95298e-09
7.95298e-09
7.95298e-09
7.95298e-09
7.95298e-09
7.95298e-09
7.95298e-09
7.95298e-09
7.95298e-09
7.95298e-09
7.95298e-09
7.95298e-09
7.95298e-09
7.95298e-09
7.95298e-09
7.95298e-09
7.95298e-09
7.95298e-09
7.95298e-09
7.95298e-09
7.95298e-09
7.95298e-09
7.95298e-09
7.95298e-09
7.95298e-09
7.95298e-09
7.95298e-09
7.95298e-09
7.95298e-09
7.95298e-09
7.95298e-09
7.95298e-09
7.95298e-09
7.95298e-09
7.95298e-09
7.95298e-09
7.95298e-09
7.95298e-09
7.95298e-09
7.95298e-09
7.95298e-09
7.95298e-09
7.95298e-09
7.95298e-09
7.95298e-09
7.95298e-09
7.95298e-09
7.95298e-09
7.95298e-09
7.95298e-09
7.95298e-09
7.95298e-09
7.95298e-09
7.95298e-09
7.95298e-09
7.95298e-09
7.95298e-09
7.95298e-09
7.95298e-09
7.95298e-09
7.95298e-09
7.95298e-09
7.95298e-09
7.95298e-09
7.95298e-09
7.95298e-09
7.95298e-09
7.95298e-09
7.95298e-09
7.95298e-09
7.95298e-09
7.95298e-09
7.95298e-09
7.95298e-09
7.95298e-09
7.95298e-09
7.95298e-09
7.95298e-09
7.95298e-09
7.95298e-09
7.95298e-09
7.95298e-09
1.69209e-09
1.69209e-09
1.69209e-09
1.69209e-09
1.69209e-09
1.69209e-09
1.69209e-09
1.69209e-09
1.69209e-09
1.69209e-09
1.69209e-09
1.69209e-09
1.69209e-09
1.69209e-09
1.69209e-09
1.69209e-09
1.69209e-09
1.69209e-09
1.69209e-09
1.69209e-09
1.69209e-09
1.69209e-09
1.69209e-09
1.69209e-09
1.69209e-09
1.69209e-09
1.69209e-09
1.69209e-09
1.69209e-09
1.69209e-09
1.69209e-09
1.69209e-09
1.69209e-09
1.69209e-09
1.69209e-09
1.69209e-09
1.69209e-09
1.69209e-09
1.69209e-09
1.69209e-09
1.69209e-09
1.69209e-09
1.69209e-09
1.69209e-09
1.69209e-09
1.69209e-09
1.69209e-09
1.69209e-09
1.69209e-09
1.69209e-09
1.69209e-09
1.69209e-09
1.69209e-09
1.69209e-09
1.69209e-09
1.69209e-09
1.69209e-09
1.69209e-09
1.69209e-09
1.69209e-09
1.69209e-09
1.69209e-09
1.69209e-09
1.69209e-09
1.69209e-09
1.69209e-09
1.69209e-09
1.69209e-09
1.69209e-09
1.69209e-09
1.69209e-09
