3.13461e+06
3.13461e+06
3.13461e+06
3.13461e+06
3.13461e+06
3.13461e+06
3.13461e+06
3.13461e+06
3.13461e+06
3.13461e+06
3.13461e+06
3.13461e+06
3.13461e+06
464126
464126
249841
249841
249841
249841
249841
249841
249841
249841
249841
249841
249841
249841
249841
42811
42811
42811
41355.7
41355.7
41355.7
41355.7
41355.7
41355.7
41355.7
41355.7
34233.3
6923.79
6923.79
6923.79
6923.79
6923.79
6923.79
6923.79
6923.79
6923.79
6923.79
1772.42
1772.42
1772.42
1772.42
1772.42
1772.42
1772.42
1772.42
1772.42
1344.09
1344.09
1344.09
1344.09
1344.09
1344.09
1344.09
1344.09
1344.09
1344.09
1332.28
729.801
729.801
652.015
520.989
294.531
294.531
254.869
254.869
241.559
241.559
211.47
210.617
210.617
210.617
210.617
210.617
210.617
210.617
210.617
207.558
207.558
207.558
207.558
207.558
186.42
186.42
186.42
186.42
186.42
186.42
186.42
186.42
186.42
186.42
184.935
184.935
184.935
184.935
184.935
184.935
184.935
184.935
184.935
184.935
184.935
184.935
181.97
181.97
181.97
181.97
181.97
181.97
181.97
181.97
181.97
181.97
181.97
181.97
181.97
181.97
181.97
181.97
181.97
181.97
181.97
181.97
181.97
181.97
181.97
181.97
181.97
181.97
181.97
181.97
181.97
181.97
181.97
181.97
181.97
181.97
181.97
181.97
181.97
181.97
181.97
181.97
181.97
181.97
181.97
181.97
181.97
181.97
181.97
181.97
181.97
181.97
181.97
181.97
181.97
181.97
181.97
181.97
181.97
181.97
181.97
181.97
181.97
181.97
181.97
181.97
181.97
181.97
181.97
181.97
181.97
181.97
181.97
181.97
181.97
181.97
181.97
181.97
181.97
181.97
181.97
181.97
181.874
181.874
180.579
180.579
180.579
180.579
180.579
180.579
180.579
180.579
180.579
180.579
180.579
180.579
180.579
180.579
180.579
180.579
180.579
180.579
180.579
180.579
180.579
180.579
180.579
180.579
180.579
180.579
180.579
180.579
180.579
180.579
180.579
180.579
180.579
180.579
180.579
180.579
180.579
180.579
180.579
180.579
180.579
180.579
180.579
180.579
180.579
180.579
180.579
180.579
180.579
180.579
180.579
180.579
180.579
180.579
180.579
180.579
180.579
180.579
180.579
180.579
180.579
180.579
180.579
180.579
180.579
180.579
180.579
180.579
180.579
180.579
180.579
180.579
180.579
180.579
180.579
180.579
180.579
180.579
180.579
180.579
180.579
180.579
180.579
180.579
180.579
180.579
180.579
180.579
180.579
180.579
180.579
180.579
180.579
180.579
180.579
180.579
180.579
180.579
180.579
180.579
180.579
180.579
180.579
180.579
180.579
180.579
180.579
180.579
180.579
180.579
180.579
180.579
180.579
180.579
180.579
180.579
180.579
163.006
163.006
163.006
163.006
163.006
163.006
163.006
163.006
163.006
163.006
163.006
163.006
163.006
163.006
163.006
163.006
163.006
163.006
163.006
163.006
163.006
163.006
163.006
163.006
163.006
163.006
163.006
163.006
163.006
163.006
163.006
163.006
163.006
163.006
163.006
163.006
163.006
163.006
163.006
163.006
163.006
163.006
163.006
163.006
163.006
163.006
163.006
163.006
163.006
163.006
163.006
163.006
163.006
163.006
163.006
163.006
163.006
163.006
163.006
163.006
163.006
163.006
163.006
163.006
163.006
163.006
163.006
163.006
163.006
163.006
163.006
163.006
163.006
163.006
163.006
163.006
163.006
163.006
163.006
163.006
163.006
163.006
163.006
163.006
163.006
163.006
163.006
163.006
163.006
163.006
163.006
163.006
163.006
163.006
163.006
163.006
163.006
163.006
163.006
163.006
163.006
163.006
163.006
163.006
163.006
163.006
163.006
163.006
163.006
163.006
163.006
163.006
163.006
163.006
163.006
163.006
163.006
163.006
163.006
163.006
163.006
163.006
163.006
163.006
163.006
163.006
163.006
163.006
163.006
163.006
163.006
163.006
163.006
163.006
163.006
163.006
163.006
163.006
163.006
163.006
163.006
163.006
163.006
163.006
163.006
163.006
163.006
163.006
163.006
163.006
163.006
163.006
163.006
163.006
163.006
163.006
163.006
163.006
163.006
163.006
163.006
163.006
163.006
163.006
163.006
163.006
163.006
163.006
163.006
163.006
163.006
163.006
163.006
163.006
163.006
163.006
163.006
163.006
163.006
163.006
163.006
163.006
163.006
163.006
163.006
163.006
163.006
163.006
163.006
163.006
163.006
163.006
163.006
163.006
163.006
163.006
163.006
163.006
163.006
163.006
163.006
163.006
163.006
163.006
163.006
163.006
163.006
163.006
163.006
163.006
163.006
163.006
163.006
163.006
163.006
163.006
163.006
163.006
163.006
163.006
163.006
163.006
163.006
163.006
163.006
163.006
163.006
163.006
163.006
163.006
163.006
163.006
163.006
163.006
163.006
163.006
163.006
163.006
163.006
163.006
163.006
163.006
163.006
163.006
163.006
163.006
163.006
163.006
163.006
163.006
163.006
163.006
163.006
163.006
163.006
163.006
163.006
163.006
163.006
163.006
163.006
163.006
163.006
163.006
163.006
163.006
163.006
163.006
163.006
163.006
163.006
163.006
163.006
163.006
163.006
163.006
163.006
163.006
163.006
163.006
163.006
157.517
157.517
157.517
157.517
157.517
157.517
157.517
157.517
157.517
157.517
157.517
157.517
157.517
157.517
157.517
157.517
157.517
157.517
157.517
157.517
157.517
157.517
157.517
157.517
157.517
157.517
157.517
157.517
157.517
157.517
157.517
157.517
157.517
157.517
157.517
157.517
157.517
157.517
157.517
157.517
157.517
157.517
157.517
157.517
157.517
157.517
157.517
157.517
157.517
157.517
157.517
157.517
157.517
157.517
157.517
157.517
157.517
157.517
157.517
157.517
157.517
157.517
157.517
157.517
157.517
157.517
157.517
157.517
157.517
157.517
157.517
157.517
157.517
157.517
157.517
157.517
157.517
157.517
157.517
157.517
157.517
157.517
157.517
157.517
157.517
157.517
157.517
157.517
157.517
157.517
157.517
157.517
157.517
157.517
157.517
157.517
157.517
157.517
157.517
157.517
157.517
157.517
157.517
157.517
157.517
157.517
157.517
157.517
157.517
157.517
157.517
157.517
157.517
157.517
157.517
157.517
157.517
157.517
157.517
157.517
157.517
157.517
157.517
157.517
157.517
157.517
157.517
157.517
157.517
157.517
157.517
157.517
157.517
157.517
157.517
157.517
157.517
157.517
157.517
157.517
157.517
157.517
157.517
157.517
157.517
157.517
157.517
157.517
157.517
157.517
157.517
157.517
157.517
157.517
157.517
157.517
157.517
157.517
157.517
157.517
157.517
157.517
157.517
157.517
157.517
157.517
157.517
157.517
157.517
157.517
157.517
157.517
157.517
157.517
157.517
157.517
157.517
157.517
157.517
157.517
157.517
157.517
157.517
157.517
157.517
157.517
157.517
157.517
157.517
157.517
157.517
157.517
157.517
157.517
157.517
157.517
157.517
157.517
157.517
157.517
157.517
157.517
157.517
157.517
157.517
157.517
157.517
157.517
157.517
157.517
157.517
157.517
157.517
157.517
157.517
157.517
157.517
157.517
157.517
157.517
157.517
157.517
157.517
157.517
157.517
157.517
157.517
157.517
157.517
157.517
157.517
157.517
157.517
157.517
157.517
157.517
157.517
157.517
157.517
157.517
157.517
157.517
157.517
157.517
157.517
157.517
157.517
157.517
157.517
157.517
157.517
157.517
157.517
157.517
157.517
157.517
157.517
157.517
157.517
157.517
157.517
157.517
157.517
157.517
157.517
157.517
157.517
157.517
157.517
157.517
157.517
157.517
157.517
157.517
157.517
157.517
157.517
157.517
157.517
157.517
157.517
157.517
157.517
157.517
157.517
157.517
157.517
157.517
157.517
157.517
157.517
157.517
157.517
157.517
157.517
157.517
157.517
157.517
157.517
157.517
157.517
157.517
157.517
157.517
157.517
157.517
157.517
157.517
157.517
157.517
157.517
157.517
157.517
157.517
157.517
157.517
157.517
157.517
157.517
157.517
157.517
157.517
157.517
157.517
157.517
157.517
157.517
157.517
157.517
157.517
157.517
157.517
157.517
157.517
157.517
157.517
157.517
157.517
157.517
157.517
157.517
157.517
157.517
157.517
157.517
157.517
157.517
157.517
157.517
157.517
157.517
157.517
157.517
157.517
157.517
157.517
157.517
157.517
157.517
157.517
157.517
157.517
157.517
157.517
157.517
157.517
157.517
157.517
157.517
157.517
157.517
157.517
157.517
157.517
157.517
157.517
157.517
157.517
157.517
157.517
157.517
157.517
157.517
157.517
157.517
157.517
157.517
157.517
157.517
157.517
157.517
157.517
157.517
157.517
157.517
157.517
157.517
157.517
157.517
157.517
157.517
157.517
157.517
157.517
157.517
157.517
157.517
157.517
157.517
157.517
157.517
157.517
157.517
157.517
157.517
157.517
157.517
157.517
157.517
157.517
157.517
157.517
157.517
157.517
157.517
157.517
157.517
157.517
157.517
157.517
157.517
157.517
157.517
157.517
157.517
157.517
157.517
157.517
157.517
157.517
157.517
157.517
157.517
157.517
157.517
157.517
157.517
157.517
157.517
157.517
157.517
157.517
157.517
157.517
157.517
157.517
157.517
157.517
157.517
157.517
157.517
157.517
157.517
157.517
157.517
157.517
157.517
157.517
157.517
157.517
157.517
157.517
157.517
157.517
157.517
157.517
157.517
157.517
157.517
157.517
157.517
157.517
157.517
157.517
157.517
157.517
157.517
157.517
157.517
157.517
157.517
157.517
157.517
157.517
157.517
157.517
157.517
157.517
157.517
157.517
157.517
157.517
157.517
157.517
157.517
157.517
157.517
157.517
157.517
157.517
157.517
157.517
157.517
157.517
157.517
157.517
157.517
157.517
157.517
157.517
157.517
157.517
157.517
157.517
157.517
157.517
157.517
157.517
157.517
157.517
157.517
157.517
157.517
157.517
157.517
157.517
157.517
157.517
157.517
157.517
157.517
157.517
157.517
157.517
157.517
157.517
157.517
157.517
157.517
157.517
157.517
157.517
157.517
157.517
157.517
157.517
157.517
157.517
157.517
157.517
157.517
157.517
157.517
157.517
157.517
157.517
157.517
157.517
157.517
157.517
157.517
157.517
157.517
157.517
157.517
157.517
157.517
157.517
157.517
157.517
157.517
157.517
157.517
157.517
157.517
157.517
157.517
157.517
157.517
157.517
157.517
157.517
157.517
157.517
157.517
157.517
157.517
157.517
157.517
157.517
157.517
157.517
157.517
157.517
157.517
157.517
157.517
157.517
157.517
157.517
157.517
157.517
157.517
157.517
157.517
157.517
157.517
157.517
157.517
157.517
157.517
157.517
157.517
157.517
157.517
157.517
157.517
157.517
157.517
157.517
157.517
157.517
157.517
157.517
157.517
157.517
157.517
157.517
157.517
157.517
157.517
157.517
157.517
157.517
157.517
157.517
157.517
157.517
157.517
157.517
157.517
157.517
157.517
157.517
157.517
157.517
157.517
157.517
157.517
157.517
157.517
157.517
157.517
157.517
157.517
157.517
157.517
157.517
157.517
157.517
157.517
157.517
157.517
157.517
157.517
157.517
157.517
157.517
157.517
157.517
157.517
157.517
157.517
157.517
157.517
157.517
157.517
157.517
157.517
157.517
157.517
157.517
157.517
157.517
157.517
157.517
157.517
157.517
157.517
157.517
157.517
157.517
157.517
157.517
157.517
157.517
157.517
157.517
157.517
157.517
157.517
157.517
157.517
157.517
157.517
157.517
157.517
157.517
157.517
157.517
157.517
157.517
157.517
157.517
157.517
157.517
157.517
157.517
157.517
157.517
157.517
157.517
157.517
157.517
157.517
157.517
157.517
157.517
157.517
157.517
157.517
157.517
157.517
157.517
157.517
157.517
157.517
157.517
157.517
157.517
157.517
157.517
157.517
157.517
157.517
157.517
157.517
157.517
157.517
157.517
157.517
157.517
157.517
157.517
157.517
157.517
157.517
157.517
157.517
157.517
157.517
157.517
157.517
157.517
157.517
157.517
157.517
157.517
157.517
157.517
157.517
157.517
157.517
157.517
157.517
157.517
157.517
157.517
157.517
157.517
157.517
157.517
157.517
157.517
157.517
157.517
157.517
157.517
157.517
157.517
157.517
157.517
157.517
157.517
157.517
157.517
157.517
157.517
157.517
157.517
157.517
157.517
157.517
157.517
157.517
157.517
157.517
157.517
157.517
157.517
157.517
157.517
157.517
157.517
157.517
157.517
157.517
157.517
157.517
157.517
157.517
157.517
157.517
157.517
157.517
157.517
157.517
157.517
157.517
157.517
157.517
157.517
157.517
157.517
157.517
157.517
157.517
157.517
157.517
157.517
157.517
157.517
157.517
157.517
157.517
157.517
157.517
157.517
157.517
157.517
157.517
157.517
157.517
157.517
157.517
157.517
157.517
157.517
157.517
157.517
157.517
157.517
157.517
157.517
157.517
157.517
157.517
157.517
157.517
157.517
157.517
157.517
157.517
157.517
157.517
157.517
157.517
157.517
157.517
157.517
157.517
157.517
157.517
157.517
157.517
157.517
157.517
157.517
157.517
157.517
157.517
157.517
157.517
157.517
157.517
157.517
157.517
157.517
157.517
157.517
157.517
157.517
157.517
157.517
157.517
157.517
157.517
157.517
157.517
157.517
157.517
157.517
157.517
157.517
157.517
157.517
157.517
157.517
157.517
157.517
157.517
157.517
157.517
157.517
157.517
157.517
157.517
157.517
157.517
157.517
157.517
157.517
157.517
157.517
157.517
157.517
157.517
157.517
157.517
157.517
157.517
157.517
157.517
157.517
157.517
157.517
157.517
157.517
157.517
157.517
157.517
157.517
157.517
157.517
157.517
157.517
157.517
157.517
157.517
157.517
157.517
157.517
157.517
157.517
157.517
157.517
157.517
157.517
157.517
157.517
157.517
157.517
157.517
157.517
157.517
157.517
157.517
157.517
157.517
157.517
157.517
157.517
157.517
157.517
157.517
157.517
157.517
157.517
157.517
157.517
157.517
157.517
157.517
157.517
157.517
157.517
157.517
157.517
157.517
157.517
157.517
157.517
157.517
157.517
157.517
157.517
157.517
157.517
157.517
157.517
157.517
157.517
157.517
157.517
157.517
157.517
157.517
157.517
157.517
157.517
157.517
157.517
157.517
157.517
157.517
157.517
157.517
157.517
157.517
157.517
157.517
157.517
157.517
157.517
157.517
157.517
157.517
157.517
157.517
157.517
157.517
157.517
157.517
157.517
157.517
157.517
157.517
157.517
157.517
157.517
157.517
157.517
157.517
157.517
157.517
157.517
157.517
157.517
157.517
157.517
157.517
157.517
157.517
157.517
157.517
157.517
157.517
157.517
157.517
157.517
157.517
157.517
157.517
157.517
157.517
157.517
157.517
157.517
157.517
157.517
157.517
157.517
157.517
157.517
157.517
157.517
157.517
157.517
157.517
157.517
157.517
157.517
157.517
157.517
157.517
157.517
157.517
157.517
157.517
157.517
157.517
157.517
157.517
157.517
157.517
157.517
157.517
157.517
157.517
157.517
157.517
157.517
157.517
157.517
157.517
157.517
157.517
157.517
157.517
157.517
157.517
157.517
157.517
157.517
157.517
157.517
157.517
157.517
157.517
157.517
157.517
157.517
157.517
157.517
157.517
157.517
157.517
157.517
157.517
157.517
157.517
157.517
157.517
157.517
157.517
157.517
157.517
157.517
157.517
157.517
157.517
157.517
157.517
157.517
157.517
157.517
157.517
157.517
157.517
157.517
157.517
157.517
157.517
157.517
157.517
157.517
157.517
157.517
157.517
157.517
157.517
157.517
157.517
157.517
157.517
157.517
157.517
157.517
157.517
157.517
157.517
157.517
157.517
157.517
157.517
157.517
157.517
157.517
157.517
157.517
157.517
157.517
157.517
157.517
157.517
157.517
157.517
157.517
157.517
157.517
157.517
157.517
157.517
157.517
157.517
157.517
157.517
147.488
147.488
147.488
147.488
147.488
147.488
147.488
147.488
147.488
147.488
147.488
147.488
147.488
147.488
147.488
147.488
147.488
147.488
147.488
147.488
147.488
147.488
147.488
147.488
147.488
147.488
147.488
147.488
147.488
147.488
147.488
147.488
147.488
147.488
147.488
147.488
147.488
147.488
147.488
147.488
147.488
147.488
147.488
147.488
147.488
147.488
147.488
147.488
147.488
147.488
147.488
147.488
147.488
147.488
147.488
147.488
147.488
147.488
147.488
147.488
147.488
147.488
147.488
147.488
147.488
147.488
147.488
147.488
147.488
147.488
147.488
147.488
147.488
147.488
147.488
147.488
147.488
147.488
147.488
147.488
147.488
147.488
147.488
147.488
147.488
147.488
147.488
147.488
147.488
147.488
147.488
147.488
147.488
147.488
147.488
147.488
147.488
147.488
147.488
147.488
147.488
147.488
147.488
147.488
147.488
147.488
147.488
147.488
147.488
147.488
147.488
147.488
147.488
147.488
147.488
147.488
147.488
147.488
147.488
147.488
147.488
147.488
147.488
147.488
147.488
147.488
147.488
147.488
147.488
147.488
147.488
147.488
147.488
147.488
147.488
147.488
147.488
147.488
147.488
147.488
147.488
147.488
147.488
147.488
147.488
147.488
147.488
147.488
147.488
147.488
147.488
147.488
147.488
147.488
147.488
147.488
147.488
147.488
147.488
147.488
147.488
147.488
147.488
147.488
147.488
147.488
147.488
147.488
147.488
147.488
147.488
147.488
147.488
147.488
147.488
147.488
147.488
147.488
147.488
147.488
147.488
147.488
147.488
147.488
147.488
147.488
147.488
147.488
147.488
147.488
147.488
147.488
147.488
147.488
147.488
147.488
147.488
147.488
147.488
147.488
147.488
147.488
147.488
147.488
147.488
147.488
147.488
147.488
147.488
147.488
147.488
147.488
147.488
147.488
147.488
147.488
147.488
147.488
147.488
147.488
147.488
147.488
147.488
147.488
147.488
147.488
147.488
147.488
147.488
147.488
147.488
147.488
147.488
147.488
147.488
147.488
147.488
147.488
147.488
147.488
147.488
147.488
147.488
147.488
147.488
147.488
147.488
147.488
147.488
147.488
147.488
147.488
147.488
147.488
147.488
147.488
147.488
147.488
147.488
147.488
147.488
147.488
147.488
147.488
147.488
147.488
147.488
147.488
147.488
147.488
147.488
147.488
147.488
147.488
147.488
147.488
147.488
147.488
147.488
147.488
147.488
147.488
147.488
147.488
147.488
147.488
147.488
147.488
147.488
147.488
147.488
147.488
147.488
147.488
147.488
147.488
147.488
147.488
147.488
147.488
147.488
147.488
147.488
147.488
147.488
147.488
147.488
147.488
147.488
147.488
147.488
147.488
147.488
147.488
147.488
147.488
147.488
147.488
147.488
147.488
147.488
147.488
147.488
147.488
147.488
147.488
147.488
147.488
147.488
147.488
147.488
147.488
147.488
147.488
147.488
147.488
147.488
147.488
147.488
147.488
147.488
147.488
147.488
147.488
147.488
147.488
147.488
147.488
147.488
147.488
147.488
147.488
147.488
147.488
147.488
147.488
147.488
147.488
147.488
147.488
147.488
147.488
147.488
147.488
147.488
147.488
147.488
147.488
147.488
147.488
147.488
147.488
147.488
147.488
147.488
147.488
147.488
147.488
147.488
147.488
147.488
147.488
147.488
147.488
147.488
147.488
147.488
147.488
147.488
147.488
147.488
147.488
147.488
147.488
147.488
147.488
147.488
147.488
147.488
147.488
147.488
147.488
147.488
147.488
147.488
147.488
147.488
147.488
147.488
147.488
147.488
147.488
147.488
147.488
147.488
147.488
147.488
147.488
147.488
147.488
147.488
147.488
147.488
147.488
147.488
147.488
147.488
147.488
147.488
147.488
147.488
147.488
147.488
147.488
147.488
147.488
147.488
147.488
147.488
147.488
147.488
147.488
147.488
147.488
147.488
147.488
147.488
147.488
147.488
147.488
147.488
147.488
147.488
147.488
147.488
147.488
147.488
147.488
147.488
147.488
147.488
147.488
147.488
147.488
147.488
147.488
147.488
147.488
147.488
147.488
147.488
147.488
147.488
147.488
147.488
147.488
147.488
147.488
147.488
147.488
147.488
147.488
147.488
147.488
147.488
147.488
147.488
147.488
147.488
147.488
147.488
147.488
147.488
147.488
147.488
147.488
147.488
147.488
147.488
147.488
147.488
147.488
147.488
147.488
147.488
147.488
147.488
147.488
147.488
147.488
147.488
147.488
147.488
147.488
147.488
147.488
147.488
147.488
147.488
147.488
147.488
147.488
147.488
147.488
147.488
147.488
147.488
147.488
147.488
147.488
147.488
147.488
147.488
147.488
147.488
147.488
147.488
147.488
147.488
147.488
147.488
147.488
147.488
147.488
147.488
147.488
147.488
147.488
147.488
147.488
147.488
147.488
147.488
147.488
147.488
147.488
147.488
147.488
147.488
147.488
147.488
147.488
147.488
147.488
147.488
147.488
147.488
147.488
147.488
147.488
147.488
147.488
147.488
147.488
147.488
147.488
147.488
147.488
147.488
147.488
147.488
147.488
147.488
147.488
147.488
147.488
147.488
147.488
147.488
147.488
147.488
147.488
147.488
147.488
147.488
147.488
147.488
147.488
147.488
147.488
147.488
147.488
147.488
147.488
147.488
147.488
147.488
147.488
147.488
147.488
147.488
147.488
147.488
147.488
147.488
147.488
147.488
147.488
147.488
147.488
147.488
147.488
147.488
147.488
147.488
147.488
147.488
147.488
147.488
147.488
147.488
147.488
147.488
147.488
147.488
147.488
147.488
147.488
147.488
147.488
147.488
147.488
147.488
147.488
147.488
147.488
147.488
147.488
147.488
147.488
147.488
147.488
147.488
147.488
147.488
147.488
147.488
147.488
147.488
147.488
147.488
147.488
147.488
147.488
147.488
147.488
147.488
147.488
147.488
147.488
147.488
147.488
147.488
147.488
147.488
147.488
147.488
147.488
147.488
147.488
147.488
147.488
147.488
147.488
147.488
147.488
147.488
147.488
147.488
147.488
147.488
147.488
147.488
147.488
147.488
147.488
147.488
147.488
147.488
147.488
147.488
147.488
147.488
147.488
147.488
147.488
147.488
147.488
147.488
147.488
147.488
147.488
147.488
147.488
147.488
147.488
147.488
147.488
147.488
147.488
147.488
147.488
147.488
147.488
147.488
147.488
147.488
147.488
147.488
147.488
147.488
147.488
147.488
147.488
147.488
147.488
147.488
147.488
147.488
147.488
147.488
147.488
147.488
147.488
147.488
147.488
147.488
147.488
147.488
147.488
147.488
147.488
147.488
147.488
147.488
147.488
147.488
147.488
147.488
147.488
147.488
147.488
147.488
147.488
147.488
147.488
147.488
147.488
147.488
147.488
147.488
147.488
147.488
147.488
147.488
147.488
147.488
147.488
147.488
147.488
147.488
147.488
147.488
147.488
147.488
147.488
147.488
147.488
147.488
147.488
147.488
147.488
147.488
147.488
147.488
147.488
147.488
147.488
147.488
147.488
147.488
147.488
147.488
147.488
147.488
147.488
147.488
147.488
147.488
147.488
147.488
147.488
147.488
147.488
147.488
147.488
147.488
147.488
147.488
147.488
147.488
147.488
147.488
147.488
147.488
147.488
147.488
147.488
147.488
147.488
147.488
147.488
147.488
147.488
147.488
147.488
147.488
147.488
147.488
147.488
147.488
147.488
147.488
147.488
147.488
147.488
147.488
147.488
147.488
147.488
147.488
147.488
147.488
147.488
147.488
147.488
147.488
147.488
147.488
147.488
147.488
147.488
147.488
147.488
147.488
147.488
147.488
147.488
147.488
147.488
147.488
147.488
147.488
147.488
147.488
147.488
147.488
147.488
147.488
147.488
147.488
147.488
147.488
147.488
147.488
147.488
147.488
147.488
147.488
147.488
147.488
147.488
147.488
147.488
147.488
147.488
147.488
147.488
147.488
147.488
147.488
147.488
147.488
147.488
147.488
147.488
147.488
147.488
147.488
147.488
147.488
147.488
147.488
147.488
147.488
147.488
147.488
147.488
147.488
147.488
147.488
147.488
147.488
147.488
147.488
147.488
147.488
147.488
147.488
147.488
147.488
147.488
147.488
147.488
147.488
147.488
147.488
147.488
147.488
147.488
147.488
147.488
147.488
147.488
147.488
147.488
147.488
147.488
147.488
147.488
147.488
147.488
147.488
147.488
147.488
147.488
147.488
147.488
147.488
147.488
147.488
147.488
147.488
147.488
147.488
147.488
147.488
147.488
147.488
147.488
147.488
147.488
147.488
147.488
147.488
147.488
147.488
147.488
147.488
147.488
147.488
147.488
147.488
147.488
147.488
147.488
147.488
147.488
147.488
147.488
147.488
147.488
147.488
147.488
147.488
147.488
147.488
147.488
147.488
147.488
147.488
147.488
147.488
147.488
147.488
147.488
147.488
147.488
147.488
147.488
147.488
147.488
147.488
147.488
147.488
147.488
147.488
147.488
147.488
147.488
147.488
147.488
147.488
147.488
147.488
147.488
147.488
147.488
147.488
147.488
147.488
147.488
147.488
147.488
147.488
147.488
147.488
147.488
147.488
147.488
147.488
147.488
147.488
147.488
147.488
147.488
147.488
147.488
147.488
147.488
147.488
147.488
147.488
147.488
147.488
147.488
147.488
147.488
147.488
147.488
147.488
147.488
147.488
147.488
147.488
147.488
147.488
147.488
147.488
147.488
147.488
147.488
147.488
147.488
147.488
147.488
147.488
147.488
147.488
147.488
147.488
147.488
147.488
147.488
147.488
147.488
147.488
147.488
147.488
147.488
147.488
147.488
147.488
147.488
147.488
147.488
147.488
147.488
147.488
147.488
147.488
147.488
147.488
147.488
147.488
147.488
147.488
147.488
147.488
147.488
147.488
147.488
147.488
147.488
147.488
147.488
147.488
147.488
147.488
147.488
147.488
147.488
147.488
147.488
147.488
147.488
147.488
147.488
147.488
147.488
147.488
147.488
147.488
147.488
147.488
147.488
147.488
147.488
147.488
147.488
147.488
147.488
147.488
147.488
147.488
147.488
147.488
147.488
147.488
147.488
147.488
147.488
147.488
147.488
147.488
147.488
147.488
147.488
147.488
147.488
147.488
147.488
147.488
147.488
147.488
147.488
147.488
147.488
147.488
147.488
147.488
147.488
147.488
147.488
147.488
147.488
147.488
147.488
147.488
147.488
147.488
147.488
147.488
147.488
147.488
147.488
147.488
147.488
147.488
147.488
147.488
147.488
147.488
147.488
147.488
147.488
147.488
147.488
147.488
147.488
147.488
147.488
147.488
147.488
147.488
147.488
147.488
147.488
147.488
147.488
147.488
147.488
147.488
147.488
147.488
147.488
147.488
147.488
147.488
147.488
147.488
147.488
147.488
147.488
147.488
147.488
147.488
147.488
147.488
147.488
147.488
147.488
147.488
147.488
147.488
147.488
147.488
147.488
147.488
147.488
147.488
147.488
147.488
147.488
147.488
147.488
147.488
147.488
147.488
147.488
147.488
147.488
147.488
147.488
147.488
147.488
147.488
147.488
147.488
147.488
147.488
147.488
147.488
147.488
147.488
147.488
147.488
147.488
147.488
147.488
147.488
147.488
147.488
147.488
147.488
147.488
147.488
147.488
147.488
147.488
147.488
147.488
147.488
147.488
147.488
147.488
147.488
147.488
147.488
140.334
106.67
106.67
97.2307
97.2307
97.2307
97.2307
97.2307
97.2307
97.2307
97.2307
97.2307
97.2307
97.2307
97.2307
97.2307
97.2307
97.2307
97.2307
93.518
62.5633
62.5633
62.5633
62.5633
62.5633
62.5633
62.5633
62.5633
62.5633
35.7839
35.7839
35.7839
35.7839
35.7839
35.7839
35.7839
35.7839
35.7839
35.7839
26.4291
26.4291
26.4291
26.4291
19.3738
16.4038
8.34927
5.97461
5.97461
5.55219
5.55219
5.55219
5.55219
5.55219
5.55219
5.55219
5.55219
5.55219
5.11168
3.60579
1.32335
1.2689
1.21797
0.861132
0.861132
0.326731
0.326731
0.326731
0.326731
0.326731
0.326731
0.326731
0.326731
0.326731
0.326731
0.326731
0.326731
0.326731
0.326731
0.235659
0.235659
0.235659
0.235659
0.137614
0.137614
0.0654705
0.0184376
0.0111428
0.00928557
0.00928557
0.00928557
0.00928557
0.00928557
0.00928557
0.00928557
0.00928557
0.00928557
0.00865654
0.00865654
0.00780328
0.00550773
0.00484452
0.00271789
0.00165007
0.00165007
0.00165007
0.00165007
0.00165007
0.00165007
0.00165007
0.00165007
0.00165007
0.00165007
0.00165007
0.00165007
0.00165007
0.00124609
0.000895334
0.000602784
0.000602784
0.000544142
0.000376493
0.000285594
0.000158159
7.9261e-05
1.37416e-05
1.37416e-05
1.37416e-05
1.37416e-05
1.37416e-05
1.37416e-05
1.37416e-05
1.37416e-05
1.37416e-05
1.37416e-05
1.37416e-05
1.37416e-05
1.37416e-05
1.37416e-05
1.37416e-05
1.37416e-05
1.37416e-05
1.37416e-05
1.37416e-05
1.37416e-05
1.37416e-05
1.37416e-05
1.37416e-05
1.37416e-05
1.37416e-05
1.37416e-05
1.37416e-05
1.16476e-05
1.16476e-05
1.16476e-05
1.16476e-05
1.16476e-05
1.16476e-05
1.16476e-05
1.16476e-05
1.16476e-05
1.16476e-05
1.16476e-05
1.16476e-05
1.16476e-05
6.86401e-06
4.28284e-06
4.28284e-06
2.28529e-06
2.28529e-06
2.28529e-06
2.22762e-06
2.22762e-06
2.22762e-06
2.17826e-06
2.17826e-06
2.17826e-06
2.17826e-06
1.92248e-06
6.88064e-07
6.52852e-07
4.57975e-07
4.57975e-07
4.57975e-07
4.57975e-07
1.9653e-07
1.65152e-07
1.65152e-07
1.65152e-07
1.65152e-07
1.65152e-07
1.65152e-07
1.65152e-07
1.55636e-07
1.12044e-07
9.04453e-08
4.67404e-08
4.67404e-08
4.15967e-08
2.98062e-08
8.56187e-09
8.56187e-09
8.56187e-09
4.36387e-09
4.36387e-09
4.36387e-09
4.36387e-09
4.36387e-09
4.36387e-09
4.36387e-09
4.36387e-09
4.36387e-09
4.36387e-09
4.36387e-09
4.36387e-09
4.36387e-09
4.36387e-09
4.36387e-09
4.36387e-09
4.36387e-09
4.36387e-09
4.36387e-09
4.36387e-09
4.36387e-09
4.36387e-09
4.36387e-09
4.36387e-09
4.36387e-09
4.36387e-09
4.36387e-09
4.36387e-09
4.36387e-09
4.36387e-09
4.36387e-09
4.36387e-09
4.36387e-09
4.36387e-09
4.36387e-09
4.36387e-09
4.36387e-09
4.36387e-09
4.36387e-09
4.36387e-09
4.36387e-09
4.36387e-09
4.36387e-09
4.36387e-09
4.36387e-09
4.36387e-09
4.36387e-09
4.36387e-09
4.36387e-09
4.36387e-09
4.36387e-09
4.36387e-09
4.36387e-09
4.36387e-09
4.36387e-09
4.36387e-09
4.36387e-09
4.36387e-09
4.36387e-09
4.36387e-09
4.36387e-09
4.36387e-09
4.36387e-09
4.36387e-09
4.36387e-09
4.36387e-09
4.36387e-09
4.36387e-09
4.36387e-09
4.36387e-09
4.36387e-09
4.36387e-09
4.36387e-09
4.36387e-09
4.36387e-09
4.36387e-09
4.36387e-09
4.36387e-09
4.36387e-09
4.36387e-09
4.36387e-09
4.36387e-09
4.36387e-09
4.36387e-09
4.36387e-09
4.36387e-09
4.36387e-09
4.36387e-09
4.36387e-09
4.36387e-09
4.36387e-09
4.36387e-09
4.36387e-09
4.36387e-09
4.36387e-09
4.36387e-09
4.36387e-09
4.36387e-09
4.36387e-09
4.36387e-09
4.36387e-09
4.36387e-09
4.36387e-09
4.36387e-09
4.36387e-09
4.36387e-09
4.36387e-09
4.36387e-09
4.36387e-09
4.36387e-09
4.36387e-09
4.36387e-09
4.36387e-09
4.36387e-09
4.36387e-09
4.36387e-09
4.36387e-09
4.36387e-09
4.36387e-09
4.36387e-09
4.36387e-09
4.36387e-09
4.36387e-09
4.36387e-09
4.36387e-09
4.36387e-09
4.36387e-09
4.36387e-09
4.36387e-09
4.36387e-09
4.36387e-09
4.36387e-09
4.36387e-09
4.36387e-09
4.36387e-09
4.36387e-09
4.36387e-09
4.36387e-09
4.36387e-09
4.36387e-09
4.36387e-09
4.36387e-09
4.36387e-09
4.36387e-09
4.36387e-09
4.36387e-09
4.36387e-09
4.36387e-09
4.36387e-09
4.36387e-09
4.36387e-09
4.36387e-09
4.36387e-09
4.36387e-09
4.36387e-09
4.36387e-09
4.36387e-09
4.36387e-09
4.36387e-09
4.36387e-09
4.36387e-09
4.36387e-09
4.36387e-09
4.36387e-09
4.36387e-09
4.36387e-09
4.36387e-09
4.36387e-09
4.36387e-09
4.36387e-09
4.36387e-09
4.36387e-09
4.36387e-09
4.36387e-09
4.36387e-09
4.36387e-09
4.36387e-09
4.36387e-09
4.36387e-09
4.36387e-09
4.36387e-09
4.36387e-09
4.36387e-09
4.36387e-09
4.36387e-09
4.36387e-09
4.36387e-09
4.36387e-09
4.36387e-09
4.36387e-09
4.36387e-09
4.36387e-09
4.36387e-09
4.36387e-09
4.36387e-09
4.36387e-09
4.36387e-09
4.36387e-09
4.36387e-09
4.36387e-09
4.36387e-09
4.36387e-09
4.36387e-09
4.36387e-09
4.36387e-09
4.36387e-09
4.36387e-09
4.36387e-09
4.36387e-09
4.36387e-09
4.36387e-09
4.36387e-09
4.36387e-09
4.36387e-09
4.36387e-09
4.36387e-09
4.36387e-09
4.36387e-09
4.36387e-09
4.36387e-09
4.36387e-09
4.36387e-09
4.36387e-09
4.36387e-09
4.36387e-09
4.36387e-09
4.36387e-09
4.36387e-09
4.36387e-09
4.36387e-09
4.36387e-09
4.36387e-09
4.36387e-09
4.36387e-09
4.36387e-09
4.36387e-09
4.36387e-09
4.36387e-09
4.36387e-09
4.36387e-09
4.36387e-09
4.36387e-09
4.36387e-09
4.36387e-09
4.36387e-09
4.36387e-09
4.36387e-09
4.36387e-09
4.36387e-09
4.36387e-09
4.36387e-09
4.36387e-09
4.36387e-09
4.36387e-09
4.36387e-09
4.36387e-09
4.36387e-09
4.36387e-09
4.36387e-09
4.36387e-09
4.36387e-09
4.36387e-09
4.36387e-09
4.36387e-09
4.36387e-09
4.36387e-09
4.36387e-09
4.36387e-09
4.36387e-09
4.36387e-09
4.36387e-09
4.36387e-09
4.36387e-09
4.36387e-09
4.36387e-09
4.36387e-09
4.36387e-09
4.36387e-09
4.36387e-09
4.36387e-09
4.36387e-09
4.36387e-09
4.36387e-09
4.36387e-09
4.36387e-09
4.36387e-09
4.36387e-09
4.36387e-09
4.36387e-09
4.36387e-09
4.36387e-09
4.36387e-09
4.36387e-09
4.36387e-09
4.36387e-09
4.36387e-09
4.36387e-09
4.36387e-09
4.36387e-09
4.36387e-09
4.36387e-09
4.36387e-09
4.36387e-09
4.36387e-09
4.36387e-09
4.36387e-09
4.36387e-09
4.36387e-09
4.36387e-09
4.36387e-09
4.36387e-09
4.36387e-09
4.36387e-09
4.36387e-09
4.36387e-09
4.36387e-09
4.36387e-09
4.36387e-09
4.36387e-09
4.36387e-09
4.36387e-09
4.36387e-09
4.36387e-09
4.36387e-09
4.36387e-09
4.36387e-09
4.36387e-09
4.36387e-09
4.36387e-09
4.36387e-09
4.36387e-09
4.36387e-09
4.36387e-09
4.36387e-09
4.36387e-09
4.36387e-09
4.36387e-09
4.36387e-09
4.36387e-09
4.36387e-09
4.36387e-09
4.36387e-09
4.36387e-09
4.36387e-09
4.36387e-09
4.36387e-09
4.36387e-09
4.36387e-09
4.36387e-09
4.36387e-09
4.36387e-09
4.36387e-09
4.36387e-09
4.36387e-09
4.36387e-09
4.36387e-09
4.36387e-09
4.36387e-09
4.36387e-09
4.36387e-09
4.36387e-09
4.36387e-09
4.36387e-09
4.36387e-09
4.36387e-09
4.36387e-09
4.36387e-09
4.36387e-09
4.36387e-09
4.36387e-09
4.36387e-09
4.36387e-09
4.36387e-09
4.36387e-09
4.36387e-09
4.36387e-09
4.36387e-09
4.36387e-09
4.36387e-09
4.36387e-09
4.36387e-09
4.36387e-09
4.36387e-09
4.36387e-09
4.36387e-09
4.36387e-09
4.36387e-09
4.36387e-09
4.36387e-09
4.36387e-09
4.36387e-09
4.36387e-09
4.36387e-09
4.36387e-09
4.36387e-09
4.36387e-09
4.36387e-09
4.36387e-09
4.36387e-09
4.36387e-09
4.36387e-09
4.36387e-09
4.36387e-09
4.36387e-09
4.36387e-09
4.36387e-09
4.36387e-09
4.36387e-09
4.36387e-09
4.36387e-09
4.36387e-09
4.36387e-09
4.36387e-09
4.36387e-09
4.36387e-09
4.36387e-09
4.36387e-09
4.36387e-09
4.36387e-09
4.36387e-09
4.36387e-09
4.36387e-09
4.36387e-09
4.36387e-09
4.36387e-09
4.36387e-09
4.36387e-09
4.36387e-09
4.36387e-09
4.36387e-09
4.36387e-09
4.36387e-09
4.36387e-09
4.36387e-09
4.36387e-09
4.36387e-09
4.36387e-09
4.36387e-09
4.36387e-09
4.36387e-09
4.36387e-09
4.36387e-09
4.36387e-09
4.36387e-09
4.36387e-09
4.36387e-09
4.36387e-09
4.36387e-09
4.36387e-09
4.36387e-09
4.36387e-09
4.36387e-09
4.36387e-09
4.36387e-09
4.36387e-09
4.36387e-09
4.36387e-09
4.36387e-09
4.36387e-09
4.36387e-09
4.36387e-09
4.36387e-09
4.36387e-09
4.36387e-09
4.36387e-09
4.36387e-09
4.36387e-09
4.36387e-09
4.36387e-09
4.36387e-09
4.36387e-09
4.36387e-09
4.36387e-09
4.36387e-09
4.36387e-09
4.36387e-09
4.36387e-09
4.36387e-09
4.36387e-09
4.36387e-09
4.36387e-09
4.36387e-09
4.36387e-09
4.36387e-09
4.36387e-09
4.36387e-09
4.36387e-09
4.36387e-09
4.36387e-09
4.36387e-09
4.36387e-09
4.36387e-09
4.36387e-09
4.36387e-09
4.36387e-09
4.36387e-09
4.36387e-09
4.36387e-09
4.36387e-09
4.36387e-09
4.36387e-09
4.36387e-09
4.36387e-09
4.36387e-09
