37.7907
31.8171
25.8297
21.1126
13.8474
9.72493
9.72493
9.72493
9.72493
9.72493
9.72493
9.72493
9.72493
9.72493
9.72493
9.72493
9.72493
7.74684
7.74684
7.17035
7.17035
7.17035
6.80099
6.63098
6.1863
6.1863
5.4177
5.4177
5.4177
4.76171
4.76171
4.76171
4.6072
3.79141
3.79141
3.56224
3.31157
3.15773
3.15773
3.15773
3.0655
2.89033
2.89033
2.63654
2.63654
2.63654
2.60456
2.60456
2.1619
2.1619
2.1619
2.1619
2.1619
2.1619
2.1619
2.1619
2.1619
1.73988
1.73988
1.73988
1.73988
1.73988
1.73988
1.73988
1.7004
1.7004
1.7004
1.7004
1.51392
1.51392
1.51392
1.51392
1.51392
1.51392
1.51392
1.51392
1.51392
1.51392
1.51392
1.51392
1.44087
1.44084
1.44084
1.44084
1.44084
1.44084
1.44084
1.44084
1.44084
1.44084
1.31041
1.31041
1.31041
1.24192
1.24192
1.24192
1.24192
1.24192
1.24192
1.12831
1.12831
1.12831
1.12831
1.12831
1.12831
1.12831
1.12831
1.12831
1.12831
1.12831
1.12831
1.12831
1.10213
1.00056
1.00056
1.00056
1.00056
1.00056
1.00056
1.00056
1.00056
1.00056
1.00056
1.00056
1.00056
1.00056
1.00056
1.00056
1.00056
1.00056
1.00056
1.00056
1.00056
1.00056
1.00056
1.00056
1.00056
1.00056
1.00056
1.00056
1.00056
1.00056
1.00056
1.00056
1.00056
1.00056
1.00056
1.00056
1.00056
1.00056
1.00056
1.00056
1.00056
1.00056
1.00056
1.00056
1.00056
1.00056
1.00056
1.00056
1.00056
1.00056
1.00056
1.00056
1.00056
1.00056
1.00056
1.00056
1.00056
1.00056
1.00056
1.00056
1.00056
1.00056
1.00056
1.00056
1.00056
1.00056
1.00056
1.00056
1.00056
1.00056
1.00056
1.00056
1.00056
1.00056
1.00056
1.00056
1.00056
1.00056
1.00056
1.00056
1.00056
1.00056
1.00056
1.00056
1.00056
1.00056
1.00056
1.00056
1.00056
1.00056
1.00056
1.00056
1.00056
1.00056
1.00056
1.00056
1.00056
1.00056
1.00056
1.00056
1.00056
1.00056
1.00056
1.00056
1.00056
1.00056
1.00056
1.00056
1.00056
1.00056
1.00056
1.00056
1.00056
1.00056
1.00056
1.00056
1.00056
1.00056
1.00056
1.00056
1.00056
1.00056
1.00056
1.00056
1.00056
1.00056
1.00056
1.00056
1.00056
1.00056
1.00056
1.00056
1.00056
1.00056
1.00056
1.00056
1.00056
1.00056
1.00056
1.00056
1.00056
1.00056
1.00056
1.00056
1.00056
1.00056
1.00056
1.00056
1.00056
1.00056
1.00056
1.00056
1.00056
1.00056
1.00056
1.00056
1.00056
1.00056
1.00056
1.00056
1.00056
1.00056
1.00056
1.00056
1.00056
1.00056
1.00056
1.00056
1.00056
1.00056
1.00056
1.00056
1.00056
1.00056
1.00056
1.00056
1.00056
1.00056
1.00056
1.00056
1.00056
1.00056
1.00056
1.00056
1.00056
1.00056
1.00056
1.00056
1.00056
1.00056
1.00056
1.00056
1.00056
1.00056
1.00056
1.00056
1.00056
1.00056
1.00056
1.00056
1.00056
1.00056
1.00056
1.00056
1.00056
1.00056
1.00056
1.00056
1.00056
1.00056
1.00056
1.00056
1.00056
1.00056
1.00056
1.00056
1.00056
1.00056
1.00056
1.00056
1.00056
1.00056
1.00056
1.00056
1.00056
1.00056
0.968718
0.968718
0.968718
0.968718
0.968718
0.968718
0.968718
0.968718
0.968718
0.968718
0.968718
0.968718
0.968718
0.968718
0.968718
0.968718
0.968718
0.968718
0.968718
0.968718
0.968718
0.968718
0.968718
0.968718
0.968718
0.968718
0.968718
0.968718
0.968718
0.968718
0.968718
0.968718
0.968718
0.968718
0.968718
0.968718
0.968718
0.968718
0.968718
0.968718
0.968718
0.968718
0.968718
0.968718
0.968718
0.968718
0.968718
0.968718
0.968718
0.968718
0.968718
0.968718
0.968718
0.968718
0.968718
0.968718
0.968718
0.968718
0.968718
0.968718
0.968718
0.968718
0.968718
0.968718
0.968718
0.968718
0.968718
0.968718
0.968718
0.968718
0.968718
0.968718
0.951029
0.951029
0.951029
0.951029
0.951029
0.951029
0.951029
0.951029
0.951029
0.951029
0.951029
0.951029
0.951029
0.951029
0.951029
0.951029
0.951029
0.951029
0.951029
0.951029
0.951029
0.951029
0.951029
0.951029
0.909567
0.909567
0.909567
0.909567
0.909567
0.909567
0.909567
0.909567
0.909567
0.909567
0.909567
0.909567
0.909567
0.909567
0.909567
0.909567
0.909567
0.909567
0.909567
0.909567
0.909567
0.909567
0.909567
0.909567
0.909567
0.909567
0.909567
0.909567
0.909567
0.909567
0.909567
0.909567
0.909567
0.909567
0.909567
0.909567
0.909567
0.909567
0.909567
0.909567
0.909567
0.909567
0.909567
0.909567
0.909567
0.909567
0.909567
0.909567
0.909567
0.909567
0.909567
0.909567
0.909567
0.909567
0.909567
0.909567
0.909567
0.909567
0.909567
0.909567
0.909567
0.909567
0.909567
0.909567
0.909567
0.909567
0.909567
0.909567
0.909567
0.909567
0.909567
0.909567
0.909567
0.909567
0.909567
0.909567
0.909567
0.909567
0.909567
0.909567
0.909567
0.909567
0.909567
0.909567
0.909567
0.909567
0.909567
0.909567
0.909567
0.909567
0.909567
0.909567
0.909567
0.909567
0.909567
0.909567
0.909567
0.909567
0.909567
0.909567
0.909567
0.909567
0.909567
0.909567
0.909567
0.909567
0.909567
0.909567
0.909567
0.909567
0.909567
0.909567
0.909567
0.909567
0.909567
0.909567
0.909567
0.909567
0.909567
0.909567
0.909567
0.909567
0.909567
0.909567
0.909567
0.909567
0.909567
0.909567
0.909567
0.909567
0.909567
0.909567
0.909567
0.909567
0.909567
0.909567
0.909567
0.909567
0.909567
0.909567
0.909567
0.909567
0.909567
0.909567
0.909567
0.909567
0.909567
0.909567
0.909567
0.909567
0.909567
0.909567
0.909567
0.909567
0.909567
0.909567
0.909567
0.909567
0.909567
0.909567
0.909567
0.909567
0.909567
0.909567
0.909567
0.909567
0.909567
0.909567
0.909567
0.909567
0.909567
0.909567
0.909567
0.909567
0.909567
0.909567
0.909567
0.909567
0.909567
0.909567
0.909567
0.909567
0.909567
0.909567
0.909567
0.909567
0.909567
0.909567
0.909567
0.909567
0.909567
0.909567
0.909567
0.909567
0.909567
0.909567
0.909567
0.909567
0.909567
0.909567
0.909567
0.909567
0.909567
0.909567
0.909567
0.909567
0.909567
0.909567
0.909567
0.909567
0.909567
0.909567
0.909567
0.909567
0.909567
0.909567
0.909567
0.909567
0.909567
0.909567
0.909567
0.909567
0.909567
0.909567
0.909567
0.909567
0.909567
0.909567
0.909567
0.909567
0.909567
0.909567
0.909567
0.909567
0.909567
0.909567
0.909567
0.909567
0.909567
0.909567
0.909567
0.909567
0.909567
0.909567
0.909567
0.909567
0.909567
0.909567
0.909567
0.909567
0.909567
0.909567
0.909567
0.909567
0.909567
0.909567
0.909567
0.909567
0.909567
0.909567
0.909567
0.909567
0.909567
0.909567
0.909567
0.909567
0.909567
0.909567
0.909567
0.909567
0.909567
0.909567
0.909567
0.909567
0.909567
0.909567
0.909567
0.909567
0.909567
0.909567
0.909567
0.909567
0.909567
0.909567
0.909567
0.909567
0.909567
0.909567
0.909567
0.909567
0.909567
0.909567
0.909567
0.909567
0.909567
0.909567
0.909567
0.909567
0.909567
0.909567
0.909567
0.909567
0.909567
0.909567
0.909567
0.909567
0.909567
0.909567
0.909567
0.909567
0.909567
0.909567
0.909567
0.909567
0.909567
0.909567
0.909567
0.909567
0.909567
0.909567
0.909567
0.909567
0.909567
0.909567
0.909567
0.909567
0.909567
0.909567
0.909567
0.909567
0.909567
0.909567
0.909567
0.909567
0.909567
0.909567
0.909567
0.909567
0.909567
0.909567
0.909567
0.909567
0.909567
0.909567
0.909567
0.909567
0.909567
0.909567
0.909567
0.909567
0.909567
0.909567
0.909567
0.909567
0.909567
0.909567
0.909567
0.909567
0.909567
0.909567
0.909567
0.909567
0.909567
0.909567
0.909567
0.909567
0.909567
0.909567
0.909567
0.909567
0.909567
0.909567
0.909567
0.909567
0.909567
0.909567
0.909567
0.909567
0.909567
0.909567
0.909567
0.909567
0.909567
0.909567
0.909567
0.909567
0.909567
0.909567
0.909567
0.909567
0.909567
0.909567
0.909567
0.909567
0.909567
0.909567
0.909567
0.909567
0.909567
0.909567
0.909567
0.909567
0.909567
0.909567
0.909567
0.909567
0.909567
0.909567
0.909567
0.909567
0.909567
0.909567
0.909567
0.909567
0.909567
0.909567
0.909567
0.909567
0.909567
0.909567
0.909567
0.909567
0.909567
0.909567
0.909567
0.909567
0.909567
0.909567
0.909567
0.909567
0.909567
0.909567
0.909567
0.909567
0.909567
0.909567
0.909567
0.909567
0.909567
0.909567
0.909567
0.909567
0.909567
0.909567
0.909567
0.909567
0.909567
0.909567
0.909567
0.909567
0.909567
0.909567
0.909567
0.909567
0.909567
0.909567
0.909567
0.909567
0.909567
0.909567
0.909567
0.909567
0.909567
0.909567
0.909567
0.909567
0.909567
0.909567
0.909567
0.909567
0.909567
0.909567
0.909567
0.909567
0.909567
0.909567
0.909567
0.909567
0.909567
0.909567
0.909567
0.909567
0.909567
0.909567
0.909567
0.901686
0.901686
0.901686
0.901686
0.901686
0.901686
0.901686
0.901686
0.901686
0.901686
0.901686
0.901686
0.901686
0.901686
0.901686
0.901686
0.901686
0.901686
0.901686
0.901686
0.901686
0.901686
0.901686
0.901686
0.901686
0.901686
0.901686
0.901686
0.901686
0.901686
0.901686
0.901686
0.901686
0.901686
0.901686
0.901686
0.901686
0.901686
0.901686
0.901686
0.901686
0.901686
0.901686
0.901686
0.901686
0.901686
0.901686
0.901686
0.901686
0.901686
0.901686
0.901686
0.901686
0.901686
0.901686
0.901686
0.901686
0.901686
0.901686
0.901686
0.901686
0.901686
0.901686
0.901686
0.901686
0.901686
0.901686
0.901686
0.901686
0.901686
0.901686
0.901686
0.901686
0.901686
0.901686
0.901686
0.901686
0.901686
0.901686
0.901686
0.901686
0.901686
0.901686
0.901686
0.901686
0.901686
0.901686
0.901686
0.901686
0.901686
0.901686
0.901686
0.901686
0.901686
0.901686
0.901686
0.901686
0.901686
0.901686
0.901686
0.901686
0.901686
0.901686
0.901686
0.901686
0.901686
0.901686
0.901686
0.901686
0.901686
0.901686
0.901686
0.901686
0.901686
0.901686
0.901686
0.901686
0.901686
0.901686
0.901686
0.901686
0.901686
0.901686
0.901686
0.901686
0.901686
0.901686
0.901686
0.901686
0.901686
0.901686
0.901686
0.901686
0.901686
0.901686
0.901686
0.901686
0.901686
0.901686
0.901686
0.901686
0.901686
0.901686
0.901686
0.901686
0.901686
0.901686
0.901686
0.901686
0.901686
0.901686
0.901686
0.901686
0.901686
0.901686
0.901686
0.901686
0.901686
0.901686
0.901686
0.901686
0.901686
0.901686
0.901686
0.901686
0.901686
0.901686
0.901686
0.901686
0.901686
0.901686
0.901686
0.901686
0.901686
0.901686
0.901686
0.901686
0.901686
0.901686
0.901686
0.901686
0.901686
0.901686
0.901686
0.901686
0.901686
0.901686
0.901686
0.901686
0.901686
0.901686
0.901686
0.901686
0.901686
0.901686
0.901686
0.901686
0.901686
0.901686
0.901686
0.901686
0.901686
0.901686
0.901686
0.901686
0.901686
0.901686
0.901686
0.901686
0.901686
0.901686
0.901686
0.901686
0.901686
0.901686
0.901686
0.901686
0.901686
0.901686
0.901686
0.901686
0.901686
0.901686
0.901686
0.901686
0.901686
0.901686
0.901686
0.901686
0.901686
0.901686
0.901686
0.901686
0.901686
0.901686
0.901686
0.901686
0.901686
0.901686
0.901686
0.901686
0.901686
0.901686
0.901686
0.901686
0.901686
0.901686
0.901686
0.901686
0.901686
0.901686
0.901686
0.901686
0.901686
0.901686
0.901686
0.901686
0.901686
0.901686
0.901686
0.901686
0.901686
0.901686
0.901686
0.901686
0.901686
0.901686
0.901686
0.901686
0.901686
0.901686
0.901686
0.901686
0.901686
0.901686
0.901686
0.901686
0.901686
0.901686
0.901686
0.901686
0.901686
0.901686
0.901686
0.901686
0.901686
0.901686
0.901686
0.901686
0.901686
0.901686
0.901686
0.901686
0.901686
0.901686
0.901686
0.901686
0.901686
0.901686
0.901686
0.901686
0.901686
0.901686
0.901686
0.901686
0.901686
0.901686
0.901686
0.901686
0.901686
0.901686
0.901686
0.901686
0.901686
0.901686
0.901686
0.901686
0.901686
0.901686
0.901686
0.901686
0.901686
0.901686
0.901686
0.901686
0.901686
0.901686
0.901686
0.901686
0.901686
0.901686
0.901686
0.901686
0.901686
0.901686
0.901686
0.901686
0.901686
0.901686
0.901686
0.901686
0.901686
0.901686
0.901686
0.901686
0.901686
0.901686
0.901686
0.901686
0.901686
0.901686
0.901686
0.901686
0.901686
0.901686
0.901686
0.901686
0.901686
0.901686
0.901686
0.901686
0.901686
0.901686
0.901686
0.901686
0.901686
0.901686
0.901686
0.901686
0.901686
0.901686
0.901686
0.901686
0.901686
0.901686
0.901686
0.901686
0.901686
0.901686
0.901686
0.901686
0.901686
0.901686
0.901686
0.901686
0.901686
0.901686
0.901686
0.901686
0.901686
0.901686
0.901686
0.901686
0.901686
0.901686
0.901686
0.901686
0.901686
0.901686
0.901686
0.901686
0.901686
0.901686
0.901686
0.901686
0.901686
0.901686
0.901686
0.901686
0.901686
0.901686
0.901686
0.901686
0.901686
0.901686
0.901686
0.901686
0.901686
0.901686
0.901686
0.901686
0.901686
0.901686
0.901686
0.901686
0.901686
0.901686
0.901686
0.901686
0.901686
0.901686
0.901686
0.901686
0.901686
0.901686
0.901686
0.901686
0.901686
0.901686
0.901686
0.901686
0.901686
0.901686
0.901686
0.901686
0.901686
0.901686
0.901686
0.901686
0.901686
0.901686
0.901686
0.901686
0.901686
0.901686
0.901686
0.901686
0.901686
0.901686
0.901686
0.901686
0.901686
0.901686
0.901686
0.901686
0.901686
0.901686
0.901686
0.901686
0.901686
0.901686
0.901686
0.901686
0.901686
0.901686
0.901686
0.901686
0.901686
0.901686
0.901686
0.901686
0.901686
0.901686
0.901686
0.901686
0.901686
0.901686
0.901686
0.901686
0.901686
0.901686
0.901686
0.901686
0.901686
0.901686
0.901686
0.901686
0.901686
0.901686
0.901686
0.901686
0.901686
0.901686
0.901686
0.901686
0.901686
0.901686
0.901686
0.901686
0.901686
0.901686
0.901686
0.901686
0.901686
0.901686
0.901686
0.901686
0.901686
0.901686
0.901686
0.901686
0.901686
0.901686
0.901686
0.901686
0.901686
0.901686
0.901686
0.901686
0.901686
0.901686
0.901686
0.901686
0.901686
0.901686
0.901686
0.901686
0.901686
0.901686
0.901686
0.901686
0.901686
0.901686
0.901686
0.901686
0.901686
0.901686
0.901686
0.901686
0.901686
0.901686
0.901686
0.901686
0.901686
0.901686
0.901686
0.901686
0.901686
0.901686
0.901686
0.901686
0.901686
0.901686
0.901686
0.901686
0.901686
0.901686
0.901686
0.901686
0.901686
0.901686
0.901686
0.901686
0.901686
0.901686
0.901686
0.901686
0.901686
0.901686
0.901686
0.901686
0.901686
0.901686
0.901686
0.901686
0.901686
0.901686
0.901686
0.901686
0.901686
0.901686
0.901686
0.901686
0.901686
0.901686
0.901686
0.901686
0.901686
0.901686
0.901686
0.901686
0.901686
0.901686
0.901686
0.901686
0.901686
0.901686
0.901686
0.901686
0.901686
0.901686
0.901686
0.901686
0.901686
0.901686
0.901686
0.901686
0.901686
0.901686
0.901686
0.901686
0.901686
0.901686
0.901686
0.901686
0.901686
0.901686
0.901686
0.901686
0.901686
0.901686
0.901686
0.901686
0.901686
0.901686
0.901686
0.901686
0.901686
0.901686
0.901686
0.901686
0.901686
0.901686
0.901686
0.901686
0.901686
0.901686
0.901686
0.901686
0.901686
0.901686
0.901686
0.901686
0.901686
0.901686
0.901686
0.901686
0.901686
0.901686
0.901686
0.901686
0.901686
0.901686
0.901686
0.901686
0.901686
0.901686
0.901686
0.901686
0.901686
0.901686
0.901686
0.901686
0.901686
0.901686
0.901686
0.901686
0.901686
0.901686
0.901686
0.901686
0.901686
0.901686
0.901686
0.901686
0.901686
0.901686
0.901686
0.901686
0.901686
0.901686
0.901686
0.901686
0.901686
0.901686
0.901686
0.901686
0.901686
0.901686
0.901686
0.901686
0.901686
0.901686
0.901686
0.901686
0.901686
0.901686
0.901686
0.901686
0.901686
0.901686
0.901686
0.901686
0.901686
0.901686
0.901686
0.901686
0.901686
0.901686
0.901686
0.901686
0.901686
0.901686
0.901686
0.901686
0.901686
0.901686
0.901686
0.901686
0.901686
0.901686
0.901686
0.901686
0.901686
0.901686
0.901686
0.901686
0.901686
0.901686
0.901686
0.901686
0.901686
0.901686
0.901686
0.901686
0.901686
0.901686
