34.0999
31.1571
24.8067
20.7216
15.4848
10.1265
10.1265
10.1265
10.1265
10.1265
10.1265
10.1265
10.1265
10.1265
10.1265
8.88225
6.67598
6.20998
5.34431
5.34431
5.34431
5.34431
5.34431
5.34431
5.34431
5.31802
5.31802
5.31802
4.96375
4.96375
4.96375
4.20064
4.099
4.099
3.72733
3.72733
3.72733
3.50054
2.89435
2.89435
2.89435
2.89435
2.89435
2.89435
2.63365
2.57401
2.57401
2.57401
2.57401
2.3032
2.3032
2.3032
2.3032
2.26939
2.12564
2.12564
1.95947
1.90168
1.70393
1.70393
1.70393
1.70393
1.70393
1.70393
1.70393
1.70393
1.70393
1.70393
1.70393
1.70393
1.57631
1.57631
1.57631
1.57631
1.51905
1.51905
1.4289
1.4289
1.4289
1.4289
1.4289
1.4289
1.4289
1.4289
1.4289
1.4289
1.4289
1.4289
1.4289
1.4289
1.4289
1.4289
1.4289
1.4289
1.4289
1.4289
1.4289
1.38855
1.38855
1.38855
1.38855
1.38855
1.38855
1.38855
1.38855
1.38855
1.38855
1.30457
1.30457
1.30457
1.30457
1.30457
1.30457
1.20234
1.20234
1.20234
1.20234
1.20234
1.20234
1.20234
1.20234
1.20234
1.20234
1.20234
1.20234
1.20234
1.20234
1.20234
1.20234
1.20234
1.20234
1.20234
1.20234
1.20234
1.20234
1.20234
1.20234
1.20234
1.20234
1.20234
1.20234
1.20234
1.20234
1.20234
1.20234
1.20234
1.1174
1.1174
1.1174
1.1174
1.1174
1.1174
1.1174
1.0068
1.0068
1.0068
1.0068
1.0068
1.0068
1.0068
1.0068
1.0068
1.0068
1.0068
1.0068
1.0068
1.0068
1.0068
1.0068
1.0068
1.0068
1.0068
1.0068
1.0068
0.920495
0.920495
0.920495
0.920495
0.920495
0.920495
0.920495
0.920495
0.920495
0.920495
0.920495
0.920495
0.920495
0.920495
0.920495
0.920495
0.920495
0.920495
0.920495
0.920495
0.920495
0.920495
0.920495
0.920495
0.920495
0.920495
0.920495
0.920495
0.920495
0.920495
0.920495
0.920495
0.920495
0.920495
0.920495
0.920495
0.920495
0.920495
0.920495
0.920495
0.920495
0.920495
0.920495
0.920495
0.920495
0.920495
0.920495
0.920495
0.920495
0.920495
0.920495
0.920495
0.920495
0.920495
0.920495
0.920495
0.920495
0.920495
0.920495
0.920495
0.920495
0.920495
0.920495
0.920495
0.920495
0.920495
0.920495
0.920495
0.920495
0.920495
0.920495
0.920495
0.920495
0.920495
0.920495
0.920495
0.920495
0.920495
0.920495
0.920495
0.920495
0.920495
0.920495
0.920495
0.920495
0.920495
0.920495
0.920495
0.920495
0.920495
0.920495
0.920495
0.920495
0.920495
0.920495
0.920495
0.920495
0.920495
0.920495
0.920495
0.920495
0.920495
0.920495
0.920495
0.920495
0.920495
0.920495
0.920495
0.920495
0.920495
0.920495
0.920495
0.920495
0.920495
0.920495
0.920495
0.920495
0.920495
0.920495
0.920495
0.920495
0.920495
0.920495
0.920495
0.920495
0.920495
0.920495
0.920495
0.920495
0.920495
0.920495
0.920495
0.920495
0.920495
0.920495
0.920495
0.920495
0.920495
0.920495
0.920495
0.920495
0.920495
0.920495
0.920495
0.920495
0.920495
0.920495
0.920495
0.920495
0.920495
0.920495
0.920495
0.920495
0.920495
0.920495
0.920495
0.920495
0.920495
0.920495
0.920495
0.920495
0.920495
0.920495
0.920495
0.920495
0.920495
0.920495
0.920495
0.920495
0.920495
0.920495
0.920495
0.920495
0.920495
0.920495
0.920495
0.920495
0.920495
0.920495
0.920495
0.920495
0.920495
0.920495
0.920495
0.920495
0.920495
0.920495
0.920495
0.920495
0.920495
0.920495
0.920495
0.920495
0.920495
0.920495
0.920495
0.920495
0.920495
0.920495
0.920495
0.920495
0.920495
0.920495
0.920495
0.920495
0.920495
0.920495
0.920495
0.920495
0.920495
0.920495
0.920495
0.920495
0.920495
0.920495
0.920495
0.920495
0.920495
0.920495
0.920495
0.920495
0.920495
0.920495
0.920495
0.920495
0.920495
0.920495
0.920495
0.920495
0.920495
0.920495
0.920495
0.920495
0.920495
0.920495
0.920495
0.920495
0.920495
0.920495
0.920495
0.920495
0.920495
0.920495
0.920495
0.920495
0.920495
0.920495
0.920495
0.920495
0.920495
0.920495
0.920495
0.920495
0.920495
0.920495
0.920495
0.920495
0.920495
0.920495
0.920495
0.920495
0.920495
0.920495
0.920495
0.920495
0.920495
0.920495
0.920495
0.920495
0.920495
0.920495
0.920495
0.920495
0.920495
0.920495
0.920495
0.920495
0.920495
0.920495
0.920495
0.920495
0.920495
0.920495
0.920495
0.920495
0.920495
0.920495
0.920495
0.920495
0.920495
0.920495
0.920495
0.920495
0.920495
0.920495
0.920495
0.920495
0.920495
0.920495
0.920495
0.920495
0.920495
0.920495
0.920495
0.920495
0.920495
0.920495
0.920495
0.920495
0.920495
0.920495
0.920495
0.920495
0.920495
0.920495
0.920495
0.920495
0.920495
0.920495
0.920495
0.920495
0.920495
0.920495
0.920495
0.920495
0.920495
0.920495
0.920495
0.920495
0.920495
0.920495
0.920495
0.920495
0.920495
0.920495
0.920495
0.920495
0.920495
0.920495
0.920495
0.920495
0.920495
0.920495
0.920495
0.920495
0.920495
0.920495
0.920495
0.920495
0.920495
0.920495
0.920495
0.920495
0.920495
0.920495
0.920495
0.920495
0.920495
0.920495
0.920495
0.920495
0.920495
0.920495
0.920495
0.920495
0.920495
0.920495
0.920495
0.920495
0.920495
0.920495
0.920495
0.920495
0.920495
0.920495
0.920495
0.920495
0.920495
0.920495
0.920495
0.920495
0.920495
0.920495
0.920495
0.920495
0.920495
0.920495
0.920495
0.920495
0.920495
0.920495
0.920495
0.920495
0.920495
0.920495
0.920495
0.920495
0.920495
0.920495
0.920495
0.920495
0.920495
0.920495
0.920495
0.920495
0.920495
0.920495
0.920495
0.920495
0.920495
0.920495
0.920495
0.920495
0.920495
0.920495
0.920495
0.920495
0.920495
0.920495
0.920495
0.920495
0.920495
0.920495
0.920495
0.920495
0.920495
0.920495
0.920495
0.920495
0.920495
0.920495
0.920495
0.920495
0.920495
0.920495
0.920495
0.920495
0.920495
0.920495
0.920495
0.920495
0.920495
0.920495
0.920495
0.920495
0.920495
0.920495
0.920495
0.920495
0.920495
0.920495
0.920495
0.920495
0.920495
0.920495
0.920495
0.920495
0.920495
0.920495
0.920495
0.920495
0.920495
0.920495
0.920495
0.920495
0.920495
0.920495
0.920495
0.920495
0.920495
0.920495
0.920495
0.920495
0.920495
0.920495
0.920495
0.920495
0.920495
0.920495
0.920495
0.920495
0.920495
0.920495
0.920495
0.920495
0.920495
0.920495
0.920495
0.920495
0.920495
0.920495
0.920495
0.920495
0.920495
0.920495
0.920495
0.920495
0.920495
0.920495
0.920495
0.920495
0.920495
0.920495
0.920495
0.920495
0.920495
0.920495
0.920495
0.920495
0.920495
0.920495
0.920495
0.920495
0.920495
0.920495
0.920495
0.920495
0.920495
0.920495
0.920495
0.920495
0.920495
0.920495
0.920495
0.920495
0.920495
0.920495
0.920495
0.920495
0.920495
0.920495
0.920495
0.920495
0.920495
0.920495
0.920495
0.920495
0.920495
0.920495
0.920495
0.920495
0.920495
0.920495
0.920495
0.814811
0.814811
0.814811
0.814811
0.814811
0.814811
0.814811
0.814811
0.814811
0.814811
0.814811
0.814811
0.814811
0.814811
0.814811
0.814811
0.814811
0.814811
0.814811
0.814811
0.814811
0.814811
0.814811
0.814811
0.814811
0.814811
0.814811
0.814811
0.814811
0.814811
0.814811
0.814811
0.814811
0.814811
0.814811
0.814811
0.814811
0.814811
0.814811
0.814811
0.814811
0.814811
0.814811
0.814811
0.814811
0.814811
0.814811
0.814811
0.814811
0.814811
0.814811
0.814811
0.814811
0.814811
0.814811
0.814811
0.814811
0.814811
0.814811
0.814811
0.814811
0.814811
0.814811
0.814811
0.814811
0.814811
0.814811
0.814811
0.814811
0.814811
0.814811
0.814811
0.814811
0.814811
0.814811
0.814811
0.814811
0.814811
0.814811
0.814811
0.814811
0.814811
0.814811
0.814811
0.814811
0.814811
0.814811
0.814811
0.814811
0.814811
0.814811
0.814811
0.814811
0.814811
0.814811
0.814811
0.814811
0.814811
0.814811
0.814811
0.814811
0.814811
0.814811
0.814811
0.814811
0.814811
0.814811
0.814811
0.814811
0.814811
0.814811
0.814811
0.814811
0.814811
0.814811
0.814811
0.814811
0.814811
0.814811
0.814811
0.814811
0.814811
0.814811
0.814811
0.814811
0.814811
0.814811
0.814811
0.814811
0.814811
0.814811
0.814811
0.814811
0.814811
0.814811
0.814811
0.814811
0.814811
0.814811
0.800128
0.800128
0.800128
0.800128
0.800128
0.800128
0.800128
0.800128
0.800128
0.800128
0.800128
0.800128
0.800128
0.800128
0.800128
0.800128
0.800128
0.800128
0.800128
0.800128
0.800128
0.800128
0.800128
0.800128
0.800128
0.800128
0.800128
0.800128
0.800128
0.800128
0.800128
0.800128
0.800128
0.800128
0.800128
0.800128
0.800128
0.800128
0.800128
0.800128
0.800128
0.800128
0.800128
0.800128
0.800128
0.800128
0.800128
0.800128
0.800128
0.800128
0.800128
0.800128
0.800128
0.800128
0.800128
0.800128
0.800128
0.800128
0.800128
0.800128
0.800128
0.800128
0.800128
0.800128
0.800128
0.800128
0.800128
0.800128
0.800128
0.800128
0.800128
0.800128
0.800128
0.800128
0.800128
0.800128
0.800128
0.800128
0.800128
0.800128
0.800128
0.800128
0.800128
0.800128
0.800128
0.800128
0.800128
0.800128
0.800128
0.800128
0.800128
0.800128
0.800128
0.800128
0.800128
0.800128
0.800128
0.800128
0.800128
0.800128
0.800128
0.800128
0.800128
0.800128
0.800128
0.800128
0.800128
0.800128
0.800128
0.800128
0.800128
0.800128
0.800128
0.800128
0.800128
0.800128
0.800128
0.800128
0.800128
0.800128
0.800128
0.800128
0.800128
0.800128
0.800128
0.800128
0.800128
0.800128
0.800128
0.800128
0.800128
0.800128
0.800128
0.800128
0.800128
0.800128
0.800128
0.800128
0.800128
0.800128
0.800128
0.800128
0.800128
0.800128
0.800128
0.800128
0.800128
0.800128
0.800128
0.800128
0.800128
0.800128
0.800128
0.800128
0.800128
0.800128
0.800128
0.800128
0.800128
0.800128
0.800128
0.800128
0.800128
0.800128
0.800128
0.800128
0.800128
0.800128
0.800128
0.800128
0.800128
0.800128
0.800128
0.800128
0.800128
0.800128
0.800128
0.800128
0.800128
0.800128
0.800128
0.800128
0.800128
0.800128
0.800128
0.800128
0.800128
0.800128
0.800128
0.800128
0.800128
0.800128
0.800128
0.800128
0.800128
0.800128
0.800128
0.800128
0.800128
0.800128
0.800128
0.800128
0.800128
0.800128
0.800128
0.800128
0.800128
0.800128
0.800128
0.800128
0.800128
0.800128
0.800128
0.800128
0.800128
0.800128
0.800128
0.800128
0.800128
0.800128
0.800128
0.800128
0.800128
0.800128
0.800128
0.800128
0.800128
0.800128
0.800128
0.800128
0.800128
0.800128
0.800128
0.800128
0.800128
0.800128
0.800128
0.800128
0.800128
0.800128
0.800128
0.800128
0.800128
0.800128
0.800128
0.800128
0.800128
0.800128
0.800128
0.800128
0.800128
0.800128
0.800128
0.800128
0.800128
0.800128
0.800128
0.800128
0.800128
0.800128
0.800128
0.800128
0.800128
0.800128
0.800128
0.800128
0.800128
0.800128
0.800128
0.800128
0.800128
0.800128
0.800128
0.800128
0.800128
0.800128
0.800128
0.800128
0.800128
0.800128
0.800128
0.800128
0.800128
0.800128
0.800128
0.800128
0.800128
0.800128
0.800128
0.800128
0.800128
0.800128
0.800128
0.800128
0.800128
0.800128
0.800128
0.800128
0.800128
0.800128
0.800128
0.800128
0.800128
0.800128
0.800128
0.800128
0.800128
0.800128
0.800128
0.800128
0.800128
0.800128
0.800128
0.800128
0.800128
0.800128
0.800128
0.800128
0.800128
0.800128
0.800128
0.800128
0.800128
0.800128
0.800128
0.800128
0.800128
0.800128
0.800128
0.800128
0.800128
0.800128
0.800128
0.800128
0.800128
0.800128
0.800128
0.800128
0.800128
0.800128
0.800128
0.800128
0.800128
0.800128
0.800128
0.800128
0.800128
0.800128
0.800128
0.800128
0.800128
0.800128
0.800128
0.800128
0.800128
0.800128
0.800128
0.800128
0.800128
0.800128
0.800128
0.800128
0.800128
0.800128
0.800128
0.800128
0.800128
0.800128
0.800128
0.800128
0.800128
0.800128
0.800128
0.800128
0.800128
0.800128
0.800128
0.800128
0.800128
0.800128
0.800128
0.800128
0.800128
0.800128
0.800128
0.800128
0.800128
0.800128
0.800128
0.800128
0.800128
0.800128
0.800128
0.800128
0.800128
0.800128
0.800128
0.800128
0.800128
0.800128
0.800128
0.800128
0.800128
0.800128
0.800128
0.800128
0.800128
0.800128
0.800128
0.800128
0.800128
0.800128
0.800128
0.800128
0.800128
0.800128
0.800128
0.800128
0.800128
0.800128
0.800128
0.800128
0.800128
0.800128
0.800128
0.800128
0.800128
0.800128
0.800128
0.800128
0.800128
0.800128
0.800128
0.800128
0.800128
0.800128
0.800128
0.800128
0.800128
0.800128
0.800128
0.800128
0.800128
0.800128
0.800128
0.800128
0.800128
0.800128
0.800128
0.800128
0.800128
0.800128
0.800128
0.800128
0.800128
0.800128
0.800128
0.800128
0.800128
0.800128
0.800128
0.800128
0.800128
0.800128
0.800128
0.800128
0.800128
0.800128
0.800128
0.800128
0.800128
0.800128
0.800128
0.800128
0.800128
0.800128
0.800128
0.800128
0.800128
0.800128
0.800128
0.800128
0.800128
0.800128
0.800128
0.800128
0.800128
0.800128
0.800128
0.800128
0.800128
0.800128
0.800128
0.800128
0.800128
0.800128
0.800128
0.800128
0.800128
0.800128
0.800128
0.800128
0.800128
0.800128
0.800128
0.800128
0.800128
0.800128
0.800128
0.800128
0.800128
0.800128
0.800128
0.800128
0.800128
0.800128
0.800128
0.800128
0.800128
0.800128
0.800128
0.800128
0.800128
0.800128
0.800128
0.800128
0.800128
0.800128
0.800128
0.800128
0.800128
0.800128
0.800128
0.800128
0.800128
0.800128
0.800128
0.800128
0.800128
0.800128
0.800128
0.800128
0.800128
0.800128
0.800128
0.800128
0.800128
0.800128
0.800128
0.800128
0.800128
0.800128
0.800128
0.800128
0.800128
0.800128
0.800128
0.800128
0.800128
0.800128
0.800128
0.800128
0.800128
0.800128
0.800128
0.800128
0.800128
0.800128
0.800128
0.800128
0.800128
0.800128
0.800128
0.800128
0.800128
0.800128
0.800128
0.800128
0.800128
0.800128
0.800128
0.800128
0.800128
0.800128
0.800128
0.800128
0.800128
0.800128
0.800128
0.800128
0.800128
0.800128
0.800128
0.800128
0.800128
0.800128
0.800128
0.800128
0.800128
0.800128
0.800128
0.800128
0.800128
0.800128
0.800128
0.800128
0.800128
0.800128
0.800128
0.800128
0.800128
0.800128
0.800128
0.800128
0.800128
0.800128
0.800128
0.800128
0.800128
0.800128
0.800128
0.800128
0.800128
0.800128
0.800128
0.800128
0.800128
0.800128
0.800128
0.800128
0.800128
0.800128
0.800128
0.800128
0.800128
0.800128
0.800128
0.800128
0.800128
0.800128
0.800128
0.800128
0.800128
0.800128
0.800128
0.800128
0.800128
0.800128
0.800128
0.800128
0.800128
0.800128
0.800128
0.800128
0.800128
0.800128
0.800128
0.800128
0.800128
0.800128
0.800128
0.800128
0.800128
0.800128
0.800128
0.800128
0.800128
0.800128
0.800128
0.800128
0.800128
0.800128
0.800128
0.800128
0.800128
0.800128
0.800128
0.800128
0.800128
0.800128
0.800128
0.800128
0.800128
0.800128
0.800128
0.800128
0.800128
0.800128
0.800128
0.800128
0.800128
0.800128
0.800128
0.800128
0.800128
0.800128
0.800128
0.800128
0.800128
0.800128
0.800128
0.800128
0.800128
0.800128
0.800128
0.800128
0.800128
0.800128
0.800128
0.800128
0.800128
0.800128
0.800128
0.800128
0.800128
0.800128
0.800128
0.800128
0.800128
0.800128
0.800128
0.800128
0.800128
0.800128
0.800128
0.800128
0.800128
0.800128
0.800128
0.800128
0.800128
0.800128
0.800128
0.800128
0.800128
0.800128
0.800128
0.800128
0.800128
0.800128
0.800128
0.800128
0.800128
0.800128
0.800128
0.800128
0.800128
0.800128
0.800128
0.800128
0.800128
0.800128
0.800128
0.800128
0.800128
0.800128
0.800128
0.800128
0.800128
0.800128
0.800128
0.800128
0.800128
0.800128
0.800128
0.800128
0.800128
0.800128
0.800128
0.800128
0.800128
0.800128
0.800128
0.800128
0.800128
0.800128
0.800128
0.800128
0.800128
0.800128
0.800128
0.800128
0.800128
0.800128
0.800128
0.800128
0.800128
0.800128
0.800128
0.800128
0.800128
0.800128
0.800128
0.800128
0.800128
0.800128
0.800128
0.800128
0.800128
0.800128
0.800128
0.800128
0.800128
0.800128
0.800128
0.800128
0.800128
0.800128
0.800128
