36.8729
31.4105
27.4091
21.1958
15.1161
9.32779
8.60661
8.60661
8.60661
8.60661
8.60661
8.60661
8.60661
8.60661
8.60661
8.60661
8.22988
7.15158
6.59368
6.16465
5.83837
4.80032
4.80032
4.80032
4.80032
4.80032
4.57003
4.57003
4.43595
4.43595
4.43595
4.24137
3.25438
3.25438
3.23801
3.23023
3.23023
3.23023
3.23023
3.23023
3.23023
3.15582
2.77785
2.77785
2.77785
2.77785
2.77785
2.5169
2.5169
2.5169
2.5169
2.50685
2.50685
2.12083
2.12083
1.92381
1.92381
1.92381
1.92381
1.92381
1.92381
1.92381
1.92381
1.92381
1.92381
1.92381
1.92381
1.80057
1.67913
1.67913
1.67913
1.67913
1.52661
1.52661
1.52661
1.52661
1.52661
1.52661
1.52661
1.52661
1.52233
1.52233
1.52233
1.2119
1.2119
1.2119
1.2119
1.2119
1.2119
1.2119
1.2119
1.2119
1.2119
1.2119
1.2119
1.2119
1.2119
1.2119
1.2119
1.2119
1.2119
1.2119
1.2119
1.2119
1.2119
1.2119
1.2119
1.2119
1.2119
1.2119
1.2119
1.2119
1.2119
1.2119
1.2119
1.2119
1.2119
1.2119
1.2119
1.2119
1.2119
1.2119
1.2119
1.2119
1.01436
1.01436
1.01436
1.01436
1.01436
1.01436
1.01436
1.01436
1.01436
1.01436
1.01436
1.01436
1.01436
1.01436
1.01436
1.01436
1.01436
1.01436
1.01436
1.01436
1.01436
1.01436
1.01436
1.01436
1.01436
1.01436
1.01436
1.01436
1.01436
1.01436
1.01436
1.01436
1.01436
1.01436
1.01436
1.01436
1.01436
1.01436
1.01436
1.01436
1.01436
1.01436
1.01436
1.01436
1.01436
1.01436
1.01436
1.01436
1.01436
1.01436
1.01436
1.01436
1.01436
1.01436
1.01436
1.01436
1.01436
1.01436
1.01436
1.01436
1.01436
1.01436
1.01436
1.01436
1.01436
1.01436
1.01436
1.01436
1.01436
1.01436
1.01436
1.01436
1.01436
1.01436
1.01436
1.01436
1.01436
1.01436
1.01436
1.01436
1.01436
1.01436
1.01436
1.01436
1.01436
1.01436
1.01436
1.01436
1.01436
1.01436
1.01436
1.01436
1.01436
1.01436
1.01436
1.01436
1.01436
1.01436
1.01436
1.01436
1.01436
1.01436
1.01436
1.01436
1.01436
1.01436
1.01436
1.01436
1.01436
1.01436
1.01436
1.01436
1.01436
1.01436
1.01436
0.899981
0.899981
0.899981
0.899981
0.899981
0.899981
0.899981
0.899981
0.899981
0.899981
0.899981
0.899981
0.899981
0.899981
0.899981
0.899981
0.899981
0.899981
0.899981
0.899981
0.899981
0.899981
0.899981
0.899981
0.899981
0.899981
0.899981
0.899981
0.899981
0.899981
0.899981
0.899981
0.899981
0.899981
0.899981
0.899981
0.899981
0.899981
0.899981
0.899981
0.899981
0.899981
0.899981
0.899981
0.899981
0.899981
0.899981
0.899981
0.899981
0.899981
0.899981
0.899981
0.899981
0.899981
0.899981
0.899981
0.899981
0.899981
0.899981
0.899981
0.899981
0.899981
0.899981
0.899981
0.899981
0.899981
0.899981
0.899981
0.899981
0.899981
0.899981
0.899981
0.899981
0.899981
0.899981
0.899981
0.899981
0.899981
0.899981
0.899981
0.899981
0.899981
0.899981
0.899981
0.899981
0.899981
0.899981
0.899981
0.899981
0.899981
0.899981
0.899981
0.899981
0.899981
0.899981
0.899981
0.899981
0.899981
0.899981
0.899981
0.899981
0.899981
0.899981
0.899981
0.899981
0.899981
0.899981
0.899981
0.899981
0.899981
0.899981
0.899981
0.899981
0.899981
0.899981
0.899981
0.899981
0.899981
0.899981
0.899981
0.899981
0.899981
0.899981
0.899981
0.899981
0.899981
0.899981
0.899981
0.899981
0.899981
0.899981
0.899981
0.899981
0.899981
0.899981
0.899981
0.899981
0.899981
0.899981
0.899981
0.899981
0.899981
0.899981
0.899981
0.899981
0.899981
0.899981
0.899981
0.899981
0.899981
0.899981
0.899981
0.899981
0.899981
0.899981
0.899981
0.899981
0.899981
0.899981
0.899981
0.899981
0.899981
0.899981
0.899981
0.899981
0.899981
0.899981
0.899981
0.899981
0.899981
0.899981
0.899981
0.899981
0.899981
0.899981
0.899981
0.899981
0.899981
0.899981
0.899981
0.899981
0.899981
0.899981
0.899981
0.899981
0.899981
0.899981
0.899981
0.899981
0.899981
0.899981
0.899981
0.899981
0.899981
0.899981
0.899981
0.899981
0.899981
0.899981
0.899981
0.899981
0.899981
0.899981
0.899981
0.899981
0.899981
0.899981
0.899981
0.899981
0.899981
0.899981
0.899981
0.899981
0.899981
0.899981
0.899981
0.899981
0.899981
0.899981
0.899981
0.899981
0.899981
0.899981
0.899981
0.899981
0.899981
0.899981
0.899981
0.899981
0.899981
0.899981
0.899981
0.899981
0.899981
0.899981
0.899981
0.899981
0.899981
0.899981
0.899981
0.899981
0.899981
0.899981
0.899981
0.899981
0.899981
0.899981
0.899981
0.899981
0.899981
0.899981
0.899981
0.899981
0.899981
0.899981
0.899981
0.899981
0.899981
0.899981
0.899981
0.899981
0.899981
0.899981
0.899981
0.899981
0.899981
0.899981
0.899981
0.899981
0.899981
0.899981
0.899981
0.899981
0.899981
0.899981
0.899981
0.899981
0.899981
0.899981
0.899981
0.899981
0.899981
0.899981
0.899981
0.899981
0.899981
0.899981
0.899981
0.899981
0.899981
0.899981
0.899981
0.899981
0.899981
0.899981
0.899981
0.899981
0.899981
0.899981
0.899981
0.899981
0.899981
0.899981
0.899981
0.899981
0.899981
0.899981
0.899981
0.899981
0.899981
0.899981
0.899981
0.899981
0.899981
0.899981
0.899981
0.899981
0.899981
0.899981
0.899981
0.899981
0.899981
0.89634
0.89634
0.89634
0.89634
0.89634
0.89634
0.89634
0.89634
0.89634
0.89634
0.89634
0.89634
0.89634
0.89634
0.89634
0.89634
0.89634
0.89634
0.89634
0.89634
0.89634
0.89634
0.89634
0.89634
0.89634
0.89634
0.89634
0.89634
0.89634
0.89634
0.89634
0.89634
0.89634
0.89634
0.89634
0.89634
0.89634
0.89634
0.89634
0.89634
0.89634
0.89634
0.89634
0.89634
0.89634
0.89634
0.89634
0.89634
0.89634
0.89634
0.89634
0.89634
0.89634
0.89634
0.89634
0.89634
0.89634
0.89634
0.89634
0.89634
0.89634
0.89634
0.89634
0.89634
0.89634
0.89634
0.89634
0.89634
0.89634
0.89634
0.89634
0.89634
0.89634
0.89634
0.89634
0.89634
0.89634
0.89634
0.89634
0.89634
0.89634
0.89634
0.89634
0.89634
0.89634
0.89634
0.89634
0.89634
0.89634
0.89634
0.89634
0.89634
0.89634
0.89634
0.89634
0.89634
0.89634
0.89634
0.89634
0.769626
0.769626
0.769626
0.769626
0.769626
0.769626
0.769626
0.769626
0.769626
0.769626
0.769626
0.769626
0.769626
0.769626
0.769626
0.769626
0.769626
0.769626
0.769626
0.769626
0.769626
0.769626
0.769626
0.769626
0.769626
0.769626
0.769626
0.769626
0.769626
0.769626
0.769626
0.769626
0.769626
0.769626
0.769626
0.769626
0.769626
0.769626
0.769626
0.769626
0.769626
0.769626
0.769626
0.769626
0.769626
0.769626
0.769626
0.769626
0.769626
0.769626
0.769626
0.769626
0.769626
0.769626
0.769626
0.769626
0.769626
0.769626
0.769626
0.769626
0.769626
0.769626
0.769626
0.769626
0.769626
0.769626
0.769626
0.769626
0.769626
0.769626
0.769626
0.769626
0.769626
0.769626
0.769626
0.769626
0.769626
0.769626
0.769626
0.769626
0.769626
0.769626
0.769626
0.769626
0.769626
0.769626
0.769626
0.769626
0.769626
0.769626
0.769626
0.769626
0.769626
0.769626
0.769626
0.769626
0.769626
0.769626
0.769626
0.769626
0.769626
0.769626
0.769626
0.769626
0.769626
0.769626
0.769626
0.769626
0.769626
0.769626
0.769626
0.769626
0.769626
0.769626
0.769626
0.769626
0.769626
0.769626
0.769626
0.769626
0.769626
0.769626
0.769626
0.769626
0.769626
0.769626
0.769626
0.769626
0.769626
0.769626
0.769626
0.769626
0.769626
0.769626
0.769626
0.769626
0.769626
0.769626
0.769626
0.769626
0.769626
0.769626
0.769626
0.769626
0.769626
0.769626
0.769626
0.769626
0.769626
0.769626
0.769626
0.769626
0.769626
0.769626
0.769626
0.769626
0.769626
0.769626
0.769626
0.769626
0.769626
0.769626
0.769626
0.769626
0.769626
0.769626
0.769626
0.769626
0.769626
0.769626
0.769626
0.769626
0.769626
0.769626
0.769626
0.769626
0.769626
0.769626
0.769626
0.769626
0.769626
0.769626
0.769626
0.769626
0.769626
0.769626
0.769626
0.769626
0.769626
0.769626
0.769626
0.769626
0.769626
0.769626
0.769626
0.769626
0.769626
0.769626
0.769626
0.769626
0.769626
0.769626
0.769626
0.769626
0.769626
0.769626
0.769626
0.769626
0.769626
0.769626
0.769626
0.769626
0.769626
0.769626
0.769626
0.769626
0.769626
0.769626
0.769626
0.769626
0.769626
0.769626
0.769626
0.769626
0.769626
0.769626
0.769626
0.769626
0.769626
0.769626
0.769626
0.769626
0.769626
0.769626
0.769626
0.769626
0.769626
0.769626
0.769626
0.769626
0.769626
0.769626
0.769626
0.769626
0.769626
0.769626
0.769626
0.769626
0.769626
0.769626
0.769626
0.769626
0.769626
0.769626
0.769626
0.769626
0.769626
0.769626
0.769626
0.769626
0.769626
0.769626
0.769626
0.769626
0.769626
0.769626
0.769626
0.769626
0.769626
0.769626
0.769626
0.769626
0.769626
0.769626
0.769626
0.769626
0.769626
0.769626
0.769626
0.769626
0.769626
0.769626
0.769626
0.769626
0.769626
0.769626
0.769626
0.769626
0.769626
0.769626
0.769626
0.769626
0.769626
0.769626
0.769626
0.769626
0.769626
0.769626
0.769626
0.769626
0.769626
0.769626
0.769626
0.769626
0.769626
0.769626
0.769626
0.769626
0.769626
0.769626
0.769626
0.769626
0.769626
0.769626
0.769626
0.769626
0.769626
0.769626
0.769626
0.769626
0.769626
0.769626
0.769626
0.769626
0.769626
0.769626
0.769626
0.769626
0.769626
0.769626
0.769626
0.769626
0.769626
0.769626
0.769626
0.769626
0.769626
0.769626
0.769626
0.769626
0.769626
0.769626
0.769626
0.769626
0.769626
0.769626
0.769626
0.769626
0.769626
0.769626
0.769626
0.769626
0.769626
0.769626
0.769626
0.769626
0.769626
0.769626
0.769626
0.769626
0.769626
0.769626
0.769626
0.769626
0.769626
0.769626
0.769626
0.769626
0.769626
0.769626
0.769626
0.769626
0.769626
0.769626
0.769626
0.769626
0.769626
0.769626
0.769626
0.769626
0.769626
0.769626
0.769626
0.769626
0.769626
0.769626
0.769626
0.769626
0.769626
0.769626
0.769626
0.769626
0.769626
0.769626
0.769626
0.769626
0.769626
0.769626
0.769626
0.769626
0.769626
0.769626
0.769626
0.769626
0.769626
0.769626
0.769626
0.769626
0.769626
0.769626
0.769626
0.769626
0.769626
0.769626
0.769626
0.769626
0.769626
0.769626
0.769626
0.769626
0.769626
0.769626
0.769626
0.769626
0.769626
0.769626
0.769626
0.769626
0.769626
0.769626
0.769626
0.769626
0.769626
0.769626
0.769626
0.769626
0.769626
0.769626
0.769626
0.769626
0.769626
0.769626
0.769626
0.769626
0.769626
0.769626
0.769626
0.769626
0.769626
0.769626
0.769626
0.769626
0.769626
0.769626
0.769626
0.769626
0.769626
0.769626
0.769626
0.769626
0.769626
0.769626
0.769626
0.769626
0.769626
0.769626
0.769626
0.769626
0.769626
0.769626
0.769626
0.769626
0.769626
0.769626
0.769626
0.769626
0.769626
0.769626
0.769626
0.769626
0.769626
0.769626
0.769626
0.769626
0.769626
0.769626
0.769626
0.769626
0.769626
0.769626
0.769626
0.769626
0.769626
0.769626
0.769626
0.769626
0.769626
0.769626
0.769626
0.769626
0.769626
0.769626
0.769626
0.769626
0.769626
0.769626
0.769626
0.769626
0.769626
0.769626
0.769626
0.769626
0.769626
0.769626
0.769626
0.769626
0.769626
0.769626
0.769626
0.769626
0.769626
0.769626
0.769626
0.769626
0.769626
0.769626
0.769626
0.769626
0.769626
0.769626
0.769626
0.769626
0.769626
0.769626
0.769626
0.769626
0.769626
0.769626
0.769626
0.769626
0.769626
0.769626
0.769626
0.769626
0.769626
0.769626
0.769626
0.769626
0.769626
0.769626
0.769626
0.769626
0.769626
0.769626
0.769626
0.769626
0.769626
0.769626
0.769626
0.769626
0.769626
0.769626
0.769626
0.769626
0.769626
0.769626
0.769626
0.769626
0.769626
0.769626
0.769626
0.769626
0.769626
0.769626
0.769626
0.769626
0.769626
0.769626
0.769626
0.769626
0.769626
0.769626
0.769626
0.769626
0.769626
0.769626
0.769626
0.769626
0.769626
0.769626
0.769626
0.769626
0.769626
0.769626
0.769626
0.769626
0.769626
0.769626
0.769626
0.769626
0.769626
0.769626
0.769626
0.769626
0.769626
0.769626
0.769626
0.769626
0.769626
0.769626
0.769626
0.769626
0.769626
0.769626
0.769626
0.769626
0.769626
0.769626
0.769626
0.769626
0.769626
0.769626
0.769626
0.769626
0.769626
0.769626
0.769626
0.769626
0.769626
0.769626
0.769626
0.769626
0.769626
0.769626
0.769626
0.769626
0.769626
0.769626
0.769626
0.769626
0.769626
0.769626
0.769626
0.769626
0.769626
0.769626
0.769626
0.769626
0.769626
0.769626
0.769626
0.769626
0.769626
0.769626
0.769626
0.769626
0.769626
0.769626
0.769626
0.769626
0.769626
0.769626
0.769626
0.769626
0.769626
0.769626
0.769626
0.769626
0.769626
0.769626
0.769626
0.769626
0.769626
0.769626
0.769626
0.769626
0.769626
0.769626
0.769626
0.769626
0.769626
0.769626
0.769626
0.769626
0.769626
0.769626
0.769626
0.769626
0.769626
0.769626
0.769626
0.769626
0.769626
0.769626
0.769626
0.769626
0.769626
0.769626
0.769626
0.769626
0.769626
0.769626
0.769626
0.769626
0.769626
0.769626
0.769626
0.769626
0.769626
0.769626
0.769626
0.769626
0.769626
0.769626
0.769626
0.769626
0.769626
0.769626
0.769626
0.769626
0.769626
0.769626
0.769626
0.769626
0.769626
0.769626
0.769626
0.769626
0.769626
0.769626
0.769626
0.769626
0.769626
0.769626
0.769626
0.769626
0.769626
0.769626
0.769626
0.769626
0.769626
0.769626
0.769626
0.769626
0.769626
0.769626
0.769626
0.769626
0.769626
0.769626
0.769626
0.769626
0.769626
0.769626
0.769626
0.769626
0.769626
0.769626
0.769626
0.769626
0.769626
0.769626
0.769626
0.769626
0.769626
0.769626
0.769626
0.769626
0.769626
0.769626
0.769626
0.769626
0.769626
0.769626
0.769626
0.769626
0.769626
0.769626
0.769626
0.769626
0.769626
0.769626
0.769626
0.769626
0.769626
0.769626
0.769626
0.769626
0.769626
0.769626
0.769626
0.769626
0.769626
0.769626
0.769626
0.769626
0.769626
0.769626
0.769626
0.769626
0.769626
0.769626
0.769626
0.769626
0.769626
0.769626
0.769626
0.769626
0.769626
0.769626
0.769626
0.769626
0.769626
0.769626
0.769626
0.769626
0.769626
0.769626
0.769626
0.769626
0.769626
0.769626
0.769626
0.769626
0.769626
0.769626
0.769626
0.769626
0.769626
0.769626
0.769626
0.769626
0.769626
0.769626
0.769626
0.769626
0.769626
0.769626
0.769626
0.769626
0.769626
0.769626
0.769626
0.769626
0.769626
0.769626
0.769626
0.769626
0.769626
0.769626
0.769626
0.769626
0.769626
0.769626
0.769626
0.769626
0.769626
0.769626
0.769626
0.769626
0.769626
0.769626
0.769626
0.769626
0.769626
0.769626
0.769626
0.769626
0.769626
0.769626
0.769626
0.769626
0.769626
0.769626
0.769626
0.769626
0.769626
0.769626
0.769626
0.769626
0.769626
0.769626
0.769626
0.769626
0.769626
0.769626
0.769626
0.769626
0.769626
0.769626
0.769626
0.769626
0.769626
0.769626
0.769626
0.769626
0.769626
0.769626
0.769626
0.769626
0.769626
0.769626
0.769626
0.769626
0.769626
0.769626
0.769626
0.769626
0.769626
0.769626
0.769626
0.769626
0.769626
0.769626
0.769626
0.769626
0.769626
0.769626
0.769626
0.769626
0.769626
0.769626
0.769626
0.769626
0.769626
0.769626
0.769626
0.769626
0.769626
0.769626
0.769626
0.769626
0.769626
0.769626
0.769626
0.769626
0.769626
0.769626
0.769626
0.769626
0.769626
0.769626
0.769626
0.769626
0.769626
0.769626
0.769626
0.769626
0.769626
0.769626
0.769626
0.769626
0.769626
0.769626
0.769626
0.769626
0.769626
0.769626
0.769626
0.769626
0.769626
0.769626
0.769626
0.769626
0.769626
0.769626
0.769626
0.769626
0.769626
0.769626
0.769626
0.769626
0.769626
0.769626
0.769626
0.769626
0.769626
0.769626
0.769626
0.769626
0.769626
0.769626
0.769626
0.769626
0.769626
0.769626
0.769626
0.769626
0.769626
0.769626
0.769626
0.769626
0.769626
0.769626
0.769626
0.769626
0.769626
0.769626
0.769626
0.769626
0.769626
0.769626
0.769626
0.769626
0.769626
0.769626
