34.5886
32.1993
25.7232
17.8237
13.7998
10.3604
8.0054
8.0054
8.0054
8.0054
8.0054
8.0054
8.0054
8.0054
8.0054
8.0054
7.59909
7.59909
7.18281
7.18281
6.56375
5.42705
5.42705
5.42705
5.42705
5.1114
5.1114
4.61589
4.06817
3.8942
3.8942
3.8942
3.8942
3.8942
3.76181
3.60417
3.39487
3.39487
3.39198
3.20016
2.89333
2.89333
2.89333
2.89333
2.82703
2.82703
2.81597
2.81597
2.54959
2.54959
2.3852
2.3852
2.36475
2.36475
2.36475
2.36475
1.99994
1.99994
1.99994
1.95545
1.90498
1.90498
1.90498
1.90498
1.90498
1.90498
1.90498
1.90498
1.90498
1.90498
1.90498
1.90498
1.72386
1.72386
1.72386
1.72386
1.72386
1.66791
1.66791
1.66791
1.66791
1.66791
1.66791
1.66791
1.66791
1.51379
1.51379
1.48152
1.48152
1.48152
1.48152
1.48152
1.48152
1.41081
1.41081
1.41081
1.41081
1.41081
1.41081
1.41081
1.41081
1.41081
1.41081
1.41081
1.40661
1.30549
1.30549
1.30549
1.30549
1.30549
1.30549
1.30549
1.26039
1.23054
1.23054
1.23054
1.23054
1.23054
1.23054
1.23054
1.23054
1.23054
1.23054
1.23054
1.23054
1.23054
1.23054
1.19358
1.19358
1.19358
1.19358
1.19358
1.19358
1.19358
1.19358
1.19358
1.19358
1.14345
1.14345
1.14345
1.14345
1.09988
1.09988
1.09988
1.09988
1.09988
1.09988
1.09988
1.09988
1.09988
1.09988
1.09988
1.09988
1.06708
1.04438
1.04438
1.04438
1.04438
1.04273
1.04273
1.04273
1.04273
1.04273
1.04273
1.04273
1.04273
1.04273
1.04273
1.04273
1.04273
1.04273
1.04273
1.04273
1.04273
1.04273
1.04273
1.04273
1.04273
1.04273
1.04273
1.04273
1.04273
1.04273
1.04273
1.04273
1.04273
1.04273
1.04273
1.04273
1.04273
1.04273
1.04273
1.04273
1.04273
1.04273
1.04273
1.04273
1.04273
1.04273
1.04273
1.04273
1.04273
1.04273
1.04273
1.04273
1.04273
1.04273
1.04273
1.04273
1.04273
1.04273
1.04273
1.04273
1.04273
1.04273
1.04273
1.04273
1.04273
1.04273
1.04273
1.04273
1.04273
1.04273
1.04273
1.04273
1.04273
1.04273
1.01691
1.01691
1.01691
1.01691
1.01691
1.01691
1.01691
1.01691
1.01691
1.01691
1.01691
1.01691
1.01691
1.01691
1.01691
1.01691
1.01691
1.01691
1.01691
1.01691
1.01691
1.01691
1.01691
1.01691
1.01691
1.01691
1.01691
1.01691
1.01691
1.01691
1.01691
1.01691
1.01691
1.01691
1.01691
1.01691
1.01691
1.01691
1.01691
1.01691
1.01691
1.01691
1.01691
1.01691
1.01691
1.01691
1.01691
1.01691
1.01691
1.01691
1.01691
1.01691
1.01691
1.01691
1.01691
1.01691
1.01691
1.01691
1.01691
1.01691
1.01691
1.01691
1.01691
1.01691
1.01691
1.01691
1.01691
1.01691
1.01691
1.01691
1.01691
1.01691
1.01691
1.01691
1.01691
1.01691
1.01691
1.01691
1.01691
1.01691
1.01691
1.01691
1.01691
1.01691
1.01691
1.01691
1.01691
1.01691
1.01691
1.01691
1.01691
1.01691
1.01691
1.01691
1.01691
1.01691
1.01691
1.01691
1.01691
1.01691
1.01691
1.01691
1.01691
1.01691
1.01691
1.01691
1.01691
1.01691
1.01691
1.01691
1.01691
1.01691
1.01691
1.01691
1.01691
1.01691
1.01691
1.01691
1.01691
1.01691
1.01691
1.01691
1.01691
1.01691
1.01691
1.01691
1.01691
1.01691
1.01691
1.01691
1.01691
1.01691
1.01691
1.01691
1.01691
1.01691
1.01691
1.01691
1.01691
1.01691
1.01691
1.01691
1.01691
1.01691
1.01691
1.01691
1.01691
1.01691
1.01691
1.01691
1.01691
1.01691
1.01691
1.01691
1.01691
1.01691
1.01691
1.01691
1.01691
1.01691
1.01691
1.01691
1.01691
1.01691
1.01691
1.01691
1.01691
1.01691
1.01691
1.01691
1.01691
1.01691
1.01691
1.01691
1.01691
1.01691
1.01691
1.01691
1.01691
1.01691
1.01691
1.01691
1.01691
1.01691
1.01691
1.01691
1.01691
1.01691
1.01691
1.01691
1.01691
1.01691
1.01691
1.01691
1.01691
1.01691
1.01691
1.01691
1.01691
1.01691
1.01691
1.01691
1.01691
1.01691
1.01691
1.01691
1.01691
1.01691
1.01691
1.01691
1.01691
1.01691
1.01691
1.01691
1.01691
1.01691
1.01691
1.01691
1.01691
1.01691
1.01691
1.01691
1.01691
1.01691
1.01691
1.01691
1.01691
1.01691
1.01691
1.01691
1.01691
1.01691
1.01691
1.01691
1.01691
1.01691
1.01691
1.01691
1.01691
1.01691
1.01691
1.01691
1.01691
1.01691
1.01691
1.01691
1.01691
1.01691
1.01691
1.01691
1.01691
1.01691
1.01691
1.01691
1.01691
1.01691
1.01691
1.01691
1.01691
1.01691
1.01691
1.01691
1.01691
1.01691
1.01691
0.980265
0.980265
0.980265
0.980265
0.980265
0.980265
0.980265
0.980265
0.980265
0.980265
0.980265
0.980265
0.980265
0.980265
0.980265
0.980265
0.980265
0.980265
0.980265
0.980265
0.980265
0.980265
0.980265
0.980265
0.980265
0.980265
0.980265
0.980265
0.980265
0.980265
0.980265
0.980265
0.980265
0.980265
0.980265
0.980265
0.980265
0.980265
0.980265
0.980265
0.980265
0.980265
0.980265
0.980265
0.980265
0.980265
0.980265
0.980265
0.980265
0.980265
0.980265
0.980265
0.980265
0.980265
0.980265
0.980265
0.980265
0.980265
0.980265
0.980265
0.980265
0.980265
0.980265
0.980265
0.980265
0.980265
0.980265
0.980265
0.980265
0.980265
0.980265
0.980265
0.980265
0.980265
0.980265
0.980265
0.980265
0.980265
0.980265
0.980265
0.980265
0.980265
0.980265
0.908222
0.908222
0.908222
0.908222
0.908222
0.908222
0.908222
0.908222
0.908222
0.908222
0.908222
0.908222
0.908222
0.908222
0.908222
0.908222
0.908222
0.908222
0.908222
0.908222
0.908222
0.908222
0.908222
0.908222
0.908222
0.908222
0.908222
0.908222
0.908222
0.908222
0.908222
0.908222
0.908222
0.908222
0.908222
0.908222
0.908222
0.908222
0.908222
0.908222
0.908222
0.908222
0.908222
0.908222
0.908222
0.908222
0.908222
0.908222
0.908222
0.908222
0.908222
0.908222
0.908222
0.908222
0.908222
0.908222
0.908222
0.908222
0.908222
0.908222
0.908222
0.908222
0.908222
0.908222
0.908222
0.908222
0.908222
0.908222
0.908222
0.908222
0.908222
0.908222
0.908222
0.908222
0.908222
0.908222
0.908222
0.908222
0.908222
0.908222
0.908222
0.908222
0.908222
0.908222
0.908222
0.908222
0.908222
0.908222
0.908222
0.908222
0.908222
0.908222
0.908222
0.908222
0.908222
0.908222
0.908222
0.908222
0.908222
0.908222
0.908222
0.908222
0.908222
0.908222
0.908222
0.908222
0.908222
0.908222
0.908222
0.908222
0.908222
0.908222
0.908222
0.908222
0.908222
0.908222
0.908222
0.908222
0.908222
0.908222
0.908222
0.908222
0.908222
0.908222
0.908222
0.908222
0.908222
0.908222
0.908222
0.908222
0.908222
0.908222
0.908222
0.908222
0.908222
0.908222
0.908222
0.908222
0.908222
0.908222
0.908222
0.908222
0.908222
0.908222
0.908222
0.908222
0.908222
0.908222
0.908222
0.908222
0.908222
0.908222
0.908222
0.908222
0.908222
0.908222
0.908222
0.908222
0.908222
0.908222
0.908222
0.908222
0.908222
0.908222
0.908222
0.908222
0.908222
0.908222
0.908222
0.908222
0.908222
0.908222
0.908222
0.908222
0.908222
0.908222
0.908222
0.908222
0.908222
0.908222
0.908222
0.908222
0.908222
0.908222
0.908222
0.908222
0.908222
0.908222
0.908222
0.908222
0.908222
0.908222
0.908222
0.908222
0.908222
0.908222
0.908222
0.908222
0.908222
0.908222
0.908222
0.908222
0.908222
0.908222
0.908222
0.908222
0.908222
0.908222
0.908222
0.908222
0.908222
0.908222
0.908222
0.908222
0.908222
0.908222
0.908222
0.908222
0.908222
0.908222
0.908222
0.908222
0.908222
0.908222
0.908222
0.908222
0.908222
0.908222
0.908222
0.908222
0.908222
0.908222
0.908222
0.908222
0.908222
0.908222
0.908222
0.908222
0.908222
0.908222
0.908222
0.908222
0.908222
0.908222
0.908222
0.908222
0.908222
0.908222
0.908222
0.908222
0.908222
0.908222
0.908222
0.908222
0.908222
0.908222
0.908222
0.908222
0.908222
0.908222
0.908222
0.908222
0.908222
0.908222
0.908222
0.908222
0.908222
0.908222
0.908222
0.908222
0.908222
0.908222
0.908222
0.908222
0.908222
0.908222
0.908222
0.908222
0.908222
0.908222
0.908222
0.908222
0.908222
0.908222
0.908222
0.908222
0.908222
0.908222
0.908222
0.908222
0.908222
0.908222
0.908222
0.908222
0.908222
0.908222
0.908222
0.908222
0.908222
0.908222
0.908222
0.908222
0.908222
0.908222
0.908222
0.908222
0.908222
0.908222
0.908222
0.908222
0.908222
0.908222
0.908222
0.908222
0.908222
0.908222
0.908222
0.908222
0.908222
0.908222
0.908222
0.908222
0.908222
0.908222
0.908222
0.908222
0.908222
0.908222
0.908222
0.908222
0.908222
0.908222
0.908222
0.908222
0.908222
0.908222
0.908222
0.908222
0.908222
0.908222
0.908222
0.908222
0.908222
0.908222
0.908222
0.908222
0.908222
0.908222
0.908222
0.908222
0.908222
0.908222
0.908222
0.908222
0.908222
0.908222
0.908222
0.908222
0.908222
0.908222
0.908222
0.908222
0.908222
0.908222
0.908222
0.908222
0.908222
0.908222
0.908222
0.908222
0.908222
0.908222
0.908222
0.908222
0.908222
0.908222
0.908222
0.908222
0.908222
0.908222
0.908222
0.908222
0.908222
0.908222
0.908222
0.908222
0.908222
0.908222
0.908222
0.908222
0.908222
0.908222
0.908222
0.908222
0.908222
0.908222
0.908222
0.908222
0.908222
0.908222
0.908222
0.908222
0.908222
0.908222
0.908222
0.908222
0.908222
0.908222
0.908222
0.908222
0.908222
0.908222
0.908222
0.908222
0.908222
0.908222
0.908222
0.908222
0.908222
0.908222
0.908222
0.908222
0.908222
0.908222
0.908222
0.908222
0.908222
0.908222
0.908222
0.908222
0.908222
0.908222
0.908222
0.908222
0.908222
0.908222
0.908222
0.908222
0.908222
0.908222
0.908222
0.908222
0.908222
0.908222
0.908222
0.908222
0.908222
0.908222
0.908222
0.908222
0.908222
0.908222
0.908222
0.908222
0.908222
0.908222
0.908222
0.908222
0.908222
0.908222
0.908222
0.908222
0.908222
0.908222
0.908222
0.908222
0.908222
0.908222
0.908222
0.908222
0.908222
0.908222
0.908222
0.908222
0.908222
0.908222
0.908222
0.908222
0.908222
0.908222
0.908222
0.908222
0.908222
0.908222
0.908222
0.908222
0.908222
0.899948
0.899948
0.899948
0.899948
0.899948
0.899948
0.899948
0.899948
0.899948
0.899948
0.899948
0.899948
0.899948
0.899948
0.899948
0.899948
0.899948
0.899948
0.899948
0.899948
0.899948
0.899948
0.899948
0.899948
0.899948
0.899948
0.899948
0.899948
0.899948
0.899948
0.899948
0.899948
0.899948
0.899948
0.899948
0.899948
0.899948
0.899948
0.899948
0.899948
0.899948
0.899948
0.899948
0.899948
0.899948
0.899948
0.899948
0.899948
0.899948
0.899948
0.899948
0.899948
0.899948
0.899948
0.899948
0.899948
0.899948
0.899948
0.899948
0.899948
0.899948
0.899948
0.899948
0.899948
0.899948
0.899948
0.899948
0.899948
0.899948
0.899948
0.899948
0.899948
0.899948
0.899948
0.899948
0.899948
0.899948
0.899948
0.899948
0.899948
0.899948
0.899948
0.899948
0.899948
0.899948
0.899948
0.899948
0.899948
0.899948
0.899948
0.899948
0.899948
0.899948
0.899948
0.899948
0.899948
0.899948
0.899948
0.899948
0.899948
0.899948
0.899948
0.899948
0.899948
0.899948
0.899948
0.899948
0.899948
0.899948
0.899948
0.899948
0.899948
0.899948
0.899948
0.899948
0.899948
0.899948
0.899948
0.899948
0.899948
0.899948
0.899948
0.899948
0.899948
0.899948
0.899948
0.899948
0.899948
0.899948
0.899948
0.899948
0.899948
0.899948
0.899948
0.899948
0.899948
0.899948
0.899948
0.899948
0.899948
0.899948
0.899948
0.899948
0.899948
0.899948
0.899948
0.899948
0.899948
0.899948
0.899948
0.899948
0.899948
0.899948
0.899948
0.899948
0.899948
0.899948
0.899948
0.899948
0.899948
0.899948
0.899948
0.899948
0.899948
0.899948
0.899948
0.899948
0.899948
0.899948
0.899948
0.899948
0.899948
0.899948
0.899948
0.899948
0.899948
0.899948
0.899948
0.899948
0.899948
0.899948
0.899948
0.899948
0.899948
0.899948
0.899948
0.899948
0.899948
0.899948
0.899948
0.899948
0.899948
0.899948
0.899948
0.899948
0.899948
0.899948
0.899948
0.899948
0.899948
0.899948
0.899948
0.899948
0.899948
0.899948
0.899948
0.899948
0.899948
0.899948
0.899948
0.899948
0.899948
0.899948
0.899948
0.899948
0.899948
0.899948
0.899948
0.899948
0.899948
0.899948
0.899948
0.899948
0.899948
0.899948
0.899948
0.899948
0.899948
0.899948
0.899948
0.899948
0.899948
0.899948
0.899948
0.899948
0.899948
0.899948
0.899948
0.899948
0.899948
0.899948
0.899948
0.899948
0.899948
0.899948
0.899948
0.899948
0.899948
0.899948
0.899948
0.899948
0.899948
0.899948
0.899948
0.899948
0.899948
0.899948
0.899948
0.899948
0.899948
0.899948
0.899948
0.899948
0.899948
0.899948
0.899948
0.899948
0.899948
0.899948
0.899948
0.899948
0.899948
0.899948
0.899948
0.899948
0.899948
0.899948
0.899948
0.899948
0.899948
0.899948
0.899948
0.899948
0.899948
0.899948
0.899948
0.899948
0.899948
0.899948
0.899948
0.899948
0.899948
0.899948
0.899948
0.899948
0.899948
0.899948
0.899948
0.899948
0.899948
0.899948
0.899948
0.899948
0.899948
0.899948
0.899948
0.899948
0.899948
0.899948
0.899948
0.899948
0.899948
0.899948
0.899948
0.899948
0.899948
0.899948
0.899948
0.899948
0.899948
0.899948
0.899948
0.899948
0.899948
0.899948
0.899948
0.899948
0.899948
0.899948
0.899948
0.899948
0.899948
0.899948
0.899948
0.899948
0.899948
0.899948
0.899948
0.899948
0.899948
0.899948
0.899948
0.899948
0.899948
0.899948
0.899948
0.899948
0.899948
0.899948
0.899948
0.899948
0.899948
0.899948
0.899948
0.899948
0.899948
0.899948
0.899948
0.899948
0.899948
0.899948
0.899948
0.899948
0.899948
0.899948
0.899948
0.899948
0.899948
0.899948
0.899948
0.899948
0.899948
0.899948
0.899948
0.899948
0.899948
0.899948
0.899948
0.899948
0.899948
0.899948
0.899948
0.899948
0.899948
0.899948
0.899948
0.899948
0.899948
0.899948
0.899948
0.899948
0.899948
0.899948
0.899948
0.899948
0.899948
0.899948
0.899948
0.899948
0.899948
0.899948
0.899948
0.899948
0.899948
0.899948
0.899948
0.899948
0.899948
0.899948
0.899948
0.899948
0.899948
0.899948
0.899948
0.899948
0.899948
0.899948
0.899948
0.899948
0.899948
0.899948
0.899948
0.899948
0.899948
0.899948
0.899948
0.899948
0.899948
0.899948
0.899948
0.899948
0.899948
0.899948
0.899948
0.899948
0.899948
0.899948
0.899948
0.899948
0.899948
0.899948
0.899948
0.899948
0.899948
0.899948
0.899948
0.899948
0.899948
0.899948
0.899948
0.899948
0.899948
0.899948
0.899948
0.899948
0.899948
0.899948
0.899948
0.899948
0.899948
0.899948
0.899948
0.899948
0.899948
0.899948
0.899948
0.899948
0.899948
0.899948
0.899948
0.899948
0.899948
0.899948
0.899948
0.899948
0.899948
0.899948
0.899948
0.899948
0.899948
0.899948
0.899948
0.899948
0.899948
0.899948
0.899948
0.899948
0.899948
0.899948
0.899948
0.899948
0.899948
0.899948
0.899948
0.899948
0.899948
0.899948
0.899948
0.899948
0.899948
0.899948
0.899948
0.899948
0.899948
0.899948
0.899948
0.899948
0.899948
0.899948
0.899948
0.899948
0.899948
0.899948
0.899948
0.899948
0.899948
0.899948
0.899948
0.899948
0.899948
0.899948
0.899948
0.899948
0.899948
0.899948
0.899948
0.899948
0.899948
0.899948
0.899948
0.899948
0.899948
0.899948
0.899948
0.899948
0.899948
0.899948
0.899948
0.899948
0.899948
0.899948
0.899948
0.899948
0.899948
0.899948
0.899948
0.899948
0.899948
0.899948
0.899948
0.899948
0.899948
0.899948
0.899948
0.899948
0.899948
0.899948
0.899948
0.899948
0.899948
0.899948
0.899948
0.899948
0.899948
0.899948
0.899948
0.899948
0.899948
0.899948
0.899948
0.899948
0.899948
0.899948
0.899948
0.899948
0.899948
0.899948
0.899948
0.899948
0.899948
0.899948
0.899948
0.899948
0.899948
0.899948
0.899948
0.899948
0.899948
0.899948
0.899948
0.899948
0.899948
0.899948
0.899948
0.899948
0.899948
0.899948
0.899948
0.899948
0.899948
0.899948
0.899948
0.899948
0.899948
